"site" "RSA" "aa1" "aa2" "aa3" "aa4" "aa5" "aa6" "aa7" "aa8" "aa9" "aa10" "aa11" "aa12" "aa13" "aa14" "aa15" "aa16" "aa17" "aa18" "aa19" "aa20"
"0" 0 0.569037656904 322 49 38 35 34 11 7 2 1 1 0 0 0 0 0 0 0 0 0 0
"1" 1 0.343023255814 274 157 31 21 8 6 3 0 0 0 0 0 0 0 0 0 0 0 0 0
"2" 2 0.0 277 88 66 22 15 10 7 4 4 4 3 0 0 0 0 0 0 0 0 0
"3" 3 0.287179487179 312 90 19 16 16 15 14 7 6 5 0 0 0 0 0 0 0 0 0 0
"4" 4 0.526785714286 457 43 0 0 0 0 0 0 0 0 0 0 0 0 0 0 0 0 0 0
"5" 5 0.848101265823 283 105 90 15 7 0 0 0 0 0 0 0 0 0 0 0 0 0 0 0
"6" 6 0.282511210762 194 169 127 10 0 0 0 0 0 0 0 0 0 0 0 0 0 0 0 0
"7" 7 0.18407960199 365 114 8 6 3 2 1 1 0 0 0 0 0 0 0 0 0 0 0 0
"8" 8 0.226744186047 264 67 66 54 34 6 5 3 1 0 0 0 0 0 0 0 0 0 0 0
"9" 9 0.818652849741 438 52 10 0 0 0 0 0 0 0 0 0 0 0 0 0 0 0 0 0
"10" 10 0.357512953368 499 1 0 0 0 0 0 0 0 0 0 0 0 0 0 0 0 0 0 0
"11" 11 0.0 253 105 60 41 30 11 0 0 0 0 0 0 0 0 0 0 0 0 0 0
"12" 12 0.203045685279 268 182 25 14 5 5 1 0 0 0 0 0 0 0 0 0 0 0 0 0
"13" 13 0.424870466321 448 31 20 1 0 0 0 0 0 0 0 0 0 0 0 0 0 0 0 0
"14" 14 0.0149253731343 304 71 61 30 11 10 5 4 2 1 1 0 0 0 0 0 0 0 0 0
"15" 15 0.00836820083682 337 153 7 1 1 1 0 0 0 0 0 0 0 0 0 0 0 0 0 0
"16" 16 0.296511627907 188 95 88 53 47 19 4 3 3 0 0 0 0 0 0 0 0 0 0 0
"17" 17 0.409282700422 329 47 41 29 27 22 3 1 1 0 0 0 0 0 0 0 0 0 0 0
"18" 18 0.00354609929078 287 146 21 18 8 7 5 2 2 2 1 1 0 0 0 0 0 0 0 0
"19" 19 0.0543933054393 242 86 57 37 32 20 17 5 3 1 0 0 0 0 0 0 0 0 0 0
"20" 20 0.317948717949 287 81 43 41 33 10 5 0 0 0 0 0 0 0 0 0 0 0 0 0
"21" 21 0.28125 385 36 31 22 14 10 1 1 0 0 0 0 0 0 0 0 0 0 0 0
"22" 22 0.0 480 11 7 2 0 0 0 0 0 0 0 0 0 0 0 0 0 0 0 0
"23" 23 0.489451476793 159 140 99 44 27 22 4 4 1 0 0 0 0 0 0 0 0 0 0 0
"24" 24 0.678571428571 405 69 13 11 1 1 0 0 0 0 0 0 0 0 0 0 0 0 0 0
"25" 25 0.170984455959 276 104 51 32 22 14 1 0 0 0 0 0 0 0 0 0 0 0 0 0
"26" 26 0.723270440252 306 191 2 1 0 0 0 0 0 0 0 0 0 0 0 0 0 0 0 0
"27" 27 0.419708029197 277 189 29 3 2 0 0 0 0 0 0 0 0 0 0 0 0 0 0 0
"28" 28 0.107142857143 498 2 0 0 0 0 0 0 0 0 0 0 0 0 0 0 0 0 0 0
"29" 29 0.71511627907 496 4 0 0 0 0 0 0 0 0 0 0 0 0 0 0 0 0 0 0
"30" 30 0.432835820896 170 142 95 89 2 2 0 0 0 0 0 0 0 0 0 0 0 0 0 0
"31" 31 0.0566037735849 175 171 88 28 23 15 0 0 0 0 0 0 0 0 0 0 0 0 0 0
"32" 32 0.236607142857 230 75 69 37 32 27 12 8 5 4 1 0 0 0 0 0 0 0 0 0
"33" 33 0.232558139535 492 5 2 1 0 0 0 0 0 0 0 0 0 0 0 0 0 0 0 0
"34" 34 0.0152284263959 174 153 61 55 51 5 1 0 0 0 0 0 0 0 0 0 0 0 0 0
"35" 35 0.255813953488 151 142 115 61 21 8 2 0 0 0 0 0 0 0 0 0 0 0 0 0
"36" 36 0.0 198 142 87 34 31 3 2 2 1 0 0 0 0 0 0 0 0 0 0 0
"37" 37 0.218543046358 297 82 50 36 31 2 2 0 0 0 0 0 0 0 0 0 0 0 0 0
"38" 38 0.0331125827815 394 81 16 9 0 0 0 0 0 0 0 0 0 0 0 0 0 0 0 0
"39" 39 0.193798449612 208 142 67 54 10 8 5 4 2 0 0 0 0 0 0 0 0 0 0 0
"40" 40 0.290178571429 336 60 57 39 4 2 1 1 0 0 0 0 0 0 0 0 0 0 0 0
"41" 41 0.44776119403 500 0 0 0 0 0 0 0 0 0 0 0 0 0 0 0 0 0 0 0
"42" 42 0.698113207547 223 181 89 7 0 0 0 0 0 0 0 0 0 0 0 0 0 0 0 0
"43" 43 0.483443708609 153 137 81 53 39 29 7 1 0 0 0 0 0 0 0 0 0 0 0 0
"44" 44 0.471153846154 500 0 0 0 0 0 0 0 0 0 0 0 0 0 0 0 0 0 0 0
"45" 45 0.565693430657 245 110 58 51 19 9 7 1 0 0 0 0 0 0 0 0 0 0 0 0
"46" 46 0.614942528736 116 102 93 82 69 16 13 8 1 0 0 0 0 0 0 0 0 0 0 0
"47" 47 0.0860927152318 316 141 32 6 4 1 0 0 0 0 0 0 0 0 0 0 0 0 0 0
"48" 48 0.503311258278 182 86 56 50 45 44 35 1 1 0 0 0 0 0 0 0 0 0 0 0
"49" 49 0.186131386861 214 200 39 19 14 12 2 0 0 0 0 0 0 0 0 0 0 0 0 0
"50" 50 0.56345177665 183 172 145 0 0 0 0 0 0 0 0 0 0 0 0 0 0 0 0 0
"51" 51 0.134328358209 258 148 46 27 16 3 2 0 0 0 0 0 0 0 0 0 0 0 0 0
"52" 52 0.477611940299 139 125 114 95 15 5 4 2 1 0 0 0 0 0 0 0 0 0 0 0
"53" 53 0.0418410041841 283 134 41 32 7 2 1 0 0 0 0 0 0 0 0 0 0 0 0 0
"54" 54 0.400843881857 211 146 68 55 9 6 4 1 0 0 0 0 0 0 0 0 0 0 0 0
"55" 55 0.272321428571 432 56 5 3 2 1 1 0 0 0 0 0 0 0 0 0 0 0 0 0
"56" 56 0.233830845771 148 104 80 75 51 23 14 4 1 0 0 0 0 0 0 0 0 0 0 0
"57" 57 0.259067357513 498 1 1 0 0 0 0 0 0 0 0 0 0 0 0 0 0 0 0 0
"58" 58 0.760765550239 384 62 54 0 0 0 0 0 0 0 0 0 0 0 0 0 0 0 0 0
"59" 59 0.244525547445 320 62 61 47 7 2 1 0 0 0 0 0 0 0 0 0 0 0 0 0
"60" 60 0.0288461538462 500 0 0 0 0 0 0 0 0 0 0 0 0 0 0 0 0 0 0 0
"61" 61 0.0 307 74 27 25 17 15 13 6 5 4 3 2 1 1 0 0 0 0 0 0
"62" 62 0.00581395348837 169 112 91 56 39 19 11 2 1 0 0 0 0 0 0 0 0 0 0 0
"63" 63 0.00507614213198 149 126 89 79 37 9 5 3 2 1 0 0 0 0 0 0 0 0 0 0
"64" 64 0.136882129278 192 106 64 57 22 21 9 7 7 6 4 4 1 0 0 0 0 0 0 0
"65" 65 0.0728476821192 500 0 0 0 0 0 0 0 0 0 0 0 0 0 0 0 0 0 0 0
"66" 66 0.0410256410256 491 9 0 0 0 0 0 0 0 0 0 0 0 0 0 0 0 0 0 0
"67" 67 0.0602836879433 204 202 93 1 0 0 0 0 0 0 0 0 0 0 0 0 0 0 0 0
"68" 68 0.346153846154 257 236 6 1 0 0 0 0 0 0 0 0 0 0 0 0 0 0 0 0
"69" 69 0.18023255814 225 113 79 24 17 16 10 10 3 1 1 1 0 0 0 0 0 0 0 0
"70" 70 0.0 448 52 0 0 0 0 0 0 0 0 0 0 0 0 0 0 0 0 0 0
"71" 71 0.328467153285 312 94 40 15 15 13 7 4 0 0 0 0 0 0 0 0 0 0 0 0
"72" 72 0.0295358649789 243 210 39 4 2 1 1 0 0 0 0 0 0 0 0 0 0 0 0 0
"73" 73 0.0387596899225 500 0 0 0 0 0 0 0 0 0 0 0 0 0 0 0 0 0 0 0
"74" 74 0.516746411483 311 84 66 18 9 8 4 0 0 0 0 0 0 0 0 0 0 0 0 0
"75" 75 0.00518134715026 283 158 34 25 0 0 0 0 0 0 0 0 0 0 0 0 0 0 0 0
"76" 76 0.0355329949239 167 127 71 36 31 23 18 15 8 3 1 0 0 0 0 0 0 0 0 0
"77" 77 0.643410852713 426 26 19 18 6 5 0 0 0 0 0 0 0 0 0 0 0 0 0 0
"78" 78 0.313953488372 191 128 55 46 43 33 4 0 0 0 0 0 0 0 0 0 0 0 0 0
"79" 79 0.0666666666667 488 6 5 1 0 0 0 0 0 0 0 0 0 0 0 0 0 0 0 0
"80" 80 0.446540880503 341 140 16 2 1 0 0 0 0 0 0 0 0 0 0 0 0 0 0 0
"81" 81 0.379487179487 279 108 98 11 2 2 0 0 0 0 0 0 0 0 0 0 0 0 0 0
"82" 82 0.077519379845 274 205 21 0 0 0 0 0 0 0 0 0 0 0 0 0 0 0 0 0
"83" 83 0.170542635659 365 112 8 4 3 3 3 2 0 0 0 0 0 0 0 0 0 0 0 0
"84" 84 0.010152284264 242 93 93 17 16 16 15 5 2 1 0 0 0 0 0 0 0 0 0 0
"85" 85 0.212643678161 179 147 64 36 30 21 8 5 5 2 1 1 1 0 0 0 0 0 0 0
"86" 86 0.0 288 144 55 13 0 0 0 0 0 0 0 0 0 0 0 0 0 0 0 0
"87" 87 0.464435146444 244 175 38 25 14 3 1 0 0 0 0 0 0 0 0 0 0 0 0 0
"88" 88 0.00709219858156 479 16 2 1 1 1 0 0 0 0 0 0 0 0 0 0 0 0 0 0
"89" 89 0.611814345992 436 63 1 0 0 0 0 0 0 0 0 0 0 0 0 0 0 0 0 0
"90" 90 0.435233160622 495 5 0 0 0 0 0 0 0 0 0 0 0 0 0 0 0 0 0 0
"91" 91 0.0199004975124 432 27 18 10 5 3 2 2 1 0 0 0 0 0 0 0 0 0 0 0
"92" 92 0.322869955157 279 185 25 10 1 0 0 0 0 0 0 0 0 0 0 0 0 0 0 0
"93" 93 0.036496350365 323 69 30 27 26 15 3 2 2 2 1 0 0 0 0 0 0 0 0 0
"94" 94 0.22869955157 219 175 56 24 11 10 4 1 0 0 0 0 0 0 0 0 0 0 0 0
"95" 95 0.0 302 112 31 29 12 6 5 1 1 1 0 0 0 0 0 0 0 0 0 0
"96" 96 0.302919708029 207 151 74 28 19 11 7 2 1 0 0 0 0 0 0 0 0 0 0 0
"97" 97 0.0 239 108 63 61 24 4 1 0 0 0 0 0 0 0 0 0 0 0 0 0
"98" 98 0.28125 256 162 43 19 9 5 5 1 0 0 0 0 0 0 0 0 0 0 0 0
"99" 99 0.0480769230769 500 0 0 0 0 0 0 0 0 0 0 0 0 0 0 0 0 0 0 0
"100" 100 0.238578680203 240 86 61 44 34 20 8 7 0 0 0 0 0 0 0 0 0 0 0 0
"101" 101 0.0697674418605 240 136 91 11 10 6 3 2 1 0 0 0 0 0 0 0 0 0 0 0
"102" 102 0.25 318 107 34 21 11 8 1 0 0 0 0 0 0 0 0 0 0 0 0 0
"103" 103 0.564593301435 362 116 17 4 1 0 0 0 0 0 0 0 0 0 0 0 0 0 0 0
"104" 104 0.0574712643678 219 113 81 73 6 5 3 0 0 0 0 0 0 0 0 0 0 0 0 0
"105" 105 0.4 235 146 66 19 19 8 5 2 0 0 0 0 0 0 0 0 0 0 0 0
"106" 106 0.332116788321 275 109 48 28 23 17 0 0 0 0 0 0 0 0 0 0 0 0 0 0
"107" 107 0.459821428571 368 87 21 21 1 1 1 0 0 0 0 0 0 0 0 0 0 0 0 0
"108" 108 0.133720930233 267 195 18 10 8 2 0 0 0 0 0 0 0 0 0 0 0 0 0 0
"109" 109 0.00662251655629 500 0 0 0 0 0 0 0 0 0 0 0 0 0 0 0 0 0 0 0
"110" 110 0.34375 376 45 30 29 6 6 4 2 2 0 0 0 0 0 0 0 0 0 0 0
"111" 111 0.467153284672 171 148 115 32 24 10 0 0 0 0 0 0 0 0 0 0 0 0 0 0
"112" 112 0.266159695817 156 144 49 45 26 23 18 16 15 3 2 2 1 0 0 0 0 0 0 0
"113" 113 0.00418410041841 180 137 117 33 22 11 0 0 0 0 0 0 0 0 0 0 0 0 0 0
"114" 114 0.556962025316 428 29 18 14 8 2 1 0 0 0 0 0 0 0 0 0 0 0 0 0
"115" 115 0.622093023256 216 167 97 5 5 5 3 1 1 0 0 0 0 0 0 0 0 0 0 0
"116" 116 0.35401459854 132 101 91 80 42 21 14 9 4 3 3 0 0 0 0 0 0 0 0 0
"117" 117 0.534591194969 192 140 99 55 10 3 1 0 0 0 0 0 0 0 0 0 0 0 0 0
"118" 118 0.704379562044 275 110 64 28 12 8 2 1 0 0 0 0 0 0 0 0 0 0 0 0
"119" 119 0.605769230769 281 182 17 15 5 0 0 0 0 0 0 0 0 0 0 0 0 0 0 0
"120" 120 0.251655629139 182 113 76 48 46 12 10 7 5 1 0 0 0 0 0 0 0 0 0 0
"121" 121 0.0928270042194 291 201 8 0 0 0 0 0 0 0 0 0 0 0 0 0 0 0 0 0
"122" 122 0.10152284264 291 124 31 29 12 9 2 1 1 0 0 0 0 0 0 0 0 0 0 0
"123" 123 0.278846153846 237 148 26 26 22 18 13 7 3 0 0 0 0 0 0 0 0 0 0 0
"124" 124 0.093023255814 127 115 105 92 53 3 3 2 0 0 0 0 0 0 0 0 0 0 0 0
"125" 125 0.315602836879 455 45 0 0 0 0 0 0 0 0 0 0 0 0 0 0 0 0 0 0
"126" 126 0.031007751938 499 1 0 0 0 0 0 0 0 0 0 0 0 0 0 0 0 0 0 0
"127" 127 0.384105960265 261 101 46 22 22 18 18 4 4 3 1 0 0 0 0 0 0 0 0 0
"128" 128 0.627737226277 331 147 10 8 2 1 1 0 0 0 0 0 0 0 0 0 0 0 0 0
"129" 129 0.322869955157 287 195 10 6 1 1 0 0 0 0 0 0 0 0 0 0 0 0 0 0
"130" 130 0.529801324503 500 0 0 0 0 0 0 0 0 0 0 0 0 0 0 0 0 0 0 0
"131" 131 0.388601036269 245 113 64 62 16 0 0 0 0 0 0 0 0 0 0 0 0 0 0 0
"132" 132 0.810344827586 496 4 0 0 0 0 0 0 0 0 0 0 0 0 0 0 0 0 0 0
"133" 133 0.375634517766 390 54 39 9 6 2 0 0 0 0 0 0 0 0 0 0 0 0 0 0
"134" 134 0.759493670886 430 61 4 2 2 1 0 0 0 0 0 0 0 0 0 0 0 0 0 0
"135" 135 0.369230769231 500 0 0 0 0 0 0 0 0 0 0 0 0 0 0 0 0 0 0 0
"136" 136 0.569343065693 218 126 41 40 27 19 13 10 6 0 0 0 0 0 0 0 0 0 0 0
"137" 137 0.517857142857 388 103 7 2 0 0 0 0 0 0 0 0 0 0 0 0 0 0 0 0
"138" 138 0.214285714286 419 32 21 13 11 2 1 1 0 0 0 0 0 0 0 0 0 0 0 0
"139" 139 0.194029850746 439 29 10 7 5 4 3 2 1 0 0 0 0 0 0 0 0 0 0 0
"140" 140 0.357512953368 120 106 95 88 54 19 15 3 0 0 0 0 0 0 0 0 0 0 0 0
"141" 141 0.455357142857 388 69 33 10 0 0 0 0 0 0 0 0 0 0 0 0 0 0 0 0
"142" 142 0.213930348259 452 27 15 4 1 1 0 0 0 0 0 0 0 0 0 0 0 0 0 0
"143" 143 0.313953488372 271 62 47 46 45 12 8 4 3 2 0 0 0 0 0 0 0 0 0 0
"144" 144 0.641255605381 292 128 65 11 2 1 1 0 0 0 0 0 0 0 0 0 0 0 0 0
"145" 145 0.46835443038 298 110 63 28 1 0 0 0 0 0 0 0 0 0 0 0 0 0 0 0
"146" 146 0.184615384615 140 134 129 67 25 4 1 0 0 0 0 0 0 0 0 0 0 0 0 0
"147" 147 0.418604651163 343 97 20 16 8 8 3 2 1 1 1 0 0 0 0 0 0 0 0 0
"148" 148 0.3125 278 128 37 29 19 6 2 1 0 0 0 0 0 0 0 0 0 0 0 0
"149" 149 0.29197080292 138 120 107 94 21 14 5 1 0 0 0 0 0 0 0 0 0 0 0 0
"150" 150 0.117154811715 392 89 18 1 0 0 0 0 0 0 0 0 0 0 0 0 0 0 0 0
"151" 151 0.320675105485 442 28 17 12 1 0 0 0 0 0 0 0 0 0 0 0 0 0 0 0
"152" 152 0.528497409326 499 1 0 0 0 0 0 0 0 0 0 0 0 0 0 0 0 0 0 0
"153" 153 0.418604651163 380 112 8 0 0 0 0 0 0 0 0 0 0 0 0 0 0 0 0 0
"154" 154 0.424107142857 500 0 0 0 0 0 0 0 0 0 0 0 0 0 0 0 0 0 0 0
"155" 155 0.39896373057 440 24 19 15 2 0 0 0 0 0 0 0 0 0 0 0 0 0 0 0
"156" 156 0.0761421319797 459 38 3 0 0 0 0 0 0 0 0 0 0 0 0 0 0 0 0 0
"157" 157 0.503144654088 191 168 132 7 1 1 0 0 0 0 0 0 0 0 0 0 0 0 0 0
"158" 158 0.126582278481 244 195 40 11 9 1 0 0 0 0 0 0 0 0 0 0 0 0 0 0
"159" 159 0.0 211 160 79 45 2 2 1 0 0 0 0 0 0 0 0 0 0 0 0 0
"160" 160 0.746113989637 451 19 18 6 2 2 2 0 0 0 0 0 0 0 0 0 0 0 0 0
"161" 161 0.212927756654 243 232 11 6 5 3 0 0 0 0 0 0 0 0 0 0 0 0 0 0
"162" 162 0.0744680851064 289 207 2 1 1 0 0 0 0 0 0 0 0 0 0 0 0 0 0 0
"163" 163 0.0288461538462 500 0 0 0 0 0 0 0 0 0 0 0 0 0 0 0 0 0 0 0
"164" 164 0.0192307692308 282 80 69 40 21 4 2 1 1 0 0 0 0 0 0 0 0 0 0 0
"165" 165 0.0 347 58 47 16 13 10 7 1 1 0 0 0 0 0 0 0 0 0 0 0
"166" 166 0.0583941605839 380 62 46 7 3 2 0 0 0 0 0 0 0 0 0 0 0 0 0 0
"167" 167 0.0 294 115 53 37 1 0 0 0 0 0 0 0 0 0 0 0 0 0 0 0
"168" 168 0.0 375 107 11 4 2 1 0 0 0 0 0 0 0 0 0 0 0 0 0 0
"169" 169 0.0251572327044 248 148 48 30 19 7 0 0 0 0 0 0 0 0 0 0 0 0 0 0
"170" 170 0.208955223881 254 219 23 3 1 0 0 0 0 0 0 0 0 0 0 0 0 0 0 0
"171" 171 0.254464285714 264 161 48 19 7 1 0 0 0 0 0 0 0 0 0 0 0 0 0 0
"172" 172 0.0 204 79 60 55 44 21 14 14 3 3 3 0 0 0 0 0 0 0 0 0
"173" 173 0.0223214285714 368 107 25 0 0 0 0 0 0 0 0 0 0 0 0 0 0 0 0 0
"174" 174 0.0 403 56 12 11 9 4 2 2 1 0 0 0 0 0 0 0 0 0 0 0
"175" 175 0.124113475177 206 189 91 7 7 0 0 0 0 0 0 0 0 0 0 0 0 0 0 0
"176" 176 0.00448430493274 388 95 8 6 2 1 0 0 0 0 0 0 0 0 0 0 0 0 0 0
"177" 177 0.0480769230769 344 131 22 3 0 0 0 0 0 0 0 0 0 0 0 0 0 0 0 0
"178" 178 0.288321167883 264 149 43 20 15 5 2 1 1 0 0 0 0 0 0 0 0 0 0 0
"179" 179 0.761006289308 241 193 51 8 7 0 0 0 0 0 0 0 0 0 0 0 0 0 0 0
"180" 180 0.430463576159 207 193 51 29 10 5 4 1 0 0 0 0 0 0 0 0 0 0 0 0
"181" 181 0.748175182482 500 0 0 0 0 0 0 0 0 0 0 0 0 0 0 0 0 0 0 0
"182" 182 0.592039800995 261 209 30 0 0 0 0 0 0 0 0 0 0 0 0 0 0 0 0 0
"183" 183 0.200956937799 479 21 0 0 0 0 0 0 0 0 0 0 0 0 0 0 0 0 0 0
"184" 184 0.0518134715026 396 56 23 13 10 2 0 0 0 0 0 0 0 0 0 0 0 0 0 0
"185" 185 0.178832116788 479 20 1 0 0 0 0 0 0 0 0 0 0 0 0 0 0 0 0 0
"186" 186 0.0209205020921 436 59 5 0 0 0 0 0 0 0 0 0 0 0 0 0 0 0 0 0
"187" 187 0.0 202 180 58 39 13 4 2 1 1 0 0 0 0 0 0 0 0 0 0 0
"188" 188 0.0 248 197 25 20 9 1 0 0 0 0 0 0 0 0 0 0 0 0 0 0
"189" 189 0.372262773723 370 81 16 10 8 8 3 3 1 0 0 0 0 0 0 0 0 0 0 0
"190" 190 0.142335766423 262 216 22 0 0 0 0 0 0 0 0 0 0 0 0 0 0 0 0 0
"191" 191 0.721518987342 192 128 73 60 40 4 3 0 0 0 0 0 0 0 0 0 0 0 0 0
"192" 192 0.366279069767 340 88 69 3 0 0 0 0 0 0 0 0 0 0 0 0 0 0 0 0
"193" 193 0.290178571429 309 94 74 13 9 1 0 0 0 0 0 0 0 0 0 0 0 0 0 0
"194" 194 0.671794871795 310 171 16 3 0 0 0 0 0 0 0 0 0 0 0 0 0 0 0 0
"195" 195 0.295336787565 187 119 109 74 6 3 2 0 0 0 0 0 0 0 0 0 0 0 0 0
"196" 196 0.610062893082 500 0 0 0 0 0 0 0 0 0 0 0 0 0 0 0 0 0 0 0
"197" 197 0.173758865248 235 121 67 37 22 18 0 0 0 0 0 0 0 0 0 0 0 0 0 0
"198" 198 0.527426160338 242 104 96 47 5 3 3 0 0 0 0 0 0 0 0 0 0 0 0 0
"199" 199 0.367816091954 262 154 68 11 3 1 1 0 0 0 0 0 0 0 0 0 0 0 0 0
"200" 200 0.379310344828 264 122 95 11 6 1 1 0 0 0 0 0 0 0 0 0 0 0 0 0
"201" 201 0.379562043796 463 32 5 0 0 0 0 0 0 0 0 0 0 0 0 0 0 0 0 0
"202" 202 0.199004975124 281 94 81 31 12 1 0 0 0 0 0 0 0 0 0 0 0 0 0 0
"203" 203 0.581395348837 436 43 21 0 0 0 0 0 0 0 0 0 0 0 0 0 0 0 0 0
"204" 204 0.610062893082 458 21 11 5 3 2 0 0 0 0 0 0 0 0 0 0 0 0 0 0
