"site" "RSA" "aa1" "aa2" "aa3" "aa4" "aa5" "aa6" "aa7" "aa8" "aa9" "aa10" "aa11" "aa12" "aa13" "aa14" "aa15" "aa16" "aa17" "aa18" "aa19" "aa20"
"0" 0 0.821705426357 246 78 59 33 31 28 23 1 1 0 0 0 0 0 0 0 0 0 0 0
"1" 1 0.789743589744 151 147 90 45 39 11 6 5 2 2 1 1 0 0 0 0 0 0 0 0
"2" 2 0.197674418605 134 86 83 77 47 31 11 9 8 4 4 2 1 1 1 1 0 0 0 0
"3" 3 0.0384615384615 500 0 0 0 0 0 0 0 0 0 0 0 0 0 0 0 0 0 0 0
"4" 4 0.211920529801 269 48 27 26 25 23 17 12 11 10 9 8 5 4 3 1 1 1 0 0
"5" 5 0.0 443 21 14 9 4 4 3 1 1 0 0 0 0 0 0 0 0 0 0 0
"6" 6 0.0114942528736 192 177 71 31 12 9 5 2 1 0 0 0 0 0 0 0 0 0 0 0
"7" 7 0.0298507462687 398 77 7 4 3 3 2 2 2 1 1 0 0 0 0 0 0 0 0 0
"8" 8 0.0 425 25 17 16 5 4 2 2 2 1 1 0 0 0 0 0 0 0 0 0
"9" 9 0.211678832117 262 106 63 18 11 10 9 8 5 4 2 2 0 0 0 0 0 0 0 0
"10" 10 0.0574162679426 456 23 12 6 2 1 0 0 0 0 0 0 0 0 0 0 0 0 0 0
"11" 11 0.0192307692308 488 12 0 0 0 0 0 0 0 0 0 0 0 0 0 0 0 0 0 0
"12" 12 0.321428571429 190 66 64 63 28 26 25 10 10 7 5 4 2 0 0 0 0 0 0 0
"13" 13 0.0 290 137 50 11 4 3 2 1 1 1 0 0 0 0 0 0 0 0 0 0
"14" 14 0.388601036269 111 95 69 57 41 27 19 19 16 15 12 6 6 6 1 0 0 0 0 0
"15" 15 0.13829787234 244 111 57 18 15 14 13 10 8 3 2 2 1 1 1 0 0 0 0 0
"16" 16 0.34358974359 162 133 89 47 33 17 4 4 4 3 2 1 1 0 0 0 0 0 0 0
"17" 17 0.441860465116 177 118 49 41 27 24 24 9 8 7 7 6 2 1 0 0 0 0 0 0
"18" 18 0.532338308458 204 53 50 50 37 34 32 17 9 8 3 1 1 1 0 0 0 0 0 0
"19" 19 0.307692307692 263 114 62 27 26 3 2 2 1 0 0 0 0 0 0 0 0 0 0 0
"20" 20 0.174129353234 204 152 57 53 6 6 6 5 4 3 3 1 0 0 0 0 0 0 0 0
"21" 21 0.00836820083682 242 102 96 18 10 9 7 4 3 2 2 2 1 1 1 0 0 0 0 0
"22" 22 0.0697674418605 178 138 84 65 18 7 5 4 1 0 0 0 0 0 0 0 0 0 0 0
"23" 23 0.00961538461538 500 0 0 0 0 0 0 0 0 0 0 0 0 0 0 0 0 0 0 0
"24" 24 0.00709219858156 234 192 31 28 6 5 2 1 1 0 0 0 0 0 0 0 0 0 0 0
"25" 25 0.114942528736 164 102 72 66 36 20 13 5 5 5 5 3 3 1 0 0 0 0 0 0
"26" 26 0.186528497409 403 52 13 12 4 3 3 3 2 2 1 1 1 0 0 0 0 0 0 0
"27" 27 0.0804597701149 152 97 96 89 22 15 15 5 4 2 1 1 1 0 0 0 0 0 0 0
"28" 28 0.163461538462 129 82 79 59 58 28 21 14 14 6 5 3 2 0 0 0 0 0 0 0
"29" 29 0.109452736318 485 8 4 3 0 0 0 0 0 0 0 0 0 0 0 0 0 0 0 0
"30" 30 0.104651162791 296 160 33 5 2 1 1 1 1 0 0 0 0 0 0 0 0 0 0 0
"31" 31 0.683937823834 254 107 55 36 22 9 8 7 1 1 0 0 0 0 0 0 0 0 0 0
"32" 32 0.502109704641 167 132 48 42 35 29 25 6 5 4 4 2 1 0 0 0 0 0 0 0
"33" 33 0.0 496 4 0 0 0 0 0 0 0 0 0 0 0 0 0 0 0 0 0 0
"34" 34 0.349775784753 283 114 57 13 9 7 5 4 2 2 2 1 1 0 0 0 0 0 0 0
"35" 35 0.418604651163 180 105 88 46 33 13 13 9 8 4 1 0 0 0 0 0 0 0 0 0
"36" 36 0.142857142857 165 89 77 71 47 11 8 8 5 5 3 2 2 2 2 2 1 0 0 0
"37" 37 0.0077519379845 365 132 1 1 1 0 0 0 0 0 0 0 0 0 0 0 0 0 0 0
"38" 38 0.310344827586 182 134 83 36 24 21 9 6 4 1 0 0 0 0 0 0 0 0 0 0
"39" 39 0.35401459854 191 142 87 21 17 15 11 6 3 3 2 2 0 0 0 0 0 0 0 0
"40" 40 0.0 304 163 22 5 3 2 1 0 0 0 0 0 0 0 0 0 0 0 0 0
"41" 41 0.0 500 0 0 0 0 0 0 0 0 0 0 0 0 0 0 0 0 0 0 0
"42" 42 0.339285714286 197 120 92 42 18 11 6 4 3 2 2 1 1 1 0 0 0 0 0 0
"43" 43 0.0547263681592 145 97 90 32 32 31 24 14 10 9 7 5 2 1 1 0 0 0 0 0
"44" 44 0.0152284263959 242 155 56 30 5 4 4 1 1 1 1 0 0 0 0 0 0 0 0 0
"45" 45 0.248062015504 194 150 54 41 20 11 10 5 4 4 3 3 1 0 0 0 0 0 0 0
"46" 46 0.526785714286 128 107 87 56 27 24 18 16 13 9 8 6 1 0 0 0 0 0 0 0
"47" 47 0.435406698565 195 74 67 65 53 18 7 5 4 4 4 3 1 0 0 0 0 0 0 0
"48" 48 0.683937823834 446 30 11 5 3 2 2 1 0 0 0 0 0 0 0 0 0 0 0 0
"49" 49 0.0646766169154 193 128 76 27 18 15 13 9 6 5 2 2 2 1 1 1 1 0 0 0
"50" 50 0.248756218905 187 126 64 27 21 20 15 13 13 8 3 1 1 1 0 0 0 0 0 0
"51" 51 0.0125786163522 327 83 45 38 5 1 1 0 0 0 0 0 0 0 0 0 0 0 0 0
"52" 52 0.316062176166 330 127 14 9 6 6 4 2 1 1 0 0 0 0 0 0 0 0 0 0
"53" 53 0.0287356321839 159 141 78 48 16 14 14 12 10 6 1 1 0 0 0 0 0 0 0 0
"54" 54 0.0248756218905 170 156 71 42 41 10 3 2 2 1 1 1 0 0 0 0 0 0 0 0
"55" 55 0.0304182509506 412 48 22 6 5 4 2 1 0 0 0 0 0 0 0 0 0 0 0 0
"56" 56 0.0 479 17 2 2 0 0 0 0 0 0 0 0 0 0 0 0 0 0 0 0
"57" 57 0.0 500 0 0 0 0 0 0 0 0 0 0 0 0 0 0 0 0 0 0 0
"58" 58 0.169154228856 108 97 89 78 74 37 9 3 2 1 1 1 0 0 0 0 0 0 0 0
"59" 59 0.0 232 127 88 29 13 4 3 1 1 1 1 0 0 0 0 0 0 0 0 0
"60" 60 0.467153284672 303 63 31 26 21 15 14 8 5 4 3 3 1 1 1 1 0 0 0 0
"61" 61 0.0182481751825 358 103 24 7 5 1 1 1 0 0 0 0 0 0 0 0 0 0 0 0
"62" 62 0.0 331 150 16 2 1 0 0 0 0 0 0 0 0 0 0 0 0 0 0 0
"63" 63 0.213197969543 217 96 86 71 8 5 5 4 4 3 1 0 0 0 0 0 0 0 0 0
"64" 64 0.279069767442 153 78 71 67 52 30 12 9 6 6 5 4 2 2 2 1 0 0 0 0
"65" 65 0.00581395348837 320 118 30 19 9 1 1 1 1 0 0 0 0 0 0 0 0 0 0 0
"66" 66 0.0 471 7 6 6 4 4 1 1 0 0 0 0 0 0 0 0 0 0 0 0
"67" 67 0.459330143541 138 70 57 56 44 40 39 35 9 6 2 1 1 1 1 0 0 0 0 0
"68" 68 0.1592039801 262 105 31 26 26 16 13 9 7 3 2 0 0 0 0 0 0 0 0 0
"69" 69 0.0077519379845 462 26 5 3 2 1 1 0 0 0 0 0 0 0 0 0 0 0 0 0
"70" 70 0.0348258706468 279 87 39 30 21 16 8 6 5 4 3 2 0 0 0 0 0 0 0 0
"71" 71 0.440414507772 176 139 78 34 31 16 8 4 4 3 2 2 1 1 1 0 0 0 0 0
"72" 72 0.271523178808 169 136 74 74 35 4 1 1 1 1 1 1 1 1 0 0 0 0 0 0
"73" 73 0.062015503876 370 46 39 19 15 5 3 2 1 0 0 0 0 0 0 0 0 0 0 0
"74" 74 0.632124352332 308 123 47 14 6 1 1 0 0 0 0 0 0 0 0 0 0 0 0 0
"75" 75 0.186131386861 408 23 19 13 10 8 6 5 3 2 2 1 0 0 0 0 0 0 0 0
"76" 76 0.34328358209 191 84 74 34 24 22 22 18 14 7 3 2 2 2 1 0 0 0 0 0
"77" 77 0.631205673759 169 102 85 37 27 19 17 13 12 11 7 1 0 0 0 0 0 0 0 0
"78" 78 0.0355329949239 217 97 67 36 30 16 11 11 6 4 3 1 1 0 0 0 0 0 0 0
"79" 79 0.408805031447 173 119 91 43 38 13 9 8 3 2 1 0 0 0 0 0 0 0 0 0
"80" 80 0.270114942529 113 95 83 65 45 26 18 18 15 11 8 2 1 0 0 0 0 0 0 0
"81" 81 0.514598540146 322 93 19 17 15 12 10 6 3 2 1 0 0 0 0 0 0 0 0 0
"82" 82 0.416058394161 260 58 49 33 27 17 15 13 13 6 5 2 1 1 0 0 0 0 0 0
"83" 83 0.0860927152318 337 119 21 8 7 5 3 0 0 0 0 0 0 0 0 0 0 0 0 0
"84" 84 0.156028368794 395 30 29 24 8 4 3 2 2 1 1 1 0 0 0 0 0 0 0 0
"85" 85 0.266423357664 306 101 72 6 6 3 2 2 2 0 0 0 0 0 0 0 0 0 0 0
"86" 86 0.00497512437811 348 84 12 12 11 11 8 7 4 2 1 0 0 0 0 0 0 0 0 0
"87" 87 0.0 213 208 55 11 10 2 1 0 0 0 0 0 0 0 0 0 0 0 0 0
"88" 88 0.0982142857143 134 127 120 64 53 1 1 0 0 0 0 0 0 0 0 0 0 0 0 0
"89" 89 0.0182481751825 387 95 10 4 2 1 1 0 0 0 0 0 0 0 0 0 0 0 0 0
"90" 90 0.00956937799043 491 4 2 1 1 1 0 0 0 0 0 0 0 0 0 0 0 0 0 0
"91" 91 0.06463878327 255 83 49 33 31 22 10 9 6 1 1 0 0 0 0 0 0 0 0 0
"92" 92 0.0 500 0 0 0 0 0 0 0 0 0 0 0 0 0 0 0 0 0 0 0
"93" 93 0.302325581395 229 171 31 17 12 11 9 5 5 4 3 2 1 0 0 0 0 0 0 0
"94" 94 0.0298507462687 185 130 99 29 15 13 11 6 3 3 3 1 1 1 0 0 0 0 0 0
"95" 95 0.00896860986547 449 41 7 2 1 0 0 0 0 0 0 0 0 0 0 0 0 0 0 0
"96" 96 0.144230769231 500 0 0 0 0 0 0 0 0 0 0 0 0 0 0 0 0 0 0 0
"97" 97 0.313432835821 146 119 92 49 40 31 10 4 3 3 2 1 0 0 0 0 0 0 0 0
"98" 98 0.227979274611 141 121 61 56 46 22 16 12 11 10 3 1 0 0 0 0 0 0 0 0
"99" 99 0.160337552743 271 79 50 40 35 13 4 3 3 2 0 0 0 0 0 0 0 0 0 0
"100" 100 0.434108527132 205 166 62 19 14 8 6 6 4 3 3 2 2 0 0 0 0 0 0 0
"101" 101 0.678571428571 233 83 75 41 26 21 4 4 3 3 2 2 1 1 1 0 0 0 0 0
"102" 102 0.046511627907 151 88 56 36 30 24 23 15 15 13 11 10 10 9 5 4 0 0 0 0
"103" 103 0.42194092827 397 60 31 4 3 3 1 1 0 0 0 0 0 0 0 0 0 0 0 0
"104" 104 0.682170542636 177 80 78 73 18 14 14 12 11 8 7 5 1 1 1 0 0 0 0 0
"105" 105 0.693430656934 201 113 77 32 30 14 12 6 6 4 3 1 1 0 0 0 0 0 0 0
"106" 106 0.38783269962 120 93 69 51 46 40 26 26 15 8 2 2 1 1 0 0 0 0 0 0
"107" 107 0.269230769231 500 0 0 0 0 0 0 0 0 0 0 0 0 0 0 0 0 0 0 0
"108" 108 0.625 357 41 21 19 15 15 11 8 5 5 2 1 0 0 0 0 0 0 0 0
"109" 109 0.6875 193 98 88 37 34 16 13 6 6 5 4 0 0 0 0 0 0 0 0 0
"110" 110 0.345291479821 127 95 66 53 48 40 13 12 11 10 7 6 5 2 2 2 1 0 0 0
"111" 111 0.108786610879 350 76 33 18 13 3 2 2 2 1 0 0 0 0 0 0 0 0 0 0
"112" 112 0.426605504587 181 130 60 33 27 17 14 14 12 9 1 1 1 0 0 0 0 0 0 0
"113" 113 0.31007751938 235 74 65 35 20 16 15 13 9 6 4 3 2 2 1 0 0 0 0 0
"114" 114 0.0709219858156 135 119 81 39 37 35 14 7 7 7 6 6 3 2 2 0 0 0 0 0
"115" 115 0.153284671533 248 64 62 53 23 19 15 8 3 3 1 1 0 0 0 0 0 0 0 0
"116" 116 0.120437956204 145 84 76 69 54 38 12 7 5 4 2 2 2 0 0 0 0 0 0 0
"117" 117 0.23178807947 154 108 87 69 22 21 16 16 6 1 0 0 0 0 0 0 0 0 0 0
"118" 118 0.106463878327 242 86 52 48 23 14 9 6 6 4 3 2 2 1 1 1 0 0 0 0
"119" 119 0.538860103627 164 75 64 47 42 30 26 19 12 12 7 2 0 0 0 0 0 0 0 0
"120" 120 0.529069767442 323 57 55 30 8 5 5 4 4 3 2 2 2 0 0 0 0 0 0 0
"121" 121 0.276729559748 461 36 3 0 0 0 0 0 0 0 0 0 0 0 0 0 0 0 0 0
"122" 122 0.0125786163522 365 90 28 6 6 3 1 1 0 0 0 0 0 0 0 0 0 0 0 0
"123" 123 0.345911949686 203 136 72 48 23 11 3 2 1 1 0 0 0 0 0 0 0 0 0 0
"124" 124 0.534591194969 313 71 50 22 19 11 7 3 2 1 1 0 0 0 0 0 0 0 0 0
"125" 125 0.0456852791878 174 153 75 41 19 16 13 3 3 1 1 1 0 0 0 0 0 0 0 0
"126" 126 0.65625 198 185 39 32 17 11 6 3 3 2 2 1 1 0 0 0 0 0 0 0
"127" 127 0.518248175182 162 82 74 33 28 28 21 18 14 14 8 6 4 3 3 1 1 0 0 0
"128" 128 0.615384615385 500 0 0 0 0 0 0 0 0 0 0 0 0 0 0 0 0 0 0 0
"129" 129 0.198675496689 311 64 60 45 6 4 3 2 1 1 1 1 1 0 0 0 0 0 0 0
"130" 130 0.744394618834 172 105 56 54 52 32 9 8 6 4 2 0 0 0 0 0 0 0 0 0
"131" 131 0.255230125523 305 104 19 13 13 12 12 11 4 2 2 1 1 1 0 0 0 0 0 0
"132" 132 0.0993377483444 318 96 59 11 9 3 2 1 1 0 0 0 0 0 0 0 0 0 0 0
"133" 133 0.0582959641256 99 89 81 81 52 40 24 11 11 5 3 2 1 1 0 0 0 0 0 0
"134" 134 0.181347150259 104 97 63 51 36 34 31 23 20 11 8 6 5 4 3 2 2 0 0 0
"135" 135 0.62015503876 122 83 78 55 42 30 29 28 21 6 4 2 0 0 0 0 0 0 0 0
"136" 136 0.284974093264 192 101 54 43 34 25 22 8 6 6 4 2 2 1 0 0 0 0 0 0
"137" 137 0.704402515723 210 119 78 76 10 6 1 0 0 0 0 0 0 0 0 0 0 0 0 0
"138" 138 0.419708029197 197 147 75 47 21 6 4 1 1 1 0 0 0 0 0 0 0 0 0 0
"139" 139 0.00760456273764 236 107 106 33 9 2 2 1 1 1 1 1 0 0 0 0 0 0 0 0
"140" 140 0.472868217054 246 127 61 14 12 10 9 9 5 4 3 0 0 0 0 0 0 0 0 0
"141" 141 0.870466321244 180 77 59 45 44 36 29 13 7 3 2 2 2 1 0 0 0 0 0 0
"142" 142 0.284263959391 392 24 17 17 17 12 11 4 3 2 1 0 0 0 0 0 0 0 0 0
"143" 143 0.586538461538 489 11 0 0 0 0 0 0 0 0 0 0 0 0 0 0 0 0 0 0
"144" 144 0.0384615384615 500 0 0 0 0 0 0 0 0 0 0 0 0 0 0 0 0 0 0 0
"145" 145 0.153846153846 500 0 0 0 0 0 0 0 0 0 0 0 0 0 0 0 0 0 0 0
"146" 146 0.245283018868 210 79 46 42 38 30 21 21 5 3 3 1 1 0 0 0 0 0 0 0
"147" 147 0.174129353234 340 59 48 21 7 7 5 4 4 2 2 1 0 0 0 0 0 0 0 0
"148" 148 0.145348837209 367 107 12 8 3 2 1 0 0 0 0 0 0 0 0 0 0 0 0 0
"149" 149 0.0223214285714 166 161 76 65 21 9 2 0 0 0 0 0 0 0 0 0 0 0 0 0
"150" 150 0.0126582278481 479 16 2 2 1 0 0 0 0 0 0 0 0 0 0 0 0 0 0 0
"151" 151 0.0199004975124 264 78 52 46 31 10 4 3 3 3 2 2 1 1 0 0 0 0 0 0
"152" 152 0.147286821705 279 76 54 18 14 14 13 12 8 8 2 2 0 0 0 0 0 0 0 0
"153" 153 0.336787564767 444 26 8 6 4 4 2 2 1 1 1 1 0 0 0 0 0 0 0 0
"154" 154 0.0 344 47 22 21 19 17 12 8 8 2 0 0 0 0 0 0 0 0 0 0
"155" 155 0.183908045977 129 90 81 49 37 27 24 24 11 10 8 4 2 2 2 0 0 0 0 0
"156" 156 0.550387596899 174 144 93 30 18 17 12 5 4 1 1 1 0 0 0 0 0 0 0 0
"157" 157 0.0547445255474 132 103 71 53 38 33 32 14 10 6 4 1 1 1 1 0 0 0 0 0
"158" 158 0.0167364016736 369 76 28 10 7 6 3 1 0 0 0 0 0 0 0 0 0 0 0 0
"159" 159 0.238805970149 278 65 53 31 17 13 12 6 6 6 4 4 3 1 1 0 0 0 0 0
"160" 160 0.352201257862 372 70 16 14 11 8 5 2 1 1 0 0 0 0 0 0 0 0 0 0
"161" 161 0.121673003802 328 98 19 18 11 9 6 5 4 2 0 0 0 0 0 0 0 0 0 0
"162" 162 0.00836820083682 372 49 41 10 7 6 6 3 2 2 1 1 0 0 0 0 0 0 0 0
"163" 163 0.348837209302 143 118 57 46 37 30 17 13 9 7 7 5 5 3 2 1 0 0 0 0
"164" 164 0.694300518135 288 98 40 26 25 11 5 2 2 1 1 1 0 0 0 0 0 0 0 0
"165" 165 0.316091954023 224 125 118 11 6 6 4 3 1 1 1 0 0 0 0 0 0 0 0 0
"166" 166 0.0 436 40 15 4 3 1 1 0 0 0 0 0 0 0 0 0 0 0 0 0
"167" 167 0.103448275862 133 76 70 57 54 44 23 22 5 5 3 3 3 1 1 0 0 0 0 0
"168" 168 0.375 187 91 65 37 30 27 13 13 12 8 8 7 1 1 0 0 0 0 0 0
"169" 169 0.139896373057 184 77 61 56 48 16 15 15 8 8 4 4 3 1 0 0 0 0 0 0
"170" 170 0.0 476 9 5 2 2 2 1 1 1 1 0 0 0 0 0 0 0 0 0 0
"171" 171 0.405109489051 117 103 75 64 28 26 24 18 11 10 7 5 5 4 2 1 0 0 0 0
"172" 172 0.494252873563 133 88 85 71 48 25 24 14 5 2 1 1 1 1 1 0 0 0 0 0
"173" 173 0.278846153846 500 0 0 0 0 0 0 0 0 0 0 0 0 0 0 0 0 0 0 0
"174" 174 0.345991561181 136 117 108 79 21 20 11 2 2 1 1 1 1 0 0 0 0 0 0 0
"175" 175 0.133720930233 330 48 38 38 14 11 9 5 4 3 0 0 0 0 0 0 0 0 0 0
"176" 176 0.0 439 50 6 3 1 1 0 0 0 0 0 0 0 0 0 0 0 0 0 0
"177" 177 0.00497512437811 467 12 8 4 2 2 1 1 1 1 1 0 0 0 0 0 0 0 0 0
"178" 178 0.0 430 35 25 6 2 1 1 0 0 0 0 0 0 0 0 0 0 0 0 0
"179" 179 0.0 470 9 7 4 3 2 2 2 1 0 0 0 0 0 0 0 0 0 0 0
"180" 180 0.0077519379845 351 145 3 1 0 0 0 0 0 0 0 0 0 0 0 0 0 0 0 0
"181" 181 0.0 474 21 2 1 1 1 0 0 0 0 0 0 0 0 0 0 0 0 0 0
"182" 182 0.0288461538462 165 89 87 86 36 23 5 4 2 1 1 1 0 0 0 0 0 0 0 0
"183" 183 0.0615384615385 152 139 76 71 25 15 15 4 3 0 0 0 0 0 0 0 0 0 0 0
"184" 184 0.00662251655629 367 102 21 7 2 1 0 0 0 0 0 0 0 0 0 0 0 0 0 0
"185" 185 0.0248756218905 449 34 7 3 3 3 1 0 0 0 0 0 0 0 0 0 0 0 0 0
"186" 186 0.014598540146 123 100 81 71 35 22 20 18 16 8 4 2 0 0 0 0 0 0 0 0
"187" 187 0.0077519379845 475 25 0 0 0 0 0 0 0 0 0 0 0 0 0 0 0 0 0 0
"188" 188 0.0 379 79 21 7 4 4 2 1 1 1 1 0 0 0 0 0 0 0 0 0
"189" 189 0.0172413793103 153 86 52 45 31 31 21 19 16 15 10 9 6 3 2 1 0 0 0 0
"190" 190 0.118143459916 146 110 93 47 26 21 19 13 7 7 5 4 1 1 0 0 0 0 0 0
"191" 191 0.296650717703 142 109 54 49 38 23 20 15 14 8 7 6 5 5 4 1 0 0 0 0
"192" 192 0.0547263681592 371 61 53 8 3 2 2 0 0 0 0 0 0 0 0 0 0 0 0 0
"193" 193 0.0414507772021 217 69 62 57 34 22 14 9 6 5 2 1 1 1 0 0 0 0 0 0
"194" 194 0.636771300448 241 106 93 20 18 9 5 3 3 2 0 0 0 0 0 0 0 0 0 0
"195" 195 0.0871559633028 342 45 44 26 22 9 6 3 3 0 0 0 0 0 0 0 0 0 0 0
"196" 196 0.390728476821 357 38 28 23 16 15 10 8 5 0 0 0 0 0 0 0 0 0 0 0
"197" 197 0.326424870466 169 159 44 34 21 18 16 15 12 7 4 1 0 0 0 0 0 0 0 0
"198" 198 0.766839378238 306 86 46 19 15 11 6 6 3 2 0 0 0 0 0 0 0 0 0 0
"199" 199 0.441964285714 130 123 70 69 33 32 16 15 4 3 2 1 1 1 0 0 0 0 0 0
"200" 200 0.0 248 106 89 32 8 7 3 3 2 2 0 0 0 0 0 0 0 0 0 0
"201" 201 0.275862068966 175 140 50 38 23 18 14 12 12 8 4 3 1 1 1 0 0 0 0 0
"202" 202 0.509615384615 200 124 68 29 26 18 13 9 8 2 1 1 1 0 0 0 0 0 0 0
"203" 203 0.203980099502 120 95 82 54 31 24 23 23 10 10 7 6 5 5 3 2 0 0 0 0
"204" 204 0.292307692308 118 106 94 46 34 26 21 17 9 8 7 6 5 3 0 0 0 0 0 0
"205" 205 0.0507614213198 258 91 53 52 29 7 6 2 1 1 0 0 0 0 0 0 0 0 0 0
"206" 206 0.0062893081761 207 182 100 11 0 0 0 0 0 0 0 0 0 0 0 0 0 0 0 0
"207" 207 0.273255813953 161 98 83 60 33 20 11 10 6 4 4 4 4 2 0 0 0 0 0 0
"208" 208 0.0480769230769 500 0 0 0 0 0 0 0 0 0 0 0 0 0 0 0 0 0 0 0
"209" 209 0.0812182741117 326 130 14 6 6 5 4 4 3 1 1 0 0 0 0 0 0 0 0 0
"210" 210 0.0 485 6 2 2 2 1 1 1 0 0 0 0 0 0 0 0 0 0 0 0
"211" 211 0.0248756218905 332 54 41 18 15 10 10 10 4 3 2 1 0 0 0 0 0 0 0 0
"212" 212 0.197080291971 199 104 65 30 28 28 15 10 9 6 3 1 1 1 0 0 0 0 0 0
"213" 213 0.00380228136882 257 118 71 37 5 5 5 2 0 0 0 0 0 0 0 0 0 0 0 0
"214" 214 0.227979274611 137 111 76 60 31 21 20 16 8 7 6 4 1 1 1 0 0 0 0 0
"215" 215 0.0646766169154 415 59 12 6 2 2 1 1 1 1 0 0 0 0 0 0 0 0 0 0
"216" 216 0.217616580311 488 7 3 2 0 0 0 0 0 0 0 0 0 0 0 0 0 0 0 0
"217" 217 0.543046357616 118 101 99 97 46 16 9 6 3 2 2 1 0 0 0 0 0 0 0 0
"218" 218 0.372093023256 470 13 7 4 2 2 1 1 0 0 0 0 0 0 0 0 0 0 0 0
"219" 219 0.0963302752294 142 137 122 36 18 15 9 9 7 2 1 1 1 0 0 0 0 0 0 0
"220" 220 0.558394160584 132 75 74 60 58 37 17 15 10 7 5 4 3 3 0 0 0 0 0 0
"221" 221 0.163522012579 417 66 5 4 4 4 0 0 0 0 0 0 0 0 0 0 0 0 0 0
"222" 222 0.567164179104 231 218 26 8 5 3 3 2 2 2 0 0 0 0 0 0 0 0 0 0
"223" 223 0.344827586207 168 152 73 52 31 7 4 4 3 3 2 1 0 0 0 0 0 0 0 0
"224" 224 0.518248175182 102 78 68 54 53 34 28 25 18 11 11 6 5 4 2 1 0 0 0 0
"225" 225 0.278846153846 492 4 3 1 0 0 0 0 0 0 0 0 0 0 0 0 0 0 0 0
"226" 226 0.125 500 0 0 0 0 0 0 0 0 0 0 0 0 0 0 0 0 0 0 0
"227" 227 0.273255813953 111 86 77 51 40 23 22 22 19 18 18 7 5 1 0 0 0 0 0 0
"228" 228 0.167300380228 298 118 44 19 17 2 1 1 0 0 0 0 0 0 0 0 0 0 0 0
"229" 229 0.0547263681592 308 84 24 24 21 15 6 4 4 3 2 2 2 1 0 0 0 0 0 0
"230" 230 0.295336787565 160 154 77 56 15 11 9 4 4 4 3 2 1 0 0 0 0 0 0 0
"231" 231 0.547169811321 143 118 51 49 48 43 9 8 7 6 5 3 3 2 2 2 1 0 0 0
"232" 232 0.325892857143 160 74 67 48 48 38 34 9 7 6 5 4 0 0 0 0 0 0 0 0
"233" 233 0.271317829457 114 114 95 63 42 22 13 11 9 5 4 3 2 2 1 0 0 0 0 0
"234" 234 0.0387596899225 349 84 24 14 11 9 5 2 2 0 0 0 0 0 0 0 0 0 0 0
"235" 235 0.542635658915 126 80 45 43 41 39 32 30 29 16 12 3 2 2 0 0 0 0 0 0
"236" 236 0.480620155039 141 105 75 64 43 18 18 16 5 4 3 3 3 2 0 0 0 0 0 0
"237" 237 0.125 218 62 44 34 33 23 17 16 14 12 9 7 6 3 2 0 0 0 0 0
"238" 238 0.240310077519 126 87 74 55 37 24 21 20 19 11 10 9 3 1 1 1 1 0 0 0
"239" 239 0.558139534884 169 101 79 29 28 28 21 14 11 9 4 3 2 1 1 0 0 0 0 0
"240" 240 0.635658914729 139 119 50 46 43 28 25 18 13 10 4 2 2 1 0 0 0 0 0 0
"241" 241 0.298850574713 132 52 51 50 39 33 32 30 25 24 12 12 4 3 1 0 0 0 0 0
"242" 242 0.899224806202 214 98 64 60 57 3 2 1 1 0 0 0 0 0 0 0 0 0 0 0
