"site" "RSA" "aa1" "aa2" "aa3" "aa4" "aa5" "aa6" "aa7" "aa8" "aa9" "aa10" "aa11" "aa12" "aa13" "aa14" "aa15" "aa16" "aa17" "aa18" "aa19" "aa20"
"0" 0 0.790697674419 325 136 32 4 1 1 1 0 0 0 0 0 0 0 0 0 0 0 0 0
"1" 1 0.34375 205 145 40 30 28 22 9 8 5 2 2 2 1 1 0 0 0 0 0 0
"2" 2 0.601990049751 211 87 52 35 22 21 21 19 15 9 4 2 1 1 0 0 0 0 0 0
"3" 3 0.267857142857 241 115 73 48 8 6 3 2 2 1 1 0 0 0 0 0 0 0 0 0
"4" 4 0.20802919708 211 93 48 47 38 21 14 14 6 6 1 1 0 0 0 0 0 0 0 0
"5" 5 0.0 238 209 31 8 7 3 2 2 0 0 0 0 0 0 0 0 0 0 0 0
"6" 6 0.0 336 108 52 2 1 1 0 0 0 0 0 0 0 0 0 0 0 0 0 0
"7" 7 0.0 191 178 74 11 11 8 7 5 3 3 3 3 2 1 0 0 0 0 0 0
"8" 8 0.031007751938 204 136 50 49 19 15 13 6 3 3 1 1 0 0 0 0 0 0 0 0
"9" 9 0.0 438 18 15 12 7 2 2 2 1 1 1 1 0 0 0 0 0 0 0 0
"10" 10 0.101265822785 177 120 101 46 30 13 3 3 3 2 1 1 0 0 0 0 0 0 0 0
"11" 11 0.0251572327044 180 107 77 46 39 25 11 7 4 1 1 1 1 0 0 0 0 0 0 0
"12" 12 0.0777202072539 87 84 74 61 58 35 22 21 15 12 12 8 3 3 2 2 1 0 0 0
"13" 13 0.0 467 33 0 0 0 0 0 0 0 0 0 0 0 0 0 0 0 0 0 0
"14" 14 0.14367816092 178 94 40 35 32 22 22 18 14 12 10 7 6 5 5 0 0 0 0 0
"15" 15 0.614349775785 90 83 68 58 41 41 32 23 18 15 13 9 3 3 2 1 0 0 0 0
"16" 16 0.470802919708 145 119 80 34 24 21 19 15 14 11 11 5 1 1 0 0 0 0 0 0
"17" 17 0.538461538462 295 191 12 1 1 0 0 0 0 0 0 0 0 0 0 0 0 0 0 0
"18" 18 0.0995024875622 275 88 59 32 20 7 7 5 4 2 1 0 0 0 0 0 0 0 0 0
"19" 19 0.294416243655 155 83 72 59 32 21 17 13 13 8 6 6 5 4 3 3 0 0 0 0
"20" 20 0.629139072848 140 112 72 64 51 22 15 10 6 5 3 0 0 0 0 0 0 0 0 0
"21" 21 0.303571428571 114 93 54 51 47 35 29 25 13 12 11 7 6 3 0 0 0 0 0 0
"22" 22 0.0 162 144 96 41 23 13 13 2 2 2 1 1 0 0 0 0 0 0 0 0
"23" 23 0.157360406091 134 95 74 48 41 35 23 15 8 8 7 4 3 2 2 1 0 0 0 0
"24" 24 0.238410596026 111 80 76 56 50 36 36 23 13 9 5 4 1 0 0 0 0 0 0 0
"25" 25 0.0656934306569 128 54 53 43 36 35 25 25 21 17 16 13 12 10 5 5 2 0 0 0
"26" 26 0.0 310 96 61 15 15 1 1 1 0 0 0 0 0 0 0 0 0 0 0 0
"27" 27 0.607142857143 114 95 85 55 48 39 24 17 12 5 5 1 0 0 0 0 0 0 0 0
"28" 28 0.667883211679 131 83 73 58 46 27 26 25 8 6 5 5 5 2 0 0 0 0 0 0
"29" 29 0.409282700422 144 57 44 42 37 37 35 21 20 13 12 7 7 6 6 6 4 2 0 0
"30" 30 0.182692307692 500 0 0 0 0 0 0 0 0 0 0 0 0 0 0 0 0 0 0 0
"31" 31 0.0669456066946 294 91 39 24 12 11 10 7 5 4 1 1 1 0 0 0 0 0 0 0
"32" 32 0.0928270042194 130 79 54 41 36 31 29 29 25 21 12 4 3 3 1 1 1 0 0 0
"33" 33 0.293532338308 444 45 4 3 2 1 1 0 0 0 0 0 0 0 0 0 0 0 0 0
"34" 34 0.0114942528736 204 79 48 45 45 34 25 6 5 4 2 2 1 0 0 0 0 0 0 0
"35" 35 0.0288461538462 373 103 21 1 1 1 0 0 0 0 0 0 0 0 0 0 0 0 0 0
"36" 36 0.41116751269 103 96 81 51 49 24 23 21 20 17 3 3 2 2 2 2 1 0 0 0
"37" 37 0.215189873418 131 91 90 77 36 31 16 9 5 4 4 3 1 1 1 0 0 0 0 0
"38" 38 0.540229885057 187 76 56 49 42 24 18 16 12 10 4 2 2 2 0 0 0 0 0 0
"39" 39 0.223880597015 217 129 79 43 9 7 5 4 2 2 1 1 1 0 0 0 0 0 0 0
"40" 40 0.573604060914 154 154 107 41 29 4 4 3 2 1 1 0 0 0 0 0 0 0 0 0
"41" 41 0.0314465408805 306 75 43 22 14 14 9 7 4 3 1 1 1 0 0 0 0 0 0 0
"42" 42 0.482558139535 305 76 45 20 15 13 13 9 1 1 1 1 0 0 0 0 0 0 0 0
"43" 43 0.286919831224 254 122 42 22 16 13 13 5 5 3 2 2 1 0 0 0 0 0 0 0
"44" 44 0.596412556054 259 161 20 16 12 12 9 5 3 2 1 0 0 0 0 0 0 0 0 0
"45" 45 0.154811715481 121 111 81 74 71 13 9 7 5 3 2 1 1 1 0 0 0 0 0 0
"46" 46 0.0 385 99 9 5 2 0 0 0 0 0 0 0 0 0 0 0 0 0 0 0
"47" 47 0.304932735426 382 83 14 4 3 3 2 2 2 2 1 1 1 0 0 0 0 0 0 0
"48" 48 0.439461883408 130 101 74 61 49 23 23 14 10 4 3 3 2 2 1 0 0 0 0 0
"49" 49 0.0717703349282 389 33 29 27 5 5 5 2 1 1 1 1 1 0 0 0 0 0 0 0
"50" 50 0.0684410646388 247 92 60 28 27 10 9 8 8 4 2 2 2 1 0 0 0 0 0 0
"51" 51 0.382775119617 146 68 56 46 37 32 26 23 18 14 10 9 6 4 2 2 1 0 0 0
"52" 52 0.59585492228 176 56 56 41 34 27 22 20 18 17 13 12 3 3 1 1 0 0 0 0
"53" 53 0.228855721393 132 80 69 56 51 30 28 26 10 8 7 1 1 1 0 0 0 0 0 0
"54" 54 0.582278481013 183 129 64 49 33 18 10 4 3 3 2 1 1 0 0 0 0 0 0 0
"55" 55 0.705357142857 203 93 50 39 29 20 18 15 12 10 6 2 2 1 0 0 0 0 0 0
"56" 56 0.507299270073 142 104 64 44 32 31 29 28 15 5 3 2 1 0 0 0 0 0 0 0
"57" 57 0.823899371069 462 38 0 0 0 0 0 0 0 0 0 0 0 0 0 0 0 0 0 0
"58" 58 0.355648535565 106 84 65 63 54 43 34 18 12 10 7 3 1 0 0 0 0 0 0 0
"59" 59 0.10460251046 371 42 28 27 18 4 4 2 1 1 1 1 0 0 0 0 0 0 0 0
"60" 60 0.482051282051 215 170 43 32 15 6 6 6 3 2 1 1 0 0 0 0 0 0 0 0
"61" 61 0.413461538462 157 118 50 43 32 32 24 15 9 7 6 4 1 1 1 0 0 0 0 0
"62" 62 0.238805970149 158 138 88 54 18 17 12 6 3 2 2 1 1 0 0 0 0 0 0 0
"63" 63 0.0 249 68 60 53 15 15 12 9 9 4 2 2 2 0 0 0 0 0 0 0
"64" 64 0.40414507772 181 89 43 38 33 28 22 17 11 10 9 8 7 4 0 0 0 0 0 0
"65" 65 0.138075313808 99 89 76 68 45 30 30 29 12 8 6 3 3 1 1 0 0 0 0 0
"66" 66 0.0248756218905 216 127 48 34 21 19 9 5 5 5 4 3 2 1 1 0 0 0 0 0
"67" 67 0.165562913907 337 57 42 20 14 9 7 6 3 2 1 1 1 0 0 0 0 0 0 0
"68" 68 0.523178807947 181 111 66 38 34 19 13 12 8 7 3 3 2 2 1 0 0 0 0 0
"69" 69 0.0769230769231 471 21 8 0 0 0 0 0 0 0 0 0 0 0 0 0 0 0 0 0
"70" 70 0.220125786164 150 144 74 61 22 15 13 8 7 2 2 1 1 0 0 0 0 0 0 0
"71" 71 0.0 209 152 35 27 24 15 14 8 6 5 2 2 1 0 0 0 0 0 0 0
"72" 72 0.0761421319797 118 103 81 62 42 32 15 12 10 9 5 4 2 2 1 1 1 0 0 0
"73" 73 0.0 455 11 11 7 6 4 3 2 1 0 0 0 0 0 0 0 0 0 0 0
"74" 74 0.0 168 121 120 57 13 9 5 3 2 1 1 0 0 0 0 0 0 0 0 0
"75" 75 0.0 449 17 16 9 2 2 2 1 1 1 0 0 0 0 0 0 0 0 0 0
"76" 76 0.0106382978723 485 15 0 0 0 0 0 0 0 0 0 0 0 0 0 0 0 0 0 0
"77" 77 0.03125 241 102 40 38 36 16 11 8 6 1 1 0 0 0 0 0 0 0 0 0
"78" 78 0.0 499 1 0 0 0 0 0 0 0 0 0 0 0 0 0 0 0 0 0 0
"79" 79 0.491071428571 270 171 30 9 8 3 3 3 2 1 0 0 0 0 0 0 0 0 0 0
"80" 80 0.25 272 142 38 34 9 5 0 0 0 0 0 0 0 0 0 0 0 0 0 0
"81" 81 0.0 282 148 40 20 6 3 1 0 0 0 0 0 0 0 0 0 0 0 0 0
"82" 82 0.0456852791878 206 80 52 48 34 22 14 13 12 6 6 3 2 1 1 0 0 0 0 0
"83" 83 0.494186046512 297 75 56 18 11 11 10 6 5 4 3 3 1 0 0 0 0 0 0 0
"84" 84 0.326996197719 159 94 67 55 30 27 22 19 9 6 5 3 2 1 1 0 0 0 0 0
"85" 85 0.00961538461538 347 90 54 3 2 1 1 1 1 0 0 0 0 0 0 0 0 0 0 0
"86" 86 0.474452554745 94 86 74 58 27 27 23 18 18 17 17 14 10 7 6 2 2 0 0 0
"87" 87 0.569620253165 289 43 43 30 21 16 16 14 11 9 3 2 1 1 1 0 0 0 0 0
"88" 88 0.114427860697 186 115 50 26 22 21 17 13 11 11 9 5 5 3 3 1 1 1 0 0
"89" 89 0.0203045685279 187 67 56 41 31 28 20 18 18 11 9 6 3 2 1 1 1 0 0 0
"90" 90 0.163461538462 500 0 0 0 0 0 0 0 0 0 0 0 0 0 0 0 0 0 0 0
"91" 91 0.31007751938 316 41 34 29 17 16 13 10 7 6 4 2 2 1 1 1 0 0 0 0
"92" 92 0.540697674419 215 182 34 29 19 6 5 3 2 2 1 1 1 0 0 0 0 0 0 0
"93" 93 0.176165803109 148 143 103 30 26 20 10 7 6 5 2 0 0 0 0 0 0 0 0 0
"94" 94 0.0440251572327 125 59 51 39 39 34 33 29 23 20 13 11 9 6 4 3 1 1 0 0
"95" 95 0.668161434978 98 83 79 76 71 69 14 8 1 1 0 0 0 0 0 0 0 0 0 0
"96" 96 0.691983122363 197 122 63 59 23 16 7 6 2 2 2 1 0 0 0 0 0 0 0 0
"97" 97 0.0993377483444 328 107 37 10 7 5 2 1 1 1 1 0 0 0 0 0 0 0 0 0
"98" 98 0.457364341085 241 74 50 20 20 19 17 15 13 9 8 5 4 4 1 0 0 0 0 0
"99" 99 0.748427672956 115 101 59 46 44 40 32 26 16 9 7 4 1 0 0 0 0 0 0 0
"100" 100 0.461538461538 500 0 0 0 0 0 0 0 0 0 0 0 0 0 0 0 0 0 0 0
"101" 101 0.110465116279 116 115 79 61 55 38 11 8 7 4 2 1 1 1 1 0 0 0 0 0
"102" 102 0.0 233 137 24 21 19 17 13 10 8 7 7 4 0 0 0 0 0 0 0 0
"103" 103 0.0839416058394 123 75 63 52 40 39 29 18 15 11 11 10 4 4 4 2 0 0 0 0
"104" 104 0.240384615385 348 125 7 6 6 4 2 1 1 0 0 0 0 0 0 0 0 0 0 0
"105" 105 0.367875647668 181 102 55 49 43 24 15 9 8 5 5 2 1 1 0 0 0 0 0 0
"106" 106 0.139303482587 182 157 62 55 24 14 4 1 1 0 0 0 0 0 0 0 0 0 0 0
"107" 107 0.093023255814 259 191 39 6 2 2 1 0 0 0 0 0 0 0 0 0 0 0 0 0
"108" 108 0.568965517241 249 65 63 52 20 18 12 10 3 2 2 2 2 0 0 0 0 0 0 0
"109" 109 0.413793103448 145 97 81 51 39 34 18 15 9 5 3 2 1 0 0 0 0 0 0 0
"110" 110 0.379310344828 114 98 75 45 41 25 21 21 13 12 11 7 6 4 4 2 1 0 0 0
"111" 111 0.451923076923 148 86 86 55 34 29 23 18 5 5 4 4 2 1 0 0 0 0 0 0
"112" 112 0.448905109489 162 90 89 71 23 15 15 11 9 6 4 3 2 0 0 0 0 0 0 0
"113" 113 0.0512820512821 407 59 18 4 4 3 2 1 1 1 0 0 0 0 0 0 0 0 0 0
"114" 114 0.0 130 91 82 82 39 17 14 12 10 8 6 4 4 1 0 0 0 0 0 0
"115" 115 0.0 180 154 71 48 14 8 8 6 5 3 2 1 0 0 0 0 0 0 0 0
"116" 116 0.157894736842 237 143 29 25 24 13 12 9 3 2 2 1 0 0 0 0 0 0 0 0
"117" 117 0.134615384615 237 83 69 42 16 13 11 10 9 6 2 1 1 0 0 0 0 0 0 0
"118" 118 0.0 349 146 3 1 1 0 0 0 0 0 0 0 0 0 0 0 0 0 0 0
"119" 119 0.502590673575 104 80 76 47 44 40 35 32 19 7 7 6 3 0 0 0 0 0 0 0
"120" 120 0.105769230769 280 66 60 45 14 14 8 4 2 2 2 1 1 1 0 0 0 0 0 0
"121" 121 0.553459119497 258 88 52 45 22 12 8 7 4 2 1 1 0 0 0 0 0 0 0 0
"122" 122 0.575892857143 211 98 44 35 30 21 16 15 12 11 6 1 0 0 0 0 0 0 0 0
"123" 123 0.174418604651 114 81 73 43 31 31 28 24 19 14 10 8 7 7 4 3 2 1 0 0
"124" 124 0.015503875969 455 28 14 1 1 1 0 0 0 0 0 0 0 0 0 0 0 0 0 0
"125" 125 0.573839662447 200 149 41 33 19 17 11 8 6 6 4 4 2 0 0 0 0 0 0 0
"126" 126 0.507772020725 188 93 58 50 40 22 15 14 10 7 1 1 1 0 0 0 0 0 0 0
"127" 127 0.09375 185 102 59 45 39 22 15 14 9 7 2 1 0 0 0 0 0 0 0 0
"128" 128 0.0964467005076 419 17 11 9 9 6 5 5 4 4 3 3 3 2 0 0 0 0 0 0
"129" 129 0.713080168776 223 148 38 35 23 9 5 5 4 3 2 2 1 1 1 0 0 0 0 0
"130" 130 0.243781094527 148 76 68 61 49 40 26 16 4 4 3 3 1 1 0 0 0 0 0 0
"131" 131 0.0354609929078 480 9 6 2 1 1 1 0 0 0 0 0 0 0 0 0 0 0 0 0
"132" 132 0.0418410041841 446 52 1 1 0 0 0 0 0 0 0 0 0 0 0 0 0 0 0 0
"133" 133 0.518987341772 151 90 73 40 28 28 27 17 15 11 10 5 3 1 1 0 0 0 0 0
"134" 134 0.685534591195 138 126 114 44 35 21 12 6 3 1 0 0 0 0 0 0 0 0 0 0
"135" 135 0.629464285714 132 87 67 62 49 42 21 13 11 8 6 1 1 0 0 0 0 0 0 0
"136" 136 0.290178571429 125 119 110 72 25 19 11 5 4 3 2 2 2 1 0 0 0 0 0 0
"137" 137 0.169154228856 361 51 36 13 12 12 5 4 2 2 2 0 0 0 0 0 0 0 0 0
"138" 138 0.390804597701 135 118 52 48 41 33 29 21 13 7 3 0 0 0 0 0 0 0 0 0
"139" 139 0.741721854305 164 91 65 35 33 30 29 14 13 13 6 2 2 2 1 0 0 0 0 0
"140" 140 0.430962343096 211 114 52 41 19 18 16 14 5 4 2 1 1 1 1 0 0 0 0 0
"141" 141 0.651162790698 130 97 56 50 44 18 17 17 15 13 12 12 8 4 4 3 0 0 0 0
"142" 142 0.145695364238 114 101 56 41 41 35 29 16 15 11 11 7 6 6 4 4 3 0 0 0
"143" 143 0.692307692308 142 120 90 69 26 13 12 10 9 7 1 1 0 0 0 0 0 0 0 0
"144" 144 0.390728476821 134 121 49 39 33 21 21 21 20 17 10 6 5 2 1 0 0 0 0 0
"145" 145 0.147321428571 68 64 61 60 57 50 31 27 23 22 18 9 3 3 2 1 1 0 0 0
"146" 146 0.599156118143 137 76 63 62 54 44 23 14 12 5 4 3 2 1 0 0 0 0 0 0
"147" 147 0.794326241135 162 148 79 39 21 19 13 4 4 3 2 2 1 1 1 1 0 0 0 0
"148" 148 0.335025380711 143 118 117 33 18 12 11 10 10 8 8 6 4 2 0 0 0 0 0 0
"149" 149 0.406844106464 433 47 13 3 2 1 1 0 0 0 0 0 0 0 0 0 0 0 0 0
