"site" "RSA" "aa1" "aa2" "aa3" "aa4" "aa5" "aa6" "aa7" "aa8" "aa9" "aa10" "aa11" "aa12" "aa13" "aa14" "aa15" "aa16" "aa17" "aa18" "aa19" "aa20"
"0" 0 0.671794871795 242 80 55 30 29 23 17 13 8 2 1 0 0 0 0 0 0 0 0 0
"1" 1 0.154228855721 191 117 59 37 29 17 17 12 8 5 4 2 1 1 0 0 0 0 0 0
"2" 2 0.223628691983 126 105 72 48 36 32 24 20 15 14 4 3 1 0 0 0 0 0 0 0
"3" 3 0.0 317 65 54 50 6 2 2 2 1 1 0 0 0 0 0 0 0 0 0 0
"4" 4 0.00418410041841 318 47 44 37 27 15 2 2 2 2 2 1 1 0 0 0 0 0 0 0
"5" 5 0.12582781457 244 230 16 5 3 1 1 0 0 0 0 0 0 0 0 0 0 0 0 0
"6" 6 0.0149253731343 429 58 9 2 2 0 0 0 0 0 0 0 0 0 0 0 0 0 0 0
"7" 7 0.435897435897 220 117 97 29 17 6 4 2 2 2 2 1 1 0 0 0 0 0 0 0
"8" 8 0.0529801324503 497 3 0 0 0 0 0 0 0 0 0 0 0 0 0 0 0 0 0 0
"9" 9 0.0358974358974 385 90 13 11 1 0 0 0 0 0 0 0 0 0 0 0 0 0 0 0
"10" 10 0.283018867925 349 73 58 6 5 4 4 1 0 0 0 0 0 0 0 0 0 0 0 0
"11" 11 0.473214285714 397 70 24 3 3 2 1 0 0 0 0 0 0 0 0 0 0 0 0 0
"12" 12 0.0 252 91 55 36 32 23 6 4 1 0 0 0 0 0 0 0 0 0 0 0
"13" 13 0.0 335 163 2 0 0 0 0 0 0 0 0 0 0 0 0 0 0 0 0 0
"14" 14 0.316455696203 325 72 41 19 11 10 7 7 3 2 1 1 1 0 0 0 0 0 0 0
"15" 15 0.272321428571 227 150 51 40 16 13 1 1 1 0 0 0 0 0 0 0 0 0 0 0
"16" 16 0.0 421 51 12 8 4 2 1 1 0 0 0 0 0 0 0 0 0 0 0 0
"17" 17 0.0 398 56 41 3 1 1 0 0 0 0 0 0 0 0 0 0 0 0 0 0
"18" 18 0.512953367876 152 151 70 53 40 11 7 4 3 3 3 2 1 0 0 0 0 0 0 0
"19" 19 0.431472081218 209 135 79 36 33 4 4 0 0 0 0 0 0 0 0 0 0 0 0 0
"20" 20 0.195402298851 166 132 114 32 18 12 9 5 4 3 2 2 1 0 0 0 0 0 0 0
"21" 21 0.538461538462 500 0 0 0 0 0 0 0 0 0 0 0 0 0 0 0 0 0 0 0
"22" 22 0.281609195402 406 33 27 20 5 4 2 2 1 0 0 0 0 0 0 0 0 0 0 0
"23" 23 0.739910313901 300 176 20 3 1 0 0 0 0 0 0 0 0 0 0 0 0 0 0 0
"24" 24 0.228855721393 375 61 30 19 6 3 3 2 1 0 0 0 0 0 0 0 0 0 0 0
"25" 25 0.144230769231 227 154 83 18 9 5 4 0 0 0 0 0 0 0 0 0 0 0 0 0
"26" 26 0.451476793249 187 96 74 68 29 22 20 2 2 0 0 0 0 0 0 0 0 0 0 0
"27" 27 0.208860759494 227 160 48 25 13 12 7 4 2 1 1 0 0 0 0 0 0 0 0 0
"28" 28 0.205298013245 353 58 37 27 9 3 3 3 3 2 2 0 0 0 0 0 0 0 0 0
"29" 29 0.17816091954 199 105 52 27 22 21 21 15 13 7 7 7 3 1 0 0 0 0 0 0
"30" 30 0.43023255814 342 95 35 23 2 1 1 1 0 0 0 0 0 0 0 0 0 0 0 0
"31" 31 0.375912408759 169 154 63 37 18 13 10 9 9 8 8 2 0 0 0 0 0 0 0 0
"32" 32 0.410041841004 146 141 98 60 42 11 1 1 0 0 0 0 0 0 0 0 0 0 0 0
"33" 33 0.900662251656 236 130 76 48 7 2 1 0 0 0 0 0 0 0 0 0 0 0 0 0
"34" 34 0.544041450777 223 113 97 35 14 5 5 4 1 1 1 1 0 0 0 0 0 0 0 0
"35" 35 0.394230769231 198 145 46 34 33 24 12 2 2 2 1 1 0 0 0 0 0 0 0 0
"36" 36 0.544642857143 153 107 75 41 32 28 20 18 7 6 6 6 1 0 0 0 0 0 0 0
"37" 37 0.114942528736 212 108 36 36 27 22 14 12 9 9 5 4 3 2 1 0 0 0 0 0
"38" 38 0.421524663677 287 139 51 10 8 3 1 1 0 0 0 0 0 0 0 0 0 0 0 0
"39" 39 0.0761421319797 273 190 18 6 5 2 2 1 1 1 1 0 0 0 0 0 0 0 0 0
"40" 40 0.405128205128 499 1 0 0 0 0 0 0 0 0 0 0 0 0 0 0 0 0 0 0
"41" 41 0.167512690355 275 101 54 20 20 11 4 4 4 3 2 1 1 0 0 0 0 0 0 0
"42" 42 0.473214285714 209 74 61 46 45 42 17 5 1 0 0 0 0 0 0 0 0 0 0 0
"43" 43 0.325892857143 166 149 59 41 37 15 14 13 4 1 1 0 0 0 0 0 0 0 0 0
"44" 44 0.622516556291 147 129 105 37 21 20 19 12 9 1 0 0 0 0 0 0 0 0 0 0
"45" 45 0.0152284263959 216 101 67 46 17 14 10 10 10 3 2 2 1 1 0 0 0 0 0 0
"46" 46 0.649635036496 196 162 52 38 31 9 6 2 2 1 1 0 0 0 0 0 0 0 0 0
"47" 47 0.317307692308 484 16 0 0 0 0 0 0 0 0 0 0 0 0 0 0 0 0 0 0
"48" 48 0.0189873417722 227 89 88 33 30 16 14 1 1 1 0 0 0 0 0 0 0 0 0 0
"49" 49 0.108808290155 189 123 39 36 33 23 19 15 13 7 2 1 0 0 0 0 0 0 0 0
"50" 50 0.0 355 51 22 19 18 12 8 6 5 2 1 1 0 0 0 0 0 0 0 0
"51" 51 0.0228136882129 343 109 21 13 7 3 3 1 0 0 0 0 0 0 0 0 0 0 0 0
"52" 52 0.0 330 84 60 12 9 3 2 0 0 0 0 0 0 0 0 0 0 0 0 0
"53" 53 0.0152284263959 389 99 6 5 1 0 0 0 0 0 0 0 0 0 0 0 0 0 0 0
"54" 54 0.00448430493274 432 24 12 9 9 8 5 1 0 0 0 0 0 0 0 0 0 0 0 0
"55" 55 0.00662251655629 500 0 0 0 0 0 0 0 0 0 0 0 0 0 0 0 0 0 0 0
"56" 56 0.0 473 21 3 1 1 1 0 0 0 0 0 0 0 0 0 0 0 0 0 0
"57" 57 0.0529801324503 441 28 18 5 3 2 2 1 0 0 0 0 0 0 0 0 0 0 0 0
"58" 58 0.730569948187 252 125 47 32 29 6 6 2 1 0 0 0 0 0 0 0 0 0 0 0
"59" 59 0.364779874214 217 173 49 32 17 7 4 1 0 0 0 0 0 0 0 0 0 0 0 0
"60" 60 0.195402298851 339 61 37 27 16 10 7 2 1 0 0 0 0 0 0 0 0 0 0 0
"61" 61 0.507692307692 351 97 20 14 9 5 2 1 1 0 0 0 0 0 0 0 0 0 0 0
"62" 62 0.352678571429 203 165 59 32 29 6 4 1 1 0 0 0 0 0 0 0 0 0 0 0
"63" 63 0.0909090909091 348 118 16 12 6 0 0 0 0 0 0 0 0 0 0 0 0 0 0 0
"64" 64 0.0812182741117 224 95 88 38 30 14 3 2 2 1 1 1 1 0 0 0 0 0 0 0
"65" 65 0.435779816514 191 125 103 39 26 3 3 3 2 2 2 1 0 0 0 0 0 0 0 0
"66" 66 0.00892857142857 140 105 101 40 26 24 23 19 11 5 2 2 1 1 0 0 0 0 0 0
"67" 67 0.0 270 114 55 49 11 1 0 0 0 0 0 0 0 0 0 0 0 0 0 0
"68" 68 0.109452736318 146 105 66 60 31 25 21 14 12 12 3 2 2 1 0 0 0 0 0 0
"69" 69 0.263959390863 239 116 65 41 15 10 7 6 1 0 0 0 0 0 0 0 0 0 0 0
"70" 70 0.0 319 56 47 18 15 10 9 7 7 5 3 2 1 1 0 0 0 0 0 0
"71" 71 0.0 204 142 65 42 27 13 4 2 1 0 0 0 0 0 0 0 0 0 0 0
"72" 72 0.284974093264 226 107 86 67 14 0 0 0 0 0 0 0 0 0 0 0 0 0 0 0
"73" 73 0.193798449612 185 108 69 51 39 23 6 6 5 4 2 1 1 0 0 0 0 0 0 0
"74" 74 0.0 181 118 43 41 33 33 23 16 5 3 2 2 0 0 0 0 0 0 0 0
"75" 75 0.400843881857 357 59 45 20 16 2 1 0 0 0 0 0 0 0 0 0 0 0 0 0
"76" 76 0.624087591241 199 153 62 33 23 22 4 3 1 0 0 0 0 0 0 0 0 0 0 0
"77" 77 0.31007751938 229 79 69 54 32 15 7 6 3 3 2 1 0 0 0 0 0 0 0 0
"78" 78 0.364238410596 250 248 1 1 0 0 0 0 0 0 0 0 0 0 0 0 0 0 0 0
"79" 79 0.139534883721 424 76 0 0 0 0 0 0 0 0 0 0 0 0 0 0 0 0 0 0
"80" 80 0.590717299578 342 115 17 15 4 3 3 1 0 0 0 0 0 0 0 0 0 0 0 0
"81" 81 0.145348837209 233 158 33 28 26 18 3 1 0 0 0 0 0 0 0 0 0 0 0 0
"82" 82 0.0304568527919 417 41 33 5 3 1 0 0 0 0 0 0 0 0 0 0 0 0 0 0
"83" 83 0.0153846153846 130 129 117 82 11 8 7 5 3 2 2 2 1 1 0 0 0 0 0 0
"84" 84 0.0 234 99 97 26 17 13 11 2 1 0 0 0 0 0 0 0 0 0 0 0
"85" 85 0.00574712643678 261 117 105 6 4 3 2 2 0 0 0 0 0 0 0 0 0 0 0 0
"86" 86 0.0 437 39 9 7 4 4 0 0 0 0 0 0 0 0 0 0 0 0 0 0
"87" 87 0.0062893081761 141 102 93 78 53 15 8 7 1 1 1 0 0 0 0 0 0 0 0 0
"88" 88 0.0380228136882 255 103 101 31 8 1 1 0 0 0 0 0 0 0 0 0 0 0 0 0
"89" 89 0.0190114068441 419 49 22 7 2 1 0 0 0 0 0 0 0 0 0 0 0 0 0 0
"90" 90 0.00961538461538 500 0 0 0 0 0 0 0 0 0 0 0 0 0 0 0 0 0 0 0
"91" 91 0.300380228137 159 105 104 42 27 23 22 13 3 1 1 0 0 0 0 0 0 0 0 0
"92" 92 0.0232558139535 210 130 124 29 4 3 0 0 0 0 0 0 0 0 0 0 0 0 0 0
"93" 93 0.372262773723 157 156 71 35 28 19 18 12 4 0 0 0 0 0 0 0 0 0 0 0
"94" 94 0.233183856502 288 115 28 27 13 12 10 6 1 0 0 0 0 0 0 0 0 0 0 0
"95" 95 0.160621761658 204 96 78 67 22 17 10 3 2 1 0 0 0 0 0 0 0 0 0 0
"96" 96 0.656934306569 169 142 47 45 40 28 21 3 3 1 1 0 0 0 0 0 0 0 0 0
"97" 97 0.607594936709 361 98 16 9 5 3 3 2 2 1 0 0 0 0 0 0 0 0 0 0
"98" 98 0.880794701987 294 160 21 14 9 1 1 0 0 0 0 0 0 0 0 0 0 0 0 0
"99" 99 0.839416058394 247 222 19 10 2 0 0 0 0 0 0 0 0 0 0 0 0 0 0 0
"100" 100 0.441964285714 370 93 25 7 3 1 1 0 0 0 0 0 0 0 0 0 0 0 0 0
"101" 101 0.534591194969 347 134 8 7 3 1 0 0 0 0 0 0 0 0 0 0 0 0 0 0
"102" 102 0.319796954315 353 74 66 2 2 1 1 1 0 0 0 0 0 0 0 0 0 0 0 0
"103" 103 0.156976744186 154 143 117 56 9 9 7 2 2 1 0 0 0 0 0 0 0 0 0 0
"104" 104 0.0 495 4 1 0 0 0 0 0 0 0 0 0 0 0 0 0 0 0 0 0
"105" 105 0.316455696203 394 67 22 5 4 3 2 2 1 0 0 0 0 0 0 0 0 0 0 0
"106" 106 0.492537313433 236 79 58 39 29 22 20 15 1 1 0 0 0 0 0 0 0 0 0 0
"107" 107 0.0167364016736 229 152 106 3 2 2 1 1 1 1 1 1 0 0 0 0 0 0 0 0
"108" 108 0.0 493 4 1 1 1 0 0 0 0 0 0 0 0 0 0 0 0 0 0 0
"109" 109 0.323076923077 364 62 39 17 6 5 3 2 1 1 0 0 0 0 0 0 0 0 0 0
"110" 110 0.338308457711 239 75 72 46 21 19 16 7 3 1 1 0 0 0 0 0 0 0 0 0
"111" 111 0.0 201 149 99 29 11 7 2 2 0 0 0 0 0 0 0 0 0 0 0 0
"112" 112 0.209821428571 409 55 19 14 2 1 0 0 0 0 0 0 0 0 0 0 0 0 0 0
"113" 113 0.668604651163 235 156 32 25 20 16 13 2 1 0 0 0 0 0 0 0 0 0 0 0
"114" 114 0.108527131783 485 12 3 0 0 0 0 0 0 0 0 0 0 0 0 0 0 0 0 0
"115" 115 0.182692307692 500 0 0 0 0 0 0 0 0 0 0 0 0 0 0 0 0 0 0 0
"116" 116 0.077519379845 416 35 32 15 1 1 0 0 0 0 0 0 0 0 0 0 0 0 0 0
"117" 117 0.296511627907 307 165 24 4 0 0 0 0 0 0 0 0 0 0 0 0 0 0 0 0
"118" 118 0.222627737226 428 33 21 15 3 0 0 0 0 0 0 0 0 0 0 0 0 0 0 0
"119" 119 0.0 469 14 6 6 4 1 0 0 0 0 0 0 0 0 0 0 0 0 0 0
"120" 120 0.00507614213198 259 128 75 27 5 4 2 0 0 0 0 0 0 0 0 0 0 0 0 0
"121" 121 0.0 272 175 51 2 0 0 0 0 0 0 0 0 0 0 0 0 0 0 0 0
"122" 122 0.00497512437811 318 37 33 32 25 22 12 7 6 3 3 2 0 0 0 0 0 0 0 0
"123" 123 0.0621761658031 332 107 44 14 1 1 1 0 0 0 0 0 0 0 0 0 0 0 0 0
"124" 124 0.0248756218905 499 1 0 0 0 0 0 0 0 0 0 0 0 0 0 0 0 0 0 0
"125" 125 0.311004784689 227 92 42 33 27 20 19 19 9 9 3 0 0 0 0 0 0 0 0 0
"126" 126 0.046511627907 364 58 41 13 6 4 3 2 2 2 2 2 1 0 0 0 0 0 0 0
"127" 127 0.465408805031 211 175 85 10 9 6 2 2 0 0 0 0 0 0 0 0 0 0 0 0
"128" 128 0.587443946188 149 137 106 56 25 17 5 4 1 0 0 0 0 0 0 0 0 0 0 0
"129" 129 0.0 497 1 1 1 0 0 0 0 0 0 0 0 0 0 0 0 0 0 0 0
"130" 130 0.322869955157 221 125 69 42 17 13 6 4 1 1 1 0 0 0 0 0 0 0 0 0
"131" 131 0.567307692308 255 113 74 52 6 0 0 0 0 0 0 0 0 0 0 0 0 0 0 0
"132" 132 0.196652719665 307 192 1 0 0 0 0 0 0 0 0 0 0 0 0 0 0 0 0 0
"133" 133 0.0418410041841 403 86 4 4 3 0 0 0 0 0 0 0 0 0 0 0 0 0 0 0
"134" 134 0.777202072539 349 96 22 10 9 9 4 1 0 0 0 0 0 0 0 0 0 0 0 0
"135" 135 0.162436548223 161 80 77 75 41 16 15 15 8 5 4 1 1 1 0 0 0 0 0 0
"136" 136 0.421383647799 272 161 51 7 7 1 1 0 0 0 0 0 0 0 0 0 0 0 0 0
"137" 137 0.116751269036 320 64 45 36 29 5 1 0 0 0 0 0 0 0 0 0 0 0 0 0
"138" 138 0.238341968912 338 51 40 24 19 14 6 6 1 1 0 0 0 0 0 0 0 0 0 0
"139" 139 0.157894736842 500 0 0 0 0 0 0 0 0 0 0 0 0 0 0 0 0 0 0 0
"140" 140 0.0 334 73 30 26 10 8 5 5 4 3 2 0 0 0 0 0 0 0 0 0
"141" 141 0.298165137615 185 93 83 52 38 30 11 4 2 2 0 0 0 0 0 0 0 0 0 0
"142" 142 0.0 160 116 89 84 23 12 7 5 2 1 1 0 0 0 0 0 0 0 0 0
"143" 143 0.0632183908046 202 126 63 61 18 12 10 4 2 1 1 0 0 0 0 0 0 0 0 0
"144" 144 0.314465408805 244 103 51 34 27 25 5 5 4 1 1 0 0 0 0 0 0 0 0 0
"145" 145 0.218274111675 158 131 46 38 30 29 26 16 14 8 3 1 0 0 0 0 0 0 0 0
"146" 146 0.00497512437811 268 135 48 19 7 6 5 5 3 3 1 0 0 0 0 0 0 0 0 0
"147" 147 0.0 319 131 23 17 8 2 0 0 0 0 0 0 0 0 0 0 0 0 0 0
"148" 148 0.584821428571 159 157 89 65 16 7 2 2 1 1 1 0 0 0 0 0 0 0 0 0
"149" 149 0.148288973384 142 83 58 54 31 29 23 22 17 16 11 7 3 2 1 1 0 0 0 0
"150" 150 0.00418410041841 398 86 9 7 0 0 0 0 0 0 0 0 0 0 0 0 0 0 0 0
"151" 151 0.392857142857 266 81 81 40 20 6 3 1 1 1 0 0 0 0 0 0 0 0 0 0
"152" 152 0.490384615385 172 150 90 26 24 16 11 6 3 1 1 0 0 0 0 0 0 0 0 0
"153" 153 0.35864978903 95 81 74 71 70 67 9 8 8 7 5 2 2 1 0 0 0 0 0 0
"154" 154 0.723076923077 474 20 4 1 1 0 0 0 0 0 0 0 0 0 0 0 0 0 0 0
"155" 155 0.179104477612 454 19 7 5 5 4 1 1 1 1 1 1 0 0 0 0 0 0 0 0
"156" 156 0.65625 164 138 104 48 15 12 10 5 2 2 0 0 0 0 0 0 0 0 0 0
"157" 157 0.414507772021 324 52 49 19 19 17 7 4 2 2 2 1 1 1 0 0 0 0 0 0
"158" 158 0.116751269036 323 51 45 42 18 18 2 1 0 0 0 0 0 0 0 0 0 0 0 0
"159" 159 0.00574712643678 201 183 61 52 3 0 0 0 0 0 0 0 0 0 0 0 0 0 0 0
"160" 160 0.0 446 26 15 8 4 1 0 0 0 0 0 0 0 0 0 0 0 0 0 0
"161" 161 0.00574712643678 235 93 46 30 23 21 21 10 10 8 1 1 1 0 0 0 0 0 0 0
"162" 162 0.00662251655629 494 4 2 0 0 0 0 0 0 0 0 0 0 0 0 0 0 0 0 0
"163" 163 0.0125786163522 332 95 44 15 7 5 1 1 0 0 0 0 0 0 0 0 0 0 0 0
"164" 164 0.290155440415 283 113 72 15 8 2 2 2 1 1 1 0 0 0 0 0 0 0 0 0
"165" 165 0.521531100478 375 34 27 21 14 9 6 5 3 2 2 2 0 0 0 0 0 0 0 0
"166" 166 0.576923076923 173 90 85 47 38 24 11 11 8 6 3 2 2 0 0 0 0 0 0 0
"167" 167 0.0 138 119 103 64 39 15 12 6 3 1 0 0 0 0 0 0 0 0 0 0
"168" 168 0.304597701149 356 46 38 17 14 13 11 2 2 1 0 0 0 0 0 0 0 0 0 0
"169" 169 0.575581395349 392 38 35 19 6 3 3 1 1 1 1 0 0 0 0 0 0 0 0 0
"170" 170 0.138686131387 159 129 78 45 39 24 9 7 3 3 2 1 1 0 0 0 0 0 0 0
"171" 171 0.0077519379845 496 4 0 0 0 0 0 0 0 0 0 0 0 0 0 0 0 0 0 0
"172" 172 0.554744525547 174 135 103 60 10 7 4 3 2 2 0 0 0 0 0 0 0 0 0 0
"173" 173 0.443037974684 229 190 61 12 3 2 2 1 0 0 0 0 0 0 0 0 0 0 0 0
"174" 174 0.0 441 29 7 7 4 3 3 2 2 1 1 0 0 0 0 0 0 0 0 0
"175" 175 0.031007751938 499 1 0 0 0 0 0 0 0 0 0 0 0 0 0 0 0 0 0 0
"176" 176 0.466321243523 122 84 80 73 57 31 20 19 5 4 2 1 1 1 0 0 0 0 0 0
"177" 177 0.273722627737 102 96 77 41 31 29 27 25 22 11 9 9 7 5 4 2 2 1 0 0
"178" 178 0.124378109453 425 45 20 4 2 2 2 0 0 0 0 0 0 0 0 0 0 0 0 0
"179" 179 0.742616033755 488 12 0 0 0 0 0 0 0 0 0 0 0 0 0 0 0 0 0 0
"180" 180 0.139534883721 276 79 67 53 12 8 3 1 1 0 0 0 0 0 0 0 0 0 0 0
"181" 181 0.440251572327 176 166 72 65 11 4 4 2 0 0 0 0 0 0 0 0 0 0 0 0
"182" 182 0.365482233503 453 21 13 5 4 3 1 0 0 0 0 0 0 0 0 0 0 0 0 0
"183" 183 0.0232558139535 359 132 6 3 0 0 0 0 0 0 0 0 0 0 0 0 0 0 0 0
"184" 184 0.197969543147 245 226 14 8 4 2 1 0 0 0 0 0 0 0 0 0 0 0 0 0
"185" 185 0.00507614213198 308 72 28 23 17 17 13 9 4 3 3 1 1 1 0 0 0 0 0 0
"186" 186 0.150259067358 446 44 5 3 1 1 0 0 0 0 0 0 0 0 0 0 0 0 0 0
"187" 187 0.544303797468 477 6 4 4 2 2 1 1 1 1 1 0 0 0 0 0 0 0 0 0
"188" 188 0.810218978102 334 63 43 40 10 5 4 1 0 0 0 0 0 0 0 0 0 0 0 0
"189" 189 0.371559633028 237 196 30 15 6 6 2 2 2 1 1 1 1 0 0 0 0 0 0 0
"190" 190 0.512820512821 197 150 96 30 10 9 6 2 0 0 0 0 0 0 0 0 0 0 0 0
"191" 191 0.197969543147 205 60 53 45 44 39 26 16 4 4 2 1 1 0 0 0 0 0 0 0
"192" 192 0.419540229885 450 22 16 6 3 2 1 0 0 0 0 0 0 0 0 0 0 0 0 0
"193" 193 0.423076923077 500 0 0 0 0 0 0 0 0 0 0 0 0 0 0 0 0 0 0 0
"194" 194 0.574358974359 167 122 111 25 18 16 15 8 8 6 3 1 0 0 0 0 0 0 0 0
"195" 195 0.0406091370558 196 153 59 46 28 12 6 0 0 0 0 0 0 0 0 0 0 0 0 0
"196" 196 0.647321428571 335 88 18 14 12 9 6 6 5 4 1 1 1 0 0 0 0 0 0 0
"197" 197 0.346153846154 412 83 2 2 1 0 0 0 0 0 0 0 0 0 0 0 0 0 0 0
"198" 198 0.130801687764 202 129 89 40 18 7 5 3 3 2 1 1 0 0 0 0 0 0 0 0
"199" 199 0.0 246 242 9 1 1 1 0 0 0 0 0 0 0 0 0 0 0 0 0 0
"200" 200 0.0 147 133 125 60 15 10 4 2 2 1 1 0 0 0 0 0 0 0 0 0
"201" 201 0.0 463 19 12 4 1 1 0 0 0 0 0 0 0 0 0 0 0 0 0 0
"202" 202 0.0 317 71 44 29 20 9 5 2 1 1 1 0 0 0 0 0 0 0 0 0
"203" 203 0.00507614213198 407 31 22 12 11 8 7 1 1 0 0 0 0 0 0 0 0 0 0 0
"204" 204 0.113989637306 413 60 16 10 1 0 0 0 0 0 0 0 0 0 0 0 0 0 0 0
"205" 205 0.020725388601 319 80 30 19 18 14 7 4 3 3 1 1 1 0 0 0 0 0 0 0
"206" 206 0.0609137055838 175 107 47 45 34 32 31 13 12 3 1 0 0 0 0 0 0 0 0 0
"207" 207 0.0253807106599 227 187 71 14 1 0 0 0 0 0 0 0 0 0 0 0 0 0 0 0
"208" 208 0.227979274611 156 126 107 55 29 10 6 3 3 2 2 1 0 0 0 0 0 0 0 0
"209" 209 0.31976744186 161 93 76 71 25 19 14 13 9 7 5 4 3 0 0 0 0 0 0 0
"210" 210 0.031007751938 387 52 41 12 7 1 0 0 0 0 0 0 0 0 0 0 0 0 0 0
"211" 211 0.134615384615 163 155 97 23 17 17 14 5 3 2 2 2 0 0 0 0 0 0 0 0
"212" 212 0.441860465116 138 127 105 44 41 18 13 8 3 1 1 1 0 0 0 0 0 0 0 0
"213" 213 0.0253807106599 413 30 25 15 6 6 2 2 1 0 0 0 0 0 0 0 0 0 0 0
"214" 214 0.0348837209302 277 85 44 37 25 13 6 4 3 2 2 1 1 0 0 0 0 0 0 0
"215" 215 0.547263681592 248 130 36 33 24 22 4 3 0 0 0 0 0 0 0 0 0 0 0 0
"216" 216 0.0 304 87 85 17 2 2 2 1 0 0 0 0 0 0 0 0 0 0 0 0
"217" 217 0.0 269 157 54 12 7 1 0 0 0 0 0 0 0 0 0 0 0 0 0 0
"218" 218 0.379487179487 182 83 79 71 31 19 12 8 7 5 3 0 0 0 0 0 0 0 0 0
"219" 219 0.15503875969 182 71 66 37 35 34 21 21 16 6 5 3 2 1 0 0 0 0 0 0
"220" 220 0.00497512437811 318 118 21 20 8 5 3 3 2 1 1 0 0 0 0 0 0 0 0 0
"221" 221 0.379310344828 123 85 83 55 34 27 23 16 14 13 12 9 4 1 1 0 0 0 0 0
"222" 222 0.723214285714 134 132 112 63 14 13 11 8 7 6 0 0 0 0 0 0 0 0 0 0
"223" 223 0.394871794872 201 139 44 22 22 19 17 14 13 5 2 1 1 0 0 0 0 0 0 0
"224" 224 0.326923076923 301 199 0 0 0 0 0 0 0 0 0 0 0 0 0 0 0 0 0 0
"225" 225 0.108527131783 252 242 4 1 1 0 0 0 0 0 0 0 0 0 0 0 0 0 0 0
"226" 226 0.409282700422 276 130 40 22 20 5 4 2 1 0 0 0 0 0 0 0 0 0 0 0
"227" 227 0.214285714286 400 34 22 19 7 6 6 3 2 1 0 0 0 0 0 0 0 0 0 0
"228" 228 0.0172413793103 217 163 91 10 8 6 4 1 0 0 0 0 0 0 0 0 0 0 0 0
"229" 229 0.0342205323194 304 184 10 1 1 0 0 0 0 0 0 0 0 0 0 0 0 0 0 0
"230" 230 0.0 416 82 2 0 0 0 0 0 0 0 0 0 0 0 0 0 0 0 0 0
"231" 231 0.0 445 42 13 0 0 0 0 0 0 0 0 0 0 0 0 0 0 0 0 0
"232" 232 0.00632911392405 438 46 12 4 0 0 0 0 0 0 0 0 0 0 0 0 0 0 0 0
"233" 233 0.0116279069767 215 167 95 16 5 2 0 0 0 0 0 0 0 0 0 0 0 0 0 0
"234" 234 0.0143540669856 500 0 0 0 0 0 0 0 0 0 0 0 0 0 0 0 0 0 0 0
"235" 235 0.0188679245283 330 98 51 10 4 4 1 1 1 0 0 0 0 0 0 0 0 0 0 0
"236" 236 0.218390804598 155 64 61 58 45 32 25 12 12 10 9 7 3 2 2 1 1 1 0 0
"237" 237 0.0547263681592 467 15 4 3 2 2 2 1 1 1 1 1 0 0 0 0 0 0 0 0
"238" 238 0.304635761589 143 110 76 67 41 37 15 6 3 1 1 0 0 0 0 0 0 0 0 0
"239" 239 0.519230769231 500 0 0 0 0 0 0 0 0 0 0 0 0 0 0 0 0 0 0 0
"240" 240 0.314465408805 196 101 65 50 33 28 19 7 1 0 0 0 0 0 0 0 0 0 0 0
"241" 241 0.0 391 109 0 0 0 0 0 0 0 0 0 0 0 0 0 0 0 0 0 0
"242" 242 0.0172413793103 244 78 66 36 34 20 9 4 4 3 1 1 0 0 0 0 0 0 0 0
"243" 243 0.388392857143 131 99 77 55 47 34 18 17 8 7 7 0 0 0 0 0 0 0 0 0
"244" 244 0.386861313869 129 113 107 78 41 15 9 7 1 0 0 0 0 0 0 0 0 0 0 0
"245" 245 0.0152284263959 388 43 19 14 14 8 2 2 2 2 2 2 1 1 0 0 0 0 0 0
"246" 246 0.169230769231 212 132 45 42 21 16 13 12 3 2 2 0 0 0 0 0 0 0 0 0
"247" 247 0.707692307692 124 110 96 94 25 19 16 9 5 2 0 0 0 0 0 0 0 0 0 0
"248" 248 0.0662251655629 500 0 0 0 0 0 0 0 0 0 0 0 0 0 0 0 0 0 0 0
"249" 249 0.273255813953 198 124 83 33 20 13 9 6 4 3 2 2 2 1 0 0 0 0 0 0
"250" 250 0.010152284264 428 37 21 8 5 1 0 0 0 0 0 0 0 0 0 0 0 0 0 0
"251" 251 0.476793248945 337 72 69 10 8 2 1 1 0 0 0 0 0 0 0 0 0 0 0 0
"252" 252 0.147321428571 407 66 18 6 2 1 0 0 0 0 0 0 0 0 0 0 0 0 0 0
"253" 253 0.0 421 19 15 12 12 7 5 2 2 1 1 1 1 1 0 0 0 0 0 0
"254" 254 0.0 224 150 72 26 11 8 6 1 1 1 0 0 0 0 0 0 0 0 0 0
"255" 255 0.00574712643678 371 54 46 7 6 5 3 3 2 1 1 1 0 0 0 0 0 0 0 0
"256" 256 0.00581395348837 237 132 100 22 4 2 2 1 0 0 0 0 0 0 0 0 0 0 0 0
"257" 257 0.107692307692 302 176 4 4 3 3 2 2 1 1 1 1 0 0 0 0 0 0 0 0
"258" 258 0.0 307 146 35 9 1 1 1 0 0 0 0 0 0 0 0 0 0 0 0 0
"259" 259 0.0558375634518 347 116 27 4 2 2 1 1 0 0 0 0 0 0 0 0 0 0 0 0
"260" 260 0.261603375527 413 15 15 14 13 12 9 8 1 0 0 0 0 0 0 0 0 0 0 0
"261" 261 0.199004975124 282 70 44 28 26 21 5 5 4 3 3 2 2 2 1 1 1 0 0 0
"262" 262 0.245283018868 373 28 26 24 17 12 9 6 5 0 0 0 0 0 0 0 0 0 0 0
"263" 263 0.732142857143 219 121 67 32 20 13 12 6 4 3 2 1 0 0 0 0 0 0 0 0
"264" 264 0.6875 275 62 41 31 30 18 15 12 9 6 1 0 0 0 0 0 0 0 0 0
"265" 265 0.270042194093 146 103 97 36 25 17 16 15 15 13 8 4 4 1 0 0 0 0 0 0
"266" 266 0.658227848101 159 143 102 57 23 9 5 2 0 0 0 0 0 0 0 0 0 0 0 0
"267" 267 0.0355329949239 380 51 27 15 10 9 3 2 1 1 1 0 0 0 0 0 0 0 0 0
"268" 268 0.575892857143 202 143 89 18 18 14 9 4 3 0 0 0 0 0 0 0 0 0 0 0
"269" 269 0.302919708029 148 116 114 73 19 12 11 6 1 0 0 0 0 0 0 0 0 0 0 0
"270" 270 0.255230125523 407 31 31 17 11 2 1 0 0 0 0 0 0 0 0 0 0 0 0 0
"271" 271 0.413502109705 100 85 73 68 45 28 23 23 23 22 3 3 2 1 1 0 0 0 0 0
"272" 272 0.291479820628 128 98 94 66 27 25 20 17 7 5 3 3 2 2 1 1 1 0 0 0
"273" 273 0.114427860697 191 177 38 26 20 11 9 8 6 4 4 2 2 1 1 0 0 0 0 0
"274" 274 0.278145695364 452 16 10 7 5 3 3 2 2 0 0 0 0 0 0 0 0 0 0 0
"275" 275 0.00574712643678 282 100 55 49 7 4 3 0 0 0 0 0 0 0 0 0 0 0 0 0
"276" 276 0.0 265 202 31 1 1 0 0 0 0 0 0 0 0 0 0 0 0 0 0 0
"277" 277 0.440251572327 263 133 74 25 2 1 1 1 0 0 0 0 0 0 0 0 0 0 0 0
"278" 278 0.179104477612 121 110 87 64 25 22 20 19 18 4 4 3 2 1 0 0 0 0 0 0
"279" 279 0.00497512437811 121 119 78 63 58 42 5 5 3 2 2 1 1 0 0 0 0 0 0 0
"280" 280 0.0 495 3 2 0 0 0 0 0 0 0 0 0 0 0 0 0 0 0 0 0
"281" 281 0.290178571429 172 129 92 69 34 3 1 0 0 0 0 0 0 0 0 0 0 0 0 0
"282" 282 0.0077519379845 160 63 59 59 41 38 25 20 13 9 7 4 2 0 0 0 0 0 0 0
"283" 283 0.0 293 50 40 29 27 18 14 12 8 7 1 1 0 0 0 0 0 0 0 0
"284" 284 0.223350253807 200 105 69 63 42 8 4 3 2 1 1 1 1 0 0 0 0 0 0 0
"285" 285 0.164233576642 131 127 61 53 47 21 20 16 10 8 5 1 0 0 0 0 0 0 0 0
"286" 286 0.0919540229885 127 125 65 61 25 19 16 16 14 11 9 6 4 1 1 0 0 0 0 0
"287" 287 0.22009569378 219 130 75 37 19 8 7 1 1 1 1 1 0 0 0 0 0 0 0 0
"288" 288 0.473214285714 259 92 85 61 1 1 1 0 0 0 0 0 0 0 0 0 0 0 0 0
"289" 289 0.798206278027 479 9 5 5 1 1 0 0 0 0 0 0 0 0 0 0 0 0 0 0
"290" 290 0.340807174888 421 31 30 7 5 5 1 0 0 0 0 0 0 0 0 0 0 0 0 0
"291" 291 0.437086092715 177 113 101 72 25 9 2 1 0 0 0 0 0 0 0 0 0 0 0 0
"292" 292 0.114942528736 172 156 65 28 23 21 13 5 5 4 4 2 1 1 0 0 0 0 0 0
"293" 293 0.516556291391 172 121 60 57 52 21 12 3 1 1 0 0 0 0 0 0 0 0 0 0
"294" 294 0.631178707224 327 150 15 8 0 0 0 0 0 0 0 0 0 0 0 0 0 0 0 0
"295" 295 0.199004975124 242 112 82 37 7 7 5 3 2 2 1 0 0 0 0 0 0 0 0 0
"296" 296 0.573221757322 216 113 42 41 40 21 8 6 5 3 3 2 0 0 0 0 0 0 0 0
