"site" "RSA" "aa1" "aa2" "aa3" "aa4" "aa5" "aa6" "aa7" "aa8" "aa9" "aa10" "aa11" "aa12" "aa13" "aa14" "aa15" "aa16" "aa17" "aa18" "aa19" "aa20"
"0" 0 0.275229357798 379 89 30 2 0 0 0 0 0 0 0 0 0 0 0 0 0 0 0 0
"1" 1 0.723214285714 443 57 0 0 0 0 0 0 0 0 0 0 0 0 0 0 0 0 0 0
"2" 2 0.317948717949 257 89 56 56 25 13 4 0 0 0 0 0 0 0 0 0 0 0 0 0
"3" 3 0.0836820083682 456 20 13 6 2 2 1 0 0 0 0 0 0 0 0 0 0 0 0 0
"4" 4 0.390134529148 362 98 18 15 4 1 1 1 0 0 0 0 0 0 0 0 0 0 0 0
"5" 5 0.316455696203 396 88 9 4 2 1 0 0 0 0 0 0 0 0 0 0 0 0 0 0
"6" 6 0.402298850575 313 163 22 1 1 0 0 0 0 0 0 0 0 0 0 0 0 0 0 0
"7" 7 0.482142857143 494 5 1 0 0 0 0 0 0 0 0 0 0 0 0 0 0 0 0 0
"8" 8 0.514767932489 423 35 21 9 7 5 0 0 0 0 0 0 0 0 0 0 0 0 0 0
"9" 9 0.395939086294 488 9 2 1 0 0 0 0 0 0 0 0 0 0 0 0 0 0 0 0
"10" 10 0.240384615385 500 0 0 0 0 0 0 0 0 0 0 0 0 0 0 0 0 0 0 0
"11" 11 0.683035714286 489 7 4 0 0 0 0 0 0 0 0 0 0 0 0 0 0 0 0 0
"12" 12 0.336538461538 350 62 49 25 7 5 2 0 0 0 0 0 0 0 0 0 0 0 0 0
"13" 13 1.06976744186 276 143 60 20 1 0 0 0 0 0 0 0 0 0 0 0 0 0 0 0
"14" 14 0.269230769231 500 0 0 0 0 0 0 0 0 0 0 0 0 0 0 0 0 0 0 0
"15" 15 0.14367816092 256 202 11 11 9 6 5 0 0 0 0 0 0 0 0 0 0 0 0 0
"16" 16 0.183908045977 301 119 46 11 8 6 3 2 2 1 1 0 0 0 0 0 0 0 0 0
"17" 17 0.171102661597 419 43 38 0 0 0 0 0 0 0 0 0 0 0 0 0 0 0 0 0
"18" 18 0.240506329114 495 3 2 0 0 0 0 0 0 0 0 0 0 0 0 0 0 0 0 0
"19" 19 0.0 283 125 47 45 0 0 0 0 0 0 0 0 0 0 0 0 0 0 0 0
"20" 20 0.357664233577 219 125 121 33 2 0 0 0 0 0 0 0 0 0 0 0 0 0 0 0
"21" 21 0.0923076923077 254 213 13 12 6 2 0 0 0 0 0 0 0 0 0 0 0 0 0 0
"22" 22 0.455696202532 381 60 21 21 17 0 0 0 0 0 0 0 0 0 0 0 0 0 0 0
"23" 23 0.696517412935 337 87 47 19 6 2 1 1 0 0 0 0 0 0 0 0 0 0 0 0
"24" 24 0.563953488372 257 121 50 24 22 21 2 2 1 0 0 0 0 0 0 0 0 0 0 0
"25" 25 0.432692307692 500 0 0 0 0 0 0 0 0 0 0 0 0 0 0 0 0 0 0 0
"26" 26 0.379464285714 268 143 55 11 9 5 3 2 2 1 1 0 0 0 0 0 0 0 0 0
"27" 27 0.350574712644 199 120 114 46 16 2 2 1 0 0 0 0 0 0 0 0 0 0 0 0
"28" 28 0.0 268 160 40 12 12 2 2 2 1 1 0 0 0 0 0 0 0 0 0 0
"29" 29 0.124031007752 477 12 9 1 1 0 0 0 0 0 0 0 0 0 0 0 0 0 0 0
"30" 30 0.0 171 130 127 35 23 6 3 3 2 0 0 0 0 0 0 0 0 0 0 0
"31" 31 0.177215189873 215 135 52 40 14 12 11 7 4 3 3 3 1 0 0 0 0 0 0 0
"32" 32 0.0759493670886 222 106 68 37 31 13 7 6 5 3 1 1 0 0 0 0 0 0 0 0
"33" 33 0.10152284264 159 128 82 44 35 26 10 6 5 3 1 1 0 0 0 0 0 0 0 0
"34" 34 0.489051094891 500 0 0 0 0 0 0 0 0 0 0 0 0 0 0 0 0 0 0 0
"35" 35 0.139303482587 236 215 49 0 0 0 0 0 0 0 0 0 0 0 0 0 0 0 0 0
"36" 36 0.378238341969 295 203 1 1 0 0 0 0 0 0 0 0 0 0 0 0 0 0 0 0
"37" 37 0.343023255814 225 206 25 12 11 7 6 4 2 1 1 0 0 0 0 0 0 0 0 0
"38" 38 0.723214285714 254 226 7 6 5 1 1 0 0 0 0 0 0 0 0 0 0 0 0 0
"39" 39 0.593023255814 494 5 1 0 0 0 0 0 0 0 0 0 0 0 0 0 0 0 0 0
"40" 40 0.709821428571 499 1 0 0 0 0 0 0 0 0 0 0 0 0 0 0 0 0 0 0
"41" 41 0.288461538462 500 0 0 0 0 0 0 0 0 0 0 0 0 0 0 0 0 0 0 0
"42" 42 0.362068965517 275 92 57 33 19 9 7 3 2 2 1 0 0 0 0 0 0 0 0 0
"43" 43 0.207547169811 253 110 50 38 32 11 6 0 0 0 0 0 0 0 0 0 0 0 0 0
"44" 44 0.569536423841 195 126 69 61 48 1 0 0 0 0 0 0 0 0 0 0 0 0 0 0
"45" 45 0.348837209302 142 101 91 86 31 25 18 5 1 0 0 0 0 0 0 0 0 0 0 0
"46" 46 0.0 163 130 108 50 25 11 4 3 2 2 1 1 0 0 0 0 0 0 0 0
"47" 47 0.482233502538 275 96 76 45 3 2 1 1 1 0 0 0 0 0 0 0 0 0 0 0
"48" 48 0.29197080292 232 212 26 25 4 1 0 0 0 0 0 0 0 0 0 0 0 0 0 0
"49" 49 0.0267857142857 135 133 104 62 55 10 1 0 0 0 0 0 0 0 0 0 0 0 0 0
"50" 50 0.121827411168 207 93 74 36 20 19 18 12 8 7 2 2 1 1 0 0 0 0 0 0
"51" 51 0.403973509934 247 111 97 33 6 5 1 0 0 0 0 0 0 0 0 0 0 0 0 0
"52" 52 0.0597014925373 374 78 28 20 0 0 0 0 0 0 0 0 0 0 0 0 0 0 0 0
"53" 53 0.0398009950249 456 21 12 7 2 1 1 0 0 0 0 0 0 0 0 0 0 0 0 0
"54" 54 0.632911392405 236 194 22 21 12 4 3 3 2 2 1 0 0 0 0 0 0 0 0 0
"55" 55 0.424107142857 241 133 52 28 17 16 12 1 0 0 0 0 0 0 0 0 0 0 0 0
"56" 56 0.0199004975124 456 42 1 1 0 0 0 0 0 0 0 0 0 0 0 0 0 0 0 0
"57" 57 0.594871794872 269 199 32 0 0 0 0 0 0 0 0 0 0 0 0 0 0 0 0 0
"58" 58 0.177033492823 493 7 0 0 0 0 0 0 0 0 0 0 0 0 0 0 0 0 0 0
"59" 59 0.566037735849 208 131 68 54 35 4 0 0 0 0 0 0 0 0 0 0 0 0 0 0
"60" 60 0.0564102564103 255 181 34 26 2 1 1 0 0 0 0 0 0 0 0 0 0 0 0 0
"61" 61 0.010152284264 418 65 13 2 2 0 0 0 0 0 0 0 0 0 0 0 0 0 0 0
"62" 62 0.0287356321839 242 114 39 39 16 16 15 9 7 3 0 0 0 0 0 0 0 0 0 0
"63" 63 0.430379746835 394 69 11 7 6 5 3 2 2 1 0 0 0 0 0 0 0 0 0 0
"64" 64 0.124378109453 448 43 5 2 1 1 0 0 0 0 0 0 0 0 0 0 0 0 0 0
"65" 65 0.268656716418 451 19 13 7 6 2 1 1 0 0 0 0 0 0 0 0 0 0 0 0
"66" 66 0.461139896373 469 27 4 0 0 0 0 0 0 0 0 0 0 0 0 0 0 0 0 0
"67" 67 0.155172413793 289 140 28 26 10 3 2 1 1 0 0 0 0 0 0 0 0 0 0 0
"68" 68 0.147208121827 474 11 11 2 1 1 0 0 0 0 0 0 0 0 0 0 0 0 0 0
"69" 69 0.66985645933 155 138 96 59 26 14 9 2 1 0 0 0 0 0 0 0 0 0 0 0
"70" 70 0.348837209302 481 16 2 1 0 0 0 0 0 0 0 0 0 0 0 0 0 0 0 0
"71" 71 0.723214285714 457 16 13 9 5 0 0 0 0 0 0 0 0 0 0 0 0 0 0 0
"72" 72 0.4 458 15 12 7 5 2 1 0 0 0 0 0 0 0 0 0 0 0 0 0
"73" 73 0.257383966245 273 189 16 15 3 2 1 1 0 0 0 0 0 0 0 0 0 0 0 0
"74" 74 0.0298507462687 217 208 47 14 6 4 2 1 1 0 0 0 0 0 0 0 0 0 0 0
"75" 75 0.0836501901141 189 108 76 60 25 20 16 6 0 0 0 0 0 0 0 0 0 0 0 0
"76" 76 0.0 258 89 81 47 15 3 2 2 1 1 1 0 0 0 0 0 0 0 0 0
"77" 77 0.0172413793103 313 153 11 11 8 2 2 0 0 0 0 0 0 0 0 0 0 0 0 0
"78" 78 0.0836820083682 282 92 84 36 3 2 1 0 0 0 0 0 0 0 0 0 0 0 0 0
"79" 79 0.174107142857 170 150 96 66 10 4 3 1 0 0 0 0 0 0 0 0 0 0 0 0
"80" 80 0.163179916318 249 248 3 0 0 0 0 0 0 0 0 0 0 0 0 0 0 0 0 0
"81" 81 0.0497512437811 356 118 13 9 3 1 0 0 0 0 0 0 0 0 0 0 0 0 0 0
"82" 82 0.377990430622 253 134 85 24 2 1 1 0 0 0 0 0 0 0 0 0 0 0 0 0
"83" 83 0.125560538117 197 123 53 53 27 25 21 1 0 0 0 0 0 0 0 0 0 0 0 0
"84" 84 0.217616580311 220 192 52 16 14 5 1 0 0 0 0 0 0 0 0 0 0 0 0 0
"85" 85 0.0 432 29 25 9 2 1 1 1 0 0 0 0 0 0 0 0 0 0 0 0
"86" 86 0.232067510549 239 154 45 26 14 9 5 5 2 1 0 0 0 0 0 0 0 0 0 0
"87" 87 0.485232067511 247 74 57 49 39 24 6 2 1 1 0 0 0 0 0 0 0 0 0 0
"88" 88 0.0334728033473 492 3 2 1 1 1 0 0 0 0 0 0 0 0 0 0 0 0 0 0
"89" 89 0.0321100917431 463 27 4 3 2 1 0 0 0 0 0 0 0 0 0 0 0 0 0 0
"90" 90 0.492227979275 230 107 81 41 39 2 0 0 0 0 0 0 0 0 0 0 0 0 0 0
"91" 91 0.612403100775 190 123 89 58 24 7 4 2 1 1 1 0 0 0 0 0 0 0 0 0
"92" 92 0.0927152317881 371 122 3 2 1 1 0 0 0 0 0 0 0 0 0 0 0 0 0 0
"93" 93 0.527131782946 283 217 0 0 0 0 0 0 0 0 0 0 0 0 0 0 0 0 0 0
"94" 94 0.880597014925 283 117 100 0 0 0 0 0 0 0 0 0 0 0 0 0 0 0 0 0
"95" 95 0.761627906977 335 153 11 1 0 0 0 0 0 0 0 0 0 0 0 0 0 0 0 0
"96" 96 0.173076923077 500 0 0 0 0 0 0 0 0 0 0 0 0 0 0 0 0 0 0 0
"97" 97 0.0710659898477 471 27 1 1 0 0 0 0 0 0 0 0 0 0 0 0 0 0 0 0
"98" 98 0.51572327044 263 112 64 43 12 3 3 0 0 0 0 0 0 0 0 0 0 0 0 0
"99" 99 0.283582089552 186 125 58 48 25 20 20 8 7 2 1 0 0 0 0 0 0 0 0 0
"100" 100 0.396226415094 229 102 75 66 12 10 6 0 0 0 0 0 0 0 0 0 0 0 0 0
"101" 101 0.0199004975124 212 202 81 3 2 0 0 0 0 0 0 0 0 0 0 0 0 0 0 0
"102" 102 0.0304568527919 499 1 0 0 0 0 0 0 0 0 0 0 0 0 0 0 0 0 0 0
"103" 103 0.0632911392405 378 65 29 17 4 3 3 1 0 0 0 0 0 0 0 0 0 0 0 0
"104" 104 0.0132450331126 490 10 0 0 0 0 0 0 0 0 0 0 0 0 0 0 0 0 0 0
"105" 105 0.0 485 5 5 2 1 1 1 0 0 0 0 0 0 0 0 0 0 0 0 0
"106" 106 0.0 396 31 22 19 13 5 5 4 3 2 0 0 0 0 0 0 0 0 0 0
"107" 107 0.209205020921 204 192 66 12 10 8 7 1 0 0 0 0 0 0 0 0 0 0 0 0
"108" 108 0.0582959641256 201 155 60 43 27 11 2 1 0 0 0 0 0 0 0 0 0 0 0 0
"109" 109 0.0 421 61 6 5 2 2 2 1 0 0 0 0 0 0 0 0 0 0 0 0
"110" 110 0.0 476 17 4 2 1 0 0 0 0 0 0 0 0 0 0 0 0 0 0 0
"111" 111 0.282511210762 307 90 64 21 10 8 0 0 0 0 0 0 0 0 0 0 0 0 0 0
"112" 112 0.0 500 0 0 0 0 0 0 0 0 0 0 0 0 0 0 0 0 0 0 0
"113" 113 0.0 215 210 26 15 11 6 6 5 3 3 0 0 0 0 0 0 0 0 0 0
"114" 114 0.116279069767 411 42 20 9 5 4 4 4 1 0 0 0 0 0 0 0 0 0 0 0
"115" 115 0.209205020921 364 72 61 2 1 0 0 0 0 0 0 0 0 0 0 0 0 0 0 0
"116" 116 0.0 194 187 76 39 3 1 0 0 0 0 0 0 0 0 0 0 0 0 0 0
"117" 117 0.124401913876 485 7 5 1 1 1 0 0 0 0 0 0 0 0 0 0 0 0 0 0
"118" 118 0.576158940397 221 176 38 29 27 9 0 0 0 0 0 0 0 0 0 0 0 0 0 0
"119" 119 0.320574162679 351 101 21 14 9 2 1 1 0 0 0 0 0 0 0 0 0 0 0 0
"120" 120 0.35401459854 314 88 75 18 2 2 1 0 0 0 0 0 0 0 0 0 0 0 0 0
"121" 121 0.0 359 53 42 37 9 0 0 0 0 0 0 0 0 0 0 0 0 0 0 0
"122" 122 0.0 281 64 55 39 20 17 16 4 2 1 1 0 0 0 0 0 0 0 0 0
"123" 123 0.0 500 0 0 0 0 0 0 0 0 0 0 0 0 0 0 0 0 0 0 0
"124" 124 0.0583941605839 343 107 19 17 7 6 1 0 0 0 0 0 0 0 0 0 0 0 0 0
"125" 125 0.0880829015544 332 72 47 28 8 8 4 1 0 0 0 0 0 0 0 0 0 0 0 0
"126" 126 0.0 360 92 17 14 8 7 1 1 0 0 0 0 0 0 0 0 0 0 0 0
"127" 127 0.172995780591 253 101 83 43 9 5 4 2 0 0 0 0 0 0 0 0 0 0 0 0
"128" 128 0.0 240 210 45 2 2 1 0 0 0 0 0 0 0 0 0 0 0 0 0 0
"129" 129 0.309417040359 225 161 69 39 3 2 1 0 0 0 0 0 0 0 0 0 0 0 0 0
"130" 130 0.0717948717949 198 146 99 29 28 0 0 0 0 0 0 0 0 0 0 0 0 0 0 0
"131" 131 0.0 383 103 5 4 2 1 1 1 0 0 0 0 0 0 0 0 0 0 0 0
"132" 132 0.199004975124 225 222 27 14 6 5 1 0 0 0 0 0 0 0 0 0 0 0 0 0
"133" 133 0.0 480 9 3 3 2 2 1 0 0 0 0 0 0 0 0 0 0 0 0 0
"134" 134 0.138461538462 498 2 0 0 0 0 0 0 0 0 0 0 0 0 0 0 0 0 0 0
"135" 135 0.383720930233 171 137 81 52 44 10 4 1 0 0 0 0 0 0 0 0 0 0 0 0
"136" 136 0.571428571429 378 50 36 32 2 1 1 0 0 0 0 0 0 0 0 0 0 0 0 0
"137" 137 0.0 500 0 0 0 0 0 0 0 0 0 0 0 0 0 0 0 0 0 0 0
"138" 138 0.0697674418605 401 81 13 3 1 1 0 0 0 0 0 0 0 0 0 0 0 0 0 0
"139" 139 0.0 422 62 12 3 1 0 0 0 0 0 0 0 0 0 0 0 0 0 0 0
"140" 140 0.10970464135 263 197 13 12 12 2 1 0 0 0 0 0 0 0 0 0 0 0 0 0
"141" 141 0.0 463 20 7 5 2 1 1 1 0 0 0 0 0 0 0 0 0 0 0 0
"142" 142 0.0697674418605 272 228 0 0 0 0 0 0 0 0 0 0 0 0 0 0 0 0 0 0
"143" 143 0.305699481865 329 87 71 11 1 1 0 0 0 0 0 0 0 0 0 0 0 0 0 0
"144" 144 0.00418410041841 393 92 7 6 2 0 0 0 0 0 0 0 0 0 0 0 0 0 0 0
"145" 145 0.105769230769 250 91 72 43 19 17 4 3 1 0 0 0 0 0 0 0 0 0 0 0
"146" 146 0.268656716418 167 90 77 57 48 33 19 8 1 0 0 0 0 0 0 0 0 0 0 0
"147" 147 0.0 320 180 0 0 0 0 0 0 0 0 0 0 0 0 0 0 0 0 0 0
"148" 148 0.197080291971 241 94 93 47 18 6 1 0 0 0 0 0 0 0 0 0 0 0 0 0
"149" 149 0.325581395349 396 96 7 1 0 0 0 0 0 0 0 0 0 0 0 0 0 0 0 0
"150" 150 0.125523012552 174 77 76 67 64 21 19 1 1 0 0 0 0 0 0 0 0 0 0 0
"151" 151 0.269230769231 351 148 1 0 0 0 0 0 0 0 0 0 0 0 0 0 0 0 0 0
"152" 152 0.804597701149 247 148 27 26 18 16 14 3 1 0 0 0 0 0 0 0 0 0 0 0
"153" 153 0.748427672956 226 177 62 33 2 0 0 0 0 0 0 0 0 0 0 0 0 0 0 0
"154" 154 0.16091954023 261 125 63 16 11 8 6 5 4 1 0 0 0 0 0 0 0 0 0 0
"155" 155 0.558394160584 500 0 0 0 0 0 0 0 0 0 0 0 0 0 0 0 0 0 0 0
"156" 156 0.523255813953 305 149 23 15 5 3 0 0 0 0 0 0 0 0 0 0 0 0 0 0
"157" 157 0.110266159696 346 154 0 0 0 0 0 0 0 0 0 0 0 0 0 0 0 0 0 0
"158" 158 0.832535885167 396 48 15 14 12 12 3 0 0 0 0 0 0 0 0 0 0 0 0 0
"159" 159 0.790178571429 500 0 0 0 0 0 0 0 0 0 0 0 0 0 0 0 0 0 0 0
"160" 160 0.0804597701149 451 38 6 3 1 1 0 0 0 0 0 0 0 0 0 0 0 0 0 0
"161" 161 0.0114942528736 469 22 9 0 0 0 0 0 0 0 0 0 0 0 0 0 0 0 0 0
"162" 162 0.273255813953 215 79 75 69 34 13 7 5 3 0 0 0 0 0 0 0 0 0 0 0
"163" 163 0.164179104478 467 29 2 1 1 0 0 0 0 0 0 0 0 0 0 0 0 0 0 0
"164" 164 0.351063829787 263 190 28 11 7 1 0 0 0 0 0 0 0 0 0 0 0 0 0 0
"165" 165 0.0152091254753 300 81 59 58 2 0 0 0 0 0 0 0 0 0 0 0 0 0 0 0
"166" 166 0.142335766423 385 115 0 0 0 0 0 0 0 0 0 0 0 0 0 0 0 0 0 0
"167" 167 0.0077519379845 477 11 7 3 2 0 0 0 0 0 0 0 0 0 0 0 0 0 0 0
"168" 168 0.0 368 45 29 17 13 9 8 4 3 2 2 0 0 0 0 0 0 0 0 0
"169" 169 0.0223214285714 493 4 3 0 0 0 0 0 0 0 0 0 0 0 0 0 0 0 0 0
"170" 170 0.0761421319797 122 114 83 81 37 23 20 7 6 4 3 0 0 0 0 0 0 0 0 0
"171" 171 0.0199004975124 427 57 15 1 0 0 0 0 0 0 0 0 0 0 0 0 0 0 0 0
"172" 172 0.0 145 134 122 60 15 6 6 5 4 2 1 0 0 0 0 0 0 0 0 0
"173" 173 0.259615384615 276 153 57 12 1 1 0 0 0 0 0 0 0 0 0 0 0 0 0 0
"174" 174 0.113924050633 500 0 0 0 0 0 0 0 0 0 0 0 0 0 0 0 0 0 0 0
"175" 175 0.455696202532 271 81 76 37 27 5 2 1 0 0 0 0 0 0 0 0 0 0 0 0
"176" 176 0.539923954373 291 202 5 1 1 0 0 0 0 0 0 0 0 0 0 0 0 0 0 0
"177" 177 0.0304182509506 305 120 53 10 6 3 2 1 0 0 0 0 0 0 0 0 0 0 0 0
"178" 178 0.23178807947 500 0 0 0 0 0 0 0 0 0 0 0 0 0 0 0 0 0 0 0
"179" 179 0.267441860465 236 172 53 21 15 2 1 0 0 0 0 0 0 0 0 0 0 0 0 0
"180" 180 0.0852713178295 495 4 1 0 0 0 0 0 0 0 0 0 0 0 0 0 0 0 0 0
"181" 181 0.0 476 10 7 5 2 0 0 0 0 0 0 0 0 0 0 0 0 0 0 0
"182" 182 0.0 500 0 0 0 0 0 0 0 0 0 0 0 0 0 0 0 0 0 0 0
"183" 183 0.010152284264 287 74 62 58 9 8 2 0 0 0 0 0 0 0 0 0 0 0 0 0
"184" 184 0.0 291 107 99 3 0 0 0 0 0 0 0 0 0 0 0 0 0 0 0 0
"185" 185 0.0 500 0 0 0 0 0 0 0 0 0 0 0 0 0 0 0 0 0 0 0
"186" 186 0.00497512437811 439 40 9 6 2 1 1 1 1 0 0 0 0 0 0 0 0 0 0 0
"187" 187 0.0 500 0 0 0 0 0 0 0 0 0 0 0 0 0 0 0 0 0 0 0
"188" 188 0.00632911392405 470 27 2 1 0 0 0 0 0 0 0 0 0 0 0 0 0 0 0 0
"189" 189 0.0 214 147 52 47 29 4 4 1 1 1 0 0 0 0 0 0 0 0 0 0
"190" 190 0.0 231 174 33 24 23 6 6 2 1 0 0 0 0 0 0 0 0 0 0 0
"191" 191 0.0 399 64 13 8 5 4 2 1 1 1 1 1 0 0 0 0 0 0 0 0
"192" 192 0.0178571428571 381 60 48 3 3 3 2 0 0 0 0 0 0 0 0 0 0 0 0 0
"193" 193 0.0 268 224 5 1 1 1 0 0 0 0 0 0 0 0 0 0 0 0 0 0
"194" 194 0.0689655172414 199 144 61 40 20 8 7 6 5 4 3 2 1 0 0 0 0 0 0 0
"195" 195 0.191860465116 271 175 40 7 5 1 1 0 0 0 0 0 0 0 0 0 0 0 0 0
"196" 196 0.299270072993 497 1 1 1 0 0 0 0 0 0 0 0 0 0 0 0 0 0 0 0
"197" 197 0.631386861314 280 217 3 0 0 0 0 0 0 0 0 0 0 0 0 0 0 0 0 0
"198" 198 0.15503875969 353 50 48 23 13 9 2 2 0 0 0 0 0 0 0 0 0 0 0 0
"199" 199 0.144278606965 456 12 12 7 5 3 3 1 1 0 0 0 0 0 0 0 0 0 0 0
"200" 200 0.00836820083682 475 12 10 2 1 0 0 0 0 0 0 0 0 0 0 0 0 0 0 0
"201" 201 0.245283018868 488 9 2 1 0 0 0 0 0 0 0 0 0 0 0 0 0 0 0 0
"202" 202 0.0384615384615 500 0 0 0 0 0 0 0 0 0 0 0 0 0 0 0 0 0 0 0
"203" 203 0.683937823834 182 178 133 5 1 1 0 0 0 0 0 0 0 0 0 0 0 0 0 0
"204" 204 0.337748344371 492 8 0 0 0 0 0 0 0 0 0 0 0 0 0 0 0 0 0 0
"205" 205 0.495535714286 457 21 12 10 0 0 0 0 0 0 0 0 0 0 0 0 0 0 0 0
"206" 206 0.324873096447 494 5 1 0 0 0 0 0 0 0 0 0 0 0 0 0 0 0 0 0
"207" 207 0.124352331606 452 40 3 2 2 1 0 0 0 0 0 0 0 0 0 0 0 0 0 0
"208" 208 0.0 424 41 32 3 0 0 0 0 0 0 0 0 0 0 0 0 0 0 0 0
"209" 209 0.0348258706468 406 35 27 16 6 4 4 1 1 0 0 0 0 0 0 0 0 0 0 0
"210" 210 0.200836820084 417 48 34 1 0 0 0 0 0 0 0 0 0 0 0 0 0 0 0 0
"211" 211 0.277372262774 454 44 1 1 0 0 0 0 0 0 0 0 0 0 0 0 0 0 0 0
"212" 212 0.0 293 136 63 4 3 1 0 0 0 0 0 0 0 0 0 0 0 0 0 0
"213" 213 0.00418410041841 338 86 69 4 1 1 1 0 0 0 0 0 0 0 0 0 0 0 0 0
"214" 214 0.383211678832 440 49 7 4 0 0 0 0 0 0 0 0 0 0 0 0 0 0 0 0
"215" 215 0.104651162791 442 23 10 7 5 3 3 2 2 1 1 1 0 0 0 0 0 0 0 0
"216" 216 0.0298507462687 474 14 6 3 2 1 0 0 0 0 0 0 0 0 0 0 0 0 0 0
"217" 217 0.0576923076923 500 0 0 0 0 0 0 0 0 0 0 0 0 0 0 0 0 0 0 0
"218" 218 0.156976744186 133 114 106 101 46 0 0 0 0 0 0 0 0 0 0 0 0 0 0 0
"219" 219 0.0377358490566 235 163 75 24 3 0 0 0 0 0 0 0 0 0 0 0 0 0 0 0
"220" 220 0.424870466321 500 0 0 0 0 0 0 0 0 0 0 0 0 0 0 0 0 0 0 0
"221" 221 0.34375 348 129 18 3 2 0 0 0 0 0 0 0 0 0 0 0 0 0 0 0
"222" 222 0.770114942529 488 12 0 0 0 0 0 0 0 0 0 0 0 0 0 0 0 0 0 0
"223" 223 0.350574712644 476 12 12 0 0 0 0 0 0 0 0 0 0 0 0 0 0 0 0 0
"224" 224 0.0390070921986 372 112 13 2 1 0 0 0 0 0 0 0 0 0 0 0 0 0 0 0
"225" 225 0.522012578616 445 55 0 0 0 0 0 0 0 0 0 0 0 0 0 0 0 0 0 0
"226" 226 0.317307692308 500 0 0 0 0 0 0 0 0 0 0 0 0 0 0 0 0 0 0 0
"227" 227 0.0 236 112 80 66 6 0 0 0 0 0 0 0 0 0 0 0 0 0 0 0
"228" 228 0.354651162791 436 23 17 14 6 2 2 0 0 0 0 0 0 0 0 0 0 0 0 0
"229" 229 0.675496688742 457 23 20 0 0 0 0 0 0 0 0 0 0 0 0 0 0 0 0 0
"230" 230 0.0871559633028 297 139 58 3 1 1 1 0 0 0 0 0 0 0 0 0 0 0 0 0
"231" 231 0.509433962264 404 87 8 1 0 0 0 0 0 0 0 0 0 0 0 0 0 0 0 0
"232" 232 0.466321243523 247 156 35 25 22 9 4 2 0 0 0 0 0 0 0 0 0 0 0 0
"233" 233 0.155893536122 434 53 12 1 0 0 0 0 0 0 0 0 0 0 0 0 0 0 0 0
"234" 234 0.426160337553 255 129 75 24 14 2 1 0 0 0 0 0 0 0 0 0 0 0 0 0
"235" 235 0.654088050314 326 152 22 0 0 0 0 0 0 0 0 0 0 0 0 0 0 0 0 0
"236" 236 0.668874172185 255 122 121 2 0 0 0 0 0 0 0 0 0 0 0 0 0 0 0 0
"237" 237 0.0376569037657 140 106 75 52 45 42 15 15 5 2 2 1 0 0 0 0 0 0 0 0
"238" 238 0.345911949686 315 169 6 4 3 3 0 0 0 0 0 0 0 0 0 0 0 0 0 0
"239" 239 0.763713080169 468 30 2 0 0 0 0 0 0 0 0 0 0 0 0 0 0 0 0 0
"240" 240 0.27304964539 454 39 7 0 0 0 0 0 0 0 0 0 0 0 0 0 0 0 0 0
"241" 241 0.713178294574 468 32 0 0 0 0 0 0 0 0 0 0 0 0 0 0 0 0 0 0
"242" 242 0.416058394161 445 29 26 0 0 0 0 0 0 0 0 0 0 0 0 0 0 0 0 0
"243" 243 0.367713004484 250 230 6 5 4 3 1 1 0 0 0 0 0 0 0 0 0 0 0 0
"244" 244 0.528497409326 257 151 78 8 5 1 0 0 0 0 0 0 0 0 0 0 0 0 0 0
"245" 245 0.0753138075314 393 45 22 22 12 2 2 1 1 0 0 0 0 0 0 0 0 0 0 0
"246" 246 0.291390728477 236 171 46 31 8 7 1 0 0 0 0 0 0 0 0 0 0 0 0 0
"247" 247 0.590717299578 283 162 36 10 6 2 1 0 0 0 0 0 0 0 0 0 0 0 0 0
"248" 248 0.0689655172414 256 208 14 7 6 4 2 1 1 1 0 0 0 0 0 0 0 0 0 0
"249" 249 0.00574712643678 179 143 91 56 13 10 4 2 1 1 0 0 0 0 0 0 0 0 0 0
"250" 250 0.509433962264 271 184 44 1 0 0 0 0 0 0 0 0 0 0 0 0 0 0 0 0
"251" 251 0.59748427673 180 128 101 89 2 0 0 0 0 0 0 0 0 0 0 0 0 0 0 0
"252" 252 0.0298507462687 402 83 4 4 4 2 1 0 0 0 0 0 0 0 0 0 0 0 0 0
"253" 253 0.316062176166 349 122 16 10 3 0 0 0 0 0 0 0 0 0 0 0 0 0 0 0
"254" 254 0.647321428571 224 136 94 36 5 3 2 0 0 0 0 0 0 0 0 0 0 0 0 0
"255" 255 0.238341968912 223 129 73 61 12 1 1 0 0 0 0 0 0 0 0 0 0 0 0 0
"256" 256 0.0 233 185 31 11 9 8 6 5 5 3 2 1 1 0 0 0 0 0 0 0
"257" 257 0.284671532847 274 111 96 17 1 1 0 0 0 0 0 0 0 0 0 0 0 0 0 0
"258" 258 0.304635761589 244 163 54 30 3 3 2 1 0 0 0 0 0 0 0 0 0 0 0 0
"259" 259 0.0 441 42 12 3 1 1 0 0 0 0 0 0 0 0 0 0 0 0 0 0
"260" 260 0.00497512437811 435 30 13 6 5 5 4 2 0 0 0 0 0 0 0 0 0 0 0 0
"261" 261 0.264900662252 445 33 18 3 1 0 0 0 0 0 0 0 0 0 0 0 0 0 0 0
"262" 262 0.318385650224 394 60 34 4 3 3 2 0 0 0 0 0 0 0 0 0 0 0 0 0
"263" 263 0.0 349 136 12 1 1 1 0 0 0 0 0 0 0 0 0 0 0 0 0 0
"264" 264 0.0248756218905 420 79 1 0 0 0 0 0 0 0 0 0 0 0 0 0 0 0 0 0
"265" 265 0.282296650718 439 61 0 0 0 0 0 0 0 0 0 0 0 0 0 0 0 0 0 0
"266" 266 0.0304182509506 286 145 57 6 3 2 1 0 0 0 0 0 0 0 0 0 0 0 0 0
"267" 267 0.0984455958549 412 47 33 5 3 0 0 0 0 0 0 0 0 0 0 0 0 0 0 0
"268" 268 0.194968553459 440 43 6 4 4 1 1 1 0 0 0 0 0 0 0 0 0 0 0 0
"269" 269 0.723076923077 444 47 4 3 2 0 0 0 0 0 0 0 0 0 0 0 0 0 0 0
"270" 270 0.616033755274 386 60 49 3 2 0 0 0 0 0 0 0 0 0 0 0 0 0 0 0
"271" 271 0.0510948905109 393 90 14 3 0 0 0 0 0 0 0 0 0 0 0 0 0 0 0 0
"272" 272 0.10152284264 271 143 57 26 2 1 0 0 0 0 0 0 0 0 0 0 0 0 0 0
"273" 273 0.364238410596 496 2 2 0 0 0 0 0 0 0 0 0 0 0 0 0 0 0 0 0
"274" 274 0.0077519379845 278 207 15 0 0 0 0 0 0 0 0 0 0 0 0 0 0 0 0 0
"275" 275 0.675105485232 468 11 9 7 5 0 0 0 0 0 0 0 0 0 0 0 0 0 0 0
"276" 276 0.348837209302 254 160 61 24 1 0 0 0 0 0 0 0 0 0 0 0 0 0 0 0
"277" 277 0.0 419 52 27 1 1 0 0 0 0 0 0 0 0 0 0 0 0 0 0 0
"278" 278 0.233830845771 499 1 0 0 0 0 0 0 0 0 0 0 0 0 0 0 0 0 0 0
"279" 279 0.697674418605 465 20 9 6 0 0 0 0 0 0 0 0 0 0 0 0 0 0 0 0
"280" 280 0.0813397129187 500 0 0 0 0 0 0 0 0 0 0 0 0 0 0 0 0 0 0 0
"281" 281 0.415094339623 283 83 73 48 12 1 0 0 0 0 0 0 0 0 0 0 0 0 0 0
"282" 282 0.0 243 116 61 42 15 11 6 5 1 0 0 0 0 0 0 0 0 0 0 0
"283" 283 0.0418410041841 457 40 3 0 0 0 0 0 0 0 0 0 0 0 0 0 0 0 0 0
"284" 284 0.677130044843 286 159 41 6 6 1 1 0 0 0 0 0 0 0 0 0 0 0 0 0
"285" 285 0.518134715026 203 155 108 23 6 4 1 0 0 0 0 0 0 0 0 0 0 0 0 0
"286" 286 0.229885057471 434 41 15 9 1 0 0 0 0 0 0 0 0 0 0 0 0 0 0 0
"287" 287 0.517441860465 340 135 25 0 0 0 0 0 0 0 0 0 0 0 0 0 0 0 0 0
"288" 288 0.489451476793 246 199 46 3 3 2 1 0 0 0 0 0 0 0 0 0 0 0 0 0
"289" 289 0.22641509434 219 79 69 54 44 21 8 3 2 1 0 0 0 0 0 0 0 0 0 0
"290" 290 0.563218390805 473 27 0 0 0 0 0 0 0 0 0 0 0 0 0 0 0 0 0 0
"291" 291 0.0377358490566 188 148 121 28 4 4 3 2 1 1 0 0 0 0 0 0 0 0 0 0
"292" 292 0.88995215311 499 1 0 0 0 0 0 0 0 0 0 0 0 0 0 0 0 0 0 0
"293" 293 0.497512437811 318 106 22 19 16 7 6 4 2 0 0 0 0 0 0 0 0 0 0 0
