"site" "RSA" "aa1" "aa2" "aa3" "aa4" "aa5" "aa6" "aa7" "aa8" "aa9" "aa10" "aa11" "aa12" "aa13" "aa14" "aa15" "aa16" "aa17" "aa18" "aa19" "aa20"
"0" 0 0.155963302752 149 110 62 39 27 23 18 17 11 10 9 6 6 4 3 2 2 1 1 0
"1" 1 0.264248704663 165 122 54 43 40 26 22 9 7 5 3 2 1 1 0 0 0 0 0 0
"2" 2 0.0 496 3 1 0 0 0 0 0 0 0 0 0 0 0 0 0 0 0 0 0
"3" 3 0.190114068441 171 168 60 49 24 8 7 6 6 1 0 0 0 0 0 0 0 0 0 0
"4" 4 0.0722433460076 387 54 36 11 9 1 1 1 0 0 0 0 0 0 0 0 0 0 0 0
"5" 5 0.169154228856 160 110 93 67 19 11 8 7 6 6 4 3 3 2 1 0 0 0 0 0
"6" 6 0.251572327044 243 93 80 58 10 9 2 1 1 1 1 1 0 0 0 0 0 0 0 0
"7" 7 0.0576923076923 324 74 39 31 18 7 3 3 1 0 0 0 0 0 0 0 0 0 0 0
"8" 8 0.152317880795 303 147 25 13 10 1 1 0 0 0 0 0 0 0 0 0 0 0 0 0
"9" 9 0.015503875969 321 113 21 21 21 3 0 0 0 0 0 0 0 0 0 0 0 0 0 0
"10" 10 0.182389937107 325 45 37 33 23 20 4 4 3 3 1 1 1 0 0 0 0 0 0 0
"11" 11 0.0 457 35 5 2 1 0 0 0 0 0 0 0 0 0 0 0 0 0 0 0
"12" 12 0.0036496350365 457 25 7 7 2 2 0 0 0 0 0 0 0 0 0 0 0 0 0 0
"13" 13 0.0077519379845 495 5 0 0 0 0 0 0 0 0 0 0 0 0 0 0 0 0 0 0
"14" 14 0.0 480 7 6 6 1 0 0 0 0 0 0 0 0 0 0 0 0 0 0 0
"15" 15 0.0582959641256 230 82 53 46 18 16 14 11 9 8 6 4 2 1 0 0 0 0 0 0
"16" 16 0.0 295 145 37 7 7 4 3 1 1 0 0 0 0 0 0 0 0 0 0 0
"17" 17 0.0 237 192 57 7 4 2 1 0 0 0 0 0 0 0 0 0 0 0 0 0
"18" 18 0.0232558139535 496 2 1 1 0 0 0 0 0 0 0 0 0 0 0 0 0 0 0 0
"19" 19 0.286821705426 139 101 44 42 39 31 26 21 14 13 11 9 6 4 0 0 0 0 0 0
"20" 20 0.100775193798 141 135 129 47 27 6 6 3 2 1 1 1 1 0 0 0 0 0 0 0
"21" 21 0.0114942528736 278 95 90 17 15 3 1 1 0 0 0 0 0 0 0 0 0 0 0 0
"22" 22 0.644230769231 478 22 0 0 0 0 0 0 0 0 0 0 0 0 0 0 0 0 0 0
"23" 23 0.137931034483 392 49 20 15 12 5 4 2 1 0 0 0 0 0 0 0 0 0 0 0
"24" 24 0.776785714286 181 153 60 43 25 16 12 7 3 0 0 0 0 0 0 0 0 0 0 0
"25" 25 0.139303482587 496 2 2 0 0 0 0 0 0 0 0 0 0 0 0 0 0 0 0 0
"26" 26 0.405128205128 492 3 2 1 1 1 0 0 0 0 0 0 0 0 0 0 0 0 0 0
"27" 27 0.383084577114 278 124 26 24 17 11 6 5 3 3 1 1 1 0 0 0 0 0 0 0
"28" 28 0.405063291139 228 111 65 53 15 11 9 2 2 2 1 1 0 0 0 0 0 0 0 0
"29" 29 0.402985074627 198 82 65 46 40 33 10 8 5 5 4 3 1 0 0 0 0 0 0 0
"30" 30 0.0348837209302 239 175 20 13 13 9 9 5 5 4 4 2 1 1 0 0 0 0 0 0
"31" 31 0.348717948718 139 126 61 44 43 42 17 14 4 3 3 2 1 1 0 0 0 0 0 0
"32" 32 0.452736318408 176 99 44 43 25 24 22 14 13 12 8 7 5 4 4 0 0 0 0 0
"33" 33 0.52752293578 118 112 89 49 40 25 18 16 16 6 5 4 1 1 0 0 0 0 0 0
"34" 34 0.837209302326 361 139 0 0 0 0 0 0 0 0 0 0 0 0 0 0 0 0 0 0
"35" 35 0.163461538462 300 197 2 1 0 0 0 0 0 0 0 0 0 0 0 0 0 0 0 0
"36" 36 0.241071428571 117 86 73 49 45 34 24 20 15 13 11 7 5 1 0 0 0 0 0 0
"37" 37 0.167464114833 147 139 64 57 24 18 14 9 7 6 4 3 3 2 2 1 0 0 0 0
"38" 38 0.509174311927 116 83 66 50 41 35 30 24 21 14 8 5 3 3 1 0 0 0 0 0
"39" 39 0.367088607595 134 104 99 59 40 22 15 11 6 5 3 2 0 0 0 0 0 0 0 0
"40" 40 0.553459119497 346 140 14 0 0 0 0 0 0 0 0 0 0 0 0 0 0 0 0 0
"41" 41 0.482142857143 353 50 37 22 13 12 6 4 1 1 1 0 0 0 0 0 0 0 0 0
"42" 42 0.0418410041841 227 201 30 27 4 4 2 1 1 1 1 1 0 0 0 0 0 0 0 0
"43" 43 0.298507462687 117 79 74 58 51 37 34 23 18 7 1 1 0 0 0 0 0 0 0 0
"44" 44 0.738396624473 155 113 80 45 44 32 10 7 7 4 2 1 0 0 0 0 0 0 0 0
"45" 45 0.26368159204 227 114 76 31 12 12 12 5 4 4 3 0 0 0 0 0 0 0 0 0
"46" 46 0.0 470 28 1 1 0 0 0 0 0 0 0 0 0 0 0 0 0 0 0 0
"47" 47 0.572327044025 272 109 48 24 16 16 11 2 1 1 0 0 0 0 0 0 0 0 0 0
"48" 48 0.506726457399 368 82 22 14 9 2 1 1 1 0 0 0 0 0 0 0 0 0 0 0
"49" 49 0.301435406699 283 61 55 38 30 14 11 4 3 1 0 0 0 0 0 0 0 0 0 0
"50" 50 0.215189873418 418 56 10 5 4 3 2 1 1 0 0 0 0 0 0 0 0 0 0 0
"51" 51 0.187817258883 368 51 30 14 14 7 6 4 2 2 2 0 0 0 0 0 0 0 0 0
"52" 52 0.0062893081761 491 9 0 0 0 0 0 0 0 0 0 0 0 0 0 0 0 0 0 0
"53" 53 0.0 405 54 15 12 10 3 1 0 0 0 0 0 0 0 0 0 0 0 0 0
"54" 54 0.00995024875622 186 161 121 25 3 2 1 1 0 0 0 0 0 0 0 0 0 0 0 0
"55" 55 0.103448275862 340 62 47 30 13 3 2 2 1 0 0 0 0 0 0 0 0 0 0 0
"56" 56 0.020725388601 231 112 57 41 21 11 10 8 2 2 1 1 1 1 1 0 0 0 0 0
"57" 57 0.602678571429 144 108 79 61 54 40 5 3 3 2 1 0 0 0 0 0 0 0 0 0
"58" 58 0.658031088083 162 150 48 46 37 27 22 5 2 1 0 0 0 0 0 0 0 0 0 0
"59" 59 0.403846153846 500 0 0 0 0 0 0 0 0 0 0 0 0 0 0 0 0 0 0 0
"60" 60 0.414225941423 211 66 49 49 37 26 18 13 12 5 4 4 4 2 0 0 0 0 0 0
"61" 61 0.183908045977 408 51 24 5 4 4 2 1 1 0 0 0 0 0 0 0 0 0 0 0
"62" 62 0.144278606965 273 131 64 12 10 4 2 2 1 1 0 0 0 0 0 0 0 0 0 0
"63" 63 0.223404255319 267 152 38 16 13 11 2 1 0 0 0 0 0 0 0 0 0 0 0 0
"64" 64 0.299107142857 249 198 27 19 5 2 0 0 0 0 0 0 0 0 0 0 0 0 0 0
"65" 65 0.0132450331126 290 114 52 40 3 1 0 0 0 0 0 0 0 0 0 0 0 0 0 0
"66" 66 0.0802919708029 144 92 56 45 33 31 28 22 19 8 5 5 4 4 3 1 0 0 0 0
"67" 67 0.317829457364 167 102 72 67 42 19 14 6 4 3 3 1 0 0 0 0 0 0 0 0
"68" 68 0.0 497 2 1 0 0 0 0 0 0 0 0 0 0 0 0 0 0 0 0 0
"69" 69 0.0 158 110 77 66 66 17 2 2 2 0 0 0 0 0 0 0 0 0 0 0
"70" 70 0.167512690355 210 114 67 31 28 22 8 8 6 5 1 0 0 0 0 0 0 0 0 0
"71" 71 0.148288973384 250 190 39 8 4 3 2 2 1 1 0 0 0 0 0 0 0 0 0 0
"72" 72 0.0 362 94 39 3 2 0 0 0 0 0 0 0 0 0 0 0 0 0 0 0
"73" 73 0.00574712643678 191 143 80 47 12 8 7 5 4 3 0 0 0 0 0 0 0 0 0 0
"74" 74 0.491071428571 245 164 34 34 7 7 5 2 1 1 0 0 0 0 0 0 0 0 0 0
"75" 75 0.405063291139 409 40 17 15 4 4 3 3 3 1 1 0 0 0 0 0 0 0 0 0
"76" 76 0.140684410646 257 189 20 16 8 4 3 2 1 0 0 0 0 0 0 0 0 0 0 0
"77" 77 0.0 499 1 0 0 0 0 0 0 0 0 0 0 0 0 0 0 0 0 0 0
"78" 78 0.395348837209 454 17 15 7 4 1 1 1 0 0 0 0 0 0 0 0 0 0 0 0
"79" 79 0.703349282297 210 174 38 26 25 20 2 2 1 1 1 0 0 0 0 0 0 0 0 0
"80" 80 0.331606217617 376 66 28 14 11 2 2 1 0 0 0 0 0 0 0 0 0 0 0 0
"81" 81 0.558139534884 278 162 23 15 8 6 5 3 0 0 0 0 0 0 0 0 0 0 0 0
"82" 82 0.59585492228 319 109 36 20 9 5 1 1 0 0 0 0 0 0 0 0 0 0 0 0
"83" 83 0.114427860697 390 71 14 10 6 4 2 2 1 0 0 0 0 0 0 0 0 0 0 0
"84" 84 0.139534883721 345 59 33 29 14 12 5 2 1 0 0 0 0 0 0 0 0 0 0 0
"85" 85 0.361607142857 399 56 16 9 9 8 1 1 1 0 0 0 0 0 0 0 0 0 0 0
"86" 86 0.346715328467 381 86 23 7 2 1 0 0 0 0 0 0 0 0 0 0 0 0 0 0
"87" 87 0.0696517412935 425 25 14 14 9 7 2 1 1 1 1 0 0 0 0 0 0 0 0 0
"88" 88 0.0570342205323 125 119 113 39 37 28 16 10 9 2 2 0 0 0 0 0 0 0 0 0
"89" 89 0.11320754717 184 166 91 26 23 8 1 1 0 0 0 0 0 0 0 0 0 0 0 0
"90" 90 0.476821192053 369 29 27 26 18 12 7 6 2 2 1 1 0 0 0 0 0 0 0 0
"91" 91 0.341968911917 333 84 36 17 14 8 3 3 1 1 0 0 0 0 0 0 0 0 0 0
"92" 92 0.641509433962 385 87 13 12 1 1 1 0 0 0 0 0 0 0 0 0 0 0 0 0
"93" 93 0.722627737226 375 95 8 5 5 4 3 2 2 1 0 0 0 0 0 0 0 0 0 0
"94" 94 0.591240875912 218 170 52 38 9 8 3 1 1 0 0 0 0 0 0 0 0 0 0 0
"95" 95 0.189781021898 252 104 70 29 14 12 10 3 2 2 1 1 0 0 0 0 0 0 0 0
"96" 96 0.395348837209 190 99 62 61 54 26 5 2 1 0 0 0 0 0 0 0 0 0 0 0
"97" 97 0.258620689655 201 159 100 12 12 9 5 1 1 0 0 0 0 0 0 0 0 0 0 0
"98" 98 0.0114942528736 375 62 28 14 13 5 1 1 1 0 0 0 0 0 0 0 0 0 0 0
"99" 99 0.267942583732 187 133 79 39 35 13 7 3 2 1 1 0 0 0 0 0 0 0 0 0
"100" 100 0.515695067265 224 102 61 35 30 24 12 10 2 0 0 0 0 0 0 0 0 0 0 0
"101" 101 0.0839416058394 186 76 73 64 51 27 12 4 4 2 1 0 0 0 0 0 0 0 0 0
"102" 102 0.0348258706468 313 54 47 28 25 16 13 2 2 0 0 0 0 0 0 0 0 0 0 0
"103" 103 0.623430962343 176 120 64 57 33 19 17 7 3 2 2 0 0 0 0 0 0 0 0 0
"104" 104 0.100418410042 443 17 13 7 7 5 3 2 1 1 1 0 0 0 0 0 0 0 0 0
"105" 105 0.0 260 96 88 29 22 5 0 0 0 0 0 0 0 0 0 0 0 0 0 0
"106" 106 0.281609195402 155 130 40 33 32 31 19 17 15 12 6 4 3 2 1 0 0 0 0 0
"107" 107 0.503875968992 154 91 81 77 29 24 22 12 8 1 1 0 0 0 0 0 0 0 0 0
"108" 108 0.16091954023 168 143 111 40 22 9 5 2 0 0 0 0 0 0 0 0 0 0 0 0
"109" 109 0.0 383 85 14 5 3 3 2 2 1 1 1 0 0 0 0 0 0 0 0 0
"110" 110 0.110266159696 130 127 98 69 28 25 10 5 3 2 2 1 0 0 0 0 0 0 0 0
"111" 111 0.385650224215 317 130 28 11 8 4 2 0 0 0 0 0 0 0 0 0 0 0 0 0
"112" 112 0.222627737226 288 130 48 22 5 3 1 1 1 1 0 0 0 0 0 0 0 0 0 0
"113" 113 0.0 377 91 13 5 4 3 2 2 2 1 0 0 0 0 0 0 0 0 0 0
"114" 114 0.077519379845 180 166 87 39 18 5 2 1 1 1 0 0 0 0 0 0 0 0 0 0
"115" 115 0.303571428571 329 137 14 9 7 3 1 0 0 0 0 0 0 0 0 0 0 0 0 0
"116" 116 0.110266159696 343 84 47 19 5 2 0 0 0 0 0 0 0 0 0 0 0 0 0 0
"117" 117 0.0722433460076 217 123 60 35 31 26 5 2 1 0 0 0 0 0 0 0 0 0 0 0
"118" 118 0.292775665399 154 127 120 68 22 3 3 1 1 1 0 0 0 0 0 0 0 0 0 0
"119" 119 0.345911949686 191 135 106 21 15 15 6 5 4 1 1 0 0 0 0 0 0 0 0 0
"120" 120 0.139013452915 214 195 65 14 11 1 0 0 0 0 0 0 0 0 0 0 0 0 0 0
"121" 121 0.106598984772 210 71 58 42 24 24 24 16 12 7 5 4 2 1 0 0 0 0 0 0
"122" 122 0.276150627615 115 83 69 68 48 40 34 21 10 5 5 1 1 0 0 0 0 0 0 0
"123" 123 0.663461538462 498 2 0 0 0 0 0 0 0 0 0 0 0 0 0 0 0 0 0 0
"124" 124 0.825112107623 198 96 75 67 35 17 6 3 1 1 1 0 0 0 0 0 0 0 0 0
"125" 125 0.518987341772 203 121 118 23 14 8 5 3 2 2 1 0 0 0 0 0 0 0 0 0
"126" 126 0.379310344828 185 116 85 35 19 18 18 12 7 3 2 0 0 0 0 0 0 0 0 0
"127" 127 0.767295597484 500 0 0 0 0 0 0 0 0 0 0 0 0 0 0 0 0 0 0 0
"128" 128 0.649425287356 468 24 8 0 0 0 0 0 0 0 0 0 0 0 0 0 0 0 0 0
"129" 129 0.240384615385 500 0 0 0 0 0 0 0 0 0 0 0 0 0 0 0 0 0 0 0
"130" 130 0.440414507772 386 94 17 3 0 0 0 0 0 0 0 0 0 0 0 0 0 0 0 0
"131" 131 0.509433962264 500 0 0 0 0 0 0 0 0 0 0 0 0 0 0 0 0 0 0 0
"132" 132 0.346153846154 201 109 65 45 23 14 11 11 8 8 3 2 0 0 0 0 0 0 0 0
"133" 133 0.357664233577 233 66 63 52 50 19 6 5 3 2 1 0 0 0 0 0 0 0 0 0
"134" 134 0.1592039801 186 115 105 70 15 3 2 2 1 1 0 0 0 0 0 0 0 0 0 0
"135" 135 0.591240875912 227 158 66 20 15 8 3 3 0 0 0 0 0 0 0 0 0 0 0 0
"136" 136 0.264900662252 99 98 75 67 65 49 15 12 7 5 3 3 2 0 0 0 0 0 0 0
"137" 137 0.0 340 64 50 24 9 5 3 3 2 0 0 0 0 0 0 0 0 0 0 0
"138" 138 0.183035714286 215 152 56 42 19 9 4 1 1 1 0 0 0 0 0 0 0 0 0 0
"139" 139 0.403587443946 126 109 70 36 35 34 30 26 18 11 5 0 0 0 0 0 0 0 0 0
"140" 140 0.0 497 1 1 1 0 0 0 0 0 0 0 0 0 0 0 0 0 0 0 0
"141" 141 0.0 287 120 63 8 7 5 3 3 2 1 1 0 0 0 0 0 0 0 0 0
"142" 142 0.433035714286 145 126 70 56 48 22 18 8 3 2 1 1 0 0 0 0 0 0 0 0
"143" 143 0.330543933054 232 96 43 31 22 20 16 12 9 6 5 4 3 1 0 0 0 0 0 0
"144" 144 0.0 396 40 24 19 9 2 2 2 2 1 1 1 1 0 0 0 0 0 0 0
"145" 145 0.0358974358974 145 133 66 50 34 31 19 10 7 5 0 0 0 0 0 0 0 0 0 0
"146" 146 0.488372093023 106 95 78 74 52 43 28 10 6 5 2 1 0 0 0 0 0 0 0 0
"147" 147 0.234309623431 289 71 57 25 15 15 12 12 3 1 0 0 0 0 0 0 0 0 0 0
"148" 148 0.00497512437811 495 5 0 0 0 0 0 0 0 0 0 0 0 0 0 0 0 0 0 0
"149" 149 0.598214285714 435 25 12 9 7 7 3 1 1 0 0 0 0 0 0 0 0 0 0 0
"150" 150 0.701923076923 394 95 5 5 1 0 0 0 0 0 0 0 0 0 0 0 0 0 0 0
"151" 151 0.388392857143 392 42 18 12 12 8 5 4 4 3 0 0 0 0 0 0 0 0 0 0
"152" 152 0.313901345291 197 98 41 41 30 23 22 19 13 10 3 3 0 0 0 0 0 0 0 0
"153" 153 0.0228136882129 297 202 1 0 0 0 0 0 0 0 0 0 0 0 0 0 0 0 0 0
"154" 154 0.0 325 153 11 4 3 2 1 1 0 0 0 0 0 0 0 0 0 0 0 0
"155" 155 0.124031007752 400 65 33 1 1 0 0 0 0 0 0 0 0 0 0 0 0 0 0 0
"156" 156 0.105769230769 500 0 0 0 0 0 0 0 0 0 0 0 0 0 0 0 0 0 0 0
"157" 157 0.490384615385 500 0 0 0 0 0 0 0 0 0 0 0 0 0 0 0 0 0 0 0
"158" 158 0.668393782383 313 107 48 23 7 1 1 0 0 0 0 0 0 0 0 0 0 0 0 0
"159" 159 0.362694300518 349 102 32 10 4 1 1 1 0 0 0 0 0 0 0 0 0 0 0 0
"160" 160 0.11320754717 217 171 35 26 15 14 8 7 3 2 2 0 0 0 0 0 0 0 0 0
"161" 161 0.0232558139535 396 88 15 1 0 0 0 0 0 0 0 0 0 0 0 0 0 0 0 0
"162" 162 0.0 186 111 107 79 7 5 2 1 1 1 0 0 0 0 0 0 0 0 0 0
"163" 163 0.0 330 170 0 0 0 0 0 0 0 0 0 0 0 0 0 0 0 0 0 0
"164" 164 0.0 486 5 5 4 0 0 0 0 0 0 0 0 0 0 0 0 0 0 0 0
"165" 165 0.00995024875622 126 116 70 52 50 28 23 14 8 6 3 2 1 1 0 0 0 0 0 0
"166" 166 0.00662251655629 131 121 112 59 18 16 11 11 8 6 2 2 2 1 0 0 0 0 0 0
"167" 167 0.0 313 59 36 29 21 11 7 7 6 5 3 1 1 1 0 0 0 0 0 0
"168" 168 0.0 455 20 13 7 2 2 1 0 0 0 0 0 0 0 0 0 0 0 0 0
"169" 169 0.0077519379845 480 20 0 0 0 0 0 0 0 0 0 0 0 0 0 0 0 0 0 0
"170" 170 0.00581395348837 277 94 52 20 19 18 11 5 4 0 0 0 0 0 0 0 0 0 0 0
"171" 171 0.0 177 154 56 41 20 19 18 9 3 2 1 0 0 0 0 0 0 0 0 0
"172" 172 0.0 378 104 12 2 1 1 1 1 0 0 0 0 0 0 0 0 0 0 0 0
"173" 173 0.0 171 116 62 42 35 20 19 15 10 3 3 2 1 1 0 0 0 0 0 0
"174" 174 0.0 243 107 58 56 13 10 5 3 3 1 1 0 0 0 0 0 0 0 0 0
"175" 175 0.433035714286 240 85 82 31 31 24 3 3 1 0 0 0 0 0 0 0 0 0 0 0
"176" 176 0.206896551724 266 44 41 41 38 33 23 6 3 2 2 1 0 0 0 0 0 0 0 0
"177" 177 0.100775193798 451 24 9 7 4 1 1 1 1 1 0 0 0 0 0 0 0 0 0 0
"178" 178 0.586538461538 500 0 0 0 0 0 0 0 0 0 0 0 0 0 0 0 0 0 0 0
"179" 179 0.0950570342205 195 184 67 17 16 4 4 4 4 2 2 1 0 0 0 0 0 0 0 0
"180" 180 0.435233160622 181 173 102 24 15 4 1 0 0 0 0 0 0 0 0 0 0 0 0 0
"181" 181 0.0149253731343 495 3 1 1 0 0 0 0 0 0 0 0 0 0 0 0 0 0 0 0
"182" 182 0.591240875912 414 32 22 9 6 5 5 3 2 1 1 0 0 0 0 0 0 0 0 0
"183" 183 0.474452554745 171 130 93 86 12 4 3 1 0 0 0 0 0 0 0 0 0 0 0 0
"184" 184 0.0494296577947 227 96 90 87 0 0 0 0 0 0 0 0 0 0 0 0 0 0 0 0
"185" 185 0.526785714286 199 120 90 27 19 18 17 5 4 1 0 0 0 0 0 0 0 0 0 0
"186" 186 0.117948717949 363 35 23 19 15 15 11 9 8 2 0 0 0 0 0 0 0 0 0 0
"187" 187 0.0 260 185 32 11 7 3 1 1 0 0 0 0 0 0 0 0 0 0 0 0
"188" 188 0.121076233184 430 25 16 11 10 4 4 0 0 0 0 0 0 0 0 0 0 0 0 0
"189" 189 0.266423357664 275 62 58 54 26 18 5 1 1 0 0 0 0 0 0 0 0 0 0 0
"190" 190 0.0 476 18 6 0 0 0 0 0 0 0 0 0 0 0 0 0 0 0 0 0
"191" 191 0.0684410646388 361 96 34 5 2 2 0 0 0 0 0 0 0 0 0 0 0 0 0 0
"192" 192 0.477678571429 334 97 19 14 12 10 6 4 3 1 0 0 0 0 0 0 0 0 0 0
"193" 193 0.328467153285 196 90 76 37 24 22 20 14 6 6 6 3 0 0 0 0 0 0 0 0
"194" 194 0.0 234 221 23 7 6 3 3 1 1 1 0 0 0 0 0 0 0 0 0 0
"195" 195 0.17880794702 231 138 43 35 17 13 10 7 4 2 0 0 0 0 0 0 0 0 0 0
"196" 196 0.627906976744 149 134 76 63 21 20 14 7 6 5 2 2 1 0 0 0 0 0 0 0
"197" 197 0.416243654822 320 63 40 18 16 13 12 9 5 3 1 0 0 0 0 0 0 0 0 0
"198" 198 0.0689655172414 308 46 39 34 28 14 11 8 6 4 1 1 0 0 0 0 0 0 0 0
"199" 199 0.389937106918 150 88 86 85 30 14 13 12 9 7 3 2 1 0 0 0 0 0 0 0
"200" 200 0.125 500 0 0 0 0 0 0 0 0 0 0 0 0 0 0 0 0 0 0 0
"201" 201 0.077519379845 240 228 25 2 2 2 1 0 0 0 0 0 0 0 0 0 0 0 0 0
"202" 202 0.533678756477 229 182 30 18 15 15 5 2 2 1 1 0 0 0 0 0 0 0 0 0
"203" 203 0.405063291139 124 106 94 45 28 28 22 21 11 9 7 3 2 0 0 0 0 0 0 0
"204" 204 0.00512820512821 172 120 68 68 45 12 9 3 2 1 0 0 0 0 0 0 0 0 0 0
"205" 205 0.287356321839 229 90 76 66 9 6 5 4 4 4 3 1 1 1 1 0 0 0 0 0
"206" 206 0.517857142857 133 132 89 41 30 26 20 9 9 6 3 1 1 0 0 0 0 0 0 0
"207" 207 0.0384615384615 464 21 4 3 3 2 2 1 0 0 0 0 0 0 0 0 0 0 0 0
"208" 208 0.015503875969 451 43 6 0 0 0 0 0 0 0 0 0 0 0 0 0 0 0 0 0
"209" 209 0.561181434599 154 97 93 49 47 23 21 6 5 3 1 1 0 0 0 0 0 0 0 0
"210" 210 0.344827586207 97 92 75 73 50 45 14 12 10 10 9 9 2 1 1 0 0 0 0 0
"211" 211 0.0543933054393 111 88 80 58 57 29 23 19 15 8 6 3 3 0 0 0 0 0 0 0
"212" 212 0.153846153846 425 45 19 5 4 2 0 0 0 0 0 0 0 0 0 0 0 0 0 0
"213" 213 0.5 135 112 76 55 48 47 16 3 2 2 2 1 1 0 0 0 0 0 0 0
"214" 214 0.307984790875 164 73 69 58 42 26 16 16 12 8 5 5 5 1 0 0 0 0 0 0
"215" 215 0.18410041841 195 74 67 60 45 17 16 10 7 5 3 1 0 0 0 0 0 0 0 0
"216" 216 0.96511627907 227 109 81 43 25 5 5 2 2 1 0 0 0 0 0 0 0 0 0 0
