"site" "RSA" "aa1" "aa2" "aa3" "aa4" "aa5" "aa6" "aa7" "aa8" "aa9" "aa10" "aa11" "aa12" "aa13" "aa14" "aa15" "aa16" "aa17" "aa18" "aa19" "aa20"
"0" 0 0.279816513761 213 188 41 21 11 7 5 5 4 2 2 1 0 0 0 0 0 0 0 0
"1" 1 0.42194092827 148 86 52 47 36 23 23 20 18 15 8 6 6 5 4 3 0 0 0 0
"2" 2 0.385057471264 176 157 54 37 36 21 7 3 2 2 2 1 1 1 0 0 0 0 0 0
"3" 3 0.511494252874 144 143 74 42 42 18 10 9 5 5 4 3 1 0 0 0 0 0 0 0
"4" 4 0.476793248945 222 103 51 50 36 24 3 3 3 2 2 1 0 0 0 0 0 0 0 0
"5" 5 0.383928571429 111 110 85 84 36 32 9 8 7 6 6 2 2 1 1 0 0 0 0 0
"6" 6 0.317991631799 124 103 66 55 48 34 16 13 13 12 11 2 2 1 0 0 0 0 0 0
"7" 7 0.675496688742 85 67 57 52 48 43 35 33 26 17 16 11 6 2 1 1 0 0 0 0
"8" 8 0.258620689655 89 72 71 68 60 30 22 16 15 13 11 7 7 7 7 4 1 0 0 0
"9" 9 0.481012658228 491 7 2 0 0 0 0 0 0 0 0 0 0 0 0 0 0 0 0 0
"10" 10 0.423076923077 177 97 94 60 24 14 12 7 6 4 2 2 1 0 0 0 0 0 0 0
"11" 11 0.0288461538462 500 0 0 0 0 0 0 0 0 0 0 0 0 0 0 0 0 0 0 0
"12" 12 0.35401459854 182 165 63 40 12 8 6 5 5 5 4 3 1 1 0 0 0 0 0 0
"13" 13 0.0646766169154 241 71 49 22 21 18 15 14 13 9 9 9 4 2 1 1 1 0 0 0
"14" 14 0.0304568527919 189 109 57 40 37 32 11 10 8 3 2 2 0 0 0 0 0 0 0 0
"15" 15 0.177215189873 193 77 76 72 25 15 13 12 9 4 3 1 0 0 0 0 0 0 0 0
"16" 16 0.00497512437811 187 106 92 37 23 18 11 9 7 5 3 1 1 0 0 0 0 0 0 0
"17" 17 0.0728476821192 195 59 46 44 36 23 23 23 22 9 6 4 3 3 2 2 0 0 0 0
"18" 18 0.0239234449761 216 203 39 20 7 5 3 3 2 1 1 0 0 0 0 0 0 0 0 0
"19" 19 0.635897435897 204 177 76 23 13 2 2 1 1 1 0 0 0 0 0 0 0 0 0 0
"20" 20 0.0529801324503 457 26 15 1 1 0 0 0 0 0 0 0 0 0 0 0 0 0 0 0
"21" 21 0.569230769231 336 77 24 21 13 8 5 5 4 4 3 0 0 0 0 0 0 0 0 0
"22" 22 0.0993377483444 136 97 85 69 24 23 22 16 10 7 4 2 2 1 1 1 0 0 0 0
"23" 23 0.0 241 159 37 27 26 5 2 1 1 1 0 0 0 0 0 0 0 0 0 0
"24" 24 0.510548523207 226 75 75 39 21 19 13 13 9 7 2 1 0 0 0 0 0 0 0 0
"25" 25 0.0639534883721 223 176 43 30 15 7 3 2 1 0 0 0 0 0 0 0 0 0 0 0
"26" 26 0.377483443709 248 71 66 41 23 18 11 6 6 5 4 1 0 0 0 0 0 0 0 0
"27" 27 0.00917431192661 166 152 57 27 27 23 22 7 6 5 3 2 2 1 0 0 0 0 0 0
"28" 28 0.405128205128 152 126 67 35 31 31 15 15 7 6 6 5 4 0 0 0 0 0 0 0
"29" 29 0.0 179 173 86 46 5 4 2 2 1 1 1 0 0 0 0 0 0 0 0 0
"30" 30 0.0205128205128 185 48 47 39 26 24 23 20 19 17 14 12 10 8 5 2 1 0 0 0
"31" 31 0.0 223 120 83 22 15 13 8 8 4 3 1 0 0 0 0 0 0 0 0 0
"32" 32 0.0 389 83 21 5 1 1 0 0 0 0 0 0 0 0 0 0 0 0 0 0
"33" 33 0.00497512437811 219 123 83 33 12 12 8 4 2 2 1 1 0 0 0 0 0 0 0 0
"34" 34 0.0 325 166 8 1 0 0 0 0 0 0 0 0 0 0 0 0 0 0 0 0
"35" 35 0.451476793249 151 138 94 42 25 20 15 3 3 3 2 2 2 0 0 0 0 0 0 0
"36" 36 0.33971291866 237 89 38 19 16 14 14 14 13 11 10 8 7 6 3 1 0 0 0 0
"37" 37 0.190114068441 218 93 91 40 19 11 9 7 5 3 2 2 0 0 0 0 0 0 0 0
"38" 38 0.311787072243 313 76 47 30 13 7 6 4 4 0 0 0 0 0 0 0 0 0 0 0
"39" 39 0.302325581395 478 12 4 2 1 1 1 1 0 0 0 0 0 0 0 0 0 0 0 0
"40" 40 0.596412556054 196 152 106 41 3 2 0 0 0 0 0 0 0 0 0 0 0 0 0 0
"41" 41 0.730569948187 340 62 38 22 21 8 4 3 1 1 0 0 0 0 0 0 0 0 0 0
"42" 42 0.502092050209 410 33 22 18 6 6 4 1 0 0 0 0 0 0 0 0 0 0 0 0
"43" 43 0.899371069182 204 151 145 0 0 0 0 0 0 0 0 0 0 0 0 0 0 0 0 0
"44" 44 0.649635036496 304 78 41 24 20 12 6 6 4 3 2 0 0 0 0 0 0 0 0 0
"45" 45 0.138461538462 187 109 68 33 33 32 16 10 5 5 2 0 0 0 0 0 0 0 0 0
"46" 46 0.53164556962 136 119 76 72 45 31 9 3 3 2 2 1 1 0 0 0 0 0 0 0
"47" 47 0.21897810219 146 130 55 38 37 29 25 11 7 7 4 3 3 3 1 1 0 0 0 0
"48" 48 0.0710659898477 284 109 22 20 16 12 10 7 6 5 4 2 2 1 0 0 0 0 0 0
"49" 49 0.0062893081761 312 154 23 11 0 0 0 0 0 0 0 0 0 0 0 0 0 0 0 0
"50" 50 0.0 345 99 45 8 2 1 0 0 0 0 0 0 0 0 0 0 0 0 0 0
"51" 51 0.0 236 77 62 42 32 17 10 9 5 5 3 2 0 0 0 0 0 0 0 0
"52" 52 0.0 254 147 32 27 18 9 6 4 2 1 0 0 0 0 0 0 0 0 0 0
"53" 53 0.0 253 104 96 27 7 6 3 2 1 1 0 0 0 0 0 0 0 0 0 0
"54" 54 0.0 341 85 18 18 16 13 4 2 1 1 1 0 0 0 0 0 0 0 0 0
"55" 55 0.0 146 146 122 53 21 5 2 2 2 1 0 0 0 0 0 0 0 0 0 0
"56" 56 0.0288461538462 268 209 17 4 2 0 0 0 0 0 0 0 0 0 0 0 0 0 0 0
"57" 57 0.089552238806 91 70 60 49 43 35 33 32 20 14 13 10 7 7 6 4 3 2 1 0
"58" 58 0.470930232558 288 193 10 6 1 1 1 0 0 0 0 0 0 0 0 0 0 0 0 0
"59" 59 0.0822784810127 359 43 28 25 11 10 9 6 5 3 1 0 0 0 0 0 0 0 0 0
"60" 60 0.273255813953 198 83 82 35 34 18 14 12 8 7 5 2 2 0 0 0 0 0 0 0
"61" 61 0.0062893081761 367 67 30 18 7 6 3 2 0 0 0 0 0 0 0 0 0 0 0 0
"62" 62 0.222797927461 251 150 38 16 15 9 7 4 3 2 2 2 1 0 0 0 0 0 0 0
"63" 63 0.215384615385 268 60 49 39 29 14 11 9 6 6 4 3 1 1 0 0 0 0 0 0
"64" 64 0.0 292 110 52 18 8 7 3 3 2 2 1 1 1 0 0 0 0 0 0 0
"65" 65 0.0596026490066 382 64 12 11 9 9 8 2 1 1 1 0 0 0 0 0 0 0 0 0
"66" 66 0.611607142857 143 66 60 52 45 39 36 22 19 11 4 3 0 0 0 0 0 0 0 0
"67" 67 0.396624472574 129 122 80 69 39 29 14 4 3 3 2 2 2 1 1 0 0 0 0 0
"68" 68 0.0 227 90 75 44 28 18 7 4 3 1 1 1 1 0 0 0 0 0 0 0
"69" 69 0.493723849372 307 78 39 32 12 9 9 7 6 1 0 0 0 0 0 0 0 0 0 0
"70" 70 0.0 150 110 99 49 29 19 17 7 4 4 4 3 2 1 1 1 0 0 0 0
"71" 71 0.0717488789238 195 150 48 28 27 14 12 8 8 3 3 2 1 1 0 0 0 0 0 0
"72" 72 0.564853556485 109 86 75 67 61 51 27 10 7 3 3 1 0 0 0 0 0 0 0 0
"73" 73 0.0582959641256 105 99 96 66 63 43 9 6 5 5 3 0 0 0 0 0 0 0 0 0
"74" 74 0.0 438 35 17 4 4 1 1 0 0 0 0 0 0 0 0 0 0 0 0 0
"75" 75 0.0621761658031 309 127 18 17 6 5 4 4 3 3 2 1 1 0 0 0 0 0 0 0
"76" 76 0.535864978903 409 59 9 6 5 5 3 2 1 1 0 0 0 0 0 0 0 0 0 0
"77" 77 0.125475285171 420 69 6 4 1 0 0 0 0 0 0 0 0 0 0 0 0 0 0 0
"78" 78 0.0384615384615 500 0 0 0 0 0 0 0 0 0 0 0 0 0 0 0 0 0 0 0
"79" 79 0.0 408 59 16 11 3 2 1 0 0 0 0 0 0 0 0 0 0 0 0 0
"80" 80 0.0 152 117 110 56 23 18 17 4 2 1 0 0 0 0 0 0 0 0 0 0
"81" 81 0.0 283 108 82 12 11 2 1 1 0 0 0 0 0 0 0 0 0 0 0 0
"82" 82 0.0 248 95 62 47 17 13 7 4 3 3 1 0 0 0 0 0 0 0 0 0
"83" 83 0.0 457 16 16 11 0 0 0 0 0 0 0 0 0 0 0 0 0 0 0 0
"84" 84 0.0 379 41 32 26 11 8 2 1 0 0 0 0 0 0 0 0 0 0 0 0
"85" 85 0.020725388601 258 145 72 14 6 3 2 0 0 0 0 0 0 0 0 0 0 0 0 0
"86" 86 0.0 170 162 83 35 20 9 6 5 5 3 1 1 0 0 0 0 0 0 0 0
"87" 87 0.0 334 70 69 15 12 0 0 0 0 0 0 0 0 0 0 0 0 0 0 0
"88" 88 0.0 245 143 99 9 2 1 1 0 0 0 0 0 0 0 0 0 0 0 0 0
"89" 89 0.259124087591 254 65 55 51 19 18 15 7 6 5 4 1 0 0 0 0 0 0 0 0
"90" 90 0.240384615385 500 0 0 0 0 0 0 0 0 0 0 0 0 0 0 0 0 0 0 0
"91" 91 0.891191709845 195 120 114 46 8 6 3 3 3 2 0 0 0 0 0 0 0 0 0 0
"92" 92 0.522321428571 281 112 32 21 18 15 6 5 4 2 2 1 1 0 0 0 0 0 0 0
"93" 93 0.0459770114943 377 40 20 18 16 8 5 5 4 3 2 1 1 0 0 0 0 0 0 0
"94" 94 0.209302325581 122 77 73 51 41 39 23 22 11 11 7 7 7 4 2 1 1 1 0 0
"95" 95 0.384615384615 207 108 51 49 40 14 11 8 5 4 2 1 0 0 0 0 0 0 0 0
"96" 96 0.0518134715026 271 145 41 18 10 5 3 2 2 1 1 1 0 0 0 0 0 0 0 0
"97" 97 0.685534591195 225 81 72 60 40 13 6 2 1 0 0 0 0 0 0 0 0 0 0 0
"98" 98 0.71875 175 82 73 47 47 29 24 17 3 2 1 0 0 0 0 0 0 0 0 0
"99" 99 0.625 484 16 0 0 0 0 0 0 0 0 0 0 0 0 0 0 0 0 0 0
"100" 100 0.238410596026 256 82 69 39 18 15 10 5 2 1 1 1 1 0 0 0 0 0 0 0
"101" 101 0.521276595745 150 139 61 59 43 12 10 9 5 5 2 2 1 1 1 0 0 0 0 0
"102" 102 0.129533678756 160 117 66 39 34 29 25 10 9 8 2 1 0 0 0 0 0 0 0 0
"103" 103 0.0251046025105 198 91 65 35 29 22 18 17 11 10 3 1 0 0 0 0 0 0 0 0
"104" 104 0.0 476 6 5 5 3 2 2 1 0 0 0 0 0 0 0 0 0 0 0 0
"105" 105 0.188340807175 176 167 39 37 34 13 9 9 5 4 3 3 1 0 0 0 0 0 0 0
"106" 106 0.0 492 6 1 1 0 0 0 0 0 0 0 0 0 0 0 0 0 0 0 0
"107" 107 0.0 212 114 94 44 21 8 4 1 1 1 0 0 0 0 0 0 0 0 0 0
"108" 108 0.00961538461538 399 87 14 0 0 0 0 0 0 0 0 0 0 0 0 0 0 0 0 0
"109" 109 0.00418410041841 136 90 67 60 44 43 35 12 6 6 1 0 0 0 0 0 0 0 0 0
"110" 110 0.0114068441065 179 147 71 33 29 22 12 5 1 1 0 0 0 0 0 0 0 0 0 0
"111" 111 0.00995024875622 246 99 63 24 14 12 11 10 6 5 3 2 2 1 1 1 0 0 0 0
"112" 112 0.128205128205 240 104 52 27 14 13 11 8 7 5 5 4 3 3 2 1 1 0 0 0
"113" 113 0.0232558139535 488 10 2 0 0 0 0 0 0 0 0 0 0 0 0 0 0 0 0 0
"114" 114 0.529069767442 123 115 82 57 32 28 21 14 8 8 6 5 1 0 0 0 0 0 0 0
"115" 115 0.32735426009 155 79 56 46 43 37 31 28 15 7 1 1 1 0 0 0 0 0 0 0
"116" 116 0.6875 421 49 17 8 4 1 0 0 0 0 0 0 0 0 0 0 0 0 0 0
"117" 117 0.490566037736 112 105 88 54 50 44 19 12 6 6 3 1 0 0 0 0 0 0 0 0
"118" 118 0.0950570342205 196 126 98 18 17 13 12 11 3 2 2 1 1 0 0 0 0 0 0 0
"119" 119 0.15503875969 322 59 56 32 11 8 7 3 1 1 0 0 0 0 0 0 0 0 0 0
"120" 120 0.533632286996 314 96 33 26 13 11 5 1 1 0 0 0 0 0 0 0 0 0 0 0
"121" 121 0.0430622009569 404 49 29 10 3 3 2 0 0 0 0 0 0 0 0 0 0 0 0 0
"122" 122 0.00380228136882 385 70 27 13 2 1 1 1 0 0 0 0 0 0 0 0 0 0 0 0
"123" 123 0.206278026906 299 125 42 19 6 5 1 1 1 1 0 0 0 0 0 0 0 0 0 0
"124" 124 0.0 205 124 65 48 22 11 9 6 5 3 1 1 0 0 0 0 0 0 0 0
"125" 125 0.125475285171 209 105 72 55 39 14 3 2 1 0 0 0 0 0 0 0 0 0 0 0
"126" 126 0.295336787565 167 86 73 53 28 26 22 18 8 5 4 3 3 2 2 0 0 0 0 0
"127" 127 0.0 366 72 29 24 2 2 1 1 1 1 1 0 0 0 0 0 0 0 0 0
"128" 128 0.0 207 175 56 20 15 11 10 4 2 0 0 0 0 0 0 0 0 0 0 0
"129" 129 0.0430622009569 280 59 43 32 27 27 12 8 6 2 2 1 1 0 0 0 0 0 0 0
"130" 130 0.447257383966 308 77 64 30 12 7 1 1 0 0 0 0 0 0 0 0 0 0 0 0
"131" 131 0.138392857143 214 168 79 17 9 7 3 1 1 1 0 0 0 0 0 0 0 0 0 0
"132" 132 0.0 274 82 67 25 24 14 4 3 2 2 2 1 0 0 0 0 0 0 0 0
"133" 133 0.0 203 124 46 34 17 13 12 10 9 9 8 5 5 4 1 0 0 0 0 0
"134" 134 0.547085201794 245 120 48 21 21 16 10 6 4 3 2 2 1 1 0 0 0 0 0 0
"135" 135 0.209302325581 170 114 93 59 16 15 12 4 4 4 2 2 2 2 1 0 0 0 0 0
"136" 136 0.0 280 64 59 49 10 9 8 7 6 3 3 2 0 0 0 0 0 0 0 0
"137" 137 0.274611398964 245 119 46 19 16 15 14 9 5 3 3 2 2 1 1 0 0 0 0 0
"138" 138 0.602649006623 143 118 61 42 35 29 27 19 11 5 5 4 1 0 0 0 0 0 0 0
"139" 139 0.363636363636 188 102 60 54 31 27 26 3 3 3 2 1 0 0 0 0 0 0 0 0
"140" 140 0.167364016736 152 122 93 63 23 21 13 4 3 2 1 1 1 1 0 0 0 0 0 0
"141" 141 0.512820512821 318 112 43 11 6 3 2 2 1 1 1 0 0 0 0 0 0 0 0 0
"142" 142 0.392405063291 370 73 41 11 3 1 1 0 0 0 0 0 0 0 0 0 0 0 0 0
"143" 143 0.0248756218905 211 161 38 29 14 9 9 7 6 5 5 2 2 1 1 0 0 0 0 0
"144" 144 0.0673575129534 478 10 4 2 2 2 1 1 0 0 0 0 0 0 0 0 0 0 0 0
"145" 145 0.0 244 165 84 2 2 1 1 1 0 0 0 0 0 0 0 0 0 0 0 0
"146" 146 0.318407960199 230 59 52 48 38 19 15 14 12 6 5 1 1 0 0 0 0 0 0 0
"147" 147 0.518134715026 114 89 80 59 43 43 14 14 10 9 9 8 6 2 0 0 0 0 0 0
"148" 148 0.112820512821 113 92 89 49 45 35 20 17 15 11 8 3 2 1 0 0 0 0 0 0
"149" 149 0.0 233 101 92 48 7 7 5 3 2 1 1 0 0 0 0 0 0 0 0 0
"150" 150 0.0 242 226 24 4 4 0 0 0 0 0 0 0 0 0 0 0 0 0 0 0
"151" 151 0.0 312 118 45 12 5 3 3 2 0 0 0 0 0 0 0 0 0 0 0 0
"152" 152 0.0 220 206 21 15 12 11 7 4 2 2 0 0 0 0 0 0 0 0 0 0
"153" 153 0.0 500 0 0 0 0 0 0 0 0 0 0 0 0 0 0 0 0 0 0 0
"154" 154 0.0430622009569 343 40 23 23 16 14 10 9 8 6 4 3 1 0 0 0 0 0 0 0
"155" 155 0.0264900662252 416 43 15 9 7 5 3 2 0 0 0 0 0 0 0 0 0 0 0 0
"156" 156 0.0 251 90 41 30 24 24 14 7 4 4 3 3 2 2 1 0 0 0 0 0
"157" 157 0.0 500 0 0 0 0 0 0 0 0 0 0 0 0 0 0 0 0 0 0 0
"158" 158 0.0 500 0 0 0 0 0 0 0 0 0 0 0 0 0 0 0 0 0 0 0
"159" 159 0.00380228136882 330 59 27 18 17 15 8 5 5 4 4 3 2 1 1 1 0 0 0 0
"160" 160 0.0192307692308 175 172 61 51 20 16 4 1 0 0 0 0 0 0 0 0 0 0 0 0
"161" 161 0.0 346 152 2 0 0 0 0 0 0 0 0 0 0 0 0 0 0 0 0 0
"162" 162 0.010152284264 148 119 64 47 46 24 23 6 6 4 4 4 3 1 1 0 0 0 0 0
"163" 163 0.0189873417722 161 97 94 33 26 20 14 13 12 9 7 5 4 3 1 1 0 0 0 0
"164" 164 0.00961538461538 176 158 65 29 18 17 11 10 9 2 1 1 1 1 1 0 0 0 0 0
"165" 165 0.0152091254753 269 93 57 35 26 18 1 1 0 0 0 0 0 0 0 0 0 0 0 0
"166" 166 0.00995024875622 268 71 51 37 22 11 10 9 6 5 4 4 2 0 0 0 0 0 0 0
"167" 167 0.291139240506 151 146 41 35 33 31 14 13 12 6 6 5 5 2 0 0 0 0 0 0
"168" 168 0.125 223 165 56 27 9 8 5 3 1 1 1 1 0 0 0 0 0 0 0 0
"169" 169 0.041825095057 210 204 29 20 10 6 6 5 4 2 2 1 1 0 0 0 0 0 0 0
"170" 170 0.794701986755 160 86 52 50 33 33 26 24 9 9 7 6 2 1 1 1 0 0 0 0
"171" 171 0.567307692308 143 135 93 46 40 17 10 6 4 2 2 1 1 0 0 0 0 0 0 0
"172" 172 0.518987341772 345 34 32 26 21 15 12 5 5 4 1 0 0 0 0 0 0 0 0 0
"173" 173 0.189781021898 304 83 35 21 18 10 7 7 6 4 2 1 1 1 0 0 0 0 0 0
"174" 174 0.0380228136882 324 146 21 6 1 1 1 0 0 0 0 0 0 0 0 0 0 0 0 0
"175" 175 0.447257383966 167 96 56 50 44 31 14 12 10 9 3 3 2 2 1 0 0 0 0 0
"176" 176 0.00662251655629 472 12 8 4 2 2 0 0 0 0 0 0 0 0 0 0 0 0 0 0
"177" 177 0.0 470 20 8 2 0 0 0 0 0 0 0 0 0 0 0 0 0 0 0 0
"178" 178 0.0 499 1 0 0 0 0 0 0 0 0 0 0 0 0 0 0 0 0 0 0
"179" 179 0.0 446 50 3 1 0 0 0 0 0 0 0 0 0 0 0 0 0 0 0 0
"180" 180 0.0 378 52 45 17 3 1 1 1 1 1 0 0 0 0 0 0 0 0 0 0
"181" 181 0.0 357 73 30 26 5 3 3 2 1 0 0 0 0 0 0 0 0 0 0 0
"182" 182 0.0 392 59 33 13 2 1 0 0 0 0 0 0 0 0 0 0 0 0 0 0
"183" 183 0.0 244 169 30 27 10 7 6 2 2 1 1 1 0 0 0 0 0 0 0 0
"184" 184 0.00574712643678 175 125 94 28 25 22 19 5 3 1 1 1 1 0 0 0 0 0 0 0
"185" 185 0.0820512820513 397 33 27 15 10 7 4 2 2 1 1 1 0 0 0 0 0 0 0 0
"186" 186 0.0062893081761 109 100 98 49 42 27 16 13 11 11 10 8 3 2 1 0 0 0 0 0
"187" 187 0.0993377483444 260 43 36 35 30 26 22 16 12 8 3 2 2 2 2 1 0 0 0 0
"188" 188 0.564102564103 445 55 0 0 0 0 0 0 0 0 0 0 0 0 0 0 0 0 0 0
"189" 189 0.00574712643678 218 158 70 19 16 15 2 1 1 0 0 0 0 0 0 0 0 0 0 0
"190" 190 0.389937106918 434 38 26 1 1 0 0 0 0 0 0 0 0 0 0 0 0 0 0 0
"191" 191 0.0602836879433 251 73 69 46 26 18 5 3 3 2 2 1 1 0 0 0 0 0 0 0
"192" 192 0.0 498 2 0 0 0 0 0 0 0 0 0 0 0 0 0 0 0 0 0 0
"193" 193 0.313901345291 341 87 22 18 10 6 4 4 3 2 2 1 0 0 0 0 0 0 0 0
"194" 194 0.26582278481 350 78 66 2 2 1 1 0 0 0 0 0 0 0 0 0 0 0 0 0
"195" 195 0.0 212 94 81 24 22 17 15 10 8 6 3 2 2 2 1 1 0 0 0 0
"196" 196 0.00418410041841 197 88 59 40 27 27 21 11 11 7 6 3 1 1 1 0 0 0 0 0
"197" 197 0.544303797468 180 85 77 50 45 17 13 8 8 8 4 3 1 1 0 0 0 0 0 0
"198" 198 0.201923076923 126 109 90 30 24 21 16 14 14 12 11 9 7 5 4 3 3 2 0 0
"199" 199 0.0 213 201 79 5 1 1 0 0 0 0 0 0 0 0 0 0 0 0 0 0
"200" 200 0.0746268656716 279 147 35 12 7 5 4 4 2 2 1 1 1 0 0 0 0 0 0 0
"201" 201 0.346153846154 488 6 3 2 1 0 0 0 0 0 0 0 0 0 0 0 0 0 0 0
"202" 202 0.803571428571 442 21 16 15 4 2 0 0 0 0 0 0 0 0 0 0 0 0 0 0
"203" 203 0.152482269504 496 2 2 0 0 0 0 0 0 0 0 0 0 0 0 0 0 0 0 0
"204" 204 0.544642857143 164 79 72 72 39 31 16 12 8 4 2 1 0 0 0 0 0 0 0 0
"205" 205 0.410852713178 103 92 75 59 57 49 24 20 8 7 3 2 1 0 0 0 0 0 0 0
"206" 206 0.110266159696 278 113 42 36 27 2 1 1 0 0 0 0 0 0 0 0 0 0 0 0
"207" 207 0.0 218 75 68 46 32 28 12 6 5 4 2 2 1 1 0 0 0 0 0 0
"208" 208 0.0 295 117 31 19 7 7 7 6 5 3 2 1 0 0 0 0 0 0 0 0
"209" 209 0.0696202531646 199 98 83 49 35 11 9 7 3 2 1 1 1 1 0 0 0 0 0 0
"210" 210 0.293532338308 138 121 103 43 37 13 12 10 9 6 3 2 2 1 0 0 0 0 0 0
"211" 211 0.124378109453 304 59 38 25 24 13 9 9 8 4 3 3 1 0 0 0 0 0 0 0
"212" 212 0.00507614213198 165 104 72 44 36 31 12 12 9 5 5 4 1 0 0 0 0 0 0 0
"213" 213 0.42194092827 121 96 76 57 57 43 12 9 8 6 5 5 4 1 0 0 0 0 0 0
"214" 214 0.738461538462 169 145 106 28 24 12 6 4 2 2 1 1 0 0 0 0 0 0 0 0
"215" 215 0.182741116751 321 84 34 19 11 7 7 3 3 3 3 2 2 1 0 0 0 0 0 0
"216" 216 0.777372262774 390 42 30 12 9 6 4 3 1 1 1 1 0 0 0 0 0 0 0 0
"217" 217 0.143540669856 423 42 17 10 3 3 1 1 0 0 0 0 0 0 0 0 0 0 0 0
"218" 218 0.402298850575 212 49 41 41 27 27 24 22 14 10 9 8 7 6 2 1 0 0 0 0
"219" 219 0.576923076923 500 0 0 0 0 0 0 0 0 0 0 0 0 0 0 0 0 0 0 0
"220" 220 0.699481865285 212 179 93 10 4 1 1 0 0 0 0 0 0 0 0 0 0 0 0 0
"221" 221 0.238341968912 157 82 51 39 39 30 17 17 16 15 15 8 5 4 4 1 0 0 0 0
"222" 222 0.310218978102 169 105 70 48 37 13 12 9 7 6 5 5 4 4 3 2 1 0 0 0
"223" 223 0.010152284264 344 76 33 12 11 8 5 4 2 2 1 1 1 0 0 0 0 0 0 0
"224" 224 0.0248756218905 219 69 67 49 44 17 12 8 6 3 2 1 1 1 1 0 0 0 0 0
"225" 225 0.00507614213198 136 114 97 58 40 19 16 9 4 2 2 2 1 0 0 0 0 0 0 0
"226" 226 0.0143540669856 324 73 67 26 6 2 1 1 0 0 0 0 0 0 0 0 0 0 0 0
"227" 227 0.00574712643678 310 70 66 47 3 2 1 1 0 0 0 0 0 0 0 0 0 0 0 0
"228" 228 0.0 499 1 0 0 0 0 0 0 0 0 0 0 0 0 0 0 0 0 0 0
"229" 229 0.295336787565 145 112 67 36 29 28 28 21 9 8 6 6 5 0 0 0 0 0 0 0
"230" 230 0.41059602649 340 40 33 24 19 14 11 5 3 3 3 2 2 1 0 0 0 0 0 0
"231" 231 0.0310880829016 384 70 27 15 3 1 0 0 0 0 0 0 0 0 0 0 0 0 0 0
"232" 232 0.566037735849 411 55 11 6 6 5 3 1 1 1 0 0 0 0 0 0 0 0 0 0
"233" 233 0.255230125523 175 116 60 54 35 20 16 8 7 3 3 1 1 1 0 0 0 0 0 0
"234" 234 0.0746268656716 158 128 94 26 24 20 20 12 9 4 3 1 1 0 0 0 0 0 0 0
"235" 235 0.75 131 75 74 47 44 44 24 22 22 11 3 3 0 0 0 0 0 0 0 0
"236" 236 0.482142857143 159 146 39 39 35 24 20 13 8 5 5 3 2 2 0 0 0 0 0 0
"237" 237 0.0430622009569 220 147 52 37 29 11 2 1 1 0 0 0 0 0 0 0 0 0 0 0
"238" 238 0.0 439 21 13 12 6 4 2 1 1 1 0 0 0 0 0 0 0 0 0 0
"239" 239 0.291139240506 180 105 98 53 33 11 5 4 4 3 2 1 1 0 0 0 0 0 0 0
"240" 240 0.0062893081761 156 144 101 35 24 22 5 4 3 3 2 1 0 0 0 0 0 0 0 0
"241" 241 0.379464285714 151 108 59 54 48 23 18 15 8 7 6 3 0 0 0 0 0 0 0 0
"242" 242 0.203980099502 249 78 43 29 28 15 14 13 10 10 4 2 2 2 1 0 0 0 0 0
"243" 243 0.0149253731343 169 169 67 32 26 11 8 8 3 2 2 1 1 1 0 0 0 0 0 0
"244" 244 0.388059701493 186 74 67 35 26 24 22 15 13 13 9 6 4 4 1 1 0 0 0 0
"245" 245 0.526785714286 146 145 50 43 42 21 14 13 11 7 3 3 1 1 0 0 0 0 0 0
"246" 246 0.062015503876 164 162 32 31 30 28 12 12 11 7 5 3 1 1 1 0 0 0 0 0
"247" 247 0.0172413793103 170 97 92 84 18 16 7 6 4 2 1 1 1 1 0 0 0 0 0 0
"248" 248 0.544303797468 98 89 78 72 49 42 27 19 10 9 3 3 1 0 0 0 0 0 0 0
"249" 249 0.798449612403 434 66 0 0 0 0 0 0 0 0 0 0 0 0 0 0 0 0 0 0
"250" 250 0.191860465116 228 76 51 33 30 28 21 8 8 4 4 4 3 2 0 0 0 0 0 0
"251" 251 0.350993377483 257 72 68 37 30 12 11 5 4 1 1 1 1 0 0 0 0 0 0 0
"252" 252 0.0 232 213 25 14 9 4 2 1 0 0 0 0 0 0 0 0 0 0 0 0
"253" 253 0.340807174888 189 104 54 46 32 23 21 16 5 3 3 2 1 1 0 0 0 0 0 0
"254" 254 0.632124352332 458 42 0 0 0 0 0 0 0 0 0 0 0 0 0 0 0 0 0 0
"255" 255 0.247148288973 349 54 53 39 2 1 1 1 0 0 0 0 0 0 0 0 0 0 0 0
"256" 256 0.051724137931 284 51 45 33 25 15 11 11 10 6 5 4 0 0 0 0 0 0 0 0
"257" 257 0.236607142857 265 100 37 33 25 17 7 5 4 3 2 2 0 0 0 0 0 0 0 0
"258" 258 0.233502538071 220 91 62 44 33 23 9 9 4 4 1 0 0 0 0 0 0 0 0 0
"259" 259 0.299578059072 271 98 34 25 17 15 13 7 5 5 4 2 2 2 0 0 0 0 0 0
"260" 260 0.409282700422 194 78 60 51 43 22 18 15 7 5 4 3 0 0 0 0 0 0 0 0
"261" 261 0.166666666667 344 52 24 21 14 14 10 7 5 4 4 1 0 0 0 0 0 0 0 0
"262" 262 0.751196172249 111 100 62 59 41 27 24 19 16 14 12 7 4 3 1 0 0 0 0 0
"263" 263 0.413461538462 500 0 0 0 0 0 0 0 0 0 0 0 0 0 0 0 0 0 0 0
"264" 264 0.251046025105 275 93 78 25 10 5 4 3 2 2 2 1 0 0 0 0 0 0 0 0
"265" 265 0.424870466321 348 70 46 23 4 4 3 1 1 0 0 0 0 0 0 0 0 0 0 0
"266" 266 0.124401913876 173 165 111 24 18 3 3 2 1 0 0 0 0 0 0 0 0 0 0 0
"267" 267 0.251655629139 431 24 10 10 9 5 4 3 2 1 1 0 0 0 0 0 0 0 0 0
"268" 268 0.0760456273764 214 209 39 10 8 8 4 4 2 1 1 0 0 0 0 0 0 0 0 0
"269" 269 0.726235741445 216 65 42 41 37 31 24 24 12 6 2 0 0 0 0 0 0 0 0 0
"270" 270 0.00418410041841 248 184 21 20 18 6 3 0 0 0 0 0 0 0 0 0 0 0 0 0
"271" 271 0.0 269 94 70 23 16 8 5 5 3 2 2 1 1 1 0 0 0 0 0 0
"272" 272 0.0728476821192 263 85 53 46 31 15 5 1 1 0 0 0 0 0 0 0 0 0 0 0
"273" 273 0.395348837209 202 134 60 27 21 16 15 13 8 2 1 1 0 0 0 0 0 0 0 0
"274" 274 0.125523012552 210 154 76 45 6 2 2 1 1 1 1 1 0 0 0 0 0 0 0 0
"275" 275 0.00574712643678 166 117 81 71 22 14 9 7 7 5 1 0 0 0 0 0 0 0 0 0
"276" 276 0.333333333333 318 65 49 20 13 12 9 7 2 2 1 1 1 0 0 0 0 0 0 0
"277" 277 0.325892857143 183 87 71 32 30 28 24 21 7 7 5 3 2 0 0 0 0 0 0 0
"278" 278 0.0 182 182 44 28 26 12 9 7 6 2 1 1 0 0 0 0 0 0 0 0
"279" 279 0.0 288 204 3 3 2 0 0 0 0 0 0 0 0 0 0 0 0 0 0 0
"280" 280 0.428571428571 241 122 40 36 23 17 5 5 3 3 2 2 1 0 0 0 0 0 0 0
"281" 281 0.10460251046 382 60 47 7 2 1 1 0 0 0 0 0 0 0 0 0 0 0 0 0
"282" 282 0.0 432 47 17 2 1 1 0 0 0 0 0 0 0 0 0 0 0 0 0 0
"283" 283 0.0 494 5 1 0 0 0 0 0 0 0 0 0 0 0 0 0 0 0 0 0
"284" 284 0.503649635036 206 88 81 44 23 19 12 11 7 5 2 1 1 0 0 0 0 0 0 0
"285" 285 0.292307692308 114 62 49 48 47 33 31 27 26 23 23 10 3 3 1 0 0 0 0 0
"286" 286 0.0398009950249 324 70 45 20 15 11 7 4 3 1 0 0 0 0 0 0 0 0 0 0
"287" 287 0.596153846154 427 58 5 4 3 2 1 0 0 0 0 0 0 0 0 0 0 0 0 0
"288" 288 0.238805970149 427 23 20 16 10 2 1 1 0 0 0 0 0 0 0 0 0 0 0 0
"289" 289 0.609137055838 387 40 32 18 10 6 4 1 1 1 0 0 0 0 0 0 0 0 0 0
