"site" "RSA" "aa1" "aa2" "aa3" "aa4" "aa5" "aa6" "aa7" "aa8" "aa9" "aa10" "aa11" "aa12" "aa13" "aa14" "aa15" "aa16" "aa17" "aa18" "aa19" "aa20"
"0" 0 0.821705426357 368 57 28 20 15 10 1 1 0 0 0 0 0 0 0 0 0 0 0 0
"1" 1 0.789743589744 151 140 114 65 27 2 1 0 0 0 0 0 0 0 0 0 0 0 0 0
"2" 2 0.197674418605 164 127 109 41 27 18 10 2 1 1 0 0 0 0 0 0 0 0 0 0
"3" 3 0.0384615384615 500 0 0 0 0 0 0 0 0 0 0 0 0 0 0 0 0 0 0 0
"4" 4 0.211920529801 284 45 37 25 21 20 13 10 9 8 8 7 7 4 1 1 0 0 0 0
"5" 5 0.0 490 4 3 1 1 1 0 0 0 0 0 0 0 0 0 0 0 0 0 0
"6" 6 0.0114942528736 221 184 65 23 2 2 1 1 1 0 0 0 0 0 0 0 0 0 0 0
"7" 7 0.0298507462687 451 43 2 2 1 1 0 0 0 0 0 0 0 0 0 0 0 0 0 0
"8" 8 0.0 496 2 1 1 0 0 0 0 0 0 0 0 0 0 0 0 0 0 0 0
"9" 9 0.211678832117 326 138 25 4 3 2 1 1 0 0 0 0 0 0 0 0 0 0 0 0
"10" 10 0.0574162679426 482 11 4 2 1 0 0 0 0 0 0 0 0 0 0 0 0 0 0 0
"11" 11 0.0192307692308 499 1 0 0 0 0 0 0 0 0 0 0 0 0 0 0 0 0 0 0
"12" 12 0.321428571429 294 82 51 22 20 14 10 3 1 1 1 1 0 0 0 0 0 0 0 0
"13" 13 0.0 340 129 27 4 0 0 0 0 0 0 0 0 0 0 0 0 0 0 0 0
"14" 14 0.388601036269 125 89 52 48 42 41 22 22 15 15 10 8 6 3 1 1 0 0 0 0
"15" 15 0.13829787234 301 95 70 10 5 4 3 3 3 3 2 1 0 0 0 0 0 0 0 0
"16" 16 0.34358974359 231 123 52 39 31 18 6 0 0 0 0 0 0 0 0 0 0 0 0 0
"17" 17 0.441860465116 253 179 25 11 10 9 3 3 2 2 2 1 0 0 0 0 0 0 0 0
"18" 18 0.532338308458 223 116 48 33 21 20 16 12 9 1 1 0 0 0 0 0 0 0 0 0
"19" 19 0.307692307692 320 71 67 23 15 3 1 0 0 0 0 0 0 0 0 0 0 0 0 0
"20" 20 0.174129353234 266 151 37 19 11 5 3 3 2 1 1 1 0 0 0 0 0 0 0 0
"21" 21 0.00836820083682 185 177 106 11 10 7 4 0 0 0 0 0 0 0 0 0 0 0 0 0
"22" 22 0.0697674418605 228 141 90 31 5 2 2 1 0 0 0 0 0 0 0 0 0 0 0 0
"23" 23 0.00961538461538 500 0 0 0 0 0 0 0 0 0 0 0 0 0 0 0 0 0 0 0
"24" 24 0.00709219858156 407 82 5 4 2 0 0 0 0 0 0 0 0 0 0 0 0 0 0 0
"25" 25 0.114942528736 177 72 69 68 34 33 32 8 4 1 1 1 0 0 0 0 0 0 0 0
"26" 26 0.186528497409 463 23 6 2 2 1 1 1 1 0 0 0 0 0 0 0 0 0 0 0
"27" 27 0.0804597701149 195 110 69 58 32 15 12 3 2 2 1 1 0 0 0 0 0 0 0 0
"28" 28 0.163461538462 113 109 101 74 29 16 15 12 12 10 6 3 0 0 0 0 0 0 0 0
"29" 29 0.109452736318 499 1 0 0 0 0 0 0 0 0 0 0 0 0 0 0 0 0 0 0
"30" 30 0.104651162791 396 86 15 2 1 0 0 0 0 0 0 0 0 0 0 0 0 0 0 0
"31" 31 0.683937823834 306 102 53 14 10 10 4 1 0 0 0 0 0 0 0 0 0 0 0 0
"32" 32 0.502109704641 181 148 56 44 27 20 13 4 3 3 1 0 0 0 0 0 0 0 0 0
"33" 33 0.0 500 0 0 0 0 0 0 0 0 0 0 0 0 0 0 0 0 0 0 0
"34" 34 0.349775784753 352 98 33 5 3 3 2 2 1 1 0 0 0 0 0 0 0 0 0 0
"35" 35 0.418604651163 176 100 84 65 55 15 2 2 1 0 0 0 0 0 0 0 0 0 0 0
"36" 36 0.142857142857 265 93 58 26 19 15 9 5 4 3 1 1 1 0 0 0 0 0 0 0
"37" 37 0.0077519379845 462 38 0 0 0 0 0 0 0 0 0 0 0 0 0 0 0 0 0 0
"38" 38 0.310344827586 206 169 57 47 6 5 4 2 2 1 1 0 0 0 0 0 0 0 0 0
"39" 39 0.35401459854 249 162 50 18 11 5 4 1 0 0 0 0 0 0 0 0 0 0 0 0
"40" 40 0.0 364 134 1 1 0 0 0 0 0 0 0 0 0 0 0 0 0 0 0 0
"41" 41 0.0 500 0 0 0 0 0 0 0 0 0 0 0 0 0 0 0 0 0 0 0
"42" 42 0.339285714286 308 67 51 43 16 7 6 2 0 0 0 0 0 0 0 0 0 0 0 0
"43" 43 0.0547263681592 222 161 35 25 17 14 9 6 3 3 3 2 0 0 0 0 0 0 0 0
"44" 44 0.0152284263959 338 141 15 4 1 1 0 0 0 0 0 0 0 0 0 0 0 0 0 0
"45" 45 0.248062015504 203 169 67 24 22 8 6 1 0 0 0 0 0 0 0 0 0 0 0 0
"46" 46 0.526785714286 164 148 98 51 16 9 8 2 1 1 1 1 0 0 0 0 0 0 0 0
"47" 47 0.435406698565 237 191 39 14 7 5 3 2 1 1 0 0 0 0 0 0 0 0 0 0
"48" 48 0.683937823834 478 14 8 0 0 0 0 0 0 0 0 0 0 0 0 0 0 0 0 0
"49" 49 0.0646766169154 294 64 46 36 34 11 4 3 2 2 2 1 1 0 0 0 0 0 0 0
"50" 50 0.248756218905 280 95 85 10 10 9 6 4 1 0 0 0 0 0 0 0 0 0 0 0
"51" 51 0.0125786163522 471 14 9 3 2 1 0 0 0 0 0 0 0 0 0 0 0 0 0 0
"52" 52 0.316062176166 420 77 3 0 0 0 0 0 0 0 0 0 0 0 0 0 0 0 0 0
"53" 53 0.0287356321839 252 141 90 12 2 1 1 1 0 0 0 0 0 0 0 0 0 0 0 0
"54" 54 0.0248756218905 266 112 58 45 9 6 2 1 1 0 0 0 0 0 0 0 0 0 0 0
"55" 55 0.0304182509506 456 39 3 1 1 0 0 0 0 0 0 0 0 0 0 0 0 0 0 0
"56" 56 0.0 495 5 0 0 0 0 0 0 0 0 0 0 0 0 0 0 0 0 0 0
"57" 57 0.0 500 0 0 0 0 0 0 0 0 0 0 0 0 0 0 0 0 0 0 0
"58" 58 0.169154228856 233 147 46 44 15 13 2 0 0 0 0 0 0 0 0 0 0 0 0 0
"59" 59 0.0 185 172 96 38 5 3 1 0 0 0 0 0 0 0 0 0 0 0 0 0
"60" 60 0.467153284672 388 30 28 21 14 6 6 3 2 1 1 0 0 0 0 0 0 0 0 0
"61" 61 0.0182481751825 409 78 11 2 0 0 0 0 0 0 0 0 0 0 0 0 0 0 0 0
"62" 62 0.0 358 138 4 0 0 0 0 0 0 0 0 0 0 0 0 0 0 0 0 0
"63" 63 0.213197969543 254 122 82 39 2 1 0 0 0 0 0 0 0 0 0 0 0 0 0 0
"64" 64 0.279069767442 179 72 65 62 59 41 11 6 3 2 0 0 0 0 0 0 0 0 0 0
"65" 65 0.00581395348837 455 38 4 2 1 0 0 0 0 0 0 0 0 0 0 0 0 0 0 0
"66" 66 0.0 491 3 2 1 1 1 1 0 0 0 0 0 0 0 0 0 0 0 0 0
"67" 67 0.459330143541 230 63 49 45 33 28 27 16 9 0 0 0 0 0 0 0 0 0 0 0
"68" 68 0.1592039801 425 41 11 8 5 3 3 2 1 1 0 0 0 0 0 0 0 0 0 0
"69" 69 0.0077519379845 499 1 0 0 0 0 0 0 0 0 0 0 0 0 0 0 0 0 0 0
"70" 70 0.0348258706468 399 58 21 15 4 2 1 0 0 0 0 0 0 0 0 0 0 0 0 0
"71" 71 0.440414507772 253 99 93 37 12 3 2 1 0 0 0 0 0 0 0 0 0 0 0 0
"72" 72 0.271523178808 236 128 65 42 21 8 0 0 0 0 0 0 0 0 0 0 0 0 0 0
"73" 73 0.062015503876 491 6 2 1 0 0 0 0 0 0 0 0 0 0 0 0 0 0 0 0
"74" 74 0.632124352332 311 124 53 12 0 0 0 0 0 0 0 0 0 0 0 0 0 0 0 0
"75" 75 0.186131386861 487 4 3 3 2 1 0 0 0 0 0 0 0 0 0 0 0 0 0 0
"76" 76 0.34328358209 144 110 102 41 41 20 19 13 8 2 0 0 0 0 0 0 0 0 0 0
"77" 77 0.631205673759 166 134 87 44 38 10 7 6 4 2 2 0 0 0 0 0 0 0 0 0
"78" 78 0.0355329949239 336 96 22 18 13 5 5 3 1 1 0 0 0 0 0 0 0 0 0 0
"79" 79 0.408805031447 307 109 33 25 14 7 2 1 1 1 0 0 0 0 0 0 0 0 0 0
"80" 80 0.270114942529 188 94 85 64 27 18 10 8 5 1 0 0 0 0 0 0 0 0 0 0
"81" 81 0.514598540146 289 173 23 7 4 2 1 1 0 0 0 0 0 0 0 0 0 0 0 0
"82" 82 0.416058394161 419 25 24 21 5 3 2 1 0 0 0 0 0 0 0 0 0 0 0 0
"83" 83 0.0860927152318 277 222 1 0 0 0 0 0 0 0 0 0 0 0 0 0 0 0 0 0
"84" 84 0.156028368794 482 8 5 3 1 1 0 0 0 0 0 0 0 0 0 0 0 0 0 0
"85" 85 0.266423357664 453 28 16 2 1 0 0 0 0 0 0 0 0 0 0 0 0 0 0 0
"86" 86 0.00497512437811 431 32 17 6 6 5 1 1 1 0 0 0 0 0 0 0 0 0 0 0
"87" 87 0.0 361 61 41 33 3 1 0 0 0 0 0 0 0 0 0 0 0 0 0 0
"88" 88 0.0982142857143 217 120 101 53 9 0 0 0 0 0 0 0 0 0 0 0 0 0 0 0
"89" 89 0.0182481751825 476 18 4 2 0 0 0 0 0 0 0 0 0 0 0 0 0 0 0 0
"90" 90 0.00956937799043 499 1 0 0 0 0 0 0 0 0 0 0 0 0 0 0 0 0 0 0
"91" 91 0.06463878327 349 72 23 21 19 9 4 2 1 0 0 0 0 0 0 0 0 0 0 0
"92" 92 0.0 500 0 0 0 0 0 0 0 0 0 0 0 0 0 0 0 0 0 0 0
"93" 93 0.302325581395 325 143 14 6 4 4 3 1 0 0 0 0 0 0 0 0 0 0 0 0
"94" 94 0.0298507462687 169 128 114 38 21 12 6 6 4 1 1 0 0 0 0 0 0 0 0 0
"95" 95 0.00896860986547 492 8 0 0 0 0 0 0 0 0 0 0 0 0 0 0 0 0 0 0
"96" 96 0.144230769231 500 0 0 0 0 0 0 0 0 0 0 0 0 0 0 0 0 0 0 0
"97" 97 0.313432835821 165 127 77 66 43 16 2 2 2 0 0 0 0 0 0 0 0 0 0 0
"98" 98 0.227979274611 174 169 95 16 15 9 8 5 5 4 0 0 0 0 0 0 0 0 0 0
"99" 99 0.160337552743 285 67 51 48 42 4 2 1 0 0 0 0 0 0 0 0 0 0 0 0
"100" 100 0.434108527132 313 92 55 15 10 6 5 4 0 0 0 0 0 0 0 0 0 0 0 0
"101" 101 0.678571428571 272 81 69 50 11 4 3 3 3 2 1 1 0 0 0 0 0 0 0 0
"102" 102 0.046511627907 210 56 52 44 38 28 16 13 12 11 8 6 3 2 1 0 0 0 0 0
"103" 103 0.42194092827 456 29 14 1 0 0 0 0 0 0 0 0 0 0 0 0 0 0 0 0
"104" 104 0.682170542636 186 114 88 41 36 11 8 6 4 2 2 1 1 0 0 0 0 0 0 0
"105" 105 0.693430656934 209 150 52 48 30 5 5 1 0 0 0 0 0 0 0 0 0 0 0 0
"106" 106 0.38783269962 141 91 65 62 45 37 22 17 10 4 2 2 1 1 0 0 0 0 0 0
"107" 107 0.269230769231 500 0 0 0 0 0 0 0 0 0 0 0 0 0 0 0 0 0 0 0
"108" 108 0.625 398 62 22 7 3 3 3 2 0 0 0 0 0 0 0 0 0 0 0 0
"109" 109 0.6875 173 132 75 62 51 4 2 1 0 0 0 0 0 0 0 0 0 0 0 0
"110" 110 0.345291479821 130 123 67 53 35 23 20 20 19 6 2 1 1 0 0 0 0 0 0 0
"111" 111 0.108786610879 411 57 17 9 3 2 1 0 0 0 0 0 0 0 0 0 0 0 0 0
"112" 112 0.426605504587 254 129 44 27 23 8 5 4 4 2 0 0 0 0 0 0 0 0 0 0
"113" 113 0.31007751938 222 95 91 36 31 14 4 3 2 1 1 0 0 0 0 0 0 0 0 0
"114" 114 0.0709219858156 174 95 76 66 27 22 20 6 4 4 3 2 1 0 0 0 0 0 0 0
"115" 115 0.153284671533 314 50 34 33 31 20 15 2 1 0 0 0 0 0 0 0 0 0 0 0
"116" 116 0.120437956204 152 96 96 63 54 23 6 5 4 1 0 0 0 0 0 0 0 0 0 0
"117" 117 0.23178807947 241 138 45 41 15 11 4 3 2 0 0 0 0 0 0 0 0 0 0 0
"118" 118 0.106463878327 255 86 76 67 8 3 3 1 1 0 0 0 0 0 0 0 0 0 0 0
"119" 119 0.538860103627 159 118 64 59 40 27 13 9 5 3 2 1 0 0 0 0 0 0 0 0
"120" 120 0.529069767442 304 156 20 7 7 3 1 1 1 0 0 0 0 0 0 0 0 0 0 0
"121" 121 0.276729559748 497 3 0 0 0 0 0 0 0 0 0 0 0 0 0 0 0 0 0 0
"122" 122 0.0125786163522 433 50 7 6 2 2 0 0 0 0 0 0 0 0 0 0 0 0 0 0
"123" 123 0.345911949686 189 165 58 57 25 5 1 0 0 0 0 0 0 0 0 0 0 0 0 0
"124" 124 0.534591194969 357 111 17 8 3 2 1 1 0 0 0 0 0 0 0 0 0 0 0 0
"125" 125 0.0456852791878 231 217 28 16 8 0 0 0 0 0 0 0 0 0 0 0 0 0 0 0
"126" 126 0.65625 268 147 51 22 4 3 2 1 1 1 0 0 0 0 0 0 0 0 0 0
"127" 127 0.518248175182 177 104 56 47 37 27 26 13 3 3 2 2 1 1 1 0 0 0 0 0
"128" 128 0.615384615385 500 0 0 0 0 0 0 0 0 0 0 0 0 0 0 0 0 0 0 0
"129" 129 0.198675496689 416 51 18 12 3 0 0 0 0 0 0 0 0 0 0 0 0 0 0 0
"130" 130 0.744394618834 336 68 48 15 11 9 7 5 1 0 0 0 0 0 0 0 0 0 0 0
"131" 131 0.255230125523 417 76 3 2 2 0 0 0 0 0 0 0 0 0 0 0 0 0 0 0
"132" 132 0.0993377483444 435 43 22 0 0 0 0 0 0 0 0 0 0 0 0 0 0 0 0 0
"133" 133 0.0582959641256 210 88 62 56 40 16 13 6 4 3 1 1 0 0 0 0 0 0 0 0
"134" 134 0.181347150259 157 133 51 46 37 32 19 9 6 3 2 2 1 1 1 0 0 0 0 0
"135" 135 0.62015503876 233 66 64 56 21 20 20 15 3 2 0 0 0 0 0 0 0 0 0 0
"136" 136 0.284974093264 212 104 77 37 31 19 10 9 1 0 0 0 0 0 0 0 0 0 0 0
"137" 137 0.704402515723 190 141 106 61 1 1 0 0 0 0 0 0 0 0 0 0 0 0 0 0
"138" 138 0.419708029197 289 130 47 20 10 2 1 1 0 0 0 0 0 0 0 0 0 0 0 0
"139" 139 0.00760456273764 344 125 23 6 1 1 0 0 0 0 0 0 0 0 0 0 0 0 0 0
"140" 140 0.472868217054 352 70 67 7 2 2 0 0 0 0 0 0 0 0 0 0 0 0 0 0
"141" 141 0.870466321244 301 60 49 44 22 13 7 2 1 1 0 0 0 0 0 0 0 0 0 0
"142" 142 0.284263959391 486 4 3 2 2 2 1 0 0 0 0 0 0 0 0 0 0 0 0 0
"143" 143 0.586538461538 500 0 0 0 0 0 0 0 0 0 0 0 0 0 0 0 0 0 0 0
"144" 144 0.0384615384615 500 0 0 0 0 0 0 0 0 0 0 0 0 0 0 0 0 0 0 0
"145" 145 0.153846153846 500 0 0 0 0 0 0 0 0 0 0 0 0 0 0 0 0 0 0 0
"146" 146 0.245283018868 149 122 90 41 25 21 19 15 11 4 3 0 0 0 0 0 0 0 0 0
"147" 147 0.174129353234 340 79 50 11 10 5 3 1 1 0 0 0 0 0 0 0 0 0 0 0
"148" 148 0.145348837209 429 68 2 1 0 0 0 0 0 0 0 0 0 0 0 0 0 0 0 0
"149" 149 0.0223214285714 264 86 54 48 35 13 0 0 0 0 0 0 0 0 0 0 0 0 0 0
"150" 150 0.0126582278481 499 1 0 0 0 0 0 0 0 0 0 0 0 0 0 0 0 0 0 0
"151" 151 0.0199004975124 360 81 32 17 9 1 0 0 0 0 0 0 0 0 0 0 0 0 0 0
"152" 152 0.147286821705 355 74 35 10 9 5 4 2 2 2 1 1 0 0 0 0 0 0 0 0
"153" 153 0.336787564767 484 12 2 2 0 0 0 0 0 0 0 0 0 0 0 0 0 0 0 0
"154" 154 0.0 468 18 13 1 0 0 0 0 0 0 0 0 0 0 0 0 0 0 0 0
"155" 155 0.183908045977 167 166 36 35 32 23 19 8 7 4 2 1 0 0 0 0 0 0 0 0
"156" 156 0.550387596899 279 103 95 12 7 3 1 0 0 0 0 0 0 0 0 0 0 0 0 0
"157" 157 0.0547445255474 201 85 81 53 38 17 12 12 1 0 0 0 0 0 0 0 0 0 0 0
"158" 158 0.0167364016736 436 50 8 4 2 0 0 0 0 0 0 0 0 0 0 0 0 0 0 0
"159" 159 0.238805970149 405 29 19 15 12 5 5 3 3 2 2 0 0 0 0 0 0 0 0 0
"160" 160 0.352201257862 452 27 12 7 2 0 0 0 0 0 0 0 0 0 0 0 0 0 0 0
"161" 161 0.121673003802 400 93 3 2 2 0 0 0 0 0 0 0 0 0 0 0 0 0 0 0
"162" 162 0.00836820083682 411 52 15 13 3 3 2 1 0 0 0 0 0 0 0 0 0 0 0 0
"163" 163 0.348837209302 192 77 71 63 32 28 14 11 3 2 2 2 1 1 1 0 0 0 0 0
"164" 164 0.694300518135 391 78 13 9 6 1 1 1 0 0 0 0 0 0 0 0 0 0 0 0
"165" 165 0.316091954023 293 146 58 2 1 0 0 0 0 0 0 0 0 0 0 0 0 0 0 0
"166" 166 0.0 477 20 2 1 0 0 0 0 0 0 0 0 0 0 0 0 0 0 0 0
"167" 167 0.103448275862 153 103 85 48 46 23 16 12 6 4 2 1 1 0 0 0 0 0 0 0
"168" 168 0.375 191 159 74 22 19 11 10 5 5 2 1 1 0 0 0 0 0 0 0 0
"169" 169 0.139896373057 264 69 50 42 29 19 8 7 5 4 3 0 0 0 0 0 0 0 0 0
"170" 170 0.0 493 3 2 1 1 0 0 0 0 0 0 0 0 0 0 0 0 0 0 0
"171" 171 0.405109489051 187 103 101 35 17 12 12 11 9 6 4 2 1 0 0 0 0 0 0 0
"172" 172 0.494252873563 178 151 47 44 42 14 11 6 3 2 1 1 0 0 0 0 0 0 0 0
"173" 173 0.278846153846 500 0 0 0 0 0 0 0 0 0 0 0 0 0 0 0 0 0 0 0
"174" 174 0.345991561181 153 148 83 69 21 13 9 2 1 1 0 0 0 0 0 0 0 0 0 0
"175" 175 0.133720930233 425 24 23 13 9 4 1 1 0 0 0 0 0 0 0 0 0 0 0 0
"176" 176 0.0 492 6 2 0 0 0 0 0 0 0 0 0 0 0 0 0 0 0 0 0
"177" 177 0.00497512437811 497 1 1 1 0 0 0 0 0 0 0 0 0 0 0 0 0 0 0 0
"178" 178 0.0 493 4 1 1 1 0 0 0 0 0 0 0 0 0 0 0 0 0 0 0
"179" 179 0.0 498 1 1 0 0 0 0 0 0 0 0 0 0 0 0 0 0 0 0 0
"180" 180 0.0077519379845 300 199 1 0 0 0 0 0 0 0 0 0 0 0 0 0 0 0 0 0
"181" 181 0.0 494 5 1 0 0 0 0 0 0 0 0 0 0 0 0 0 0 0 0 0
"182" 182 0.0288461538462 206 122 86 38 33 12 1 1 1 0 0 0 0 0 0 0 0 0 0 0
"183" 183 0.0615384615385 245 162 62 16 11 3 1 0 0 0 0 0 0 0 0 0 0 0 0 0
"184" 184 0.00662251655629 411 87 1 1 0 0 0 0 0 0 0 0 0 0 0 0 0 0 0 0
"185" 185 0.0248756218905 496 2 2 0 0 0 0 0 0 0 0 0 0 0 0 0 0 0 0 0
"186" 186 0.014598540146 133 131 91 90 10 10 8 8 7 6 4 2 0 0 0 0 0 0 0 0
"187" 187 0.0077519379845 499 1 0 0 0 0 0 0 0 0 0 0 0 0 0 0 0 0 0 0
"188" 188 0.0 411 84 2 2 1 0 0 0 0 0 0 0 0 0 0 0 0 0 0 0
"189" 189 0.0172413793103 198 111 56 45 26 24 17 7 6 3 3 2 1 1 0 0 0 0 0 0
"190" 190 0.118143459916 195 175 107 7 7 3 2 2 1 1 0 0 0 0 0 0 0 0 0 0
"191" 191 0.296650717703 198 176 43 23 18 11 9 7 6 4 3 2 0 0 0 0 0 0 0 0
"192" 192 0.0547263681592 479 15 6 0 0 0 0 0 0 0 0 0 0 0 0 0 0 0 0 0
"193" 193 0.0414507772021 437 42 15 6 0 0 0 0 0 0 0 0 0 0 0 0 0 0 0 0
"194" 194 0.636771300448 270 116 85 25 4 0 0 0 0 0 0 0 0 0 0 0 0 0 0 0
"195" 195 0.0871559633028 411 35 23 22 6 3 0 0 0 0 0 0 0 0 0 0 0 0 0 0
"196" 196 0.390728476821 455 21 8 6 4 3 2 1 0 0 0 0 0 0 0 0 0 0 0 0
"197" 197 0.326424870466 328 80 51 23 8 4 3 1 1 1 0 0 0 0 0 0 0 0 0 0
"198" 198 0.766839378238 435 35 22 7 1 0 0 0 0 0 0 0 0 0 0 0 0 0 0 0
"199" 199 0.441964285714 161 83 79 65 57 36 7 6 3 2 1 0 0 0 0 0 0 0 0 0
"200" 200 0.0 247 113 113 25 2 0 0 0 0 0 0 0 0 0 0 0 0 0 0 0
"201" 201 0.275862068966 403 47 35 11 2 1 1 0 0 0 0 0 0 0 0 0 0 0 0 0
"202" 202 0.509615384615 278 168 20 15 13 2 2 1 1 0 0 0 0 0 0 0 0 0 0 0
"203" 203 0.203980099502 113 112 81 64 29 24 22 17 13 8 7 4 3 2 1 0 0 0 0 0
"204" 204 0.292307692308 142 124 84 83 25 21 8 5 3 2 2 1 0 0 0 0 0 0 0 0
"205" 205 0.0507614213198 189 110 98 63 30 6 2 1 1 0 0 0 0 0 0 0 0 0 0 0
"206" 206 0.0062893081761 311 125 62 2 0 0 0 0 0 0 0 0 0 0 0 0 0 0 0 0
"207" 207 0.273255813953 221 123 102 26 9 8 6 2 2 1 0 0 0 0 0 0 0 0 0 0
"208" 208 0.0480769230769 500 0 0 0 0 0 0 0 0 0 0 0 0 0 0 0 0 0 0 0
"209" 209 0.0812182741117 315 163 18 2 1 1 0 0 0 0 0 0 0 0 0 0 0 0 0 0
"210" 210 0.0 498 1 1 0 0 0 0 0 0 0 0 0 0 0 0 0 0 0 0 0
"211" 211 0.0248756218905 330 61 29 27 21 14 9 7 1 1 0 0 0 0 0 0 0 0 0 0
"212" 212 0.197080291971 292 102 43 20 18 12 5 3 3 2 0 0 0 0 0 0 0 0 0 0
"213" 213 0.00380228136882 390 62 34 14 0 0 0 0 0 0 0 0 0 0 0 0 0 0 0 0
"214" 214 0.227979274611 173 157 94 37 24 7 3 2 2 1 0 0 0 0 0 0 0 0 0 0
"215" 215 0.0646766169154 485 15 0 0 0 0 0 0 0 0 0 0 0 0 0 0 0 0 0 0
"216" 216 0.217616580311 500 0 0 0 0 0 0 0 0 0 0 0 0 0 0 0 0 0 0 0
"217" 217 0.543046357616 147 97 85 80 57 18 9 4 1 1 1 0 0 0 0 0 0 0 0 0
"218" 218 0.372093023256 500 0 0 0 0 0 0 0 0 0 0 0 0 0 0 0 0 0 0 0
"219" 219 0.0963302752294 195 178 98 11 7 4 3 2 1 1 0 0 0 0 0 0 0 0 0 0
"220" 220 0.558394160584 199 155 76 21 19 11 10 6 3 0 0 0 0 0 0 0 0 0 0 0
"221" 221 0.163522012579 493 5 1 1 0 0 0 0 0 0 0 0 0 0 0 0 0 0 0 0
"222" 222 0.567164179104 336 159 4 1 0 0 0 0 0 0 0 0 0 0 0 0 0 0 0 0
"223" 223 0.344827586207 293 160 15 14 14 3 1 0 0 0 0 0 0 0 0 0 0 0 0 0
"224" 224 0.518248175182 167 105 74 40 32 28 18 18 10 5 3 0 0 0 0 0 0 0 0 0
"225" 225 0.278846153846 500 0 0 0 0 0 0 0 0 0 0 0 0 0 0 0 0 0 0 0
"226" 226 0.125 500 0 0 0 0 0 0 0 0 0 0 0 0 0 0 0 0 0 0 0
"227" 227 0.273255813953 260 74 34 27 25 19 18 12 11 8 5 3 2 2 0 0 0 0 0 0
"228" 228 0.167300380228 287 145 49 14 2 1 1 1 0 0 0 0 0 0 0 0 0 0 0 0
"229" 229 0.0547263681592 321 51 48 29 28 12 4 2 2 1 1 1 0 0 0 0 0 0 0 0
"230" 230 0.295336787565 299 77 50 44 15 7 5 2 1 0 0 0 0 0 0 0 0 0 0 0
"231" 231 0.547169811321 223 98 65 29 27 27 18 4 2 2 2 1 1 1 0 0 0 0 0 0
"232" 232 0.325892857143 195 82 57 44 38 33 32 8 4 3 3 1 0 0 0 0 0 0 0 0
"233" 233 0.271317829457 160 115 89 72 33 15 6 4 2 2 1 1 0 0 0 0 0 0 0 0
"234" 234 0.0387596899225 310 173 6 5 4 2 0 0 0 0 0 0 0 0 0 0 0 0 0 0
"235" 235 0.542635658915 178 71 68 41 38 36 20 15 12 11 9 1 0 0 0 0 0 0 0 0
"236" 236 0.480620155039 187 130 82 44 30 11 6 4 3 2 1 0 0 0 0 0 0 0 0 0
"237" 237 0.125 176 168 58 22 18 13 10 9 6 6 6 5 2 1 0 0 0 0 0 0
"238" 238 0.240310077519 161 99 39 39 31 30 29 29 15 10 8 7 2 1 0 0 0 0 0 0
"239" 239 0.558139534884 195 147 92 39 10 6 5 3 2 1 0 0 0 0 0 0 0 0 0 0
"240" 240 0.635658914729 127 122 74 59 39 28 20 10 10 6 4 1 0 0 0 0 0 0 0 0
"241" 241 0.298850574713 146 75 54 53 39 29 26 26 21 13 7 5 4 1 1 0 0 0 0 0
"242" 242 0.899224806202 243 147 45 44 21 0 0 0 0 0 0 0 0 0 0 0 0 0 0 0
