"site" "RSA" "aa1" "aa2" "aa3" "aa4" "aa5" "aa6" "aa7" "aa8" "aa9" "aa10" "aa11" "aa12" "aa13" "aa14" "aa15" "aa16" "aa17" "aa18" "aa19" "aa20"
"0" 0 0.275229357798 243 114 103 16 12 5 4 2 1 0 0 0 0 0 0 0 0 0 0 0
"1" 1 0.723214285714 208 105 61 53 50 15 5 2 1 0 0 0 0 0 0 0 0 0 0 0
"2" 2 0.317948717949 146 107 67 66 38 34 13 11 8 3 3 2 1 1 0 0 0 0 0 0
"3" 3 0.0836820083682 439 34 11 8 4 2 1 1 0 0 0 0 0 0 0 0 0 0 0 0
"4" 4 0.390134529148 203 72 59 40 30 26 25 18 18 7 1 1 0 0 0 0 0 0 0 0
"5" 5 0.316455696203 205 199 51 22 9 7 4 2 1 0 0 0 0 0 0 0 0 0 0 0
"6" 6 0.402298850575 293 80 57 45 7 6 5 2 2 2 1 0 0 0 0 0 0 0 0 0
"7" 7 0.482142857143 191 78 77 75 39 23 10 5 1 1 0 0 0 0 0 0 0 0 0 0
"8" 8 0.514767932489 210 97 56 44 23 21 16 14 13 3 1 1 1 0 0 0 0 0 0 0
"9" 9 0.395939086294 306 95 56 13 9 9 4 4 2 1 1 0 0 0 0 0 0 0 0 0
"10" 10 0.240384615385 485 10 4 1 0 0 0 0 0 0 0 0 0 0 0 0 0 0 0 0
"11" 11 0.683035714286 219 53 52 51 27 24 22 20 16 4 4 2 2 1 1 1 1 0 0 0
"12" 12 0.336538461538 291 80 49 36 23 15 3 2 1 0 0 0 0 0 0 0 0 0 0 0
"13" 13 1.06976744186 257 182 15 10 8 7 7 4 3 3 2 1 1 0 0 0 0 0 0 0
"14" 14 0.269230769231 498 1 1 0 0 0 0 0 0 0 0 0 0 0 0 0 0 0 0 0
"15" 15 0.14367816092 154 87 87 57 32 19 16 12 12 6 4 4 3 3 3 1 0 0 0 0
"16" 16 0.183908045977 221 65 53 52 33 16 14 14 13 8 4 3 2 1 1 0 0 0 0 0
"17" 17 0.171102661597 251 149 97 3 0 0 0 0 0 0 0 0 0 0 0 0 0 0 0 0
"18" 18 0.240506329114 417 44 17 11 5 2 2 1 1 0 0 0 0 0 0 0 0 0 0 0
"19" 19 0.0 314 108 48 24 4 2 0 0 0 0 0 0 0 0 0 0 0 0 0 0
"20" 20 0.357664233577 155 142 83 32 28 23 18 13 4 1 1 0 0 0 0 0 0 0 0 0
"21" 21 0.0923076923077 207 93 64 40 32 23 14 12 5 4 3 2 1 0 0 0 0 0 0 0
"22" 22 0.455696202532 236 68 38 29 29 28 17 17 12 11 6 5 1 1 1 1 0 0 0 0
"23" 23 0.696517412935 172 127 76 23 21 16 16 10 10 9 9 8 2 1 0 0 0 0 0 0
"24" 24 0.563953488372 113 75 68 67 47 39 30 28 12 9 5 2 2 2 1 0 0 0 0 0
"25" 25 0.432692307692 478 20 1 1 0 0 0 0 0 0 0 0 0 0 0 0 0 0 0 0
"26" 26 0.379464285714 160 71 65 48 47 32 25 18 11 11 5 3 2 1 1 0 0 0 0 0
"27" 27 0.350574712644 142 116 64 62 55 23 14 8 6 4 4 1 1 0 0 0 0 0 0 0
"28" 28 0.0 258 68 67 52 20 15 11 6 1 1 1 0 0 0 0 0 0 0 0 0
"29" 29 0.124031007752 164 120 98 51 28 14 8 7 7 3 0 0 0 0 0 0 0 0 0 0
"30" 30 0.0 147 130 88 79 39 8 3 2 1 1 1 1 0 0 0 0 0 0 0 0
"31" 31 0.177215189873 216 62 50 49 29 27 20 19 10 5 4 4 3 1 1 0 0 0 0 0
"32" 32 0.0759493670886 135 93 86 34 28 22 20 18 16 13 10 9 7 6 2 1 0 0 0 0
"33" 33 0.10152284264 184 81 79 45 27 15 15 11 8 7 7 7 7 5 1 1 0 0 0 0
"34" 34 0.489051094891 169 67 46 45 27 23 22 21 18 14 10 10 9 9 7 3 0 0 0 0
"35" 35 0.139303482587 226 98 95 31 20 18 5 2 2 2 1 0 0 0 0 0 0 0 0 0
"36" 36 0.378238341969 153 89 67 51 34 29 19 15 13 12 12 5 1 0 0 0 0 0 0 0
"37" 37 0.343023255814 160 60 44 44 43 42 31 22 17 14 7 4 4 3 3 2 0 0 0 0
"38" 38 0.723214285714 106 96 71 59 55 44 31 16 12 4 2 2 1 1 0 0 0 0 0 0
"39" 39 0.593023255814 141 117 42 40 34 21 20 19 15 14 11 8 8 6 3 1 0 0 0 0
"40" 40 0.709821428571 126 60 53 52 47 41 38 19 16 14 11 11 7 2 2 1 0 0 0 0
"41" 41 0.288461538462 500 0 0 0 0 0 0 0 0 0 0 0 0 0 0 0 0 0 0 0
"42" 42 0.362068965517 165 71 44 39 35 30 21 19 17 16 14 14 8 3 2 2 0 0 0 0
"43" 43 0.207547169811 148 133 90 39 21 16 13 13 11 7 6 3 0 0 0 0 0 0 0 0
"44" 44 0.569536423841 187 141 47 44 27 15 13 13 9 2 1 1 0 0 0 0 0 0 0 0
"45" 45 0.348837209302 139 95 62 53 51 32 22 21 8 5 5 5 2 0 0 0 0 0 0 0
"46" 46 0.0 87 83 62 53 32 30 24 23 23 19 19 15 14 6 6 4 0 0 0 0
"47" 47 0.482233502538 150 106 86 65 40 24 8 6 6 3 3 2 1 0 0 0 0 0 0 0
"48" 48 0.29197080292 178 122 56 53 39 28 10 5 3 3 2 1 0 0 0 0 0 0 0 0
"49" 49 0.0267857142857 220 86 78 49 26 14 9 6 4 2 2 2 1 1 0 0 0 0 0 0
"50" 50 0.121827411168 131 102 92 90 22 13 12 10 7 7 6 3 3 1 1 0 0 0 0 0
"51" 51 0.403973509934 124 96 93 43 42 30 28 23 10 6 2 1 1 1 0 0 0 0 0 0
"52" 52 0.0597014925373 223 87 62 53 37 19 7 4 4 3 1 0 0 0 0 0 0 0 0 0
"53" 53 0.0398009950249 148 106 100 38 27 21 18 12 12 7 5 3 3 0 0 0 0 0 0 0
"54" 54 0.632911392405 201 64 60 53 36 34 20 10 8 4 4 3 2 1 0 0 0 0 0 0
"55" 55 0.424107142857 190 71 63 44 37 34 28 17 6 3 2 2 2 1 0 0 0 0 0 0
"56" 56 0.0199004975124 450 15 9 6 6 6 3 2 2 1 0 0 0 0 0 0 0 0 0 0
"57" 57 0.594871794872 222 62 43 39 37 34 33 13 8 4 3 2 0 0 0 0 0 0 0 0
"58" 58 0.177033492823 376 55 52 14 2 1 0 0 0 0 0 0 0 0 0 0 0 0 0 0
"59" 59 0.566037735849 187 171 85 40 10 3 2 1 1 0 0 0 0 0 0 0 0 0 0 0
"60" 60 0.0564102564103 225 107 74 70 7 6 4 4 1 1 1 0 0 0 0 0 0 0 0 0
"61" 61 0.010152284264 436 39 7 7 5 3 3 0 0 0 0 0 0 0 0 0 0 0 0 0
"62" 62 0.0287356321839 138 119 51 39 33 32 31 22 10 9 6 4 4 2 0 0 0 0 0 0
"63" 63 0.430379746835 115 80 61 53 48 38 30 24 23 16 11 1 0 0 0 0 0 0 0 0
"64" 64 0.124378109453 350 102 16 15 8 4 4 1 0 0 0 0 0 0 0 0 0 0 0 0
"65" 65 0.268656716418 315 36 36 24 22 16 15 14 5 5 5 5 1 1 0 0 0 0 0 0
"66" 66 0.461139896373 204 142 61 49 11 8 8 7 6 2 2 0 0 0 0 0 0 0 0 0
"67" 67 0.155172413793 281 130 24 22 13 10 4 4 4 3 2 2 1 0 0 0 0 0 0 0
"68" 68 0.147208121827 377 30 23 19 13 10 8 8 7 3 1 1 0 0 0 0 0 0 0 0
"69" 69 0.66985645933 131 122 76 72 34 25 11 9 6 6 5 1 1 1 0 0 0 0 0 0
"70" 70 0.348837209302 342 44 34 20 18 17 8 7 4 3 1 1 1 0 0 0 0 0 0 0
"71" 71 0.723214285714 108 93 88 62 59 49 31 2 2 2 2 1 1 0 0 0 0 0 0 0
"72" 72 0.4 193 102 38 37 29 28 15 14 13 11 7 7 5 1 0 0 0 0 0 0
"73" 73 0.257383966245 185 80 71 42 34 27 24 13 9 6 3 2 2 1 1 0 0 0 0 0
"74" 74 0.0298507462687 220 81 49 33 33 16 14 14 10 9 6 5 4 3 2 1 0 0 0 0
"75" 75 0.0836501901141 288 66 52 45 19 15 7 4 3 1 0 0 0 0 0 0 0 0 0 0
"76" 76 0.0 170 154 111 29 10 6 5 4 4 2 1 1 1 1 1 0 0 0 0 0
"77" 77 0.0172413793103 261 156 18 17 16 16 5 5 5 1 0 0 0 0 0 0 0 0 0 0
"78" 78 0.0836820083682 221 103 89 40 20 13 5 4 4 1 0 0 0 0 0 0 0 0 0 0
"79" 79 0.174107142857 175 148 60 37 30 10 9 7 6 5 4 3 3 2 1 0 0 0 0 0
"80" 80 0.163179916318 315 157 26 2 0 0 0 0 0 0 0 0 0 0 0 0 0 0 0 0
"81" 81 0.0497512437811 286 92 54 49 10 4 2 1 1 1 0 0 0 0 0 0 0 0 0 0
"82" 82 0.377990430622 209 130 38 34 31 18 8 8 7 5 5 4 1 1 1 0 0 0 0 0
"83" 83 0.125560538117 115 111 101 39 31 29 20 17 15 7 7 4 2 2 0 0 0 0 0 0
"84" 84 0.217616580311 220 75 63 38 37 30 8 7 5 5 5 4 1 1 1 0 0 0 0 0
"85" 85 0.0 315 50 48 26 18 14 12 6 4 3 1 1 1 1 0 0 0 0 0 0
"86" 86 0.232067510549 161 132 64 49 44 17 14 6 4 4 3 1 1 0 0 0 0 0 0 0
"87" 87 0.485232067511 107 103 98 40 38 27 19 19 18 11 9 7 3 1 0 0 0 0 0 0
"88" 88 0.0334728033473 202 59 46 43 43 32 31 13 6 6 6 6 2 2 1 1 1 0 0 0
"89" 89 0.0321100917431 152 150 47 44 27 17 13 13 8 7 7 7 4 2 1 1 0 0 0 0
"90" 90 0.492227979275 107 100 100 70 37 26 21 11 7 7 6 5 1 1 1 0 0 0 0 0
"91" 91 0.612403100775 65 60 59 51 51 42 40 38 21 20 17 13 6 6 5 4 1 1 0 0
"92" 92 0.0927152317881 131 61 56 50 40 35 31 25 17 13 9 9 8 7 5 3 0 0 0 0
"93" 93 0.527131782946 132 75 69 65 62 43 18 13 8 4 4 3 3 1 0 0 0 0 0 0
"94" 94 0.880597014925 140 121 109 31 23 23 21 15 9 4 2 1 1 0 0 0 0 0 0 0
"95" 95 0.761627906977 164 119 59 35 27 20 16 12 11 10 8 7 5 4 3 0 0 0 0 0
"96" 96 0.173076923077 500 0 0 0 0 0 0 0 0 0 0 0 0 0 0 0 0 0 0 0
"97" 97 0.0710659898477 224 74 52 44 36 19 18 10 10 7 5 1 0 0 0 0 0 0 0 0
"98" 98 0.51572327044 244 125 49 28 23 13 13 3 1 1 0 0 0 0 0 0 0 0 0 0
"99" 99 0.283582089552 153 115 87 40 34 24 11 11 10 5 5 4 1 0 0 0 0 0 0 0
"100" 100 0.396226415094 160 145 120 18 13 11 9 9 7 3 3 1 1 0 0 0 0 0 0 0
"101" 101 0.0199004975124 337 58 26 22 20 18 9 4 4 1 1 0 0 0 0 0 0 0 0 0
"102" 102 0.0304568527919 435 20 18 10 5 5 3 2 1 1 0 0 0 0 0 0 0 0 0 0
"103" 103 0.0632911392405 264 81 50 30 18 18 11 9 6 4 4 2 2 1 0 0 0 0 0 0
"104" 104 0.0132450331126 361 56 25 20 11 10 9 4 2 1 1 0 0 0 0 0 0 0 0 0
"105" 105 0.0 258 84 49 38 15 15 14 12 4 3 2 2 2 1 1 0 0 0 0 0
"106" 106 0.0 185 100 65 46 33 27 24 7 7 2 1 1 1 1 0 0 0 0 0 0
"107" 107 0.209205020921 194 194 59 18 9 7 5 5 4 3 2 0 0 0 0 0 0 0 0 0
"108" 108 0.0582959641256 181 137 38 30 19 18 17 17 15 13 10 3 1 1 0 0 0 0 0 0
"109" 109 0.0 346 104 17 14 10 7 1 1 0 0 0 0 0 0 0 0 0 0 0 0
"110" 110 0.0 284 78 54 27 27 16 5 5 1 1 1 1 0 0 0 0 0 0 0 0
"111" 111 0.282511210762 192 145 77 23 19 17 10 7 5 3 1 1 0 0 0 0 0 0 0 0
"112" 112 0.0 287 202 11 0 0 0 0 0 0 0 0 0 0 0 0 0 0 0 0 0
"113" 113 0.0 166 76 70 59 58 13 13 11 11 10 9 2 1 1 0 0 0 0 0 0
"114" 114 0.116279069767 301 97 23 23 19 12 10 5 4 2 2 1 1 0 0 0 0 0 0 0
"115" 115 0.209205020921 213 186 75 12 6 3 1 1 1 1 1 0 0 0 0 0 0 0 0 0
"116" 116 0.0 307 62 56 25 21 16 6 5 2 0 0 0 0 0 0 0 0 0 0 0
"117" 117 0.124401913876 323 59 42 15 12 12 9 8 6 5 4 4 1 0 0 0 0 0 0 0
"118" 118 0.576158940397 166 135 49 48 26 25 15 12 7 6 5 2 2 1 1 0 0 0 0 0
"119" 119 0.320574162679 173 97 87 70 34 16 6 5 3 3 3 2 1 0 0 0 0 0 0 0
"120" 120 0.35401459854 243 127 56 26 11 11 8 7 5 4 2 0 0 0 0 0 0 0 0 0
"121" 121 0.0 266 108 49 36 17 14 4 2 2 1 1 0 0 0 0 0 0 0 0 0
"122" 122 0.0 229 60 47 37 33 23 21 16 15 6 5 3 2 2 1 0 0 0 0 0
"123" 123 0.0 500 0 0 0 0 0 0 0 0 0 0 0 0 0 0 0 0 0 0 0
"124" 124 0.0583941605839 344 61 46 15 12 7 6 4 4 1 0 0 0 0 0 0 0 0 0 0
"125" 125 0.0880829015544 208 205 54 10 6 5 5 4 1 1 1 0 0 0 0 0 0 0 0 0
"126" 126 0.0 115 84 83 82 51 39 25 5 5 4 3 2 1 1 0 0 0 0 0 0
"127" 127 0.172995780591 238 63 55 53 38 18 16 10 7 2 0 0 0 0 0 0 0 0 0 0
"128" 128 0.0 201 153 39 28 28 26 13 11 1 0 0 0 0 0 0 0 0 0 0 0
"129" 129 0.309417040359 201 140 70 56 17 6 4 2 2 1 1 0 0 0 0 0 0 0 0 0
"130" 130 0.0717948717949 162 138 69 57 40 25 4 3 1 1 0 0 0 0 0 0 0 0 0 0
"131" 131 0.0 264 186 19 17 7 2 2 1 1 1 0 0 0 0 0 0 0 0 0 0
"132" 132 0.199004975124 142 102 79 64 52 21 15 9 8 4 2 1 1 0 0 0 0 0 0 0
"133" 133 0.0 226 88 70 46 36 9 9 9 2 2 1 1 1 0 0 0 0 0 0 0
"134" 134 0.138461538462 428 63 5 2 1 1 0 0 0 0 0 0 0 0 0 0 0 0 0 0
"135" 135 0.383720930233 118 115 90 76 40 28 9 6 6 4 3 3 2 0 0 0 0 0 0 0
"136" 136 0.571428571429 184 92 84 32 26 20 20 18 12 6 5 1 0 0 0 0 0 0 0 0
"137" 137 0.0 500 0 0 0 0 0 0 0 0 0 0 0 0 0 0 0 0 0 0 0
"138" 138 0.0697674418605 190 119 67 52 29 14 11 4 4 3 2 2 1 1 1 0 0 0 0 0
"139" 139 0.0 320 116 36 17 7 2 1 1 0 0 0 0 0 0 0 0 0 0 0 0
"140" 140 0.10970464135 311 82 35 29 19 9 7 5 2 1 0 0 0 0 0 0 0 0 0 0
"141" 141 0.0 188 186 65 24 11 7 7 4 4 3 1 0 0 0 0 0 0 0 0 0
"142" 142 0.0697674418605 293 133 58 13 2 1 0 0 0 0 0 0 0 0 0 0 0 0 0 0
"143" 143 0.305699481865 233 167 64 24 7 1 1 1 1 1 0 0 0 0 0 0 0 0 0 0
"144" 144 0.00418410041841 439 42 13 3 2 1 0 0 0 0 0 0 0 0 0 0 0 0 0 0
"145" 145 0.105769230769 144 98 75 75 38 26 11 11 8 4 4 3 1 1 1 0 0 0 0 0
"146" 146 0.268656716418 138 113 58 50 43 29 21 19 16 6 5 2 0 0 0 0 0 0 0 0
"147" 147 0.0 289 210 1 0 0 0 0 0 0 0 0 0 0 0 0 0 0 0 0 0
"148" 148 0.197080291971 266 50 47 42 39 19 8 7 6 6 5 4 1 0 0 0 0 0 0 0
"149" 149 0.325581395349 124 86 70 50 43 27 25 16 13 13 12 11 6 3 1 0 0 0 0 0
"150" 150 0.125523012552 98 75 66 57 46 38 24 22 17 16 8 6 6 6 5 5 4 1 0 0
"151" 151 0.269230769231 260 123 44 29 20 6 5 3 3 2 2 1 1 1 0 0 0 0 0 0
"152" 152 0.804597701149 242 99 61 48 26 12 6 3 2 1 0 0 0 0 0 0 0 0 0 0
"153" 153 0.748427672956 184 178 88 43 7 0 0 0 0 0 0 0 0 0 0 0 0 0 0 0
"154" 154 0.16091954023 153 135 83 34 29 14 12 11 7 6 4 4 2 2 2 1 1 0 0 0
"155" 155 0.558394160584 365 37 22 21 16 15 9 8 5 2 0 0 0 0 0 0 0 0 0 0
"156" 156 0.523255813953 178 71 51 37 35 34 24 24 18 16 6 2 2 1 1 0 0 0 0 0
"157" 157 0.110266159696 271 180 16 14 11 3 3 1 1 0 0 0 0 0 0 0 0 0 0 0
"158" 158 0.832535885167 189 80 73 33 23 22 20 18 17 7 6 4 4 3 1 0 0 0 0 0
"159" 159 0.790178571429 426 31 24 5 3 3 2 2 2 1 1 0 0 0 0 0 0 0 0 0
"160" 160 0.0804597701149 175 154 53 27 25 24 20 8 7 4 2 1 0 0 0 0 0 0 0 0
"161" 161 0.0114942528736 125 89 67 59 49 45 18 17 17 11 1 1 1 0 0 0 0 0 0 0
"162" 162 0.273255813953 122 117 97 60 48 31 15 5 4 1 0 0 0 0 0 0 0 0 0 0
"163" 163 0.164179104478 355 127 5 3 3 2 2 1 1 1 0 0 0 0 0 0 0 0 0 0
"164" 164 0.351063829787 167 102 80 78 27 16 9 7 5 5 2 1 1 0 0 0 0 0 0 0
"165" 165 0.0152091254753 227 125 102 13 12 6 6 4 2 2 1 0 0 0 0 0 0 0 0 0
"166" 166 0.142335766423 484 15 1 0 0 0 0 0 0 0 0 0 0 0 0 0 0 0 0 0
"167" 167 0.0077519379845 270 124 35 29 15 13 11 1 1 1 0 0 0 0 0 0 0 0 0 0
"168" 168 0.0 104 100 61 53 40 40 28 26 23 10 10 2 1 1 1 0 0 0 0 0
"169" 169 0.0223214285714 367 39 31 18 16 11 8 3 2 2 1 1 1 0 0 0 0 0 0 0
"170" 170 0.0761421319797 134 118 77 43 37 26 21 19 9 7 4 4 1 0 0 0 0 0 0 0
"171" 171 0.0199004975124 368 98 8 6 6 6 5 2 1 0 0 0 0 0 0 0 0 0 0 0
"172" 172 0.0 231 94 25 24 23 22 20 18 14 10 8 7 3 1 0 0 0 0 0 0
"173" 173 0.259615384615 273 75 63 52 14 10 5 4 1 1 1 1 0 0 0 0 0 0 0 0
"174" 174 0.113924050633 233 183 32 25 15 5 4 2 1 0 0 0 0 0 0 0 0 0 0 0
"175" 175 0.455696202532 110 93 76 53 53 37 37 20 13 4 2 2 0 0 0 0 0 0 0 0
"176" 176 0.539923954373 259 107 28 20 20 19 15 12 6 5 3 3 2 1 0 0 0 0 0 0
"177" 177 0.0304182509506 255 80 75 46 14 11 10 7 1 1 0 0 0 0 0 0 0 0 0 0
"178" 178 0.23178807947 243 147 58 52 0 0 0 0 0 0 0 0 0 0 0 0 0 0 0 0
"179" 179 0.267441860465 162 66 62 61 49 36 21 13 12 5 4 3 3 1 1 1 0 0 0 0
"180" 180 0.0852713178295 289 62 62 33 20 11 10 4 3 3 2 1 0 0 0 0 0 0 0 0
"181" 181 0.0 204 86 79 70 35 9 7 5 4 1 0 0 0 0 0 0 0 0 0 0
"182" 182 0.0 497 2 1 0 0 0 0 0 0 0 0 0 0 0 0 0 0 0 0 0
"183" 183 0.010152284264 158 86 75 45 41 31 23 20 17 3 1 0 0 0 0 0 0 0 0 0
"184" 184 0.0 195 155 91 32 12 9 3 2 1 0 0 0 0 0 0 0 0 0 0 0
"185" 185 0.0 254 141 70 19 6 6 3 1 0 0 0 0 0 0 0 0 0 0 0 0
"186" 186 0.00497512437811 226 151 36 31 13 10 9 8 5 4 3 2 2 0 0 0 0 0 0 0
"187" 187 0.0 449 50 1 0 0 0 0 0 0 0 0 0 0 0 0 0 0 0 0 0
"188" 188 0.00632911392405 309 71 40 23 16 12 7 6 6 5 2 1 1 1 0 0 0 0 0 0
"189" 189 0.0 219 79 74 56 31 11 11 10 6 2 1 0 0 0 0 0 0 0 0 0
"190" 190 0.0 192 165 29 20 18 17 15 15 11 11 4 2 1 0 0 0 0 0 0 0
"191" 191 0.0 168 109 94 29 24 21 17 15 5 4 3 3 3 2 1 1 1 0 0 0
"192" 192 0.0178571428571 199 121 52 26 26 21 15 12 7 7 6 4 3 1 0 0 0 0 0 0
"193" 193 0.0 264 63 45 36 20 15 15 14 9 7 4 4 3 1 0 0 0 0 0 0
"194" 194 0.0689655172414 101 90 69 67 38 36 26 19 16 12 9 9 4 2 1 1 0 0 0 0
"195" 195 0.191860465116 243 65 51 45 34 32 24 2 2 1 1 0 0 0 0 0 0 0 0 0
"196" 196 0.299270072993 155 152 129 17 10 10 9 8 5 4 1 0 0 0 0 0 0 0 0 0
"197" 197 0.631386861314 237 127 70 22 15 14 8 4 2 1 0 0 0 0 0 0 0 0 0 0
"198" 198 0.15503875969 151 101 50 48 32 31 30 29 5 5 4 4 3 3 2 2 0 0 0 0
"199" 199 0.144278606965 336 56 30 25 15 9 9 7 4 3 3 2 1 0 0 0 0 0 0 0
"200" 200 0.00836820083682 358 92 16 9 5 5 4 2 2 2 2 2 1 0 0 0 0 0 0 0
"201" 201 0.245283018868 455 30 6 4 3 2 0 0 0 0 0 0 0 0 0 0 0 0 0 0
"202" 202 0.0384615384615 499 1 0 0 0 0 0 0 0 0 0 0 0 0 0 0 0 0 0 0
"203" 203 0.683937823834 163 89 83 47 39 25 21 9 9 6 5 3 1 0 0 0 0 0 0 0
"204" 204 0.337748344371 341 75 49 12 5 5 5 4 2 1 1 0 0 0 0 0 0 0 0 0
"205" 205 0.495535714286 336 46 42 35 15 12 4 2 2 2 2 1 1 0 0 0 0 0 0 0
"206" 206 0.324873096447 293 126 19 17 16 10 6 4 3 3 2 1 0 0 0 0 0 0 0 0
"207" 207 0.124352331606 214 88 53 29 28 26 23 16 8 5 3 3 2 1 1 0 0 0 0 0
"208" 208 0.0 254 82 61 39 26 14 10 7 5 1 1 0 0 0 0 0 0 0 0 0
"209" 209 0.0348258706468 270 129 39 24 14 9 6 3 2 1 1 1 1 0 0 0 0 0 0 0
"210" 210 0.200836820084 310 92 49 15 10 7 5 4 4 2 2 0 0 0 0 0 0 0 0 0
"211" 211 0.277372262774 290 105 31 25 13 10 9 4 3 3 2 2 2 1 0 0 0 0 0 0
"212" 212 0.0 225 195 33 13 7 5 4 4 4 3 2 2 2 1 0 0 0 0 0 0
"213" 213 0.00418410041841 258 102 67 54 5 4 2 2 2 1 1 1 1 0 0 0 0 0 0 0
"214" 214 0.383211678832 226 126 88 29 14 6 3 3 2 2 1 0 0 0 0 0 0 0 0 0
"215" 215 0.104651162791 316 34 25 23 22 22 17 12 8 5 5 3 3 2 2 1 0 0 0 0
"216" 216 0.0298507462687 315 119 23 14 10 8 3 3 2 1 1 1 0 0 0 0 0 0 0 0
"217" 217 0.0576923076923 500 0 0 0 0 0 0 0 0 0 0 0 0 0 0 0 0 0 0 0
"218" 218 0.156976744186 185 96 85 53 45 9 9 8 6 2 2 0 0 0 0 0 0 0 0 0
"219" 219 0.0377358490566 173 156 109 23 18 17 3 1 0 0 0 0 0 0 0 0 0 0 0 0
"220" 220 0.424870466321 354 83 47 7 4 3 1 1 0 0 0 0 0 0 0 0 0 0 0 0
"221" 221 0.34375 192 91 60 44 37 31 11 10 6 6 3 2 2 2 2 1 0 0 0 0
"222" 222 0.770114942529 197 114 80 58 31 10 7 1 1 1 0 0 0 0 0 0 0 0 0 0
"223" 223 0.350574712644 188 105 62 53 23 23 16 11 9 5 2 1 1 1 0 0 0 0 0 0
"224" 224 0.0390070921986 230 153 77 27 6 5 2 0 0 0 0 0 0 0 0 0 0 0 0 0
"225" 225 0.522012578616 326 96 23 18 18 7 6 2 2 1 1 0 0 0 0 0 0 0 0 0
"226" 226 0.317307692308 500 0 0 0 0 0 0 0 0 0 0 0 0 0 0 0 0 0 0 0
"227" 227 0.0 175 108 68 26 24 19 18 15 12 10 7 5 5 3 3 2 0 0 0 0
"228" 228 0.354651162791 177 112 40 35 35 26 20 12 10 9 8 6 5 3 2 0 0 0 0 0
"229" 229 0.675496688742 237 119 57 42 15 13 4 4 3 3 2 1 0 0 0 0 0 0 0 0
"230" 230 0.0871559633028 213 131 52 23 15 14 14 11 8 7 4 3 2 1 1 1 0 0 0 0
"231" 231 0.509433962264 252 175 50 14 5 2 2 0 0 0 0 0 0 0 0 0 0 0 0 0
"232" 232 0.466321243523 96 95 57 53 49 43 36 21 17 10 8 4 3 3 3 2 0 0 0 0
"233" 233 0.155893536122 209 121 96 53 19 2 0 0 0 0 0 0 0 0 0 0 0 0 0 0
"234" 234 0.426160337553 181 110 86 62 16 12 10 8 7 5 1 1 1 0 0 0 0 0 0 0
"235" 235 0.654088050314 215 119 72 34 16 16 8 6 5 3 3 2 1 0 0 0 0 0 0 0
"236" 236 0.668874172185 180 138 72 61 24 16 6 2 1 0 0 0 0 0 0 0 0 0 0 0
"237" 237 0.0376569037657 132 97 75 52 43 36 20 12 11 8 4 4 3 2 1 0 0 0 0 0
"238" 238 0.345911949686 203 95 50 50 29 25 20 15 5 3 3 1 1 0 0 0 0 0 0 0
"239" 239 0.763713080169 322 75 31 28 22 9 9 1 1 1 1 0 0 0 0 0 0 0 0 0
"240" 240 0.27304964539 301 109 62 7 6 5 5 2 1 1 1 0 0 0 0 0 0 0 0 0
"241" 241 0.713178294574 280 131 36 16 12 10 7 6 2 0 0 0 0 0 0 0 0 0 0 0
"242" 242 0.416058394161 174 72 60 47 47 33 25 14 12 6 4 2 2 1 1 0 0 0 0 0
"243" 243 0.367713004484 236 76 70 36 30 16 9 7 5 4 3 3 2 1 1 1 0 0 0 0
"244" 244 0.528497409326 147 130 94 27 24 22 15 15 13 8 3 1 1 0 0 0 0 0 0 0
"245" 245 0.0753138075314 109 99 92 82 40 22 11 10 8 7 5 5 3 2 2 2 1 0 0 0
"246" 246 0.291390728477 184 97 63 31 31 22 20 16 15 8 5 5 2 1 0 0 0 0 0 0
"247" 247 0.590717299578 159 116 60 43 37 32 27 14 4 4 3 1 0 0 0 0 0 0 0 0
"248" 248 0.0689655172414 189 138 50 28 27 20 15 8 6 5 4 4 3 2 1 0 0 0 0 0
"249" 249 0.00574712643678 110 81 71 66 64 56 31 9 4 4 3 1 0 0 0 0 0 0 0 0
"250" 250 0.509433962264 161 146 117 48 18 5 2 1 1 1 0 0 0 0 0 0 0 0 0 0
"251" 251 0.59748427673 189 115 114 56 11 4 4 4 2 1 0 0 0 0 0 0 0 0 0 0
"252" 252 0.0298507462687 121 114 99 74 34 25 12 8 7 2 1 1 1 1 0 0 0 0 0 0
"253" 253 0.316062176166 339 137 6 5 4 3 1 1 1 1 1 1 0 0 0 0 0 0 0 0
"254" 254 0.647321428571 171 115 96 46 22 18 18 6 4 2 2 0 0 0 0 0 0 0 0 0
"255" 255 0.238341968912 122 121 78 68 29 25 20 15 9 8 3 1 1 0 0 0 0 0 0 0
"256" 256 0.0 146 77 76 66 43 24 23 11 8 7 5 4 3 3 1 1 1 1 0 0
"257" 257 0.284671532847 150 100 78 39 34 33 30 17 8 3 3 3 1 1 0 0 0 0 0 0
"258" 258 0.304635761589 172 87 63 63 40 32 18 13 5 3 1 1 1 1 0 0 0 0 0 0
"259" 259 0.0 230 154 50 16 12 11 10 7 4 3 1 1 1 0 0 0 0 0 0 0
"260" 260 0.00497512437811 223 149 31 26 21 12 12 10 7 4 2 1 1 1 0 0 0 0 0 0
"261" 261 0.264900662252 190 101 51 47 45 18 14 9 7 7 5 4 2 0 0 0 0 0 0 0
"262" 262 0.318385650224 154 115 85 48 37 31 12 6 5 3 2 2 0 0 0 0 0 0 0 0
"263" 263 0.0 239 89 60 35 23 15 11 9 9 5 3 1 1 0 0 0 0 0 0 0
"264" 264 0.0248756218905 238 162 24 20 14 13 10 7 6 5 1 0 0 0 0 0 0 0 0 0
"265" 265 0.282296650718 405 59 16 5 4 3 2 2 2 1 1 0 0 0 0 0 0 0 0 0
"266" 266 0.0304182509506 192 129 94 36 21 13 3 3 2 2 2 2 1 0 0 0 0 0 0 0
"267" 267 0.0984455958549 158 157 109 28 15 15 4 4 3 3 2 2 0 0 0 0 0 0 0 0
"268" 268 0.194968553459 182 143 51 34 28 14 11 9 8 6 5 5 3 1 0 0 0 0 0 0
"269" 269 0.723076923077 173 163 68 41 25 16 9 3 1 1 0 0 0 0 0 0 0 0 0 0
"270" 270 0.616033755274 178 115 95 46 42 8 7 3 3 1 1 1 0 0 0 0 0 0 0 0
"271" 271 0.0510948905109 338 55 37 25 16 13 11 4 1 0 0 0 0 0 0 0 0 0 0 0
"272" 272 0.10152284264 141 108 99 82 30 16 14 6 2 1 1 0 0 0 0 0 0 0 0 0
"273" 273 0.364238410596 266 68 64 50 18 16 5 5 4 1 1 1 1 0 0 0 0 0 0 0
"274" 274 0.0077519379845 251 125 112 8 3 1 0 0 0 0 0 0 0 0 0 0 0 0 0 0
"275" 275 0.675105485232 367 38 32 17 11 8 7 6 5 3 2 1 1 1 1 0 0 0 0 0
"276" 276 0.348837209302 224 75 64 53 26 16 16 15 9 2 0 0 0 0 0 0 0 0 0 0
"277" 277 0.0 345 99 13 10 9 8 7 5 2 2 0 0 0 0 0 0 0 0 0 0
"278" 278 0.233830845771 459 12 8 7 4 3 2 2 1 1 1 0 0 0 0 0 0 0 0 0
"279" 279 0.697674418605 263 99 56 30 27 7 7 4 2 2 1 1 1 0 0 0 0 0 0 0
"280" 280 0.0813397129187 490 3 2 2 1 1 1 0 0 0 0 0 0 0 0 0 0 0 0 0
"281" 281 0.415094339623 155 137 91 54 21 16 13 6 3 2 2 0 0 0 0 0 0 0 0 0
"282" 282 0.0 125 80 64 62 53 42 38 15 10 5 3 3 0 0 0 0 0 0 0 0
"283" 283 0.0418410041841 337 137 24 1 1 0 0 0 0 0 0 0 0 0 0 0 0 0 0 0
"284" 284 0.677130044843 264 65 41 34 26 17 16 15 6 4 4 4 3 1 0 0 0 0 0 0
"285" 285 0.518134715026 142 115 88 59 32 22 20 11 9 2 0 0 0 0 0 0 0 0 0 0
"286" 286 0.229885057471 178 120 90 26 25 14 12 9 7 7 7 3 2 0 0 0 0 0 0 0
"287" 287 0.517441860465 362 65 16 15 12 8 7 6 4 3 1 1 0 0 0 0 0 0 0 0
"288" 288 0.489451476793 197 121 83 30 22 10 8 8 7 5 4 3 2 0 0 0 0 0 0 0
"289" 289 0.22641509434 214 79 57 57 24 17 16 10 7 6 5 3 3 2 0 0 0 0 0 0
"290" 290 0.563218390805 189 117 36 34 33 28 21 17 9 8 4 3 1 0 0 0 0 0 0 0
"291" 291 0.0377358490566 317 43 33 33 23 8 6 6 6 6 4 4 3 3 2 1 1 1 0 0
"292" 292 0.88995215311 361 34 31 24 24 14 6 3 1 1 1 0 0 0 0 0 0 0 0 0
"293" 293 0.497512437811 290 64 41 37 18 10 10 10 5 5 4 2 2 1 1 0 0 0 0 0
