"site" "RSA" "aa1" "aa2" "aa3" "aa4" "aa5" "aa6" "aa7" "aa8" "aa9" "aa10" "aa11" "aa12" "aa13" "aa14" "aa15" "aa16" "aa17" "aa18" "aa19" "aa20"
"0" 0 0.353211009174 162 82 70 63 62 27 24 5 4 1 0 0 0 0 0 0 0 0 0 0
"1" 1 0.0 370 101 15 11 2 1 0 0 0 0 0 0 0 0 0 0 0 0 0 0
"2" 2 0.133720930233 296 89 58 27 12 9 3 2 2 1 1 0 0 0 0 0 0 0 0 0
"3" 3 0.00961538461538 500 0 0 0 0 0 0 0 0 0 0 0 0 0 0 0 0 0 0 0
"4" 4 0.462686567164 385 101 10 3 1 0 0 0 0 0 0 0 0 0 0 0 0 0 0 0
"5" 5 0.14367816092 405 57 32 5 1 0 0 0 0 0 0 0 0 0 0 0 0 0 0 0
"6" 6 0.383928571429 223 111 44 40 25 16 15 10 9 4 1 1 1 0 0 0 0 0 0 0
"7" 7 0.108527131783 443 31 25 1 0 0 0 0 0 0 0 0 0 0 0 0 0 0 0 0
"8" 8 0.304568527919 438 31 18 8 5 0 0 0 0 0 0 0 0 0 0 0 0 0 0 0
"9" 9 0.00961538461538 463 25 12 0 0 0 0 0 0 0 0 0 0 0 0 0 0 0 0 0
"10" 10 0.304597701149 171 130 72 37 28 25 17 10 8 2 0 0 0 0 0 0 0 0 0 0
"11" 11 0.0 172 149 85 54 10 10 6 6 5 3 0 0 0 0 0 0 0 0 0 0
"12" 12 0.350210970464 206 161 77 28 22 3 2 1 0 0 0 0 0 0 0 0 0 0 0 0
"13" 13 0.341968911917 253 106 44 38 37 6 5 5 3 2 1 0 0 0 0 0 0 0 0 0
"14" 14 0.195402298851 294 90 44 30 12 8 7 5 4 3 2 1 0 0 0 0 0 0 0 0
"15" 15 0.538116591928 349 61 35 17 11 8 5 4 2 2 2 1 1 1 1 0 0 0 0 0
"16" 16 0.519230769231 500 0 0 0 0 0 0 0 0 0 0 0 0 0 0 0 0 0 0 0
"17" 17 0.401162790698 206 139 83 24 15 8 8 5 4 3 2 1 1 1 0 0 0 0 0 0
"18" 18 0.451776649746 170 81 63 40 37 31 15 13 12 11 10 5 4 3 2 2 1 0 0 0
"19" 19 0.720207253886 150 107 72 51 45 35 31 4 3 1 1 0 0 0 0 0 0 0 0 0
"20" 20 0.712820512821 156 126 98 40 39 19 10 4 3 2 1 1 1 0 0 0 0 0 0 0
"21" 21 0.125 500 0 0 0 0 0 0 0 0 0 0 0 0 0 0 0 0 0 0 0
"22" 22 0.0962343096234 360 46 25 22 18 17 10 1 1 0 0 0 0 0 0 0 0 0 0 0
"23" 23 0.457364341085 242 97 59 35 30 20 10 4 2 1 0 0 0 0 0 0 0 0 0 0
"24" 24 0.0137614678899 110 94 92 85 69 40 4 4 2 0 0 0 0 0 0 0 0 0 0 0
"25" 25 0.337552742616 201 180 42 33 22 6 6 5 3 2 0 0 0 0 0 0 0 0 0 0
"26" 26 0.0 254 220 15 8 2 1 0 0 0 0 0 0 0 0 0 0 0 0 0 0
"27" 27 0.308035714286 381 54 27 16 16 5 1 0 0 0 0 0 0 0 0 0 0 0 0 0
"28" 28 0.0 454 35 10 1 0 0 0 0 0 0 0 0 0 0 0 0 0 0 0 0
"29" 29 0.295597484277 409 28 25 24 9 4 1 0 0 0 0 0 0 0 0 0 0 0 0 0
"30" 30 0.434977578475 241 142 65 22 9 8 8 3 2 0 0 0 0 0 0 0 0 0 0 0
"31" 31 0.0203045685279 218 151 42 25 15 13 12 11 8 3 2 0 0 0 0 0 0 0 0 0
"32" 32 0.0348258706468 397 91 5 3 1 1 1 1 0 0 0 0 0 0 0 0 0 0 0 0
"33" 33 0.658031088083 104 84 61 58 47 47 44 25 15 8 3 3 1 0 0 0 0 0 0 0
"34" 34 0.476683937824 256 115 70 38 11 6 1 1 1 1 0 0 0 0 0 0 0 0 0 0
"35" 35 0.101265822785 390 32 25 18 12 7 6 5 4 1 0 0 0 0 0 0 0 0 0 0
"36" 36 0.622009569378 111 98 86 72 52 38 20 16 3 2 1 1 0 0 0 0 0 0 0 0
"37" 37 0.459302325581 195 91 73 68 32 13 11 7 6 3 1 0 0 0 0 0 0 0 0 0
"38" 38 0.413461538462 500 0 0 0 0 0 0 0 0 0 0 0 0 0 0 0 0 0 0 0
"39" 39 0.310880829016 142 93 88 68 42 19 13 13 8 6 4 2 1 1 0 0 0 0 0 0
"40" 40 0.284768211921 302 77 24 21 20 17 12 9 6 4 3 2 1 1 1 0 0 0 0 0
"41" 41 0.0203045685279 292 67 54 31 22 21 4 2 2 2 1 1 1 0 0 0 0 0 0 0
"42" 42 0.031007751938 391 90 9 6 4 0 0 0 0 0 0 0 0 0 0 0 0 0 0 0
"43" 43 0.0 180 175 115 16 6 3 2 2 1 0 0 0 0 0 0 0 0 0 0 0
"44" 44 0.0307692307692 336 132 19 11 2 0 0 0 0 0 0 0 0 0 0 0 0 0 0 0
"45" 45 0.0384615384615 500 0 0 0 0 0 0 0 0 0 0 0 0 0 0 0 0 0 0 0
"46" 46 0.0348837209302 163 149 120 35 19 6 3 2 2 1 0 0 0 0 0 0 0 0 0 0
"47" 47 0.196202531646 292 79 39 30 17 16 14 8 3 2 0 0 0 0 0 0 0 0 0 0
"48" 48 0.0348258706468 367 57 30 9 9 9 7 7 3 1 1 0 0 0 0 0 0 0 0 0
"49" 49 0.447674418605 195 102 64 57 36 12 9 9 6 4 3 1 1 1 0 0 0 0 0 0
"50" 50 0.00574712643678 194 192 55 22 16 15 5 1 0 0 0 0 0 0 0 0 0 0 0 0
"51" 51 0.453488372093 122 103 99 43 37 34 23 23 10 3 1 1 1 0 0 0 0 0 0 0
"52" 52 0.512953367876 365 99 17 12 6 1 0 0 0 0 0 0 0 0 0 0 0 0 0 0
"53" 53 0.280334728033 280 100 79 33 5 2 1 0 0 0 0 0 0 0 0 0 0 0 0 0
"54" 54 0.40414507772 339 96 47 10 7 1 0 0 0 0 0 0 0 0 0 0 0 0 0 0
"55" 55 0.71897810219 274 197 24 2 2 1 0 0 0 0 0 0 0 0 0 0 0 0 0 0
"56" 56 0.475285171103 179 153 89 39 26 5 3 3 2 1 0 0 0 0 0 0 0 0 0 0
"57" 57 0.129186602871 297 87 44 38 12 9 9 4 0 0 0 0 0 0 0 0 0 0 0 0
"58" 58 0.0 254 190 41 7 5 2 1 0 0 0 0 0 0 0 0 0 0 0 0 0
"59" 59 0.232558139535 170 166 77 40 37 5 3 1 1 0 0 0 0 0 0 0 0 0 0 0
"60" 60 0.0114942528736 325 43 42 35 24 13 10 8 0 0 0 0 0 0 0 0 0 0 0 0
"61" 61 0.451923076923 291 90 61 34 12 5 4 2 1 0 0 0 0 0 0 0 0 0 0 0
"62" 62 0.0203045685279 280 173 17 9 7 5 4 2 1 1 1 0 0 0 0 0 0 0 0 0
"63" 63 0.403100775194 291 55 35 31 25 17 13 10 8 6 4 3 1 1 0 0 0 0 0 0
"64" 64 0.295597484277 180 130 97 63 7 6 5 4 3 3 2 0 0 0 0 0 0 0 0 0
"65" 65 0.424107142857 437 20 18 9 7 4 2 2 1 0 0 0 0 0 0 0 0 0 0 0
"66" 66 0.245033112583 134 67 64 63 63 31 29 21 17 4 3 2 1 1 0 0 0 0 0 0
"67" 67 0.0497512437811 331 159 7 2 1 0 0 0 0 0 0 0 0 0 0 0 0 0 0 0
"68" 68 0.496350364964 132 72 71 66 64 48 21 10 5 4 3 2 1 1 0 0 0 0 0 0
"69" 69 0.169154228856 258 233 4 3 1 1 0 0 0 0 0 0 0 0 0 0 0 0 0 0
"70" 70 0.0523255813953 381 119 0 0 0 0 0 0 0 0 0 0 0 0 0 0 0 0 0 0
"71" 71 0.0410256410256 357 78 47 16 2 0 0 0 0 0 0 0 0 0 0 0 0 0 0 0
"72" 72 0.0 198 65 54 51 49 34 18 17 9 3 2 0 0 0 0 0 0 0 0 0
"73" 73 0.134615384615 122 83 78 49 48 25 24 20 18 11 9 5 3 2 1 1 1 0 0 0
"74" 74 0.511210762332 282 59 41 23 21 19 18 16 9 9 1 1 1 0 0 0 0 0 0 0
"75" 75 0.0443037974684 279 96 47 24 13 10 7 5 5 3 3 2 2 2 1 1 0 0 0 0
"76" 76 0.556962025316 243 106 81 42 12 6 5 3 1 1 0 0 0 0 0 0 0 0 0 0
"77" 77 0.496124031008 294 99 81 11 7 6 1 1 0 0 0 0 0 0 0 0 0 0 0 0
"78" 78 0.519230769231 500 0 0 0 0 0 0 0 0 0 0 0 0 0 0 0 0 0 0 0
"79" 79 0.305699481865 260 94 65 28 13 12 8 6 5 3 2 1 1 1 1 0 0 0 0 0
"80" 80 0.396226415094 362 79 32 24 1 1 1 0 0 0 0 0 0 0 0 0 0 0 0 0
"81" 81 0.00574712643678 318 135 23 11 6 3 2 2 0 0 0 0 0 0 0 0 0 0 0 0
"82" 82 0.0102564102564 301 86 76 16 11 9 1 0 0 0 0 0 0 0 0 0 0 0 0 0
"83" 83 0.00497512437811 264 155 40 29 4 3 3 1 1 0 0 0 0 0 0 0 0 0 0 0
"84" 84 0.0535714285714 485 15 0 0 0 0 0 0 0 0 0 0 0 0 0 0 0 0 0 0
"85" 85 0.21897810219 252 89 70 33 31 7 7 4 3 2 1 1 0 0 0 0 0 0 0 0
"86" 86 0.341085271318 235 222 29 7 5 1 1 0 0 0 0 0 0 0 0 0 0 0 0 0
"87" 87 0.350574712644 186 90 63 48 42 30 14 9 6 4 3 2 2 1 0 0 0 0 0 0
"88" 88 0.800995024876 460 21 14 3 2 0 0 0 0 0 0 0 0 0 0 0 0 0 0 0
"89" 89 0.324503311258 299 74 62 20 13 9 9 4 3 2 2 2 1 0 0 0 0 0 0 0
"90" 90 0.748344370861 385 56 33 10 7 5 4 0 0 0 0 0 0 0 0 0 0 0 0 0
"91" 91 0.436046511628 157 127 124 78 6 3 2 1 1 1 0 0 0 0 0 0 0 0 0 0
"92" 92 0.142335766423 393 69 22 10 4 1 1 0 0 0 0 0 0 0 0 0 0 0 0 0
"93" 93 0.848623853211 378 79 21 10 6 4 2 0 0 0 0 0 0 0 0 0 0 0 0 0
"94" 94 0.317307692308 500 0 0 0 0 0 0 0 0 0 0 0 0 0 0 0 0 0 0 0
"95" 95 0.115384615385 500 0 0 0 0 0 0 0 0 0 0 0 0 0 0 0 0 0 0 0
"96" 96 0.0334928229665 253 108 77 23 15 12 8 4 0 0 0 0 0 0 0 0 0 0 0 0
"97" 97 0.384937238494 291 157 18 17 14 1 1 1 0 0 0 0 0 0 0 0 0 0 0 0
"98" 98 0.0114942528736 174 170 78 31 19 18 8 1 1 0 0 0 0 0 0 0 0 0 0 0
"99" 99 0.313901345291 115 87 76 74 50 49 25 12 9 2 1 0 0 0 0 0 0 0 0 0
"100" 100 0.0192307692308 500 0 0 0 0 0 0 0 0 0 0 0 0 0 0 0 0 0 0 0
"101" 101 0.516746411483 496 3 1 0 0 0 0 0 0 0 0 0 0 0 0 0 0 0 0 0
"102" 102 0.109195402299 322 160 11 3 3 1 0 0 0 0 0 0 0 0 0 0 0 0 0 0
"103" 103 0.186528497409 370 80 26 10 6 6 2 0 0 0 0 0 0 0 0 0 0 0 0 0
"104" 104 0.0 477 20 3 0 0 0 0 0 0 0 0 0 0 0 0 0 0 0 0 0
"105" 105 0.0114942528736 281 135 33 15 11 10 7 2 2 2 1 1 0 0 0 0 0 0 0 0
"106" 106 0.0 281 212 5 2 0 0 0 0 0 0 0 0 0 0 0 0 0 0 0 0
"107" 107 0.290178571429 311 130 20 15 7 6 6 5 0 0 0 0 0 0 0 0 0 0 0 0
"108" 108 0.0 381 50 26 23 13 7 0 0 0 0 0 0 0 0 0 0 0 0 0 0
"109" 109 0.189655172414 257 108 74 46 9 3 2 1 0 0 0 0 0 0 0 0 0 0 0 0
"110" 110 0.473214285714 184 116 101 27 25 14 14 8 4 3 2 1 1 0 0 0 0 0 0 0
"111" 111 0.282700421941 201 124 74 50 24 6 4 4 3 3 3 2 1 1 0 0 0 0 0 0
"112" 112 0.426160337553 210 114 70 24 19 19 19 8 6 5 3 2 1 0 0 0 0 0 0 0
"113" 113 0.52466367713 199 110 64 27 22 22 20 17 5 4 3 2 2 1 1 1 0 0 0 0
"114" 114 0.512953367876 395 38 23 14 12 9 5 1 1 1 1 0 0 0 0 0 0 0 0 0
"115" 115 0.605769230769 500 0 0 0 0 0 0 0 0 0 0 0 0 0 0 0 0 0 0 0
"116" 116 0.598214285714 193 102 80 70 24 14 7 5 4 1 0 0 0 0 0 0 0 0 0 0
"117" 117 0.131782945736 144 104 97 77 29 13 10 10 7 4 3 2 0 0 0 0 0 0 0 0
"118" 118 0.0609137055838 131 126 74 52 33 32 16 13 12 7 2 1 1 0 0 0 0 0 0 0
"119" 119 0.134715025907 117 115 96 67 43 24 13 9 5 5 3 2 1 0 0 0 0 0 0 0
"120" 120 0.0 207 148 71 36 18 8 5 4 3 0 0 0 0 0 0 0 0 0 0 0
"121" 121 0.0697674418605 197 115 110 24 23 15 6 4 3 1 1 1 0 0 0 0 0 0 0 0
"122" 122 0.0 467 26 7 0 0 0 0 0 0 0 0 0 0 0 0 0 0 0 0 0
"123" 123 0.434306569343 234 85 55 46 24 21 15 6 6 3 3 1 1 0 0 0 0 0 0 0
"124" 124 0.0251572327044 494 4 1 1 0 0 0 0 0 0 0 0 0 0 0 0 0 0 0 0
"125" 125 0.459854014599 165 122 74 43 35 25 14 12 6 2 2 0 0 0 0 0 0 0 0 0
"126" 126 0.259067357513 487 7 2 1 1 1 1 0 0 0 0 0 0 0 0 0 0 0 0 0
"127" 127 0.446540880503 318 61 40 35 19 9 6 5 4 3 0 0 0 0 0 0 0 0 0 0
"128" 128 0.489539748954 473 16 7 2 1 1 0 0 0 0 0 0 0 0 0 0 0 0 0 0
"129" 129 0.0172413793103 171 137 53 38 21 20 20 19 4 4 4 3 3 2 1 0 0 0 0 0
"130" 130 0.089552238806 498 1 1 0 0 0 0 0 0 0 0 0 0 0 0 0 0 0 0 0
"131" 131 0.540084388186 232 96 69 63 19 16 4 1 0 0 0 0 0 0 0 0 0 0 0 0
"132" 132 0.148288973384 389 49 37 16 4 2 2 1 0 0 0 0 0 0 0 0 0 0 0 0
"133" 133 0.0355329949239 448 45 4 1 1 1 0 0 0 0 0 0 0 0 0 0 0 0 0 0
"134" 134 0.522988505747 187 141 121 13 10 8 5 4 4 3 2 1 1 0 0 0 0 0 0 0
"135" 135 0.593155893536 161 104 102 40 38 27 9 9 4 3 2 1 0 0 0 0 0 0 0 0
"136" 136 0.586497890295 306 191 3 0 0 0 0 0 0 0 0 0 0 0 0 0 0 0 0 0
"137" 137 0.153846153846 299 116 76 3 2 2 1 1 0 0 0 0 0 0 0 0 0 0 0 0
"138" 138 0.414448669202 369 56 29 15 8 6 4 4 3 3 2 1 0 0 0 0 0 0 0 0
"139" 139 0.0 341 42 38 32 30 17 0 0 0 0 0 0 0 0 0 0 0 0 0 0
"140" 140 0.015503875969 233 93 78 71 25 0 0 0 0 0 0 0 0 0 0 0 0 0 0 0
"141" 141 0.0 378 93 10 8 7 3 1 0 0 0 0 0 0 0 0 0 0 0 0 0
"142" 142 0.0 312 176 9 2 1 0 0 0 0 0 0 0 0 0 0 0 0 0 0 0
"143" 143 0.0576923076923 500 0 0 0 0 0 0 0 0 0 0 0 0 0 0 0 0 0 0 0
"144" 144 0.0348837209302 185 144 53 33 21 18 16 15 7 6 1 1 0 0 0 0 0 0 0 0
"145" 145 0.145695364238 215 213 48 7 7 7 2 1 0 0 0 0 0 0 0 0 0 0 0 0
"146" 146 0.0597014925373 311 50 44 22 18 18 14 12 7 2 1 1 0 0 0 0 0 0 0 0
"147" 147 0.453488372093 272 109 28 24 21 16 13 12 3 1 1 0 0 0 0 0 0 0 0 0
"148" 148 0.00507614213198 415 77 6 1 1 0 0 0 0 0 0 0 0 0 0 0 0 0 0 0
"149" 149 0.28488372093 153 99 94 68 40 13 11 9 7 2 2 1 1 0 0 0 0 0 0 0
"150" 150 0.464114832536 134 116 110 71 17 13 7 7 7 7 5 4 2 0 0 0 0 0 0 0
"151" 151 0.241379310345 300 124 38 14 7 6 5 3 2 1 0 0 0 0 0 0 0 0 0 0
"152" 152 0.347150259067 360 68 56 9 7 0 0 0 0 0 0 0 0 0 0 0 0 0 0 0
"153" 153 0.740932642487 259 136 93 5 3 2 1 1 0 0 0 0 0 0 0 0 0 0 0 0
"154" 154 0.337748344371 109 101 94 93 70 21 4 3 3 2 0 0 0 0 0 0 0 0 0 0
"155" 155 0.104651162791 297 68 39 24 24 15 10 8 6 4 3 2 0 0 0 0 0 0 0 0
"156" 156 0.0 346 147 7 0 0 0 0 0 0 0 0 0 0 0 0 0 0 0 0 0
"157" 157 0.046357615894 298 160 19 12 8 3 0 0 0 0 0 0 0 0 0 0 0 0 0 0
"158" 158 0.0 382 56 52 4 2 1 1 1 1 0 0 0 0 0 0 0 0 0 0 0
"159" 159 0.261467889908 109 87 70 68 56 31 28 26 16 3 2 2 1 1 0 0 0 0 0 0
"160" 160 0.0045871559633 176 136 83 55 13 11 9 6 4 3 3 1 0 0 0 0 0 0 0 0
"161" 161 0.48730964467 117 77 73 56 32 26 24 23 20 18 12 12 5 5 0 0 0 0 0 0
"162" 162 0.370860927152 177 114 101 44 25 19 8 4 4 3 1 0 0 0 0 0 0 0 0 0
"163" 163 0.615969581749 316 97 28 20 11 8 7 5 3 2 2 1 0 0 0 0 0 0 0 0
"164" 164 0.168604651163 183 119 61 49 34 24 11 10 3 2 2 1 1 0 0 0 0 0 0 0
"165" 165 0.19730941704 137 75 54 52 37 30 27 24 22 21 13 2 2 2 1 1 0 0 0 0
"166" 166 0.576158940397 186 173 33 22 21 17 16 15 12 2 1 1 1 0 0 0 0 0 0 0
"167" 167 0.320675105485 363 88 21 11 6 5 2 2 1 1 0 0 0 0 0 0 0 0 0 0
"168" 168 0.0459770114943 288 87 78 29 9 5 4 0 0 0 0 0 0 0 0 0 0 0 0 0
"169" 169 0.0913705583756 410 34 19 17 11 5 4 0 0 0 0 0 0 0 0 0 0 0 0 0
"170" 170 0.0 184 127 67 57 30 20 8 3 2 1 1 0 0 0 0 0 0 0 0 0
"171" 171 0.108527131783 304 146 42 7 1 0 0 0 0 0 0 0 0 0 0 0 0 0 0 0
"172" 172 0.767932489451 200 103 75 58 50 7 6 1 0 0 0 0 0 0 0 0 0 0 0 0
"173" 173 0.126582278481 219 117 109 21 10 7 7 3 2 2 1 1 1 0 0 0 0 0 0 0
"174" 174 0.476923076923 473 9 6 5 4 2 1 0 0 0 0 0 0 0 0 0 0 0 0 0
"175" 175 0.494252873563 392 30 28 22 18 7 3 0 0 0 0 0 0 0 0 0 0 0 0 0
"176" 176 0.336538461538 500 0 0 0 0 0 0 0 0 0 0 0 0 0 0 0 0 0 0 0
"177" 177 0.336787564767 342 109 39 4 3 1 1 1 0 0 0 0 0 0 0 0 0 0 0 0
"178" 178 0.213930348259 259 165 26 21 14 7 4 2 2 0 0 0 0 0 0 0 0 0 0 0
"179" 179 0.0 386 68 26 19 1 0 0 0 0 0 0 0 0 0 0 0 0 0 0 0
"180" 180 0.00512820512821 459 18 13 6 2 1 1 0 0 0 0 0 0 0 0 0 0 0 0 0
"181" 181 0.0 174 157 135 15 8 8 1 1 1 0 0 0 0 0 0 0 0 0 0 0
"182" 182 0.0178571428571 297 182 14 4 2 1 0 0 0 0 0 0 0 0 0 0 0 0 0 0
"183" 183 0.00574712643678 469 13 10 4 3 1 0 0 0 0 0 0 0 0 0 0 0 0 0 0
"184" 184 0.176165803109 177 131 91 35 26 14 12 7 3 2 1 1 0 0 0 0 0 0 0 0
"185" 185 0.188340807175 152 151 52 39 33 24 21 16 7 2 1 1 1 0 0 0 0 0 0 0
"186" 186 0.502538071066 145 101 87 53 28 28 22 10 10 7 5 3 1 0 0 0 0 0 0 0
"187" 187 0.173076923077 117 86 59 57 43 31 28 26 24 13 5 4 4 2 1 0 0 0 0 0
"188" 188 0.299578059072 304 103 46 18 10 8 3 3 2 2 1 0 0 0 0 0 0 0 0 0
"189" 189 0.562737642586 170 168 87 23 14 11 9 7 5 3 2 1 0 0 0 0 0 0 0 0
"190" 190 0.372093023256 196 97 59 48 42 41 6 3 2 2 2 1 1 0 0 0 0 0 0 0
"191" 191 0.25 134 100 85 53 30 28 27 20 16 3 2 1 1 0 0 0 0 0 0 0
"192" 192 0.620253164557 231 94 88 38 26 10 7 5 1 0 0 0 0 0 0 0 0 0 0 0
"193" 193 0.373134328358 181 133 58 42 25 23 11 11 5 4 3 3 1 0 0 0 0 0 0 0
"194" 194 0.465517241379 128 126 93 75 24 18 18 8 4 3 2 1 0 0 0 0 0 0 0 0
"195" 195 0.455357142857 130 83 72 61 60 26 24 12 11 10 5 3 2 1 0 0 0 0 0 0
"196" 196 0.496124031008 259 64 61 37 27 17 16 6 5 4 3 1 0 0 0 0 0 0 0 0
"197" 197 0.535885167464 160 101 65 53 31 27 22 10 10 7 6 4 3 1 0 0 0 0 0 0
"198" 198 0.604060913706 151 106 81 67 64 12 5 4 3 3 2 2 0 0 0 0 0 0 0 0
"199" 199 0.627906976744 367 33 25 20 17 15 11 4 4 3 1 0 0 0 0 0 0 0 0 0
"200" 200 0.720207253886 362 32 30 19 17 15 9 7 5 2 1 1 0 0 0 0 0 0 0 0
"201" 201 0.815602836879 123 75 69 57 48 40 38 21 13 5 4 3 2 1 1 0 0 0 0 0
