"site" "RSA" "aa1" "aa2" "aa3" "aa4" "aa5" "aa6" "aa7" "aa8" "aa9" "aa10" "aa11" "aa12" "aa13" "aa14" "aa15" "aa16" "aa17" "aa18" "aa19" "aa20"
"0" 0 0.230769230769 500 0 0 0 0 0 0 0 0 0 0 0 0 0 0 0 0 0 0 0
"1" 1 0.558974358974 128 125 123 64 37 12 4 2 1 1 1 1 1 0 0 0 0 0 0 0
"2" 2 0.43654822335 130 115 55 50 46 38 29 15 14 3 2 2 1 0 0 0 0 0 0 0
"3" 3 0.071129707113 201 82 69 61 45 19 15 4 2 1 1 0 0 0 0 0 0 0 0 0
"4" 4 0.0697674418605 334 105 25 20 10 4 1 1 0 0 0 0 0 0 0 0 0 0 0 0
"5" 5 0.507692307692 195 112 97 43 19 10 8 5 5 3 2 1 0 0 0 0 0 0 0 0
"6" 6 0.0945273631841 487 7 2 2 1 1 0 0 0 0 0 0 0 0 0 0 0 0 0 0
"7" 7 0.0 344 50 49 36 19 2 0 0 0 0 0 0 0 0 0 0 0 0 0 0
"8" 8 0.447257383966 251 83 81 28 12 8 7 7 6 5 4 3 2 2 1 0 0 0 0 0
"9" 9 0.528846153846 155 125 79 47 36 15 9 7 7 7 6 3 2 1 1 0 0 0 0 0
"10" 10 0.134328358209 369 57 35 12 9 4 4 3 2 2 1 1 1 0 0 0 0 0 0 0
"11" 11 0.317991631799 222 197 30 13 12 12 5 4 2 1 1 1 0 0 0 0 0 0 0 0
"12" 12 0.615384615385 96 90 89 75 64 48 14 9 9 3 2 1 0 0 0 0 0 0 0 0
"13" 13 0.573839662447 351 133 8 4 2 2 0 0 0 0 0 0 0 0 0 0 0 0 0 0
"14" 14 0.772151898734 228 85 38 32 24 23 18 14 12 8 5 4 4 3 1 1 0 0 0 0
"15" 15 0.352678571429 162 142 94 52 30 12 5 3 0 0 0 0 0 0 0 0 0 0 0 0
"16" 16 0.0596330275229 114 64 62 55 43 43 34 33 28 8 8 5 2 1 0 0 0 0 0 0
"17" 17 0.120437956204 253 95 61 31 23 13 12 10 1 1 0 0 0 0 0 0 0 0 0 0
"18" 18 0.0 162 132 88 54 27 21 6 4 3 1 1 1 0 0 0 0 0 0 0 0
"19" 19 0.0 400 37 17 10 9 8 8 4 2 2 1 1 1 0 0 0 0 0 0 0
"20" 20 0.0 343 81 19 18 11 10 6 5 2 2 2 1 0 0 0 0 0 0 0 0
"21" 21 0.0 211 143 63 19 18 13 9 6 6 5 2 2 2 1 0 0 0 0 0 0
"22" 22 0.0 500 0 0 0 0 0 0 0 0 0 0 0 0 0 0 0 0 0 0 0
"23" 23 0.0696517412935 254 106 88 15 12 9 4 4 4 2 1 1 0 0 0 0 0 0 0 0
"24" 24 0.424870466321 388 65 23 12 3 3 3 2 1 0 0 0 0 0 0 0 0 0 0 0
"25" 25 0.527131782946 452 41 6 1 0 0 0 0 0 0 0 0 0 0 0 0 0 0 0 0
"26" 26 0.015503875969 284 136 56 18 4 2 0 0 0 0 0 0 0 0 0 0 0 0 0 0
"27" 27 0.115384615385 500 0 0 0 0 0 0 0 0 0 0 0 0 0 0 0 0 0 0 0
"28" 28 0.0295358649789 157 92 60 59 56 48 11 10 5 2 0 0 0 0 0 0 0 0 0 0
"29" 29 0.348837209302 291 58 50 40 22 14 6 6 5 3 2 2 1 0 0 0 0 0 0 0
"30" 30 0.343023255814 102 94 70 66 64 59 30 9 3 1 1 1 0 0 0 0 0 0 0 0
"31" 31 0.010152284264 407 32 21 15 11 5 4 3 1 1 0 0 0 0 0 0 0 0 0 0
"32" 32 0.00995024875622 368 66 52 5 4 3 1 1 0 0 0 0 0 0 0 0 0 0 0 0
"33" 33 0.608365019011 144 138 101 66 20 15 6 4 4 2 0 0 0 0 0 0 0 0 0 0
"34" 34 0.345991561181 174 106 48 44 29 23 22 17 10 10 9 3 3 2 0 0 0 0 0 0
"35" 35 0.0199004975124 310 72 36 24 20 9 8 8 6 4 2 1 0 0 0 0 0 0 0 0
"36" 36 0.573839662447 430 33 14 6 5 5 4 3 0 0 0 0 0 0 0 0 0 0 0 0
"37" 37 0.0547263681592 437 33 13 7 6 1 1 1 1 0 0 0 0 0 0 0 0 0 0 0
"38" 38 0.394230769231 499 1 0 0 0 0 0 0 0 0 0 0 0 0 0 0 0 0 0 0
"39" 39 0.705357142857 312 65 31 28 24 19 13 3 3 1 1 0 0 0 0 0 0 0 0 0
"40" 40 0.248730964467 426 26 16 14 10 3 2 1 1 1 0 0 0 0 0 0 0 0 0 0
"41" 41 0.396551724138 169 143 90 30 23 16 10 8 7 2 1 1 0 0 0 0 0 0 0 0
"42" 42 0.453488372093 105 93 64 62 44 29 26 21 16 14 10 7 7 2 0 0 0 0 0 0
"43" 43 0.401162790698 108 82 72 71 62 29 25 15 11 10 7 6 2 0 0 0 0 0 0 0
"44" 44 0.502538071066 253 53 52 39 35 33 19 6 4 2 2 1 1 0 0 0 0 0 0 0
"45" 45 0.295597484277 184 85 50 49 33 21 19 11 10 9 9 8 5 4 3 0 0 0 0 0
"46" 46 0.279069767442 197 77 54 54 38 17 17 17 11 7 5 2 2 1 1 0 0 0 0 0
"47" 47 0.680203045685 330 95 35 33 2 2 1 1 1 0 0 0 0 0 0 0 0 0 0 0
"48" 48 0.471153846154 500 0 0 0 0 0 0 0 0 0 0 0 0 0 0 0 0 0 0 0
"49" 49 0.0209205020921 145 114 83 28 24 21 16 16 13 12 8 7 5 4 2 2 0 0 0 0
"50" 50 0.466666666667 102 83 66 55 52 39 38 24 11 10 9 5 3 2 1 0 0 0 0 0
"51" 51 0.0 98 94 78 53 43 31 25 19 16 14 12 11 4 1 1 0 0 0 0 0
"52" 52 0.133928571429 193 153 39 33 21 16 14 10 9 6 2 1 1 1 1 0 0 0 0 0
"53" 53 0.21511627907 139 92 82 63 37 24 13 12 9 9 8 5 5 1 1 0 0 0 0 0
"54" 54 0.0172413793103 402 58 22 7 6 3 2 0 0 0 0 0 0 0 0 0 0 0 0 0
"55" 55 0.540178571429 123 97 82 75 32 23 18 18 16 15 1 0 0 0 0 0 0 0 0 0
"56" 56 0.239543726236 359 46 33 31 24 5 1 1 0 0 0 0 0 0 0 0 0 0 0 0
"57" 57 0.409282700422 500 0 0 0 0 0 0 0 0 0 0 0 0 0 0 0 0 0 0 0
"58" 58 0.0769230769231 262 181 35 12 5 2 1 1 1 0 0 0 0 0 0 0 0 0 0 0
"59" 59 0.0 132 76 63 61 42 39 35 26 12 9 3 1 1 0 0 0 0 0 0 0
"60" 60 0.0198675496689 154 100 65 52 46 26 22 17 14 3 1 0 0 0 0 0 0 0 0 0
"61" 61 0.00418410041841 242 55 48 37 24 22 22 14 11 9 5 5 2 2 1 1 0 0 0 0
"62" 62 0.00581395348837 177 108 97 42 18 15 13 11 6 4 4 3 1 1 0 0 0 0 0 0
"63" 63 0.0 119 119 84 66 35 27 27 11 7 3 1 1 0 0 0 0 0 0 0 0
"64" 64 0.0106382978723 172 101 67 57 31 24 16 12 6 5 4 4 1 0 0 0 0 0 0 0
"65" 65 0.419689119171 136 90 64 56 51 22 19 17 13 13 12 2 2 2 1 0 0 0 0 0
"66" 66 0.051724137931 150 127 62 33 32 28 21 16 9 6 5 4 3 2 1 1 0 0 0 0
"67" 67 0.298076923077 500 0 0 0 0 0 0 0 0 0 0 0 0 0 0 0 0 0 0 0
"68" 68 0.634615384615 440 60 0 0 0 0 0 0 0 0 0 0 0 0 0 0 0 0 0 0
"69" 69 0.165919282511 198 95 33 24 22 22 19 19 18 18 12 6 6 3 3 2 0 0 0 0
"70" 70 0.373056994819 219 127 52 52 12 10 8 7 6 2 2 1 1 1 0 0 0 0 0 0
"71" 71 0.637130801688 176 170 57 52 15 12 7 6 2 2 1 0 0 0 0 0 0 0 0 0
"72" 72 0.558375634518 135 94 84 72 41 30 11 8 7 7 4 3 2 1 1 0 0 0 0 0
"73" 73 0.543795620438 262 49 42 28 25 22 17 13 10 10 8 6 4 4 0 0 0 0 0 0
"74" 74 0.220125786164 152 141 54 36 29 21 19 15 13 6 5 4 2 2 1 0 0 0 0 0
"75" 75 0.26368159204 90 76 58 58 53 31 26 25 17 14 13 10 10 10 5 2 1 1 0 0
"76" 76 0.0780141843972 122 95 84 79 48 25 18 11 5 4 3 3 3 0 0 0 0 0 0 0
"77" 77 0.448905109489 136 134 62 58 31 25 14 11 9 5 4 4 4 2 1 0 0 0 0 0
"78" 78 0.66985645933 158 121 47 33 31 30 28 27 11 5 4 3 1 1 0 0 0 0 0 0
"79" 79 0.167300380228 104 100 77 55 44 38 34 28 13 4 3 0 0 0 0 0 0 0 0 0
"80" 80 0.00836820083682 326 49 39 23 15 12 10 8 4 4 4 3 2 1 0 0 0 0 0 0
"81" 81 0.461883408072 219 181 29 27 11 11 10 5 4 1 1 1 0 0 0 0 0 0 0 0
"82" 82 0.189743589744 128 107 101 99 29 14 9 3 3 3 2 1 1 0 0 0 0 0 0 0
"83" 83 0.0232558139535 411 46 36 4 3 0 0 0 0 0 0 0 0 0 0 0 0 0 0 0
"84" 84 0.313901345291 328 74 30 29 9 9 8 4 4 3 2 0 0 0 0 0 0 0 0 0
"85" 85 0.0 163 132 113 32 22 13 7 7 4 3 2 1 1 0 0 0 0 0 0 0
"86" 86 0.0149253731343 202 181 37 18 18 17 7 6 3 3 2 2 2 2 0 0 0 0 0 0
"87" 87 0.010152284264 350 72 63 5 4 2 2 1 1 0 0 0 0 0 0 0 0 0 0 0
"88" 88 0.00418410041841 244 214 35 3 2 1 1 0 0 0 0 0 0 0 0 0 0 0 0 0
"89" 89 0.0 429 52 10 3 3 2 1 0 0 0 0 0 0 0 0 0 0 0 0 0
"90" 90 0.0402298850575 215 125 89 47 13 8 2 1 0 0 0 0 0 0 0 0 0 0 0 0
"91" 91 0.145077720207 475 11 8 4 1 1 0 0 0 0 0 0 0 0 0 0 0 0 0 0
"92" 92 0.0 274 201 20 3 2 0 0 0 0 0 0 0 0 0 0 0 0 0 0 0
"93" 93 0.230769230769 182 147 35 29 29 22 19 15 9 5 2 2 2 1 1 0 0 0 0 0
"94" 94 0.150259067358 493 4 2 1 0 0 0 0 0 0 0 0 0 0 0 0 0 0 0 0
"95" 95 0.379562043796 164 83 79 59 41 22 21 16 7 4 2 1 1 0 0 0 0 0 0 0
"96" 96 0.638392857143 157 134 66 65 44 15 15 4 0 0 0 0 0 0 0 0 0 0 0 0
"97" 97 0.288321167883 322 103 23 17 13 10 7 5 0 0 0 0 0 0 0 0 0 0 0 0
"98" 98 0.0459770114943 217 202 25 16 11 9 6 5 4 2 1 1 1 0 0 0 0 0 0 0
"99" 99 0.507692307692 176 81 56 46 43 40 22 11 9 7 7 2 0 0 0 0 0 0 0 0
"100" 100 0.272321428571 154 114 73 49 38 28 23 9 9 2 1 0 0 0 0 0 0 0 0 0
"101" 101 0.0232558139535 130 93 92 75 53 21 14 9 7 3 2 1 0 0 0 0 0 0 0 0
"102" 102 0.332116788321 246 107 58 41 25 18 2 1 1 1 0 0 0 0 0 0 0 0 0 0
"103" 103 0.419642857143 173 121 88 80 18 7 4 4 2 2 1 0 0 0 0 0 0 0 0 0
"104" 104 0.03125 295 53 43 30 27 26 7 6 4 3 3 2 1 0 0 0 0 0 0 0
"105" 105 0.0 407 49 18 12 9 2 1 1 1 0 0 0 0 0 0 0 0 0 0 0
"106" 106 0.238532110092 253 103 37 26 25 23 21 5 4 2 1 0 0 0 0 0 0 0 0 0
"107" 107 0.474452554745 155 133 88 60 19 12 11 6 6 3 3 2 2 0 0 0 0 0 0 0
"108" 108 0.0229357798165 202 73 52 38 29 29 25 14 12 10 7 5 2 2 0 0 0 0 0 0
"109" 109 0.0696517412935 384 63 11 10 8 6 5 5 2 2 2 1 1 0 0 0 0 0 0 0
"110" 110 0.581395348837 173 102 92 38 33 21 20 9 6 4 1 1 0 0 0 0 0 0 0 0
"111" 111 0.232142857143 115 85 68 45 45 37 29 29 18 11 6 5 3 2 1 1 0 0 0 0
"112" 112 0.678756476684 360 36 32 27 14 13 12 5 1 0 0 0 0 0 0 0 0 0 0 0
"113" 113 0.428571428571 296 52 51 21 19 18 11 10 6 4 3 3 3 1 1 1 0 0 0 0
"114" 114 0.00497512437811 462 21 10 3 1 1 1 1 0 0 0 0 0 0 0 0 0 0 0 0
"115" 115 0.448905109489 386 40 24 18 13 11 4 2 1 1 0 0 0 0 0 0 0 0 0 0
"116" 116 0.642487046632 174 94 68 67 51 38 3 2 2 1 0 0 0 0 0 0 0 0 0 0
"117" 117 0.0232558139535 452 40 5 2 1 0 0 0 0 0 0 0 0 0 0 0 0 0 0 0
"118" 118 0.0114942528736 210 119 80 35 25 18 8 4 1 0 0 0 0 0 0 0 0 0 0 0
"119" 119 0.00497512437811 387 78 15 7 7 2 1 1 1 1 0 0 0 0 0 0 0 0 0 0
"120" 120 0.0 415 50 15 14 4 1 1 0 0 0 0 0 0 0 0 0 0 0 0 0
"121" 121 0.0 407 43 26 22 1 1 0 0 0 0 0 0 0 0 0 0 0 0 0 0
"122" 122 0.00418410041841 329 80 77 7 5 2 0 0 0 0 0 0 0 0 0 0 0 0 0 0
"123" 123 0.0 262 201 17 7 7 5 1 0 0 0 0 0 0 0 0 0 0 0 0 0
"124" 124 0.025641025641 353 99 45 3 0 0 0 0 0 0 0 0 0 0 0 0 0 0 0 0
"125" 125 0.227848101266 298 134 37 28 1 1 1 0 0 0 0 0 0 0 0 0 0 0 0 0
"126" 126 0.22869955157 369 46 31 22 16 8 3 2 2 1 0 0 0 0 0 0 0 0 0 0
"127" 127 0.538860103627 281 74 54 38 18 10 5 4 4 3 3 3 2 1 0 0 0 0 0 0
"128" 128 0.298507462687 112 85 77 75 74 23 21 12 11 4 4 1 1 0 0 0 0 0 0 0
"129" 129 0.805031446541 389 109 1 1 0 0 0 0 0 0 0 0 0 0 0 0 0 0 0 0
"130" 130 0.476923076923 308 66 60 35 12 11 4 3 1 0 0 0 0 0 0 0 0 0 0 0
"131" 131 0.147286821705 446 50 4 0 0 0 0 0 0 0 0 0 0 0 0 0 0 0 0 0
"132" 132 0.0229357798165 133 126 43 41 39 39 28 17 14 9 8 3 0 0 0 0 0 0 0 0
"133" 133 0.415384615385 272 78 59 22 17 16 16 12 3 3 2 0 0 0 0 0 0 0 0 0
"134" 134 0.22480620155 129 100 90 72 46 23 19 13 7 1 0 0 0 0 0 0 0 0 0 0
"135" 135 0.527131782946 159 149 126 33 7 6 5 5 4 4 1 1 0 0 0 0 0 0 0 0
"136" 136 0.330357142857 129 97 96 51 26 21 21 17 13 13 11 3 1 1 0 0 0 0 0 0
"137" 137 0.0 195 135 44 36 32 23 19 13 2 1 0 0 0 0 0 0 0 0 0 0
"138" 138 0.0813953488372 177 133 87 68 10 8 6 5 3 2 1 0 0 0 0 0 0 0 0 0
"139" 139 0.668393782383 112 110 81 69 56 17 12 11 11 9 5 4 3 0 0 0 0 0 0 0
"140" 140 0.481012658228 139 68 47 45 44 32 25 24 19 17 12 10 7 7 2 1 1 0 0 0
"141" 141 0.0 441 40 8 5 3 1 1 1 0 0 0 0 0 0 0 0 0 0 0 0
"142" 142 0.125 201 80 77 56 34 18 16 7 7 3 1 0 0 0 0 0 0 0 0 0
"143" 143 0.0 446 23 15 5 4 2 2 1 1 1 0 0 0 0 0 0 0 0 0 0
"144" 144 0.626794258373 132 82 51 51 49 40 34 29 14 8 6 3 1 0 0 0 0 0 0 0
"145" 145 0.516556291391 132 131 77 44 31 30 19 15 12 6 2 1 0 0 0 0 0 0 0 0
"146" 146 0.124378109453 382 42 39 27 4 2 2 2 0 0 0 0 0 0 0 0 0 0 0 0
"147" 147 0.678832116788 351 96 31 12 5 3 2 0 0 0 0 0 0 0 0 0 0 0 0 0
"148" 148 0.918660287081 415 85 0 0 0 0 0 0 0 0 0 0 0 0 0 0 0 0 0 0
"149" 149 0.109489051095 148 126 92 52 30 23 13 7 6 2 1 0 0 0 0 0 0 0 0 0
"150" 150 0.348717948718 128 111 58 53 33 23 19 18 16 14 9 6 5 4 2 1 0 0 0 0
"151" 151 0.191489361702 416 72 6 6 0 0 0 0 0 0 0 0 0 0 0 0 0 0 0 0
"152" 152 0.307984790875 460 9 8 8 5 4 3 2 1 0 0 0 0 0 0 0 0 0 0 0
"153" 153 0.147208121827 302 136 33 11 8 5 4 1 0 0 0 0 0 0 0 0 0 0 0 0
"154" 154 0.116591928251 433 13 12 11 11 8 3 3 2 2 1 1 0 0 0 0 0 0 0 0
"155" 155 0.279069767442 170 99 78 72 31 24 14 7 2 1 1 1 0 0 0 0 0 0 0 0
"156" 156 0.0 357 80 41 15 7 0 0 0 0 0 0 0 0 0 0 0 0 0 0 0
"157" 157 0.0443037974684 239 94 49 26 19 19 16 10 9 6 4 3 2 2 1 1 0 0 0 0
"158" 158 0.0232558139535 396 26 25 22 17 6 4 1 1 1 1 0 0 0 0 0 0 0 0 0
"159" 159 0.540697674419 156 113 78 37 28 27 25 23 5 3 2 1 1 1 0 0 0 0 0 0
"160" 160 0.556291390728 114 90 78 58 49 45 41 13 9 2 1 0 0 0 0 0 0 0 0 0
"161" 161 0.221153846154 500 0 0 0 0 0 0 0 0 0 0 0 0 0 0 0 0 0 0 0
"162" 162 0.528497409326 436 38 9 4 4 2 2 2 1 1 1 0 0 0 0 0 0 0 0 0
"163" 163 0.0 500 0 0 0 0 0 0 0 0 0 0 0 0 0 0 0 0 0 0 0
"164" 164 0.00497512437811 470 15 7 4 3 1 0 0 0 0 0 0 0 0 0 0 0 0 0 0
"165" 165 0.319391634981 246 161 41 33 9 5 1 1 1 1 1 0 0 0 0 0 0 0 0 0
"166" 166 0.370535714286 136 76 68 66 58 57 18 18 3 0 0 0 0 0 0 0 0 0 0 0
"167" 167 0.0 419 71 10 0 0 0 0 0 0 0 0 0 0 0 0 0 0 0 0 0
"168" 168 0.0149253731343 339 53 28 23 16 10 7 5 5 4 3 3 2 1 1 0 0 0 0 0
"169" 169 0.331606217617 218 153 56 26 22 17 5 1 1 1 0 0 0 0 0 0 0 0 0 0
"170" 170 0.131205673759 475 6 5 4 3 2 2 2 1 0 0 0 0 0 0 0 0 0 0 0
"171" 171 0.0 318 130 26 8 7 4 3 1 1 1 1 0 0 0 0 0 0 0 0 0
"172" 172 0.0662251655629 441 56 2 1 0 0 0 0 0 0 0 0 0 0 0 0 0 0 0 0
"173" 173 0.353846153846 192 76 52 44 40 38 22 16 8 6 4 1 1 0 0 0 0 0 0 0
"174" 174 0.125560538117 203 115 97 16 14 13 11 11 5 5 3 3 2 2 0 0 0 0 0 0
"175" 175 0.044776119403 356 40 22 21 20 10 10 7 4 3 3 2 1 1 0 0 0 0 0 0
"176" 176 0.204379562044 194 79 60 46 33 29 18 12 10 5 3 3 3 2 2 1 0 0 0 0
"177" 177 0.651282051282 118 80 66 58 56 47 20 20 17 11 4 3 0 0 0 0 0 0 0 0
"178" 178 0.452914798206 246 80 57 28 24 14 12 10 9 9 7 2 2 0 0 0 0 0 0 0
"179" 179 1.03797468354 263 82 41 37 37 12 12 6 5 3 1 1 0 0 0 0 0 0 0 0
