"site" "RSA" "aa1" "aa2" "aa3" "aa4" "aa5" "aa6" "aa7" "aa8" "aa9" "aa10" "aa11" "aa12" "aa13" "aa14" "aa15" "aa16" "aa17" "aa18" "aa19" "aa20"
"0" 0 0.0275229357798 254 113 101 20 7 2 2 1 0 0 0 0 0 0 0 0 0 0 0 0
"1" 1 0.0615384615385 470 13 12 3 2 0 0 0 0 0 0 0 0 0 0 0 0 0 0 0
"2" 2 0.0 322 76 34 33 13 7 6 2 2 2 1 1 1 0 0 0 0 0 0 0
"3" 3 0.00574712643678 250 135 94 11 6 3 1 0 0 0 0 0 0 0 0 0 0 0 0 0
"4" 4 0.00995024875622 318 136 19 11 9 4 2 1 0 0 0 0 0 0 0 0 0 0 0 0
"5" 5 0.0550458715596 139 137 113 37 23 19 14 6 4 4 2 2 0 0 0 0 0 0 0 0
"6" 6 0.115384615385 500 0 0 0 0 0 0 0 0 0 0 0 0 0 0 0 0 0 0 0
"7" 7 0.134328358209 430 20 18 15 5 3 3 2 1 1 1 1 0 0 0 0 0 0 0 0
"8" 8 0.0251572327044 150 66 53 48 45 38 36 29 23 4 4 1 1 1 1 0 0 0 0 0
"9" 9 0.201923076923 500 0 0 0 0 0 0 0 0 0 0 0 0 0 0 0 0 0 0 0
"10" 10 0.0232558139535 461 37 2 0 0 0 0 0 0 0 0 0 0 0 0 0 0 0 0 0
"11" 11 0.144230769231 500 0 0 0 0 0 0 0 0 0 0 0 0 0 0 0 0 0 0 0
"12" 12 0.0970464135021 152 125 68 64 59 17 9 5 1 0 0 0 0 0 0 0 0 0 0 0
"13" 13 0.336538461538 171 117 104 82 6 5 4 4 3 3 1 0 0 0 0 0 0 0 0 0
"14" 14 0.133720930233 150 124 85 37 31 29 27 6 3 2 2 1 1 1 1 0 0 0 0 0
"15" 15 0.0358744394619 147 121 119 34 25 23 19 5 4 2 1 0 0 0 0 0 0 0 0 0
"16" 16 0.0 290 203 5 1 1 0 0 0 0 0 0 0 0 0 0 0 0 0 0 0
"17" 17 0.245535714286 148 96 76 74 36 31 26 8 3 2 0 0 0 0 0 0 0 0 0 0
"18" 18 0.171532846715 129 115 66 61 55 19 17 9 8 7 5 3 3 1 1 1 0 0 0 0
"19" 19 0.0 265 57 53 30 26 23 21 10 8 4 3 0 0 0 0 0 0 0 0 0
"20" 20 0.224137931034 183 150 76 49 35 4 2 1 0 0 0 0 0 0 0 0 0 0 0 0
"21" 21 0.71875 205 113 76 56 37 6 3 3 1 0 0 0 0 0 0 0 0 0 0 0
"22" 22 0.378238341969 290 50 43 21 20 15 14 13 9 8 8 4 2 2 1 0 0 0 0 0
"23" 23 0.300380228137 210 176 94 10 5 2 2 1 0 0 0 0 0 0 0 0 0 0 0 0
"24" 24 0.538461538462 491 7 2 0 0 0 0 0 0 0 0 0 0 0 0 0 0 0 0 0
"25" 25 0.0609137055838 137 49 48 48 38 36 35 30 29 20 14 12 2 2 0 0 0 0 0 0
"26" 26 0.106918238994 439 19 18 8 7 6 2 1 0 0 0 0 0 0 0 0 0 0 0 0
"27" 27 0.277511961722 296 88 49 27 20 6 6 4 4 0 0 0 0 0 0 0 0 0 0 0
"28" 28 0.010152284264 433 53 6 4 2 1 1 0 0 0 0 0 0 0 0 0 0 0 0 0
"29" 29 0.0596026490066 313 144 20 18 3 2 0 0 0 0 0 0 0 0 0 0 0 0 0 0
"30" 30 0.0290697674419 201 97 71 36 30 18 14 12 7 5 4 2 2 1 0 0 0 0 0 0
"31" 31 0.182692307692 210 207 43 38 1 1 0 0 0 0 0 0 0 0 0 0 0 0 0 0
"32" 32 0.435233160622 266 118 69 19 13 5 3 3 2 1 1 0 0 0 0 0 0 0 0 0
"33" 33 0.224770642202 103 97 68 62 42 35 28 16 15 10 9 9 3 2 1 0 0 0 0 0
"34" 34 0.0460251046025 180 168 43 25 21 19 19 8 7 5 3 2 0 0 0 0 0 0 0 0
"35" 35 0.200729927007 234 167 70 10 9 5 4 1 0 0 0 0 0 0 0 0 0 0 0 0
"36" 36 0.325581395349 148 145 56 51 40 36 9 6 5 3 1 0 0 0 0 0 0 0 0 0
"37" 37 0.0542635658915 96 90 72 65 56 47 33 27 6 4 4 0 0 0 0 0 0 0 0 0
"38" 38 0.183486238532 265 98 63 43 18 9 4 0 0 0 0 0 0 0 0 0 0 0 0 0
"39" 39 0.742616033755 318 96 51 10 8 6 5 3 3 0 0 0 0 0 0 0 0 0 0 0
"40" 40 0.633928571429 173 156 80 49 18 18 4 2 0 0 0 0 0 0 0 0 0 0 0 0
"41" 41 0.647321428571 200 102 48 46 36 22 19 15 12 0 0 0 0 0 0 0 0 0 0 0
"42" 42 0.267441860465 235 160 73 18 5 4 3 1 1 0 0 0 0 0 0 0 0 0 0 0
"43" 43 0.710691823899 303 115 17 16 15 14 11 9 0 0 0 0 0 0 0 0 0 0 0 0
"44" 44 0.233830845771 218 125 90 33 11 7 6 3 2 2 1 1 1 0 0 0 0 0 0 0
"45" 45 0.0 500 0 0 0 0 0 0 0 0 0 0 0 0 0 0 0 0 0 0 0
"46" 46 0.477611940299 222 202 25 18 15 10 5 2 1 0 0 0 0 0 0 0 0 0 0 0
"47" 47 0.473214285714 244 83 39 34 29 23 18 10 10 7 1 1 1 0 0 0 0 0 0 0
"48" 48 0.0 204 86 81 50 37 18 11 7 3 2 1 0 0 0 0 0 0 0 0 0
"49" 49 0.383966244726 265 92 68 61 4 3 3 2 1 1 0 0 0 0 0 0 0 0 0 0
"50" 50 0.430463576159 134 110 79 72 49 25 10 8 6 4 3 0 0 0 0 0 0 0 0 0
"51" 51 0.292775665399 457 28 8 2 2 1 1 1 0 0 0 0 0 0 0 0 0 0 0 0
"52" 52 0.111675126904 140 123 90 41 28 28 21 10 9 6 2 1 1 0 0 0 0 0 0 0
"53" 53 0.316062176166 194 155 92 31 13 4 4 2 2 2 1 0 0 0 0 0 0 0 0 0
"54" 54 0.518987341772 246 155 67 16 7 5 3 1 0 0 0 0 0 0 0 0 0 0 0 0
"55" 55 0.0673076923077 500 0 0 0 0 0 0 0 0 0 0 0 0 0 0 0 0 0 0 0
"56" 56 0.348214285714 227 194 36 16 12 11 2 1 1 0 0 0 0 0 0 0 0 0 0 0
"57" 57 0.223880597015 184 80 77 44 34 29 24 13 8 2 2 2 1 0 0 0 0 0 0 0
"58" 58 0.0574712643678 198 90 80 55 34 13 11 10 4 2 2 1 0 0 0 0 0 0 0 0
"59" 59 0.327044025157 171 117 72 69 26 23 10 7 4 1 0 0 0 0 0 0 0 0 0 0
"60" 60 0.290155440415 138 118 87 61 36 32 8 6 5 5 2 1 1 0 0 0 0 0 0 0
"61" 61 0.776785714286 207 192 42 27 20 5 3 2 1 1 0 0 0 0 0 0 0 0 0 0
"62" 62 0.206896551724 172 118 40 40 30 21 19 18 11 10 8 6 3 2 1 1 0 0 0 0
"63" 63 0.0290697674419 140 87 74 57 54 47 20 8 6 4 2 1 0 0 0 0 0 0 0 0
"64" 64 0.182741116751 168 126 82 74 29 11 3 3 2 1 1 0 0 0 0 0 0 0 0 0
"65" 65 0.403846153846 162 128 96 73 12 8 6 5 4 3 2 1 0 0 0 0 0 0 0 0
"66" 66 0.126903553299 142 140 90 55 16 15 12 7 6 5 4 3 2 2 1 0 0 0 0 0
"67" 67 0.0 195 107 70 67 30 10 8 5 4 2 1 1 0 0 0 0 0 0 0 0
"68" 68 0.481012658228 396 65 28 4 4 1 1 1 0 0 0 0 0 0 0 0 0 0 0 0
"69" 69 0.59375 259 93 67 27 26 19 5 3 1 0 0 0 0 0 0 0 0 0 0 0
"70" 70 0.204379562044 140 135 63 40 31 28 20 16 8 8 4 3 2 1 1 0 0 0 0 0
"71" 71 0.0199004975124 449 31 7 6 5 1 1 0 0 0 0 0 0 0 0 0 0 0 0 0
"72" 72 0.346153846154 138 99 99 65 53 26 13 3 2 1 1 0 0 0 0 0 0 0 0 0
"73" 73 0.459915611814 167 81 51 48 47 36 27 20 14 6 2 1 0 0 0 0 0 0 0 0
"74" 74 0.751295336788 221 107 52 45 28 26 13 7 1 0 0 0 0 0 0 0 0 0 0 0
"75" 75 0.367875647668 232 90 62 49 26 15 15 8 2 1 0 0 0 0 0 0 0 0 0 0
"76" 76 0.00632911392405 496 2 1 1 0 0 0 0 0 0 0 0 0 0 0 0 0 0 0 0
"77" 77 0.53125 107 84 82 62 56 38 27 23 14 5 2 0 0 0 0 0 0 0 0 0
"78" 78 0.594890510949 171 122 74 30 30 23 16 10 8 6 5 2 2 1 0 0 0 0 0 0
"79" 79 0.00961538461538 500 0 0 0 0 0 0 0 0 0 0 0 0 0 0 0 0 0 0 0
"80" 80 0.00418410041841 482 10 6 1 1 0 0 0 0 0 0 0 0 0 0 0 0 0 0 0
"81" 81 0.0 267 132 68 15 8 6 2 1 1 0 0 0 0 0 0 0 0 0 0 0
"82" 82 0.0 448 27 14 9 2 0 0 0 0 0 0 0 0 0 0 0 0 0 0 0
"83" 83 0.0518134715026 260 176 34 21 8 1 0 0 0 0 0 0 0 0 0 0 0 0 0 0
"84" 84 0.0288461538462 500 0 0 0 0 0 0 0 0 0 0 0 0 0 0 0 0 0 0 0
"85" 85 0.0 261 230 6 3 0 0 0 0 0 0 0 0 0 0 0 0 0 0 0 0
"86" 86 0.0251572327044 215 118 116 51 0 0 0 0 0 0 0 0 0 0 0 0 0 0 0 0
"87" 87 0.204379562044 479 9 5 4 2 1 0 0 0 0 0 0 0 0 0 0 0 0 0 0
"88" 88 0.0523255813953 257 80 60 46 26 20 8 3 0 0 0 0 0 0 0 0 0 0 0 0
"89" 89 0.235632183908 212 181 49 17 17 13 5 2 1 1 1 1 0 0 0 0 0 0 0 0
"90" 90 0.333333333333 176 96 84 78 26 12 11 11 3 2 1 0 0 0 0 0 0 0 0 0
"91" 91 0.0179372197309 426 66 5 1 1 1 0 0 0 0 0 0 0 0 0 0 0 0 0 0
"92" 92 0.0 346 96 22 14 6 4 4 2 2 2 1 1 0 0 0 0 0 0 0 0
"93" 93 0.495535714286 164 157 95 63 6 6 5 4 0 0 0 0 0 0 0 0 0 0 0 0
"94" 94 0.131782945736 274 66 40 34 31 23 13 6 4 3 2 1 1 1 1 0 0 0 0 0
"95" 95 0.0 461 27 5 4 2 1 0 0 0 0 0 0 0 0 0 0 0 0 0 0
"96" 96 0.245535714286 215 90 49 43 31 17 17 14 8 6 5 3 1 1 0 0 0 0 0 0
"97" 97 0.602678571429 176 127 113 55 21 3 2 2 1 0 0 0 0 0 0 0 0 0 0 0
"98" 98 0.0710659898477 343 146 4 3 2 1 1 0 0 0 0 0 0 0 0 0 0 0 0 0
"99" 99 0.0149253731343 492 3 3 1 1 0 0 0 0 0 0 0 0 0 0 0 0 0 0 0
"100" 100 0.696428571429 257 102 69 32 22 11 4 2 1 0 0 0 0 0 0 0 0 0 0 0
"101" 101 0.700892857143 391 62 16 11 8 4 3 3 1 1 0 0 0 0 0 0 0 0 0 0
"102" 102 0.311787072243 378 68 17 11 9 6 6 4 1 0 0 0 0 0 0 0 0 0 0 0
"103" 103 0.538461538462 414 86 0 0 0 0 0 0 0 0 0 0 0 0 0 0 0 0 0 0
"104" 104 0.130801687764 305 49 49 21 20 18 17 17 4 0 0 0 0 0 0 0 0 0 0 0
"105" 105 0.553459119497 258 131 68 26 4 3 3 2 2 1 1 1 0 0 0 0 0 0 0 0
"106" 106 0.0507614213198 195 148 88 55 6 2 2 1 1 1 1 0 0 0 0 0 0 0 0 0
"107" 107 0.300518134715 420 77 3 0 0 0 0 0 0 0 0 0 0 0 0 0 0 0 0 0
"108" 108 0.311787072243 308 48 35 31 27 21 13 4 3 3 2 2 2 1 0 0 0 0 0 0
"109" 109 0.0 402 56 30 5 3 2 1 1 0 0 0 0 0 0 0 0 0 0 0 0
"110" 110 0.00507614213198 314 163 14 5 2 1 1 0 0 0 0 0 0 0 0 0 0 0 0 0
"111" 111 0.0615384615385 211 189 66 16 15 2 1 0 0 0 0 0 0 0 0 0 0 0 0 0
"112" 112 0.010152284264 245 156 73 21 2 1 1 1 0 0 0 0 0 0 0 0 0 0 0 0
"113" 113 0.517857142857 213 172 33 31 14 12 6 5 4 4 3 2 1 0 0 0 0 0 0 0
"114" 114 0.0459770114943 172 90 74 47 40 30 17 11 8 6 4 1 0 0 0 0 0 0 0 0
"115" 115 0.383419689119 213 102 69 42 23 16 16 10 5 3 1 0 0 0 0 0 0 0 0 0
"116" 116 0.443037974684 152 115 80 73 26 12 8 8 8 7 3 3 2 1 1 1 0 0 0 0
"117" 117 0.611398963731 139 129 98 40 32 32 25 4 1 0 0 0 0 0 0 0 0 0 0 0
"118" 118 0.298850574713 100 98 88 82 79 17 11 8 7 5 3 1 1 0 0 0 0 0 0 0
"119" 119 0.0 474 10 9 3 2 1 1 0 0 0 0 0 0 0 0 0 0 0 0 0
"120" 120 0.247706422018 188 172 51 48 27 10 4 0 0 0 0 0 0 0 0 0 0 0 0 0
"121" 121 0.397321428571 323 90 24 20 17 11 9 3 1 1 1 0 0 0 0 0 0 0 0 0
"122" 122 0.197080291971 182 92 58 56 26 17 15 14 9 8 8 5 5 5 0 0 0 0 0 0
"123" 123 0.00497512437811 379 70 13 9 8 8 5 3 2 1 1 1 0 0 0 0 0 0 0 0
"124" 124 0.255813953488 329 96 26 15 13 12 8 1 0 0 0 0 0 0 0 0 0 0 0 0
"125" 125 0.0384615384615 277 104 41 34 11 8 8 7 5 2 1 1 1 0 0 0 0 0 0 0
"126" 126 0.13503649635 153 118 98 90 33 3 2 1 1 1 0 0 0 0 0 0 0 0 0 0
"127" 127 0.204379562044 494 3 3 0 0 0 0 0 0 0 0 0 0 0 0 0 0 0 0 0
"128" 128 0.0355329949239 288 146 26 26 10 2 2 0 0 0 0 0 0 0 0 0 0 0 0 0
"129" 129 0.00632911392405 301 190 9 0 0 0 0 0 0 0 0 0 0 0 0 0 0 0 0 0
"130" 130 0.483443708609 454 21 6 5 5 4 4 1 0 0 0 0 0 0 0 0 0 0 0 0
"131" 131 0.551724137931 198 144 117 13 10 5 3 3 2 2 2 1 0 0 0 0 0 0 0 0
"132" 132 0.411392405063 431 29 18 8 4 3 2 1 1 1 1 1 0 0 0 0 0 0 0 0
"133" 133 0.394230769231 499 1 0 0 0 0 0 0 0 0 0 0 0 0 0 0 0 0 0 0
"134" 134 0.0581395348837 184 90 56 56 47 31 15 9 6 5 1 0 0 0 0 0 0 0 0 0
"135" 135 0.186046511628 191 112 64 32 31 18 12 11 11 7 4 3 2 2 0 0 0 0 0 0
"136" 136 0.0570342205323 464 31 3 2 0 0 0 0 0 0 0 0 0 0 0 0 0 0 0 0
"137" 137 0.0622009569378 237 99 48 40 23 17 9 8 6 6 4 2 1 0 0 0 0 0 0 0
"138" 138 0.467661691542 431 39 16 7 3 3 1 0 0 0 0 0 0 0 0 0 0 0 0 0
"139" 139 0.540229885057 189 144 55 38 17 16 14 11 9 4 3 0 0 0 0 0 0 0 0 0
"140" 140 0.523012552301 246 47 41 39 26 23 17 16 10 8 8 7 4 4 2 1 1 0 0 0
"141" 141 0.292307692308 172 133 132 26 17 16 2 1 1 0 0 0 0 0 0 0 0 0 0 0
"142" 142 0.433962264151 500 0 0 0 0 0 0 0 0 0 0 0 0 0 0 0 0 0 0 0
"143" 143 0.100628930818 489 11 0 0 0 0 0 0 0 0 0 0 0 0 0 0 0 0 0 0
"144" 144 0.708860759494 139 131 77 53 46 18 17 12 3 2 1 1 0 0 0 0 0 0 0 0
"145" 145 0.447674418605 298 143 38 17 2 1 1 0 0 0 0 0 0 0 0 0 0 0 0 0
"146" 146 0.710691823899 186 175 63 53 12 8 3 0 0 0 0 0 0 0 0 0 0 0 0 0
"147" 147 0.394230769231 500 0 0 0 0 0 0 0 0 0 0 0 0 0 0 0 0 0 0 0
"148" 148 0.319796954315 379 67 41 6 4 1 1 1 0 0 0 0 0 0 0 0 0 0 0 0
"149" 149 0.0253164556962 333 144 12 7 3 1 0 0 0 0 0 0 0 0 0 0 0 0 0 0
"150" 150 0.352331606218 188 119 66 64 60 2 1 0 0 0 0 0 0 0 0 0 0 0 0 0
"151" 151 0.561181434599 157 131 83 56 20 19 10 6 6 4 3 2 2 1 0 0 0 0 0 0
"152" 152 0.352331606218 413 23 20 17 7 6 4 4 2 1 1 1 1 0 0 0 0 0 0 0
"153" 153 0.432692307692 487 6 6 1 0 0 0 0 0 0 0 0 0 0 0 0 0 0 0 0
"154" 154 0.0769230769231 478 12 9 1 0 0 0 0 0 0 0 0 0 0 0 0 0 0 0 0
"155" 155 0.674107142857 271 108 51 21 17 10 6 6 4 3 1 1 1 0 0 0 0 0 0 0
"156" 156 0.129353233831 500 0 0 0 0 0 0 0 0 0 0 0 0 0 0 0 0 0 0 0
"157" 157 0.365019011407 311 92 88 8 1 0 0 0 0 0 0 0 0 0 0 0 0 0 0 0
"158" 158 0.385650224215 286 109 57 20 16 5 4 2 1 0 0 0 0 0 0 0 0 0 0 0
"159" 159 0.120437956204 284 143 44 14 11 2 1 1 0 0 0 0 0 0 0 0 0 0 0 0
"160" 160 0.627906976744 299 93 36 32 11 9 7 6 2 2 1 1 1 0 0 0 0 0 0 0
"161" 161 0.0569948186528 173 161 89 52 8 7 4 3 2 1 0 0 0 0 0 0 0 0 0 0
"162" 162 0.0 207 98 95 69 12 7 4 3 2 2 1 0 0 0 0 0 0 0 0 0
"163" 163 0.287179487179 200 124 45 41 32 24 17 10 4 2 1 0 0 0 0 0 0 0 0 0
"164" 164 0.665178571429 368 80 19 13 11 4 2 2 1 0 0 0 0 0 0 0 0 0 0 0
"165" 165 0.705357142857 376 61 27 13 9 9 2 2 1 0 0 0 0 0 0 0 0 0 0 0
"166" 166 0.0581395348837 363 80 24 13 6 4 3 3 2 1 1 0 0 0 0 0 0 0 0 0
"167" 167 0.0 435 47 12 4 2 0 0 0 0 0 0 0 0 0 0 0 0 0 0 0
"168" 168 0.443708609272 204 107 86 73 10 9 4 4 3 0 0 0 0 0 0 0 0 0 0 0
"169" 169 0.31223628692 285 93 79 13 11 8 7 2 1 1 0 0 0 0 0 0 0 0 0 0
"170" 170 0.0766423357664 257 121 52 28 11 7 6 5 5 5 3 0 0 0 0 0 0 0 0 0
"171" 171 0.0796019900498 488 12 0 0 0 0 0 0 0 0 0 0 0 0 0 0 0 0 0 0
"172" 172 0.459821428571 179 64 63 53 41 36 21 18 14 9 2 0 0 0 0 0 0 0 0 0
"173" 173 0.0919540229885 98 87 67 51 47 47 21 20 19 16 11 11 4 1 0 0 0 0 0 0
"174" 174 0.0666666666667 208 137 91 15 15 8 7 5 5 3 2 2 1 1 0 0 0 0 0 0
"175" 175 0.334862385321 170 102 96 71 38 14 4 2 1 1 1 0 0 0 0 0 0 0 0 0
"176" 176 0.594936708861 243 69 64 56 27 20 10 6 2 1 1 1 0 0 0 0 0 0 0 0
"177" 177 0.174887892377 199 76 48 45 40 30 15 14 10 10 7 3 3 0 0 0 0 0 0 0
"178" 178 0.186046511628 226 72 60 54 24 23 22 5 4 3 3 2 1 1 0 0 0 0 0 0
"179" 179 0.470852017937 221 102 79 72 7 7 6 5 1 0 0 0 0 0 0 0 0 0 0 0
"180" 180 0.301886792453 205 143 63 48 17 12 10 1 1 0 0 0 0 0 0 0 0 0 0 0
"181" 181 0.0348258706468 239 89 86 23 17 12 7 6 5 4 4 3 3 2 0 0 0 0 0 0
"182" 182 0.109452736318 215 199 36 25 15 3 2 2 2 1 0 0 0 0 0 0 0 0 0 0
"183" 183 0.455958549223 238 142 73 13 12 11 5 3 3 0 0 0 0 0 0 0 0 0 0 0
"184" 184 0.125523012552 425 31 26 6 5 2 2 1 1 1 0 0 0 0 0 0 0 0 0 0
"185" 185 0.00380228136882 246 177 36 25 5 5 4 2 0 0 0 0 0 0 0 0 0 0 0 0
"186" 186 0.503311258278 288 102 50 37 22 1 0 0 0 0 0 0 0 0 0 0 0 0 0 0
"187" 187 0.651785714286 278 84 48 32 17 12 11 10 6 2 0 0 0 0 0 0 0 0 0 0
"188" 188 0.329113924051 198 66 55 34 33 27 25 23 20 7 7 3 2 0 0 0 0 0 0 0
"189" 189 0.615384615385 500 0 0 0 0 0 0 0 0 0 0 0 0 0 0 0 0 0 0 0
"190" 190 0.15969581749 177 143 81 72 8 7 7 2 2 1 0 0 0 0 0 0 0 0 0 0
"191" 191 0.179104477612 294 122 37 31 15 1 0 0 0 0 0 0 0 0 0 0 0 0 0 0
"192" 192 0.077519379845 199 120 66 59 14 12 9 6 6 3 3 1 1 1 0 0 0 0 0 0
"193" 193 0.487179487179 159 150 59 53 24 18 11 11 9 2 2 1 1 0 0 0 0 0 0 0
"194" 194 0.0402298850575 197 177 117 4 3 1 1 0 0 0 0 0 0 0 0 0 0 0 0 0
"195" 195 0.405128205128 471 15 6 3 3 1 1 0 0 0 0 0 0 0 0 0 0 0 0 0
"196" 196 0.0288461538462 411 46 26 9 8 0 0 0 0 0 0 0 0 0 0 0 0 0 0 0
"197" 197 0.408071748879 136 125 120 45 34 33 6 1 0 0 0 0 0 0 0 0 0 0 0 0
"198" 198 0.29197080292 336 73 40 19 18 6 4 1 1 1 1 0 0 0 0 0 0 0 0 0
"199" 199 0.616580310881 458 13 12 5 4 3 2 1 1 1 0 0 0 0 0 0 0 0 0 0
"200" 200 0.243654822335 129 107 99 73 43 19 10 8 4 3 2 2 1 0 0 0 0 0 0 0
"201" 201 0.488789237668 241 99 66 62 8 8 5 4 4 1 1 1 0 0 0 0 0 0 0 0
"202" 202 0.414507772021 257 109 81 37 7 6 2 1 0 0 0 0 0 0 0 0 0 0 0 0
"203" 203 0.0229885057471 305 64 33 30 28 17 10 7 2 2 1 1 0 0 0 0 0 0 0 0
"204" 204 0.0456273764259 270 76 65 21 15 15 11 11 6 5 2 1 1 1 0 0 0 0 0 0
"205" 205 0.333333333333 154 142 55 39 35 25 20 16 8 6 0 0 0 0 0 0 0 0 0 0
"206" 206 0.295336787565 224 103 82 26 24 18 17 5 1 0 0 0 0 0 0 0 0 0 0 0
"207" 207 0.00574712643678 266 122 37 26 15 13 13 4 2 1 1 0 0 0 0 0 0 0 0 0
"208" 208 0.37552742616 194 88 61 35 26 25 18 14 12 10 9 8 0 0 0 0 0 0 0 0
"209" 209 0.683937823834 113 97 75 64 48 29 22 20 15 15 2 0 0 0 0 0 0 0 0 0
"210" 210 0.203980099502 152 132 67 55 21 20 17 10 8 6 5 4 2 1 0 0 0 0 0 0
"211" 211 0.00497512437811 168 153 72 60 21 14 6 4 1 1 0 0 0 0 0 0 0 0 0 0
"212" 212 0.576923076923 332 70 44 22 11 9 6 4 1 1 0 0 0 0 0 0 0 0 0 0
"213" 213 0.807692307692 494 6 0 0 0 0 0 0 0 0 0 0 0 0 0 0 0 0 0 0
"214" 214 0.10447761194 139 133 123 67 15 13 4 2 2 1 1 0 0 0 0 0 0 0 0 0
"215" 215 0.881856540084 498 2 0 0 0 0 0 0 0 0 0 0 0 0 0 0 0 0 0 0
