"site" "RSA" "aa1" "aa2" "aa3" "aa4" "aa5" "aa6" "aa7" "aa8" "aa9" "aa10" "aa11" "aa12" "aa13" "aa14" "aa15" "aa16" "aa17" "aa18" "aa19" "aa20"
"0" 0 0.155963302752 144 79 44 41 33 28 23 19 18 15 13 13 11 8 6 2 2 1 0 0
"1" 1 0.264248704663 107 101 78 66 63 22 20 15 9 7 3 3 2 2 1 1 0 0 0 0
"2" 2 0.0 447 23 15 11 2 1 1 0 0 0 0 0 0 0 0 0 0 0 0 0
"3" 3 0.190114068441 192 100 70 32 25 23 21 19 10 3 2 1 1 1 0 0 0 0 0 0
"4" 4 0.0722433460076 347 77 21 19 19 8 3 3 2 1 0 0 0 0 0 0 0 0 0 0
"5" 5 0.169154228856 166 73 72 61 30 29 17 17 16 8 4 4 3 0 0 0 0 0 0 0
"6" 6 0.251572327044 148 135 86 48 29 20 16 7 3 2 1 1 1 1 1 1 0 0 0 0
"7" 7 0.0576923076923 245 76 66 40 39 14 13 6 1 0 0 0 0 0 0 0 0 0 0 0
"8" 8 0.152317880795 204 135 90 36 16 11 3 3 1 1 0 0 0 0 0 0 0 0 0 0
"9" 9 0.015503875969 292 136 26 16 16 5 3 2 1 1 1 1 0 0 0 0 0 0 0 0
"10" 10 0.182389937107 146 108 83 60 49 20 10 8 6 4 4 2 0 0 0 0 0 0 0 0
"11" 11 0.0 391 65 15 7 6 6 5 3 1 1 0 0 0 0 0 0 0 0 0 0
"12" 12 0.0036496350365 263 77 37 36 34 23 13 8 5 3 1 0 0 0 0 0 0 0 0 0
"13" 13 0.0077519379845 440 37 21 2 0 0 0 0 0 0 0 0 0 0 0 0 0 0 0 0
"14" 14 0.0 378 42 35 17 14 7 3 3 1 0 0 0 0 0 0 0 0 0 0 0
"15" 15 0.0582959641256 165 92 69 32 27 26 22 19 19 12 8 3 3 2 1 0 0 0 0 0
"16" 16 0.0 168 113 110 39 16 13 11 9 8 6 6 1 0 0 0 0 0 0 0 0
"17" 17 0.0 211 164 62 27 9 8 5 4 4 4 1 1 0 0 0 0 0 0 0 0
"18" 18 0.0232558139535 474 10 8 4 3 1 0 0 0 0 0 0 0 0 0 0 0 0 0 0
"19" 19 0.286821705426 92 71 51 44 36 35 31 28 24 24 18 18 18 8 2 0 0 0 0 0
"20" 20 0.100775193798 199 76 51 33 28 27 25 20 16 5 5 4 4 3 2 2 0 0 0 0
"21" 21 0.0114942528736 148 117 91 41 38 31 12 6 4 4 3 2 2 1 0 0 0 0 0 0
"22" 22 0.644230769231 424 67 2 2 2 1 1 1 0 0 0 0 0 0 0 0 0 0 0 0
"23" 23 0.137931034483 280 96 26 25 22 11 10 10 7 7 3 2 1 0 0 0 0 0 0 0
"24" 24 0.776785714286 117 86 65 61 52 50 49 8 5 2 2 1 1 1 0 0 0 0 0 0
"25" 25 0.139303482587 461 8 7 5 4 3 3 2 2 1 1 1 1 1 0 0 0 0 0 0
"26" 26 0.405128205128 436 16 15 10 9 5 4 2 1 1 1 0 0 0 0 0 0 0 0 0
"27" 27 0.383084577114 251 90 35 33 23 16 13 9 8 8 7 5 1 1 0 0 0 0 0 0
"28" 28 0.405063291139 189 125 53 48 23 16 15 12 10 4 1 1 1 1 1 0 0 0 0 0
"29" 29 0.402985074627 111 101 56 47 41 39 30 25 18 10 8 7 6 1 0 0 0 0 0 0
"30" 30 0.0348837209302 187 114 47 37 32 15 15 10 9 7 6 6 6 4 3 2 0 0 0 0
"31" 31 0.348717948718 137 113 52 48 42 38 25 12 10 10 6 3 2 1 1 0 0 0 0 0
"32" 32 0.452736318408 135 98 40 40 39 31 28 24 18 14 9 9 7 4 4 0 0 0 0 0
"33" 33 0.52752293578 109 89 84 67 41 26 22 21 11 7 6 6 5 4 2 0 0 0 0 0
"34" 34 0.837209302326 312 188 0 0 0 0 0 0 0 0 0 0 0 0 0 0 0 0 0 0
"35" 35 0.163461538462 271 219 3 3 2 1 1 0 0 0 0 0 0 0 0 0 0 0 0 0
"36" 36 0.241071428571 119 84 58 49 29 26 25 21 21 18 16 11 10 10 3 0 0 0 0 0
"37" 37 0.167464114833 133 113 59 47 38 30 25 11 9 9 8 4 4 3 3 2 2 0 0 0
"38" 38 0.509174311927 142 73 59 58 45 35 33 14 14 9 9 7 2 0 0 0 0 0 0 0
"39" 39 0.367088607595 105 95 70 65 42 32 32 22 11 11 6 6 1 1 1 0 0 0 0 0
"40" 40 0.553459119497 325 160 15 0 0 0 0 0 0 0 0 0 0 0 0 0 0 0 0 0
"41" 41 0.482142857143 312 56 53 31 17 9 8 5 4 3 1 1 0 0 0 0 0 0 0 0
"42" 42 0.0418410041841 245 131 37 23 21 19 4 3 3 3 3 3 2 1 1 1 0 0 0 0
"43" 43 0.298507462687 131 82 59 56 55 43 30 15 12 7 3 3 2 1 1 0 0 0 0 0
"44" 44 0.738396624473 113 107 80 67 42 40 11 10 10 9 5 4 2 0 0 0 0 0 0 0
"45" 45 0.26368159204 161 99 82 56 31 23 12 12 10 6 3 2 2 1 0 0 0 0 0 0
"46" 46 0.0 458 23 5 5 3 3 2 1 0 0 0 0 0 0 0 0 0 0 0 0
"47" 47 0.572327044025 248 65 64 29 22 22 21 11 8 8 2 0 0 0 0 0 0 0 0 0
"48" 48 0.506726457399 361 43 28 26 22 7 5 4 2 1 1 0 0 0 0 0 0 0 0 0
"49" 49 0.301435406699 217 59 46 45 39 37 34 15 4 3 1 0 0 0 0 0 0 0 0 0
"50" 50 0.215189873418 326 84 33 28 10 7 3 2 2 2 1 1 1 0 0 0 0 0 0 0
"51" 51 0.187817258883 331 39 26 24 22 18 11 7 6 6 5 2 1 1 1 0 0 0 0 0
"52" 52 0.0062893081761 424 58 11 7 0 0 0 0 0 0 0 0 0 0 0 0 0 0 0 0
"53" 53 0.0 270 79 40 26 26 24 10 9 8 5 1 1 1 0 0 0 0 0 0 0
"54" 54 0.00995024875622 285 97 50 39 13 5 4 3 2 1 1 0 0 0 0 0 0 0 0 0
"55" 55 0.103448275862 201 87 79 36 24 16 10 10 9 8 6 6 3 2 2 1 0 0 0 0
"56" 56 0.020725388601 85 80 68 65 54 38 30 22 22 12 8 8 3 2 2 1 0 0 0 0
"57" 57 0.602678571429 112 107 89 85 41 18 15 13 6 4 4 4 1 1 0 0 0 0 0 0
"58" 58 0.658031088083 128 103 90 60 36 32 22 17 6 5 1 0 0 0 0 0 0 0 0 0
"59" 59 0.403846153846 493 5 1 1 0 0 0 0 0 0 0 0 0 0 0 0 0 0 0 0
"60" 60 0.414225941423 147 72 61 50 42 27 25 22 12 11 9 8 5 4 2 2 1 0 0 0
"61" 61 0.183908045977 270 89 32 30 29 23 15 5 4 3 0 0 0 0 0 0 0 0 0 0
"62" 62 0.144278606965 185 106 88 58 24 10 5 4 4 4 4 3 3 2 0 0 0 0 0 0
"63" 63 0.223404255319 136 124 104 53 30 27 12 7 6 1 0 0 0 0 0 0 0 0 0 0
"64" 64 0.299107142857 268 172 35 13 7 5 0 0 0 0 0 0 0 0 0 0 0 0 0 0
"65" 65 0.0132450331126 200 173 71 32 10 9 2 2 1 0 0 0 0 0 0 0 0 0 0 0
"66" 66 0.0802919708029 141 78 59 50 44 38 31 18 12 11 4 4 3 3 2 1 1 0 0 0
"67" 67 0.317829457364 165 70 68 64 54 41 14 8 6 5 3 1 1 0 0 0 0 0 0 0
"68" 68 0.0 471 14 4 3 3 3 1 1 0 0 0 0 0 0 0 0 0 0 0 0
"69" 69 0.0 200 98 74 57 29 18 15 3 2 2 1 1 0 0 0 0 0 0 0 0
"70" 70 0.167512690355 204 91 41 41 34 32 16 14 12 7 3 2 2 1 0 0 0 0 0 0
"71" 71 0.148288973384 263 110 70 14 13 11 8 4 3 2 1 1 0 0 0 0 0 0 0 0
"72" 72 0.0 404 35 33 14 4 3 3 2 1 1 0 0 0 0 0 0 0 0 0 0
"73" 73 0.00574712643678 115 113 84 60 35 26 24 22 9 6 4 1 1 0 0 0 0 0 0 0
"74" 74 0.491071428571 192 155 47 30 26 21 7 6 5 3 2 2 2 1 1 0 0 0 0 0
"75" 75 0.405063291139 252 72 49 34 31 18 11 10 7 6 5 3 2 0 0 0 0 0 0 0
"76" 76 0.140684410646 239 152 33 15 14 13 12 11 8 1 1 1 0 0 0 0 0 0 0 0
"77" 77 0.0 481 14 1 1 1 1 1 0 0 0 0 0 0 0 0 0 0 0 0 0
"78" 78 0.395348837209 322 57 34 24 20 19 13 4 2 2 1 1 1 0 0 0 0 0 0 0
"79" 79 0.703349282297 179 90 83 37 33 21 16 9 8 7 7 6 2 1 1 0 0 0 0 0
"80" 80 0.331606217617 291 67 55 18 14 13 11 10 6 5 5 4 1 0 0 0 0 0 0 0
"81" 81 0.558139534884 244 96 60 30 28 17 11 7 2 2 1 1 1 0 0 0 0 0 0 0
"82" 82 0.59585492228 189 83 71 71 27 17 17 7 5 4 4 4 1 0 0 0 0 0 0 0
"83" 83 0.114427860697 195 93 75 55 31 12 11 9 9 5 2 2 1 0 0 0 0 0 0 0
"84" 84 0.139534883721 214 77 71 49 23 22 14 13 10 5 1 1 0 0 0 0 0 0 0 0
"85" 85 0.361607142857 320 68 23 21 18 15 11 7 4 3 3 3 2 1 1 0 0 0 0 0
"86" 86 0.346715328467 336 98 29 25 5 2 2 2 1 0 0 0 0 0 0 0 0 0 0 0
"87" 87 0.0696517412935 288 71 39 38 17 14 9 9 7 4 2 1 1 0 0 0 0 0 0 0
"88" 88 0.0570342205323 160 114 81 50 28 20 14 10 9 7 3 2 1 1 0 0 0 0 0 0
"89" 89 0.11320754717 166 138 70 60 28 16 7 4 4 3 2 2 0 0 0 0 0 0 0 0
"90" 90 0.476821192053 225 70 43 38 31 25 25 12 10 7 7 3 2 2 0 0 0 0 0 0
"91" 91 0.341968911917 226 67 62 33 27 23 19 16 13 12 1 1 0 0 0 0 0 0 0 0
"92" 92 0.641509433962 391 46 29 20 6 3 3 1 1 0 0 0 0 0 0 0 0 0 0 0
"93" 93 0.722627737226 298 97 29 20 13 13 12 5 4 4 2 1 1 1 0 0 0 0 0 0
"94" 94 0.591240875912 181 125 73 34 31 19 10 8 4 4 3 3 2 2 1 0 0 0 0 0
"95" 95 0.189781021898 194 95 93 42 34 12 10 9 6 5 0 0 0 0 0 0 0 0 0 0
"96" 96 0.395348837209 100 96 90 76 57 22 15 14 13 10 5 1 1 0 0 0 0 0 0 0
"97" 97 0.258620689655 175 140 130 13 13 13 7 6 1 1 1 0 0 0 0 0 0 0 0 0
"98" 98 0.0114942528736 257 109 40 26 20 12 11 9 6 5 3 2 0 0 0 0 0 0 0 0
"99" 99 0.267942583732 163 120 80 64 28 21 9 8 3 2 2 0 0 0 0 0 0 0 0 0
"100" 100 0.515695067265 188 121 42 39 27 18 15 15 12 7 7 6 1 1 1 0 0 0 0 0
"101" 101 0.0839416058394 106 96 93 38 35 30 30 27 14 10 8 7 5 1 0 0 0 0 0 0
"102" 102 0.0348258706468 220 93 60 30 25 23 15 14 10 5 1 1 1 1 1 0 0 0 0 0
"103" 103 0.623430962343 171 114 67 49 32 18 14 13 11 6 2 2 1 0 0 0 0 0 0 0
"104" 104 0.100418410042 284 69 59 35 17 17 9 5 2 2 1 0 0 0 0 0 0 0 0 0
"105" 105 0.0 223 106 56 52 36 8 6 4 3 2 2 1 1 0 0 0 0 0 0 0
"106" 106 0.281609195402 142 103 60 49 41 35 25 11 9 7 6 4 3 2 1 1 1 0 0 0
"107" 107 0.503875968992 134 86 81 57 49 41 16 12 9 6 5 2 1 1 0 0 0 0 0 0
"108" 108 0.16091954023 143 128 84 44 43 27 17 9 3 2 0 0 0 0 0 0 0 0 0 0
"109" 109 0.0 274 111 29 19 17 9 9 6 5 5 5 4 3 2 2 0 0 0 0 0
"110" 110 0.110266159696 121 101 75 64 61 24 12 11 10 9 5 5 2 0 0 0 0 0 0 0
"111" 111 0.385650224215 180 131 67 51 46 7 4 4 3 3 2 2 0 0 0 0 0 0 0 0
"112" 112 0.222627737226 185 87 72 64 29 19 18 12 5 3 2 2 1 1 0 0 0 0 0 0
"113" 113 0.0 338 123 7 7 7 6 3 2 2 2 2 1 0 0 0 0 0 0 0 0
"114" 114 0.077519379845 169 154 50 42 41 18 6 6 6 4 2 1 1 0 0 0 0 0 0 0
"115" 115 0.303571428571 316 82 24 17 17 12 10 6 6 5 4 1 0 0 0 0 0 0 0 0
"116" 116 0.110266159696 287 83 68 28 8 8 6 5 4 1 1 1 0 0 0 0 0 0 0 0
"117" 117 0.0722433460076 246 74 52 41 33 17 16 9 2 2 2 2 2 1 1 0 0 0 0 0
"118" 118 0.292775665399 160 104 102 65 25 20 8 8 4 3 1 0 0 0 0 0 0 0 0 0
"119" 119 0.345911949686 207 136 58 38 20 16 7 7 3 3 2 2 1 0 0 0 0 0 0 0
"120" 120 0.139013452915 293 67 51 35 10 10 9 7 6 4 4 2 1 1 0 0 0 0 0 0
"121" 121 0.106598984772 141 121 43 37 33 25 25 16 11 10 9 9 8 4 4 2 2 0 0 0
"122" 122 0.276150627615 112 94 68 60 40 32 32 27 19 6 5 3 2 0 0 0 0 0 0 0
"123" 123 0.663461538462 500 0 0 0 0 0 0 0 0 0 0 0 0 0 0 0 0 0 0 0
"124" 124 0.825112107623 175 105 63 54 41 23 10 6 6 5 4 3 3 2 0 0 0 0 0 0
"125" 125 0.518987341772 141 114 68 61 34 24 24 9 6 6 5 3 2 2 1 0 0 0 0 0
"126" 126 0.379310344828 115 83 79 58 48 41 16 16 14 9 7 6 4 4 0 0 0 0 0 0
"127" 127 0.767295597484 500 0 0 0 0 0 0 0 0 0 0 0 0 0 0 0 0 0 0 0
"128" 128 0.649425287356 340 56 52 38 4 3 3 2 2 0 0 0 0 0 0 0 0 0 0 0
"129" 129 0.240384615385 500 0 0 0 0 0 0 0 0 0 0 0 0 0 0 0 0 0 0 0
"130" 130 0.440414507772 413 76 9 1 1 0 0 0 0 0 0 0 0 0 0 0 0 0 0 0
"131" 131 0.509433962264 499 1 0 0 0 0 0 0 0 0 0 0 0 0 0 0 0 0 0 0
"132" 132 0.346153846154 167 121 58 58 30 19 16 14 9 5 1 1 1 0 0 0 0 0 0 0
"133" 133 0.357664233577 254 60 55 39 37 18 11 5 5 5 4 3 2 2 0 0 0 0 0 0
"134" 134 0.1592039801 148 123 117 58 13 11 8 6 5 4 3 3 1 0 0 0 0 0 0 0
"135" 135 0.591240875912 184 110 107 28 24 22 15 7 1 1 1 0 0 0 0 0 0 0 0 0
"136" 136 0.264900662252 145 118 64 57 53 22 12 7 6 5 4 4 1 1 1 0 0 0 0 0
"137" 137 0.0 346 61 33 18 16 8 7 6 3 2 0 0 0 0 0 0 0 0 0 0
"138" 138 0.183035714286 199 136 76 41 19 14 9 2 2 2 0 0 0 0 0 0 0 0 0 0
"139" 139 0.403587443946 95 83 81 76 50 24 23 21 18 14 13 2 0 0 0 0 0 0 0 0
"140" 140 0.0 430 15 11 11 10 5 5 3 3 2 2 1 1 1 0 0 0 0 0 0
"141" 141 0.0 210 109 83 22 16 14 13 12 9 3 3 3 2 1 0 0 0 0 0 0
"142" 142 0.433035714286 151 73 73 46 45 39 25 23 11 5 5 2 1 1 0 0 0 0 0 0
"143" 143 0.330543933054 124 81 54 52 42 34 26 19 18 15 14 8 7 3 1 1 1 0 0 0
"144" 144 0.0 263 55 52 43 18 17 11 10 7 6 4 4 3 2 2 2 1 0 0 0
"145" 145 0.0358974358974 144 88 79 62 50 37 23 14 3 0 0 0 0 0 0 0 0 0 0 0
"146" 146 0.488372093023 144 99 56 45 34 32 31 21 17 8 6 3 3 1 0 0 0 0 0 0
"147" 147 0.234309623431 140 92 49 45 38 37 33 23 12 10 8 7 3 2 1 0 0 0 0 0
"148" 148 0.00497512437811 439 25 15 9 5 2 1 1 1 1 1 0 0 0 0 0 0 0 0 0
"149" 149 0.598214285714 403 34 17 10 10 9 5 4 4 1 1 1 1 0 0 0 0 0 0 0
"150" 150 0.701923076923 383 107 7 2 1 0 0 0 0 0 0 0 0 0 0 0 0 0 0 0
"151" 151 0.388392857143 282 99 24 22 21 12 10 10 8 7 4 1 0 0 0 0 0 0 0 0
"152" 152 0.313901345291 173 111 57 53 29 24 12 11 8 8 5 4 3 2 0 0 0 0 0 0
"153" 153 0.0228136882129 277 209 10 3 1 0 0 0 0 0 0 0 0 0 0 0 0 0 0 0
"154" 154 0.0 365 55 21 17 9 9 9 6 5 1 1 1 1 0 0 0 0 0 0 0
"155" 155 0.124031007752 372 87 25 8 6 2 0 0 0 0 0 0 0 0 0 0 0 0 0 0
"156" 156 0.105769230769 500 0 0 0 0 0 0 0 0 0 0 0 0 0 0 0 0 0 0 0
"157" 157 0.490384615385 500 0 0 0 0 0 0 0 0 0 0 0 0 0 0 0 0 0 0 0
"158" 158 0.668393782383 236 121 75 26 16 12 6 5 2 1 0 0 0 0 0 0 0 0 0 0
"159" 159 0.362694300518 285 101 68 11 10 8 7 3 3 2 1 1 0 0 0 0 0 0 0 0
"160" 160 0.11320754717 239 94 67 31 29 10 9 8 5 4 3 1 0 0 0 0 0 0 0 0
"161" 161 0.0232558139535 305 168 26 1 0 0 0 0 0 0 0 0 0 0 0 0 0 0 0 0
"162" 162 0.0 185 154 69 47 13 9 7 6 4 3 2 1 0 0 0 0 0 0 0 0
"163" 163 0.0 268 228 4 0 0 0 0 0 0 0 0 0 0 0 0 0 0 0 0 0
"164" 164 0.0 456 14 12 9 5 4 0 0 0 0 0 0 0 0 0 0 0 0 0 0
"165" 165 0.00995024875622 122 100 59 55 39 35 22 20 12 8 8 7 5 3 2 2 1 0 0 0
"166" 166 0.00662251655629 173 107 54 52 23 22 21 11 10 7 5 4 4 3 3 1 0 0 0 0
"167" 167 0.0 147 126 48 37 34 27 19 14 12 11 9 6 5 4 1 0 0 0 0 0
"168" 168 0.0 301 59 42 39 22 18 11 2 2 2 1 1 0 0 0 0 0 0 0 0
"169" 169 0.0077519379845 445 52 2 1 0 0 0 0 0 0 0 0 0 0 0 0 0 0 0 0
"170" 170 0.00581395348837 161 136 53 38 29 26 22 11 9 8 4 1 1 1 0 0 0 0 0 0
"171" 171 0.0 148 96 64 49 47 27 19 19 11 6 6 3 2 1 1 1 0 0 0 0
"172" 172 0.0 268 146 20 15 15 12 9 5 4 2 2 1 1 0 0 0 0 0 0 0
"173" 173 0.0 129 112 77 47 44 23 20 14 14 8 5 4 2 1 0 0 0 0 0 0
"174" 174 0.0 251 97 68 27 15 14 7 6 6 3 2 2 1 1 0 0 0 0 0 0
"175" 175 0.433035714286 169 92 80 53 41 34 12 10 3 2 2 2 0 0 0 0 0 0 0 0
"176" 176 0.206896551724 121 87 71 39 38 34 28 28 14 10 9 6 6 5 4 0 0 0 0 0
"177" 177 0.100775193798 425 24 23 8 5 3 3 3 2 2 1 1 0 0 0 0 0 0 0 0
"178" 178 0.586538461538 500 0 0 0 0 0 0 0 0 0 0 0 0 0 0 0 0 0 0 0
"179" 179 0.0950570342205 181 177 57 21 19 10 7 6 5 5 3 3 2 2 2 0 0 0 0 0
"180" 180 0.435233160622 224 120 100 19 19 6 6 5 1 0 0 0 0 0 0 0 0 0 0 0
"181" 181 0.0149253731343 454 15 8 7 5 4 3 2 1 1 0 0 0 0 0 0 0 0 0 0
"182" 182 0.591240875912 303 52 41 24 12 11 11 11 9 9 8 7 2 0 0 0 0 0 0 0
"183" 183 0.474452554745 152 137 102 64 25 7 6 2 2 1 1 1 0 0 0 0 0 0 0 0
"184" 184 0.0494296577947 246 104 100 48 2 0 0 0 0 0 0 0 0 0 0 0 0 0 0 0
"185" 185 0.526785714286 183 83 56 56 37 34 25 12 5 4 2 1 1 1 0 0 0 0 0 0
"186" 186 0.117948717949 138 116 87 63 30 18 14 11 7 7 4 3 1 1 0 0 0 0 0 0
"187" 187 0.0 192 137 100 33 14 10 4 4 3 2 1 0 0 0 0 0 0 0 0 0
"188" 188 0.121076233184 354 40 34 33 15 12 6 5 1 0 0 0 0 0 0 0 0 0 0 0
"189" 189 0.266423357664 171 79 69 69 66 18 9 6 6 5 1 1 0 0 0 0 0 0 0 0
"190" 190 0.0 403 54 27 10 4 1 1 0 0 0 0 0 0 0 0 0 0 0 0 0
"191" 191 0.0684410646388 281 100 67 18 15 5 3 3 2 2 2 1 1 0 0 0 0 0 0 0
"192" 192 0.477678571429 242 124 28 24 16 14 12 10 9 8 7 2 2 1 1 0 0 0 0 0
"193" 193 0.328467153285 138 88 68 51 41 32 25 17 17 11 3 3 3 1 1 1 0 0 0 0
"194" 194 0.0 140 130 98 56 39 10 8 5 4 3 2 2 2 1 0 0 0 0 0 0
"195" 195 0.17880794702 188 70 50 48 34 25 20 20 17 9 8 5 3 1 1 1 0 0 0 0
"196" 196 0.627906976744 85 72 70 68 58 56 26 13 12 11 10 8 5 4 2 0 0 0 0 0
"197" 197 0.416243654822 186 82 52 28 27 25 24 20 19 15 8 5 4 3 1 1 0 0 0 0
"198" 198 0.0689655172414 140 100 60 54 36 34 25 19 13 8 6 4 1 0 0 0 0 0 0 0
"199" 199 0.389937106918 192 66 37 36 34 31 31 15 14 13 11 10 5 3 1 1 0 0 0 0
"200" 200 0.125 496 2 1 1 0 0 0 0 0 0 0 0 0 0 0 0 0 0 0 0
"201" 201 0.077519379845 216 200 33 23 11 9 8 0 0 0 0 0 0 0 0 0 0 0 0 0
"202" 202 0.533678756477 161 115 61 51 35 24 18 10 8 7 5 4 1 0 0 0 0 0 0 0
"203" 203 0.405063291139 114 100 67 50 49 32 20 16 12 12 6 6 6 5 2 2 1 0 0 0
"204" 204 0.00512820512821 143 78 64 52 49 30 25 19 17 13 3 3 3 1 0 0 0 0 0 0
"205" 205 0.287356321839 202 97 59 35 23 19 15 11 11 9 6 6 4 1 1 1 0 0 0 0
"206" 206 0.517857142857 126 113 74 46 31 27 21 20 15 10 6 3 2 2 2 1 1 0 0 0
"207" 207 0.0384615384615 281 63 30 26 20 19 19 18 11 7 3 2 1 0 0 0 0 0 0 0
"208" 208 0.015503875969 381 62 26 12 5 4 4 3 1 1 1 0 0 0 0 0 0 0 0 0
"209" 209 0.561181434599 139 111 90 50 28 22 20 18 6 6 3 3 2 1 1 0 0 0 0 0
"210" 210 0.344827586207 113 81 41 41 38 37 31 26 25 23 14 14 5 5 3 3 0 0 0 0
"211" 211 0.0543933054393 129 68 53 48 46 45 24 23 21 17 11 11 4 0 0 0 0 0 0 0
"212" 212 0.153846153846 348 57 36 36 11 5 3 2 1 1 0 0 0 0 0 0 0 0 0 0
"213" 213 0.5 129 89 75 55 46 45 34 8 4 3 3 3 3 2 1 0 0 0 0 0
"214" 214 0.307984790875 180 63 50 38 35 33 25 21 13 12 10 8 5 3 2 1 1 0 0 0
"215" 215 0.18410041841 187 115 75 34 32 21 7 7 6 6 5 2 2 1 0 0 0 0 0 0
"216" 216 0.96511627907 196 119 53 48 42 15 8 7 6 2 2 1 1 0 0 0 0 0 0 0
