"site" "RSA" "aa1" "aa2" "aa3" "aa4" "aa5" "aa6" "aa7" "aa8" "aa9" "aa10" "aa11" "aa12" "aa13" "aa14" "aa15" "aa16" "aa17" "aa18" "aa19" "aa20"
"0" 0 0.883408071749 291 165 16 8 7 4 4 2 2 1 0 0 0 0 0 0 0 0 0 0
"1" 1 0.759615384615 434 20 18 17 4 3 1 1 1 1 0 0 0 0 0 0 0 0 0 0
"2" 2 0.336538461538 422 78 0 0 0 0 0 0 0 0 0 0 0 0 0 0 0 0 0 0
"3" 3 0.114427860697 214 72 69 27 24 16 15 15 12 10 10 6 4 4 1 1 0 0 0 0
"4" 4 0.276785714286 225 153 48 19 13 10 9 9 8 6 0 0 0 0 0 0 0 0 0 0
"5" 5 0.678571428571 181 125 107 37 27 17 5 1 0 0 0 0 0 0 0 0 0 0 0 0
"6" 6 0.193798449612 182 160 78 20 17 15 12 7 4 2 2 1 0 0 0 0 0 0 0 0
"7" 7 0.0 353 66 51 10 7 5 5 1 1 1 0 0 0 0 0 0 0 0 0 0
"8" 8 0.383211678832 192 179 59 23 15 12 11 8 1 0 0 0 0 0 0 0 0 0 0 0
"9" 9 0.387596899225 261 86 53 35 19 17 17 4 4 3 1 0 0 0 0 0 0 0 0 0
"10" 10 0.177304964539 402 42 16 13 9 5 3 3 3 2 1 1 0 0 0 0 0 0 0 0
"11" 11 0.0696517412935 349 74 57 6 5 5 2 1 1 0 0 0 0 0 0 0 0 0 0 0
"12" 12 0.609489051095 215 105 98 29 15 15 10 8 3 1 1 0 0 0 0 0 0 0 0 0
"13" 13 0.723214285714 147 118 86 60 17 15 12 12 10 8 7 5 2 1 0 0 0 0 0 0
"14" 14 0.481865284974 90 65 64 63 58 57 39 22 17 9 6 3 2 2 1 1 1 0 0 0
"15" 15 0.194029850746 252 78 32 25 22 21 17 13 12 7 6 4 4 3 2 2 0 0 0 0
"16" 16 0.586538461538 500 0 0 0 0 0 0 0 0 0 0 0 0 0 0 0 0 0 0 0
"17" 17 0.816143497758 214 129 51 30 27 24 19 6 0 0 0 0 0 0 0 0 0 0 0 0
"18" 18 0.240384615385 499 1 0 0 0 0 0 0 0 0 0 0 0 0 0 0 0 0 0 0
"19" 19 0.217616580311 349 60 25 18 15 10 9 5 5 3 1 0 0 0 0 0 0 0 0 0
"20" 20 0.482587064677 129 127 120 35 30 16 15 13 9 5 1 0 0 0 0 0 0 0 0 0
"21" 21 0.610465116279 243 68 61 40 40 18 10 10 5 4 1 0 0 0 0 0 0 0 0 0
"22" 22 0.0728476821192 220 109 27 26 22 21 13 13 12 12 9 6 5 2 2 1 0 0 0 0
"23" 23 0.427860696517 96 94 57 51 46 40 31 29 20 14 12 7 3 0 0 0 0 0 0 0
"24" 24 0.726368159204 257 86 65 33 25 15 10 4 2 1 1 1 0 0 0 0 0 0 0 0
"25" 25 0.655172413793 330 61 31 24 15 10 9 7 7 2 1 1 1 1 0 0 0 0 0 0
"26" 26 0.0862068965517 288 200 7 3 2 0 0 0 0 0 0 0 0 0 0 0 0 0 0 0
"27" 27 0.427672955975 254 202 16 9 5 4 4 2 2 1 1 0 0 0 0 0 0 0 0 0
"28" 28 0.647321428571 232 117 82 28 19 11 10 1 0 0 0 0 0 0 0 0 0 0 0 0
"29" 29 0.751295336788 330 60 60 13 13 10 7 4 3 0 0 0 0 0 0 0 0 0 0 0
"30" 30 0.283582089552 324 101 41 12 12 5 2 2 1 0 0 0 0 0 0 0 0 0 0 0
"31" 31 0.526785714286 133 93 72 70 53 35 25 12 5 2 0 0 0 0 0 0 0 0 0 0
"32" 32 0.0769230769231 427 60 7 5 1 0 0 0 0 0 0 0 0 0 0 0 0 0 0 0
"33" 33 0.258928571429 216 77 70 69 50 9 7 2 0 0 0 0 0 0 0 0 0 0 0 0
"34" 34 0.0 418 70 5 4 1 1 1 0 0 0 0 0 0 0 0 0 0 0 0 0
"35" 35 0.0574712643678 183 103 43 35 32 32 28 20 12 8 2 1 1 0 0 0 0 0 0 0
"36" 36 0.00507614213198 300 64 40 32 28 19 5 5 2 2 1 1 1 0 0 0 0 0 0 0
"37" 37 0.169154228856 148 124 114 68 18 13 8 2 2 1 1 1 0 0 0 0 0 0 0 0
"38" 38 0.0 393 97 5 5 0 0 0 0 0 0 0 0 0 0 0 0 0 0 0 0
"39" 39 0.37552742616 196 181 66 44 10 3 0 0 0 0 0 0 0 0 0 0 0 0 0 0
"40" 40 0.25 404 73 9 9 2 1 1 1 0 0 0 0 0 0 0 0 0 0 0 0
"41" 41 0.394230769231 256 132 64 29 8 7 2 1 1 0 0 0 0 0 0 0 0 0 0 0
"42" 42 0.0 500 0 0 0 0 0 0 0 0 0 0 0 0 0 0 0 0 0 0 0
"43" 43 0.0 460 19 6 4 3 3 2 1 1 1 0 0 0 0 0 0 0 0 0 0
"44" 44 0.0 152 129 64 41 41 23 18 16 11 4 1 0 0 0 0 0 0 0 0 0
"45" 45 0.0 380 120 0 0 0 0 0 0 0 0 0 0 0 0 0 0 0 0 0 0
"46" 46 0.0 500 0 0 0 0 0 0 0 0 0 0 0 0 0 0 0 0 0 0 0
"47" 47 0.0547263681592 347 73 20 17 13 8 8 5 5 3 1 0 0 0 0 0 0 0 0 0
"48" 48 0.301418439716 136 104 84 73 44 40 8 4 2 2 2 1 0 0 0 0 0 0 0 0
"49" 49 0.00574712643678 278 58 41 31 22 14 13 13 10 9 4 3 2 1 1 0 0 0 0 0
"50" 50 0.0 475 13 8 3 1 0 0 0 0 0 0 0 0 0 0 0 0 0 0 0
"51" 51 0.410714285714 332 112 22 20 10 4 0 0 0 0 0 0 0 0 0 0 0 0 0 0
"52" 52 0.375912408759 362 44 34 23 20 8 4 3 1 1 0 0 0 0 0 0 0 0 0 0
"53" 53 0.00574712643678 365 51 39 29 7 5 3 1 0 0 0 0 0 0 0 0 0 0 0 0
"54" 54 0.0 420 37 25 10 4 2 1 1 0 0 0 0 0 0 0 0 0 0 0 0
"55" 55 0.279069767442 249 110 60 29 24 19 6 2 1 0 0 0 0 0 0 0 0 0 0 0
"56" 56 0.164179104478 385 43 35 19 8 7 3 0 0 0 0 0 0 0 0 0 0 0 0 0
"57" 57 0.217054263566 486 13 1 0 0 0 0 0 0 0 0 0 0 0 0 0 0 0 0 0
"58" 58 0.108808290155 447 20 14 11 4 2 1 1 0 0 0 0 0 0 0 0 0 0 0 0
"59" 59 0.691823899371 320 78 46 29 19 4 2 1 1 0 0 0 0 0 0 0 0 0 0 0
"60" 60 0.594890510949 291 120 30 28 19 5 5 1 1 0 0 0 0 0 0 0 0 0 0 0
"61" 61 0.104651162791 198 196 71 15 13 6 1 0 0 0 0 0 0 0 0 0 0 0 0 0
"62" 62 0.240310077519 216 119 99 29 13 9 7 2 2 1 1 1 1 0 0 0 0 0 0 0
"63" 63 0.0794979079498 402 72 16 4 3 3 0 0 0 0 0 0 0 0 0 0 0 0 0 0
"64" 64 0.354651162791 232 120 72 23 13 12 10 10 6 2 0 0 0 0 0 0 0 0 0 0
"65" 65 0.40251572327 460 27 6 3 3 1 0 0 0 0 0 0 0 0 0 0 0 0 0 0
"66" 66 0.422885572139 282 56 53 39 37 28 4 1 0 0 0 0 0 0 0 0 0 0 0 0
"67" 67 0.155172413793 162 149 86 79 10 5 4 1 1 1 1 1 0 0 0 0 0 0 0 0
"68" 68 0.519379844961 136 133 66 53 36 28 27 9 7 2 2 1 0 0 0 0 0 0 0 0
"69" 69 0.263392857143 281 64 32 31 28 24 15 14 7 3 1 0 0 0 0 0 0 0 0 0
"70" 70 0.115384615385 500 0 0 0 0 0 0 0 0 0 0 0 0 0 0 0 0 0 0 0
"71" 71 0.240310077519 221 127 50 41 38 6 6 4 3 2 1 1 0 0 0 0 0 0 0 0
"72" 72 0.434306569343 205 98 88 52 31 22 2 1 1 0 0 0 0 0 0 0 0 0 0 0
"73" 73 0.0747126436782 347 95 26 13 5 3 3 2 2 2 2 0 0 0 0 0 0 0 0 0
"74" 74 0.488372093023 226 105 84 65 10 7 1 1 1 0 0 0 0 0 0 0 0 0 0 0
"75" 75 0.660714285714 206 132 103 52 5 2 0 0 0 0 0 0 0 0 0 0 0 0 0 0
"76" 76 0.490384615385 498 2 0 0 0 0 0 0 0 0 0 0 0 0 0 0 0 0 0 0
"77" 77 0.25 120 117 107 60 41 19 14 7 4 3 3 3 2 0 0 0 0 0 0 0
"78" 78 0.325892857143 168 106 97 45 30 22 9 7 6 4 3 1 1 1 0 0 0 0 0 0
"79" 79 0.0 275 69 44 32 17 13 12 12 11 10 2 2 1 0 0 0 0 0 0 0
"80" 80 0.0 350 150 0 0 0 0 0 0 0 0 0 0 0 0 0 0 0 0 0 0
"81" 81 0.262773722628 228 89 63 39 35 16 12 6 5 4 2 1 0 0 0 0 0 0 0 0
"82" 82 0.0 436 18 13 10 10 6 3 2 1 1 0 0 0 0 0 0 0 0 0 0
"83" 83 0.368613138686 272 90 56 40 14 7 6 5 3 2 2 2 1 0 0 0 0 0 0 0
"84" 84 0.0480769230769 500 0 0 0 0 0 0 0 0 0 0 0 0 0 0 0 0 0 0 0
"85" 85 0.100628930818 255 114 44 29 28 14 8 7 1 0 0 0 0 0 0 0 0 0 0 0
"86" 86 0.044776119403 279 80 59 48 24 7 2 1 0 0 0 0 0 0 0 0 0 0 0 0
"87" 87 0.233576642336 348 50 47 19 16 6 5 5 2 1 1 0 0 0 0 0 0 0 0 0
"88" 88 0.0480769230769 496 4 0 0 0 0 0 0 0 0 0 0 0 0 0 0 0 0 0 0
"89" 89 0.0 464 33 2 1 0 0 0 0 0 0 0 0 0 0 0 0 0 0 0 0
"90" 90 0.223880597015 152 147 58 38 34 26 12 10 7 4 3 3 3 1 1 1 0 0 0 0
"91" 91 0.100775193798 163 82 71 48 45 33 22 13 7 6 3 2 1 1 1 1 1 0 0 0
"92" 92 0.0 463 26 11 0 0 0 0 0 0 0 0 0 0 0 0 0 0 0 0 0
"93" 93 0.214285714286 270 183 27 11 5 2 2 0 0 0 0 0 0 0 0 0 0 0 0 0
"94" 94 0.361313868613 111 96 86 77 44 27 17 12 11 11 6 1 1 0 0 0 0 0 0 0
"95" 95 0.0646766169154 407 29 14 10 9 7 7 6 6 4 1 0 0 0 0 0 0 0 0 0
"96" 96 0.0 492 6 1 1 0 0 0 0 0 0 0 0 0 0 0 0 0 0 0 0
"97" 97 0.00995024875622 423 20 15 13 11 8 5 2 1 1 1 0 0 0 0 0 0 0 0 0
"98" 98 0.430769230769 166 73 59 48 44 40 23 20 9 9 7 1 1 0 0 0 0 0 0 0
"99" 99 0.044776119403 335 56 48 13 11 11 10 8 6 2 0 0 0 0 0 0 0 0 0 0
"100" 100 0.00497512437811 287 127 53 16 9 4 2 1 1 0 0 0 0 0 0 0 0 0 0 0
"101" 101 0.107623318386 259 170 38 22 11 0 0 0 0 0 0 0 0 0 0 0 0 0 0 0
"102" 102 0.178832116788 210 80 77 47 22 21 20 11 3 3 2 2 1 1 0 0 0 0 0 0
"103" 103 0.00995024875622 321 112 33 20 5 3 2 2 1 1 0 0 0 0 0 0 0 0 0 0
"104" 104 0.0 466 33 1 0 0 0 0 0 0 0 0 0 0 0 0 0 0 0 0 0
"105" 105 0.0288461538462 499 1 0 0 0 0 0 0 0 0 0 0 0 0 0 0 0 0 0 0
"106" 106 0.0 344 124 12 11 6 2 1 0 0 0 0 0 0 0 0 0 0 0 0 0
"107" 107 0.0 498 2 0 0 0 0 0 0 0 0 0 0 0 0 0 0 0 0 0 0
"108" 108 0.168604651163 174 95 95 73 41 10 4 2 2 2 1 1 0 0 0 0 0 0 0 0
"109" 109 0.213930348259 287 85 66 26 16 6 6 3 2 2 1 0 0 0 0 0 0 0 0 0
"110" 110 0.0 264 192 41 2 1 0 0 0 0 0 0 0 0 0 0 0 0 0 0 0
"111" 111 0.167883211679 322 107 35 13 13 3 2 2 1 1 1 0 0 0 0 0 0 0 0 0
"112" 112 0.22480620155 158 108 96 76 20 19 12 5 3 2 1 0 0 0 0 0 0 0 0 0
"113" 113 0.0380228136882 386 80 8 7 5 4 3 2 2 1 1 1 0 0 0 0 0 0 0 0
"114" 114 0.252873563218 227 172 57 26 14 2 2 0 0 0 0 0 0 0 0 0 0 0 0 0
"115" 115 0.473214285714 167 149 74 26 23 21 21 10 2 2 2 2 1 0 0 0 0 0 0 0
"116" 116 0.178294573643 226 109 71 34 33 8 6 6 4 3 0 0 0 0 0 0 0 0 0 0
"117" 117 0.0298507462687 311 65 37 36 27 7 6 4 3 2 1 1 0 0 0 0 0 0 0 0
"118" 118 0.596899224806 164 127 57 48 31 20 17 14 14 4 3 1 0 0 0 0 0 0 0 0
"119" 119 0.846153846154 500 0 0 0 0 0 0 0 0 0 0 0 0 0 0 0 0 0 0 0
"120" 120 0.255813953488 333 45 40 39 21 11 10 1 0 0 0 0 0 0 0 0 0 0 0 0
"121" 121 0.616033755274 313 111 26 18 12 9 8 2 1 0 0 0 0 0 0 0 0 0 0 0
"122" 122 0.093023255814 267 122 97 13 1 0 0 0 0 0 0 0 0 0 0 0 0 0 0 0
"123" 123 0.260089686099 328 67 53 14 13 10 4 3 3 3 1 1 0 0 0 0 0 0 0 0
"124" 124 0.0203045685279 386 60 21 20 4 3 2 2 1 1 0 0 0 0 0 0 0 0 0 0
"125" 125 0.0646766169154 417 39 26 7 6 3 1 1 0 0 0 0 0 0 0 0 0 0 0 0
"126" 126 0.00518134715026 489 9 1 1 0 0 0 0 0 0 0 0 0 0 0 0 0 0 0 0
"127" 127 0.139534883721 472 24 3 1 0 0 0 0 0 0 0 0 0 0 0 0 0 0 0 0
"128" 128 0.332116788321 162 123 70 68 39 10 9 7 5 4 3 0 0 0 0 0 0 0 0 0
"129" 129 0.535864978903 190 128 72 31 18 16 11 9 9 6 6 4 0 0 0 0 0 0 0 0
"130" 130 0.122093023256 371 36 35 24 13 8 5 2 2 1 1 1 1 0 0 0 0 0 0 0
"131" 131 0.28488372093 141 74 62 61 45 34 31 20 15 6 5 4 1 1 0 0 0 0 0 0
"132" 132 0.761006289308 365 82 26 23 4 0 0 0 0 0 0 0 0 0 0 0 0 0 0 0
"133" 133 0.682692307692 500 0 0 0 0 0 0 0 0 0 0 0 0 0 0 0 0 0 0 0
"134" 134 0.1592039801 272 76 66 29 22 14 9 6 3 2 1 0 0 0 0 0 0 0 0 0
"135" 135 0.204379562044 116 114 94 78 59 12 9 7 3 3 2 2 1 0 0 0 0 0 0 0
"136" 136 0.410852713178 89 85 78 60 44 36 30 26 18 10 7 5 4 4 2 1 1 0 0 0
"137" 137 0.0497512437811 360 58 37 10 10 9 4 3 3 2 1 1 1 1 0 0 0 0 0 0
"138" 138 0.0 184 139 62 54 23 10 9 5 4 4 3 2 1 0 0 0 0 0 0 0
"139" 139 0.042194092827 127 101 80 67 34 32 26 12 8 7 2 2 1 1 0 0 0 0 0 0
"140" 140 0.163498098859 164 143 69 51 16 14 11 10 8 6 4 3 1 0 0 0 0 0 0 0
"141" 141 0.0 500 0 0 0 0 0 0 0 0 0 0 0 0 0 0 0 0 0 0 0
"142" 142 0.0 405 38 33 18 3 2 1 0 0 0 0 0 0 0 0 0 0 0 0 0
"143" 143 0.459854014599 273 84 56 46 20 10 5 2 2 1 1 0 0 0 0 0 0 0 0 0
"144" 144 0.132183908046 129 117 78 58 52 21 16 7 6 5 4 4 1 1 1 0 0 0 0 0
"145" 145 0.0 498 2 0 0 0 0 0 0 0 0 0 0 0 0 0 0 0 0 0 0
"146" 146 0.394230769231 500 0 0 0 0 0 0 0 0 0 0 0 0 0 0 0 0 0 0 0
"147" 147 0.0288461538462 459 37 3 1 0 0 0 0 0 0 0 0 0 0 0 0 0 0 0 0
"148" 148 0.496350364964 298 87 41 34 18 9 4 4 3 1 1 0 0 0 0 0 0 0 0 0
"149" 149 0.261538461538 474 9 8 4 3 1 1 0 0 0 0 0 0 0 0 0 0 0 0 0
"150" 150 0.200956937799 346 150 3 1 0 0 0 0 0 0 0 0 0 0 0 0 0 0 0 0
"151" 151 0.0985401459854 411 41 27 16 3 1 1 0 0 0 0 0 0 0 0 0 0 0 0 0
"152" 152 0.3536121673 115 97 56 50 49 42 26 23 11 10 9 7 4 1 0 0 0 0 0 0
"153" 153 0.0288461538462 346 68 54 32 0 0 0 0 0 0 0 0 0 0 0 0 0 0 0 0
"154" 154 0.572139303483 177 80 59 45 32 27 25 16 14 10 7 6 2 0 0 0 0 0 0 0
"155" 155 0.627615062762 149 113 60 51 40 35 23 10 9 6 4 0 0 0 0 0 0 0 0 0
"156" 156 0.316062176166 433 41 7 6 4 3 3 1 1 1 0 0 0 0 0 0 0 0 0 0
"157" 157 0.173076923077 190 89 52 25 24 21 19 16 16 15 12 7 7 6 1 0 0 0 0 0
"158" 158 0.177664974619 266 148 20 19 10 7 5 5 5 5 3 3 2 1 1 0 0 0 0 0
"159" 159 0.0796019900498 208 103 91 24 21 17 14 13 7 2 0 0 0 0 0 0 0 0 0 0
"160" 160 0.0995024875622 216 167 51 36 23 3 2 1 1 0 0 0 0 0 0 0 0 0 0 0
"161" 161 0.282700421941 364 66 37 20 9 3 1 0 0 0 0 0 0 0 0 0 0 0 0 0
"162" 162 0.308035714286 186 129 76 39 37 13 9 8 2 1 0 0 0 0 0 0 0 0 0 0
"163" 163 0.630769230769 250 90 89 31 26 8 3 2 1 0 0 0 0 0 0 0 0 0 0 0
"164" 164 0.435406698565 237 192 29 20 17 5 0 0 0 0 0 0 0 0 0 0 0 0 0 0
"165" 165 0.0747126436782 185 108 90 81 14 8 6 3 3 1 1 0 0 0 0 0 0 0 0 0
"166" 166 0.63503649635 147 146 117 45 28 10 2 2 2 1 0 0 0 0 0 0 0 0 0 0
"167" 167 0.627906976744 180 94 57 52 36 34 31 11 3 1 1 0 0 0 0 0 0 0 0 0
"168" 168 0.093023255814 416 33 20 18 5 2 2 2 1 1 0 0 0 0 0 0 0 0 0 0
"169" 169 0.673076923077 500 0 0 0 0 0 0 0 0 0 0 0 0 0 0 0 0 0 0 0
"170" 170 0.182692307692 496 4 0 0 0 0 0 0 0 0 0 0 0 0 0 0 0 0 0 0
"171" 171 0.00574712643678 348 131 20 1 0 0 0 0 0 0 0 0 0 0 0 0 0 0 0 0
"172" 172 0.0384615384615 211 122 85 46 15 13 4 1 1 1 1 0 0 0 0 0 0 0 0 0
"173" 173 0.34375 138 125 82 33 33 30 26 13 9 5 3 3 0 0 0 0 0 0 0 0
"174" 174 0.031007751938 374 113 7 5 1 0 0 0 0 0 0 0 0 0 0 0 0 0 0 0
"175" 175 0.0 280 190 13 9 7 1 0 0 0 0 0 0 0 0 0 0 0 0 0 0
"176" 176 0.481751824818 183 127 83 31 25 17 15 13 5 1 0 0 0 0 0 0 0 0 0 0
"177" 177 0.386861313869 100 94 81 76 50 38 21 17 10 7 4 1 1 0 0 0 0 0 0 0
"178" 178 0.124031007752 212 110 55 30 27 24 14 9 8 3 3 2 1 1 1 0 0 0 0 0
"179" 179 0.409282700422 195 166 55 47 16 6 5 5 5 0 0 0 0 0 0 0 0 0 0 0
"180" 180 0.627906976744 215 77 66 53 45 22 14 4 2 1 1 0 0 0 0 0 0 0 0 0
"181" 181 0.722627737226 271 118 46 39 11 7 5 3 0 0 0 0 0 0 0 0 0 0 0 0
"182" 182 0.22480620155 305 151 38 5 1 0 0 0 0 0 0 0 0 0 0 0 0 0 0 0
"183" 183 0.314465408805 378 36 25 21 16 15 5 2 1 1 0 0 0 0 0 0 0 0 0 0
"184" 184 0.885167464115 358 67 31 21 9 6 5 2 1 0 0 0 0 0 0 0 0 0 0 0
"185" 185 0.631178707224 317 63 32 30 19 13 12 7 5 2 0 0 0 0 0 0 0 0 0 0
"186" 186 0.199004975124 461 20 7 3 3 3 2 1 0 0 0 0 0 0 0 0 0 0 0 0
"187" 187 0.569620253165 272 89 39 36 16 15 11 7 5 5 4 1 0 0 0 0 0 0 0 0
"188" 188 0.0172413793103 407 53 19 12 9 0 0 0 0 0 0 0 0 0 0 0 0 0 0 0
"189" 189 0.0223214285714 261 127 81 14 6 6 2 1 1 1 0 0 0 0 0 0 0 0 0 0
"190" 190 0.0 247 122 109 11 11 0 0 0 0 0 0 0 0 0 0 0 0 0 0 0
"191" 191 0.0892857142857 292 142 25 16 8 5 5 3 2 1 1 0 0 0 0 0 0 0 0 0
"192" 192 0.0 469 30 1 0 0 0 0 0 0 0 0 0 0 0 0 0 0 0 0 0
"193" 193 0.434306569343 413 52 8 6 6 4 4 3 2 1 1 0 0 0 0 0 0 0 0 0
"194" 194 0.192052980132 480 8 6 4 2 0 0 0 0 0 0 0 0 0 0 0 0 0 0 0
"195" 195 0.164179104478 405 50 18 13 4 3 2 2 1 1 1 0 0 0 0 0 0 0 0 0
"196" 196 0.584821428571 300 180 9 6 3 2 0 0 0 0 0 0 0 0 0 0 0 0 0 0
"197" 197 0.138392857143 411 67 9 6 4 2 1 0 0 0 0 0 0 0 0 0 0 0 0 0
"198" 198 0.0 333 88 29 18 16 8 4 1 1 1 1 0 0 0 0 0 0 0 0 0
"199" 199 0.361607142857 216 95 69 54 37 13 8 5 3 0 0 0 0 0 0 0 0 0 0 0
"200" 200 0.375 393 78 12 10 7 0 0 0 0 0 0 0 0 0 0 0 0 0 0 0
"201" 201 0.0 488 12 0 0 0 0 0 0 0 0 0 0 0 0 0 0 0 0 0 0
"202" 202 0.139303482587 388 35 21 15 12 10 7 3 3 2 1 1 1 1 0 0 0 0 0 0
"203" 203 0.705357142857 146 139 93 79 16 8 7 7 3 1 1 0 0 0 0 0 0 0 0 0
"204" 204 0.124031007752 482 10 8 0 0 0 0 0 0 0 0 0 0 0 0 0 0 0 0 0
"205" 205 0.269230769231 500 0 0 0 0 0 0 0 0 0 0 0 0 0 0 0 0 0 0 0
"206" 206 0.0387596899225 463 37 0 0 0 0 0 0 0 0 0 0 0 0 0 0 0 0 0 0
"207" 207 0.269430051813 301 181 9 4 3 2 0 0 0 0 0 0 0 0 0 0 0 0 0 0
"208" 208 0.164179104478 376 49 44 9 7 6 3 2 2 2 0 0 0 0 0 0 0 0 0 0
"209" 209 0.0 465 24 11 0 0 0 0 0 0 0 0 0 0 0 0 0 0 0 0 0
"210" 210 0.0149253731343 237 136 33 19 16 13 10 8 7 6 5 3 2 2 2 1 0 0 0 0
"211" 211 0.00995024875622 369 50 32 14 13 8 4 3 3 2 1 1 0 0 0 0 0 0 0 0
"212" 212 0.145077720207 218 170 39 24 23 12 6 5 2 1 0 0 0 0 0 0 0 0 0 0
"213" 213 0.389743589744 231 200 48 8 7 5 1 0 0 0 0 0 0 0 0 0 0 0 0 0
"214" 214 0.092050209205 159 129 113 37 22 15 13 4 4 2 1 1 0 0 0 0 0 0 0 0
"215" 215 0.522012578616 349 95 22 8 6 6 5 5 3 1 0 0 0 0 0 0 0 0 0 0
"216" 216 0.273631840796 224 51 49 44 29 23 23 16 15 11 6 5 2 1 1 0 0 0 0 0
"217" 217 0.589285714286 284 98 37 33 16 12 8 5 5 1 1 0 0 0 0 0 0 0 0 0
"218" 218 0.170542635659 272 61 54 50 45 14 1 1 1 1 0 0 0 0 0 0 0 0 0 0
"219" 219 0.0497512437811 175 125 98 35 16 12 12 10 7 5 3 1 1 0 0 0 0 0 0 0
"220" 220 0.510948905109 236 133 63 33 20 8 4 2 1 0 0 0 0 0 0 0 0 0 0 0
"221" 221 0.227678571429 238 135 45 41 17 10 7 5 2 0 0 0 0 0 0 0 0 0 0 0
"222" 222 0.0 393 39 27 10 8 6 4 4 3 2 2 1 1 0 0 0 0 0 0 0
"223" 223 0.183908045977 376 88 12 7 6 2 2 2 2 1 1 1 0 0 0 0 0 0 0 0
"224" 224 0.598540145985 160 75 70 65 40 34 19 10 9 9 5 3 1 0 0 0 0 0 0 0
"225" 225 0.321167883212 121 116 76 45 42 25 23 23 15 5 5 3 1 0 0 0 0 0 0 0
"226" 226 0.00574712643678 257 126 29 23 15 14 11 11 4 3 3 1 1 1 1 0 0 0 0 0
"227" 227 0.557692307692 346 130 15 7 1 1 0 0 0 0 0 0 0 0 0 0 0 0 0 0
"228" 228 0.653846153846 478 19 2 1 0 0 0 0 0 0 0 0 0 0 0 0 0 0 0 0
"229" 229 0.580291970803 163 162 43 32 25 22 21 16 8 3 2 2 1 0 0 0 0 0 0 0
"230" 230 0.132183908046 319 164 10 4 2 1 0 0 0 0 0 0 0 0 0 0 0 0 0 0
"231" 231 0.295597484277 300 103 76 12 4 2 2 1 0 0 0 0 0 0 0 0 0 0 0 0
"232" 232 0.0199004975124 440 34 9 7 3 2 2 2 1 0 0 0 0 0 0 0 0 0 0 0
"233" 233 0.03125 143 112 87 86 37 11 8 6 4 2 2 1 1 0 0 0 0 0 0 0
"234" 234 0.0077519379845 248 140 29 23 21 18 12 8 1 0 0 0 0 0 0 0 0 0 0 0
"235" 235 0.152317880795 288 201 4 4 2 1 0 0 0 0 0 0 0 0 0 0 0 0 0 0
"236" 236 0.163461538462 500 0 0 0 0 0 0 0 0 0 0 0 0 0 0 0 0 0 0 0
"237" 237 0.605128205128 329 105 64 2 0 0 0 0 0 0 0 0 0 0 0 0 0 0 0 0
"238" 238 0.133027522936 199 147 44 36 33 32 3 2 2 1 1 0 0 0 0 0 0 0 0 0
"239" 239 0.348837209302 476 12 3 3 3 2 1 0 0 0 0 0 0 0 0 0 0 0 0 0
"240" 240 0.373134328358 192 126 104 23 18 13 9 5 4 2 1 1 1 1 0 0 0 0 0 0
"241" 241 0.71875 222 215 31 8 8 6 4 3 1 1 1 0 0 0 0 0 0 0 0 0
"242" 242 0.507299270073 263 198 15 14 5 2 2 1 0 0 0 0 0 0 0 0 0 0 0 0
"243" 243 0.0 398 99 2 1 0 0 0 0 0 0 0 0 0 0 0 0 0 0 0 0
"244" 244 0.413502109705 189 100 82 59 47 4 4 4 4 4 2 1 0 0 0 0 0 0 0 0
"245" 245 0.170542635659 206 174 38 30 23 14 10 3 1 1 0 0 0 0 0 0 0 0 0 0
"246" 246 0.0077519379845 382 90 14 4 3 2 2 1 1 1 0 0 0 0 0 0 0 0 0 0
"247" 247 0.0387596899225 416 70 14 0 0 0 0 0 0 0 0 0 0 0 0 0 0 0 0 0
"248" 248 0.589285714286 243 82 58 54 31 12 11 5 2 1 1 0 0 0 0 0 0 0 0 0
"249" 249 0.162790697674 367 75 19 17 10 6 2 1 1 1 1 0 0 0 0 0 0 0 0 0
"250" 250 0.221153846154 500 0 0 0 0 0 0 0 0 0 0 0 0 0 0 0 0 0 0 0
"251" 251 0.00574712643678 213 116 101 27 16 11 11 3 2 0 0 0 0 0 0 0 0 0 0 0
"252" 252 0.19170984456 490 2 2 2 1 1 1 1 0 0 0 0 0 0 0 0 0 0 0 0
"253" 253 0.285171102662 417 54 16 11 2 0 0 0 0 0 0 0 0 0 0 0 0 0 0 0
"254" 254 0.0 249 134 87 30 0 0 0 0 0 0 0 0 0 0 0 0 0 0 0 0
"255" 255 0.0198675496689 313 91 56 14 12 11 3 0 0 0 0 0 0 0 0 0 0 0 0 0
"256" 256 0.0 375 102 8 8 7 0 0 0 0 0 0 0 0 0 0 0 0 0 0 0
"257" 257 0.134615384615 211 109 70 29 27 22 17 6 3 2 1 1 1 1 0 0 0 0 0 0
"258" 258 0.147286821705 248 59 51 33 18 17 16 15 13 12 12 3 2 1 0 0 0 0 0 0
"259" 259 0.0 350 71 30 30 8 5 3 2 1 0 0 0 0 0 0 0 0 0 0 0
"260" 260 0.0290697674419 477 20 3 0 0 0 0 0 0 0 0 0 0 0 0 0 0 0 0 0
"261" 261 0.641148325359 207 176 38 26 18 17 11 5 1 1 0 0 0 0 0 0 0 0 0 0
"262" 262 0.523178807947 274 82 52 34 26 18 8 3 2 1 0 0 0 0 0 0 0 0 0 0
"263" 263 0.0697674418605 478 8 7 3 3 1 0 0 0 0 0 0 0 0 0 0 0 0 0 0
"264" 264 0.527426160338 209 87 55 44 33 22 14 13 12 4 4 2 1 0 0 0 0 0 0 0
"265" 265 0.387596899225 122 119 112 59 35 15 13 6 6 6 4 2 1 0 0 0 0 0 0 0
"266" 266 0.00497512437811 304 91 45 27 13 10 5 5 0 0 0 0 0 0 0 0 0 0 0 0
"267" 267 0.414507772021 300 102 61 20 7 6 2 1 1 0 0 0 0 0 0 0 0 0 0 0
"268" 268 0.0199004975124 123 101 100 70 35 21 14 13 10 8 5 0 0 0 0 0 0 0 0 0
"269" 269 0.17880794702 245 226 14 5 4 3 2 1 0 0 0 0 0 0 0 0 0 0 0 0
"270" 270 0.0746268656716 274 67 42 34 32 19 16 5 3 3 2 2 1 0 0 0 0 0 0 0
"271" 271 0.557213930348 173 107 93 62 25 10 9 8 6 4 2 1 0 0 0 0 0 0 0 0
"272" 272 0.258620689655 159 132 74 47 44 13 10 8 4 3 3 2 1 0 0 0 0 0 0 0
"273" 273 0.350574712644 114 75 74 72 64 41 28 24 4 2 1 1 0 0 0 0 0 0 0 0
"274" 274 0.824817518248 234 159 102 3 2 0 0 0 0 0 0 0 0 0 0 0 0 0 0 0
"275" 275 1.0 177 100 95 48 30 27 7 7 3 3 3 0 0 0 0 0 0 0 0 0
