"site" "RSA" "aa1" "aa2" "aa3" "aa4" "aa5" "aa6" "aa7" "aa8" "aa9" "aa10" "aa11" "aa12" "aa13" "aa14" "aa15" "aa16" "aa17" "aa18" "aa19" "aa20"
"0" 0 0.802325581395 186 89 61 48 45 40 15 14 2 0 0 0 0 0 0 0 0 0 0 0
"1" 1 0.482587064677 227 52 35 33 31 30 23 15 11 11 8 7 5 4 4 3 1 0 0 0
"2" 2 0.233830845771 175 132 54 28 25 23 19 14 10 8 4 2 2 2 1 1 0 0 0 0
"3" 3 0.456953642384 168 82 59 45 35 33 23 21 12 12 5 2 2 1 0 0 0 0 0 0
"4" 4 0.483443708609 181 122 43 36 22 20 18 12 12 10 8 6 6 4 0 0 0 0 0 0
"5" 5 0.100418410042 284 112 61 12 8 5 3 3 3 3 2 2 1 1 0 0 0 0 0 0
"6" 6 0.134615384615 500 0 0 0 0 0 0 0 0 0 0 0 0 0 0 0 0 0 0 0
"7" 7 0.383720930233 330 70 50 27 8 6 5 1 1 1 1 0 0 0 0 0 0 0 0 0
"8" 8 0.339622641509 177 83 73 55 41 39 14 12 3 2 1 0 0 0 0 0 0 0 0 0
"9" 9 0.326359832636 126 110 64 62 30 23 20 15 12 8 7 6 6 4 4 2 1 0 0 0
"10" 10 0.446428571429 289 102 31 29 21 16 6 2 1 1 1 1 0 0 0 0 0 0 0 0
"11" 11 0.0729927007299 406 39 28 15 3 3 3 2 1 0 0 0 0 0 0 0 0 0 0 0
"12" 12 0.0 190 100 40 24 22 20 18 17 17 17 13 11 8 2 1 0 0 0 0 0
"13" 13 0.397321428571 185 84 74 67 33 13 12 10 10 7 2 1 1 1 0 0 0 0 0 0
"14" 14 0.389743589744 210 85 76 45 27 13 10 10 8 6 4 4 1 1 0 0 0 0 0 0
"15" 15 0.0 307 165 15 5 4 4 0 0 0 0 0 0 0 0 0 0 0 0 0 0
"16" 16 0.0149253731343 290 52 36 34 18 14 13 12 7 6 5 5 4 2 1 1 0 0 0 0
"17" 17 0.209302325581 180 98 77 44 24 23 21 11 5 5 4 3 2 2 1 0 0 0 0 0
"18" 18 0.0 380 62 17 11 7 6 6 3 3 2 2 1 0 0 0 0 0 0 0 0
"19" 19 0.0 386 18 15 14 12 10 9 9 7 6 4 4 3 2 1 0 0 0 0 0
"20" 20 0.478102189781 198 100 74 42 32 26 9 6 3 2 2 1 1 1 1 1 1 0 0 0
"21" 21 0.540178571429 146 69 62 59 53 48 25 20 6 4 4 2 1 1 0 0 0 0 0 0
"22" 22 0.173076923077 496 2 1 1 0 0 0 0 0 0 0 0 0 0 0 0 0 0 0 0
"23" 23 0.295620437956 162 156 54 42 38 16 10 8 7 2 2 1 1 1 0 0 0 0 0 0
"24" 24 0.0192307692308 273 98 52 13 13 11 11 9 8 4 3 2 2 1 0 0 0 0 0 0
"25" 25 0.0 262 130 91 8 4 2 1 1 1 0 0 0 0 0 0 0 0 0 0 0
"26" 26 0.0 107 79 74 55 53 49 47 13 9 6 5 1 1 1 0 0 0 0 0 0
"27" 27 0.00574712643678 258 86 66 32 20 19 10 2 2 2 2 1 0 0 0 0 0 0 0 0
"28" 28 0.0497512437811 190 169 28 23 15 13 12 10 7 6 5 4 3 3 3 3 3 3 0 0
"29" 29 0.512953367876 195 109 88 25 16 13 12 11 8 7 7 5 2 1 1 0 0 0 0 0
"30" 30 0.487179487179 126 65 64 48 46 31 26 22 17 16 11 8 7 5 4 2 2 0 0 0
"31" 31 0.294642857143 124 84 52 48 46 45 19 16 14 13 12 10 8 5 3 1 0 0 0 0
"32" 32 0.00961538461538 209 135 77 53 12 4 3 2 2 1 1 1 0 0 0 0 0 0 0 0
"33" 33 0.0155440414508 128 127 81 45 26 23 22 21 8 7 6 4 2 0 0 0 0 0 0 0
"34" 34 0.0 90 66 59 50 43 33 32 29 20 19 17 12 10 9 4 4 3 0 0 0
"35" 35 0.0 250 108 54 43 20 16 3 2 2 1 1 0 0 0 0 0 0 0 0 0
"36" 36 0.0167364016736 207 76 75 47 40 24 13 8 4 2 2 1 1 0 0 0 0 0 0 0
"37" 37 0.0 284 67 44 43 31 20 3 2 2 2 1 1 0 0 0 0 0 0 0 0
"38" 38 0.0 367 98 26 5 2 2 0 0 0 0 0 0 0 0 0 0 0 0 0 0
"39" 39 0.357142857143 98 95 82 74 61 19 17 14 13 9 9 4 2 2 1 0 0 0 0 0
"40" 40 0.261627906977 142 77 72 65 59 58 7 6 5 4 3 1 1 0 0 0 0 0 0 0
"41" 41 0.0 191 111 69 33 31 17 14 10 5 5 5 4 3 1 1 0 0 0 0 0
"42" 42 0.273255813953 300 132 48 7 5 2 1 1 1 1 1 1 0 0 0 0 0 0 0 0
"43" 43 0.281609195402 117 108 70 46 41 36 36 12 9 7 7 5 3 1 1 1 0 0 0 0
"44" 44 0.638392857143 137 134 86 59 25 16 13 9 8 6 3 2 2 0 0 0 0 0 0 0
"45" 45 0.161434977578 139 71 60 48 42 34 27 24 15 12 9 8 7 2 1 1 0 0 0 0
"46" 46 0.0045871559633 144 80 62 45 29 27 23 22 20 14 11 10 10 2 1 0 0 0 0 0
"47" 47 0.271317829457 145 71 70 62 52 46 15 9 8 6 5 4 4 1 1 1 0 0 0 0
"48" 48 0.0696517412935 127 115 62 57 54 20 17 13 12 6 4 4 3 2 2 2 0 0 0 0
"49" 49 0.00581395348837 149 89 46 43 35 27 24 22 17 13 11 8 7 4 2 2 1 0 0 0
"50" 50 0.263959390863 193 56 42 33 28 27 27 19 17 17 13 8 7 6 4 2 1 0 0 0
"51" 51 0.532846715328 142 80 67 66 55 37 17 15 4 4 4 3 3 1 1 1 0 0 0 0
"52" 52 0.22966507177 189 64 62 56 56 19 16 15 10 7 2 2 1 1 0 0 0 0 0 0
"53" 53 0.0769230769231 499 1 0 0 0 0 0 0 0 0 0 0 0 0 0 0 0 0 0 0
"54" 54 0.278145695364 283 79 43 27 26 21 11 3 2 1 1 1 1 1 0 0 0 0 0 0
"55" 55 0.163461538462 497 1 1 1 0 0 0 0 0 0 0 0 0 0 0 0 0 0 0 0
"56" 56 0.401015228426 256 64 37 31 27 17 16 13 11 9 7 6 4 2 0 0 0 0 0 0
"57" 57 0.0229885057471 265 68 43 39 25 14 13 12 12 3 2 1 1 1 1 0 0 0 0 0
"58" 58 0.0253164556962 107 73 70 49 43 42 36 29 28 5 5 3 3 2 2 1 1 1 0 0
"59" 59 0.00995024875622 204 103 102 28 15 14 13 12 3 2 2 2 0 0 0 0 0 0 0 0
"60" 60 0.0 176 174 61 25 21 20 15 5 1 1 1 0 0 0 0 0 0 0 0 0
"61" 61 0.010152284264 252 102 35 31 30 17 9 9 5 4 2 2 1 1 0 0 0 0 0 0
"62" 62 0.186046511628 271 144 28 21 9 8 6 5 4 2 2 0 0 0 0 0 0 0 0 0
"63" 63 0.303571428571 173 99 45 39 38 23 22 16 9 9 8 5 4 4 3 1 1 1 0 0
"64" 64 0.59067357513 156 156 60 39 24 16 15 13 7 6 5 2 1 0 0 0 0 0 0 0
"65" 65 0.14598540146 97 86 69 55 47 28 27 19 15 14 14 8 6 5 4 4 2 0 0 0
"66" 66 0.149635036496 294 98 36 19 15 15 7 4 3 3 3 1 1 1 0 0 0 0 0 0
"67" 67 0.476793248945 141 120 79 71 32 26 15 6 4 3 2 1 0 0 0 0 0 0 0 0
"68" 68 0.349775784753 163 101 34 31 30 26 21 20 19 16 12 9 6 5 4 2 1 0 0 0
"69" 69 0.00497512437811 335 61 19 17 11 9 8 8 7 7 5 4 3 3 2 1 0 0 0 0
"70" 70 0.569948186528 348 56 31 19 15 9 8 6 6 2 0 0 0 0 0 0 0 0 0 0
"71" 71 0.00497512437811 188 178 35 34 19 11 9 6 6 5 4 2 2 1 0 0 0 0 0 0
"72" 72 0.421383647799 273 141 39 27 7 5 4 3 1 0 0 0 0 0 0 0 0 0 0 0
"73" 73 0.229357798165 192 113 37 32 30 28 25 13 9 8 5 3 2 2 1 0 0 0 0 0
"74" 74 0.435779816514 191 75 73 38 36 27 15 12 8 7 4 3 3 2 2 2 1 1 0 0
"75" 75 0.655172413793 140 101 91 84 23 22 12 11 7 4 3 1 1 0 0 0 0 0 0 0
"76" 76 1.10714285714 383 102 11 3 1 0 0 0 0 0 0 0 0 0 0 0 0 0 0 0
"77" 77 0.471153846154 236 126 37 16 16 15 12 9 9 8 7 5 2 2 0 0 0 0 0 0
"78" 78 0.397489539749 136 103 86 60 30 23 14 10 8 8 5 5 4 4 3 1 0 0 0 0
"79" 79 0.0 291 83 53 37 10 7 7 3 3 3 2 1 0 0 0 0 0 0 0 0
"80" 80 0.224137931034 222 65 47 31 27 21 21 17 12 12 10 9 3 2 1 0 0 0 0 0
"81" 81 0.093023255814 234 118 85 33 12 5 3 3 2 2 1 1 1 0 0 0 0 0 0 0
"82" 82 0.0 206 69 58 45 41 37 12 9 8 7 3 2 1 1 1 0 0 0 0 0
"83" 83 0.09375 146 95 93 38 36 20 20 15 11 9 8 6 2 1 0 0 0 0 0 0
"84" 84 0.0232558139535 290 142 38 13 5 4 4 1 1 1 1 0 0 0 0 0 0 0 0 0
"85" 85 0.217054263566 215 121 71 27 9 8 8 7 6 6 5 5 4 3 2 2 1 0 0 0
"86" 86 0.732142857143 150 113 79 63 22 19 17 14 11 6 2 2 1 1 0 0 0 0 0 0
"87" 87 0.625 499 1 0 0 0 0 0 0 0 0 0 0 0 0 0 0 0 0 0 0
"88" 88 0.201149425287 239 86 49 29 23 18 15 12 8 7 4 3 2 2 1 1 1 0 0 0
"89" 89 0.691860465116 331 39 23 20 18 16 14 13 8 6 5 3 3 1 0 0 0 0 0 0
"90" 90 0.552325581395 124 105 104 36 35 30 23 23 9 6 2 1 1 1 0 0 0 0 0 0
"91" 91 0.0 486 9 3 1 1 0 0 0 0 0 0 0 0 0 0 0 0 0 0 0
"92" 92 0.316091954023 164 71 46 44 42 35 31 28 16 8 7 5 3 0 0 0 0 0 0 0
"93" 93 0.370860927152 240 145 28 27 21 16 6 5 5 3 2 1 1 0 0 0 0 0 0 0
"94" 94 0.147286821705 301 78 58 17 11 11 4 3 3 3 3 2 2 2 1 1 0 0 0 0
"95" 95 0.325581395349 212 164 36 23 22 17 13 6 2 2 1 1 1 0 0 0 0 0 0 0
"96" 96 0.0725388601036 342 93 29 12 6 5 4 3 2 1 1 1 1 0 0 0 0 0 0 0
"97" 97 0.0875912408759 132 85 59 51 43 42 28 27 8 6 5 4 4 3 2 1 0 0 0 0
"98" 98 0.00507614213198 120 91 67 54 35 27 27 21 18 16 9 5 4 3 2 1 0 0 0 0
"99" 99 0.255813953488 124 84 72 42 30 29 26 24 19 19 8 7 6 4 3 3 0 0 0 0
"100" 100 0.0 393 72 19 10 3 2 1 0 0 0 0 0 0 0 0 0 0 0 0 0
"101" 101 0.0114942528736 134 83 67 47 36 35 32 25 11 10 8 4 4 2 2 0 0 0 0 0
"102" 102 0.408759124088 102 81 53 52 50 30 29 26 23 14 12 10 5 4 4 3 2 0 0 0
"103" 103 0.201550387597 110 97 61 47 43 30 27 24 19 10 10 8 5 5 2 1 1 0 0 0
"104" 104 0.0077519379845 225 131 67 15 10 9 8 7 6 6 5 5 4 2 0 0 0 0 0 0
"105" 105 0.0507614213198 133 116 93 71 43 11 9 7 5 5 4 1 1 1 0 0 0 0 0 0
"106" 106 0.279069767442 96 94 92 73 56 47 12 11 8 4 2 2 1 1 1 0 0 0 0 0
"107" 107 0.715025906736 333 107 17 13 11 9 5 2 1 1 1 0 0 0 0 0 0 0 0 0
"108" 108 0.567307692308 480 20 0 0 0 0 0 0 0 0 0 0 0 0 0 0 0 0 0 0
"109" 109 0.031007751938 247 183 24 21 8 7 3 2 2 2 1 0 0 0 0 0 0 0 0 0
"110" 110 0.544303797468 201 69 61 53 42 29 17 12 5 3 3 2 2 1 0 0 0 0 0 0
"111" 111 0.314465408805 104 95 79 51 36 27 22 20 12 11 11 10 9 6 5 1 1 0 0 0
"112" 112 0.602649006623 346 61 36 34 11 7 2 2 1 0 0 0 0 0 0 0 0 0 0 0
"113" 113 0.326424870466 301 73 38 27 17 13 7 5 4 4 3 3 2 1 1 1 0 0 0 0
"114" 114 0.0149253731343 373 58 24 13 7 6 4 3 3 3 2 1 1 1 1 0 0 0 0 0
"115" 115 0.466666666667 109 108 55 45 38 26 23 23 16 15 10 10 6 5 5 4 2 0 0 0
"116" 116 0.306569343066 262 65 47 29 27 22 16 9 9 4 3 3 2 1 1 0 0 0 0 0
"117" 117 0.685534591195 456 16 6 5 4 4 2 2 2 2 1 0 0 0 0 0 0 0 0 0
"118" 118 0.115384615385 500 0 0 0 0 0 0 0 0 0 0 0 0 0 0 0 0 0 0 0
"119" 119 0.354066985646 190 123 46 27 26 24 21 12 10 9 6 3 3 0 0 0 0 0 0 0
"120" 120 0.0172413793103 184 175 62 28 12 12 11 8 5 3 0 0 0 0 0 0 0 0 0 0
"121" 121 0.192468619247 192 95 44 41 33 29 21 20 14 5 3 2 1 0 0 0 0 0 0 0
"122" 122 0.0062893081761 130 129 81 47 22 19 18 18 16 5 4 4 2 1 1 1 1 1 0 0
"123" 123 0.0597014925373 189 92 44 40 30 29 20 16 14 9 6 5 3 2 1 0 0 0 0 0
"124" 124 0.167883211679 123 119 84 53 26 23 20 17 17 7 6 3 1 1 0 0 0 0 0 0
"125" 125 0.0697674418605 413 33 32 9 4 4 2 1 1 1 0 0 0 0 0 0 0 0 0 0
"126" 126 0.385650224215 130 107 70 50 24 21 19 17 16 14 10 7 6 3 2 2 1 1 0 0
"127" 127 0.666666666667 129 118 52 34 32 31 31 26 19 8 5 5 3 3 2 2 0 0 0 0
"128" 128 0.413461538462 500 0 0 0 0 0 0 0 0 0 0 0 0 0 0 0 0 0 0 0
"129" 129 0.0480769230769 499 1 0 0 0 0 0 0 0 0 0 0 0 0 0 0 0 0 0 0
"130" 130 0.0344827586207 164 110 54 39 24 21 16 16 16 14 11 7 4 2 1 1 0 0 0 0
"131" 131 0.412935323383 203 71 36 35 31 26 26 25 13 8 8 7 4 3 3 1 0 0 0 0
"132" 132 0.46511627907 125 87 56 54 41 38 26 26 15 14 6 5 4 2 1 0 0 0 0 0
"133" 133 0.412408759124 280 84 25 23 15 15 13 12 11 8 6 4 3 1 0 0 0 0 0 0
"134" 134 0.394230769231 136 63 61 48 35 35 34 33 28 10 4 4 3 2 2 2 0 0 0 0
"135" 135 0.105769230769 311 74 57 39 6 5 3 2 1 1 1 0 0 0 0 0 0 0 0 0
"136" 136 0.0956937799043 178 153 40 40 24 13 13 13 10 6 5 4 1 0 0 0 0 0 0 0
"137" 137 0.0755813953488 243 159 46 20 16 10 2 2 1 1 0 0 0 0 0 0 0 0 0 0
"138" 138 0.0133928571429 265 104 61 28 19 14 6 1 1 1 0 0 0 0 0 0 0 0 0 0
"139" 139 0.0 289 143 30 19 8 4 4 1 1 1 0 0 0 0 0 0 0 0 0 0
"140" 140 0.0 220 171 62 20 15 7 3 1 1 0 0 0 0 0 0 0 0 0 0 0
"141" 141 0.0710659898477 190 82 67 59 33 17 16 13 7 7 5 3 1 0 0 0 0 0 0 0
"142" 142 0.0725388601036 231 95 40 24 17 17 13 13 13 8 7 6 5 5 3 2 1 0 0 0
"143" 143 0.00497512437811 180 84 65 45 35 27 20 17 9 9 6 2 1 0 0 0 0 0 0 0
"144" 144 0.0 343 114 17 9 6 5 3 2 1 0 0 0 0 0 0 0 0 0 0 0
"145" 145 0.436046511628 122 118 70 60 52 33 18 8 6 6 2 1 1 1 1 1 0 0 0 0
"146" 146 0.323383084577 117 82 65 47 45 35 32 20 13 12 10 8 8 6 0 0 0 0 0 0
"147" 147 0.0542635658915 432 38 10 7 5 4 2 1 1 0 0 0 0 0 0 0 0 0 0 0
"148" 148 0.644230769231 500 0 0 0 0 0 0 0 0 0 0 0 0 0 0 0 0 0 0 0
"149" 149 0.163179916318 245 109 30 25 20 14 14 12 8 6 6 3 3 2 2 1 0 0 0 0
"150" 150 0.253164556962 275 94 28 24 15 14 12 7 7 7 4 3 3 2 2 2 1 0 0 0
"151" 151 0.333333333333 105 94 91 59 56 48 34 4 3 3 1 1 1 0 0 0 0 0 0 0
"152" 152 0.0542635658915 392 63 13 7 6 4 3 3 2 2 1 1 1 1 1 0 0 0 0 0
"153" 153 0.0 261 195 35 6 3 0 0 0 0 0 0 0 0 0 0 0 0 0 0 0
"154" 154 0.00574712643678 176 75 67 59 52 22 17 12 8 4 3 3 1 1 0 0 0 0 0 0
"155" 155 0.0298507462687 295 44 26 25 21 19 16 13 9 8 6 5 5 4 2 2 0 0 0 0
"156" 156 0.0 166 126 96 47 25 20 8 5 3 2 2 0 0 0 0 0 0 0 0 0
"157" 157 0.183035714286 94 84 76 49 47 32 32 23 22 9 8 8 4 4 3 3 1 1 0 0
"158" 158 0.0398009950249 211 67 44 34 30 25 21 20 20 11 10 3 3 1 0 0 0 0 0 0
"159" 159 0.156976744186 117 72 56 55 43 27 23 22 19 18 16 12 8 6 4 1 1 0 0 0
"160" 160 0.179487179487 135 99 96 24 24 23 22 21 14 10 8 8 7 3 2 2 1 1 0 0
"161" 161 0.80310880829 129 88 66 51 47 31 25 19 16 16 8 2 1 1 0 0 0 0 0 0
"162" 162 0.611398963731 111 84 78 64 54 44 29 16 7 6 4 1 1 1 0 0 0 0 0 0
"163" 163 0.519230769231 496 4 0 0 0 0 0 0 0 0 0 0 0 0 0 0 0 0 0 0
"164" 164 0.267441860465 111 85 76 66 38 35 28 25 14 8 6 3 2 1 1 1 0 0 0 0
"165" 165 0.344036697248 82 60 53 52 46 35 33 29 23 15 13 11 11 11 9 7 7 3 0 0
"166" 166 0.0077519379845 259 113 27 24 19 14 10 9 5 5 5 3 3 2 1 1 0 0 0 0
"167" 167 0.452554744526 143 75 72 70 40 22 20 17 13 13 8 3 2 1 1 0 0 0 0 0
"168" 168 0.271317829457 108 80 76 72 34 32 27 25 20 10 6 4 3 2 1 0 0 0 0 0
"169" 169 0.477987421384 231 81 73 25 24 20 19 10 7 4 3 2 1 0 0 0 0 0 0 0
"170" 170 0.254464285714 185 129 50 38 24 16 15 7 6 6 5 5 4 3 3 2 1 1 0 0
"171" 171 0.0 190 173 130 4 2 1 0 0 0 0 0 0 0 0 0 0 0 0 0 0
"172" 172 0.0507614213198 143 132 74 25 24 23 16 15 13 10 9 5 5 4 2 0 0 0 0 0
"173" 173 0.526785714286 129 116 85 33 31 29 24 20 14 11 2 1 1 1 1 1 1 0 0 0
"174" 174 0.0753138075314 84 73 70 64 37 37 31 21 16 15 11 9 8 8 6 5 4 1 0 0
"175" 175 0.0 428 62 5 5 0 0 0 0 0 0 0 0 0 0 0 0 0 0 0 0
"176" 176 0.471794871795 153 68 47 44 44 29 26 19 17 16 8 7 6 5 5 4 2 0 0 0
"177" 177 0.548523206751 183 84 80 38 36 24 21 12 6 5 4 3 2 1 1 0 0 0 0 0
"178" 178 0.296650717703 119 84 81 78 30 24 20 13 12 10 10 9 4 4 1 1 0 0 0 0
"179" 179 0.569230769231 374 72 44 5 3 2 0 0 0 0 0 0 0 0 0 0 0 0 0 0
"180" 180 0.0366972477064 99 81 62 49 44 32 30 24 16 13 12 11 9 7 6 4 1 0 0 0
"181" 181 0.062015503876 248 160 71 10 5 2 1 1 1 1 0 0 0 0 0 0 0 0 0 0
"182" 182 0.00497512437811 172 100 85 51 21 14 12 11 8 8 6 6 5 1 0 0 0 0 0 0
"183" 183 0.00574712643678 189 152 73 36 12 6 6 5 5 4 4 3 2 2 1 0 0 0 0 0
"184" 184 0.116279069767 181 102 66 48 44 35 14 8 1 1 0 0 0 0 0 0 0 0 0 0
"185" 185 0.0253807106599 202 67 59 40 38 36 31 9 4 3 3 2 2 2 1 1 0 0 0 0
"186" 186 0.700892857143 162 142 101 43 16 10 9 7 4 2 2 1 1 0 0 0 0 0 0 0
"187" 187 0.0362694300518 372 30 27 19 19 12 7 6 5 2 1 0 0 0 0 0 0 0 0 0
"188" 188 0.00995024875622 126 99 74 65 44 31 15 13 11 7 4 4 3 2 2 0 0 0 0 0
"189" 189 0.183908045977 84 76 65 65 48 30 22 20 20 17 16 8 7 6 6 5 4 1 0 0
"190" 190 0.286821705426 131 93 86 51 38 31 20 14 11 10 6 3 3 1 1 1 0 0 0 0
"191" 191 0.0798479087452 174 143 104 16 11 9 9 8 7 7 6 2 2 2 0 0 0 0 0 0
"192" 192 0.251824817518 124 87 58 54 37 31 29 24 19 9 7 7 3 3 3 2 2 1 0 0
"193" 193 0.600896860987 119 105 88 41 27 23 22 19 13 9 9 8 8 4 4 1 0 0 0 0
"194" 194 0.503875968992 162 60 55 45 43 33 31 27 16 10 6 3 3 2 1 1 1 1 0 0
"195" 195 0.684210526316 265 110 34 19 17 17 11 8 7 5 3 2 2 0 0 0 0 0 0 0
