"site" "RSA" "aa1" "aa2" "aa3" "aa4" "aa5" "aa6" "aa7" "aa8" "aa9" "aa10" "aa11" "aa12" "aa13" "aa14" "aa15" "aa16" "aa17" "aa18" "aa19" "aa20"
"0" 0 0.353211009174 87 72 66 62 59 44 25 24 17 15 8 6 5 3 3 2 1 1 0 0
"1" 1 0.0 273 112 51 39 12 5 4 2 1 1 0 0 0 0 0 0 0 0 0 0
"2" 2 0.133720930233 219 100 74 29 21 12 11 11 8 7 4 3 1 0 0 0 0 0 0 0
"3" 3 0.00961538461538 500 0 0 0 0 0 0 0 0 0 0 0 0 0 0 0 0 0 0 0
"4" 4 0.462686567164 397 34 21 11 9 6 5 5 5 3 3 1 0 0 0 0 0 0 0 0
"5" 5 0.14367816092 179 118 98 45 25 14 9 5 3 2 1 1 0 0 0 0 0 0 0 0
"6" 6 0.383928571429 185 81 54 51 43 31 15 14 8 8 5 5 0 0 0 0 0 0 0 0
"7" 7 0.108527131783 360 46 37 32 8 6 4 3 3 1 0 0 0 0 0 0 0 0 0 0
"8" 8 0.304568527919 270 117 41 34 25 3 2 2 2 1 1 1 1 0 0 0 0 0 0 0
"9" 9 0.00961538461538 350 114 20 8 4 2 1 1 0 0 0 0 0 0 0 0 0 0 0 0
"10" 10 0.304597701149 112 68 67 66 56 29 27 20 19 15 9 6 2 2 1 1 0 0 0 0
"11" 11 0.0 116 96 72 56 44 27 25 24 22 9 4 2 1 1 1 0 0 0 0 0
"12" 12 0.350210970464 168 101 52 43 33 31 27 22 5 4 4 3 3 3 1 0 0 0 0 0
"13" 13 0.341968911917 114 108 75 33 29 27 24 20 20 16 13 7 5 4 3 1 1 0 0 0
"14" 14 0.195402298851 117 64 60 53 46 43 25 16 15 13 11 10 10 9 5 2 1 0 0 0
"15" 15 0.538116591928 116 99 68 47 43 34 31 24 8 6 6 5 3 3 3 2 1 1 0 0
"16" 16 0.519230769231 500 0 0 0 0 0 0 0 0 0 0 0 0 0 0 0 0 0 0 0
"17" 17 0.401162790698 144 117 76 50 21 20 18 13 12 11 7 5 3 2 1 0 0 0 0 0
"18" 18 0.451776649746 80 68 67 59 56 31 29 27 23 18 18 11 5 3 3 1 1 0 0 0
"19" 19 0.720207253886 123 91 70 57 53 46 29 14 7 3 3 3 1 0 0 0 0 0 0 0
"20" 20 0.712820512821 113 87 73 65 43 23 22 16 13 13 10 8 7 6 1 0 0 0 0 0
"21" 21 0.125 500 0 0 0 0 0 0 0 0 0 0 0 0 0 0 0 0 0 0 0
"22" 22 0.0962343096234 164 105 95 47 27 27 18 5 5 4 2 1 0 0 0 0 0 0 0 0
"23" 23 0.457364341085 135 86 67 52 39 30 29 27 13 8 7 6 1 0 0 0 0 0 0 0
"24" 24 0.0137614678899 107 78 62 61 54 38 36 21 17 8 6 6 3 3 0 0 0 0 0 0
"25" 25 0.337552742616 241 95 40 26 25 14 13 12 8 7 5 4 3 2 2 2 1 0 0 0
"26" 26 0.0 304 81 39 27 17 9 8 4 4 4 3 0 0 0 0 0 0 0 0 0
"27" 27 0.308035714286 229 71 57 46 22 21 16 8 8 6 6 5 4 1 0 0 0 0 0 0
"28" 28 0.0 431 29 15 13 6 6 0 0 0 0 0 0 0 0 0 0 0 0 0 0
"29" 29 0.295597484277 226 126 37 35 34 25 5 4 3 2 1 1 1 0 0 0 0 0 0 0
"30" 30 0.434977578475 164 159 81 21 13 13 12 10 8 8 4 3 2 1 1 0 0 0 0 0
"31" 31 0.0203045685279 99 92 65 64 64 29 29 25 19 6 4 2 1 1 0 0 0 0 0 0
"32" 32 0.0348258706468 215 192 23 17 12 9 8 6 6 5 3 2 1 1 0 0 0 0 0 0
"33" 33 0.658031088083 99 89 66 55 40 35 34 27 17 16 7 5 4 4 1 1 0 0 0 0
"34" 34 0.476683937824 209 121 69 51 14 11 10 6 2 2 2 1 1 1 0 0 0 0 0 0
"35" 35 0.101265822785 132 91 54 38 34 33 28 24 24 14 13 3 3 3 2 2 1 1 0 0
"36" 36 0.622009569378 108 72 69 64 52 44 21 13 13 9 9 8 6 6 4 1 1 0 0 0
"37" 37 0.459302325581 69 54 49 37 35 31 31 30 28 27 27 25 19 15 12 11 0 0 0 0
"38" 38 0.413461538462 497 2 1 0 0 0 0 0 0 0 0 0 0 0 0 0 0 0 0 0
"39" 39 0.310880829016 97 70 69 61 59 37 15 13 13 13 12 12 9 7 5 4 4 0 0 0
"40" 40 0.284768211921 136 90 73 35 32 25 24 19 13 13 11 8 7 6 5 1 1 1 0 0
"41" 41 0.0203045685279 142 110 50 44 41 29 17 16 15 12 10 6 4 3 1 0 0 0 0 0
"42" 42 0.031007751938 285 103 54 18 16 8 7 3 2 2 1 1 0 0 0 0 0 0 0 0
"43" 43 0.0 247 79 63 52 20 17 8 4 3 2 2 2 1 0 0 0 0 0 0 0
"44" 44 0.0307692307692 273 134 36 33 15 7 1 1 0 0 0 0 0 0 0 0 0 0 0 0
"45" 45 0.0384615384615 500 0 0 0 0 0 0 0 0 0 0 0 0 0 0 0 0 0 0 0
"46" 46 0.0348837209302 100 94 83 76 76 23 22 9 9 2 2 2 1 1 0 0 0 0 0 0
"47" 47 0.196202531646 132 114 75 56 36 26 19 15 10 7 6 3 1 0 0 0 0 0 0 0
"48" 48 0.0348258706468 176 110 56 53 26 20 17 13 8 6 5 4 3 1 1 1 0 0 0 0
"49" 49 0.447674418605 81 74 67 61 53 43 27 23 19 12 10 10 5 5 4 4 2 0 0 0
"50" 50 0.00574712643678 164 104 67 38 29 27 23 21 11 9 4 2 1 0 0 0 0 0 0 0
"51" 51 0.453488372093 109 77 70 65 49 37 31 14 13 8 8 6 6 4 3 0 0 0 0 0
"52" 52 0.512953367876 157 95 85 53 44 19 13 11 6 5 4 3 3 2 0 0 0 0 0 0
"53" 53 0.280334728033 225 110 47 39 32 17 13 8 4 2 2 1 0 0 0 0 0 0 0 0
"54" 54 0.40414507772 223 79 70 58 52 15 2 1 0 0 0 0 0 0 0 0 0 0 0 0
"55" 55 0.71897810219 210 178 62 20 8 8 7 5 1 1 0 0 0 0 0 0 0 0 0 0
"56" 56 0.475285171103 160 79 76 57 40 24 19 13 9 8 8 3 3 1 0 0 0 0 0 0
"57" 57 0.129186602871 117 99 67 54 49 47 25 20 10 5 3 1 1 1 1 0 0 0 0 0
"58" 58 0.0 258 109 66 18 17 8 6 5 5 3 3 1 1 0 0 0 0 0 0 0
"59" 59 0.232558139535 181 97 83 56 21 21 13 12 4 3 3 3 1 1 1 0 0 0 0 0
"60" 60 0.0114942528736 86 84 83 74 50 32 32 24 10 5 5 5 4 4 2 0 0 0 0 0
"61" 61 0.451923076923 187 56 55 50 40 32 21 18 12 7 6 6 5 4 1 0 0 0 0 0
"62" 62 0.0203045685279 125 116 114 41 32 20 17 9 8 5 4 3 2 2 1 1 0 0 0 0
"63" 63 0.403100775194 301 40 30 22 19 17 15 14 14 8 7 6 4 3 0 0 0 0 0 0
"64" 64 0.295597484277 118 114 64 64 37 26 25 13 9 8 5 5 4 3 3 1 1 0 0 0
"65" 65 0.424107142857 322 73 50 11 9 8 7 6 5 5 3 1 0 0 0 0 0 0 0 0
"66" 66 0.245033112583 91 86 76 64 53 41 26 22 9 7 7 7 3 3 3 2 0 0 0 0
"67" 67 0.0497512437811 315 60 22 16 13 11 10 10 9 8 7 6 4 3 2 2 1 1 0 0
"68" 68 0.496350364964 114 93 80 57 48 23 19 16 11 10 9 6 6 5 2 1 0 0 0 0
"69" 69 0.169154228856 265 186 18 9 8 5 3 2 2 1 1 0 0 0 0 0 0 0 0 0
"70" 70 0.0523255813953 245 231 10 6 4 3 1 0 0 0 0 0 0 0 0 0 0 0 0 0
"71" 71 0.0410256410256 219 103 81 50 31 7 2 2 2 1 1 1 0 0 0 0 0 0 0 0
"72" 72 0.0 117 94 78 71 52 31 22 17 7 4 2 2 2 1 0 0 0 0 0 0
"73" 73 0.134615384615 118 84 72 44 37 36 20 18 18 17 9 8 7 5 5 2 0 0 0 0
"74" 74 0.511210762332 148 62 51 45 43 27 27 26 22 17 15 13 2 1 1 0 0 0 0 0
"75" 75 0.0443037974684 244 76 40 25 21 19 12 11 9 8 8 7 6 6 4 3 1 0 0 0
"76" 76 0.556962025316 119 103 92 56 55 31 12 10 7 6 2 2 1 1 1 1 1 0 0 0
"77" 77 0.496124031008 139 94 80 29 23 23 20 20 17 14 11 8 8 7 6 1 0 0 0 0
"78" 78 0.519230769231 500 0 0 0 0 0 0 0 0 0 0 0 0 0 0 0 0 0 0 0
"79" 79 0.305699481865 119 107 68 33 29 24 24 22 15 13 10 10 10 8 5 2 1 0 0 0
"80" 80 0.396226415094 170 135 90 58 10 9 9 7 5 2 2 1 1 1 0 0 0 0 0 0
"81" 81 0.00574712643678 326 63 52 25 18 5 4 2 1 1 1 1 1 0 0 0 0 0 0 0
"82" 82 0.0102564102564 137 134 79 50 31 24 14 14 8 6 2 1 0 0 0 0 0 0 0 0
"83" 83 0.00497512437811 286 89 47 25 11 8 7 6 5 5 4 3 2 1 1 0 0 0 0 0
"84" 84 0.0535714285714 416 50 27 3 2 1 1 0 0 0 0 0 0 0 0 0 0 0 0 0
"85" 85 0.21897810219 96 83 71 66 60 39 21 17 17 16 4 3 3 2 1 1 0 0 0 0
"86" 86 0.341085271318 206 136 32 26 24 19 17 12 9 5 4 4 3 1 1 1 0 0 0 0
"87" 87 0.350574712644 101 77 59 53 49 29 27 26 25 17 17 12 4 2 1 1 0 0 0 0
"88" 88 0.800995024876 360 35 24 19 15 13 10 9 4 4 4 1 1 1 0 0 0 0 0 0
"89" 89 0.324503311258 146 106 53 29 27 21 19 18 15 15 14 8 8 8 4 4 3 2 0 0
"90" 90 0.748344370861 277 90 44 39 36 3 3 2 2 2 2 0 0 0 0 0 0 0 0 0
"91" 91 0.436046511628 154 106 73 43 28 21 19 10 10 9 8 7 4 2 2 2 2 0 0 0
"92" 92 0.142335766423 289 56 45 25 23 16 12 10 9 4 3 3 2 1 1 1 0 0 0 0
"93" 93 0.848623853211 275 101 51 22 14 13 10 6 3 2 2 1 0 0 0 0 0 0 0 0
"94" 94 0.317307692308 495 3 1 1 0 0 0 0 0 0 0 0 0 0 0 0 0 0 0 0
"95" 95 0.115384615385 500 0 0 0 0 0 0 0 0 0 0 0 0 0 0 0 0 0 0 0
"96" 96 0.0334928229665 136 131 65 59 44 43 6 5 4 4 3 0 0 0 0 0 0 0 0 0
"97" 97 0.384937238494 250 98 43 32 16 13 12 10 9 7 5 3 1 1 0 0 0 0 0 0
"98" 98 0.0114942528736 168 103 102 24 20 20 16 14 11 7 5 3 2 2 2 1 0 0 0 0
"99" 99 0.313901345291 107 102 95 46 44 37 31 10 8 5 5 4 3 2 1 0 0 0 0 0
"100" 100 0.0192307692308 499 1 0 0 0 0 0 0 0 0 0 0 0 0 0 0 0 0 0 0
"101" 101 0.516746411483 443 14 12 7 6 4 4 4 2 2 1 1 0 0 0 0 0 0 0 0
"102" 102 0.109195402299 244 75 73 43 29 12 12 6 3 2 1 0 0 0 0 0 0 0 0 0
"103" 103 0.186528497409 169 97 83 38 32 26 22 17 7 3 2 2 1 1 0 0 0 0 0 0
"104" 104 0.0 353 82 29 13 9 8 2 1 1 1 1 0 0 0 0 0 0 0 0 0
"105" 105 0.0114942528736 220 90 64 33 23 23 15 12 5 5 3 3 1 1 1 1 0 0 0 0
"106" 106 0.0 238 212 25 15 2 2 2 2 1 1 0 0 0 0 0 0 0 0 0 0
"107" 107 0.290178571429 164 79 64 44 42 41 23 14 7 7 7 3 3 2 0 0 0 0 0 0
"108" 108 0.0 134 106 86 78 59 13 8 5 5 4 1 1 0 0 0 0 0 0 0 0
"109" 109 0.189655172414 173 130 60 53 30 20 6 6 5 4 4 3 3 2 1 0 0 0 0 0
"110" 110 0.473214285714 109 84 81 70 40 28 15 12 11 11 11 10 6 5 5 2 0 0 0 0
"111" 111 0.282700421941 83 82 81 55 41 33 32 31 11 9 9 8 8 6 5 4 2 0 0 0
"112" 112 0.426160337553 121 71 63 54 48 30 27 23 14 13 10 7 5 3 3 3 3 2 0 0
"113" 113 0.52466367713 89 85 58 41 40 36 22 22 21 21 15 14 13 10 5 5 2 1 0 0
"114" 114 0.512953367876 310 80 31 20 14 13 8 5 5 4 4 4 1 1 0 0 0 0 0 0
"115" 115 0.605769230769 499 1 0 0 0 0 0 0 0 0 0 0 0 0 0 0 0 0 0 0
"116" 116 0.598214285714 176 84 67 46 45 19 19 16 9 7 5 4 1 1 1 0 0 0 0 0
"117" 117 0.131782945736 87 63 61 58 55 47 28 21 17 13 10 10 10 10 5 3 2 0 0 0
"118" 118 0.0609137055838 100 89 86 42 38 30 28 26 21 16 12 4 4 2 1 1 0 0 0 0
"119" 119 0.134715025907 101 92 89 64 39 36 19 18 17 8 6 4 3 2 1 1 0 0 0 0
"120" 120 0.0 284 82 48 32 18 15 8 4 3 2 2 1 1 0 0 0 0 0 0 0
"121" 121 0.0697674418605 168 122 64 41 22 18 18 12 10 8 4 4 4 2 2 1 0 0 0 0
"122" 122 0.0 341 91 63 2 1 1 1 0 0 0 0 0 0 0 0 0 0 0 0 0
"123" 123 0.434306569343 129 108 62 37 31 28 26 19 18 14 13 6 4 3 2 0 0 0 0 0
"124" 124 0.0251572327044 362 85 27 13 5 3 2 1 1 1 0 0 0 0 0 0 0 0 0 0
"125" 125 0.459854014599 90 70 69 66 54 47 29 18 15 12 11 6 6 3 2 1 1 0 0 0
"126" 126 0.259067357513 444 14 10 8 7 6 4 2 2 1 1 1 0 0 0 0 0 0 0 0
"127" 127 0.446540880503 224 55 39 37 35 31 24 17 13 12 8 3 1 1 0 0 0 0 0 0
"128" 128 0.489539748954 381 53 24 14 5 5 4 3 3 3 2 2 1 0 0 0 0 0 0 0
"129" 129 0.0172413793103 83 52 51 46 37 36 36 28 24 22 19 17 16 15 7 6 5 0 0 0
"130" 130 0.089552238806 403 34 11 10 7 6 5 5 5 3 3 2 2 1 1 1 1 0 0 0
"131" 131 0.540084388186 131 102 73 73 32 24 21 17 10 5 5 3 2 1 1 0 0 0 0 0
"132" 132 0.148288973384 251 70 64 50 33 11 5 4 3 3 2 2 1 1 0 0 0 0 0 0
"133" 133 0.0355329949239 239 158 31 19 19 12 7 5 4 2 2 1 1 0 0 0 0 0 0 0
"134" 134 0.522988505747 139 110 92 51 27 27 15 12 10 6 6 2 1 1 1 0 0 0 0 0
"135" 135 0.593155893536 145 103 74 47 32 26 15 13 8 8 6 6 5 4 4 2 1 1 0 0
"136" 136 0.586497890295 283 187 6 5 5 4 3 3 3 1 0 0 0 0 0 0 0 0 0 0
"137" 137 0.153846153846 231 192 39 7 6 5 5 5 5 2 1 1 1 0 0 0 0 0 0 0
"138" 138 0.414448669202 251 45 44 34 30 21 15 11 10 9 8 5 5 3 3 2 2 2 0 0
"139" 139 0.0 172 109 75 61 36 28 8 5 2 2 1 1 0 0 0 0 0 0 0 0
"140" 140 0.015503875969 158 123 85 66 36 9 9 7 2 2 2 1 0 0 0 0 0 0 0 0
"141" 141 0.0 162 158 74 29 28 18 14 9 6 1 1 0 0 0 0 0 0 0 0 0
"142" 142 0.0 298 145 24 11 9 7 5 1 0 0 0 0 0 0 0 0 0 0 0 0
"143" 143 0.0576923076923 499 1 0 0 0 0 0 0 0 0 0 0 0 0 0 0 0 0 0 0
"144" 144 0.0348837209302 102 76 61 58 54 35 28 27 18 15 6 5 5 3 2 2 2 1 0 0
"145" 145 0.145695364238 220 88 39 33 23 20 19 16 15 9 5 3 3 2 2 1 1 1 0 0
"146" 146 0.0597014925373 168 70 50 47 44 42 23 21 13 6 4 4 3 2 2 1 0 0 0 0
"147" 147 0.453488372093 187 96 49 46 29 25 15 14 12 8 7 6 4 1 1 0 0 0 0 0
"148" 148 0.00507614213198 256 143 37 35 9 8 5 4 1 1 1 0 0 0 0 0 0 0 0 0
"149" 149 0.28488372093 102 82 48 46 46 43 34 25 21 20 9 8 8 5 1 1 1 0 0 0
"150" 150 0.464114832536 101 73 67 59 44 43 32 22 21 19 9 5 3 1 1 0 0 0 0 0
"151" 151 0.241379310345 120 65 65 63 50 35 28 27 18 13 9 6 1 0 0 0 0 0 0 0
"152" 152 0.347150259067 186 99 89 59 57 7 1 1 1 0 0 0 0 0 0 0 0 0 0 0
"153" 153 0.740932642487 257 131 74 20 6 5 4 3 0 0 0 0 0 0 0 0 0 0 0 0
"154" 154 0.337748344371 98 88 72 65 54 34 18 18 12 11 11 8 7 3 1 0 0 0 0 0
"155" 155 0.104651162791 131 66 56 44 43 40 34 32 19 16 10 9 0 0 0 0 0 0 0 0
"156" 156 0.0 259 136 70 33 1 1 0 0 0 0 0 0 0 0 0 0 0 0 0 0
"157" 157 0.046357615894 160 144 73 38 36 30 9 4 4 2 0 0 0 0 0 0 0 0 0 0
"158" 158 0.0 142 119 84 77 31 13 11 8 6 4 2 1 1 1 0 0 0 0 0 0
"159" 159 0.261467889908 90 74 64 54 52 48 24 17 14 13 12 12 11 8 4 3 0 0 0 0
"160" 160 0.0045871559633 167 81 62 49 40 30 25 20 15 6 2 2 1 0 0 0 0 0 0 0
"161" 161 0.48730964467 121 62 44 39 38 31 30 29 25 23 22 13 12 8 2 1 0 0 0 0
"162" 162 0.370860927152 113 110 83 66 28 23 21 18 6 6 6 5 4 3 3 3 2 0 0 0
"163" 163 0.615969581749 220 96 67 29 22 21 17 8 7 5 3 2 2 1 0 0 0 0 0 0
"164" 164 0.168604651163 90 78 77 76 69 52 12 12 9 8 5 4 4 1 1 1 1 0 0 0
"165" 165 0.19730941704 85 74 62 61 31 30 29 28 27 21 14 14 9 5 5 3 1 1 0 0
"166" 166 0.576158940397 152 96 45 34 34 33 30 29 20 8 7 6 5 1 0 0 0 0 0 0
"167" 167 0.320675105485 218 179 25 17 16 13 7 6 4 4 4 3 2 1 1 0 0 0 0 0
"168" 168 0.0459770114943 250 104 55 33 22 14 10 5 2 2 1 1 1 0 0 0 0 0 0 0
"169" 169 0.0913705583756 290 68 40 26 19 16 15 11 4 4 2 2 1 1 1 0 0 0 0 0
"170" 170 0.0 104 96 87 46 45 36 33 27 15 4 3 2 1 1 0 0 0 0 0 0
"171" 171 0.108527131783 215 165 39 23 20 12 6 6 3 2 2 2 2 1 1 1 0 0 0 0
"172" 172 0.767932489451 154 79 73 47 41 38 19 18 13 7 5 3 1 1 1 0 0 0 0 0
"173" 173 0.126582278481 109 101 78 65 42 41 15 11 8 7 7 6 6 3 1 0 0 0 0 0
"174" 174 0.476923076923 307 42 30 26 23 21 15 14 11 6 2 1 1 1 0 0 0 0 0 0
"175" 175 0.494252873563 186 55 53 42 35 30 27 15 14 13 10 6 6 4 4 0 0 0 0 0
"176" 176 0.336538461538 500 0 0 0 0 0 0 0 0 0 0 0 0 0 0 0 0 0 0 0
"177" 177 0.336787564767 147 126 83 20 20 18 17 16 14 14 5 5 5 5 4 1 0 0 0 0
"178" 178 0.213930348259 168 122 76 56 26 23 11 6 4 3 2 2 1 0 0 0 0 0 0 0
"179" 179 0.0 167 156 101 55 7 4 3 2 1 1 1 1 1 0 0 0 0 0 0 0
"180" 180 0.00512820512821 231 91 84 41 29 14 5 3 2 0 0 0 0 0 0 0 0 0 0 0
"181" 181 0.0 122 94 94 69 62 28 18 6 2 2 1 1 1 0 0 0 0 0 0 0
"182" 182 0.0178571428571 266 137 31 26 17 13 4 3 1 1 1 0 0 0 0 0 0 0 0 0
"183" 183 0.00574712643678 278 116 24 23 16 12 10 8 4 3 3 1 1 1 0 0 0 0 0 0
"184" 184 0.176165803109 154 85 80 48 37 36 21 9 8 7 4 3 3 2 2 1 0 0 0 0
"185" 185 0.188340807175 112 103 66 47 39 35 24 20 12 11 8 7 7 3 3 2 1 0 0 0
"186" 186 0.502538071066 127 119 71 69 29 28 13 12 11 10 3 3 2 2 1 0 0 0 0 0
"187" 187 0.173076923077 174 81 55 33 30 25 21 15 11 10 10 9 9 7 7 1 1 1 0 0
"188" 188 0.299578059072 132 104 74 52 40 20 17 15 14 9 9 5 4 3 1 1 0 0 0 0
"189" 189 0.562737642586 138 131 108 20 20 17 13 13 10 9 8 4 3 3 2 1 0 0 0 0
"190" 190 0.372093023256 146 92 61 55 41 35 19 12 9 9 7 4 4 3 3 0 0 0 0 0
"191" 191 0.25 132 57 52 43 36 34 26 25 24 21 14 10 6 5 5 5 4 1 0 0
"192" 192 0.620253164557 117 114 61 58 43 28 22 20 17 8 5 3 2 1 1 0 0 0 0 0
"193" 193 0.373134328358 171 62 55 50 38 25 21 20 13 11 10 9 9 4 2 0 0 0 0 0
"194" 194 0.465517241379 107 105 105 70 26 24 17 14 8 7 7 7 1 1 1 0 0 0 0 0
"195" 195 0.455357142857 139 78 54 53 44 22 19 18 15 14 13 12 8 5 3 2 1 0 0 0
"196" 196 0.496124031008 106 86 53 52 44 33 32 27 26 12 11 11 4 2 1 0 0 0 0 0
"197" 197 0.535885167464 168 61 46 43 41 27 26 24 19 16 11 10 6 1 1 0 0 0 0 0
"198" 198 0.604060913706 104 101 91 83 57 14 9 8 8 7 6 6 3 1 1 1 0 0 0 0
"199" 199 0.627906976744 173 89 68 37 30 26 22 19 17 8 6 1 1 1 1 1 0 0 0 0
"200" 200 0.720207253886 177 90 67 29 26 26 25 13 12 12 10 7 2 2 2 0 0 0 0 0
"201" 201 0.815602836879 142 90 58 39 32 24 22 19 16 15 14 9 9 8 2 1 0 0 0 0
