"site" "RSA" "aa1" "aa2" "aa3" "aa4" "aa5" "aa6" "aa7" "aa8" "aa9" "aa10" "aa11" "aa12" "aa13" "aa14" "aa15" "aa16" "aa17" "aa18" "aa19" "aa20"
"0" 0 1.08609271523 332 91 25 23 17 5 5 2 0 0 0 0 0 0 0 0 0 0 0 0
"1" 1 0.669642857143 118 110 104 84 23 18 17 14 4 3 3 1 1 0 0 0 0 0 0 0
"2" 2 0.114427860697 451 23 11 8 2 1 1 1 1 1 0 0 0 0 0 0 0 0 0 0
"3" 3 0.517412935323 173 78 44 38 36 35 34 27 12 7 6 5 3 1 1 0 0 0 0 0
"4" 4 0.5625 202 99 69 64 24 19 12 4 3 2 1 1 0 0 0 0 0 0 0 0
"5" 5 0.575892857143 189 159 35 34 25 20 17 14 6 1 0 0 0 0 0 0 0 0 0 0
"6" 6 0.183856502242 150 96 83 60 38 20 15 10 9 9 4 2 2 1 1 0 0 0 0 0
"7" 7 0.257383966245 320 74 24 19 18 17 12 5 3 3 2 1 1 1 0 0 0 0 0 0
"8" 8 0.412556053812 196 66 55 55 37 24 24 13 12 9 5 2 2 0 0 0 0 0 0 0
"9" 9 0.294642857143 266 85 59 29 20 16 9 4 4 3 2 2 1 0 0 0 0 0 0 0
"10" 10 0.010152284264 227 218 16 13 7 4 3 3 3 2 2 1 1 0 0 0 0 0 0 0
"11" 11 0.475285171103 164 96 75 40 40 26 22 16 10 5 2 1 1 1 1 0 0 0 0 0
"12" 12 0.53125 110 91 82 47 39 32 29 21 19 16 8 3 2 1 0 0 0 0 0 0
"13" 13 0.062015503876 136 75 72 38 34 34 30 15 13 12 9 9 7 7 5 2 2 0 0 0
"14" 14 0.0376569037657 283 54 39 34 22 20 13 8 7 6 5 4 2 2 1 0 0 0 0 0
"15" 15 0.317880794702 110 96 71 66 46 39 25 15 11 6 4 4 4 3 0 0 0 0 0 0
"16" 16 0.651741293532 186 104 64 36 31 18 17 12 9 8 7 5 2 1 0 0 0 0 0 0
"17" 17 0.246861924686 237 167 33 19 14 9 6 5 3 2 2 2 1 0 0 0 0 0 0 0
"18" 18 0.150259067358 212 118 29 25 25 25 20 12 10 8 7 3 2 2 1 1 0 0 0 0
"19" 19 0.651282051282 193 114 47 32 30 26 21 14 14 2 2 2 2 1 0 0 0 0 0 0
"20" 20 0.728205128205 301 184 4 3 3 2 1 1 1 0 0 0 0 0 0 0 0 0 0 0
"21" 21 0.331606217617 236 51 51 36 29 28 18 16 16 11 2 2 2 1 1 0 0 0 0 0
"22" 22 0.278846153846 440 59 1 0 0 0 0 0 0 0 0 0 0 0 0 0 0 0 0 0
"23" 23 0.188284518828 271 83 43 40 34 13 4 3 2 2 2 2 1 0 0 0 0 0 0 0
"24" 24 0.044776119403 386 72 9 9 5 5 5 3 2 1 1 1 1 0 0 0 0 0 0 0
"25" 25 0.290155440415 373 42 23 12 11 11 8 5 5 3 2 2 1 1 1 0 0 0 0 0
"26" 26 0.0988593155894 374 36 33 16 13 8 7 3 3 2 2 1 1 1 0 0 0 0 0 0
"27" 27 0.607655502392 103 90 72 67 57 42 24 23 12 5 3 2 0 0 0 0 0 0 0 0
"28" 28 0.1875 139 110 66 63 58 25 10 8 7 5 4 2 2 1 0 0 0 0 0 0
"29" 29 0.194029850746 111 74 61 58 42 42 27 23 20 16 11 7 4 3 1 0 0 0 0 0
"30" 30 0.388185654008 363 46 29 18 14 9 8 5 2 2 2 1 1 0 0 0 0 0 0 0
"31" 31 0.35632183908 94 92 77 60 44 30 23 23 21 17 8 5 4 2 0 0 0 0 0 0
"32" 32 0.046511627907 378 56 15 13 12 11 5 3 3 2 1 1 0 0 0 0 0 0 0 0
"33" 33 0.540084388186 166 129 108 39 20 14 13 4 3 1 1 1 1 0 0 0 0 0 0 0
"34" 34 0.449612403101 114 111 69 43 39 36 23 14 13 10 6 6 5 5 4 1 1 0 0 0
"35" 35 0.10447761194 154 69 62 56 51 32 24 14 10 8 5 4 4 3 2 1 1 0 0 0
"36" 36 0.413461538462 497 1 1 1 0 0 0 0 0 0 0 0 0 0 0 0 0 0 0 0
"37" 37 0.259414225941 350 69 24 12 11 11 10 7 2 2 1 1 0 0 0 0 0 0 0 0
"38" 38 0.629464285714 106 72 64 62 61 50 39 11 10 8 6 5 3 1 1 1 0 0 0 0
"39" 39 0.218905472637 209 93 62 46 31 19 14 10 7 4 2 1 1 1 0 0 0 0 0 0
"40" 40 0.446540880503 388 42 19 12 12 10 7 4 2 2 1 1 0 0 0 0 0 0 0 0
"41" 41 0.586497890295 305 102 63 7 6 6 5 3 2 1 0 0 0 0 0 0 0 0 0 0
"42" 42 0.667883211679 328 66 31 28 15 10 9 4 4 2 2 1 0 0 0 0 0 0 0 0
"43" 43 0.410714285714 245 120 64 30 15 6 6 5 5 1 1 1 1 0 0 0 0 0 0 0
"44" 44 0.0507614213198 219 196 29 10 10 9 6 6 5 4 3 3 0 0 0 0 0 0 0 0
"45" 45 0.238805970149 203 124 47 39 33 28 16 4 3 1 1 1 0 0 0 0 0 0 0 0
"46" 46 0.507772020725 181 78 53 49 42 29 22 15 13 10 6 2 0 0 0 0 0 0 0 0
"47" 47 0.18407960199 119 104 66 43 37 33 25 21 13 10 9 6 5 4 2 2 1 0 0 0
"48" 48 0.0507614213198 213 148 49 24 20 18 8 5 4 3 2 2 1 1 1 1 0 0 0 0
"49" 49 0.507772020725 160 90 60 49 46 31 22 13 11 11 2 2 1 1 1 0 0 0 0 0
"50" 50 0.598214285714 312 39 34 34 32 15 12 5 5 4 4 2 2 0 0 0 0 0 0 0
"51" 51 0.269961977186 211 202 31 17 10 5 5 4 4 4 2 2 1 1 1 0 0 0 0 0
"52" 52 0.217616580311 160 108 70 49 33 14 13 12 11 10 8 4 3 2 1 1 1 0 0 0
"53" 53 0.741721854305 88 88 82 60 57 49 23 13 11 7 7 5 4 3 3 0 0 0 0 0
"54" 54 0.46875 107 96 69 67 32 29 28 23 16 12 6 5 3 3 2 1 1 0 0 0
"55" 55 0.875 391 41 31 9 8 6 3 3 2 2 2 1 1 0 0 0 0 0 0 0
"56" 56 0.412408759124 121 54 53 52 41 39 36 19 18 15 11 10 9 7 7 6 2 0 0 0
"57" 57 0.55023923445 101 76 56 56 52 45 40 20 19 18 7 5 2 1 1 1 0 0 0 0
"58" 58 0.248756218905 222 57 49 47 41 36 29 5 4 4 3 2 1 0 0 0 0 0 0 0
"59" 59 0.443037974684 184 93 85 39 25 22 9 8 7 5 5 4 3 3 3 3 2 0 0 0
"60" 60 0.209125475285 121 114 60 37 35 34 26 25 22 7 6 3 3 2 2 2 1 0 0 0
"61" 61 0.507772020725 199 74 66 41 27 26 22 13 13 12 3 2 2 0 0 0 0 0 0 0
"62" 62 0.165803108808 116 86 64 61 41 29 25 25 16 15 10 6 3 2 1 0 0 0 0 0
"63" 63 0.150627615063 259 57 47 47 27 17 15 8 7 4 3 2 2 2 1 1 1 0 0 0
"64" 64 0.247148288973 223 98 58 37 30 14 12 9 5 5 5 2 2 0 0 0 0 0 0 0
"65" 65 0.43654822335 131 98 46 45 44 43 37 26 10 9 6 2 2 1 0 0 0 0 0 0
"66" 66 0.137931034483 121 106 66 53 31 26 20 20 15 9 8 6 5 5 5 2 1 1 0 0
"67" 67 0.105769230769 468 12 9 3 3 3 1 1 0 0 0 0 0 0 0 0 0 0 0 0
"68" 68 0.433035714286 137 117 91 63 31 20 13 12 5 4 2 2 2 1 0 0 0 0 0 0
"69" 69 0.295358649789 144 131 109 37 30 17 10 7 4 3 3 3 1 1 0 0 0 0 0 0
"70" 70 0.0152284263959 193 68 53 53 49 29 12 11 9 8 7 4 2 1 1 0 0 0 0 0
"71" 71 0.402985074627 369 67 19 13 11 6 5 3 2 2 2 1 0 0 0 0 0 0 0 0
"72" 72 0.746835443038 175 100 83 51 49 22 9 5 2 2 1 1 0 0 0 0 0 0 0 0
"73" 73 0.299270072993 124 104 55 43 42 37 32 20 13 7 7 5 4 2 2 2 1 0 0 0
"74" 74 0.40414507772 301 138 23 21 14 1 1 1 0 0 0 0 0 0 0 0 0 0 0 0
"75" 75 0.622641509434 96 89 77 71 47 29 25 25 19 9 6 3 2 2 0 0 0 0 0 0
"76" 76 0.303482587065 161 87 58 42 24 24 19 19 18 18 15 7 6 2 0 0 0 0 0 0
"77" 77 0.362694300518 171 106 63 47 46 26 25 4 3 2 2 2 2 1 0 0 0 0 0 0
"78" 78 0.629464285714 228 54 52 41 30 23 17 15 13 12 5 5 2 2 1 0 0 0 0 0
"79" 79 0.192893401015 181 85 80 53 50 21 20 3 3 2 1 1 0 0 0 0 0 0 0 0
"80" 80 0.341772151899 206 136 38 31 21 18 17 15 6 6 3 2 1 0 0 0 0 0 0 0
"81" 81 0.514598540146 139 83 82 78 20 19 17 16 16 11 9 7 2 1 0 0 0 0 0 0
"82" 82 0.232558139535 135 96 89 50 48 23 10 9 9 8 7 6 3 3 2 1 1 0 0 0
"83" 83 0.0125523012552 470 11 8 6 4 1 0 0 0 0 0 0 0 0 0 0 0 0 0 0
"84" 84 0.502242152466 176 76 75 45 34 26 24 17 10 5 5 4 3 0 0 0 0 0 0 0
"85" 85 0.626865671642 163 97 71 46 44 30 20 11 6 6 2 2 2 0 0 0 0 0 0 0
"86" 86 0.230125523013 145 106 59 49 34 29 26 24 9 8 7 2 1 1 0 0 0 0 0 0
"87" 87 0.0310880829016 499 1 0 0 0 0 0 0 0 0 0 0 0 0 0 0 0 0 0 0
"88" 88 0.357512953368 107 70 52 52 44 39 31 25 23 20 13 7 6 5 3 2 1 0 0 0
"89" 89 0.336787564767 237 75 49 27 21 20 14 14 13 13 8 4 3 1 1 0 0 0 0 0
"90" 90 0.722488038278 358 72 66 2 1 1 0 0 0 0 0 0 0 0 0 0 0 0 0 0
"91" 91 0.436046511628 213 127 45 27 26 25 18 8 7 3 1 0 0 0 0 0 0 0 0 0
"92" 92 0.384615384615 499 1 0 0 0 0 0 0 0 0 0 0 0 0 0 0 0 0 0 0
"93" 93 0.308016877637 123 90 89 59 43 36 16 10 8 8 6 4 2 2 2 1 1 0 0 0
"94" 94 0.0253807106599 439 30 19 3 3 2 2 1 1 0 0 0 0 0 0 0 0 0 0 0
"95" 95 0.0596026490066 214 214 12 12 12 10 9 5 4 3 2 1 1 1 0 0 0 0 0 0
"96" 96 0.167512690355 169 50 42 40 34 29 25 23 19 19 15 8 7 6 6 6 1 1 0 0
"97" 97 0.548523206751 186 170 60 28 18 12 7 7 5 3 2 2 0 0 0 0 0 0 0 0
"98" 98 0.0153846153846 343 59 33 20 20 8 5 3 3 2 1 1 1 1 0 0 0 0 0 0
"99" 99 0.203980099502 267 74 35 28 16 14 13 12 12 12 9 5 1 1 1 0 0 0 0 0
"100" 100 0.313868613139 230 100 48 31 21 16 13 13 12 11 3 1 1 0 0 0 0 0 0 0
"101" 101 0.251824817518 102 78 76 55 54 39 39 18 12 11 5 4 4 2 1 0 0 0 0 0
"102" 102 0.0862068965517 136 86 81 39 31 27 21 19 12 11 11 10 5 4 4 3 0 0 0 0
"103" 103 0.093023255814 271 42 39 25 21 18 13 13 12 11 8 7 5 4 4 4 2 1 0 0
"104" 104 0.666666666667 103 103 100 55 29 25 24 15 10 9 8 8 8 1 1 1 0 0 0 0
"105" 105 0.625 125 78 66 47 44 35 31 20 16 15 9 4 4 3 1 1 1 0 0 0
"106" 106 0.641791044776 114 84 80 73 44 25 14 12 12 11 8 8 7 4 3 1 0 0 0 0
"107" 107 0.557692307692 489 11 0 0 0 0 0 0 0 0 0 0 0 0 0 0 0 0 0 0
"108" 108 0.535714285714 258 55 41 34 26 19 17 15 10 8 6 4 4 1 1 1 0 0 0 0
"109" 109 0.790697674419 322 88 36 33 10 3 3 2 2 1 0 0 0 0 0 0 0 0 0 0
"110" 110 0.378109452736 209 100 74 28 21 17 11 9 7 5 4 4 4 4 2 1 0 0 0 0
"111" 111 0.401162790698 268 47 32 31 30 25 19 13 9 8 8 4 2 2 2 0 0 0 0 0
"112" 112 0.341968911917 183 97 46 42 32 28 24 24 7 6 6 3 2 0 0 0 0 0 0 0
"113" 113 0.616071428571 202 112 54 33 31 25 11 10 9 6 3 2 1 1 0 0 0 0 0 0
"114" 114 0.473214285714 123 115 90 41 38 28 26 24 6 2 2 1 1 1 1 1 0 0 0 0
"115" 115 0.0398009950249 295 90 25 23 11 11 11 10 8 4 4 2 2 2 1 1 0 0 0 0
"116" 116 0.361313868613 195 65 43 33 33 31 29 16 15 13 9 8 5 2 2 1 0 0 0 0
"117" 117 0.550387596899 204 98 38 31 29 20 18 17 13 10 9 7 4 1 1 0 0 0 0 0
"118" 118 0.0862944162437 133 118 74 61 34 18 15 13 10 6 5 5 4 2 1 1 0 0 0 0
"119" 119 0.566964285714 143 77 65 50 47 35 22 22 16 9 5 4 2 1 1 1 0 0 0 0
"120" 120 0.611607142857 171 143 46 45 17 16 15 10 10 10 8 7 2 0 0 0 0 0 0 0
"121" 121 0.430962343096 354 54 49 11 8 6 4 4 2 2 2 1 1 1 1 0 0 0 0 0
"122" 122 0.119170984456 476 9 4 4 3 3 1 0 0 0 0 0 0 0 0 0 0 0 0 0
"123" 123 0.691542288557 154 112 83 37 23 21 18 17 13 8 5 5 2 1 1 0 0 0 0 0
"124" 124 0.512953367876 116 98 88 64 43 35 25 16 8 2 2 1 1 1 0 0 0 0 0 0
"125" 125 0.528846153846 496 4 0 0 0 0 0 0 0 0 0 0 0 0 0 0 0 0 0 0
"126" 126 0.341968911917 158 108 60 58 26 25 20 12 11 10 3 3 2 2 2 0 0 0 0 0
"127" 127 0.182692307692 470 26 2 1 1 0 0 0 0 0 0 0 0 0 0 0 0 0 0 0
"128" 128 0.267857142857 151 72 65 38 36 28 19 19 18 15 15 7 5 3 3 3 2 1 0 0
"129" 129 0.0355329949239 375 90 15 6 4 3 3 1 1 1 1 0 0 0 0 0 0 0 0 0
"130" 130 0.174358974359 270 58 44 33 28 16 14 11 6 6 5 4 3 2 0 0 0 0 0 0
"131" 131 0.263392857143 261 97 50 47 21 12 3 2 2 2 1 1 1 0 0 0 0 0 0 0
"132" 132 0.625641025641 237 82 81 26 25 15 12 6 5 4 3 2 1 1 0 0 0 0 0 0
"133" 133 0.0401785714286 355 48 32 20 10 8 7 5 5 2 2 2 2 1 1 0 0 0 0 0
"134" 134 0.0753138075314 407 29 22 19 9 5 5 1 1 1 1 0 0 0 0 0 0 0 0 0
"135" 135 0.116751269036 209 107 63 51 26 10 9 7 5 5 3 3 1 1 0 0 0 0 0 0
"136" 136 0.46511627907 152 125 61 39 39 33 13 11 10 5 4 3 3 1 1 0 0 0 0 0
"137" 137 0.355329949239 261 59 53 34 33 22 15 5 5 4 3 3 3 0 0 0 0 0 0 0
"138" 138 0.335443037975 141 103 68 40 38 33 26 25 13 6 3 2 1 1 0 0 0 0 0 0
"139" 139 0.383720930233 249 178 23 13 9 8 6 4 4 2 1 1 1 1 0 0 0 0 0 0
"140" 140 0.891191709845 197 183 103 8 4 2 1 1 1 0 0 0 0 0 0 0 0 0 0 0
"141" 141 1.04635761589 218 137 60 40 35 3 3 3 1 0 0 0 0 0 0 0 0 0 0 0
