"site" "RSA" "aa1" "aa2" "aa3" "aa4" "aa5" "aa6" "aa7" "aa8" "aa9" "aa10" "aa11" "aa12" "aa13" "aa14" "aa15" "aa16" "aa17" "aa18" "aa19" "aa20"
"0" 0 0.459770114943 104 100 57 54 42 38 28 23 15 9 7 5 4 4 3 3 3 1 0 0
"1" 1 0.219730941704 122 113 64 48 47 46 22 14 9 5 5 3 2 0 0 0 0 0 0 0
"2" 2 0.0 483 10 7 0 0 0 0 0 0 0 0 0 0 0 0 0 0 0 0 0
"3" 3 0.218390804598 141 122 80 44 32 28 28 5 5 5 3 3 3 1 0 0 0 0 0 0
"4" 4 0.0 466 32 1 1 0 0 0 0 0 0 0 0 0 0 0 0 0 0 0 0
"5" 5 0.396551724138 105 96 90 70 44 38 26 19 4 4 2 2 0 0 0 0 0 0 0 0
"6" 6 0.0 338 118 31 5 4 3 1 0 0 0 0 0 0 0 0 0 0 0 0 0
"7" 7 0.590717299578 214 164 47 42 13 7 4 3 3 2 1 0 0 0 0 0 0 0 0 0
"8" 8 0.375 500 0 0 0 0 0 0 0 0 0 0 0 0 0 0 0 0 0 0 0
"9" 9 0.922279792746 181 119 92 72 21 8 4 2 1 0 0 0 0 0 0 0 0 0 0 0
"10" 10 0.503875968992 106 95 80 54 50 28 25 16 16 12 9 6 3 0 0 0 0 0 0 0
"11" 11 0.576923076923 498 2 0 0 0 0 0 0 0 0 0 0 0 0 0 0 0 0 0 0
"12" 12 0.0574712643678 265 63 55 35 34 19 12 6 4 4 2 1 0 0 0 0 0 0 0 0
"13" 13 0.397350993377 198 120 44 38 25 24 22 13 9 6 1 0 0 0 0 0 0 0 0 0
"14" 14 0.144230769231 500 0 0 0 0 0 0 0 0 0 0 0 0 0 0 0 0 0 0 0
"15" 15 0.35632183908 111 108 64 59 53 44 30 10 6 6 4 4 1 0 0 0 0 0 0 0
"16" 16 0.0 336 76 38 34 13 1 1 1 0 0 0 0 0 0 0 0 0 0 0 0
"17" 17 0.261603375527 149 101 72 56 56 24 18 14 6 2 1 1 0 0 0 0 0 0 0 0
"18" 18 0.00418410041841 273 191 23 5 3 2 1 1 1 0 0 0 0 0 0 0 0 0 0 0
"19" 19 0.446428571429 130 124 106 48 47 19 8 7 5 2 1 1 1 1 0 0 0 0 0 0
"20" 20 0.0 396 86 5 4 4 3 2 0 0 0 0 0 0 0 0 0 0 0 0 0
"21" 21 0.589147286822 202 87 76 71 22 14 10 6 5 3 2 1 1 0 0 0 0 0 0 0
"22" 22 0.35761589404 170 82 62 61 37 26 19 18 11 8 5 1 0 0 0 0 0 0 0 0
"23" 23 0.410714285714 347 52 45 17 15 8 6 4 3 2 1 0 0 0 0 0 0 0 0 0
"24" 24 0.695364238411 167 98 78 60 51 30 10 3 1 1 1 0 0 0 0 0 0 0 0 0
"25" 25 0.258928571429 118 108 68 50 40 24 22 21 19 12 11 4 1 1 1 0 0 0 0 0
"26" 26 0.308176100629 301 81 35 27 22 10 7 7 6 1 1 1 1 0 0 0 0 0 0 0
"27" 27 0.0 492 2 2 2 1 1 0 0 0 0 0 0 0 0 0 0 0 0 0 0
"28" 28 0.151162790698 164 143 74 70 18 9 7 7 3 2 1 1 1 0 0 0 0 0 0 0
"29" 29 0.0 229 198 44 17 3 3 2 2 1 1 0 0 0 0 0 0 0 0 0 0
"30" 30 0.298013245033 150 115 76 51 44 33 11 9 4 4 1 1 1 0 0 0 0 0 0 0
"31" 31 0.12927756654 369 124 4 3 0 0 0 0 0 0 0 0 0 0 0 0 0 0 0 0
"32" 32 0.446428571429 165 116 56 54 52 21 16 10 5 2 1 1 1 0 0 0 0 0 0 0
"33" 33 0.00507614213198 203 182 84 10 9 9 2 1 0 0 0 0 0 0 0 0 0 0 0 0
"34" 34 0.317829457364 96 82 82 53 45 38 24 24 16 13 9 8 4 3 3 0 0 0 0 0
"35" 35 0.413461538462 500 0 0 0 0 0 0 0 0 0 0 0 0 0 0 0 0 0 0 0
"36" 36 0.102564102564 372 52 41 21 5 5 2 1 1 0 0 0 0 0 0 0 0 0 0 0
"37" 37 0.377483443709 145 102 78 53 49 24 23 12 5 3 3 2 1 0 0 0 0 0 0 0
"38" 38 0.465408805031 258 223 15 3 1 0 0 0 0 0 0 0 0 0 0 0 0 0 0 0
"39" 39 0.594871794872 222 143 44 31 28 18 12 1 1 0 0 0 0 0 0 0 0 0 0 0
"40" 40 0.170542635659 274 119 80 11 5 5 2 1 1 1 1 0 0 0 0 0 0 0 0 0
"41" 41 0.330357142857 276 115 68 15 14 9 2 1 0 0 0 0 0 0 0 0 0 0 0 0
"42" 42 0.153284671533 335 118 31 10 3 1 1 1 0 0 0 0 0 0 0 0 0 0 0 0
"43" 43 0.0 490 6 3 1 0 0 0 0 0 0 0 0 0 0 0 0 0 0 0 0
"44" 44 0.0 372 66 43 7 4 2 2 1 1 1 1 0 0 0 0 0 0 0 0 0
"45" 45 0.0 485 11 3 1 0 0 0 0 0 0 0 0 0 0 0 0 0 0 0 0
"46" 46 0.0 185 169 52 36 29 20 7 1 1 0 0 0 0 0 0 0 0 0 0 0
"47" 47 0.0 183 90 56 45 44 32 25 9 7 6 2 1 0 0 0 0 0 0 0 0
"48" 48 0.321428571429 417 23 21 9 6 6 5 4 3 3 1 1 1 0 0 0 0 0 0 0
"49" 49 0.393305439331 268 119 66 26 12 4 2 2 1 0 0 0 0 0 0 0 0 0 0 0
"50" 50 0.298076923077 500 0 0 0 0 0 0 0 0 0 0 0 0 0 0 0 0 0 0 0
"51" 51 0.341968911917 263 142 34 21 17 13 5 4 1 0 0 0 0 0 0 0 0 0 0 0
"52" 52 0.53488372093 162 162 106 47 13 5 2 2 1 0 0 0 0 0 0 0 0 0 0 0
"53" 53 0.720930232558 133 116 57 53 34 32 27 18 15 6 5 4 0 0 0 0 0 0 0 0
"54" 54 0.54358974359 302 140 36 14 7 1 0 0 0 0 0 0 0 0 0 0 0 0 0 0
"55" 55 0.480769230769 500 0 0 0 0 0 0 0 0 0 0 0 0 0 0 0 0 0 0 0
"56" 56 0.0886075949367 500 0 0 0 0 0 0 0 0 0 0 0 0 0 0 0 0 0 0 0
"57" 57 0.563218390805 219 127 113 12 11 8 5 2 1 1 1 0 0 0 0 0 0 0 0 0
"58" 58 0.145695364238 332 140 8 7 5 3 2 1 1 1 0 0 0 0 0 0 0 0 0 0
"59" 59 0.0077519379845 171 118 117 80 13 1 0 0 0 0 0 0 0 0 0 0 0 0 0 0
"60" 60 0.153846153846 500 0 0 0 0 0 0 0 0 0 0 0 0 0 0 0 0 0 0 0
"61" 61 0.465408805031 396 91 5 3 2 2 1 0 0 0 0 0 0 0 0 0 0 0 0 0
"62" 62 0.0478468899522 394 46 36 8 5 4 3 3 1 0 0 0 0 0 0 0 0 0 0 0
"63" 63 0.0376569037657 209 202 23 20 14 9 9 6 3 2 1 1 1 0 0 0 0 0 0 0
"64" 64 0.230769230769 133 123 83 67 36 34 10 9 5 0 0 0 0 0 0 0 0 0 0 0
"65" 65 0.327044025157 330 38 33 21 20 14 11 10 6 5 4 3 2 1 1 1 0 0 0 0
"66" 66 0.523012552301 141 121 109 54 28 16 8 6 5 5 3 2 1 1 0 0 0 0 0 0
"67" 67 0.784810126582 408 47 30 6 6 2 1 0 0 0 0 0 0 0 0 0 0 0 0 0
"68" 68 0.37552742616 211 104 71 45 31 13 12 9 2 1 1 0 0 0 0 0 0 0 0 0
"69" 69 0.348837209302 212 135 43 36 34 18 7 6 4 2 1 1 1 0 0 0 0 0 0 0
"70" 70 0.0191387559809 492 4 2 1 1 0 0 0 0 0 0 0 0 0 0 0 0 0 0 0
"71" 71 0.00961538461538 500 0 0 0 0 0 0 0 0 0 0 0 0 0 0 0 0 0 0 0
"72" 72 0.062015503876 387 44 24 24 12 5 2 2 0 0 0 0 0 0 0 0 0 0 0 0
"73" 73 0.276729559748 227 113 59 45 26 11 7 4 2 2 2 2 0 0 0 0 0 0 0 0
"74" 74 0.78488372093 211 194 29 26 18 11 9 1 1 0 0 0 0 0 0 0 0 0 0 0
"75" 75 0.305699481865 371 76 32 16 3 1 1 0 0 0 0 0 0 0 0 0 0 0 0 0
"76" 76 0.763392857143 212 169 67 31 15 6 0 0 0 0 0 0 0 0 0 0 0 0 0 0
"77" 77 0.373563218391 261 92 58 45 27 5 4 4 3 1 0 0 0 0 0 0 0 0 0 0
"78" 78 0.0547445255474 393 37 35 31 2 2 0 0 0 0 0 0 0 0 0 0 0 0 0 0
"79" 79 0.0478468899522 358 45 43 23 18 5 4 2 2 0 0 0 0 0 0 0 0 0 0 0
"80" 80 0.0172413793103 154 71 59 55 45 31 29 20 12 9 7 6 1 1 0 0 0 0 0 0
"81" 81 0.0 500 0 0 0 0 0 0 0 0 0 0 0 0 0 0 0 0 0 0 0
"82" 82 0.0 496 4 0 0 0 0 0 0 0 0 0 0 0 0 0 0 0 0 0 0
"83" 83 0.045871559633 322 171 5 2 0 0 0 0 0 0 0 0 0 0 0 0 0 0 0 0
"84" 84 0.0288461538462 500 0 0 0 0 0 0 0 0 0 0 0 0 0 0 0 0 0 0 0
"85" 85 0.169230769231 245 98 71 33 27 14 7 3 2 0 0 0 0 0 0 0 0 0 0 0
"86" 86 0.0114942528736 222 142 65 21 16 12 8 3 3 3 3 1 1 0 0 0 0 0 0 0
"87" 87 0.649789029536 348 76 25 15 11 11 5 4 2 1 1 1 0 0 0 0 0 0 0 0
"88" 88 0.046511627907 293 202 3 2 0 0 0 0 0 0 0 0 0 0 0 0 0 0 0 0
"89" 89 0.300518134715 492 4 3 1 0 0 0 0 0 0 0 0 0 0 0 0 0 0 0 0
"90" 90 0.607142857143 343 87 20 16 13 9 5 4 2 1 0 0 0 0 0 0 0 0 0 0
"91" 91 0.676923076923 268 77 65 27 22 13 10 9 8 1 0 0 0 0 0 0 0 0 0 0
"92" 92 0.0 500 0 0 0 0 0 0 0 0 0 0 0 0 0 0 0 0 0 0 0
"93" 93 0.235632183908 185 111 72 53 35 24 9 7 1 1 1 1 0 0 0 0 0 0 0 0
"94" 94 0.0 287 212 1 0 0 0 0 0 0 0 0 0 0 0 0 0 0 0 0 0
"95" 95 0.637130801688 214 121 77 41 20 8 5 4 4 3 2 1 0 0 0 0 0 0 0 0
"96" 96 0.259615384615 500 0 0 0 0 0 0 0 0 0 0 0 0 0 0 0 0 0 0 0
"97" 97 0.456953642384 222 131 79 15 12 12 12 6 4 3 1 1 1 1 0 0 0 0 0 0
"98" 98 0.221757322176 353 48 29 26 19 12 6 4 2 1 0 0 0 0 0 0 0 0 0 0
"99" 99 0.594936708861 165 109 84 48 30 25 19 11 4 1 1 1 1 1 0 0 0 0 0 0
"100" 100 0.0621761658031 236 131 35 24 17 11 7 7 7 7 6 5 5 1 1 0 0 0 0 0
"101" 101 0.53642384106 356 85 36 11 7 3 1 1 0 0 0 0 0 0 0 0 0 0 0 0
"102" 102 0.298507462687 346 32 32 26 26 18 12 7 1 0 0 0 0 0 0 0 0 0 0 0
"103" 103 0.0 172 93 91 82 33 23 3 2 1 0 0 0 0 0 0 0 0 0 0 0
"104" 104 0.151898734177 300 75 67 31 24 1 1 1 0 0 0 0 0 0 0 0 0 0 0 0
"105" 105 0.044776119403 494 6 0 0 0 0 0 0 0 0 0 0 0 0 0 0 0 0 0 0
"106" 106 0.238578680203 148 128 58 49 29 23 22 18 9 8 6 2 0 0 0 0 0 0 0 0
"107" 107 0.317307692308 500 0 0 0 0 0 0 0 0 0 0 0 0 0 0 0 0 0 0 0
"108" 108 0.74213836478 422 55 15 3 3 1 1 0 0 0 0 0 0 0 0 0 0 0 0 0
"109" 109 0.122093023256 262 74 46 33 31 22 13 7 5 3 1 1 1 1 0 0 0 0 0 0
"110" 110 0.172185430464 237 213 28 8 6 4 3 1 0 0 0 0 0 0 0 0 0 0 0 0
"111" 111 0.0 275 97 75 30 8 4 4 2 2 2 1 0 0 0 0 0 0 0 0 0
"112" 112 0.252873563218 208 196 29 27 22 6 4 2 2 2 1 1 0 0 0 0 0 0 0 0
"113" 113 0.403846153846 500 0 0 0 0 0 0 0 0 0 0 0 0 0 0 0 0 0 0 0
"114" 114 0.20802919708 177 160 47 35 22 21 15 13 5 2 2 1 0 0 0 0 0 0 0 0
"115" 115 0.0264900662252 273 220 3 2 1 1 0 0 0 0 0 0 0 0 0 0 0 0 0 0
"116" 116 0.0 295 51 50 30 28 17 12 10 4 3 0 0 0 0 0 0 0 0 0 0
"117" 117 0.0 143 131 124 70 28 2 1 1 0 0 0 0 0 0 0 0 0 0 0 0
"118" 118 0.0 233 78 72 32 24 15 15 10 5 4 4 3 3 1 1 0 0 0 0 0
"119" 119 0.0239234449761 366 94 17 12 9 1 1 0 0 0 0 0 0 0 0 0 0 0 0 0
"120" 120 0.333333333333 170 60 49 46 43 37 36 31 11 8 5 3 1 0 0 0 0 0 0 0
"121" 121 0.163461538462 496 3 1 0 0 0 0 0 0 0 0 0 0 0 0 0 0 0 0 0
"122" 122 0.484304932735 314 44 40 37 25 19 15 3 1 1 1 0 0 0 0 0 0 0 0 0
"123" 123 0.0103626943005 455 38 4 3 0 0 0 0 0 0 0 0 0 0 0 0 0 0 0 0
"124" 124 0.238341968912 273 102 42 22 21 13 11 7 5 3 1 0 0 0 0 0 0 0 0 0
"125" 125 0.218905472637 384 60 25 18 9 2 1 1 0 0 0 0 0 0 0 0 0 0 0 0
"126" 126 0.144230769231 499 1 0 0 0 0 0 0 0 0 0 0 0 0 0 0 0 0 0 0
"127" 127 0.561181434599 98 88 80 75 71 34 16 16 11 7 3 1 0 0 0 0 0 0 0 0
"128" 128 0.240384615385 445 44 4 2 2 1 1 1 0 0 0 0 0 0 0 0 0 0 0 0
"129" 129 0.896373056995 335 121 22 16 5 1 0 0 0 0 0 0 0 0 0 0 0 0 0 0
"130" 130 0.412790697674 369 73 24 20 4 2 2 2 1 1 1 1 0 0 0 0 0 0 0 0
"131" 131 0.607142857143 177 64 58 57 56 56 28 2 1 1 0 0 0 0 0 0 0 0 0 0
"132" 132 0.316964285714 176 152 43 43 23 20 15 9 7 6 5 1 0 0 0 0 0 0 0 0
"133" 133 0.0 244 221 34 1 0 0 0 0 0 0 0 0 0 0 0 0 0 0 0 0
"134" 134 0.378109452736 183 93 82 60 32 25 15 4 3 2 1 0 0 0 0 0 0 0 0 0
"135" 135 0.455696202532 262 70 50 33 30 15 14 10 7 5 3 1 0 0 0 0 0 0 0 0
"136" 136 0.203488372093 249 91 58 22 20 19 14 12 11 1 1 1 1 0 0 0 0 0 0 0
"137" 137 0.0 500 0 0 0 0 0 0 0 0 0 0 0 0 0 0 0 0 0 0 0
"138" 138 0.379487179487 247 85 82 53 16 12 4 1 0 0 0 0 0 0 0 0 0 0 0 0
"139" 139 0.0 247 194 46 6 5 1 1 0 0 0 0 0 0 0 0 0 0 0 0 0
"140" 140 0.432692307692 500 0 0 0 0 0 0 0 0 0 0 0 0 0 0 0 0 0 0 0
"141" 141 0.591194968553 172 149 70 37 27 18 15 9 2 1 0 0 0 0 0 0 0 0 0 0
"142" 142 0.248175182482 157 152 85 33 16 14 12 10 6 4 3 2 2 2 1 1 0 0 0 0
"143" 143 0.138364779874 138 119 63 54 26 21 20 15 15 10 7 5 4 2 1 0 0 0 0 0
"144" 144 0.0 398 99 1 1 1 0 0 0 0 0 0 0 0 0 0 0 0 0 0 0
"145" 145 0.101265822785 500 0 0 0 0 0 0 0 0 0 0 0 0 0 0 0 0 0 0 0
"146" 146 0.0865384615385 500 0 0 0 0 0 0 0 0 0 0 0 0 0 0 0 0 0 0 0
"147" 147 0.362068965517 127 111 87 61 46 35 31 2 0 0 0 0 0 0 0 0 0 0 0 0
"148" 148 0.00507614213198 478 11 5 3 2 1 0 0 0 0 0 0 0 0 0 0 0 0 0 0
"149" 149 0.278846153846 220 107 68 28 23 20 15 9 5 5 0 0 0 0 0 0 0 0 0 0
"150" 150 0.592039800995 100 94 87 59 42 29 25 24 17 9 5 4 3 1 1 0 0 0 0 0
"151" 151 0.296511627907 398 38 26 11 10 6 3 3 3 2 0 0 0 0 0 0 0 0 0 0
"152" 152 0.917948717949 433 47 11 5 3 1 0 0 0 0 0 0 0 0 0 0 0 0 0 0
