"site" "RSA" "aa1" "aa2" "aa3" "aa4" "aa5" "aa6" "aa7" "aa8" "aa9" "aa10" "aa11" "aa12" "aa13" "aa14" "aa15" "aa16" "aa17" "aa18" "aa19" "aa20"
"0" 0 0.317880794702 372 72 54 2 0 0 0 0 0 0 0 0 0 0 0 0 0 0 0 0
"1" 1 0.00507614213198 150 88 56 55 42 34 24 22 16 6 4 2 1 0 0 0 0 0 0 0
"2" 2 0.0 227 216 14 13 10 6 5 3 3 2 1 0 0 0 0 0 0 0 0 0
"3" 3 0.10460251046 173 160 34 24 20 19 18 17 16 7 6 4 2 0 0 0 0 0 0 0
"4" 4 0.269035532995 165 94 94 78 35 18 11 3 1 1 0 0 0 0 0 0 0 0 0 0
"5" 5 0.709844559585 89 85 64 63 57 43 36 31 23 7 2 0 0 0 0 0 0 0 0 0
"6" 6 0.5 159 132 82 40 25 18 15 14 6 6 1 1 1 0 0 0 0 0 0 0
"7" 7 0.421524663677 245 116 61 34 9 7 7 5 5 3 2 2 2 1 1 0 0 0 0 0
"8" 8 0.0348258706468 158 116 110 61 29 6 5 4 3 3 3 1 1 0 0 0 0 0 0 0
"9" 9 0.403846153846 244 101 51 27 14 14 13 12 12 8 2 2 0 0 0 0 0 0 0 0
"10" 10 0.0174418604651 332 66 53 16 14 11 5 2 1 0 0 0 0 0 0 0 0 0 0 0
"11" 11 0.574358974359 413 64 9 5 3 2 2 1 1 0 0 0 0 0 0 0 0 0 0 0
"12" 12 0.459119496855 176 127 123 26 13 10 8 5 4 4 3 1 0 0 0 0 0 0 0 0
"13" 13 0.0232558139535 185 111 91 33 32 27 10 2 2 2 2 1 1 1 0 0 0 0 0 0
"14" 14 0.629464285714 221 131 92 14 10 9 8 4 3 3 2 2 1 0 0 0 0 0 0 0
"15" 15 0.28855721393 211 203 40 17 12 8 2 2 2 1 1 1 0 0 0 0 0 0 0 0
"16" 16 0.119496855346 113 100 67 52 46 34 24 21 18 6 5 5 5 4 0 0 0 0 0 0
"17" 17 0.704402515723 310 82 53 24 22 2 2 2 2 1 0 0 0 0 0 0 0 0 0 0
"18" 18 0.119402985075 353 67 65 6 4 3 1 1 0 0 0 0 0 0 0 0 0 0 0 0
"19" 19 0.522012578616 114 109 98 49 45 30 16 14 10 7 7 1 0 0 0 0 0 0 0 0
"20" 20 0.133079847909 139 89 73 56 52 51 13 11 4 3 3 3 2 1 0 0 0 0 0 0
"21" 21 0.355769230769 155 134 95 62 24 10 9 5 3 1 1 1 0 0 0 0 0 0 0 0
"22" 22 0.281368821293 113 108 86 61 59 23 20 15 13 1 1 0 0 0 0 0 0 0 0 0
"23" 23 0.559585492228 280 133 36 12 10 8 7 5 4 2 1 1 1 0 0 0 0 0 0 0
"24" 24 0.248062015504 258 155 33 22 9 8 7 4 2 1 1 0 0 0 0 0 0 0 0 0
"25" 25 0.0 375 43 31 16 9 6 5 5 4 1 1 1 1 1 1 0 0 0 0 0
"26" 26 0.352678571429 216 66 62 49 38 28 10 6 6 6 4 3 3 2 1 0 0 0 0 0
"27" 27 0.476793248945 121 91 79 72 27 27 20 16 15 11 7 5 4 2 2 1 0 0 0 0
"28" 28 0.0 244 109 82 38 12 5 2 2 2 2 1 1 0 0 0 0 0 0 0 0
"29" 29 0.0253807106599 140 136 81 28 28 26 18 14 11 6 4 3 3 2 0 0 0 0 0 0
"30" 30 0.0829015544041 274 67 39 35 27 21 11 10 5 3 2 2 1 1 1 1 0 0 0 0
"31" 31 0.0697674418605 230 79 75 35 29 23 11 6 5 2 2 1 1 1 0 0 0 0 0 0
"32" 32 0.495535714286 158 103 87 42 24 22 21 15 14 8 5 1 0 0 0 0 0 0 0 0
"33" 33 0.0116279069767 151 133 71 49 32 16 10 10 9 6 5 3 3 2 0 0 0 0 0 0
"34" 34 0.0045871559633 224 74 46 39 28 27 15 13 13 10 4 4 2 1 0 0 0 0 0 0
"35" 35 0.434599156118 205 76 56 49 48 23 22 12 3 2 1 1 1 1 0 0 0 0 0 0
"36" 36 0.407960199005 133 108 101 61 25 17 17 13 8 7 6 2 2 0 0 0 0 0 0 0
"37" 37 0.0191387559809 400 25 23 19 12 6 4 3 3 2 1 1 1 0 0 0 0 0 0 0
"38" 38 0.0334928229665 473 15 4 3 2 1 1 1 0 0 0 0 0 0 0 0 0 0 0 0
"39" 39 0.326424870466 147 76 70 40 28 26 24 19 19 13 11 10 9 4 4 0 0 0 0 0
"40" 40 0.599156118143 188 119 99 43 21 9 5 4 4 4 3 1 0 0 0 0 0 0 0 0
"41" 41 0.311004784689 297 112 34 18 9 5 5 4 4 4 3 3 1 1 0 0 0 0 0 0
"42" 42 0.0 478 5 5 4 3 2 1 1 1 0 0 0 0 0 0 0 0 0 0 0
"43" 43 0.124031007752 214 116 47 27 21 20 17 15 9 5 3 3 2 1 0 0 0 0 0 0
"44" 44 0.294573643411 125 124 40 39 27 27 21 21 19 16 15 14 10 2 0 0 0 0 0 0
"45" 45 0.102661596958 417 42 17 10 4 3 2 2 2 1 0 0 0 0 0 0 0 0 0 0
"46" 46 0.0229885057471 221 79 66 52 26 14 12 11 10 8 1 0 0 0 0 0 0 0 0 0
"47" 47 0.471794871795 241 115 47 22 21 20 15 9 3 3 2 1 1 0 0 0 0 0 0 0
"48" 48 0.369230769231 161 130 106 47 11 9 8 7 5 5 4 3 2 1 1 0 0 0 0 0
"49" 49 0.00497512437811 311 73 26 25 23 18 7 6 4 2 2 1 1 1 0 0 0 0 0 0
"50" 50 0.14358974359 117 106 78 58 38 34 31 25 5 3 2 2 1 0 0 0 0 0 0 0
"51" 51 0.441025641026 146 110 83 44 29 28 21 11 11 8 3 3 2 1 0 0 0 0 0 0
"52" 52 0.0232558139535 196 93 75 26 21 14 13 12 11 10 9 5 4 3 3 2 2 1 0 0
"53" 53 0.00995024875622 391 32 26 11 7 7 6 5 4 4 3 3 1 0 0 0 0 0 0 0
"54" 54 0.599156118143 156 58 55 55 41 32 28 27 23 14 4 4 2 1 0 0 0 0 0 0
"55" 55 0.603375527426 80 74 52 52 51 45 32 29 28 26 8 7 7 3 3 3 0 0 0 0
"56" 56 0.167464114833 218 119 96 34 10 7 6 6 1 1 1 1 0 0 0 0 0 0 0 0
"57" 57 0.471698113208 122 117 100 92 39 20 5 3 2 0 0 0 0 0 0 0 0 0 0 0
"58" 58 0.549107142857 135 84 72 69 58 49 10 6 6 6 3 1 1 0 0 0 0 0 0 0
"59" 59 0.114427860697 256 97 40 26 17 16 16 9 9 5 4 3 1 1 0 0 0 0 0 0
"60" 60 0.224215246637 261 70 67 48 23 10 7 5 4 2 1 1 1 0 0 0 0 0 0 0
"61" 61 0.815384615385 121 103 90 62 52 29 22 5 5 3 3 3 2 0 0 0 0 0 0 0
"62" 62 0.271523178808 123 104 69 47 41 35 30 18 13 8 6 2 1 1 1 1 0 0 0 0
"63" 63 0.0529801324503 288 109 43 32 13 5 3 2 1 1 1 1 1 0 0 0 0 0 0 0
"64" 64 0.00574712643678 237 78 45 39 38 31 18 4 3 3 2 1 1 0 0 0 0 0 0 0
"65" 65 0.0 429 35 10 9 6 5 5 1 0 0 0 0 0 0 0 0 0 0 0 0
"66" 66 0.325581395349 129 116 59 47 42 41 18 11 10 9 8 3 2 2 1 1 1 0 0 0
"67" 67 0.0298507462687 342 60 26 21 15 11 10 4 4 3 2 1 1 0 0 0 0 0 0 0
"68" 68 0.0149253731343 406 48 14 6 5 5 5 4 4 2 1 0 0 0 0 0 0 0 0 0
"69" 69 0.43795620438 150 102 74 43 39 22 17 15 11 10 8 2 2 2 2 1 0 0 0 0
"70" 70 0.419689119171 188 119 104 49 9 9 8 4 3 2 1 1 1 1 1 0 0 0 0 0
"71" 71 0.129353233831 340 52 30 16 13 12 11 7 4 3 3 3 2 2 1 1 0 0 0 0
"72" 72 0.682051282051 193 98 61 52 51 22 7 6 5 2 1 1 1 0 0 0 0 0 0 0
"73" 73 0.509933774834 124 89 79 52 48 36 15 14 13 10 9 5 5 1 0 0 0 0 0 0
"74" 74 0.0 284 147 40 7 6 6 5 2 2 1 0 0 0 0 0 0 0 0 0 0
"75" 75 0.220125786164 112 97 85 57 24 22 20 17 17 15 14 10 5 5 0 0 0 0 0 0
"76" 76 0.709821428571 311 98 44 34 7 4 1 1 0 0 0 0 0 0 0 0 0 0 0 0
"77" 77 0.549222797927 155 115 83 44 30 29 28 6 3 3 2 1 1 0 0 0 0 0 0 0
"78" 78 0.0152284263959 138 136 69 59 54 23 9 3 2 2 1 1 1 1 1 0 0 0 0 0
"79" 79 0.259124087591 287 143 47 11 11 1 0 0 0 0 0 0 0 0 0 0 0 0 0 0
"80" 80 0.517441860465 213 178 38 20 16 8 8 6 4 3 3 2 1 0 0 0 0 0 0 0
"81" 81 0.308139534884 130 69 65 61 48 31 28 17 15 11 7 6 4 3 2 2 1 0 0 0
"82" 82 0.0 225 75 70 37 30 13 13 12 8 7 6 1 1 1 1 0 0 0 0 0
"83" 83 0.332116788321 246 183 36 11 7 6 5 3 2 1 0 0 0 0 0 0 0 0 0 0
"84" 84 0.317948717949 192 90 78 49 29 25 12 8 7 6 3 1 0 0 0 0 0 0 0 0
"85" 85 0.0871794871795 336 52 20 17 15 14 10 9 5 5 5 3 3 2 2 1 1 0 0 0
"86" 86 0.00961538461538 397 60 14 9 6 3 3 2 2 2 1 1 0 0 0 0 0 0 0 0
"87" 87 0.00961538461538 487 11 1 1 0 0 0 0 0 0 0 0 0 0 0 0 0 0 0 0
"88" 88 0.0 380 66 26 13 6 5 3 1 0 0 0 0 0 0 0 0 0 0 0 0
"89" 89 0.00478468899522 226 102 73 51 28 9 4 3 3 1 0 0 0 0 0 0 0 0 0 0
"90" 90 0.0 266 53 32 29 25 24 22 20 16 10 3 0 0 0 0 0 0 0 0 0
"91" 91 0.0 162 82 56 53 51 40 40 6 5 3 2 0 0 0 0 0 0 0 0 0
"92" 92 0.0 468 8 8 5 5 1 1 1 1 1 1 0 0 0 0 0 0 0 0 0
"93" 93 0.0116279069767 108 84 66 61 51 51 30 14 10 6 6 5 3 3 1 1 0 0 0 0
"94" 94 0.00507614213198 224 153 44 40 16 8 5 3 2 2 2 1 0 0 0 0 0 0 0 0
"95" 95 0.00836820083682 323 85 45 33 7 5 1 1 0 0 0 0 0 0 0 0 0 0 0 0
"96" 96 0.0141843971631 445 34 6 6 4 2 1 1 1 0 0 0 0 0 0 0 0 0 0 0
"97" 97 0.152466367713 114 111 82 77 49 28 9 8 6 6 6 3 1 0 0 0 0 0 0 0
"98" 98 0.0 285 72 42 31 19 18 11 11 4 4 2 1 0 0 0 0 0 0 0 0
"99" 99 0.00917431192661 162 122 106 44 34 13 7 6 2 1 1 1 1 0 0 0 0 0 0 0
"100" 100 0.119205298013 171 139 95 37 37 13 5 2 1 0 0 0 0 0 0 0 0 0 0 0
"101" 101 0.308176100629 266 126 40 33 17 8 3 2 2 1 1 1 0 0 0 0 0 0 0 0
"102" 102 0.787564766839 295 73 38 28 26 23 13 3 1 0 0 0 0 0 0 0 0 0 0 0
"103" 103 0.153846153846 500 0 0 0 0 0 0 0 0 0 0 0 0 0 0 0 0 0 0 0
"104" 104 0.163461538462 500 0 0 0 0 0 0 0 0 0 0 0 0 0 0 0 0 0 0 0
"105" 105 0.548076923077 500 0 0 0 0 0 0 0 0 0 0 0 0 0 0 0 0 0 0 0
"106" 106 0.556053811659 206 102 55 38 22 17 16 11 10 7 5 3 3 3 2 0 0 0 0 0
"107" 107 0.11320754717 305 130 33 17 7 3 2 2 1 0 0 0 0 0 0 0 0 0 0 0
"108" 108 0.453488372093 183 98 78 56 27 11 9 9 8 7 5 5 3 1 0 0 0 0 0 0
"109" 109 0.423076923077 500 0 0 0 0 0 0 0 0 0 0 0 0 0 0 0 0 0 0 0
"110" 110 0.512953367876 126 118 64 52 36 33 20 18 11 10 8 2 1 1 0 0 0 0 0 0
"111" 111 0.0 189 87 45 34 32 28 26 24 12 10 10 2 1 0 0 0 0 0 0 0
"112" 112 0.108527131783 98 98 71 55 51 36 20 20 19 13 12 7 0 0 0 0 0 0 0 0
"113" 113 0.542600896861 178 73 62 58 55 26 15 14 11 6 1 1 0 0 0 0 0 0 0 0
"114" 114 0.196428571429 116 106 57 56 49 39 23 16 15 7 7 4 4 1 0 0 0 0 0 0
"115" 115 0.0 201 166 32 30 23 10 9 7 7 6 5 2 2 0 0 0 0 0 0 0
"116" 116 0.410256410256 93 79 69 51 41 34 34 24 22 17 11 8 8 7 1 1 0 0 0 0
"117" 117 0.704035874439 203 72 52 43 41 29 23 16 6 5 4 3 2 1 0 0 0 0 0 0
"118" 118 0.389534883721 103 80 58 58 40 39 38 28 21 10 5 5 4 4 3 2 2 0 0 0
"119" 119 0.117154811715 436 33 15 12 1 1 1 1 0 0 0 0 0 0 0 0 0 0 0 0
"120" 120 0.538461538462 500 0 0 0 0 0 0 0 0 0 0 0 0 0 0 0 0 0 0 0
"121" 121 0.238410596026 251 116 51 30 20 10 6 5 4 2 2 1 1 1 0 0 0 0 0 0
"122" 122 0.0627615062762 191 72 53 44 34 24 18 17 16 10 7 6 4 3 1 0 0 0 0 0
"123" 123 0.424107142857 217 136 43 32 26 16 6 5 5 5 5 4 0 0 0 0 0 0 0 0
"124" 124 0.316964285714 125 106 96 65 39 15 14 10 9 8 3 2 2 2 2 1 1 0 0 0
"125" 125 0.0 255 92 73 33 21 16 3 3 1 1 1 1 0 0 0 0 0 0 0 0
"126" 126 0.240506329114 209 97 81 65 20 12 8 3 2 1 1 1 0 0 0 0 0 0 0 0
"127" 127 0.556962025316 108 107 66 55 33 29 26 23 21 15 14 1 1 1 0 0 0 0 0 0
"128" 128 0.300448430493 271 67 42 29 29 12 10 10 10 8 6 5 1 0 0 0 0 0 0 0
"129" 129 0.0 374 51 43 9 8 6 3 3 2 1 0 0 0 0 0 0 0 0 0 0
"130" 130 0.14358974359 127 89 86 49 46 40 24 13 8 6 5 3 2 2 0 0 0 0 0 0
"131" 131 0.551569506726 132 76 70 51 42 32 23 23 22 15 6 5 2 1 0 0 0 0 0 0
"132" 132 0.15503875969 197 70 54 45 39 30 15 10 9 7 6 5 4 4 2 2 1 0 0 0
"133" 133 0.0 221 172 96 4 2 2 1 1 1 0 0 0 0 0 0 0 0 0 0 0
"134" 134 0.394230769231 162 75 61 48 24 23 22 19 17 15 8 6 6 6 4 2 2 0 0 0
"135" 135 0.626943005181 130 69 61 56 38 37 30 23 21 16 8 6 2 1 1 1 0 0 0 0
"136" 136 0.211678832117 357 73 50 6 4 3 2 2 1 1 1 0 0 0 0 0 0 0 0 0
"137" 137 0.832635983264 129 121 111 48 27 25 17 10 7 4 1 0 0 0 0 0 0 0 0 0
"138" 138 0.394230769231 500 0 0 0 0 0 0 0 0 0 0 0 0 0 0 0 0 0 0 0
"139" 139 0.258278145695 113 95 92 42 42 18 16 15 14 10 10 10 8 7 4 2 2 0 0 0
"140" 140 0.0 500 0 0 0 0 0 0 0 0 0 0 0 0 0 0 0 0 0 0 0
"141" 141 0.00354609929078 349 42 33 29 11 9 9 7 6 2 1 1 1 0 0 0 0 0 0 0
"142" 142 0.0 237 168 60 34 1 0 0 0 0 0 0 0 0 0 0 0 0 0 0 0
"143" 143 0.00354609929078 167 156 81 50 20 8 7 5 5 1 0 0 0 0 0 0 0 0 0 0
"144" 144 0.0 275 57 45 40 25 13 10 9 9 8 7 2 0 0 0 0 0 0 0 0
"145" 145 0.0 244 206 26 14 4 2 1 1 1 1 0 0 0 0 0 0 0 0 0 0
"146" 146 0.127737226277 120 120 50 49 46 44 40 12 10 4 2 1 1 1 0 0 0 0 0 0
"147" 147 0.0923076923077 206 113 105 47 8 5 4 4 4 2 1 1 0 0 0 0 0 0 0 0
"148" 148 0.62893081761 223 90 46 45 36 31 15 7 3 3 1 0 0 0 0 0 0 0 0 0
"149" 149 0.708520179372 153 93 85 73 42 28 11 10 5 0 0 0 0 0 0 0 0 0 0 0
"150" 150 0.355769230769 493 7 0 0 0 0 0 0 0 0 0 0 0 0 0 0 0 0 0 0
"151" 151 0.47533632287 156 83 77 58 36 35 30 8 6 5 3 2 1 0 0 0 0 0 0 0
"152" 152 0.044776119403 404 36 15 8 8 7 5 4 4 4 4 1 0 0 0 0 0 0 0 0
"153" 153 0.367713004484 177 70 60 40 38 35 32 12 8 7 7 6 3 2 2 1 0 0 0 0
"154" 154 0.172413793103 333 94 19 16 13 11 5 4 2 2 1 0 0 0 0 0 0 0 0 0
"155" 155 0.137931034483 170 95 45 43 27 25 20 19 17 12 11 7 3 3 2 1 0 0 0 0
"156" 156 0.238410596026 157 87 75 69 36 32 13 12 10 4 2 2 1 0 0 0 0 0 0 0
"157" 157 0.0232558139535 145 123 75 42 29 20 19 13 10 9 7 3 3 1 1 0 0 0 0 0
"158" 158 0.276729559748 243 133 36 34 34 7 5 4 2 1 1 0 0 0 0 0 0 0 0 0
"159" 159 0.405128205128 477 21 2 0 0 0 0 0 0 0 0 0 0 0 0 0 0 0 0 0
"160" 160 0.0179372197309 432 42 9 6 4 3 2 2 0 0 0 0 0 0 0 0 0 0 0 0
"161" 161 0.0932642487047 158 147 75 60 31 9 6 4 4 3 2 1 0 0 0 0 0 0 0 0
"162" 162 0.0102564102564 365 56 41 19 10 5 2 1 1 0 0 0 0 0 0 0 0 0 0 0
"163" 163 0.0 418 33 25 18 2 1 1 1 1 0 0 0 0 0 0 0 0 0 0 0
"164" 164 0.0152284263959 404 39 21 11 7 4 3 3 2 2 2 1 1 0 0 0 0 0 0 0
"165" 165 0.275229357798 253 69 46 40 32 15 12 8 6 6 5 5 2 1 0 0 0 0 0 0
"166" 166 0.5 83 80 80 66 46 44 30 25 21 10 10 3 1 1 0 0 0 0 0 0
"167" 167 0.451923076923 422 76 1 1 0 0 0 0 0 0 0 0 0 0 0 0 0 0 0 0
"168" 168 0.0529801324503 98 72 71 67 51 45 44 28 12 5 2 2 1 1 1 0 0 0 0 0
"169" 169 0.110266159696 441 19 17 10 9 3 1 0 0 0 0 0 0 0 0 0 0 0 0 0
"170" 170 0.0 356 41 23 22 22 11 11 9 5 0 0 0 0 0 0 0 0 0 0 0
"171" 171 0.0 331 88 41 22 7 5 2 2 1 1 0 0 0 0 0 0 0 0 0 0
"172" 172 0.0 213 110 47 39 33 21 18 7 4 3 2 2 1 0 0 0 0 0 0 0
"173" 173 0.00961538461538 229 227 30 12 2 0 0 0 0 0 0 0 0 0 0 0 0 0 0 0
"174" 174 0.0 99 87 67 37 31 31 31 31 27 21 19 9 7 2 1 0 0 0 0 0
"175" 175 0.0 366 64 47 13 6 2 1 1 0 0 0 0 0 0 0 0 0 0 0 0
"176" 176 0.0 223 123 52 48 24 16 9 3 1 1 0 0 0 0 0 0 0 0 0 0
"177" 177 0.191489361702 148 132 93 77 20 19 5 3 1 1 1 0 0 0 0 0 0 0 0 0
"178" 178 0.504464285714 125 100 65 36 34 33 27 25 18 13 12 6 4 2 0 0 0 0 0 0
"179" 179 0.186602870813 205 80 61 58 25 17 17 15 8 5 3 3 1 1 1 0 0 0 0 0
"180" 180 0.0232558139535 271 135 53 16 10 4 4 4 1 1 1 0 0 0 0 0 0 0 0 0
"181" 181 0.0190114068441 209 200 91 0 0 0 0 0 0 0 0 0 0 0 0 0 0 0 0 0
"182" 182 0.410646387833 165 61 53 49 49 42 35 21 19 3 2 1 0 0 0 0 0 0 0 0
"183" 183 0.477611940299 142 69 68 56 39 38 21 17 12 11 7 7 6 3 3 1 0 0 0 0
"184" 184 0.28102189781 378 25 22 19 13 10 8 6 6 4 4 2 2 1 0 0 0 0 0 0
"185" 185 0.0228136882129 397 83 12 4 2 2 0 0 0 0 0 0 0 0 0 0 0 0 0 0
"186" 186 0.304932735426 452 37 11 0 0 0 0 0 0 0 0 0 0 0 0 0 0 0 0 0
"187" 187 0.610256410256 271 87 33 32 28 21 7 6 6 3 2 2 1 1 0 0 0 0 0 0
"188" 188 0.295620437956 149 140 43 34 33 29 18 15 14 10 8 6 1 0 0 0 0 0 0 0
"189" 189 0.113138686131 280 71 63 30 14 10 9 9 7 6 1 0 0 0 0 0 0 0 0 0
"190" 190 0.584905660377 148 131 61 44 33 20 17 16 15 6 5 2 1 1 0 0 0 0 0 0
"191" 191 0.397321428571 135 105 91 66 48 21 15 11 5 3 0 0 0 0 0 0 0 0 0 0
"192" 192 0.00380228136882 214 120 93 44 20 6 2 1 0 0 0 0 0 0 0 0 0 0 0 0
"193" 193 0.00995024875622 283 66 35 21 18 17 15 13 13 10 6 1 1 1 0 0 0 0 0 0
"194" 194 0.425641025641 155 126 110 29 13 12 11 11 9 7 6 5 3 2 1 0 0 0 0 0
"195" 195 0.251282051282 151 87 53 47 35 34 32 18 17 13 5 3 2 2 1 0 0 0 0 0
"196" 196 0.0 253 150 33 20 10 9 8 5 5 3 2 1 1 0 0 0 0 0 0 0
"197" 197 0.0248226950355 288 109 36 24 8 8 7 6 5 3 3 1 1 1 0 0 0 0 0 0
"198" 198 0.379487179487 153 145 107 27 23 19 13 8 3 1 1 0 0 0 0 0 0 0 0 0
"199" 199 0.0 157 153 68 28 27 17 16 14 6 5 3 3 2 1 0 0 0 0 0 0
"200" 200 0.0 206 96 58 36 21 18 18 13 9 8 6 4 4 2 1 0 0 0 0 0
"201" 201 0.148717948718 404 44 19 14 12 4 2 1 0 0 0 0 0 0 0 0 0 0 0 0
"202" 202 0.0425531914894 417 58 12 8 1 1 1 1 1 0 0 0 0 0 0 0 0 0 0 0
"203" 203 0.450331125828 243 118 54 53 13 6 5 3 2 1 1 1 0 0 0 0 0 0 0 0
"204" 204 0.0982142857143 118 76 61 58 37 34 30 27 26 18 10 4 1 0 0 0 0 0 0 0
"205" 205 0.0 223 110 33 31 28 25 16 12 8 6 5 2 1 0 0 0 0 0 0 0
"206" 206 0.0923076923077 149 118 81 49 42 32 10 5 4 3 3 3 1 0 0 0 0 0 0 0
"207" 207 0.456204379562 177 140 104 31 16 14 14 2 1 1 0 0 0 0 0 0 0 0 0 0
"208" 208 0.0 463 15 5 3 3 2 2 2 1 1 1 1 1 0 0 0 0 0 0 0
"209" 209 0.046511627907 174 135 47 23 22 19 18 18 11 8 7 7 6 3 1 1 0 0 0 0
"210" 210 0.569506726457 121 108 93 52 52 43 9 7 7 3 2 2 1 0 0 0 0 0 0 0
"211" 211 0.410852713178 124 113 77 75 47 20 16 8 5 4 4 3 2 2 0 0 0 0 0 0
"212" 212 0.271523178808 250 185 65 0 0 0 0 0 0 0 0 0 0 0 0 0 0 0 0 0
