"site" "RSA" "aa1" "aa2" "aa3" "aa4" "aa5" "aa6" "aa7" "aa8" "aa9" "aa10" "aa11" "aa12" "aa13" "aa14" "aa15" "aa16" "aa17" "aa18" "aa19" "aa20"
"0" 0 0.0275229357798 176 129 118 43 11 10 9 2 2 0 0 0 0 0 0 0 0 0 0 0
"1" 1 0.0615384615385 410 22 18 17 8 5 4 4 4 2 2 2 1 1 0 0 0 0 0 0
"2" 2 0.0 337 62 27 24 12 11 9 8 6 1 1 1 1 0 0 0 0 0 0 0
"3" 3 0.00574712643678 175 166 96 26 19 7 4 4 2 1 0 0 0 0 0 0 0 0 0 0
"4" 4 0.00995024875622 359 73 30 15 7 6 5 2 1 1 1 0 0 0 0 0 0 0 0 0
"5" 5 0.0550458715596 121 91 63 48 47 39 21 19 15 10 8 8 5 4 1 0 0 0 0 0
"6" 6 0.115384615385 499 1 0 0 0 0 0 0 0 0 0 0 0 0 0 0 0 0 0 0
"7" 7 0.134328358209 323 40 37 30 17 13 9 9 5 4 4 2 2 2 1 1 1 0 0 0
"8" 8 0.0251572327044 115 105 62 45 41 35 20 17 14 13 13 9 6 5 0 0 0 0 0 0
"9" 9 0.201923076923 500 0 0 0 0 0 0 0 0 0 0 0 0 0 0 0 0 0 0 0
"10" 10 0.0232558139535 394 88 17 1 0 0 0 0 0 0 0 0 0 0 0 0 0 0 0 0
"11" 11 0.144230769231 500 0 0 0 0 0 0 0 0 0 0 0 0 0 0 0 0 0 0 0
"12" 12 0.0970464135021 113 88 66 65 54 46 30 16 11 9 2 0 0 0 0 0 0 0 0 0
"13" 13 0.336538461538 182 106 72 67 22 12 10 7 6 6 6 2 1 1 0 0 0 0 0 0
"14" 14 0.133720930233 178 140 64 42 17 13 10 8 6 4 4 4 4 3 2 1 0 0 0 0
"15" 15 0.0358744394619 127 105 57 46 38 28 24 19 16 14 9 6 4 4 3 0 0 0 0 0
"16" 16 0.0 206 194 91 4 4 1 0 0 0 0 0 0 0 0 0 0 0 0 0 0
"17" 17 0.245535714286 206 58 56 56 41 33 15 12 8 7 3 2 1 1 1 0 0 0 0 0
"18" 18 0.171532846715 82 81 74 73 45 29 25 19 18 17 13 8 7 6 2 1 0 0 0 0
"19" 19 0.0 194 68 59 34 28 24 20 19 17 15 12 6 2 1 1 0 0 0 0 0
"20" 20 0.224137931034 158 84 80 75 35 25 12 8 7 6 4 3 1 1 1 0 0 0 0 0
"21" 21 0.71875 192 113 82 40 16 14 11 8 7 5 4 4 2 1 1 0 0 0 0 0
"22" 22 0.378238341969 159 101 56 35 28 27 19 17 13 10 8 8 7 6 3 2 1 0 0 0
"23" 23 0.300380228137 226 159 72 11 8 7 5 4 4 3 1 0 0 0 0 0 0 0 0 0
"24" 24 0.538461538462 462 25 4 3 3 2 1 0 0 0 0 0 0 0 0 0 0 0 0 0
"25" 25 0.0609137055838 206 62 53 53 29 20 17 15 15 10 6 5 2 2 2 1 1 1 0 0
"26" 26 0.106918238994 281 53 39 35 32 15 11 9 7 6 4 3 1 1 1 1 1 0 0 0
"27" 27 0.277511961722 191 120 45 34 30 27 19 13 6 5 3 2 1 1 1 1 1 0 0 0
"28" 28 0.010152284264 296 78 55 34 22 6 2 2 1 1 1 1 1 0 0 0 0 0 0 0
"29" 29 0.0596026490066 243 176 47 18 7 4 2 1 1 1 0 0 0 0 0 0 0 0 0 0
"30" 30 0.0290697674419 125 121 63 34 34 26 25 18 13 10 9 8 7 4 2 1 0 0 0 0
"31" 31 0.182692307692 269 163 39 17 4 3 2 2 1 0 0 0 0 0 0 0 0 0 0 0
"32" 32 0.435233160622 275 82 63 30 17 10 8 6 3 2 2 1 1 0 0 0 0 0 0 0
"33" 33 0.224770642202 111 86 65 48 43 27 27 24 18 13 13 12 10 1 1 1 0 0 0 0
"34" 34 0.0460251046025 148 85 75 40 31 26 26 23 12 10 9 6 3 2 2 2 0 0 0 0
"35" 35 0.200729927007 284 86 67 27 14 13 5 2 2 0 0 0 0 0 0 0 0 0 0 0
"36" 36 0.325581395349 152 119 74 45 39 24 12 9 8 6 5 2 2 1 1 1 0 0 0 0
"37" 37 0.0542635658915 92 88 61 61 58 46 35 21 21 9 5 2 1 0 0 0 0 0 0 0
"38" 38 0.183486238532 206 79 61 43 33 20 16 14 12 5 5 3 2 1 0 0 0 0 0 0
"39" 39 0.742616033755 218 102 48 40 32 24 16 8 3 3 2 2 1 1 0 0 0 0 0 0
"40" 40 0.633928571429 156 125 86 38 33 29 17 5 4 3 2 1 1 0 0 0 0 0 0 0
"41" 41 0.647321428571 165 66 63 46 40 39 30 26 15 4 3 3 0 0 0 0 0 0 0 0
"42" 42 0.267441860465 165 144 67 60 21 18 13 4 4 2 1 1 0 0 0 0 0 0 0 0
"43" 43 0.710691823899 235 133 30 27 25 20 19 10 1 0 0 0 0 0 0 0 0 0 0 0
"44" 44 0.233830845771 131 127 121 48 23 9 7 7 6 4 4 3 3 2 2 2 1 0 0 0
"45" 45 0.0 499 1 0 0 0 0 0 0 0 0 0 0 0 0 0 0 0 0 0 0
"46" 46 0.477611940299 213 130 46 27 18 14 13 9 7 6 4 4 3 3 3 0 0 0 0 0
"47" 47 0.473214285714 187 87 81 29 26 19 18 18 9 8 8 6 2 1 1 0 0 0 0 0
"48" 48 0.0 122 110 60 56 42 31 16 15 14 13 7 5 4 2 2 1 0 0 0 0
"49" 49 0.383966244726 228 93 70 67 13 8 7 4 3 3 2 2 0 0 0 0 0 0 0 0
"50" 50 0.430463576159 90 84 79 66 51 34 23 21 18 10 10 8 3 1 1 1 0 0 0 0
"51" 51 0.292775665399 336 74 44 20 11 5 3 2 2 1 1 1 0 0 0 0 0 0 0 0
"52" 52 0.111675126904 160 106 74 59 25 20 14 10 9 8 5 4 3 2 1 0 0 0 0 0
"53" 53 0.316062176166 221 110 61 25 21 11 11 9 9 6 6 3 3 2 1 1 0 0 0 0
"54" 54 0.518987341772 163 91 77 65 35 15 14 12 10 5 4 3 2 2 1 1 0 0 0 0
"55" 55 0.0673076923077 499 1 0 0 0 0 0 0 0 0 0 0 0 0 0 0 0 0 0 0
"56" 56 0.348214285714 315 75 40 29 17 12 4 3 1 1 1 1 1 0 0 0 0 0 0 0
"57" 57 0.223880597015 106 99 91 53 43 31 21 13 11 8 7 5 4 2 2 2 1 1 0 0
"58" 58 0.0574712643678 185 67 53 42 37 34 27 23 9 6 4 4 4 3 1 1 0 0 0 0
"59" 59 0.327044025157 135 80 77 74 67 24 13 12 8 5 2 2 1 0 0 0 0 0 0 0
"60" 60 0.290155440415 105 94 86 81 31 25 20 15 13 10 5 4 4 4 3 0 0 0 0 0
"61" 61 0.776785714286 225 175 37 18 15 10 8 6 3 2 1 0 0 0 0 0 0 0 0 0
"62" 62 0.206896551724 111 105 72 69 29 26 19 15 12 12 9 8 4 4 3 1 1 0 0 0
"63" 63 0.0290697674419 78 66 65 64 55 36 34 30 22 17 12 11 9 1 0 0 0 0 0 0
"64" 64 0.182741116751 110 104 82 35 34 32 26 22 17 16 14 3 2 2 1 0 0 0 0 0
"65" 65 0.403846153846 148 128 93 58 17 14 11 8 7 6 5 2 2 1 0 0 0 0 0 0
"66" 66 0.126903553299 132 125 69 44 41 23 15 10 8 7 7 7 4 3 3 2 0 0 0 0
"67" 67 0.0 114 89 61 60 37 35 31 27 13 12 10 4 3 2 2 0 0 0 0 0
"68" 68 0.481012658228 267 78 60 25 19 18 15 8 6 1 1 1 1 0 0 0 0 0 0 0
"69" 69 0.59375 213 84 63 57 44 15 7 5 4 3 2 2 1 0 0 0 0 0 0 0
"70" 70 0.204379562044 91 77 64 39 39 34 32 24 22 18 15 11 11 10 6 4 3 0 0 0
"71" 71 0.0199004975124 332 78 23 22 18 6 6 4 3 2 2 1 1 1 1 0 0 0 0 0
"72" 72 0.346153846154 101 87 61 50 48 39 37 31 12 11 7 7 5 2 1 1 0 0 0 0
"73" 73 0.459915611814 111 92 59 58 53 31 27 22 18 14 11 3 1 0 0 0 0 0 0 0
"74" 74 0.751295336788 221 102 67 37 25 21 11 10 4 1 1 0 0 0 0 0 0 0 0 0
"75" 75 0.367875647668 202 82 43 42 35 23 22 21 19 8 2 1 0 0 0 0 0 0 0 0
"76" 76 0.00632911392405 392 37 19 18 12 7 6 3 2 2 2 0 0 0 0 0 0 0 0 0
"77" 77 0.53125 90 82 66 65 55 42 34 27 11 9 7 5 3 3 1 0 0 0 0 0
"78" 78 0.594890510949 135 119 89 47 29 24 13 13 11 6 5 5 2 2 0 0 0 0 0 0
"79" 79 0.00961538461538 500 0 0 0 0 0 0 0 0 0 0 0 0 0 0 0 0 0 0 0
"80" 80 0.00418410041841 382 66 30 4 3 3 3 2 2 2 1 1 1 0 0 0 0 0 0 0
"81" 81 0.0 180 130 73 60 23 18 9 3 1 1 1 1 0 0 0 0 0 0 0 0
"82" 82 0.0 323 80 37 22 17 15 3 1 1 1 0 0 0 0 0 0 0 0 0 0
"83" 83 0.0518134715026 186 170 38 35 34 19 14 1 1 1 1 0 0 0 0 0 0 0 0 0
"84" 84 0.0288461538462 497 2 1 0 0 0 0 0 0 0 0 0 0 0 0 0 0 0 0 0
"85" 85 0.0 265 154 39 36 2 1 1 1 1 0 0 0 0 0 0 0 0 0 0 0
"86" 86 0.0251572327044 177 159 97 67 0 0 0 0 0 0 0 0 0 0 0 0 0 0 0 0
"87" 87 0.204379562044 433 22 11 8 7 7 4 2 2 2 1 1 0 0 0 0 0 0 0 0
"88" 88 0.0523255813953 221 99 52 50 30 29 16 1 1 1 0 0 0 0 0 0 0 0 0 0
"89" 89 0.235632183908 113 113 104 42 36 35 23 9 9 6 4 3 1 1 1 0 0 0 0 0
"90" 90 0.333333333333 141 138 61 58 30 22 21 12 9 4 2 1 1 0 0 0 0 0 0 0
"91" 91 0.0179372197309 385 43 40 13 9 6 2 1 1 0 0 0 0 0 0 0 0 0 0 0
"92" 92 0.0 319 58 30 24 11 9 8 8 7 6 6 4 4 2 2 1 1 0 0 0
"93" 93 0.495535714286 127 104 92 80 26 18 16 16 10 6 3 1 1 0 0 0 0 0 0 0
"94" 94 0.131782945736 147 92 49 46 44 41 20 20 11 7 6 5 4 3 2 2 1 0 0 0
"95" 95 0.0 361 49 42 18 11 6 5 3 1 1 1 1 1 0 0 0 0 0 0 0
"96" 96 0.245535714286 159 60 58 55 36 36 27 16 15 9 8 8 5 4 3 1 0 0 0 0
"97" 97 0.602678571429 156 111 88 70 36 13 12 5 5 2 2 0 0 0 0 0 0 0 0 0
"98" 98 0.0710659898477 221 157 46 18 15 14 9 7 3 2 2 2 2 1 1 0 0 0 0 0
"99" 99 0.0149253731343 408 62 5 5 5 4 4 2 2 1 1 1 0 0 0 0 0 0 0 0
"100" 100 0.696428571429 189 98 74 47 28 21 16 11 5 4 3 1 1 1 1 0 0 0 0 0
"101" 101 0.700892857143 253 88 37 37 21 13 12 12 9 7 5 3 3 0 0 0 0 0 0 0
"102" 102 0.311787072243 325 69 20 19 15 11 10 9 8 5 3 3 2 1 0 0 0 0 0 0
"103" 103 0.538461538462 378 121 1 0 0 0 0 0 0 0 0 0 0 0 0 0 0 0 0 0
"104" 104 0.130801687764 103 75 72 47 47 42 40 35 22 8 4 2 1 1 1 0 0 0 0 0
"105" 105 0.553459119497 199 124 86 48 10 7 7 5 4 4 3 2 1 0 0 0 0 0 0 0
"106" 106 0.0507614213198 167 113 107 38 24 14 11 5 5 5 4 3 2 1 1 0 0 0 0 0
"107" 107 0.300518134715 397 82 13 4 2 2 0 0 0 0 0 0 0 0 0 0 0 0 0 0
"108" 108 0.311787072243 270 58 49 31 28 13 12 10 9 7 6 5 1 1 0 0 0 0 0 0
"109" 109 0.0 362 42 38 20 16 7 6 2 2 2 1 1 1 0 0 0 0 0 0 0
"110" 110 0.00507614213198 372 82 12 9 8 6 5 3 1 1 1 0 0 0 0 0 0 0 0 0
"111" 111 0.0615384615385 207 139 61 31 29 9 8 6 3 2 2 1 1 1 0 0 0 0 0 0
"112" 112 0.010152284264 314 77 44 41 6 5 4 3 2 2 1 1 0 0 0 0 0 0 0 0
"113" 113 0.517857142857 173 86 47 43 27 26 22 21 19 16 7 5 4 4 0 0 0 0 0 0
"114" 114 0.0459770114943 177 72 54 50 42 38 18 12 9 7 6 5 4 3 2 1 0 0 0 0
"115" 115 0.383419689119 147 95 79 55 29 26 16 15 13 11 6 5 3 0 0 0 0 0 0 0
"116" 116 0.443037974684 118 75 68 50 48 32 21 14 13 13 11 10 10 6 5 3 2 1 0 0
"117" 117 0.611398963731 113 106 105 54 41 39 18 13 9 1 1 0 0 0 0 0 0 0 0 0
"118" 118 0.298850574713 130 89 72 45 31 28 27 24 19 12 11 6 4 2 0 0 0 0 0 0
"119" 119 0.0 416 22 16 15 10 8 7 2 1 1 1 1 0 0 0 0 0 0 0 0
"120" 120 0.247706422018 141 130 70 61 44 20 11 9 5 3 2 2 2 0 0 0 0 0 0 0
"121" 121 0.397321428571 212 61 60 46 46 28 15 13 6 5 4 2 2 0 0 0 0 0 0 0
"122" 122 0.197080291971 168 98 63 43 40 21 19 19 6 6 5 3 3 3 2 1 0 0 0 0
"123" 123 0.00497512437811 252 83 35 27 23 19 15 13 12 10 7 2 2 0 0 0 0 0 0 0
"124" 124 0.255813953488 124 86 77 49 41 38 17 17 15 13 8 7 6 1 1 0 0 0 0 0
"125" 125 0.0384615384615 133 75 71 49 43 34 28 21 20 10 7 4 2 1 1 1 0 0 0 0
"126" 126 0.13503649635 161 152 67 47 42 14 6 3 3 2 1 1 1 0 0 0 0 0 0 0
"127" 127 0.204379562044 375 50 46 9 7 6 4 2 1 0 0 0 0 0 0 0 0 0 0 0
"128" 128 0.0355329949239 205 201 40 24 14 5 4 3 2 1 1 0 0 0 0 0 0 0 0 0
"129" 129 0.00632911392405 243 192 57 5 2 1 0 0 0 0 0 0 0 0 0 0 0 0 0 0
"130" 130 0.483443708609 332 67 38 15 12 12 9 5 3 3 1 1 1 1 0 0 0 0 0 0
"131" 131 0.551724137931 148 107 60 38 34 31 29 14 8 7 5 5 4 4 3 3 0 0 0 0
"132" 132 0.411392405063 338 41 25 18 16 15 13 12 6 6 3 2 2 1 1 1 0 0 0 0
"133" 133 0.394230769231 477 9 3 2 2 2 2 1 1 1 0 0 0 0 0 0 0 0 0 0
"134" 134 0.0581395348837 179 96 69 64 32 26 10 9 5 4 3 2 1 0 0 0 0 0 0 0
"135" 135 0.186046511628 123 84 82 49 39 23 20 20 17 15 9 7 5 3 2 1 1 0 0 0
"136" 136 0.0570342205323 317 121 48 10 2 1 1 0 0 0 0 0 0 0 0 0 0 0 0 0
"137" 137 0.0622009569378 254 60 57 37 20 18 17 10 9 6 5 4 2 1 0 0 0 0 0 0
"138" 138 0.467661691542 302 91 23 20 20 16 9 6 4 3 2 1 1 1 1 0 0 0 0 0
"139" 139 0.540229885057 140 92 91 35 28 26 23 23 17 14 8 3 0 0 0 0 0 0 0 0
"140" 140 0.523012552301 217 73 41 25 24 23 19 16 14 12 10 10 8 5 3 0 0 0 0 0
"141" 141 0.292307692308 225 118 71 30 18 14 13 7 3 1 0 0 0 0 0 0 0 0 0 0
"142" 142 0.433962264151 495 3 1 1 0 0 0 0 0 0 0 0 0 0 0 0 0 0 0 0
"143" 143 0.100628930818 402 69 22 3 3 1 0 0 0 0 0 0 0 0 0 0 0 0 0 0
"144" 144 0.708860759494 158 84 70 51 50 28 18 16 13 6 5 1 0 0 0 0 0 0 0 0
"145" 145 0.447674418605 219 161 82 22 10 3 2 1 0 0 0 0 0 0 0 0 0 0 0 0
"146" 146 0.710691823899 129 120 69 54 54 30 20 8 5 4 3 2 2 0 0 0 0 0 0 0
"147" 147 0.394230769231 499 1 0 0 0 0 0 0 0 0 0 0 0 0 0 0 0 0 0 0
"148" 148 0.319796954315 291 82 37 30 27 19 6 3 1 1 1 1 1 0 0 0 0 0 0 0
"149" 149 0.0253164556962 220 175 28 26 22 18 4 2 2 2 1 0 0 0 0 0 0 0 0 0
"150" 150 0.352331606218 116 96 90 80 47 27 12 7 6 5 3 3 3 2 2 1 0 0 0 0
"151" 151 0.561181434599 152 122 74 59 27 24 15 9 4 4 3 3 2 1 1 0 0 0 0 0
"152" 152 0.352331606218 292 70 31 19 18 17 16 8 6 5 4 4 4 3 2 1 0 0 0 0
"153" 153 0.432692307692 459 26 8 3 2 1 1 0 0 0 0 0 0 0 0 0 0 0 0 0
"154" 154 0.0769230769231 342 83 67 2 2 1 1 1 1 0 0 0 0 0 0 0 0 0 0 0
"155" 155 0.674107142857 138 137 46 36 35 34 21 15 8 7 6 5 5 4 2 1 0 0 0 0
"156" 156 0.129353233831 466 13 7 6 4 2 1 1 0 0 0 0 0 0 0 0 0 0 0 0
"157" 157 0.365019011407 236 140 80 24 11 8 1 0 0 0 0 0 0 0 0 0 0 0 0 0
"158" 158 0.385650224215 135 88 73 52 46 40 28 12 9 6 4 3 2 1 1 0 0 0 0 0
"159" 159 0.120437956204 217 163 50 45 9 6 5 2 1 1 1 0 0 0 0 0 0 0 0 0
"160" 160 0.627906976744 233 88 79 25 19 17 13 12 6 4 3 1 0 0 0 0 0 0 0 0
"161" 161 0.0569948186528 130 128 56 50 40 37 35 6 6 3 2 2 2 1 1 1 0 0 0 0
"162" 162 0.0 188 98 78 34 28 25 18 18 5 4 1 1 1 1 0 0 0 0 0 0
"163" 163 0.287179487179 106 91 62 55 43 35 28 27 18 14 9 6 4 1 1 0 0 0 0 0
"164" 164 0.665178571429 257 82 45 31 17 16 13 9 8 7 4 4 4 2 1 0 0 0 0 0
"165" 165 0.705357142857 242 89 41 37 24 18 11 11 8 8 4 3 2 2 0 0 0 0 0 0
"166" 166 0.0581395348837 165 104 71 38 26 25 16 15 12 9 6 5 4 3 1 0 0 0 0 0
"167" 167 0.0 262 119 46 30 20 7 7 3 2 1 1 1 1 0 0 0 0 0 0 0
"168" 168 0.443708609272 178 119 73 60 16 16 12 9 6 4 4 2 1 0 0 0 0 0 0 0
"169" 169 0.31223628692 149 100 91 55 24 23 20 13 7 6 4 4 2 1 1 0 0 0 0 0
"170" 170 0.0766423357664 223 80 57 50 34 13 10 6 6 6 5 4 3 2 1 0 0 0 0 0
"171" 171 0.0796019900498 415 39 26 6 4 3 2 2 1 1 1 0 0 0 0 0 0 0 0 0
"172" 172 0.459821428571 129 112 62 35 35 31 28 23 18 11 6 4 3 2 1 0 0 0 0 0
"173" 173 0.0919540229885 120 51 49 44 43 41 28 27 19 18 17 17 13 5 4 4 0 0 0 0
"174" 174 0.0666666666667 169 152 57 41 16 12 11 9 9 8 6 4 3 1 1 1 0 0 0 0
"175" 175 0.334862385321 107 85 73 63 54 44 17 17 16 8 4 3 3 2 2 1 1 0 0 0
"176" 176 0.594936708861 132 97 75 73 27 24 14 12 11 11 9 8 4 3 0 0 0 0 0 0
"177" 177 0.174887892377 100 98 86 55 49 45 24 10 10 9 7 5 1 1 0 0 0 0 0 0
"178" 178 0.186046511628 100 70 68 55 52 33 28 22 18 18 10 8 7 5 3 3 0 0 0 0
"179" 179 0.470852017937 202 109 75 59 16 13 9 9 4 2 1 1 0 0 0 0 0 0 0 0
"180" 180 0.301886792453 130 108 88 64 59 25 20 1 1 1 1 1 1 0 0 0 0 0 0 0
"181" 181 0.0348258706468 281 53 28 26 22 21 16 15 12 10 8 5 2 1 0 0 0 0 0 0
"182" 182 0.109452736318 145 115 68 59 44 13 11 10 8 6 6 5 4 4 2 0 0 0 0 0
"183" 183 0.455958549223 220 99 53 35 28 27 24 5 4 3 2 0 0 0 0 0 0 0 0 0
"184" 184 0.125523012552 265 48 45 37 33 26 13 11 7 5 4 2 2 1 1 0 0 0 0 0
"185" 185 0.00380228136882 203 145 64 23 19 14 7 6 5 4 3 2 2 1 1 1 0 0 0 0
"186" 186 0.503311258278 210 79 66 61 44 23 9 4 2 2 0 0 0 0 0 0 0 0 0 0
"187" 187 0.651785714286 148 58 51 49 46 41 27 27 20 14 6 5 4 2 1 1 0 0 0 0
"188" 188 0.329113924051 131 62 59 43 41 27 26 25 23 22 19 9 4 3 3 2 1 0 0 0
"189" 189 0.615384615385 500 0 0 0 0 0 0 0 0 0 0 0 0 0 0 0 0 0 0 0
"190" 190 0.15969581749 160 106 94 36 35 30 19 7 4 3 3 2 1 0 0 0 0 0 0 0
"191" 191 0.179104477612 244 100 50 39 24 11 9 8 6 3 3 1 1 1 0 0 0 0 0 0
"192" 192 0.077519379845 118 103 47 41 38 31 30 28 15 13 11 9 5 4 4 3 0 0 0 0
"193" 193 0.487179487179 90 87 69 62 58 50 19 18 12 11 9 7 4 3 1 0 0 0 0 0
"194" 194 0.0402298850575 301 83 78 12 8 8 3 2 2 2 1 0 0 0 0 0 0 0 0 0
"195" 195 0.405128205128 324 87 32 19 12 8 7 3 2 2 1 1 1 1 0 0 0 0 0 0
"196" 196 0.0288461538462 224 124 39 30 29 27 13 6 3 2 1 1 1 0 0 0 0 0 0 0
"197" 197 0.408071748879 154 85 68 61 52 28 27 13 8 2 1 1 0 0 0 0 0 0 0 0
"198" 198 0.29197080292 202 125 61 28 20 18 14 11 8 4 3 3 1 1 1 0 0 0 0 0
"199" 199 0.616580310881 308 44 32 25 24 20 16 10 10 7 2 2 0 0 0 0 0 0 0 0
"200" 200 0.243654822335 103 99 81 54 47 25 25 21 10 9 7 7 5 4 3 0 0 0 0 0
"201" 201 0.488789237668 191 125 52 47 25 21 19 7 6 3 3 1 0 0 0 0 0 0 0 0
"202" 202 0.414507772021 140 139 75 59 44 13 13 9 3 2 1 1 1 0 0 0 0 0 0 0
"203" 203 0.0229885057471 121 98 59 49 41 40 38 22 12 7 6 4 2 1 0 0 0 0 0 0
"204" 204 0.0456273764259 139 125 45 36 30 25 22 22 18 11 8 6 4 4 3 1 1 0 0 0
"205" 205 0.333333333333 119 106 98 32 25 23 21 21 14 12 10 8 7 3 1 0 0 0 0 0
"206" 206 0.295336787565 132 112 53 51 39 32 16 13 12 11 8 8 7 4 2 0 0 0 0 0
"207" 207 0.00574712643678 257 59 40 38 30 27 24 9 9 2 2 1 1 1 0 0 0 0 0 0
"208" 208 0.37552742616 143 70 45 44 36 30 30 22 22 17 16 15 6 2 1 1 0 0 0 0
"209" 209 0.683937823834 111 87 84 62 37 32 22 21 13 12 10 9 0 0 0 0 0 0 0 0
"210" 210 0.203980099502 134 71 61 56 29 27 26 18 17 13 12 10 9 8 5 3 1 0 0 0
"211" 211 0.00497512437811 201 104 95 31 23 12 9 6 6 4 4 3 1 1 0 0 0 0 0 0
"212" 212 0.576923076923 184 156 41 37 23 19 15 10 8 4 2 1 0 0 0 0 0 0 0 0
"213" 213 0.807692307692 486 14 0 0 0 0 0 0 0 0 0 0 0 0 0 0 0 0 0 0
"214" 214 0.10447761194 202 93 74 54 33 15 12 11 3 2 1 0 0 0 0 0 0 0 0 0
"215" 215 0.881856540084 489 11 0 0 0 0 0 0 0 0 0 0 0 0 0 0 0 0 0 0
