"site" "RSA" "aa1" "aa2" "aa3" "aa4" "aa5" "aa6" "aa7" "aa8" "aa9" "aa10" "aa11" "aa12" "aa13" "aa14" "aa15" "aa16" "aa17" "aa18" "aa19" "aa20"
"0" 0 0.283582089552 210 113 66 26 20 17 8 8 7 6 5 4 3 2 2 1 1 1 0 0
"1" 1 0.171532846715 118 106 95 58 41 23 17 16 14 3 3 3 1 1 1 0 0 0 0 0
"2" 2 0.0 223 101 68 46 22 20 13 4 1 1 1 0 0 0 0 0 0 0 0 0
"3" 3 0.0 401 68 6 5 4 4 4 3 1 1 1 1 1 0 0 0 0 0 0 0
"4" 4 0.0 314 162 19 4 1 0 0 0 0 0 0 0 0 0 0 0 0 0 0 0
"5" 5 0.100775193798 189 153 55 41 18 8 8 7 6 4 4 3 2 1 1 0 0 0 0 0
"6" 6 0.0287356321839 207 160 101 10 9 4 4 4 1 0 0 0 0 0 0 0 0 0 0 0
"7" 7 0.282700421941 145 113 40 31 29 28 27 21 17 17 11 7 6 3 3 2 0 0 0 0
"8" 8 0.244525547445 198 98 95 53 23 11 8 7 4 1 1 1 0 0 0 0 0 0 0 0
"9" 9 0.00574712643678 192 142 106 30 9 8 5 4 2 1 1 0 0 0 0 0 0 0 0 0
"10" 10 0.106598984772 193 151 33 25 20 18 15 13 12 7 4 3 2 2 1 1 0 0 0 0
"11" 11 0.124352331606 145 102 79 48 46 26 21 13 12 3 2 1 1 1 0 0 0 0 0 0
"12" 12 0.661596958175 142 94 83 52 52 37 17 5 5 4 4 2 1 1 1 0 0 0 0 0
"13" 13 0.573643410853 132 119 73 52 42 30 17 12 11 8 2 1 1 0 0 0 0 0 0 0
"14" 14 0.270114942529 111 104 55 53 50 42 38 17 8 5 5 3 3 3 1 1 1 0 0 0
"15" 15 0.814345991561 313 69 56 23 11 5 4 4 4 3 3 2 1 1 1 0 0 0 0 0
"16" 16 0.456852791878 134 83 79 37 34 28 26 18 14 13 11 10 8 3 2 0 0 0 0 0
"17" 17 0.580291970803 195 116 36 27 24 22 18 15 13 10 9 6 6 3 0 0 0 0 0 0
"18" 18 0.132183908046 91 84 72 72 61 21 21 20 17 16 11 7 5 2 0 0 0 0 0 0
"19" 19 0.286919831224 215 150 55 27 15 10 9 7 5 2 2 1 1 1 0 0 0 0 0 0
"20" 20 0.817610062893 139 136 79 64 33 20 19 5 3 1 1 0 0 0 0 0 0 0 0 0
"21" 21 0.502590673575 202 119 45 35 34 34 25 4 1 1 0 0 0 0 0 0 0 0 0 0
"22" 22 0.43795620438 95 79 64 61 60 59 41 13 11 11 4 2 0 0 0 0 0 0 0 0
"23" 23 0.424418604651 153 101 63 45 45 30 26 14 10 4 3 3 2 1 0 0 0 0 0 0
"24" 24 0.0480769230769 472 11 8 3 3 2 1 0 0 0 0 0 0 0 0 0 0 0 0 0
"25" 25 0.264367816092 99 61 57 44 40 37 34 30 24 23 18 15 8 6 2 1 1 0 0 0
"26" 26 0.16091954023 195 78 77 34 32 21 17 15 12 10 7 1 1 0 0 0 0 0 0 0
"27" 27 0.325581395349 152 68 61 43 42 40 37 26 18 8 3 2 0 0 0 0 0 0 0 0
"28" 28 0.730569948187 239 127 40 32 18 16 8 7 4 4 2 2 1 0 0 0 0 0 0 0
"29" 29 0.884615384615 402 97 1 0 0 0 0 0 0 0 0 0 0 0 0 0 0 0 0 0
"30" 30 0.166666666667 227 60 33 33 27 22 21 20 15 13 11 8 4 3 1 1 1 0 0 0
"31" 31 0.535864978903 129 104 61 43 43 32 19 17 10 10 9 7 7 3 3 2 1 0 0 0
"32" 32 0.191387559809 234 72 57 56 39 19 9 5 4 2 2 1 0 0 0 0 0 0 0 0
"33" 33 0.192052980132 210 141 62 48 20 8 3 3 2 2 1 0 0 0 0 0 0 0 0 0
"34" 34 0.0366972477064 163 124 94 38 20 16 13 12 11 5 2 1 1 0 0 0 0 0 0 0
"35" 35 0.00512820512821 222 160 67 12 11 10 10 5 3 0 0 0 0 0 0 0 0 0 0 0
"36" 36 0.182389937107 160 134 97 49 19 13 8 7 6 5 2 0 0 0 0 0 0 0 0 0
"37" 37 0.092050209205 164 65 63 61 55 38 19 16 11 3 2 2 1 0 0 0 0 0 0 0
"38" 38 0.0443037974684 338 59 57 40 4 1 1 0 0 0 0 0 0 0 0 0 0 0 0 0
"39" 39 0.303571428571 175 114 67 40 38 25 18 10 7 5 1 0 0 0 0 0 0 0 0 0
"40" 40 0.0304568527919 176 96 89 54 29 27 7 5 5 4 2 2 2 1 1 0 0 0 0 0
"41" 41 0.0 445 51 4 0 0 0 0 0 0 0 0 0 0 0 0 0 0 0 0 0
"42" 42 0.00574712643678 257 105 63 29 22 14 5 2 2 1 0 0 0 0 0 0 0 0 0 0
"43" 43 0.0178571428571 212 94 63 42 34 21 19 4 4 3 2 1 1 0 0 0 0 0 0 0
"44" 44 0.0267857142857 93 65 65 59 43 35 31 31 24 9 8 8 7 6 6 5 5 0 0 0
"45" 45 0.0 294 188 9 6 3 0 0 0 0 0 0 0 0 0 0 0 0 0 0 0
"46" 46 0.0172413793103 165 61 48 42 38 32 26 22 14 14 12 8 7 5 4 1 1 0 0 0
"47" 47 0.306569343066 158 73 58 55 38 29 15 14 14 13 8 6 6 5 4 3 1 0 0 0
"48" 48 0.00995024875622 175 92 56 51 37 28 27 8 5 5 4 4 3 2 1 1 1 0 0 0
"49" 49 0.206751054852 149 125 69 43 23 20 15 12 9 6 5 5 5 4 4 2 2 2 0 0
"50" 50 0.522321428571 115 104 80 68 40 39 20 19 4 3 3 2 2 1 0 0 0 0 0 0
"51" 51 0.493670886076 117 89 78 56 52 32 26 22 14 7 3 3 1 0 0 0 0 0 0 0
"52" 52 0.810126582278 364 132 2 1 1 0 0 0 0 0 0 0 0 0 0 0 0 0 0 0
"53" 53 0.358208955224 228 170 30 30 13 9 6 5 3 2 2 1 1 0 0 0 0 0 0 0
"54" 54 0.0402298850575 262 102 67 26 20 13 7 2 1 0 0 0 0 0 0 0 0 0 0 0
"55" 55 0.721518987342 150 135 107 73 10 9 5 4 3 2 2 0 0 0 0 0 0 0 0 0
"56" 56 0.205357142857 167 117 109 18 17 16 16 13 12 6 3 3 2 1 0 0 0 0 0 0
"57" 57 0.0 335 92 37 19 8 4 3 1 1 0 0 0 0 0 0 0 0 0 0 0
"58" 58 0.0 168 74 72 59 34 30 26 17 7 4 3 2 2 1 1 0 0 0 0 0
"59" 59 0.0077519379845 283 186 21 5 3 2 0 0 0 0 0 0 0 0 0 0 0 0 0 0
"60" 60 0.0114942528736 161 89 82 70 35 26 18 14 3 1 1 0 0 0 0 0 0 0 0 0
"61" 61 0.0198675496689 402 37 25 15 12 4 3 2 0 0 0 0 0 0 0 0 0 0 0 0
"62" 62 0.126582278481 124 96 94 82 45 42 10 3 1 1 1 1 0 0 0 0 0 0 0 0
"63" 63 0.0288461538462 500 0 0 0 0 0 0 0 0 0 0 0 0 0 0 0 0 0 0 0
"64" 64 0.138364779874 284 76 57 44 27 7 4 1 0 0 0 0 0 0 0 0 0 0 0 0
"65" 65 0.348837209302 161 85 52 52 48 27 19 17 15 11 9 3 1 0 0 0 0 0 0 0
"66" 66 0.412556053812 173 103 78 45 44 27 11 11 3 2 2 1 0 0 0 0 0 0 0 0
"67" 67 0.0253164556962 226 84 76 43 23 13 11 10 4 4 3 2 1 0 0 0 0 0 0 0
"68" 68 0.210762331839 135 81 74 55 47 42 19 19 12 5 4 2 2 1 1 1 0 0 0 0
"69" 69 0.53125 227 85 77 22 21 20 16 12 6 5 4 3 2 0 0 0 0 0 0 0
"70" 70 0.0406976744186 189 146 120 26 5 4 3 2 2 1 1 1 0 0 0 0 0 0 0 0
"71" 71 0.0 232 117 49 47 30 8 8 8 1 0 0 0 0 0 0 0 0 0 0 0
"72" 72 0.171532846715 191 162 56 35 16 10 10 5 3 3 2 2 1 1 1 1 1 0 0 0
"73" 73 0.372093023256 80 77 68 65 52 45 31 26 21 14 7 7 3 2 1 1 0 0 0 0
"74" 74 0.0 176 148 143 22 7 4 0 0 0 0 0 0 0 0 0 0 0 0 0 0
"75" 75 0.0 380 38 28 12 11 8 8 7 4 2 2 0 0 0 0 0 0 0 0 0
"76" 76 0.062015503876 447 26 22 2 1 1 1 0 0 0 0 0 0 0 0 0 0 0 0 0
"77" 77 0.0550458715596 148 75 48 43 41 37 23 20 17 15 8 6 6 6 5 2 0 0 0 0
"78" 78 0.144230769231 500 0 0 0 0 0 0 0 0 0 0 0 0 0 0 0 0 0 0 0
"79" 79 0.0077519379845 328 161 8 2 1 0 0 0 0 0 0 0 0 0 0 0 0 0 0 0
"80" 80 0.295336787565 208 87 59 32 31 15 13 13 12 12 8 7 2 1 0 0 0 0 0 0
"81" 81 0.211678832117 160 60 45 44 38 29 26 23 22 16 15 10 9 2 1 0 0 0 0 0
"82" 82 0.00961538461538 259 165 72 2 2 0 0 0 0 0 0 0 0 0 0 0 0 0 0 0
"83" 83 0.00507614213198 167 107 45 36 33 24 22 18 16 14 9 7 1 1 0 0 0 0 0 0
"84" 84 0.0 279 131 40 14 12 9 6 4 2 1 1 1 0 0 0 0 0 0 0 0
"85" 85 0.0 177 120 90 41 17 14 13 11 7 4 3 1 1 1 0 0 0 0 0 0
"86" 86 0.308035714286 172 95 49 49 43 39 27 8 8 7 1 1 1 0 0 0 0 0 0 0
"87" 87 0.0114942528736 220 103 33 32 29 28 18 13 7 7 3 2 2 1 1 1 0 0 0 0
"88" 88 0.389937106918 454 20 18 6 1 1 0 0 0 0 0 0 0 0 0 0 0 0 0 0
"89" 89 0.572327044025 317 125 25 9 6 5 4 3 3 2 1 0 0 0 0 0 0 0 0 0
"90" 90 0.511627906977 344 45 45 17 13 11 9 6 5 3 1 1 0 0 0 0 0 0 0 0
"91" 91 0.433035714286 172 136 43 37 30 17 15 14 13 6 5 5 3 2 2 0 0 0 0 0
"92" 92 0.162790697674 225 110 46 36 23 9 9 8 8 8 6 3 3 2 2 1 1 0 0 0
"93" 93 0.584821428571 238 70 40 26 25 22 19 17 15 14 6 4 3 1 0 0 0 0 0 0
"94" 94 0.576642335766 162 78 58 41 40 28 26 25 12 8 7 5 5 3 1 1 0 0 0 0
"95" 95 0.189054726368 287 47 38 31 25 16 13 10 10 8 5 3 3 2 2 0 0 0 0 0
"96" 96 0.163461538462 183 134 41 36 23 19 15 13 10 9 5 4 4 2 1 1 0 0 0 0
"97" 97 0.0754716981132 260 106 59 35 12 11 8 5 1 1 1 1 0 0 0 0 0 0 0 0
"98" 98 0.338308457711 176 138 46 42 23 23 20 12 11 3 2 1 1 1 1 0 0 0 0 0
"99" 99 0.0313901345291 180 90 58 50 27 18 11 11 11 10 9 8 6 6 3 1 1 0 0 0
"100" 100 0.172413793103 151 105 67 37 32 24 21 17 11 11 7 5 4 3 3 2 0 0 0 0
"101" 101 0.0 457 29 14 0 0 0 0 0 0 0 0 0 0 0 0 0 0 0 0 0
"102" 102 0.36496350365 178 100 90 79 15 14 6 5 4 4 2 2 1 0 0 0 0 0 0 0
"103" 103 0.0229885057471 192 77 65 50 30 27 17 13 11 9 6 2 1 0 0 0 0 0 0 0
"104" 104 0.00995024875622 222 83 56 35 20 20 13 13 13 8 6 6 2 2 1 0 0 0 0 0
"105" 105 0.031007751938 372 38 19 16 14 10 9 9 8 2 2 1 0 0 0 0 0 0 0 0
"106" 106 0.215189873418 102 83 83 70 33 27 19 16 16 15 12 7 5 4 4 2 2 0 0 0
"107" 107 0.0 234 65 44 42 29 16 14 12 11 8 7 7 5 3 2 1 0 0 0 0
"108" 108 0.0077519379845 230 108 53 41 17 17 7 5 4 3 3 3 3 2 2 1 1 0 0 0
"109" 109 0.59375 245 56 35 25 19 18 17 16 15 12 11 10 8 7 3 2 1 0 0 0
"110" 110 0.438818565401 131 69 68 47 47 35 35 14 12 12 10 8 5 4 2 1 0 0 0 0
"111" 111 0.0848214285714 209 63 61 49 36 17 10 9 8 7 7 7 6 3 3 3 1 1 0 0
"112" 112 0.645569620253 441 30 18 6 3 1 1 0 0 0 0 0 0 0 0 0 0 0 0 0
"113" 113 0.0344827586207 186 87 84 53 43 15 14 7 5 2 2 1 1 0 0 0 0 0 0 0
"114" 114 0.305699481865 189 112 40 36 34 20 19 14 13 9 6 5 2 1 0 0 0 0 0 0
"115" 115 0.00497512437811 186 109 78 41 26 17 14 10 6 5 3 3 2 0 0 0 0 0 0 0
"116" 116 0.0 152 138 96 36 27 22 17 4 2 2 2 2 0 0 0 0 0 0 0 0
"117" 117 0.00497512437811 229 140 35 20 20 11 9 7 6 6 5 3 2 2 2 2 1 0 0 0
"118" 118 0.0348258706468 233 122 84 43 11 1 1 1 1 1 1 1 0 0 0 0 0 0 0 0
"119" 119 0.125 498 2 0 0 0 0 0 0 0 0 0 0 0 0 0 0 0 0 0 0
"120" 120 0.206751054852 287 66 49 27 25 15 13 8 7 1 1 1 0 0 0 0 0 0 0 0
"121" 121 0.219730941704 179 146 54 32 32 18 13 8 7 6 2 1 1 1 0 0 0 0 0 0
"122" 122 0.100775193798 203 70 69 59 25 14 13 12 8 7 5 5 4 3 2 1 0 0 0 0
"123" 123 0.243654822335 205 108 28 27 26 24 21 18 16 7 7 5 4 3 1 0 0 0 0 0
"124" 124 0.39896373057 75 75 55 54 40 39 37 31 30 21 16 10 8 4 3 2 0 0 0 0
"125" 125 0.316062176166 112 91 69 39 39 38 37 23 15 13 12 6 4 1 1 0 0 0 0 0
"126" 126 0.497409326425 118 89 81 55 54 46 27 15 7 5 3 0 0 0 0 0 0 0 0 0
"127" 127 0.272151898734 134 65 58 50 33 32 30 28 19 13 11 10 9 3 2 2 1 0 0 0
"128" 128 0.194871794872 279 78 58 44 14 12 10 4 1 0 0 0 0 0 0 0 0 0 0 0
"129" 129 0.390134529148 336 50 43 36 19 6 4 2 1 1 1 1 0 0 0 0 0 0 0 0
"130" 130 0.197674418605 148 112 91 49 39 20 11 11 6 4 3 2 1 1 1 1 0 0 0 0
"131" 131 0.0288461538462 209 149 61 34 20 10 10 5 1 1 0 0 0 0 0 0 0 0 0 0
"132" 132 0.215246636771 213 74 53 43 24 20 16 10 10 8 8 5 5 5 4 1 1 0 0 0
"133" 133 0.275229357798 209 75 61 39 34 23 22 9 7 5 5 4 4 2 1 0 0 0 0 0
"134" 134 0.0 125 110 95 53 36 32 22 14 11 1 1 0 0 0 0 0 0 0 0 0
"135" 135 0.0 432 45 23 0 0 0 0 0 0 0 0 0 0 0 0 0 0 0 0 0
"136" 136 0.423076923077 201 120 39 22 22 17 17 15 12 10 9 8 4 3 1 0 0 0 0 0
"137" 137 0.330543933054 297 88 44 22 17 7 7 4 3 2 2 2 2 2 1 0 0 0 0 0
"138" 138 0.109452736318 302 46 40 40 39 23 5 3 2 0 0 0 0 0 0 0 0 0 0 0
"139" 139 0.772020725389 362 120 7 6 4 1 0 0 0 0 0 0 0 0 0 0 0 0 0 0
"140" 140 0.170212765957 271 93 40 28 13 13 8 8 6 6 5 3 3 1 1 1 0 0 0 0
"141" 141 0.301886792453 196 113 88 25 25 17 11 11 7 3 2 1 1 0 0 0 0 0 0 0
"142" 142 0.367713004484 165 67 56 50 32 29 26 23 17 16 5 4 4 2 2 2 0 0 0 0
"143" 143 0.0 368 59 48 5 5 5 4 3 2 1 0 0 0 0 0 0 0 0 0 0
"144" 144 0.0348837209302 169 144 57 38 19 17 16 15 11 4 2 2 2 1 1 1 1 0 0 0
"145" 145 0.192468619247 247 125 97 10 10 4 4 2 1 0 0 0 0 0 0 0 0 0 0 0
"146" 146 0.0 167 112 84 66 65 2 2 1 1 0 0 0 0 0 0 0 0 0 0 0
"147" 147 0.0860927152318 151 139 65 54 36 13 10 6 6 6 4 3 3 2 1 1 0 0 0 0
"148" 148 0.367713004484 82 75 65 61 52 48 29 23 22 17 16 4 3 2 1 0 0 0 0 0
"149" 149 0.0229885057471 130 101 58 58 41 36 22 17 10 9 6 6 3 2 1 0 0 0 0 0
"150" 150 0.226744186047 163 123 58 38 21 19 14 14 13 12 10 5 5 3 1 1 0 0 0 0
"151" 151 0.114427860697 177 114 100 32 26 16 10 7 5 5 4 2 1 1 0 0 0 0 0 0
"152" 152 0.433035714286 254 74 51 30 30 27 14 7 6 4 2 1 0 0 0 0 0 0 0 0
"153" 153 0.625 500 0 0 0 0 0 0 0 0 0 0 0 0 0 0 0 0 0 0 0
"154" 154 0.528497409326 371 56 20 19 11 6 6 5 3 2 1 0 0 0 0 0 0 0 0 0
"155" 155 0.244725738397 212 98 36 33 24 22 17 15 11 9 7 4 4 4 4 0 0 0 0 0
"156" 156 0.0 128 55 49 45 44 40 31 27 21 16 16 8 7 6 5 2 0 0 0 0
"157" 157 0.35864978903 162 76 62 57 49 42 24 12 4 3 3 3 2 1 0 0 0 0 0 0
"158" 158 0.0 337 59 47 21 14 13 4 3 2 0 0 0 0 0 0 0 0 0 0 0
"159" 159 0.290178571429 111 108 91 39 33 33 29 20 17 5 4 3 3 2 1 1 0 0 0 0
"160" 160 0.131386861314 138 109 103 46 30 25 18 12 7 5 3 2 2 0 0 0 0 0 0 0
"161" 161 0.254464285714 193 70 46 44 39 37 22 18 14 8 4 2 2 1 0 0 0 0 0 0
"162" 162 0.319796954315 252 110 38 35 20 17 8 6 4 3 3 2 1 1 0 0 0 0 0 0
"163" 163 0.943005181347 188 138 53 38 34 19 16 9 5 0 0 0 0 0 0 0 0 0 0 0
"164" 164 0.817307692308 283 59 53 35 26 24 11 4 2 1 1 1 0 0 0 0 0 0 0 0
"165" 165 0.326923076923 500 0 0 0 0 0 0 0 0 0 0 0 0 0 0 0 0 0 0 0
"166" 166 0.437810945274 180 91 88 39 28 21 13 12 11 7 4 3 1 1 1 0 0 0 0 0
"167" 167 0.321428571429 122 70 55 54 43 26 22 22 20 17 16 15 7 6 5 0 0 0 0 0
"168" 168 0.459302325581 118 110 83 52 29 27 24 17 11 10 5 4 4 3 2 1 0 0 0 0
"169" 169 0.28855721393 128 62 61 46 44 37 33 31 22 13 13 4 4 1 1 0 0 0 0 0
"170" 170 0.64598540146 197 75 56 39 25 20 20 19 17 13 11 4 3 1 0 0 0 0 0 0
"171" 171 0.0796019900498 269 75 48 17 17 11 11 10 10 8 7 6 5 3 2 1 0 0 0 0
"172" 172 0.582278481013 111 95 67 61 42 40 33 19 11 7 7 3 3 1 0 0 0 0 0 0
"173" 173 0.174129353234 209 133 34 33 23 20 11 8 8 6 4 3 2 2 2 2 0 0 0 0
"174" 174 0.276729559748 299 90 57 23 17 4 3 2 2 2 1 0 0 0 0 0 0 0 0 0
"175" 175 0.0 355 63 27 25 12 9 4 3 1 1 0 0 0 0 0 0 0 0 0 0
"176" 176 0.0 358 59 41 20 11 7 1 1 1 1 0 0 0 0 0 0 0 0 0 0
"177" 177 0.0 172 141 65 43 41 19 11 3 2 1 1 1 0 0 0 0 0 0 0 0
"178" 178 0.00581395348837 311 178 4 3 1 1 1 1 0 0 0 0 0 0 0 0 0 0 0 0
"179" 179 0.0 219 140 71 26 25 9 3 3 2 1 1 0 0 0 0 0 0 0 0 0
"180" 180 0.0777202072539 339 87 31 18 9 8 4 3 1 0 0 0 0 0 0 0 0 0 0 0
"181" 181 0.492537313433 182 72 68 46 41 30 22 21 6 5 4 2 1 0 0 0 0 0 0 0
"182" 182 0.664233576642 140 87 60 53 40 31 30 16 14 14 8 3 2 1 1 0 0 0 0 0
"183" 183 0.0597014925373 174 121 43 28 28 26 22 22 10 7 6 6 3 3 1 0 0 0 0 0
"184" 184 0.0871794871795 270 158 46 18 4 2 1 1 0 0 0 0 0 0 0 0 0 0 0 0
"185" 185 0.741071428571 256 187 35 9 3 3 2 2 1 1 1 0 0 0 0 0 0 0 0 0
"186" 186 0.201257861635 204 130 107 25 14 6 5 4 2 1 1 1 0 0 0 0 0 0 0 0
"187" 187 0.273722627737 226 103 35 34 25 24 19 17 7 4 2 2 1 1 0 0 0 0 0 0
"188" 188 0.817490494297 147 80 53 52 41 37 31 21 10 8 5 4 3 3 2 2 1 0 0 0
"189" 189 0.232558139535 291 66 52 22 16 11 8 8 8 4 3 3 3 3 1 1 0 0 0 0
"190" 190 0.424418604651 124 84 73 56 33 32 25 18 17 13 12 7 3 2 1 0 0 0 0 0
"191" 191 0.666666666667 250 79 74 49 14 13 9 6 2 2 2 0 0 0 0 0 0 0 0 0
"192" 192 0.440251572327 212 143 76 21 20 13 9 3 1 1 1 0 0 0 0 0 0 0 0 0
"193" 193 0.333333333333 129 89 85 75 43 26 23 19 4 3 2 1 1 0 0 0 0 0 0 0
"194" 194 0.375634517766 150 131 68 46 25 23 23 15 6 5 4 1 1 1 1 0 0 0 0 0
"195" 195 0.467889908257 196 100 70 67 18 18 8 8 6 5 2 1 1 0 0 0 0 0 0 0
"196" 196 0.556962025316 160 108 69 61 30 21 20 16 4 4 2 2 2 1 0 0 0 0 0 0
"197" 197 0.015503875969 469 22 9 0 0 0 0 0 0 0 0 0 0 0 0 0 0 0 0 0
"198" 198 0.518987341772 141 110 46 38 32 28 26 21 21 15 12 5 3 1 1 0 0 0 0 0
"199" 199 0.696202531646 219 91 71 44 19 14 10 9 8 5 4 4 1 1 0 0 0 0 0 0
"200" 200 0.274261603376 148 115 93 44 22 20 12 12 11 5 4 4 3 3 2 1 1 0 0 0
"201" 201 0.620253164557 200 94 76 57 45 13 4 2 2 2 1 1 1 1 1 0 0 0 0 0
"202" 202 0.0456852791878 343 78 30 21 15 4 2 2 2 1 1 1 0 0 0 0 0 0 0 0
"203" 203 0.379464285714 138 112 92 36 24 23 20 14 8 7 6 6 4 4 3 2 1 0 0 0
"204" 204 0.367816091954 166 78 69 56 47 29 15 11 9 5 5 4 3 2 1 0 0 0 0 0
"205" 205 0.0964467005076 108 91 70 49 47 40 30 15 13 10 8 8 4 3 2 1 1 0 0 0
"206" 206 0.464135021097 95 92 73 55 53 50 34 23 12 10 1 1 1 0 0 0 0 0 0 0
"207" 207 0.0817610062893 228 80 70 27 27 23 13 7 6 6 5 4 2 2 0 0 0 0 0 0
"208" 208 0.528846153846 164 113 50 49 42 24 21 18 8 5 3 2 1 0 0 0 0 0 0 0
"209" 209 0.580310880829 151 94 70 64 31 31 16 11 10 8 6 3 1 1 1 1 1 0 0 0
"210" 210 0.134328358209 189 117 72 30 15 12 12 9 8 7 7 7 5 4 3 2 1 0 0 0
"211" 211 0.653846153846 488 12 0 0 0 0 0 0 0 0 0 0 0 0 0 0 0 0 0 0
"212" 212 0.051724137931 263 120 27 24 14 13 12 9 7 3 3 2 1 1 1 0 0 0 0 0
"213" 213 0.549222797927 185 102 83 24 23 20 20 15 7 7 6 4 3 1 0 0 0 0 0 0
"214" 214 0.199004975124 188 81 57 41 37 16 12 11 11 11 9 9 7 7 3 0 0 0 0 0
"215" 215 0.453488372093 97 82 60 58 45 41 37 24 17 12 11 6 5 3 1 1 0 0 0 0
"216" 216 0.284768211921 162 96 50 35 32 27 22 20 14 14 9 8 3 3 2 2 1 0 0 0
"217" 217 0.818565400844 127 125 104 65 17 16 14 11 5 4 4 3 3 2 0 0 0 0 0 0
"218" 218 0.731343283582 66 54 53 48 41 37 36 34 30 23 21 19 15 13 6 3 1 0 0 0
"219" 219 0.708609271523 184 92 72 28 28 22 16 14 12 9 5 5 5 3 3 2 0 0 0 0
"220" 220 0.632183908046 118 76 65 62 49 32 25 21 16 11 6 5 4 3 3 3 1 0 0 0
"221" 221 0.781725888325 184 111 68 48 20 18 17 9 8 5 4 3 3 1 1 0 0 0 0 0
"222" 222 0.291390728477 125 85 61 47 36 32 29 24 19 12 10 8 6 4 1 1 0 0 0 0
"223" 223 0.235632183908 102 86 85 81 24 21 19 16 13 11 10 8 7 6 5 4 2 0 0 0
"224" 224 0.504464285714 196 68 53 44 30 22 21 14 13 9 8 6 5 5 2 2 1 1 0 0
"225" 225 0.580310880829 137 92 67 51 31 19 19 17 16 14 12 9 5 4 4 3 0 0 0 0
"226" 226 0.666666666667 278 200 15 4 1 1 1 0 0 0 0 0 0 0 0 0 0 0 0 0
"227" 227 0.823899371069 198 156 76 34 14 8 6 6 1 1 0 0 0 0 0 0 0 0 0 0
"228" 228 0.85201793722 135 100 94 30 29 28 25 25 12 8 8 2 2 1 1 0 0 0 0 0
"229" 229 0.875912408759 109 94 50 50 48 47 45 33 10 7 4 1 1 1 0 0 0 0 0 0
"230" 230 0.755813953488 106 101 81 58 35 35 32 20 15 7 4 4 1 1 0 0 0 0 0 0
"231" 231 0.744186046512 144 111 57 51 32 30 28 19 10 8 5 3 2 0 0 0 0 0 0 0
"232" 232 0.759615384615 234 117 82 27 14 11 10 2 2 1 0 0 0 0 0 0 0 0 0 0
"233" 233 0.701149425287 147 83 49 46 35 35 29 13 13 10 9 7 7 5 4 4 3 1 0 0
"234" 234 0.835443037975 164 91 71 57 33 29 23 14 5 5 2 2 1 1 1 1 0 0 0 0
"235" 235 0.258620689655 188 64 55 39 28 19 19 17 16 14 12 12 7 5 4 1 0 0 0 0
"236" 236 0.611607142857 127 98 84 51 45 30 20 15 9 7 6 2 2 2 2 0 0 0 0 0
"237" 237 0.383720930233 111 100 57 56 48 38 32 27 13 7 6 3 2 0 0 0 0 0 0 0
"238" 238 0.656976744186 99 96 90 76 31 27 24 21 20 8 5 2 1 0 0 0 0 0 0 0
"239" 239 0.696428571429 165 96 90 60 17 17 13 12 10 6 6 4 3 1 0 0 0 0 0 0
"240" 240 0.259067357513 137 90 71 42 37 35 24 15 14 11 9 5 3 2 2 2 1 0 0 0
"241" 241 0.398009950249 165 106 79 59 29 24 14 8 8 3 1 1 1 1 1 0 0 0 0 0
"242" 242 0.333333333333 203 92 53 35 34 27 20 18 11 7 0 0 0 0 0 0 0 0 0 0
"243" 243 0.317829457364 134 133 81 36 29 24 17 11 11 10 7 3 3 1 0 0 0 0 0 0
"244" 244 0.303797468354 102 98 73 47 44 30 29 20 19 13 9 4 4 3 2 2 1 0 0 0
"245" 245 0.298507462687 246 93 40 36 24 18 15 14 5 3 2 2 1 1 0 0 0 0 0 0
"246" 246 0.518987341772 273 96 60 20 16 10 8 6 3 3 2 1 1 1 0 0 0 0 0 0
"247" 247 0.651785714286 135 59 57 50 42 40 39 32 17 8 6 5 4 4 2 0 0 0 0 0
"248" 248 0.51269035533 167 141 54 32 30 22 20 9 7 6 5 2 2 1 1 1 0 0 0 0
"249" 249 0.5 460 40 0 0 0 0 0 0 0 0 0 0 0 0 0 0 0 0 0 0
"250" 250 0.660583941606 136 103 69 55 45 31 19 16 14 9 2 1 0 0 0 0 0 0 0 0
"251" 251 0.664974619289 392 33 23 12 11 8 6 5 4 2 2 1 1 0 0 0 0 0 0 0
