"site" "RSA" "aa1" "aa2" "aa3" "aa4" "aa5" "aa6" "aa7" "aa8" "aa9" "aa10" "aa11" "aa12" "aa13" "aa14" "aa15" "aa16" "aa17" "aa18" "aa19" "aa20"
"0" 0 0.816513761468 106 94 89 47 32 27 24 20 17 16 13 6 6 2 1 0 0 0 0 0
"1" 1 0.384105960265 119 82 72 64 49 44 35 14 12 7 2 0 0 0 0 0 0 0 0 0
"2" 2 0.312820512821 120 71 61 60 60 50 28 17 8 7 6 5 4 3 0 0 0 0 0 0
"3" 3 0.0 312 132 37 13 4 1 1 0 0 0 0 0 0 0 0 0 0 0 0 0
"4" 4 0.121338912134 344 125 29 1 1 0 0 0 0 0 0 0 0 0 0 0 0 0 0 0
"5" 5 0.0 162 89 75 58 41 35 15 11 5 3 2 2 1 1 0 0 0 0 0 0
"6" 6 0.238341968912 134 108 60 52 39 28 25 23 13 9 5 4 0 0 0 0 0 0 0 0
"7" 7 0.0152284263959 306 58 40 34 26 15 10 6 3 2 0 0 0 0 0 0 0 0 0 0
"8" 8 0.0988372093023 173 97 67 46 24 23 22 11 9 7 6 6 4 2 2 1 0 0 0 0
"9" 9 0.320675105485 229 51 41 34 29 29 24 21 19 9 5 3 2 2 1 1 0 0 0 0
"10" 10 0.589743589744 287 99 40 25 20 9 8 5 2 2 2 1 0 0 0 0 0 0 0 0
"11" 11 0.576923076923 477 23 0 0 0 0 0 0 0 0 0 0 0 0 0 0 0 0 0 0
"12" 12 0.434108527132 101 88 84 70 52 46 19 18 8 6 3 2 2 1 0 0 0 0 0 0
"13" 13 0.74213836478 196 121 51 36 27 22 16 15 7 6 2 1 0 0 0 0 0 0 0 0
"14" 14 0.278606965174 261 78 56 24 22 17 13 10 6 4 4 2 2 1 0 0 0 0 0 0
"15" 15 0.269230769231 500 0 0 0 0 0 0 0 0 0 0 0 0 0 0 0 0 0 0 0
"16" 16 0.290697674419 116 95 86 51 49 46 31 12 10 2 1 1 0 0 0 0 0 0 0 0
"17" 17 0.0 246 112 73 28 18 13 4 2 2 2 0 0 0 0 0 0 0 0 0 0
"18" 18 0.354430379747 259 111 75 16 14 6 5 5 4 3 2 0 0 0 0 0 0 0 0 0
"19" 19 0.0 270 86 75 34 26 4 3 1 1 0 0 0 0 0 0 0 0 0 0 0
"20" 20 0.354430379747 190 186 49 34 17 12 10 2 0 0 0 0 0 0 0 0 0 0 0 0
"21" 21 0.0696517412935 430 61 2 2 2 2 1 0 0 0 0 0 0 0 0 0 0 0 0 0
"22" 22 0.196652719665 279 136 72 6 3 2 1 1 0 0 0 0 0 0 0 0 0 0 0 0
"23" 23 0.0984455958549 139 114 59 47 45 35 29 10 9 7 4 2 0 0 0 0 0 0 0 0
"24" 24 0.875647668394 99 76 74 67 53 41 28 23 18 7 6 4 2 2 0 0 0 0 0 0
"25" 25 0.183908045977 150 144 44 38 29 24 23 20 9 8 4 3 3 1 0 0 0 0 0 0
"26" 26 0.0 436 21 20 9 4 3 3 2 1 1 0 0 0 0 0 0 0 0 0 0
"27" 27 0.396226415094 268 68 50 36 18 12 10 9 8 6 5 5 4 1 0 0 0 0 0 0
"28" 28 0.573839662447 213 77 67 44 25 22 16 11 6 5 4 4 3 2 1 0 0 0 0 0
"29" 29 0.0 136 58 48 45 43 37 37 26 26 20 10 10 2 1 1 0 0 0 0 0
"30" 30 0.0 483 9 5 2 1 0 0 0 0 0 0 0 0 0 0 0 0 0 0 0
"31" 31 0.279069767442 204 163 76 15 14 11 9 2 2 1 1 1 1 0 0 0 0 0 0 0
"32" 32 0.0 183 148 45 22 21 19 19 12 9 8 7 4 2 1 0 0 0 0 0 0
"33" 33 0.0 293 99 46 30 9 7 7 6 1 1 1 0 0 0 0 0 0 0 0 0
"34" 34 0.0912408759124 257 135 46 20 13 11 6 3 3 3 1 1 1 0 0 0 0 0 0 0
"35" 35 0.031007751938 173 149 65 34 21 20 12 7 5 4 2 2 2 1 1 1 1 0 0 0
"36" 36 0.00497512437811 459 35 2 2 1 1 0 0 0 0 0 0 0 0 0 0 0 0 0 0
"37" 37 0.0126582278481 279 122 33 18 11 10 10 6 5 2 2 1 1 0 0 0 0 0 0 0
"38" 38 0.302325581395 182 169 50 49 25 9 6 3 3 2 2 0 0 0 0 0 0 0 0 0
"39" 39 0.278846153846 483 3 3 3 2 2 1 1 1 1 0 0 0 0 0 0 0 0 0 0
"40" 40 0.589285714286 176 125 71 52 19 19 17 5 5 3 2 2 2 1 1 0 0 0 0 0
"41" 41 0.485232067511 240 53 40 35 23 21 20 19 14 12 8 7 5 2 1 0 0 0 0 0
"42" 42 0.701923076923 500 0 0 0 0 0 0 0 0 0 0 0 0 0 0 0 0 0 0 0
"43" 43 0.238493723849 338 86 16 16 14 13 5 4 2 2 2 1 1 0 0 0 0 0 0 0
"44" 44 0.105769230769 500 0 0 0 0 0 0 0 0 0 0 0 0 0 0 0 0 0 0 0
"45" 45 0.0 302 110 67 12 5 2 2 0 0 0 0 0 0 0 0 0 0 0 0 0
"46" 46 0.511627906977 208 83 67 40 39 20 20 17 2 2 1 1 0 0 0 0 0 0 0 0
"47" 47 0.336538461538 499 1 0 0 0 0 0 0 0 0 0 0 0 0 0 0 0 0 0 0
"48" 48 0.046357615894 308 100 57 33 2 0 0 0 0 0 0 0 0 0 0 0 0 0 0 0
"49" 49 0.191387559809 127 88 47 43 40 40 26 23 21 14 12 7 4 3 2 2 1 0 0 0
"50" 50 0.0 324 90 27 24 16 9 3 2 1 1 1 1 1 0 0 0 0 0 0 0
"51" 51 0.11961722488 225 137 64 27 15 13 5 4 3 3 2 1 1 0 0 0 0 0 0 0
"52" 52 0.361313868613 261 64 41 34 22 17 16 13 11 11 5 2 1 1 1 0 0 0 0 0
"53" 53 0.00574712643678 249 198 24 10 8 6 4 1 0 0 0 0 0 0 0 0 0 0 0 0
"54" 54 0.121827411168 167 116 88 28 28 25 15 11 7 5 4 3 3 0 0 0 0 0 0 0
"55" 55 0.301886792453 439 29 15 7 5 4 1 0 0 0 0 0 0 0 0 0 0 0 0 0
"56" 56 0.663212435233 235 230 16 9 7 3 0 0 0 0 0 0 0 0 0 0 0 0 0 0
"57" 57 0.192468619247 203 129 59 53 30 12 5 4 3 1 1 0 0 0 0 0 0 0 0 0
"58" 58 0.0137614678899 277 119 49 35 8 5 3 3 1 0 0 0 0 0 0 0 0 0 0 0
"59" 59 0.0 236 91 81 33 33 18 4 3 1 0 0 0 0 0 0 0 0 0 0 0
"60" 60 0.139013452915 186 67 55 49 42 29 17 16 13 10 6 6 3 1 0 0 0 0 0 0
"61" 61 0.0 453 42 2 1 1 1 0 0 0 0 0 0 0 0 0 0 0 0 0 0
"62" 62 0.0 500 0 0 0 0 0 0 0 0 0 0 0 0 0 0 0 0 0 0 0
"63" 63 0.0103626943005 498 2 0 0 0 0 0 0 0 0 0 0 0 0 0 0 0 0 0 0
"64" 64 0.188284518828 254 113 66 38 16 7 3 2 1 0 0 0 0 0 0 0 0 0 0 0
"65" 65 0.488372093023 153 106 80 37 30 23 22 14 13 7 6 4 3 2 0 0 0 0 0 0
"66" 66 0.364341085271 88 86 84 63 57 42 18 15 11 10 9 5 5 4 3 0 0 0 0 0
"67" 67 0.201923076923 297 66 59 44 17 9 3 2 2 1 0 0 0 0 0 0 0 0 0 0
"68" 68 0.502564102564 126 109 108 37 29 23 20 17 11 10 4 4 1 1 0 0 0 0 0 0
"69" 69 0.298076923077 499 1 0 0 0 0 0 0 0 0 0 0 0 0 0 0 0 0 0 0
"70" 70 0.651162790698 131 125 70 58 37 21 13 13 8 6 6 5 4 3 0 0 0 0 0 0
"71" 71 0.173076923077 493 5 1 1 0 0 0 0 0 0 0 0 0 0 0 0 0 0 0 0
"72" 72 0.182692307692 500 0 0 0 0 0 0 0 0 0 0 0 0 0 0 0 0 0 0 0
"73" 73 0.35864978903 149 119 100 41 28 13 13 11 10 6 5 4 1 0 0 0 0 0 0 0
"74" 74 0.0198675496689 477 8 7 5 3 0 0 0 0 0 0 0 0 0 0 0 0 0 0 0
"75" 75 0.203045685279 296 85 38 36 25 7 6 3 2 1 1 0 0 0 0 0 0 0 0 0
"76" 76 0.406844106464 146 85 59 49 40 39 25 15 12 10 9 9 2 0 0 0 0 0 0 0
"77" 77 0.355769230769 500 0 0 0 0 0 0 0 0 0 0 0 0 0 0 0 0 0 0 0
"78" 78 0.573643410853 98 85 81 72 42 41 30 22 12 10 4 2 1 0 0 0 0 0 0 0
"79" 79 0.514767932489 213 82 47 39 25 25 24 21 9 5 3 2 2 1 1 1 0 0 0 0
"80" 80 0.100418410042 191 113 53 53 29 18 15 11 6 4 3 3 1 0 0 0 0 0 0 0
"81" 81 0.449612403101 135 85 54 47 47 39 35 22 11 10 9 5 1 0 0 0 0 0 0 0
"82" 82 0.124352331606 183 119 107 42 17 9 4 3 3 2 2 2 2 2 1 1 1 0 0 0
"83" 83 0.236607142857 241 76 46 40 21 18 14 12 8 8 5 4 2 2 1 1 1 0 0 0
"84" 84 0.235897435897 226 97 86 39 18 15 8 6 3 2 0 0 0 0 0 0 0 0 0 0
"85" 85 0.334728033473 233 211 47 7 1 1 0 0 0 0 0 0 0 0 0 0 0 0 0 0
"86" 86 0.587443946188 146 97 59 42 33 30 26 21 19 12 4 3 3 2 2 1 0 0 0 0
"87" 87 0.218905472637 404 26 15 14 14 7 6 5 4 3 1 1 0 0 0 0 0 0 0 0
"88" 88 0.552742616034 192 117 57 39 27 17 16 13 8 5 3 3 3 0 0 0 0 0 0 0
"89" 89 0.0 465 9 8 5 4 3 2 2 1 1 0 0 0 0 0 0 0 0 0 0
"90" 90 0.420512820513 361 70 28 15 6 5 5 4 3 2 1 0 0 0 0 0 0 0 0 0
"91" 91 0.324894514768 211 114 57 48 28 12 11 10 7 2 0 0 0 0 0 0 0 0 0 0
"92" 92 0.37106918239 252 93 75 48 24 6 2 0 0 0 0 0 0 0 0 0 0 0 0 0
"93" 93 0.0192307692308 497 2 1 0 0 0 0 0 0 0 0 0 0 0 0 0 0 0 0 0
"94" 94 0.0199004975124 384 33 32 22 13 5 4 3 2 1 1 0 0 0 0 0 0 0 0 0
"95" 95 0.0 292 112 22 21 20 15 7 5 3 1 1 1 0 0 0 0 0 0 0 0
"96" 96 0.0 439 45 5 5 2 2 1 1 0 0 0 0 0 0 0 0 0 0 0 0
"97" 97 0.0 146 143 80 64 52 4 4 4 2 1 0 0 0 0 0 0 0 0 0 0
"98" 98 0.062015503876 185 155 54 35 28 24 6 6 2 1 1 1 1 1 0 0 0 0 0 0
"99" 99 0.225641025641 224 110 70 56 19 14 3 1 1 1 1 0 0 0 0 0 0 0 0 0
"100" 100 0.635658914729 143 83 63 45 29 29 27 27 25 15 7 4 2 1 0 0 0 0 0 0
"101" 101 0.240384615385 494 2 2 2 0 0 0 0 0 0 0 0 0 0 0 0 0 0 0 0
"102" 102 0.654088050314 285 109 25 24 22 19 4 3 3 2 2 1 1 0 0 0 0 0 0 0
"103" 103 0.476923076923 416 44 25 6 4 2 1 1 1 0 0 0 0 0 0 0 0 0 0 0
"104" 104 0.156976744186 211 113 31 30 18 18 16 15 15 14 11 3 3 1 1 0 0 0 0 0
"105" 105 0.0 159 129 72 34 25 20 18 13 9 8 7 2 1 1 1 1 0 0 0 0
"106" 106 0.0961538461538 288 136 36 17 10 9 4 0 0 0 0 0 0 0 0 0 0 0 0 0
"107" 107 0.00662251655629 470 16 8 4 2 0 0 0 0 0 0 0 0 0 0 0 0 0 0 0
"108" 108 0.103139013453 104 89 84 49 36 29 28 27 22 18 5 5 4 0 0 0 0 0 0 0
"109" 109 0.0 366 72 57 2 1 1 1 0 0 0 0 0 0 0 0 0 0 0 0 0
"110" 110 0.0209205020921 237 216 29 8 5 2 1 1 1 0 0 0 0 0 0 0 0 0 0 0
"111" 111 0.0 316 64 45 33 19 9 3 3 2 2 2 1 1 0 0 0 0 0 0 0
"112" 112 0.0 320 91 51 13 8 8 4 2 2 1 0 0 0 0 0 0 0 0 0 0
"113" 113 0.0988372093023 272 150 43 10 9 7 4 3 1 1 0 0 0 0 0 0 0 0 0 0
"114" 114 0.252873563218 230 149 48 37 21 7 4 3 1 0 0 0 0 0 0 0 0 0 0 0
"115" 115 0.390804597701 212 157 35 34 19 17 11 4 4 2 2 2 1 0 0 0 0 0 0 0
"116" 116 0.0 236 77 42 39 29 27 26 11 11 1 1 0 0 0 0 0 0 0 0 0
"117" 117 0.403973509934 260 62 48 42 37 23 10 4 3 3 2 2 2 1 1 0 0 0 0 0
"118" 118 0.535460992908 123 118 84 59 46 22 18 17 7 3 2 1 0 0 0 0 0 0 0 0
"119" 119 0.089552238806 176 127 110 48 18 6 4 4 3 2 1 1 0 0 0 0 0 0 0 0
"120" 120 0.238341968912 348 38 36 26 21 10 6 4 4 3 2 1 1 0 0 0 0 0 0 0
"121" 121 0.413461538462 493 7 0 0 0 0 0 0 0 0 0 0 0 0 0 0 0 0 0 0
"122" 122 0.540084388186 193 152 60 27 22 16 7 7 6 4 3 2 1 0 0 0 0 0 0 0
"123" 123 0.157894736842 478 19 3 0 0 0 0 0 0 0 0 0 0 0 0 0 0 0 0 0
"124" 124 0.0 203 105 103 61 20 5 2 1 0 0 0 0 0 0 0 0 0 0 0 0
"125" 125 0.0172413793103 244 163 55 18 8 7 3 1 1 0 0 0 0 0 0 0 0 0 0 0
"126" 126 0.0 338 123 13 9 9 3 3 1 1 0 0 0 0 0 0 0 0 0 0 0
"127" 127 0.0 500 0 0 0 0 0 0 0 0 0 0 0 0 0 0 0 0 0 0 0
"128" 128 0.205357142857 215 102 76 61 22 10 10 3 1 0 0 0 0 0 0 0 0 0 0 0
"129" 129 0.0862068965517 177 135 96 72 9 4 4 3 0 0 0 0 0 0 0 0 0 0 0 0
"130" 130 0.380710659898 221 149 58 26 21 16 5 2 1 1 0 0 0 0 0 0 0 0 0 0
"131" 131 0.481865284974 138 65 62 62 53 35 33 16 10 7 5 4 4 2 2 2 0 0 0 0
"132" 132 0.0288461538462 500 0 0 0 0 0 0 0 0 0 0 0 0 0 0 0 0 0 0 0
"133" 133 0.238532110092 132 101 72 47 46 35 18 17 17 6 3 3 2 1 0 0 0 0 0 0
"134" 134 0.625641025641 113 107 88 76 55 21 18 12 6 3 1 0 0 0 0 0 0 0 0 0
"135" 135 0.0287356321839 398 19 18 16 14 9 6 6 5 4 1 1 1 1 1 0 0 0 0 0
"136" 136 0.0 165 123 56 38 32 27 16 13 11 8 4 3 2 1 1 0 0 0 0 0
"137" 137 0.544303797468 105 68 57 57 55 46 41 27 18 10 9 5 2 0 0 0 0 0 0 0
"138" 138 0.255813953488 115 90 57 48 45 33 25 23 17 14 10 10 3 3 3 2 2 0 0 0
"139" 139 0.0 347 62 30 25 9 7 7 5 3 3 1 1 0 0 0 0 0 0 0 0
"140" 140 0.129464285714 411 49 22 11 3 3 1 0 0 0 0 0 0 0 0 0 0 0 0 0
"141" 141 0.488372093023 154 106 82 42 33 28 16 13 10 8 5 3 0 0 0 0 0 0 0 0
"142" 142 0.138392857143 101 100 76 43 37 33 26 24 21 18 6 5 5 2 2 1 0 0 0 0
"143" 143 0.0192307692308 495 3 2 0 0 0 0 0 0 0 0 0 0 0 0 0 0 0 0 0
"144" 144 0.165562913907 374 52 27 26 6 6 6 2 1 0 0 0 0 0 0 0 0 0 0 0
"145" 145 0.721153846154 223 89 83 39 21 16 12 8 5 2 1 1 0 0 0 0 0 0 0 0
"146" 146 0.562913907285 256 99 52 24 23 21 12 12 1 0 0 0 0 0 0 0 0 0 0 0
"147" 147 0.0192307692308 500 0 0 0 0 0 0 0 0 0 0 0 0 0 0 0 0 0 0 0
"148" 148 0.64135021097 126 97 67 48 41 36 27 18 13 12 8 3 3 1 0 0 0 0 0 0
"149" 149 0.188679245283 267 119 40 26 25 7 6 5 3 2 0 0 0 0 0 0 0 0 0 0
"150" 150 0.700729927007 245 86 41 28 27 18 11 10 9 8 6 5 4 2 0 0 0 0 0 0
"151" 151 0.0993377483444 160 112 55 36 35 27 25 17 10 8 7 5 2 1 0 0 0 0 0 0
"152" 152 0.368613138686 201 87 52 42 25 17 16 14 12 11 10 7 2 2 1 1 0 0 0 0
"153" 153 0.0 296 107 31 19 15 14 4 4 4 2 2 1 1 0 0 0 0 0 0 0
"154" 154 0.236607142857 262 86 40 29 21 18 13 11 6 3 3 3 2 2 1 0 0 0 0 0
"155" 155 0.0 409 31 23 11 10 4 3 3 2 2 1 1 0 0 0 0 0 0 0 0
"156" 156 0.356589147287 102 99 86 38 35 33 27 22 17 15 9 8 4 3 2 0 0 0 0 0
"157" 157 0.523206751055 246 138 22 21 17 16 14 8 7 5 3 3 0 0 0 0 0 0 0 0
"158" 158 0.107594936709 451 32 8 7 2 0 0 0 0 0 0 0 0 0 0 0 0 0 0 0
"159" 159 0.0769230769231 500 0 0 0 0 0 0 0 0 0 0 0 0 0 0 0 0 0 0 0
"160" 160 0.367816091954 213 196 20 17 16 15 10 7 4 1 1 0 0 0 0 0 0 0 0 0
"161" 161 0.645569620253 127 123 98 23 22 22 20 16 10 10 8 8 5 5 1 1 1 0 0 0
