"site" "RSA" "aa1" "aa2" "aa3" "aa4" "aa5" "aa6" "aa7" "aa8" "aa9" "aa10" "aa11" "aa12" "aa13" "aa14" "aa15" "aa16" "aa17" "aa18" "aa19" "aa20"
"0" 0 0.736040609137 240 76 72 63 36 8 4 1 0 0 0 0 0 0 0 0 0 0 0 0
"1" 1 0.157232704403 353 43 40 25 23 13 1 1 1 0 0 0 0 0 0 0 0 0 0 0
"2" 2 0.527131782946 192 72 55 48 40 31 28 20 5 5 2 2 0 0 0 0 0 0 0 0
"3" 3 0.154811715481 500 0 0 0 0 0 0 0 0 0 0 0 0 0 0 0 0 0 0 0
"4" 4 0.488038277512 250 120 58 15 15 14 9 7 5 4 3 0 0 0 0 0 0 0 0 0
"5" 5 0.553459119497 471 11 8 7 1 1 1 0 0 0 0 0 0 0 0 0 0 0 0 0
"6" 6 0.644230769231 422 76 2 0 0 0 0 0 0 0 0 0 0 0 0 0 0 0 0 0
"7" 7 0.482142857143 311 168 13 4 2 2 0 0 0 0 0 0 0 0 0 0 0 0 0 0
"8" 8 0.174129353234 492 5 3 0 0 0 0 0 0 0 0 0 0 0 0 0 0 0 0 0
"9" 9 0.0512820512821 408 46 29 14 2 1 0 0 0 0 0 0 0 0 0 0 0 0 0 0
"10" 10 0.373563218391 264 212 15 4 3 2 0 0 0 0 0 0 0 0 0 0 0 0 0 0
"11" 11 0.0570342205323 386 82 9 8 6 4 3 1 1 0 0 0 0 0 0 0 0 0 0 0
"12" 12 0.35761589404 392 47 20 15 12 9 3 1 1 0 0 0 0 0 0 0 0 0 0 0
"13" 13 0.325581395349 176 170 40 39 24 22 11 7 4 3 2 1 1 0 0 0 0 0 0 0
"14" 14 0.213836477987 472 17 4 4 2 1 0 0 0 0 0 0 0 0 0 0 0 0 0 0
"15" 15 0.384615384615 308 106 31 22 15 10 3 3 2 0 0 0 0 0 0 0 0 0 0 0
"16" 16 0.321243523316 381 56 36 9 9 5 3 1 0 0 0 0 0 0 0 0 0 0 0 0
"17" 17 0.0 368 60 46 20 6 0 0 0 0 0 0 0 0 0 0 0 0 0 0 0
"18" 18 0.0697674418605 227 153 73 15 9 9 6 2 2 2 1 1 0 0 0 0 0 0 0 0
"19" 19 0.326424870466 177 155 64 57 25 6 4 3 3 2 2 1 1 0 0 0 0 0 0 0
"20" 20 0.00574712643678 442 21 18 18 1 0 0 0 0 0 0 0 0 0 0 0 0 0 0 0
"21" 21 0.0132450331126 383 98 19 0 0 0 0 0 0 0 0 0 0 0 0 0 0 0 0 0
"22" 22 0.459854014599 386 56 20 14 13 4 2 1 1 1 1 1 0 0 0 0 0 0 0 0
"23" 23 0.302325581395 208 94 92 63 34 3 3 2 1 0 0 0 0 0 0 0 0 0 0 0
"24" 24 0.0845771144279 485 11 4 0 0 0 0 0 0 0 0 0 0 0 0 0 0 0 0 0
"25" 25 0.350364963504 239 63 57 46 40 38 10 5 1 1 0 0 0 0 0 0 0 0 0 0
"26" 26 0.73631840796 407 36 29 13 12 2 1 0 0 0 0 0 0 0 0 0 0 0 0 0
"27" 27 0.563953488372 394 42 26 26 6 4 1 1 0 0 0 0 0 0 0 0 0 0 0 0
"28" 28 0.480769230769 500 0 0 0 0 0 0 0 0 0 0 0 0 0 0 0 0 0 0 0
"29" 29 0.215328467153 230 89 59 48 30 24 13 7 0 0 0 0 0 0 0 0 0 0 0 0
"30" 30 0.284671532847 185 70 68 57 52 26 14 12 6 4 4 1 1 0 0 0 0 0 0 0
"31" 31 0.00574712643678 385 96 15 2 1 1 0 0 0 0 0 0 0 0 0 0 0 0 0 0
"32" 32 0.0 227 132 114 15 4 4 2 1 1 0 0 0 0 0 0 0 0 0 0 0
"33" 33 0.0 457 27 12 2 1 1 0 0 0 0 0 0 0 0 0 0 0 0 0 0
"34" 34 0.0 500 0 0 0 0 0 0 0 0 0 0 0 0 0 0 0 0 0 0 0
"35" 35 0.157232704403 215 89 88 27 20 17 13 12 10 4 2 2 1 0 0 0 0 0 0 0
"36" 36 0.0872093023256 408 89 3 0 0 0 0 0 0 0 0 0 0 0 0 0 0 0 0 0
"37" 37 0.587155963303 186 150 42 32 31 28 17 7 4 3 0 0 0 0 0 0 0 0 0 0
"38" 38 0.0192307692308 500 0 0 0 0 0 0 0 0 0 0 0 0 0 0 0 0 0 0 0
"39" 39 0.341085271318 487 11 1 1 0 0 0 0 0 0 0 0 0 0 0 0 0 0 0 0
"40" 40 0.0149253731343 338 72 65 18 4 1 1 1 0 0 0 0 0 0 0 0 0 0 0 0
"41" 41 0.11961722488 150 117 106 63 46 17 1 0 0 0 0 0 0 0 0 0 0 0 0 0
"42" 42 0.379464285714 228 211 16 12 10 9 9 5 0 0 0 0 0 0 0 0 0 0 0 0
"43" 43 0.115384615385 328 65 23 19 18 17 15 4 3 3 2 1 1 1 0 0 0 0 0 0
"44" 44 0.143540669856 145 116 105 92 15 8 7 4 3 2 1 1 1 0 0 0 0 0 0 0
"45" 45 0.0149253731343 205 126 98 34 13 9 5 3 2 2 1 1 1 0 0 0 0 0 0 0
"46" 46 0.15503875969 163 89 78 58 51 34 27 0 0 0 0 0 0 0 0 0 0 0 0 0
"47" 47 0.089552238806 436 62 1 1 0 0 0 0 0 0 0 0 0 0 0 0 0 0 0 0
"48" 48 0.0114942528736 301 198 1 0 0 0 0 0 0 0 0 0 0 0 0 0 0 0 0 0
"49" 49 0.317518248175 171 158 65 56 19 11 9 7 2 2 0 0 0 0 0 0 0 0 0 0
"50" 50 0.0852713178295 280 129 63 26 2 0 0 0 0 0 0 0 0 0 0 0 0 0 0 0
"51" 51 0.0 500 0 0 0 0 0 0 0 0 0 0 0 0 0 0 0 0 0 0 0
"52" 52 0.333333333333 326 119 46 8 1 0 0 0 0 0 0 0 0 0 0 0 0 0 0 0
"53" 53 0.649635036496 329 91 35 19 10 10 2 2 2 0 0 0 0 0 0 0 0 0 0 0
"54" 54 0.051724137931 271 72 68 35 22 12 9 5 3 2 1 0 0 0 0 0 0 0 0 0
"55" 55 0.610062893082 467 18 13 2 0 0 0 0 0 0 0 0 0 0 0 0 0 0 0 0
"56" 56 0.461538461538 497 3 0 0 0 0 0 0 0 0 0 0 0 0 0 0 0 0 0 0
"57" 57 0.0331125827815 271 229 0 0 0 0 0 0 0 0 0 0 0 0 0 0 0 0 0 0
"58" 58 0.0 284 117 94 5 0 0 0 0 0 0 0 0 0 0 0 0 0 0 0 0
"59" 59 0.0 447 53 0 0 0 0 0 0 0 0 0 0 0 0 0 0 0 0 0 0
"60" 60 0.0 453 22 10 8 7 0 0 0 0 0 0 0 0 0 0 0 0 0 0 0
"61" 61 0.0 499 1 0 0 0 0 0 0 0 0 0 0 0 0 0 0 0 0 0 0
"62" 62 0.00662251655629 214 175 82 24 3 2 0 0 0 0 0 0 0 0 0 0 0 0 0 0
"63" 63 0.152284263959 329 46 40 27 25 22 9 2 0 0 0 0 0 0 0 0 0 0 0 0
"64" 64 0.071129707113 491 6 3 0 0 0 0 0 0 0 0 0 0 0 0 0 0 0 0 0
"65" 65 0.551724137931 211 134 132 13 4 3 1 1 1 0 0 0 0 0 0 0 0 0 0 0
"66" 66 0.205128205128 183 177 44 36 22 13 11 7 5 1 1 0 0 0 0 0 0 0 0 0
"67" 67 0.358490566038 134 128 96 42 41 14 13 10 9 8 3 1 1 0 0 0 0 0 0 0
"68" 68 0.646788990826 219 109 88 42 13 10 5 5 3 2 2 2 0 0 0 0 0 0 0 0
"69" 69 0.22869955157 262 123 53 18 17 7 5 4 3 2 2 1 1 1 1 0 0 0 0 0
"70" 70 0.857740585774 207 185 62 23 11 5 4 3 0 0 0 0 0 0 0 0 0 0 0 0
"71" 71 0.730769230769 481 19 0 0 0 0 0 0 0 0 0 0 0 0 0 0 0 0 0 0
"72" 72 0.503875968992 285 96 47 25 23 21 2 1 0 0 0 0 0 0 0 0 0 0 0 0
"73" 73 1.18238993711 494 3 3 0 0 0 0 0 0 0 0 0 0 0 0 0 0 0 0 0
"74" 74 0.60621761658 466 16 11 7 0 0 0 0 0 0 0 0 0 0 0 0 0 0 0 0
"75" 75 0.497409326425 338 106 32 16 3 1 1 1 1 1 0 0 0 0 0 0 0 0 0 0
"76" 76 0.0362694300518 500 0 0 0 0 0 0 0 0 0 0 0 0 0 0 0 0 0 0 0
"77" 77 0.318407960199 181 85 58 42 35 25 19 15 14 7 7 6 4 1 1 0 0 0 0 0
"78" 78 0.472868217054 277 93 43 35 27 14 7 3 1 0 0 0 0 0 0 0 0 0 0 0
"79" 79 0.215246636771 129 126 64 43 37 30 25 13 12 11 6 3 1 0 0 0 0 0 0 0
"80" 80 0.00497512437811 323 98 37 20 9 8 4 1 0 0 0 0 0 0 0 0 0 0 0 0
"81" 81 0.63503649635 403 51 28 7 6 3 2 0 0 0 0 0 0 0 0 0 0 0 0 0
"82" 82 0.674418604651 257 67 42 39 38 33 19 4 1 0 0 0 0 0 0 0 0 0 0 0
"83" 83 0.183035714286 236 126 93 23 10 5 5 1 1 0 0 0 0 0 0 0 0 0 0 0
"84" 84 0.278846153846 499 1 0 0 0 0 0 0 0 0 0 0 0 0 0 0 0 0 0 0
"85" 85 0.00574712643678 499 1 0 0 0 0 0 0 0 0 0 0 0 0 0 0 0 0 0 0
"86" 86 0.0357142857143 185 100 81 47 35 28 12 8 2 2 0 0 0 0 0 0 0 0 0 0
"87" 87 0.0 475 14 9 1 1 0 0 0 0 0 0 0 0 0 0 0 0 0 0 0
"88" 88 0.0 280 69 57 49 11 10 9 5 5 3 2 0 0 0 0 0 0 0 0 0
"89" 89 0.0 490 10 0 0 0 0 0 0 0 0 0 0 0 0 0 0 0 0 0 0
"90" 90 0.197674418605 203 146 54 50 25 11 6 4 1 0 0 0 0 0 0 0 0 0 0 0
"91" 91 0.062893081761 495 4 1 0 0 0 0 0 0 0 0 0 0 0 0 0 0 0 0 0
"92" 92 0.482558139535 323 46 46 45 17 14 4 3 1 1 0 0 0 0 0 0 0 0 0 0
"93" 93 0.389534883721 169 129 73 56 49 7 6 3 3 3 1 1 0 0 0 0 0 0 0 0
"94" 94 0.542635658915 141 135 85 79 46 11 2 1 0 0 0 0 0 0 0 0 0 0 0 0
"95" 95 0.240310077519 140 106 64 56 47 29 20 14 6 6 5 3 3 1 0 0 0 0 0 0
"96" 96 0.0045871559633 486 7 4 1 1 1 0 0 0 0 0 0 0 0 0 0 0 0 0 0
"97" 97 0.117870722433 444 27 25 2 2 0 0 0 0 0 0 0 0 0 0 0 0 0 0 0
"98" 98 0.591194968553 217 186 49 28 9 9 1 1 0 0 0 0 0 0 0 0 0 0 0 0
"99" 99 0.533678756477 284 159 44 11 2 0 0 0 0 0 0 0 0 0 0 0 0 0 0 0
"100" 100 0.384615384615 500 0 0 0 0 0 0 0 0 0 0 0 0 0 0 0 0 0 0 0
"101" 101 0.492537313433 151 125 70 56 50 17 13 7 7 1 1 1 1 0 0 0 0 0 0 0
"102" 102 0.63503649635 257 74 31 29 25 25 23 17 9 5 2 1 1 1 0 0 0 0 0 0
"103" 103 0.738372093023 174 163 88 24 19 13 9 8 1 1 0 0 0 0 0 0 0 0 0 0
"104" 104 0.412790697674 310 100 28 21 14 5 5 5 4 3 2 1 1 1 0 0 0 0 0 0
"105" 105 0.0632183908046 336 149 12 1 1 1 0 0 0 0 0 0 0 0 0 0 0 0 0 0
"106" 106 0.775784753363 451 29 7 5 4 2 1 1 0 0 0 0 0 0 0 0 0 0 0 0
"107" 107 0.150943396226 387 45 41 12 5 4 4 2 0 0 0 0 0 0 0 0 0 0 0 0
"108" 108 0.269230769231 259 162 23 20 14 12 3 2 2 1 1 1 0 0 0 0 0 0 0 0
"109" 109 0.710691823899 296 177 18 8 1 0 0 0 0 0 0 0 0 0 0 0 0 0 0 0
"110" 110 0.0497512437811 171 70 60 59 44 36 34 13 10 1 1 1 0 0 0 0 0 0 0 0
"111" 111 0.0697674418605 349 89 32 24 6 0 0 0 0 0 0 0 0 0 0 0 0 0 0 0
"112" 112 0.511627906977 199 159 59 28 20 17 8 6 2 2 0 0 0 0 0 0 0 0 0 0
"113" 113 0.325892857143 254 99 65 41 31 6 2 2 0 0 0 0 0 0 0 0 0 0 0 0
"114" 114 0.0597014925373 222 212 62 3 1 0 0 0 0 0 0 0 0 0 0 0 0 0 0 0
"115" 115 0.107142857143 155 92 71 65 56 29 25 2 2 1 1 1 0 0 0 0 0 0 0 0
"116" 116 0.00961538461538 500 0 0 0 0 0 0 0 0 0 0 0 0 0 0 0 0 0 0 0
"117" 117 0.471153846154 297 89 83 20 11 0 0 0 0 0 0 0 0 0 0 0 0 0 0 0
"118" 118 0.459119496855 256 85 80 23 18 16 11 7 4 0 0 0 0 0 0 0 0 0 0 0
"119" 119 0.445255474453 275 137 64 8 6 6 2 1 1 0 0 0 0 0 0 0 0 0 0 0
"120" 120 0.59748427673 214 188 62 33 2 1 0 0 0 0 0 0 0 0 0 0 0 0 0 0
"121" 121 0.273255813953 191 64 55 54 53 36 23 8 8 8 0 0 0 0 0 0 0 0 0 0
"122" 122 0.363636363636 340 41 37 33 16 15 9 4 4 1 0 0 0 0 0 0 0 0 0 0
"123" 123 0.0251046025105 253 243 2 1 1 0 0 0 0 0 0 0 0 0 0 0 0 0 0 0
"124" 124 0.116279069767 209 105 64 56 45 6 6 5 2 1 1 0 0 0 0 0 0 0 0 0
"125" 125 0.0384615384615 160 78 73 63 63 35 8 6 5 5 3 1 0 0 0 0 0 0 0 0
"126" 126 0.114942528736 206 110 62 28 26 21 19 13 6 3 2 2 2 0 0 0 0 0 0 0
"127" 127 0.0248756218905 456 15 14 7 4 2 2 0 0 0 0 0 0 0 0 0 0 0 0 0
"128" 128 0.046511627907 373 93 19 7 3 2 1 1 1 0 0 0 0 0 0 0 0 0 0 0
"129" 129 0.0804597701149 164 162 96 64 5 3 2 1 1 1 1 0 0 0 0 0 0 0 0 0
"130" 130 0.0344827586207 127 84 62 61 41 32 25 15 15 13 6 6 5 5 3 0 0 0 0 0
"131" 131 0.194029850746 170 114 85 77 54 0 0 0 0 0 0 0 0 0 0 0 0 0 0 0
"132" 132 0.274261603376 297 91 54 35 12 4 4 1 1 1 0 0 0 0 0 0 0 0 0 0
"133" 133 0.0199004975124 231 147 40 36 35 4 4 1 1 1 0 0 0 0 0 0 0 0 0 0
"134" 134 0.0398009950249 433 24 16 12 5 4 3 2 1 0 0 0 0 0 0 0 0 0 0 0
"135" 135 0.443946188341 279 136 76 2 2 2 2 1 0 0 0 0 0 0 0 0 0 0 0 0
"136" 136 0.10152284264 489 4 2 2 2 1 0 0 0 0 0 0 0 0 0 0 0 0 0 0
"137" 137 0.0 399 40 29 25 7 0 0 0 0 0 0 0 0 0 0 0 0 0 0 0
"138" 138 0.379562043796 336 75 70 9 4 3 2 1 0 0 0 0 0 0 0 0 0 0 0 0
"139" 139 0.0377358490566 478 17 5 0 0 0 0 0 0 0 0 0 0 0 0 0 0 0 0 0
"140" 140 0.238341968912 271 69 47 44 24 17 13 5 5 3 2 0 0 0 0 0 0 0 0 0
"141" 141 0.324817518248 234 81 80 54 17 15 9 6 3 1 0 0 0 0 0 0 0 0 0 0
"142" 142 0.0 345 47 38 29 27 7 3 3 1 0 0 0 0 0 0 0 0 0 0 0
"143" 143 0.0209205020921 460 38 1 1 0 0 0 0 0 0 0 0 0 0 0 0 0 0 0 0
"144" 144 0.0376569037657 183 113 91 35 27 19 12 7 4 2 2 2 1 1 1 0 0 0 0 0
"145" 145 0.144230769231 449 40 4 3 2 2 0 0 0 0 0 0 0 0 0 0 0 0 0 0
"146" 146 0.223214285714 390 79 11 7 6 6 1 0 0 0 0 0 0 0 0 0 0 0 0 0
"147" 147 0.135021097046 298 87 74 24 7 4 3 2 1 0 0 0 0 0 0 0 0 0 0 0
"148" 148 0.248704663212 371 76 32 8 7 3 1 1 1 0 0 0 0 0 0 0 0 0 0 0
"149" 149 0.0988593155894 271 47 38 25 25 24 21 19 14 7 4 1 1 1 1 1 0 0 0 0
"150" 150 0.0224215246637 331 144 10 7 4 3 1 0 0 0 0 0 0 0 0 0 0 0 0 0
"151" 151 0.170403587444 179 142 95 49 6 6 5 5 4 3 2 2 1 1 0 0 0 0 0 0
"152" 152 0.0199004975124 333 64 24 23 20 17 10 6 2 1 0 0 0 0 0 0 0 0 0 0
"153" 153 0.0862068965517 131 106 78 37 35 31 28 21 11 10 6 4 1 1 0 0 0 0 0 0
"154" 154 0.0 483 7 7 3 0 0 0 0 0 0 0 0 0 0 0 0 0 0 0 0
"155" 155 0.0 178 78 48 41 41 37 26 18 11 8 5 5 3 1 0 0 0 0 0 0
"156" 156 0.430656934307 146 135 85 64 24 20 9 6 4 2 2 1 1 1 0 0 0 0 0 0
"157" 157 0.273542600897 269 76 49 35 32 12 10 9 5 1 1 1 0 0 0 0 0 0 0 0
"158" 158 0.0248756218905 448 45 2 2 2 1 0 0 0 0 0 0 0 0 0 0 0 0 0 0
"159" 159 0.103448275862 193 181 91 21 5 3 3 2 1 0 0 0 0 0 0 0 0 0 0 0
"160" 160 0.503875968992 195 95 75 53 42 22 11 5 2 0 0 0 0 0 0 0 0 0 0 0
"161" 161 0.564766839378 223 67 54 52 50 20 13 8 6 3 2 1 1 0 0 0 0 0 0 0
"162" 162 0.422594142259 187 147 78 72 8 3 2 1 1 1 0 0 0 0 0 0 0 0 0 0
"163" 163 0.74358974359 498 2 0 0 0 0 0 0 0 0 0 0 0 0 0 0 0 0 0 0
"164" 164 0.139303482587 415 72 12 1 0 0 0 0 0 0 0 0 0 0 0 0 0 0 0 0
"165" 165 0.839378238342 495 5 0 0 0 0 0 0 0 0 0 0 0 0 0 0 0 0 0 0
"166" 166 0.114942528736 466 19 11 2 1 1 0 0 0 0 0 0 0 0 0 0 0 0 0 0
"167" 167 0.356589147287 144 100 67 66 65 19 17 12 6 2 1 1 0 0 0 0 0 0 0 0
"168" 168 0.103448275862 183 161 82 62 6 3 2 1 0 0 0 0 0 0 0 0 0 0 0 0
"169" 169 0.247126436782 460 12 11 6 6 4 1 0 0 0 0 0 0 0 0 0 0 0 0 0
"170" 170 0.201923076923 140 85 67 50 47 38 21 18 16 9 5 3 1 0 0 0 0 0 0 0
"171" 171 0.0689655172414 499 1 0 0 0 0 0 0 0 0 0 0 0 0 0 0 0 0 0 0
"172" 172 0.559748427673 319 155 13 13 0 0 0 0 0 0 0 0 0 0 0 0 0 0 0 0
"173" 173 0.156976744186 354 107 26 9 4 0 0 0 0 0 0 0 0 0 0 0 0 0 0 0
"174" 174 0.235632183908 233 60 50 46 28 25 19 17 7 6 6 3 0 0 0 0 0 0 0 0
"175" 175 0.273722627737 235 94 72 34 27 24 12 1 1 0 0 0 0 0 0 0 0 0 0 0
"176" 176 0.339285714286 277 98 44 28 11 10 10 9 4 3 3 2 1 0 0 0 0 0 0 0
"177" 177 0.875968992248 284 113 90 10 1 1 1 0 0 0 0 0 0 0 0 0 0 0 0 0
"178" 178 0.357512953368 246 75 70 48 33 9 9 5 2 1 1 1 0 0 0 0 0 0 0 0
"179" 179 0.144230769231 500 0 0 0 0 0 0 0 0 0 0 0 0 0 0 0 0 0 0 0
"180" 180 0.044776119403 149 92 92 86 27 14 13 8 8 6 2 1 1 1 0 0 0 0 0 0
"181" 181 0.0387596899225 309 80 67 18 18 5 1 1 1 0 0 0 0 0 0 0 0 0 0 0
"182" 182 0.128440366972 163 133 75 35 23 22 12 10 9 7 5 3 1 1 1 0 0 0 0 0
"183" 183 0.105960264901 253 240 5 2 0 0 0 0 0 0 0 0 0 0 0 0 0 0 0 0
"184" 184 0.245033112583 407 45 21 7 6 5 5 4 0 0 0 0 0 0 0 0 0 0 0 0
"185" 185 0.299270072993 378 121 1 0 0 0 0 0 0 0 0 0 0 0 0 0 0 0 0 0
"186" 186 0.123076923077 385 68 27 14 3 1 1 1 0 0 0 0 0 0 0 0 0 0 0 0
"187" 187 0.551094890511 207 136 90 42 19 5 1 0 0 0 0 0 0 0 0 0 0 0 0 0
"188" 188 0.673003802281 445 25 18 8 3 1 0 0 0 0 0 0 0 0 0 0 0 0 0 0
"189" 189 0.089552238806 499 1 0 0 0 0 0 0 0 0 0 0 0 0 0 0 0 0 0 0
"190" 190 0.39378238342 154 136 101 96 7 5 1 0 0 0 0 0 0 0 0 0 0 0 0 0
"191" 191 0.716981132075 339 88 33 18 7 7 6 2 0 0 0 0 0 0 0 0 0 0 0 0
"192" 192 0.565891472868 178 126 52 48 35 29 16 8 7 1 0 0 0 0 0 0 0 0 0 0
"193" 193 0.219730941704 279 123 44 22 21 10 1 0 0 0 0 0 0 0 0 0 0 0 0 0
"194" 194 0.262773722628 212 124 93 29 27 9 5 1 0 0 0 0 0 0 0 0 0 0 0 0
"195" 195 0.46511627907 229 122 51 40 15 13 10 7 6 5 2 0 0 0 0 0 0 0 0 0
"196" 196 0.263565891473 285 62 34 32 27 16 15 10 6 5 3 2 1 1 1 0 0 0 0 0
"197" 197 0.0 273 225 2 0 0 0 0 0 0 0 0 0 0 0 0 0 0 0 0 0
"198" 198 0.252873563218 257 111 45 22 22 19 15 6 2 1 0 0 0 0 0 0 0 0 0 0
"199" 199 0.0542635658915 309 159 32 0 0 0 0 0 0 0 0 0 0 0 0 0 0 0 0 0
"200" 200 0.0199004975124 172 161 55 49 21 17 11 8 5 1 0 0 0 0 0 0 0 0 0 0
"201" 201 0.0198675496689 192 153 74 34 23 11 9 2 1 1 0 0 0 0 0 0 0 0 0 0
"202" 202 0.333333333333 103 96 84 69 64 55 10 10 7 1 1 0 0 0 0 0 0 0 0 0
"203" 203 0.0077519379845 451 49 0 0 0 0 0 0 0 0 0 0 0 0 0 0 0 0 0 0
"204" 204 0.0 435 64 1 0 0 0 0 0 0 0 0 0 0 0 0 0 0 0 0 0
"205" 205 0.337209302326 236 96 54 33 29 25 18 6 2 1 0 0 0 0 0 0 0 0 0 0
"206" 206 0.286821705426 147 123 119 38 32 24 8 7 2 0 0 0 0 0 0 0 0 0 0 0
"207" 207 0.0 500 0 0 0 0 0 0 0 0 0 0 0 0 0 0 0 0 0 0 0
"208" 208 0.232558139535 382 49 23 20 15 3 3 2 2 1 0 0 0 0 0 0 0 0 0 0
"209" 209 0.66985645933 269 106 43 28 21 12 11 7 3 0 0 0 0 0 0 0 0 0 0 0
"210" 210 0.201550387597 379 41 27 24 11 11 4 3 0 0 0 0 0 0 0 0 0 0 0 0
"211" 211 0.0077519379845 390 110 0 0 0 0 0 0 0 0 0 0 0 0 0 0 0 0 0 0
"212" 212 0.691860465116 122 121 108 66 46 31 2 1 1 1 1 0 0 0 0 0 0 0 0 0
"213" 213 0.596899224806 158 155 54 49 38 33 6 2 2 1 1 1 0 0 0 0 0 0 0 0
"214" 214 0.201923076923 500 0 0 0 0 0 0 0 0 0 0 0 0 0 0 0 0 0 0 0
"215" 215 0.263565891473 293 89 42 21 21 14 6 4 3 3 1 1 1 1 0 0 0 0 0 0
"216" 216 0.547085201794 176 109 63 62 49 21 12 8 0 0 0 0 0 0 0 0 0 0 0 0
"217" 217 0.263565891473 350 56 50 37 4 1 1 1 0 0 0 0 0 0 0 0 0 0 0 0
"218" 218 0.0077519379845 500 0 0 0 0 0 0 0 0 0 0 0 0 0 0 0 0 0 0 0
"219" 219 0.199004975124 379 49 34 17 6 6 5 2 2 0 0 0 0 0 0 0 0 0 0 0
"220" 220 0.466321243523 135 95 71 59 56 46 22 14 2 0 0 0 0 0 0 0 0 0 0 0
"221" 221 0.209302325581 315 121 24 18 10 4 3 3 2 0 0 0 0 0 0 0 0 0 0 0
"222" 222 0.0 492 6 2 0 0 0 0 0 0 0 0 0 0 0 0 0 0 0 0 0
"223" 223 0.350364963504 306 61 52 49 17 5 4 3 3 0 0 0 0 0 0 0 0 0 0 0
"224" 224 0.449612403101 165 155 80 34 28 11 10 8 5 4 0 0 0 0 0 0 0 0 0 0
"225" 225 0.235632183908 187 167 77 54 6 5 2 1 1 0 0 0 0 0 0 0 0 0 0 0
"226" 226 0.00995024875622 404 32 20 16 13 13 1 1 0 0 0 0 0 0 0 0 0 0 0 0
"227" 227 0.59585492228 193 102 99 32 27 23 7 5 5 4 2 1 0 0 0 0 0 0 0 0
"228" 228 0.604651162791 258 78 68 48 25 10 4 3 3 2 1 0 0 0 0 0 0 0 0 0
"229" 229 0.131782945736 348 69 47 10 9 6 3 3 2 1 1 1 0 0 0 0 0 0 0 0
"230" 230 0.830188679245 348 60 23 22 21 20 6 0 0 0 0 0 0 0 0 0 0 0 0 0
"231" 231 0.509615384615 290 62 41 38 24 17 12 8 3 3 2 0 0 0 0 0 0 0 0 0
"232" 232 0.0804597701149 332 80 62 9 9 4 2 1 1 0 0 0 0 0 0 0 0 0 0 0
"233" 233 0.286821705426 339 76 64 6 4 3 2 2 2 2 0 0 0 0 0 0 0 0 0 0
"234" 234 0.201149425287 374 111 7 6 2 0 0 0 0 0 0 0 0 0 0 0 0 0 0 0
"235" 235 0.336787564767 219 72 54 47 41 25 22 10 8 2 0 0 0 0 0 0 0 0 0 0
"236" 236 0.0988593155894 324 153 17 5 1 0 0 0 0 0 0 0 0 0 0 0 0 0 0 0
"237" 237 0.089552238806 447 20 10 8 5 5 4 1 0 0 0 0 0 0 0 0 0 0 0 0
"238" 238 0.294642857143 438 48 14 0 0 0 0 0 0 0 0 0 0 0 0 0 0 0 0 0
"239" 239 0.134328358209 453 18 8 7 5 4 2 2 1 0 0 0 0 0 0 0 0 0 0 0
"240" 240 0.0985401459854 498 1 1 0 0 0 0 0 0 0 0 0 0 0 0 0 0 0 0 0
"241" 241 0.243523316062 347 147 5 1 0 0 0 0 0 0 0 0 0 0 0 0 0 0 0 0
"242" 242 0.492385786802 225 159 76 17 12 6 2 1 1 1 0 0 0 0 0 0 0 0 0 0
"243" 243 0.365384615385 176 99 81 77 55 5 4 3 0 0 0 0 0 0 0 0 0 0 0 0
"244" 244 0.0199004975124 175 147 67 61 37 8 3 1 1 0 0 0 0 0 0 0 0 0 0 0
"245" 245 0.230769230769 265 197 11 9 9 4 2 2 1 0 0 0 0 0 0 0 0 0 0 0
"246" 246 0.723270440252 305 158 37 0 0 0 0 0 0 0 0 0 0 0 0 0 0 0 0 0
"247" 247 0.178899082569 417 41 20 13 6 3 0 0 0 0 0 0 0 0 0 0 0 0 0 0
"248" 248 0.37106918239 384 95 20 1 0 0 0 0 0 0 0 0 0 0 0 0 0 0 0 0
"249" 249 0.786069651741 328 98 36 12 11 8 6 1 0 0 0 0 0 0 0 0 0 0 0 0
"250" 250 0.6 169 146 90 46 21 13 10 4 1 0 0 0 0 0 0 0 0 0 0 0
"251" 251 0.230769230769 500 0 0 0 0 0 0 0 0 0 0 0 0 0 0 0 0 0 0 0
"252" 252 0.344370860927 164 157 70 44 20 18 12 6 4 2 1 1 1 0 0 0 0 0 0 0
"253" 253 0.00961538461538 500 0 0 0 0 0 0 0 0 0 0 0 0 0 0 0 0 0 0 0
"254" 254 0.0839416058394 356 77 23 16 10 8 4 3 1 1 1 0 0 0 0 0 0 0 0 0
"255" 255 0.00497512437811 424 44 24 3 3 1 1 0 0 0 0 0 0 0 0 0 0 0 0 0
"256" 256 0.0348258706468 324 91 30 16 11 10 7 4 4 1 1 1 0 0 0 0 0 0 0 0
"257" 257 0.00574712643678 340 56 49 37 8 7 2 1 0 0 0 0 0 0 0 0 0 0 0 0
"258" 258 0.0 183 155 61 59 24 11 4 3 0 0 0 0 0 0 0 0 0 0 0 0
"259" 259 0.0 300 177 9 8 4 1 1 0 0 0 0 0 0 0 0 0 0 0 0 0
"260" 260 0.416058394161 165 99 79 62 34 34 17 4 3 3 0 0 0 0 0 0 0 0 0 0
"261" 261 0.00497512437811 326 72 41 30 15 9 5 2 0 0 0 0 0 0 0 0 0 0 0 0
"262" 262 0.490384615385 500 0 0 0 0 0 0 0 0 0 0 0 0 0 0 0 0 0 0 0
"263" 263 0.848837209302 347 65 43 38 4 2 1 0 0 0 0 0 0 0 0 0 0 0 0 0
"264" 264 0.0581395348837 427 70 2 1 0 0 0 0 0 0 0 0 0 0 0 0 0 0 0 0
"265" 265 0.171532846715 130 122 77 41 37 26 21 15 14 6 2 2 2 2 2 1 0 0 0 0
"266" 266 0.0248756218905 307 160 13 11 4 3 1 1 0 0 0 0 0 0 0 0 0 0 0 0
"267" 267 0.124378109453 236 133 76 24 11 8 4 4 2 1 1 0 0 0 0 0 0 0 0 0
"268" 268 0.0362694300518 450 30 10 7 3 0 0 0 0 0 0 0 0 0 0 0 0 0 0 0
"269" 269 0.0153846153846 396 97 7 0 0 0 0 0 0 0 0 0 0 0 0 0 0 0 0 0
"270" 270 0.157360406091 457 28 5 5 2 1 1 1 0 0 0 0 0 0 0 0 0 0 0 0
"271" 271 0.333333333333 232 183 33 10 9 8 8 6 5 2 2 1 1 0 0 0 0 0 0 0
"272" 272 0.010152284264 334 136 24 4 1 1 0 0 0 0 0 0 0 0 0 0 0 0 0 0
"273" 273 0.392857142857 156 104 89 86 38 15 8 2 1 1 0 0 0 0 0 0 0 0 0 0
"274" 274 0.0558375634518 192 155 137 12 1 1 1 1 0 0 0 0 0 0 0 0 0 0 0 0
"275" 275 0.519230769231 500 0 0 0 0 0 0 0 0 0 0 0 0 0 0 0 0 0 0 0
"276" 276 0.761627906977 202 169 49 33 15 15 6 6 5 0 0 0 0 0 0 0 0 0 0 0
