"site" "RSA" "aa1" "aa2" "aa3" "aa4" "aa5" "aa6" "aa7" "aa8" "aa9" "aa10" "aa11" "aa12" "aa13" "aa14" "aa15" "aa16" "aa17" "aa18" "aa19" "aa20"
"0" 0 0.279816513761 379 107 12 1 1 0 0 0 0 0 0 0 0 0 0 0 0 0 0 0
"1" 1 0.42194092827 166 118 79 65 37 16 10 5 3 1 0 0 0 0 0 0 0 0 0 0
"2" 2 0.385057471264 405 73 11 7 3 1 0 0 0 0 0 0 0 0 0 0 0 0 0 0
"3" 3 0.511494252874 140 127 95 54 40 21 14 5 4 0 0 0 0 0 0 0 0 0 0 0
"4" 4 0.476793248945 175 106 97 60 24 22 8 4 2 1 1 0 0 0 0 0 0 0 0 0
"5" 5 0.383928571429 364 100 23 8 3 1 1 0 0 0 0 0 0 0 0 0 0 0 0 0
"6" 6 0.317991631799 175 124 72 56 55 6 5 5 1 1 0 0 0 0 0 0 0 0 0 0
"7" 7 0.675496688742 412 84 4 0 0 0 0 0 0 0 0 0 0 0 0 0 0 0 0 0
"8" 8 0.258620689655 140 89 71 49 35 28 27 20 16 9 6 5 3 2 0 0 0 0 0 0
"9" 9 0.481012658228 500 0 0 0 0 0 0 0 0 0 0 0 0 0 0 0 0 0 0 0
"10" 10 0.423076923077 391 99 10 0 0 0 0 0 0 0 0 0 0 0 0 0 0 0 0 0
"11" 11 0.0288461538462 500 0 0 0 0 0 0 0 0 0 0 0 0 0 0 0 0 0 0 0
"12" 12 0.35401459854 222 118 103 46 7 3 1 0 0 0 0 0 0 0 0 0 0 0 0 0
"13" 13 0.0646766169154 128 85 83 75 30 28 22 17 10 7 7 4 3 1 0 0 0 0 0 0
"14" 14 0.0304568527919 247 116 85 28 10 8 5 1 0 0 0 0 0 0 0 0 0 0 0 0
"15" 15 0.177215189873 239 123 107 7 6 6 5 3 1 1 1 1 0 0 0 0 0 0 0 0
"16" 16 0.00497512437811 425 39 33 2 1 0 0 0 0 0 0 0 0 0 0 0 0 0 0 0
"17" 17 0.0728476821192 131 89 59 59 47 35 26 18 11 11 5 5 4 0 0 0 0 0 0 0
"18" 18 0.0239234449761 267 218 8 7 0 0 0 0 0 0 0 0 0 0 0 0 0 0 0 0
"19" 19 0.635897435897 419 73 8 0 0 0 0 0 0 0 0 0 0 0 0 0 0 0 0 0
"20" 20 0.0529801324503 500 0 0 0 0 0 0 0 0 0 0 0 0 0 0 0 0 0 0 0
"21" 21 0.569230769231 463 25 10 2 0 0 0 0 0 0 0 0 0 0 0 0 0 0 0 0
"22" 22 0.0993377483444 209 193 46 45 7 0 0 0 0 0 0 0 0 0 0 0 0 0 0 0
"23" 23 0.0 486 4 3 3 3 1 0 0 0 0 0 0 0 0 0 0 0 0 0 0
"24" 24 0.510548523207 490 6 2 1 1 0 0 0 0 0 0 0 0 0 0 0 0 0 0 0
"25" 25 0.0639534883721 500 0 0 0 0 0 0 0 0 0 0 0 0 0 0 0 0 0 0 0
"26" 26 0.377483443709 327 90 33 19 18 9 2 1 1 0 0 0 0 0 0 0 0 0 0 0
"27" 27 0.00917431192661 282 116 36 22 19 15 4 2 1 1 1 1 0 0 0 0 0 0 0 0
"28" 28 0.405128205128 123 85 77 69 55 46 20 14 4 3 2 2 0 0 0 0 0 0 0 0
"29" 29 0.0 244 226 9 8 7 4 1 1 0 0 0 0 0 0 0 0 0 0 0 0
"30" 30 0.0205128205128 275 129 28 24 23 5 4 3 2 2 2 2 1 0 0 0 0 0 0 0
"31" 31 0.0 473 16 7 3 1 0 0 0 0 0 0 0 0 0 0 0 0 0 0 0
"32" 32 0.0 218 192 36 34 16 2 1 1 0 0 0 0 0 0 0 0 0 0 0 0
"33" 33 0.00497512437811 314 178 3 3 2 0 0 0 0 0 0 0 0 0 0 0 0 0 0 0
"34" 34 0.0 312 188 0 0 0 0 0 0 0 0 0 0 0 0 0 0 0 0 0 0
"35" 35 0.451476793249 401 71 28 0 0 0 0 0 0 0 0 0 0 0 0 0 0 0 0 0
"36" 36 0.33971291866 196 99 87 84 31 1 1 1 0 0 0 0 0 0 0 0 0 0 0 0
"37" 37 0.190114068441 340 94 50 5 2 2 2 2 1 1 1 0 0 0 0 0 0 0 0 0
"38" 38 0.311787072243 357 109 25 9 0 0 0 0 0 0 0 0 0 0 0 0 0 0 0 0
"39" 39 0.302325581395 500 0 0 0 0 0 0 0 0 0 0 0 0 0 0 0 0 0 0 0
"40" 40 0.596412556054 500 0 0 0 0 0 0 0 0 0 0 0 0 0 0 0 0 0 0 0
"41" 41 0.730569948187 500 0 0 0 0 0 0 0 0 0 0 0 0 0 0 0 0 0 0 0
"42" 42 0.502092050209 375 119 6 0 0 0 0 0 0 0 0 0 0 0 0 0 0 0 0 0
"43" 43 0.899371069182 429 71 0 0 0 0 0 0 0 0 0 0 0 0 0 0 0 0 0 0
"44" 44 0.649635036496 254 149 71 13 8 4 1 0 0 0 0 0 0 0 0 0 0 0 0 0
"45" 45 0.138461538462 396 103 1 0 0 0 0 0 0 0 0 0 0 0 0 0 0 0 0 0
"46" 46 0.53164556962 500 0 0 0 0 0 0 0 0 0 0 0 0 0 0 0 0 0 0 0
"47" 47 0.21897810219 136 87 65 60 55 52 24 16 4 1 0 0 0 0 0 0 0 0 0 0
"48" 48 0.0710659898477 461 18 12 3 2 1 1 1 1 0 0 0 0 0 0 0 0 0 0 0
"49" 49 0.0062893081761 330 144 26 0 0 0 0 0 0 0 0 0 0 0 0 0 0 0 0 0
"50" 50 0.0 427 73 0 0 0 0 0 0 0 0 0 0 0 0 0 0 0 0 0 0
"51" 51 0.0 314 174 5 4 1 1 1 0 0 0 0 0 0 0 0 0 0 0 0 0
"52" 52 0.0 480 15 3 2 0 0 0 0 0 0 0 0 0 0 0 0 0 0 0 0
"53" 53 0.0 243 204 29 22 1 1 0 0 0 0 0 0 0 0 0 0 0 0 0 0
"54" 54 0.0 391 38 27 26 7 4 2 2 1 1 1 0 0 0 0 0 0 0 0 0
"55" 55 0.0 214 94 93 75 19 2 2 1 0 0 0 0 0 0 0 0 0 0 0 0
"56" 56 0.0288461538462 489 11 0 0 0 0 0 0 0 0 0 0 0 0 0 0 0 0 0 0
"57" 57 0.089552238806 201 116 77 69 18 5 3 3 2 2 1 1 1 1 0 0 0 0 0 0
"58" 58 0.470930232558 500 0 0 0 0 0 0 0 0 0 0 0 0 0 0 0 0 0 0 0
"59" 59 0.0822784810127 499 1 0 0 0 0 0 0 0 0 0 0 0 0 0 0 0 0 0 0
"60" 60 0.273255813953 312 77 43 40 19 5 4 0 0 0 0 0 0 0 0 0 0 0 0 0
"61" 61 0.0062893081761 457 37 4 2 0 0 0 0 0 0 0 0 0 0 0 0 0 0 0 0
"62" 62 0.222797927461 281 104 72 12 10 10 5 4 1 1 0 0 0 0 0 0 0 0 0 0
"63" 63 0.215384615385 442 38 10 5 3 2 0 0 0 0 0 0 0 0 0 0 0 0 0 0
"64" 64 0.0 244 157 51 45 2 1 0 0 0 0 0 0 0 0 0 0 0 0 0 0
"65" 65 0.0596026490066 330 153 5 4 3 2 2 1 0 0 0 0 0 0 0 0 0 0 0 0
"66" 66 0.611607142857 202 131 85 32 29 20 1 0 0 0 0 0 0 0 0 0 0 0 0 0
"67" 67 0.396624472574 295 149 36 11 9 0 0 0 0 0 0 0 0 0 0 0 0 0 0 0
"68" 68 0.0 432 35 17 13 2 1 0 0 0 0 0 0 0 0 0 0 0 0 0 0
"69" 69 0.493723849372 420 78 1 1 0 0 0 0 0 0 0 0 0 0 0 0 0 0 0 0
"70" 70 0.0 222 75 55 50 31 26 10 9 7 6 5 3 1 0 0 0 0 0 0 0
"71" 71 0.0717488789238 198 163 89 27 18 2 1 1 1 0 0 0 0 0 0 0 0 0 0 0
"72" 72 0.564853556485 145 141 66 55 53 38 2 0 0 0 0 0 0 0 0 0 0 0 0 0
"73" 73 0.0582959641256 158 141 127 60 13 1 0 0 0 0 0 0 0 0 0 0 0 0 0 0
"74" 74 0.0 471 24 3 1 1 0 0 0 0 0 0 0 0 0 0 0 0 0 0 0
"75" 75 0.0621761658031 500 0 0 0 0 0 0 0 0 0 0 0 0 0 0 0 0 0 0 0
"76" 76 0.535864978903 471 24 2 2 1 0 0 0 0 0 0 0 0 0 0 0 0 0 0 0
"77" 77 0.125475285171 480 15 5 0 0 0 0 0 0 0 0 0 0 0 0 0 0 0 0 0
"78" 78 0.0384615384615 500 0 0 0 0 0 0 0 0 0 0 0 0 0 0 0 0 0 0 0
"79" 79 0.0 490 8 2 0 0 0 0 0 0 0 0 0 0 0 0 0 0 0 0 0
"80" 80 0.0 307 92 58 37 6 0 0 0 0 0 0 0 0 0 0 0 0 0 0 0
"81" 81 0.0 282 158 45 5 5 3 2 0 0 0 0 0 0 0 0 0 0 0 0 0
"82" 82 0.0 481 6 6 3 2 1 1 0 0 0 0 0 0 0 0 0 0 0 0 0
"83" 83 0.0 463 20 13 4 0 0 0 0 0 0 0 0 0 0 0 0 0 0 0 0
"84" 84 0.0 448 44 4 3 1 0 0 0 0 0 0 0 0 0 0 0 0 0 0 0
"85" 85 0.020725388601 244 202 40 8 5 1 0 0 0 0 0 0 0 0 0 0 0 0 0 0
"86" 86 0.0 341 159 0 0 0 0 0 0 0 0 0 0 0 0 0 0 0 0 0 0
"87" 87 0.0 500 0 0 0 0 0 0 0 0 0 0 0 0 0 0 0 0 0 0 0
"88" 88 0.0 495 5 0 0 0 0 0 0 0 0 0 0 0 0 0 0 0 0 0 0
"89" 89 0.259124087591 500 0 0 0 0 0 0 0 0 0 0 0 0 0 0 0 0 0 0 0
"90" 90 0.240384615385 500 0 0 0 0 0 0 0 0 0 0 0 0 0 0 0 0 0 0 0
"91" 91 0.891191709845 496 3 1 0 0 0 0 0 0 0 0 0 0 0 0 0 0 0 0 0
"92" 92 0.522321428571 492 5 3 0 0 0 0 0 0 0 0 0 0 0 0 0 0 0 0 0
"93" 93 0.0459770114943 494 6 0 0 0 0 0 0 0 0 0 0 0 0 0 0 0 0 0 0
"94" 94 0.209302325581 414 37 12 12 10 7 4 3 1 0 0 0 0 0 0 0 0 0 0 0
"95" 95 0.384615384615 271 190 38 1 0 0 0 0 0 0 0 0 0 0 0 0 0 0 0 0
"96" 96 0.0518134715026 406 89 3 1 1 0 0 0 0 0 0 0 0 0 0 0 0 0 0 0
"97" 97 0.685534591195 409 47 17 16 5 5 1 0 0 0 0 0 0 0 0 0 0 0 0 0
"98" 98 0.71875 225 91 88 79 8 6 2 1 0 0 0 0 0 0 0 0 0 0 0 0
"99" 99 0.625 500 0 0 0 0 0 0 0 0 0 0 0 0 0 0 0 0 0 0 0
"100" 100 0.238410596026 379 89 16 12 4 0 0 0 0 0 0 0 0 0 0 0 0 0 0 0
"101" 101 0.521276595745 419 37 32 11 1 0 0 0 0 0 0 0 0 0 0 0 0 0 0 0
"102" 102 0.129533678756 338 63 32 32 17 10 5 3 0 0 0 0 0 0 0 0 0 0 0 0
"103" 103 0.0251046025105 278 138 26 23 15 13 4 1 1 1 0 0 0 0 0 0 0 0 0 0
"104" 104 0.0 500 0 0 0 0 0 0 0 0 0 0 0 0 0 0 0 0 0 0 0
"105" 105 0.188340807175 499 1 0 0 0 0 0 0 0 0 0 0 0 0 0 0 0 0 0 0
"106" 106 0.0 500 0 0 0 0 0 0 0 0 0 0 0 0 0 0 0 0 0 0 0
"107" 107 0.0 263 237 0 0 0 0 0 0 0 0 0 0 0 0 0 0 0 0 0 0
"108" 108 0.00961538461538 291 183 26 0 0 0 0 0 0 0 0 0 0 0 0 0 0 0 0 0
"109" 109 0.00418410041841 251 124 75 37 9 4 0 0 0 0 0 0 0 0 0 0 0 0 0 0
"110" 110 0.0114068441065 328 121 43 5 2 1 0 0 0 0 0 0 0 0 0 0 0 0 0 0
"111" 111 0.00995024875622 382 57 24 17 9 5 3 1 1 1 0 0 0 0 0 0 0 0 0 0
"112" 112 0.128205128205 272 164 36 23 2 1 1 1 0 0 0 0 0 0 0 0 0 0 0 0
"113" 113 0.0232558139535 498 2 0 0 0 0 0 0 0 0 0 0 0 0 0 0 0 0 0 0
"114" 114 0.529069767442 361 83 20 17 11 6 2 0 0 0 0 0 0 0 0 0 0 0 0 0
"115" 115 0.32735426009 467 12 10 10 1 0 0 0 0 0 0 0 0 0 0 0 0 0 0 0
"116" 116 0.6875 500 0 0 0 0 0 0 0 0 0 0 0 0 0 0 0 0 0 0 0
"117" 117 0.490566037736 390 44 27 25 9 4 1 0 0 0 0 0 0 0 0 0 0 0 0 0
"118" 118 0.0950570342205 429 42 17 6 3 1 1 1 0 0 0 0 0 0 0 0 0 0 0 0
"119" 119 0.15503875969 500 0 0 0 0 0 0 0 0 0 0 0 0 0 0 0 0 0 0 0
"120" 120 0.533632286996 489 8 2 1 0 0 0 0 0 0 0 0 0 0 0 0 0 0 0 0
"121" 121 0.0430622009569 499 1 0 0 0 0 0 0 0 0 0 0 0 0 0 0 0 0 0 0
"122" 122 0.00380228136882 500 0 0 0 0 0 0 0 0 0 0 0 0 0 0 0 0 0 0 0
"123" 123 0.206278026906 304 193 2 1 0 0 0 0 0 0 0 0 0 0 0 0 0 0 0 0
"124" 124 0.0 245 184 46 9 6 4 4 2 0 0 0 0 0 0 0 0 0 0 0 0
"125" 125 0.125475285171 326 94 64 10 2 2 2 0 0 0 0 0 0 0 0 0 0 0 0 0
"126" 126 0.295336787565 207 158 53 47 22 8 2 2 1 0 0 0 0 0 0 0 0 0 0 0
"127" 127 0.0 280 184 35 1 0 0 0 0 0 0 0 0 0 0 0 0 0 0 0 0
"128" 128 0.0 300 168 16 8 6 1 1 0 0 0 0 0 0 0 0 0 0 0 0 0
"129" 129 0.0430622009569 430 41 14 5 4 3 2 1 0 0 0 0 0 0 0 0 0 0 0 0
"130" 130 0.447257383966 477 14 9 0 0 0 0 0 0 0 0 0 0 0 0 0 0 0 0 0
"131" 131 0.138392857143 415 37 33 10 5 0 0 0 0 0 0 0 0 0 0 0 0 0 0 0
"132" 132 0.0 473 9 8 6 3 1 0 0 0 0 0 0 0 0 0 0 0 0 0 0
"133" 133 0.0 479 13 7 1 0 0 0 0 0 0 0 0 0 0 0 0 0 0 0 0
"134" 134 0.547085201794 409 81 7 2 1 0 0 0 0 0 0 0 0 0 0 0 0 0 0 0
"135" 135 0.209302325581 281 179 26 11 1 1 1 0 0 0 0 0 0 0 0 0 0 0 0 0
"136" 136 0.0 480 6 6 4 2 1 1 0 0 0 0 0 0 0 0 0 0 0 0 0
"137" 137 0.274611398964 341 104 54 1 0 0 0 0 0 0 0 0 0 0 0 0 0 0 0 0
"138" 138 0.602649006623 224 188 72 13 1 1 1 0 0 0 0 0 0 0 0 0 0 0 0 0
"139" 139 0.363636363636 448 27 17 4 3 1 0 0 0 0 0 0 0 0 0 0 0 0 0 0
"140" 140 0.167364016736 429 37 32 1 1 0 0 0 0 0 0 0 0 0 0 0 0 0 0 0
"141" 141 0.512820512821 446 41 13 0 0 0 0 0 0 0 0 0 0 0 0 0 0 0 0 0
"142" 142 0.392405063291 495 4 1 0 0 0 0 0 0 0 0 0 0 0 0 0 0 0 0 0
"143" 143 0.0248756218905 317 111 43 9 5 5 5 4 1 0 0 0 0 0 0 0 0 0 0 0
"144" 144 0.0673575129534 500 0 0 0 0 0 0 0 0 0 0 0 0 0 0 0 0 0 0 0
"145" 145 0.0 433 48 19 0 0 0 0 0 0 0 0 0 0 0 0 0 0 0 0 0
"146" 146 0.318407960199 485 15 0 0 0 0 0 0 0 0 0 0 0 0 0 0 0 0 0 0
"147" 147 0.518134715026 427 73 0 0 0 0 0 0 0 0 0 0 0 0 0 0 0 0 0 0
"148" 148 0.112820512821 224 116 41 40 32 23 7 7 5 3 2 0 0 0 0 0 0 0 0 0
"149" 149 0.0 426 36 24 14 0 0 0 0 0 0 0 0 0 0 0 0 0 0 0 0
"150" 150 0.0 368 129 2 1 0 0 0 0 0 0 0 0 0 0 0 0 0 0 0 0
"151" 151 0.0 481 19 0 0 0 0 0 0 0 0 0 0 0 0 0 0 0 0 0 0
"152" 152 0.0 362 100 19 11 3 2 2 1 0 0 0 0 0 0 0 0 0 0 0 0
"153" 153 0.0 500 0 0 0 0 0 0 0 0 0 0 0 0 0 0 0 0 0 0 0
"154" 154 0.0430622009569 469 25 5 1 0 0 0 0 0 0 0 0 0 0 0 0 0 0 0 0
"155" 155 0.0264900662252 496 2 1 1 0 0 0 0 0 0 0 0 0 0 0 0 0 0 0 0
"156" 156 0.0 157 119 83 53 53 27 4 1 1 1 1 0 0 0 0 0 0 0 0 0
"157" 157 0.0 500 0 0 0 0 0 0 0 0 0 0 0 0 0 0 0 0 0 0 0
"158" 158 0.0 500 0 0 0 0 0 0 0 0 0 0 0 0 0 0 0 0 0 0 0
"159" 159 0.00380228136882 274 214 9 3 0 0 0 0 0 0 0 0 0 0 0 0 0 0 0 0
"160" 160 0.0192307692308 307 117 34 15 13 12 1 1 0 0 0 0 0 0 0 0 0 0 0 0
"161" 161 0.0 500 0 0 0 0 0 0 0 0 0 0 0 0 0 0 0 0 0 0 0
"162" 162 0.010152284264 273 156 40 16 5 4 3 2 1 0 0 0 0 0 0 0 0 0 0 0
"163" 163 0.0189873417722 331 121 30 11 2 2 1 1 1 0 0 0 0 0 0 0 0 0 0 0
"164" 164 0.00961538461538 337 125 18 10 5 4 1 0 0 0 0 0 0 0 0 0 0 0 0 0
"165" 165 0.0152091254753 342 87 58 13 0 0 0 0 0 0 0 0 0 0 0 0 0 0 0 0
"166" 166 0.00995024875622 495 3 1 1 0 0 0 0 0 0 0 0 0 0 0 0 0 0 0 0
"167" 167 0.291139240506 393 95 12 0 0 0 0 0 0 0 0 0 0 0 0 0 0 0 0 0
"168" 168 0.125 429 57 12 2 0 0 0 0 0 0 0 0 0 0 0 0 0 0 0 0
"169" 169 0.041825095057 425 60 12 2 1 0 0 0 0 0 0 0 0 0 0 0 0 0 0 0
"170" 170 0.794701986755 271 160 42 21 3 3 0 0 0 0 0 0 0 0 0 0 0 0 0 0
"171" 171 0.567307692308 272 227 1 0 0 0 0 0 0 0 0 0 0 0 0 0 0 0 0 0
"172" 172 0.518987341772 489 11 0 0 0 0 0 0 0 0 0 0 0 0 0 0 0 0 0 0
"173" 173 0.189781021898 443 51 6 0 0 0 0 0 0 0 0 0 0 0 0 0 0 0 0 0
"174" 174 0.0380228136882 456 42 2 0 0 0 0 0 0 0 0 0 0 0 0 0 0 0 0 0
"175" 175 0.447257383966 227 104 86 55 27 1 0 0 0 0 0 0 0 0 0 0 0 0 0 0
"176" 176 0.00662251655629 488 12 0 0 0 0 0 0 0 0 0 0 0 0 0 0 0 0 0 0
"177" 177 0.0 499 1 0 0 0 0 0 0 0 0 0 0 0 0 0 0 0 0 0 0
"178" 178 0.0 499 1 0 0 0 0 0 0 0 0 0 0 0 0 0 0 0 0 0 0
"179" 179 0.0 497 3 0 0 0 0 0 0 0 0 0 0 0 0 0 0 0 0 0 0
"180" 180 0.0 458 29 7 3 2 1 0 0 0 0 0 0 0 0 0 0 0 0 0 0
"181" 181 0.0 454 44 2 0 0 0 0 0 0 0 0 0 0 0 0 0 0 0 0 0
"182" 182 0.0 448 48 3 1 0 0 0 0 0 0 0 0 0 0 0 0 0 0 0 0
"183" 183 0.0 499 1 0 0 0 0 0 0 0 0 0 0 0 0 0 0 0 0 0 0
"184" 184 0.00574712643678 154 122 83 48 46 44 2 1 0 0 0 0 0 0 0 0 0 0 0 0
"185" 185 0.0820512820513 422 58 11 9 0 0 0 0 0 0 0 0 0 0 0 0 0 0 0 0
"186" 186 0.0062893081761 271 94 47 39 24 15 9 1 0 0 0 0 0 0 0 0 0 0 0 0
"187" 187 0.0993377483444 261 158 54 19 4 3 1 0 0 0 0 0 0 0 0 0 0 0 0 0
"188" 188 0.564102564103 486 14 0 0 0 0 0 0 0 0 0 0 0 0 0 0 0 0 0 0
"189" 189 0.00574712643678 449 51 0 0 0 0 0 0 0 0 0 0 0 0 0 0 0 0 0 0
"190" 190 0.389937106918 453 30 17 0 0 0 0 0 0 0 0 0 0 0 0 0 0 0 0 0
"191" 191 0.0602836879433 141 105 89 71 44 37 7 4 1 1 0 0 0 0 0 0 0 0 0 0
"192" 192 0.0 500 0 0 0 0 0 0 0 0 0 0 0 0 0 0 0 0 0 0 0
"193" 193 0.313901345291 500 0 0 0 0 0 0 0 0 0 0 0 0 0 0 0 0 0 0 0
"194" 194 0.26582278481 380 89 26 4 1 0 0 0 0 0 0 0 0 0 0 0 0 0 0 0
"195" 195 0.0 194 127 106 52 13 6 1 1 0 0 0 0 0 0 0 0 0 0 0 0
"196" 196 0.00418410041841 377 48 38 34 2 1 0 0 0 0 0 0 0 0 0 0 0 0 0 0
"197" 197 0.544303797468 457 42 1 0 0 0 0 0 0 0 0 0 0 0 0 0 0 0 0 0
"198" 198 0.201923076923 309 72 24 24 18 16 15 11 4 2 1 1 1 1 1 0 0 0 0 0
"199" 199 0.0 425 74 1 0 0 0 0 0 0 0 0 0 0 0 0 0 0 0 0 0
"200" 200 0.0746268656716 452 43 4 1 0 0 0 0 0 0 0 0 0 0 0 0 0 0 0 0
"201" 201 0.346153846154 500 0 0 0 0 0 0 0 0 0 0 0 0 0 0 0 0 0 0 0
"202" 202 0.803571428571 390 110 0 0 0 0 0 0 0 0 0 0 0 0 0 0 0 0 0 0
"203" 203 0.152482269504 500 0 0 0 0 0 0 0 0 0 0 0 0 0 0 0 0 0 0 0
"204" 204 0.544642857143 364 114 16 3 2 1 0 0 0 0 0 0 0 0 0 0 0 0 0 0
"205" 205 0.410852713178 316 64 57 55 5 3 0 0 0 0 0 0 0 0 0 0 0 0 0 0
"206" 206 0.110266159696 416 82 2 0 0 0 0 0 0 0 0 0 0 0 0 0 0 0 0 0
"207" 207 0.0 165 145 131 54 5 0 0 0 0 0 0 0 0 0 0 0 0 0 0 0
"208" 208 0.0 445 47 8 0 0 0 0 0 0 0 0 0 0 0 0 0 0 0 0 0
"209" 209 0.0696202531646 435 65 0 0 0 0 0 0 0 0 0 0 0 0 0 0 0 0 0 0
"210" 210 0.293532338308 333 74 61 25 5 1 1 0 0 0 0 0 0 0 0 0 0 0 0 0
"211" 211 0.124378109453 494 4 2 0 0 0 0 0 0 0 0 0 0 0 0 0 0 0 0 0
"212" 212 0.00507614213198 141 120 95 70 28 24 12 8 2 0 0 0 0 0 0 0 0 0 0 0
"213" 213 0.42194092827 500 0 0 0 0 0 0 0 0 0 0 0 0 0 0 0 0 0 0 0
"214" 214 0.738461538462 482 18 0 0 0 0 0 0 0 0 0 0 0 0 0 0 0 0 0 0
"215" 215 0.182741116751 334 163 3 0 0 0 0 0 0 0 0 0 0 0 0 0 0 0 0 0
"216" 216 0.777372262774 500 0 0 0 0 0 0 0 0 0 0 0 0 0 0 0 0 0 0 0
"217" 217 0.143540669856 499 1 0 0 0 0 0 0 0 0 0 0 0 0 0 0 0 0 0 0
"218" 218 0.402298850575 366 53 41 24 14 1 1 0 0 0 0 0 0 0 0 0 0 0 0 0
"219" 219 0.576923076923 500 0 0 0 0 0 0 0 0 0 0 0 0 0 0 0 0 0 0 0
"220" 220 0.699481865285 326 98 46 30 0 0 0 0 0 0 0 0 0 0 0 0 0 0 0 0
"221" 221 0.238341968912 326 92 45 18 11 4 1 1 1 1 0 0 0 0 0 0 0 0 0 0
"222" 222 0.310218978102 364 67 38 11 10 4 4 1 1 0 0 0 0 0 0 0 0 0 0 0
"223" 223 0.010152284264 482 17 1 0 0 0 0 0 0 0 0 0 0 0 0 0 0 0 0 0
"224" 224 0.0248756218905 164 114 89 53 43 18 9 5 2 1 1 1 0 0 0 0 0 0 0 0
"225" 225 0.00507614213198 166 108 103 84 33 2 2 1 1 0 0 0 0 0 0 0 0 0 0 0
"226" 226 0.0143540669856 358 76 44 21 1 0 0 0 0 0 0 0 0 0 0 0 0 0 0 0
"227" 227 0.00574712643678 324 124 36 16 0 0 0 0 0 0 0 0 0 0 0 0 0 0 0 0
"228" 228 0.0 500 0 0 0 0 0 0 0 0 0 0 0 0 0 0 0 0 0 0 0
"229" 229 0.295336787565 292 76 53 31 26 18 2 1 1 0 0 0 0 0 0 0 0 0 0 0
"230" 230 0.41059602649 292 208 0 0 0 0 0 0 0 0 0 0 0 0 0 0 0 0 0 0
"231" 231 0.0310880829016 446 46 6 2 0 0 0 0 0 0 0 0 0 0 0 0 0 0 0 0
"232" 232 0.566037735849 427 64 4 3 1 1 0 0 0 0 0 0 0 0 0 0 0 0 0 0
"233" 233 0.255230125523 191 128 55 43 27 17 15 11 9 4 0 0 0 0 0 0 0 0 0 0
"234" 234 0.0746268656716 461 15 14 7 2 1 0 0 0 0 0 0 0 0 0 0 0 0 0 0
"235" 235 0.75 280 115 91 11 2 1 0 0 0 0 0 0 0 0 0 0 0 0 0 0
"236" 236 0.482142857143 226 138 134 2 0 0 0 0 0 0 0 0 0 0 0 0 0 0 0 0
"237" 237 0.0430622009569 267 187 28 8 6 2 1 1 0 0 0 0 0 0 0 0 0 0 0 0
"238" 238 0.0 499 1 0 0 0 0 0 0 0 0 0 0 0 0 0 0 0 0 0 0
"239" 239 0.291139240506 242 202 56 0 0 0 0 0 0 0 0 0 0 0 0 0 0 0 0 0
"240" 240 0.0062893081761 285 119 84 4 3 2 2 1 0 0 0 0 0 0 0 0 0 0 0 0
"241" 241 0.379464285714 289 115 76 12 4 4 0 0 0 0 0 0 0 0 0 0 0 0 0 0
"242" 242 0.203980099502 270 196 30 2 1 1 0 0 0 0 0 0 0 0 0 0 0 0 0 0
"243" 243 0.0149253731343 421 54 20 3 1 1 0 0 0 0 0 0 0 0 0 0 0 0 0 0
"244" 244 0.388059701493 129 128 121 41 31 24 16 7 3 0 0 0 0 0 0 0 0 0 0 0
"245" 245 0.526785714286 200 157 80 53 8 1 1 0 0 0 0 0 0 0 0 0 0 0 0 0
"246" 246 0.062015503876 415 85 0 0 0 0 0 0 0 0 0 0 0 0 0 0 0 0 0 0
"247" 247 0.0172413793103 469 30 1 0 0 0 0 0 0 0 0 0 0 0 0 0 0 0 0 0
"248" 248 0.544303797468 320 118 52 3 3 2 1 1 0 0 0 0 0 0 0 0 0 0 0 0
"249" 249 0.798449612403 500 0 0 0 0 0 0 0 0 0 0 0 0 0 0 0 0 0 0 0
"250" 250 0.191860465116 500 0 0 0 0 0 0 0 0 0 0 0 0 0 0 0 0 0 0 0
"251" 251 0.350993377483 500 0 0 0 0 0 0 0 0 0 0 0 0 0 0 0 0 0 0 0
"252" 252 0.0 498 1 1 0 0 0 0 0 0 0 0 0 0 0 0 0 0 0 0 0
"253" 253 0.340807174888 170 169 116 40 4 1 0 0 0 0 0 0 0 0 0 0 0 0 0 0
"254" 254 0.632124352332 500 0 0 0 0 0 0 0 0 0 0 0 0 0 0 0 0 0 0 0
"255" 255 0.247148288973 500 0 0 0 0 0 0 0 0 0 0 0 0 0 0 0 0 0 0 0
"256" 256 0.051724137931 320 140 21 7 5 4 2 1 0 0 0 0 0 0 0 0 0 0 0 0
"257" 257 0.236607142857 148 101 71 63 37 36 26 9 5 4 0 0 0 0 0 0 0 0 0 0
"258" 258 0.233502538071 335 77 47 18 11 7 5 0 0 0 0 0 0 0 0 0 0 0 0 0
"259" 259 0.299578059072 231 100 87 36 18 14 6 3 3 1 1 0 0 0 0 0 0 0 0 0
"260" 260 0.409282700422 396 42 31 18 6 4 3 0 0 0 0 0 0 0 0 0 0 0 0 0
"261" 261 0.166666666667 458 31 5 4 2 0 0 0 0 0 0 0 0 0 0 0 0 0 0 0
"262" 262 0.751196172249 456 30 11 2 1 0 0 0 0 0 0 0 0 0 0 0 0 0 0 0
"263" 263 0.413461538462 500 0 0 0 0 0 0 0 0 0 0 0 0 0 0 0 0 0 0 0
"264" 264 0.251046025105 218 216 42 21 3 0 0 0 0 0 0 0 0 0 0 0 0 0 0 0
"265" 265 0.424870466321 385 96 19 0 0 0 0 0 0 0 0 0 0 0 0 0 0 0 0 0
"266" 266 0.124401913876 303 153 21 16 4 1 1 1 0 0 0 0 0 0 0 0 0 0 0 0
"267" 267 0.251655629139 445 24 17 8 3 1 1 1 0 0 0 0 0 0 0 0 0 0 0 0
"268" 268 0.0760456273764 225 132 87 54 2 0 0 0 0 0 0 0 0 0 0 0 0 0 0 0
"269" 269 0.726235741445 340 99 40 12 6 2 1 0 0 0 0 0 0 0 0 0 0 0 0 0
"270" 270 0.00418410041841 497 2 1 0 0 0 0 0 0 0 0 0 0 0 0 0 0 0 0 0
"271" 271 0.0 437 28 21 5 3 3 2 1 0 0 0 0 0 0 0 0 0 0 0 0
"272" 272 0.0728476821192 409 78 11 2 0 0 0 0 0 0 0 0 0 0 0 0 0 0 0 0
"273" 273 0.395348837209 253 217 13 6 6 4 1 0 0 0 0 0 0 0 0 0 0 0 0 0
"274" 274 0.125523012552 380 73 42 3 1 1 0 0 0 0 0 0 0 0 0 0 0 0 0 0
"275" 275 0.00574712643678 187 158 110 18 15 8 3 1 0 0 0 0 0 0 0 0 0 0 0 0
"276" 276 0.333333333333 313 85 71 21 7 2 1 0 0 0 0 0 0 0 0 0 0 0 0 0
"277" 277 0.325892857143 236 190 45 15 5 5 2 1 1 0 0 0 0 0 0 0 0 0 0 0
"278" 278 0.0 340 137 7 5 4 3 3 1 0 0 0 0 0 0 0 0 0 0 0 0
"279" 279 0.0 366 134 0 0 0 0 0 0 0 0 0 0 0 0 0 0 0 0 0 0
"280" 280 0.428571428571 322 82 44 29 22 1 0 0 0 0 0 0 0 0 0 0 0 0 0 0
"281" 281 0.10460251046 494 4 2 0 0 0 0 0 0 0 0 0 0 0 0 0 0 0 0 0
"282" 282 0.0 488 12 0 0 0 0 0 0 0 0 0 0 0 0 0 0 0 0 0 0
"283" 283 0.0 500 0 0 0 0 0 0 0 0 0 0 0 0 0 0 0 0 0 0 0
"284" 284 0.503649635036 399 82 8 5 3 2 1 0 0 0 0 0 0 0 0 0 0 0 0 0
"285" 285 0.292307692308 214 192 62 26 4 1 1 0 0 0 0 0 0 0 0 0 0 0 0 0
"286" 286 0.0398009950249 382 107 7 2 1 1 0 0 0 0 0 0 0 0 0 0 0 0 0 0
"287" 287 0.596153846154 493 6 1 0 0 0 0 0 0 0 0 0 0 0 0 0 0 0 0 0
"288" 288 0.238805970149 499 1 0 0 0 0 0 0 0 0 0 0 0 0 0 0 0 0 0 0
"289" 289 0.609137055838 446 34 17 2 1 0 0 0 0 0 0 0 0 0 0 0 0 0 0 0
