"site" "RSA" "aa1" "aa2" "aa3" "aa4" "aa5" "aa6" "aa7" "aa8" "aa9" "aa10" "aa11" "aa12" "aa13" "aa14" "aa15" "aa16" "aa17" "aa18" "aa19" "aa20"
"0" 0 0.766423357664 149 130 73 48 35 33 11 8 5 3 2 1 1 1 0 0 0 0 0 0
"1" 1 0.426395939086 269 95 55 25 25 14 10 4 2 1 0 0 0 0 0 0 0 0 0 0
"2" 2 0.197674418605 341 68 32 29 17 4 4 3 1 1 0 0 0 0 0 0 0 0 0 0
"3" 3 0.497512437811 160 86 68 68 66 22 11 7 6 3 3 0 0 0 0 0 0 0 0 0
"4" 4 0.155172413793 125 106 85 45 29 21 19 18 18 13 10 6 2 1 1 1 0 0 0 0
"5" 5 0.663212435233 320 115 21 18 9 8 5 2 1 1 0 0 0 0 0 0 0 0 0 0
"6" 6 0.387559808612 421 18 17 12 7 6 4 4 4 3 3 1 0 0 0 0 0 0 0 0
"7" 7 0.584905660377 188 157 76 44 30 2 2 1 0 0 0 0 0 0 0 0 0 0 0 0
"8" 8 0.422885572139 296 70 51 32 22 16 7 3 2 1 0 0 0 0 0 0 0 0 0 0
"9" 9 0.0172413793103 154 99 67 63 30 30 21 21 6 4 3 1 1 0 0 0 0 0 0 0
"10" 10 0.511210762332 174 68 53 46 40 31 28 21 14 13 12 0 0 0 0 0 0 0 0 0
"11" 11 0.516746411483 233 151 47 28 15 14 6 3 2 1 0 0 0 0 0 0 0 0 0 0
"12" 12 0.160337552743 196 158 46 30 24 20 16 5 4 1 0 0 0 0 0 0 0 0 0 0
"13" 13 0.0547263681592 316 91 24 23 14 11 8 6 5 1 1 0 0 0 0 0 0 0 0 0
"14" 14 0.449612403101 230 74 69 28 25 19 14 12 10 10 8 1 0 0 0 0 0 0 0 0
"15" 15 0.377990430622 234 208 16 14 12 8 6 2 0 0 0 0 0 0 0 0 0 0 0 0
"16" 16 0.0 409 69 10 5 2 2 1 1 1 0 0 0 0 0 0 0 0 0 0 0
"17" 17 0.251824817518 134 114 86 40 39 24 22 20 15 2 1 1 1 1 0 0 0 0 0 0
"18" 18 0.233160621762 332 88 74 4 1 1 0 0 0 0 0 0 0 0 0 0 0 0 0 0
"19" 19 0.801687763713 331 111 58 0 0 0 0 0 0 0 0 0 0 0 0 0 0 0 0 0
"20" 20 0.740875912409 314 91 61 32 2 0 0 0 0 0 0 0 0 0 0 0 0 0 0 0
"21" 21 0.116279069767 488 4 4 2 1 1 0 0 0 0 0 0 0 0 0 0 0 0 0 0
"22" 22 0.336538461538 337 77 48 16 11 8 3 0 0 0 0 0 0 0 0 0 0 0 0 0
"23" 23 0.339622641509 443 57 0 0 0 0 0 0 0 0 0 0 0 0 0 0 0 0 0 0
"24" 24 0.518987341772 174 95 84 49 34 24 22 15 3 0 0 0 0 0 0 0 0 0 0 0
"25" 25 0.455958549223 264 81 70 28 19 17 13 4 3 1 0 0 0 0 0 0 0 0 0 0
"26" 26 0.0209205020921 268 215 15 1 1 0 0 0 0 0 0 0 0 0 0 0 0 0 0 0
"27" 27 0.288321167883 173 161 132 20 4 3 2 2 2 1 0 0 0 0 0 0 0 0 0 0
"28" 28 0.303571428571 192 178 42 37 32 13 3 2 1 0 0 0 0 0 0 0 0 0 0 0
"29" 29 0.10447761194 278 134 78 7 3 0 0 0 0 0 0 0 0 0 0 0 0 0 0 0
"30" 30 0.0232558139535 201 131 95 27 16 8 7 7 4 2 1 1 0 0 0 0 0 0 0 0
"31" 31 0.178571428571 223 153 116 5 3 0 0 0 0 0 0 0 0 0 0 0 0 0 0 0
"32" 32 0.357142857143 164 160 63 56 27 11 8 7 2 2 0 0 0 0 0 0 0 0 0 0
"33" 33 0.0574712643678 163 131 86 52 26 24 11 7 0 0 0 0 0 0 0 0 0 0 0 0
"34" 34 0.232558139535 131 96 70 58 42 33 26 19 9 8 6 2 0 0 0 0 0 0 0 0
"35" 35 0.308457711443 133 83 77 75 48 34 28 11 8 2 1 0 0 0 0 0 0 0 0 0
"36" 36 0.31007751938 170 74 69 60 23 19 18 16 14 12 10 7 5 1 1 1 0 0 0 0
"37" 37 0.619771863118 217 96 58 31 28 23 14 13 9 6 3 1 1 0 0 0 0 0 0 0
"38" 38 0.316964285714 89 79 74 59 42 28 26 22 21 18 17 11 5 4 4 1 0 0 0 0
"39" 39 0.139534883721 224 91 74 30 24 20 17 9 7 2 1 1 0 0 0 0 0 0 0 0
"40" 40 0.591240875912 389 104 3 2 1 1 0 0 0 0 0 0 0 0 0 0 0 0 0 0
"41" 41 0.414507772021 240 193 31 13 7 6 4 3 1 1 1 0 0 0 0 0 0 0 0 0
"42" 42 0.273631840796 208 181 61 22 10 5 4 3 2 2 1 1 0 0 0 0 0 0 0 0
"43" 43 0.638392857143 371 50 35 20 12 4 4 3 1 0 0 0 0 0 0 0 0 0 0 0
"44" 44 0.437810945274 415 64 15 6 0 0 0 0 0 0 0 0 0 0 0 0 0 0 0 0
"45" 45 0.459821428571 389 64 19 11 9 4 3 1 0 0 0 0 0 0 0 0 0 0 0 0
"46" 46 0.598214285714 195 75 64 54 37 28 22 9 5 4 3 2 2 0 0 0 0 0 0 0
"47" 47 0.343023255814 497 2 1 0 0 0 0 0 0 0 0 0 0 0 0 0 0 0 0 0
"48" 48 0.43023255814 129 116 73 44 34 33 26 19 13 12 1 0 0 0 0 0 0 0 0 0
"49" 49 0.390804597701 253 103 78 21 14 13 7 6 2 2 1 0 0 0 0 0 0 0 0 0
"50" 50 0.8125 224 201 58 6 2 2 2 2 1 1 1 0 0 0 0 0 0 0 0 0
"51" 51 0.354651162791 239 132 99 21 5 3 1 0 0 0 0 0 0 0 0 0 0 0 0 0
"52" 52 0.849056603774 292 175 30 2 1 0 0 0 0 0 0 0 0 0 0 0 0 0 0 0
"53" 53 0.771573604061 280 118 61 26 13 2 0 0 0 0 0 0 0 0 0 0 0 0 0 0
"54" 54 0.364341085271 188 144 139 12 5 3 3 3 1 1 1 0 0 0 0 0 0 0 0 0
"55" 55 0.685534591195 171 116 72 52 29 28 27 3 1 1 0 0 0 0 0 0 0 0 0 0
"56" 56 0.22480620155 95 92 88 60 60 38 22 22 11 9 2 1 0 0 0 0 0 0 0 0
"57" 57 0.64598540146 125 125 61 48 41 40 29 20 5 3 2 1 0 0 0 0 0 0 0 0
"58" 58 0.270114942529 255 164 77 2 1 1 0 0 0 0 0 0 0 0 0 0 0 0 0 0
"59" 59 0.565400843882 163 135 75 45 27 25 25 3 2 0 0 0 0 0 0 0 0 0 0 0
"60" 60 0.362068965517 439 31 23 3 2 2 0 0 0 0 0 0 0 0 0 0 0 0 0 0
"61" 61 0.502487562189 179 162 134 11 7 3 2 1 1 0 0 0 0 0 0 0 0 0 0 0
"62" 62 0.198675496689 227 181 73 14 3 1 1 0 0 0 0 0 0 0 0 0 0 0 0 0
"63" 63 0.711538461538 500 0 0 0 0 0 0 0 0 0 0 0 0 0 0 0 0 0 0 0
"64" 64 0.396624472574 247 82 51 39 38 28 7 3 2 2 1 0 0 0 0 0 0 0 0 0
"65" 65 0.405063291139 205 103 58 50 42 25 5 4 2 2 2 1 1 0 0 0 0 0 0 0
"66" 66 0.114427860697 212 74 56 54 46 20 10 10 7 4 4 2 1 0 0 0 0 0 0 0
"67" 67 0.0 211 208 37 22 11 4 3 2 1 1 0 0 0 0 0 0 0 0 0 0
"68" 68 0.0149253731343 157 129 90 51 39 15 11 6 2 0 0 0 0 0 0 0 0 0 0 0
"69" 69 0.0 432 40 9 9 5 2 1 1 1 0 0 0 0 0 0 0 0 0 0 0
"70" 70 0.0 239 239 8 7 3 1 1 1 1 0 0 0 0 0 0 0 0 0 0 0
"71" 71 0.0152284263959 422 37 17 12 6 2 2 1 1 0 0 0 0 0 0 0 0 0 0 0
"72" 72 0.154228855721 201 76 62 36 35 27 22 18 17 5 1 0 0 0 0 0 0 0 0 0
"73" 73 0.335766423358 288 99 25 24 20 18 17 5 2 1 1 0 0 0 0 0 0 0 0 0
"74" 74 0.062015503876 214 171 38 37 16 9 6 6 2 1 0 0 0 0 0 0 0 0 0 0
"75" 75 0.0288461538462 500 0 0 0 0 0 0 0 0 0 0 0 0 0 0 0 0 0 0 0
"76" 76 0.228855721393 209 79 69 47 26 23 13 11 11 6 2 2 1 1 0 0 0 0 0 0
"77" 77 0.0459770114943 266 141 26 15 15 13 10 8 2 2 2 0 0 0 0 0 0 0 0 0
"78" 78 0.0287356321839 205 86 78 71 43 15 2 0 0 0 0 0 0 0 0 0 0 0 0 0
"79" 79 0.464285714286 281 90 64 47 9 7 1 1 0 0 0 0 0 0 0 0 0 0 0 0
"80" 80 0.0865384615385 500 0 0 0 0 0 0 0 0 0 0 0 0 0 0 0 0 0 0 0
"81" 81 0.0812182741117 129 101 78 54 36 26 20 18 12 10 8 6 2 0 0 0 0 0 0 0
"82" 82 0.169154228856 264 131 70 15 10 7 2 1 0 0 0 0 0 0 0 0 0 0 0 0
"83" 83 0.670886075949 150 102 85 84 47 16 7 4 2 2 1 0 0 0 0 0 0 0 0 0
"84" 84 0.582089552239 138 135 63 53 28 26 16 11 10 6 5 3 2 2 2 0 0 0 0 0
"85" 85 0.229885057471 244 229 14 4 3 2 2 2 0 0 0 0 0 0 0 0 0 0 0 0
"86" 86 0.578616352201 323 120 40 13 4 0 0 0 0 0 0 0 0 0 0 0 0 0 0 0
"87" 87 0.612440191388 347 43 32 23 14 12 10 9 9 1 0 0 0 0 0 0 0 0 0 0
"88" 88 0.077519379845 286 209 4 1 0 0 0 0 0 0 0 0 0 0 0 0 0 0 0 0
"89" 89 0.357664233577 135 90 77 76 48 45 10 7 5 2 2 1 1 1 0 0 0 0 0 0
"90" 90 0.287356321839 164 116 81 79 33 6 6 4 3 3 3 2 0 0 0 0 0 0 0 0
"91" 91 0.00961538461538 457 34 9 0 0 0 0 0 0 0 0 0 0 0 0 0 0 0 0 0
"92" 92 0.287081339713 328 46 37 25 19 15 12 5 5 3 3 2 0 0 0 0 0 0 0 0
"93" 93 0.0 281 163 23 11 9 8 3 2 0 0 0 0 0 0 0 0 0 0 0 0
"94" 94 0.0 192 87 79 49 31 30 10 8 6 4 2 1 1 0 0 0 0 0 0 0
"95" 95 0.0348258706468 299 93 34 29 15 11 11 7 1 0 0 0 0 0 0 0 0 0 0 0
"96" 96 0.509505703422 168 74 73 62 42 25 25 18 9 2 1 1 0 0 0 0 0 0 0 0
"97" 97 0.251824817518 332 45 35 28 28 23 8 1 0 0 0 0 0 0 0 0 0 0 0 0
"98" 98 0.274611398964 365 48 29 23 19 14 1 1 0 0 0 0 0 0 0 0 0 0 0 0
"99" 99 0.698113207547 367 102 20 4 4 2 1 0 0 0 0 0 0 0 0 0 0 0 0 0
"100" 100 0.763392857143 259 152 77 5 3 2 1 1 0 0 0 0 0 0 0 0 0 0 0 0
"101" 101 0.397350993377 268 75 72 43 16 13 6 4 2 1 0 0 0 0 0 0 0 0 0 0
"102" 102 0.199004975124 196 168 32 23 19 19 17 12 6 4 3 1 0 0 0 0 0 0 0 0
"103" 103 0.435897435897 208 178 57 25 17 6 4 3 1 1 0 0 0 0 0 0 0 0 0 0
"104" 104 0.207547169811 448 31 17 3 1 0 0 0 0 0 0 0 0 0 0 0 0 0 0 0
"105" 105 0.270114942529 263 163 46 8 6 5 2 2 2 1 1 1 0 0 0 0 0 0 0 0
"106" 106 0.394618834081 180 117 80 28 18 16 14 12 11 9 6 6 1 1 1 0 0 0 0 0
"107" 107 0.437262357414 146 73 69 63 51 48 25 13 3 3 2 2 1 1 0 0 0 0 0 0
"108" 108 0.422053231939 201 148 67 42 14 12 11 3 1 1 0 0 0 0 0 0 0 0 0 0
"109" 109 0.167512690355 160 83 59 40 34 24 24 20 19 15 13 6 2 1 0 0 0 0 0 0
"110" 110 0.523206751055 239 105 62 20 20 14 14 14 8 4 0 0 0 0 0 0 0 0 0 0
"111" 111 0.134328358209 219 109 58 49 36 17 6 3 2 1 0 0 0 0 0 0 0 0 0 0
"112" 112 0.0817610062893 363 123 7 5 1 1 0 0 0 0 0 0 0 0 0 0 0 0 0 0
"113" 113 0.559748427673 500 0 0 0 0 0 0 0 0 0 0 0 0 0 0 0 0 0 0 0
"114" 114 0.367875647668 454 23 12 6 4 1 0 0 0 0 0 0 0 0 0 0 0 0 0 0
"115" 115 0.0609137055838 181 154 83 29 21 19 4 4 3 2 0 0 0 0 0 0 0 0 0 0
"116" 116 0.441860465116 409 45 25 10 8 2 1 0 0 0 0 0 0 0 0 0 0 0 0 0
"117" 117 0.526785714286 192 145 70 53 29 7 3 1 0 0 0 0 0 0 0 0 0 0 0 0
"118" 118 0.109489051095 149 134 98 54 45 7 5 4 4 0 0 0 0 0 0 0 0 0 0 0
"119" 119 0.273722627737 118 106 69 68 30 26 24 13 11 11 6 6 6 5 1 0 0 0 0 0
"120" 120 0.0077519379845 366 99 20 6 5 2 2 0 0 0 0 0 0 0 0 0 0 0 0 0
"121" 121 0.092050209205 252 166 35 35 5 3 1 1 1 1 0 0 0 0 0 0 0 0 0 0
"122" 122 0.0 476 12 8 1 1 1 1 0 0 0 0 0 0 0 0 0 0 0 0 0
"123" 123 0.1592039801 156 112 91 76 23 13 10 9 4 4 1 1 0 0 0 0 0 0 0 0
"124" 124 0.186528497409 305 53 43 36 31 30 2 0 0 0 0 0 0 0 0 0 0 0 0 0
"125" 125 0.207547169811 406 46 18 16 14 0 0 0 0 0 0 0 0 0 0 0 0 0 0 0
"126" 126 0.0995024875622 406 56 23 14 1 0 0 0 0 0 0 0 0 0 0 0 0 0 0 0
"127" 127 0.147286821705 157 149 94 57 14 9 6 6 3 3 1 1 0 0 0 0 0 0 0 0
"128" 128 0.0872093023256 190 95 72 31 29 24 21 20 8 8 2 0 0 0 0 0 0 0 0 0
"129" 129 0.0192307692308 500 0 0 0 0 0 0 0 0 0 0 0 0 0 0 0 0 0 0 0
"130" 130 0.0192307692308 201 71 33 26 26 24 22 21 18 17 13 10 8 4 3 2 1 0 0 0
"131" 131 0.205298013245 184 59 51 50 42 33 29 12 12 11 9 5 2 1 0 0 0 0 0 0
"132" 132 0.031007751938 217 97 46 44 20 19 16 14 11 11 3 1 1 0 0 0 0 0 0 0
"133" 133 0.0397350993377 265 178 36 5 4 3 3 2 2 1 1 0 0 0 0 0 0 0 0 0
"134" 134 0.233830845771 216 125 49 25 18 18 13 9 7 6 4 4 2 1 1 1 1 0 0 0
"135" 135 0.0 470 21 3 2 2 1 1 0 0 0 0 0 0 0 0 0 0 0 0 0
"136" 136 0.0298507462687 393 30 22 14 12 11 9 7 1 1 0 0 0 0 0 0 0 0 0 0
"137" 137 0.298013245033 123 117 98 38 38 22 21 16 15 8 4 0 0 0 0 0 0 0 0 0
"138" 138 0.0497512437811 190 124 57 36 21 15 13 12 10 8 7 3 2 2 0 0 0 0 0 0
"139" 139 0.0 484 5 3 3 2 1 1 1 0 0 0 0 0 0 0 0 0 0 0 0
"140" 140 0.565400843882 165 111 56 36 34 24 22 19 17 8 3 2 2 1 0 0 0 0 0 0
"141" 141 0.59375 186 91 74 54 31 24 21 5 5 3 3 2 1 0 0 0 0 0 0 0
"142" 142 0.397810218978 189 169 50 26 17 10 10 9 6 5 3 2 2 1 1 0 0 0 0 0
"143" 143 0.288461538462 500 0 0 0 0 0 0 0 0 0 0 0 0 0 0 0 0 0 0 0
"144" 144 0.046511627907 427 23 18 17 4 4 3 3 1 0 0 0 0 0 0 0 0 0 0 0
"145" 145 0.581395348837 185 154 65 33 28 18 11 2 2 1 1 0 0 0 0 0 0 0 0 0
"146" 146 0.5 363 137 0 0 0 0 0 0 0 0 0 0 0 0 0 0 0 0 0 0
"147" 147 0.0804597701149 271 201 11 8 5 2 2 0 0 0 0 0 0 0 0 0 0 0 0 0
"148" 148 0.0548523206751 184 156 99 20 13 11 9 2 2 2 1 1 0 0 0 0 0 0 0 0
"149" 149 0.0398009950249 252 218 23 3 2 2 0 0 0 0 0 0 0 0 0 0 0 0 0 0
"150" 150 0.186046511628 490 10 0 0 0 0 0 0 0 0 0 0 0 0 0 0 0 0 0 0
"151" 151 0.0964467005076 209 115 35 35 29 23 21 20 9 2 1 1 0 0 0 0 0 0 0 0
"152" 152 0.0298507462687 232 96 50 49 33 17 10 8 2 1 1 1 0 0 0 0 0 0 0 0
"153" 153 0.0 374 61 53 4 4 3 1 0 0 0 0 0 0 0 0 0 0 0 0 0
"154" 154 0.0 418 73 6 2 1 0 0 0 0 0 0 0 0 0 0 0 0 0 0 0
"155" 155 0.295597484277 213 112 82 39 26 9 9 7 2 1 0 0 0 0 0 0 0 0 0 0
"156" 156 0.424107142857 264 53 41 37 22 21 20 18 14 2 2 2 2 2 0 0 0 0 0 0
"157" 157 0.0 500 0 0 0 0 0 0 0 0 0 0 0 0 0 0 0 0 0 0 0
"158" 158 0.109452736318 250 82 73 50 14 10 5 5 5 3 2 1 0 0 0 0 0 0 0 0
"159" 159 0.589285714286 183 172 43 42 33 9 6 5 4 3 0 0 0 0 0 0 0 0 0 0
"160" 160 0.313868613139 177 88 75 59 27 26 13 11 11 7 3 2 1 0 0 0 0 0 0 0
"161" 161 0.0203045685279 255 100 42 26 25 16 14 10 7 3 1 1 0 0 0 0 0 0 0 0
"162" 162 0.480620155039 191 100 66 66 26 14 13 10 8 2 2 1 1 0 0 0 0 0 0 0
"163" 163 0.68776371308 265 56 55 28 24 23 18 13 9 6 2 1 0 0 0 0 0 0 0 0
"164" 164 0.253886010363 193 77 64 46 43 41 8 6 6 5 5 3 2 1 0 0 0 0 0 0
"165" 165 0.0909090909091 300 184 13 2 1 0 0 0 0 0 0 0 0 0 0 0 0 0 0 0
"166" 166 0.528301886792 357 70 32 30 9 2 0 0 0 0 0 0 0 0 0 0 0 0 0 0
"167" 167 0.777202072539 338 51 31 23 14 13 11 11 6 2 0 0 0 0 0 0 0 0 0 0
"168" 168 0.0813953488372 169 160 86 29 20 14 14 6 1 1 0 0 0 0 0 0 0 0 0 0
"169" 169 0.129464285714 153 146 100 70 12 8 6 3 2 0 0 0 0 0 0 0 0 0 0 0
"170" 170 0.0344827586207 450 15 12 8 6 4 2 1 1 1 0 0 0 0 0 0 0 0 0 0
"171" 171 0.114942528736 248 73 65 45 22 19 10 7 6 2 2 1 0 0 0 0 0 0 0 0
"172" 172 0.0114942528736 372 61 24 15 6 5 4 4 4 1 1 1 1 1 0 0 0 0 0 0
"173" 173 0.139534883721 126 87 86 52 50 43 29 13 4 3 2 2 2 1 0 0 0 0 0 0
"174" 174 0.124031007752 179 114 75 40 25 22 12 12 12 4 3 2 0 0 0 0 0 0 0 0
"175" 175 0.38578680203 295 85 76 23 8 7 4 1 1 0 0 0 0 0 0 0 0 0 0 0
"176" 176 0.0984455958549 143 115 76 49 29 28 21 21 12 3 2 1 0 0 0 0 0 0 0 0
"177" 177 0.589285714286 415 57 15 9 3 1 0 0 0 0 0 0 0 0 0 0 0 0 0 0
"178" 178 0.496350364964 180 177 84 42 11 5 1 0 0 0 0 0 0 0 0 0 0 0 0 0
"179" 179 0.0796019900498 420 44 18 8 5 3 1 1 0 0 0 0 0 0 0 0 0 0 0 0
"180" 180 0.251282051282 499 1 0 0 0 0 0 0 0 0 0 0 0 0 0 0 0 0 0 0
"181" 181 0.689119170984 202 190 103 4 1 0 0 0 0 0 0 0 0 0 0 0 0 0 0 0
"182" 182 0.598086124402 329 63 31 30 26 12 5 2 1 1 0 0 0 0 0 0 0 0 0 0
"183" 183 0.00961538461538 500 0 0 0 0 0 0 0 0 0 0 0 0 0 0 0 0 0 0 0
"184" 184 0.304182509506 267 55 48 35 28 20 20 10 8 5 2 1 1 0 0 0 0 0 0 0
"185" 185 0.147208121827 196 138 71 39 29 18 6 3 0 0 0 0 0 0 0 0 0 0 0 0
"186" 186 0.195402298851 475 15 4 4 1 1 0 0 0 0 0 0 0 0 0 0 0 0 0 0
"187" 187 0.51572327044 189 135 111 26 14 9 7 4 2 2 1 0 0 0 0 0 0 0 0 0
"188" 188 0.0288461538462 500 0 0 0 0 0 0 0 0 0 0 0 0 0 0 0 0 0 0 0
"189" 189 0.134328358209 219 211 46 14 10 0 0 0 0 0 0 0 0 0 0 0 0 0 0 0
"190" 190 0.442307692308 500 0 0 0 0 0 0 0 0 0 0 0 0 0 0 0 0 0 0 0
"191" 191 0.259067357513 321 57 34 28 25 18 9 5 2 1 0 0 0 0 0 0 0 0 0 0
"192" 192 0.170542635659 443 47 4 2 2 1 1 0 0 0 0 0 0 0 0 0 0 0 0 0
"193" 193 0.0576923076923 319 74 62 11 11 8 7 4 4 0 0 0 0 0 0 0 0 0 0 0
"194" 194 0.145077720207 269 68 63 29 26 16 9 7 4 4 3 2 0 0 0 0 0 0 0 0
"195" 195 0.142335766423 499 1 0 0 0 0 0 0 0 0 0 0 0 0 0 0 0 0 0 0
"196" 196 0.00507614213198 341 67 57 11 9 6 5 3 1 0 0 0 0 0 0 0 0 0 0 0
"197" 197 0.357414448669 411 23 22 20 8 7 5 4 0 0 0 0 0 0 0 0 0 0 0 0
"198" 198 0.461538461538 290 210 0 0 0 0 0 0 0 0 0 0 0 0 0 0 0 0 0 0
"199" 199 0.290697674419 304 104 55 34 1 1 1 0 0 0 0 0 0 0 0 0 0 0 0 0
"200" 200 1.05485232068 375 56 53 14 2 0 0 0 0 0 0 0 0 0 0 0 0 0 0 0
