"site" "RSA" "aa1" "aa2" "aa3" "aa4" "aa5" "aa6" "aa7" "aa8" "aa9" "aa10" "aa11" "aa12" "aa13" "aa14" "aa15" "aa16" "aa17" "aa18" "aa19" "aa20"
"0" 0 0.569037656904 170 63 52 50 26 23 23 22 20 16 14 9 9 3 0 0 0 0 0 0
"1" 1 0.343023255814 140 107 60 47 31 26 26 16 13 8 7 6 6 3 2 1 1 0 0 0
"2" 2 0.0 275 73 27 26 26 22 14 13 8 3 3 3 2 2 1 1 1 0 0 0
"3" 3 0.287179487179 158 99 39 39 34 23 21 16 15 14 12 11 8 5 3 2 1 0 0 0
"4" 4 0.526785714286 127 95 81 63 35 30 21 15 7 7 6 4 3 2 1 1 1 1 0 0
"5" 5 0.848101265823 109 99 93 62 60 49 7 6 6 4 3 1 1 0 0 0 0 0 0 0
"6" 6 0.282511210762 168 60 51 42 37 34 33 26 13 9 8 8 4 3 3 1 0 0 0 0
"7" 7 0.18407960199 359 38 35 18 16 8 7 5 5 4 1 1 1 1 1 0 0 0 0 0
"8" 8 0.226744186047 223 69 68 44 23 17 15 12 10 6 6 5 1 1 0 0 0 0 0 0
"9" 9 0.818652849741 176 153 64 52 20 12 7 5 3 2 2 2 1 1 0 0 0 0 0 0
"10" 10 0.357512953368 425 34 12 8 7 5 4 3 1 1 0 0 0 0 0 0 0 0 0 0
"11" 11 0.0 259 151 31 23 16 13 2 1 1 1 1 1 0 0 0 0 0 0 0 0
"12" 12 0.203045685279 207 175 35 18 17 10 9 7 4 4 4 3 2 2 1 1 1 0 0 0
"13" 13 0.424870466321 322 61 47 24 17 9 9 4 3 1 1 1 1 0 0 0 0 0 0 0
"14" 14 0.0149253731343 253 72 52 43 26 14 10 8 6 5 5 4 1 1 0 0 0 0 0 0
"15" 15 0.00836820083682 208 183 71 19 7 7 3 1 1 0 0 0 0 0 0 0 0 0 0 0
"16" 16 0.296511627907 118 91 82 59 54 24 23 17 11 10 5 3 2 1 0 0 0 0 0 0
"17" 17 0.409282700422 120 85 73 48 47 33 29 26 17 8 4 4 3 1 1 1 0 0 0 0
"18" 18 0.00354609929078 104 82 80 76 69 31 19 11 6 4 4 4 3 3 2 2 0 0 0 0
"19" 19 0.0543933054393 108 95 89 60 54 36 16 15 10 5 5 4 1 1 1 0 0 0 0 0
"20" 20 0.317948717949 136 92 77 61 34 28 18 13 13 13 9 3 1 1 1 0 0 0 0 0
"21" 21 0.28125 165 84 73 62 38 21 14 12 10 6 4 3 3 3 1 1 0 0 0 0
"22" 22 0.0 248 108 33 29 28 26 7 5 4 4 3 3 1 1 0 0 0 0 0 0
"23" 23 0.489451476793 117 104 86 78 27 21 15 12 11 7 6 5 3 3 2 1 1 1 0 0
"24" 24 0.678571428571 172 75 55 52 32 30 22 20 11 10 8 4 3 2 2 1 1 0 0 0
"25" 25 0.170984455959 209 78 55 41 24 20 16 14 14 13 5 3 2 2 2 2 0 0 0 0
"26" 26 0.723270440252 244 131 108 11 2 2 1 1 0 0 0 0 0 0 0 0 0 0 0 0
"27" 27 0.419708029197 112 111 45 42 37 31 29 24 24 15 12 8 5 3 1 1 0 0 0 0
"28" 28 0.107142857143 135 57 54 41 36 35 33 30 26 21 11 8 8 2 2 1 0 0 0 0
"29" 29 0.71511627907 129 97 76 67 37 35 18 16 10 8 3 2 1 1 0 0 0 0 0 0
"30" 30 0.432835820896 155 124 117 36 36 24 4 3 1 0 0 0 0 0 0 0 0 0 0 0
"31" 31 0.0566037735849 169 120 73 33 32 29 26 7 4 3 2 1 1 0 0 0 0 0 0 0
"32" 32 0.236607142857 106 97 65 49 36 32 31 23 22 12 10 8 3 2 2 1 1 0 0 0
"33" 33 0.232558139535 318 62 40 26 17 9 8 5 5 4 2 2 1 1 0 0 0 0 0 0
"34" 34 0.0152284263959 114 94 71 67 41 41 26 15 11 9 6 3 1 1 0 0 0 0 0 0
"35" 35 0.255813953488 122 94 67 59 43 36 22 17 12 10 8 5 4 1 0 0 0 0 0 0
"36" 36 0.0 137 102 71 68 50 15 15 8 7 6 6 6 6 1 1 1 0 0 0 0
"37" 37 0.218543046358 150 94 56 34 28 22 20 19 17 15 15 9 7 7 4 2 1 0 0 0
"38" 38 0.0331125827815 203 190 29 25 19 8 6 5 4 3 3 2 1 1 1 0 0 0 0 0
"39" 39 0.193798449612 86 83 69 61 42 37 33 26 24 11 10 9 2 2 2 2 1 0 0 0
"40" 40 0.290178571429 126 97 82 75 36 18 15 14 9 7 6 5 5 2 2 1 0 0 0 0
"41" 41 0.44776119403 132 63 58 56 50 33 30 22 20 14 11 4 3 2 1 1 0 0 0 0
"42" 42 0.698113207547 221 150 114 11 2 1 1 0 0 0 0 0 0 0 0 0 0 0 0 0
"43" 43 0.483443708609 159 126 69 65 40 12 9 6 5 4 2 1 1 1 0 0 0 0 0 0
"44" 44 0.471153846154 489 9 1 1 0 0 0 0 0 0 0 0 0 0 0 0 0 0 0 0
"45" 45 0.565693430657 96 94 74 55 39 39 38 10 10 8 8 8 8 6 4 3 0 0 0 0
"46" 46 0.614942528736 84 79 65 43 39 38 30 24 23 18 15 14 14 13 1 0 0 0 0 0
"47" 47 0.0860927152318 119 94 59 48 43 37 20 19 13 12 9 7 7 6 5 1 1 0 0 0
"48" 48 0.503311258278 108 105 71 47 34 31 24 21 20 19 10 5 3 1 1 0 0 0 0 0
"49" 49 0.186131386861 99 98 91 79 59 34 18 5 5 4 2 2 1 1 1 1 0 0 0 0
"50" 50 0.56345177665 171 83 65 45 41 28 26 15 10 6 5 2 1 1 1 0 0 0 0 0
"51" 51 0.134328358209 283 44 40 33 24 20 13 11 7 7 4 3 2 2 2 2 2 1 0 0
"52" 52 0.477611940299 120 75 69 65 65 34 19 17 14 9 6 4 2 1 0 0 0 0 0 0
"53" 53 0.0418410041841 228 185 43 32 4 3 2 2 1 0 0 0 0 0 0 0 0 0 0 0
"54" 54 0.400843881857 125 90 77 43 36 27 25 22 18 15 6 5 4 2 2 2 1 0 0 0
"55" 55 0.272321428571 189 109 72 43 22 16 16 13 9 7 2 1 1 0 0 0 0 0 0 0
"56" 56 0.233830845771 151 97 56 48 40 34 25 18 14 6 4 3 1 1 1 1 0 0 0 0
"57" 57 0.259067357513 331 75 39 27 27 1 0 0 0 0 0 0 0 0 0 0 0 0 0 0
"58" 58 0.760765550239 231 159 52 35 8 6 4 2 2 1 0 0 0 0 0 0 0 0 0 0
"59" 59 0.244525547445 138 90 69 53 38 31 26 16 15 10 6 4 2 1 1 0 0 0 0 0
"60" 60 0.0288461538462 500 0 0 0 0 0 0 0 0 0 0 0 0 0 0 0 0 0 0 0
"61" 61 0.0 199 102 58 47 33 32 8 8 4 3 2 2 1 1 0 0 0 0 0 0
"62" 62 0.00581395348837 136 79 65 62 57 52 24 12 7 3 2 1 0 0 0 0 0 0 0 0
"63" 63 0.00507614213198 103 82 75 61 56 54 49 9 5 3 2 1 0 0 0 0 0 0 0 0
"64" 64 0.136882129278 92 86 82 64 50 27 25 23 14 12 8 5 4 4 2 1 1 0 0 0
"65" 65 0.0728476821192 302 155 29 10 2 1 1 0 0 0 0 0 0 0 0 0 0 0 0 0
"66" 66 0.0410256410256 341 48 39 28 12 8 4 4 4 4 4 2 1 1 0 0 0 0 0 0
"67" 67 0.0602836879433 208 147 82 42 5 4 3 3 3 2 1 0 0 0 0 0 0 0 0 0
"68" 68 0.346153846154 429 43 7 6 5 3 2 2 2 1 0 0 0 0 0 0 0 0 0 0
"69" 69 0.18023255814 131 66 55 51 39 37 31 29 14 14 10 7 7 6 2 1 0 0 0 0
"70" 70 0.0 394 77 14 7 3 3 1 1 0 0 0 0 0 0 0 0 0 0 0 0
"71" 71 0.328467153285 111 79 64 50 49 41 23 17 15 14 11 8 7 5 4 1 1 0 0 0
"72" 72 0.0295358649789 165 58 53 38 33 31 24 21 17 14 14 10 7 5 4 3 2 1 0 0
"73" 73 0.0387596899225 347 120 26 3 1 1 1 1 0 0 0 0 0 0 0 0 0 0 0 0
"74" 74 0.516746411483 114 97 69 58 38 38 36 17 13 7 6 5 2 0 0 0 0 0 0 0
"75" 75 0.00518134715026 92 86 80 40 30 28 22 19 18 17 17 11 11 11 9 6 2 1 0 0
"76" 76 0.0355329949239 247 56 53 27 24 14 14 13 10 9 8 8 7 6 3 1 0 0 0 0
"77" 77 0.643410852713 116 80 70 67 36 23 22 19 16 15 12 10 9 3 1 1 0 0 0 0
"78" 78 0.313953488372 100 73 61 50 50 39 37 22 15 13 13 8 8 5 3 2 1 0 0 0
"79" 79 0.0666666666667 199 169 36 34 16 16 14 4 4 3 2 1 1 1 0 0 0 0 0 0
"80" 80 0.446540880503 160 81 60 36 35 32 30 21 13 12 5 5 4 3 3 0 0 0 0 0
"81" 81 0.379487179487 138 96 79 67 38 35 13 12 8 7 3 2 1 1 0 0 0 0 0 0
"82" 82 0.077519379845 249 209 28 9 2 1 1 1 0 0 0 0 0 0 0 0 0 0 0 0
"83" 83 0.170542635659 196 139 62 38 22 13 9 9 5 3 1 1 1 1 0 0 0 0 0 0
"84" 84 0.010152284264 173 67 57 48 47 46 24 21 9 4 2 2 0 0 0 0 0 0 0 0
"85" 85 0.212643678161 134 123 57 55 38 30 20 14 8 6 6 4 3 1 1 0 0 0 0 0
"86" 86 0.0 264 201 11 5 4 4 4 3 2 1 1 0 0 0 0 0 0 0 0 0
"87" 87 0.464435146444 139 114 63 60 52 20 19 14 6 5 3 3 1 1 0 0 0 0 0 0
"88" 88 0.00709219858156 211 111 49 46 19 15 15 11 9 7 3 2 1 1 0 0 0 0 0 0
"89" 89 0.611814345992 239 103 43 37 19 16 15 11 7 3 3 2 1 1 0 0 0 0 0 0
"90" 90 0.435233160622 130 66 60 60 52 30 19 19 15 14 10 9 8 3 3 2 0 0 0 0
"91" 91 0.0199004975124 163 61 44 42 40 35 35 24 21 17 12 4 1 1 0 0 0 0 0 0
"92" 92 0.322869955157 259 160 28 16 10 9 6 5 5 1 1 0 0 0 0 0 0 0 0 0
"93" 93 0.036496350365 111 102 78 41 34 31 24 16 15 15 11 8 6 5 3 0 0 0 0 0
"94" 94 0.22869955157 177 132 46 43 42 39 8 5 4 2 1 1 0 0 0 0 0 0 0 0
"95" 95 0.0 184 139 101 18 15 10 8 7 6 4 2 2 2 1 1 0 0 0 0 0
"96" 96 0.302919708029 163 129 112 19 16 14 13 10 7 7 4 3 2 1 0 0 0 0 0 0
"97" 97 0.0 193 112 80 73 20 10 7 1 1 1 1 1 0 0 0 0 0 0 0 0
"98" 98 0.28125 197 176 36 22 14 11 10 9 8 5 4 3 3 1 1 0 0 0 0 0
"99" 99 0.0480769230769 500 0 0 0 0 0 0 0 0 0 0 0 0 0 0 0 0 0 0 0
"100" 100 0.238578680203 146 83 77 37 33 32 27 22 17 9 5 5 2 2 1 1 1 0 0 0
"101" 101 0.0697674418605 168 105 81 66 18 14 11 9 7 6 6 5 2 1 1 0 0 0 0 0
"102" 102 0.25 114 82 79 61 46 26 20 19 19 15 9 5 2 1 1 1 0 0 0 0
"103" 103 0.564593301435 134 95 65 60 37 29 19 12 10 9 8 8 7 5 1 1 0 0 0 0
"104" 104 0.0574712643678 74 73 59 56 53 45 41 26 18 15 15 11 4 3 2 2 2 1 0 0
"105" 105 0.4 151 88 78 72 49 29 8 7 6 5 4 2 1 0 0 0 0 0 0 0
"106" 106 0.332116788321 70 70 66 52 47 36 36 27 27 20 16 12 9 8 3 1 0 0 0 0
"107" 107 0.459821428571 170 103 95 33 32 29 14 6 6 4 4 3 1 0 0 0 0 0 0 0
"108" 108 0.133720930233 170 161 63 40 22 12 11 7 4 3 3 1 1 1 1 0 0 0 0 0
"109" 109 0.00662251655629 237 162 59 15 11 5 5 2 2 2 0 0 0 0 0 0 0 0 0 0
"110" 110 0.34375 270 36 36 35 29 29 14 12 8 8 7 5 4 4 2 1 0 0 0 0
"111" 111 0.467153284672 188 111 94 35 16 16 14 9 8 4 3 1 1 0 0 0 0 0 0 0
"112" 112 0.266159695817 146 65 59 47 42 34 29 26 22 11 6 5 3 3 1 1 0 0 0 0
"113" 113 0.00418410041841 242 89 74 27 19 14 12 9 3 3 2 2 1 1 1 1 0 0 0 0
"114" 114 0.556962025316 112 100 63 45 33 31 26 25 22 12 10 6 5 5 3 2 0 0 0 0
"115" 115 0.622093023256 175 76 69 48 33 24 21 18 11 7 7 6 2 1 1 1 0 0 0 0
"116" 116 0.35401459854 121 82 51 46 45 36 31 22 19 14 10 7 7 5 3 1 0 0 0 0
"117" 117 0.534591194969 246 89 55 49 22 17 11 7 2 1 1 0 0 0 0 0 0 0 0 0
"118" 118 0.704379562044 206 70 51 47 39 23 21 11 9 9 5 3 3 1 1 1 0 0 0 0
"119" 119 0.605769230769 237 136 26 25 22 21 13 12 3 2 2 1 0 0 0 0 0 0 0 0
"120" 120 0.251655629139 140 77 65 60 40 32 24 16 11 10 9 8 3 2 2 1 0 0 0 0
"121" 121 0.0928270042194 239 111 60 31 19 15 9 8 4 3 1 0 0 0 0 0 0 0 0 0
"122" 122 0.10152284264 145 118 91 82 15 13 8 7 6 6 4 3 1 1 0 0 0 0 0 0
"123" 123 0.278846153846 133 130 58 45 42 34 18 15 13 7 2 2 1 0 0 0 0 0 0 0
"124" 124 0.093023255814 96 91 58 35 35 32 29 25 20 19 16 13 13 7 4 3 2 2 0 0
"125" 125 0.315602836879 347 40 36 16 15 14 9 6 6 3 3 1 1 1 1 1 0 0 0 0
"126" 126 0.031007751938 401 30 15 11 10 7 7 6 5 4 1 1 1 1 0 0 0 0 0 0
"127" 127 0.384105960265 110 66 55 53 48 43 37 35 25 8 8 5 4 2 1 0 0 0 0 0
"128" 128 0.627737226277 117 76 73 68 51 24 23 18 17 12 8 6 3 3 1 0 0 0 0 0
"129" 129 0.322869955157 71 64 55 53 43 37 35 35 28 20 18 14 11 7 4 2 2 1 0 0
"130" 130 0.529801324503 404 35 21 15 8 6 4 3 1 1 1 1 0 0 0 0 0 0 0 0
"131" 131 0.388601036269 83 81 67 51 39 31 29 26 24 21 14 14 8 5 3 3 1 0 0 0
"132" 132 0.810344827586 123 81 74 53 47 47 26 21 19 6 2 1 0 0 0 0 0 0 0 0
"133" 133 0.375634517766 179 82 52 41 37 33 20 14 13 11 7 6 3 1 1 0 0 0 0 0
"134" 134 0.759493670886 207 102 52 46 19 18 17 11 11 9 4 2 1 1 0 0 0 0 0 0
"135" 135 0.369230769231 109 92 80 70 51 36 33 11 5 5 4 2 1 1 0 0 0 0 0 0
"136" 136 0.569343065693 136 86 69 65 32 31 22 20 14 10 9 4 1 1 0 0 0 0 0 0
"137" 137 0.517857142857 260 61 58 24 21 21 18 13 8 7 5 3 1 0 0 0 0 0 0 0
"138" 138 0.214285714286 136 74 69 66 43 27 27 17 10 7 7 4 4 3 3 2 1 0 0 0
"139" 139 0.194029850746 107 97 65 54 36 36 31 22 17 7 7 5 5 3 3 3 2 0 0 0
"140" 140 0.357512953368 123 108 93 37 34 33 24 23 13 6 4 2 0 0 0 0 0 0 0 0
"141" 141 0.455357142857 171 76 74 54 39 18 17 10 10 10 9 8 3 1 0 0 0 0 0 0
"142" 142 0.213930348259 113 107 76 73 29 29 22 15 11 8 7 5 4 1 0 0 0 0 0 0
"143" 143 0.313953488372 156 98 79 66 26 18 15 12 10 8 4 3 2 2 1 0 0 0 0 0
"144" 144 0.641255605381 133 89 79 44 39 38 28 15 11 11 5 2 2 2 1 1 0 0 0 0
"145" 145 0.46835443038 110 94 73 51 48 37 23 18 11 10 10 8 3 2 1 1 0 0 0 0
"146" 146 0.184615384615 118 56 49 44 38 38 31 28 24 18 17 14 10 5 4 3 2 1 0 0
"147" 147 0.418604651163 157 105 83 38 30 23 23 15 14 4 2 2 1 1 1 1 0 0 0 0
"148" 148 0.3125 111 106 87 83 38 19 19 14 10 6 3 2 1 1 0 0 0 0 0 0
"149" 149 0.29197080292 168 77 47 42 41 40 27 22 12 8 5 4 2 2 1 1 1 0 0 0
"150" 150 0.117154811715 208 202 31 17 16 8 4 4 2 1 1 1 1 1 1 1 1 0 0 0
"151" 151 0.320675105485 215 86 48 36 28 19 16 16 10 7 7 4 3 2 2 1 0 0 0 0
"152" 152 0.528497409326 302 84 68 22 17 4 2 1 0 0 0 0 0 0 0 0 0 0 0 0
"153" 153 0.418604651163 166 82 56 37 32 29 19 18 17 14 13 5 4 3 2 2 1 0 0 0
"154" 154 0.424107142857 165 135 52 45 27 24 20 12 9 8 2 1 0 0 0 0 0 0 0 0
"155" 155 0.39896373057 114 104 79 34 34 31 29 22 19 17 5 5 3 2 2 0 0 0 0 0
"156" 156 0.0761421319797 303 76 45 36 22 8 4 2 1 1 1 1 0 0 0 0 0 0 0 0
"157" 157 0.503144654088 394 40 33 22 4 3 1 1 1 1 0 0 0 0 0 0 0 0 0 0
"158" 158 0.126582278481 129 108 91 46 40 40 8 8 6 6 5 4 4 4 1 0 0 0 0 0
"159" 159 0.0 144 101 85 59 55 16 11 8 7 6 3 3 2 0 0 0 0 0 0 0
"160" 160 0.746113989637 129 85 76 72 70 24 20 10 5 3 3 1 1 1 0 0 0 0 0 0
"161" 161 0.212927756654 114 78 72 44 40 37 32 19 14 13 10 9 6 4 4 4 0 0 0 0
"162" 162 0.0744680851064 194 126 37 34 33 18 16 12 9 5 5 4 3 2 2 0 0 0 0 0
"163" 163 0.0288461538462 500 0 0 0 0 0 0 0 0 0 0 0 0 0 0 0 0 0 0 0
"164" 164 0.0192307692308 261 93 50 41 16 14 10 7 3 2 2 1 0 0 0 0 0 0 0 0
"165" 165 0.0 174 73 66 49 31 18 16 15 12 11 11 10 6 4 2 2 0 0 0 0
"166" 166 0.0583941605839 164 127 82 32 26 22 16 12 7 4 3 3 1 1 0 0 0 0 0 0
"167" 167 0.0 341 76 44 11 8 7 7 4 2 0 0 0 0 0 0 0 0 0 0 0
"168" 168 0.0 312 42 42 39 29 9 7 7 7 3 2 1 0 0 0 0 0 0 0 0
"169" 169 0.0251572327044 208 123 99 19 18 18 8 5 1 1 0 0 0 0 0 0 0 0 0 0
"170" 170 0.208955223881 169 149 76 59 20 10 9 4 3 1 0 0 0 0 0 0 0 0 0 0
"171" 171 0.254464285714 171 112 62 53 31 23 13 13 10 5 2 2 2 1 0 0 0 0 0 0
"172" 172 0.0 145 130 74 40 37 27 22 13 6 3 2 1 0 0 0 0 0 0 0 0
"173" 173 0.0223214285714 158 128 106 41 21 15 12 11 4 2 1 1 0 0 0 0 0 0 0 0
"174" 174 0.0 306 139 14 12 9 5 5 4 2 2 1 1 0 0 0 0 0 0 0 0
"175" 175 0.124113475177 262 103 36 29 25 11 9 8 7 6 2 1 1 0 0 0 0 0 0 0
"176" 176 0.00448430493274 148 80 65 59 58 46 19 13 5 4 1 1 1 0 0 0 0 0 0 0
"177" 177 0.0480769230769 109 88 79 77 42 35 27 13 13 5 4 3 2 2 1 0 0 0 0 0
"178" 178 0.288321167883 158 94 82 38 28 21 18 16 12 10 8 7 4 2 1 1 0 0 0 0
"179" 179 0.761006289308 303 124 33 32 4 4 0 0 0 0 0 0 0 0 0 0 0 0 0 0
"180" 180 0.430463576159 177 110 71 48 45 19 13 8 5 1 1 1 1 0 0 0 0 0 0 0
"181" 181 0.748175182482 389 110 1 0 0 0 0 0 0 0 0 0 0 0 0 0 0 0 0 0
"182" 182 0.592039800995 174 112 82 39 35 31 10 9 3 3 2 0 0 0 0 0 0 0 0 0
"183" 183 0.200956937799 239 178 52 14 3 3 3 2 2 1 1 1 1 0 0 0 0 0 0 0
"184" 184 0.0518134715026 184 83 50 34 26 26 25 22 12 10 9 8 5 5 1 0 0 0 0 0
"185" 185 0.178832116788 245 180 32 15 12 5 4 3 2 1 1 0 0 0 0 0 0 0 0 0
"186" 186 0.0209205020921 179 179 111 10 5 3 3 3 2 2 2 1 0 0 0 0 0 0 0 0
"187" 187 0.0 188 86 82 35 30 24 14 13 12 8 4 3 1 0 0 0 0 0 0 0
"188" 188 0.0 203 92 47 47 35 30 28 5 3 2 2 2 1 1 1 1 0 0 0 0
"189" 189 0.372262773723 173 99 52 51 42 36 11 10 7 7 5 5 2 0 0 0 0 0 0 0
"190" 190 0.142335766423 318 59 48 30 30 10 2 1 1 1 0 0 0 0 0 0 0 0 0 0
"191" 191 0.721518987342 125 108 86 84 29 25 11 9 7 6 4 2 2 2 0 0 0 0 0 0
"192" 192 0.366279069767 119 74 69 66 54 40 31 16 13 8 6 2 1 1 0 0 0 0 0 0
"193" 193 0.290178571429 200 135 49 28 19 15 13 10 9 5 5 4 3 2 2 1 0 0 0 0
"194" 194 0.671794871795 234 70 70 43 42 18 8 4 3 2 2 2 1 1 0 0 0 0 0 0
"195" 195 0.295336787565 126 66 52 39 39 38 29 25 19 19 15 10 9 7 4 3 0 0 0 0
"196" 196 0.610062893082 459 11 7 4 4 4 4 3 3 1 0 0 0 0 0 0 0 0 0 0
"197" 197 0.173758865248 284 134 14 10 9 9 8 6 5 5 3 3 3 2 2 2 1 0 0 0
"198" 198 0.527426160338 118 93 78 58 42 37 22 13 10 10 9 7 1 1 1 0 0 0 0 0
"199" 199 0.367816091954 173 124 37 37 34 27 16 12 12 5 5 4 4 4 2 2 1 1 0 0
"200" 200 0.379310344828 111 89 80 44 40 38 36 21 11 9 6 5 3 3 2 2 0 0 0 0
"201" 201 0.379562043796 178 130 54 39 34 27 11 8 5 4 4 2 2 1 1 0 0 0 0 0
"202" 202 0.199004975124 133 75 72 70 57 25 15 14 12 10 5 5 5 1 1 0 0 0 0 0
"203" 203 0.581395348837 243 116 83 43 7 4 2 1 1 0 0 0 0 0 0 0 0 0 0 0
"204" 204 0.610062893082 271 57 51 35 27 13 11 9 8 6 5 5 1 1 0 0 0 0 0 0
