"site" "RSA" "aa1" "aa2" "aa3" "aa4" "aa5" "aa6" "aa7" "aa8" "aa9" "aa10" "aa11" "aa12" "aa13" "aa14" "aa15" "aa16" "aa17" "aa18" "aa19" "aa20"
"0" 0 0.816513761468 126 95 90 50 33 23 21 18 11 10 7 5 5 3 2 1 0 0 0 0
"1" 1 0.384105960265 108 96 70 57 49 37 37 28 5 5 4 3 1 0 0 0 0 0 0 0
"2" 2 0.312820512821 116 70 64 63 47 41 32 19 15 9 6 5 5 4 3 1 0 0 0 0
"3" 3 0.0 274 162 33 20 4 4 1 1 1 0 0 0 0 0 0 0 0 0 0 0
"4" 4 0.121338912134 314 142 33 6 4 1 0 0 0 0 0 0 0 0 0 0 0 0 0 0
"5" 5 0.0 187 106 54 44 36 31 14 8 6 4 3 3 2 1 1 0 0 0 0 0
"6" 6 0.238341968912 119 100 80 71 35 22 21 18 15 8 4 4 1 1 1 0 0 0 0 0
"7" 7 0.0152284263959 218 76 71 53 33 21 14 7 2 2 2 1 0 0 0 0 0 0 0 0
"8" 8 0.0988372093023 114 108 70 35 31 31 24 23 23 11 10 9 3 3 2 2 1 0 0 0
"9" 9 0.320675105485 266 35 34 30 23 21 20 19 13 12 8 5 4 4 3 2 1 0 0 0
"10" 10 0.589743589744 286 134 26 17 16 5 4 4 3 3 1 1 0 0 0 0 0 0 0 0
"11" 11 0.576923076923 471 28 1 0 0 0 0 0 0 0 0 0 0 0 0 0 0 0 0 0
"12" 12 0.434108527132 157 86 60 53 46 43 23 18 5 2 2 2 2 1 0 0 0 0 0 0
"13" 13 0.74213836478 156 114 52 39 35 31 21 17 12 8 7 7 1 0 0 0 0 0 0 0
"14" 14 0.278606965174 195 60 55 36 30 29 24 20 20 18 5 5 2 1 0 0 0 0 0 0
"15" 15 0.269230769231 500 0 0 0 0 0 0 0 0 0 0 0 0 0 0 0 0 0 0 0
"16" 16 0.290697674419 106 86 63 58 47 44 36 24 18 4 4 3 3 2 2 0 0 0 0 0
"17" 17 0.0 227 97 58 34 29 25 10 7 5 5 2 1 0 0 0 0 0 0 0 0
"18" 18 0.354430379747 232 121 69 18 14 11 9 8 7 5 5 1 0 0 0 0 0 0 0 0
"19" 19 0.0 270 82 56 39 32 11 7 1 1 1 0 0 0 0 0 0 0 0 0 0
"20" 20 0.354430379747 187 165 49 35 19 17 14 4 3 2 2 1 1 1 0 0 0 0 0 0
"21" 21 0.0696517412935 404 81 4 4 3 2 1 1 0 0 0 0 0 0 0 0 0 0 0 0
"22" 22 0.196652719665 272 122 66 18 9 7 3 2 1 0 0 0 0 0 0 0 0 0 0 0
"23" 23 0.0984455958549 186 59 55 53 51 24 21 12 11 11 9 5 1 1 1 0 0 0 0 0
"24" 24 0.875647668394 82 71 66 63 58 55 34 19 19 12 12 7 2 0 0 0 0 0 0 0
"25" 25 0.183908045977 129 121 48 36 33 30 23 21 20 10 9 8 5 2 2 2 1 0 0 0
"26" 26 0.0 360 52 19 17 16 10 8 8 5 4 1 0 0 0 0 0 0 0 0 0
"27" 27 0.396226415094 256 50 47 39 25 18 13 12 12 9 8 8 2 1 0 0 0 0 0 0
"28" 28 0.573839662447 185 72 65 53 37 20 18 10 8 8 8 7 5 2 2 0 0 0 0 0
"29" 29 0.0 132 57 51 45 43 37 31 29 26 19 12 9 4 3 1 1 0 0 0 0
"30" 30 0.0 474 14 9 1 1 1 0 0 0 0 0 0 0 0 0 0 0 0 0 0
"31" 31 0.279069767442 193 139 65 23 19 18 10 10 6 4 4 3 3 2 1 0 0 0 0 0
"32" 32 0.0 123 114 88 50 47 19 13 12 9 6 6 6 4 1 1 1 0 0 0 0
"33" 33 0.0 242 127 55 38 11 8 3 3 2 2 2 2 1 1 1 1 1 0 0 0
"34" 34 0.0912408759124 186 163 50 31 15 14 10 6 5 5 5 4 2 2 2 0 0 0 0 0
"35" 35 0.031007751938 177 122 72 27 21 21 13 10 9 7 5 5 4 3 2 2 0 0 0 0
"36" 36 0.00497512437811 398 68 8 6 4 3 2 2 2 2 2 1 1 1 0 0 0 0 0 0
"37" 37 0.0126582278481 227 124 54 22 21 15 11 7 6 4 4 2 1 1 1 0 0 0 0 0
"38" 38 0.302325581395 196 158 65 36 15 13 4 3 3 2 2 1 1 1 0 0 0 0 0 0
"39" 39 0.278846153846 468 8 6 5 4 4 2 1 1 1 0 0 0 0 0 0 0 0 0 0
"40" 40 0.589285714286 159 115 78 52 27 15 12 10 10 10 5 2 2 2 1 0 0 0 0 0
"41" 41 0.485232067511 149 95 42 37 32 30 21 18 16 10 9 9 8 8 6 5 5 0 0 0
"42" 42 0.701923076923 500 0 0 0 0 0 0 0 0 0 0 0 0 0 0 0 0 0 0 0
"43" 43 0.238493723849 227 97 35 31 29 22 17 11 6 6 6 5 3 2 2 1 0 0 0 0
"44" 44 0.105769230769 500 0 0 0 0 0 0 0 0 0 0 0 0 0 0 0 0 0 0 0
"45" 45 0.0 224 140 98 18 11 5 2 1 1 0 0 0 0 0 0 0 0 0 0 0
"46" 46 0.511627906977 173 72 62 59 32 30 24 17 9 8 5 3 2 1 1 1 1 0 0 0
"47" 47 0.336538461538 488 7 3 1 1 0 0 0 0 0 0 0 0 0 0 0 0 0 0 0
"48" 48 0.046357615894 300 93 70 26 11 0 0 0 0 0 0 0 0 0 0 0 0 0 0 0
"49" 49 0.191387559809 102 93 58 45 34 33 21 20 18 16 15 15 14 4 4 4 3 1 0 0
"50" 50 0.0 287 69 65 18 15 15 9 8 4 2 2 2 2 1 1 0 0 0 0 0
"51" 51 0.11961722488 188 126 68 39 20 19 15 6 5 4 4 3 1 1 1 0 0 0 0 0
"52" 52 0.361313868613 205 51 51 51 46 25 23 13 11 8 7 3 2 2 2 0 0 0 0 0
"53" 53 0.00574712643678 225 208 18 15 15 8 7 2 1 1 0 0 0 0 0 0 0 0 0 0
"54" 54 0.121827411168 123 119 64 45 35 32 25 18 15 11 9 2 2 0 0 0 0 0 0 0
"55" 55 0.301886792453 438 25 12 11 6 4 1 1 1 1 0 0 0 0 0 0 0 0 0 0
"56" 56 0.663212435233 252 214 16 7 4 4 1 1 1 0 0 0 0 0 0 0 0 0 0 0
"57" 57 0.192468619247 174 132 56 50 41 22 10 6 4 2 2 1 0 0 0 0 0 0 0 0
"58" 58 0.0137614678899 286 91 51 36 10 9 8 6 2 1 0 0 0 0 0 0 0 0 0 0
"59" 59 0.0 189 102 83 51 32 16 14 7 3 2 1 0 0 0 0 0 0 0 0 0
"60" 60 0.139013452915 135 71 68 66 47 42 20 16 10 7 5 4 4 2 1 1 1 0 0 0
"61" 61 0.0 453 37 3 3 3 1 0 0 0 0 0 0 0 0 0 0 0 0 0 0
"62" 62 0.0 500 0 0 0 0 0 0 0 0 0 0 0 0 0 0 0 0 0 0 0
"63" 63 0.0103626943005 491 2 2 1 1 1 1 1 0 0 0 0 0 0 0 0 0 0 0 0
"64" 64 0.188284518828 166 112 92 52 34 26 13 3 2 0 0 0 0 0 0 0 0 0 0 0
"65" 65 0.488372093023 114 96 47 45 43 41 29 17 17 15 11 11 8 3 2 1 0 0 0 0
"66" 66 0.364341085271 111 68 59 57 52 47 20 15 13 12 11 10 8 7 6 3 1 0 0 0
"67" 67 0.201923076923 337 52 44 25 13 11 8 4 2 2 1 1 0 0 0 0 0 0 0 0
"68" 68 0.502564102564 126 88 68 41 37 34 27 27 23 10 9 5 3 1 1 0 0 0 0 0
"69" 69 0.298076923077 497 3 0 0 0 0 0 0 0 0 0 0 0 0 0 0 0 0 0 0
"70" 70 0.651162790698 109 101 66 64 45 35 14 13 12 11 10 9 5 4 1 1 0 0 0 0
"71" 71 0.173076923077 490 7 2 1 0 0 0 0 0 0 0 0 0 0 0 0 0 0 0 0
"72" 72 0.182692307692 500 0 0 0 0 0 0 0 0 0 0 0 0 0 0 0 0 0 0 0
"73" 73 0.35864978903 124 115 77 76 24 21 20 10 7 6 6 5 4 3 2 0 0 0 0 0
"74" 74 0.0198675496689 438 23 19 8 7 2 1 1 1 0 0 0 0 0 0 0 0 0 0 0
"75" 75 0.203045685279 192 73 68 45 41 22 21 6 6 6 5 4 4 3 1 1 1 1 0 0
"76" 76 0.406844106464 119 72 60 58 43 33 25 20 18 16 13 11 11 1 0 0 0 0 0 0
"77" 77 0.355769230769 498 2 0 0 0 0 0 0 0 0 0 0 0 0 0 0 0 0 0 0
"78" 78 0.573643410853 108 107 65 61 41 31 31 17 14 10 6 5 2 2 0 0 0 0 0 0
"79" 79 0.514767932489 165 82 68 43 32 28 27 26 7 6 6 5 2 1 1 1 0 0 0 0
"80" 80 0.100418410042 159 112 62 55 31 30 19 14 5 5 3 2 2 1 0 0 0 0 0 0
"81" 81 0.449612403101 118 77 74 50 43 30 26 16 16 14 10 7 5 5 3 3 2 1 0 0
"82" 82 0.124352331606 156 115 94 47 30 15 8 6 4 4 3 3 3 3 2 2 2 2 1 0
"83" 83 0.236607142857 171 88 60 31 29 24 20 18 16 12 12 5 4 4 3 2 1 0 0 0
"84" 84 0.235897435897 225 108 60 28 27 22 11 10 5 1 1 1 1 0 0 0 0 0 0 0
"85" 85 0.334728033473 226 183 79 6 5 1 0 0 0 0 0 0 0 0 0 0 0 0 0 0
"86" 86 0.587443946188 128 74 45 45 43 39 34 33 28 15 4 3 3 3 2 1 0 0 0 0
"87" 87 0.218905472637 351 30 27 17 13 12 9 8 6 6 5 4 4 3 2 2 1 0 0 0
"88" 88 0.552742616034 189 68 61 46 45 23 18 13 11 10 6 3 2 2 1 1 1 0 0 0
"89" 89 0.0 415 18 16 13 13 9 6 4 3 2 1 0 0 0 0 0 0 0 0 0
"90" 90 0.420512820513 281 98 30 26 16 12 11 7 7 5 3 2 1 1 0 0 0 0 0 0
"91" 91 0.324894514768 178 148 40 38 23 21 15 13 11 10 2 1 0 0 0 0 0 0 0 0
"92" 92 0.37106918239 235 119 62 58 11 10 3 1 1 0 0 0 0 0 0 0 0 0 0 0
"93" 93 0.0192307692308 493 3 1 1 1 1 0 0 0 0 0 0 0 0 0 0 0 0 0 0
"94" 94 0.0199004975124 317 52 46 26 25 11 7 6 5 4 1 0 0 0 0 0 0 0 0 0
"95" 95 0.0 287 79 41 28 25 14 10 6 5 2 1 1 1 0 0 0 0 0 0 0
"96" 96 0.0 390 85 7 5 4 3 2 1 1 1 1 0 0 0 0 0 0 0 0 0
"97" 97 0.0 128 110 104 69 50 12 5 5 4 3 3 2 2 1 1 1 0 0 0 0
"98" 98 0.062015503876 190 148 49 34 33 17 8 7 6 5 2 1 0 0 0 0 0 0 0 0
"99" 99 0.225641025641 147 141 84 60 20 16 8 7 7 5 2 1 1 1 0 0 0 0 0 0
"100" 100 0.635658914729 120 69 68 52 37 36 28 25 23 20 11 5 3 2 1 0 0 0 0 0
"101" 101 0.240384615385 487 5 3 2 1 1 1 0 0 0 0 0 0 0 0 0 0 0 0 0
"102" 102 0.654088050314 276 71 35 34 19 14 14 11 7 5 4 3 3 3 1 0 0 0 0 0
"103" 103 0.476923076923 313 89 54 13 9 6 6 5 3 1 1 0 0 0 0 0 0 0 0 0
"104" 104 0.156976744186 202 102 42 29 22 19 17 16 14 14 13 7 2 1 0 0 0 0 0 0
"105" 105 0.0 159 93 77 30 30 22 22 20 16 7 6 5 5 4 3 1 0 0 0 0
"106" 106 0.0961538461538 280 135 31 18 18 8 5 3 2 0 0 0 0 0 0 0 0 0 0 0
"107" 107 0.00662251655629 435 14 14 11 8 6 4 3 2 1 1 1 0 0 0 0 0 0 0 0
"108" 108 0.103139013453 110 75 63 51 41 37 37 22 19 15 14 7 4 3 2 0 0 0 0 0
"109" 109 0.0 342 102 48 2 2 1 1 1 1 0 0 0 0 0 0 0 0 0 0 0
"110" 110 0.0209205020921 223 208 39 11 10 5 2 1 1 0 0 0 0 0 0 0 0 0 0 0
"111" 111 0.0 282 60 58 43 19 18 5 4 3 3 2 2 1 0 0 0 0 0 0 0
"112" 112 0.0 242 111 92 13 13 10 8 5 3 2 1 0 0 0 0 0 0 0 0 0
"113" 113 0.0988372093023 239 147 39 22 15 13 12 9 1 1 1 1 0 0 0 0 0 0 0 0
"114" 114 0.252873563218 196 161 76 29 15 8 6 6 2 1 0 0 0 0 0 0 0 0 0 0
"115" 115 0.390804597701 149 147 54 41 26 26 14 13 12 7 6 4 1 0 0 0 0 0 0 0
"116" 116 0.0 169 86 62 54 36 27 26 23 8 3 2 2 1 1 0 0 0 0 0 0
"117" 117 0.403973509934 198 81 55 46 44 25 18 7 7 5 5 3 3 2 1 0 0 0 0 0
"118" 118 0.535460992908 115 105 76 45 43 36 27 23 21 4 3 2 0 0 0 0 0 0 0 0
"119" 119 0.089552238806 159 116 95 63 22 13 11 6 4 3 2 2 2 1 1 0 0 0 0 0
"120" 120 0.238341968912 230 62 52 48 36 17 14 10 8 6 5 4 4 2 2 0 0 0 0 0
"121" 121 0.413461538462 491 6 2 1 0 0 0 0 0 0 0 0 0 0 0 0 0 0 0 0
"122" 122 0.540084388186 162 159 57 35 29 24 9 9 7 4 3 1 1 0 0 0 0 0 0 0
"123" 123 0.157894736842 450 30 15 4 1 0 0 0 0 0 0 0 0 0 0 0 0 0 0 0
"124" 124 0.0 181 91 84 74 39 9 7 6 4 3 1 1 0 0 0 0 0 0 0 0
"125" 125 0.0172413793103 179 167 77 25 23 10 7 5 4 3 0 0 0 0 0 0 0 0 0 0
"126" 126 0.0 299 136 22 19 11 5 3 2 2 1 0 0 0 0 0 0 0 0 0 0
"127" 127 0.0 496 3 1 0 0 0 0 0 0 0 0 0 0 0 0 0 0 0 0 0
"128" 128 0.205357142857 226 77 67 66 19 17 12 11 2 1 1 1 0 0 0 0 0 0 0 0
"129" 129 0.0862068965517 197 108 83 75 11 9 8 4 4 1 0 0 0 0 0 0 0 0 0 0
"130" 130 0.380710659898 189 169 57 29 20 11 9 7 4 3 1 1 0 0 0 0 0 0 0 0
"131" 131 0.481865284974 131 66 58 51 46 43 33 16 12 11 11 8 7 5 1 1 0 0 0 0
"132" 132 0.0288461538462 499 1 0 0 0 0 0 0 0 0 0 0 0 0 0 0 0 0 0 0
"133" 133 0.238532110092 122 74 62 58 37 35 32 24 21 10 9 4 4 3 3 2 0 0 0 0
"134" 134 0.625641025641 104 84 82 76 64 35 18 11 11 8 6 1 0 0 0 0 0 0 0 0
"135" 135 0.0287356321839 288 31 27 25 22 22 17 15 13 11 8 7 6 4 3 1 0 0 0 0
"136" 136 0.0 179 97 38 38 37 33 20 15 13 13 8 4 2 2 1 0 0 0 0 0
"137" 137 0.544303797468 98 63 57 54 51 51 48 30 16 14 12 4 1 1 0 0 0 0 0 0
"138" 138 0.255813953488 91 64 50 45 45 35 35 35 32 21 13 13 9 5 3 2 2 0 0 0
"139" 139 0.0 252 66 45 37 23 20 15 15 11 8 6 1 1 0 0 0 0 0 0 0
"140" 140 0.129464285714 341 53 51 16 15 6 5 4 3 2 2 2 0 0 0 0 0 0 0 0
"141" 141 0.488372093023 121 106 66 48 35 34 25 24 14 11 8 4 2 1 1 0 0 0 0 0
"142" 142 0.138392857143 102 87 73 52 47 28 23 21 20 14 13 12 2 2 2 1 1 0 0 0
"143" 143 0.0192307692308 493 6 1 0 0 0 0 0 0 0 0 0 0 0 0 0 0 0 0 0
"144" 144 0.165562913907 333 53 32 17 16 16 15 7 4 4 2 1 0 0 0 0 0 0 0 0
"145" 145 0.721153846154 152 104 92 40 34 26 21 17 7 5 2 0 0 0 0 0 0 0 0 0
"146" 146 0.562913907285 163 123 57 41 32 29 26 17 10 1 1 0 0 0 0 0 0 0 0 0
"147" 147 0.0192307692308 496 2 1 1 0 0 0 0 0 0 0 0 0 0 0 0 0 0 0 0
"148" 148 0.64135021097 105 89 66 59 48 35 24 21 17 11 10 7 4 4 0 0 0 0 0 0
"149" 149 0.188679245283 248 94 46 29 28 26 12 8 4 3 1 1 0 0 0 0 0 0 0 0
"150" 150 0.700729927007 185 67 48 48 39 24 19 15 13 12 10 7 6 4 1 1 1 0 0 0
"151" 151 0.0993377483444 150 144 41 35 33 23 18 12 10 9 9 8 4 2 1 1 0 0 0 0
"152" 152 0.368613138686 169 87 57 45 26 23 20 12 12 12 9 8 7 6 5 2 0 0 0 0
"153" 153 0.0 239 104 50 37 18 13 13 8 7 4 3 2 1 1 0 0 0 0 0 0
"154" 154 0.236607142857 197 110 48 39 29 28 12 9 8 7 5 4 2 1 1 0 0 0 0 0
"155" 155 0.0 349 42 39 22 16 11 6 5 4 3 2 1 0 0 0 0 0 0 0 0
"156" 156 0.356589147287 118 77 60 51 39 37 21 21 19 19 12 11 8 3 2 1 1 0 0 0
"157" 157 0.523206751055 249 106 32 29 21 17 16 7 7 6 4 2 2 1 1 0 0 0 0 0
"158" 158 0.107594936709 420 41 20 11 5 2 1 0 0 0 0 0 0 0 0 0 0 0 0 0
"159" 159 0.0769230769231 498 1 1 0 0 0 0 0 0 0 0 0 0 0 0 0 0 0 0 0
"160" 160 0.367816091954 208 173 22 18 16 16 15 13 5 4 3 3 2 1 1 0 0 0 0 0
"161" 161 0.645569620253 114 113 81 39 35 24 22 19 11 10 9 8 8 5 2 0 0 0 0 0
