"site" "RSA" "aa1" "aa2" "aa3" "aa4" "aa5" "aa6" "aa7" "aa8" "aa9" "aa10" "aa11" "aa12" "aa13" "aa14" "aa15" "aa16" "aa17" "aa18" "aa19" "aa20"
"0" 0 0.805031446541 383 59 25 14 7 4 4 3 1 0 0 0 0 0 0 0 0 0 0 0
"1" 1 0.041825095057 414 86 0 0 0 0 0 0 0 0 0 0 0 0 0 0 0 0 0 0
"2" 2 0.0 479 14 5 2 0 0 0 0 0 0 0 0 0 0 0 0 0 0 0 0
"3" 3 0.0 487 7 5 1 0 0 0 0 0 0 0 0 0 0 0 0 0 0 0 0
"4" 4 0.0 266 226 3 3 1 1 0 0 0 0 0 0 0 0 0 0 0 0 0 0
"5" 5 0.0 340 125 24 5 3 3 0 0 0 0 0 0 0 0 0 0 0 0 0 0
"6" 6 0.041825095057 177 164 84 73 2 0 0 0 0 0 0 0 0 0 0 0 0 0 0 0
"7" 7 0.167300380228 233 168 48 32 15 2 1 1 0 0 0 0 0 0 0 0 0 0 0 0
"8" 8 0.158940397351 218 105 76 53 26 22 0 0 0 0 0 0 0 0 0 0 0 0 0 0
"9" 9 0.226277372263 171 94 55 50 45 32 20 12 11 4 2 2 1 1 0 0 0 0 0 0
"10" 10 0.77990430622 157 98 88 77 22 21 16 8 7 4 1 1 0 0 0 0 0 0 0 0
"11" 11 0.365384615385 481 15 2 1 1 0 0 0 0 0 0 0 0 0 0 0 0 0 0 0
"12" 12 0.139534883721 148 127 66 40 28 25 24 20 11 2 2 2 1 1 1 1 1 0 0 0
"13" 13 0.00581395348837 241 124 114 9 7 3 2 0 0 0 0 0 0 0 0 0 0 0 0 0
"14" 14 0.193798449612 158 70 55 54 49 29 29 23 16 5 5 4 2 1 0 0 0 0 0 0
"15" 15 0.348214285714 119 103 90 87 40 30 7 6 6 6 3 1 1 1 0 0 0 0 0 0
"16" 16 0.0045871559633 298 73 33 29 29 20 7 5 4 2 0 0 0 0 0 0 0 0 0 0
"17" 17 0.0 421 52 18 7 1 1 0 0 0 0 0 0 0 0 0 0 0 0 0 0
"18" 18 0.423357664234 137 128 65 47 36 20 19 17 12 8 7 2 1 1 0 0 0 0 0 0
"19" 19 0.0313901345291 178 97 70 38 33 30 22 15 8 7 1 1 0 0 0 0 0 0 0 0
"20" 20 0.00507614213198 418 40 16 11 9 2 2 1 1 0 0 0 0 0 0 0 0 0 0 0
"21" 21 0.046511627907 390 78 20 6 4 1 1 0 0 0 0 0 0 0 0 0 0 0 0 0
"22" 22 0.408759124088 189 156 63 49 11 8 6 5 4 4 4 1 0 0 0 0 0 0 0 0
"23" 23 0.0 500 0 0 0 0 0 0 0 0 0 0 0 0 0 0 0 0 0 0 0
"24" 24 0.0 475 21 2 1 1 0 0 0 0 0 0 0 0 0 0 0 0 0 0 0
"25" 25 0.508928571429 186 154 78 26 23 19 9 4 1 0 0 0 0 0 0 0 0 0 0 0
"26" 26 0.448430493274 207 179 53 27 27 3 3 1 0 0 0 0 0 0 0 0 0 0 0 0
"27" 27 0.105769230769 441 59 0 0 0 0 0 0 0 0 0 0 0 0 0 0 0 0 0 0
"28" 28 0.644230769231 500 0 0 0 0 0 0 0 0 0 0 0 0 0 0 0 0 0 0 0
"29" 29 0.175732217573 312 79 50 24 17 16 2 0 0 0 0 0 0 0 0 0 0 0 0 0
"30" 30 0.232142857143 376 76 16 5 5 5 4 4 3 3 1 1 1 0 0 0 0 0 0 0
"31" 31 0.186046511628 473 15 12 0 0 0 0 0 0 0 0 0 0 0 0 0 0 0 0 0
"32" 32 0.295620437956 352 97 15 14 10 8 2 2 0 0 0 0 0 0 0 0 0 0 0 0
"33" 33 0.0459770114943 295 75 39 28 21 16 9 9 4 2 1 1 0 0 0 0 0 0 0 0
"34" 34 0.189781021898 473 12 6 5 2 2 0 0 0 0 0 0 0 0 0 0 0 0 0 0
"35" 35 0.093023255814 499 1 0 0 0 0 0 0 0 0 0 0 0 0 0 0 0 0 0 0
"36" 36 0.0229885057471 205 151 116 18 6 2 1 1 0 0 0 0 0 0 0 0 0 0 0 0
"37" 37 0.383647798742 363 65 36 17 11 5 2 1 0 0 0 0 0 0 0 0 0 0 0 0
"38" 38 0.596899224806 198 162 35 32 31 13 13 9 4 2 1 0 0 0 0 0 0 0 0 0
"39" 39 0.350574712644 220 80 65 58 50 22 3 1 1 0 0 0 0 0 0 0 0 0 0 0
"40" 40 0.649006622517 428 51 13 3 2 2 1 0 0 0 0 0 0 0 0 0 0 0 0 0
"41" 41 0.78488372093 351 75 58 10 2 2 1 1 0 0 0 0 0 0 0 0 0 0 0 0
"42" 42 0.9375 458 16 14 7 5 0 0 0 0 0 0 0 0 0 0 0 0 0 0 0
"43" 43 1.28846153846 500 0 0 0 0 0 0 0 0 0 0 0 0 0 0 0 0 0 0 0
"44" 44 0.124031007752 370 79 12 11 8 7 4 3 3 2 1 0 0 0 0 0 0 0 0 0
"45" 45 0.601990049751 425 24 24 15 8 2 1 1 0 0 0 0 0 0 0 0 0 0 0 0
"46" 46 0.513307984791 378 39 22 20 18 9 6 4 2 1 1 0 0 0 0 0 0 0 0 0
"47" 47 0.093023255814 367 133 0 0 0 0 0 0 0 0 0 0 0 0 0 0 0 0 0 0
"48" 48 0.377906976744 469 12 11 5 1 1 1 0 0 0 0 0 0 0 0 0 0 0 0 0
"49" 49 0.422885572139 111 106 86 74 42 35 19 12 8 5 1 1 0 0 0 0 0 0 0 0
"50" 50 0.504464285714 192 123 103 32 24 22 3 1 0 0 0 0 0 0 0 0 0 0 0 0
"51" 51 0.0673575129534 381 108 6 2 1 1 1 0 0 0 0 0 0 0 0 0 0 0 0 0
"52" 52 0.0 360 41 28 26 13 12 9 6 1 1 1 1 1 0 0 0 0 0 0 0
"53" 53 0.417721518987 260 109 58 31 22 6 6 3 2 1 1 1 0 0 0 0 0 0 0 0
"54" 54 0.425641025641 303 82 36 31 17 17 8 3 2 1 0 0 0 0 0 0 0 0 0 0
"55" 55 0.00632911392405 357 103 34 4 1 1 0 0 0 0 0 0 0 0 0 0 0 0 0 0
"56" 56 0.240310077519 346 80 26 16 15 12 3 1 1 0 0 0 0 0 0 0 0 0 0 0
"57" 57 0.0 481 12 7 0 0 0 0 0 0 0 0 0 0 0 0 0 0 0 0 0
"58" 58 0.00995024875622 177 130 72 61 45 6 6 2 1 0 0 0 0 0 0 0 0 0 0 0
"59" 59 0.0077519379845 351 53 51 34 8 1 1 1 0 0 0 0 0 0 0 0 0 0 0 0
"60" 60 0.0 195 126 78 37 25 8 8 8 7 3 2 1 1 1 0 0 0 0 0 0
"61" 61 0.0 414 81 4 1 0 0 0 0 0 0 0 0 0 0 0 0 0 0 0 0
"62" 62 0.0 500 0 0 0 0 0 0 0 0 0 0 0 0 0 0 0 0 0 0 0
"63" 63 0.11320754717 329 114 27 8 7 5 5 3 1 1 0 0 0 0 0 0 0 0 0 0
"64" 64 0.0813953488372 185 147 83 80 4 1 0 0 0 0 0 0 0 0 0 0 0 0 0 0
"65" 65 0.470802919708 424 34 23 10 5 4 0 0 0 0 0 0 0 0 0 0 0 0 0 0
"66" 66 0.778242677824 497 2 1 0 0 0 0 0 0 0 0 0 0 0 0 0 0 0 0 0
"67" 67 0.240384615385 492 2 2 2 1 1 0 0 0 0 0 0 0 0 0 0 0 0 0 0
"68" 68 0.487179487179 369 44 17 15 12 11 9 9 8 4 2 0 0 0 0 0 0 0 0 0
"69" 69 0.0825688073394 373 47 23 22 13 9 8 2 2 1 0 0 0 0 0 0 0 0 0 0
"70" 70 0.031007751938 342 83 34 10 9 9 7 6 0 0 0 0 0 0 0 0 0 0 0 0
"71" 71 0.556291390728 280 85 55 27 13 13 10 8 5 4 0 0 0 0 0 0 0 0 0 0
"72" 72 0.0691823899371 250 247 2 1 0 0 0 0 0 0 0 0 0 0 0 0 0 0 0 0
"73" 73 0.0 152 128 100 68 33 8 5 3 2 1 0 0 0 0 0 0 0 0 0 0
"74" 74 0.37552742616 231 106 100 28 18 12 3 2 0 0 0 0 0 0 0 0 0 0 0 0
"75" 75 0.631178707224 182 90 62 46 45 29 11 10 9 6 4 2 2 1 1 0 0 0 0 0
"76" 76 0.108786610879 335 118 25 13 6 1 1 1 0 0 0 0 0 0 0 0 0 0 0 0
"77" 77 0.0845771144279 267 122 66 30 4 3 3 3 2 0 0 0 0 0 0 0 0 0 0 0
"78" 78 0.523316062176 237 114 84 22 14 11 7 5 2 1 1 1 1 0 0 0 0 0 0 0
"79" 79 0.413461538462 180 136 122 19 15 8 8 5 4 3 0 0 0 0 0 0 0 0 0 0
"80" 80 0.0406976744186 319 67 54 23 22 6 4 4 1 0 0 0 0 0 0 0 0 0 0 0
"81" 81 0.529801324503 214 147 60 29 23 11 10 3 1 1 1 0 0 0 0 0 0 0 0 0
"82" 82 0.46357615894 217 77 52 46 27 20 18 13 11 10 4 4 1 0 0 0 0 0 0 0
"83" 83 0.0199004975124 330 66 41 17 11 8 8 5 5 4 4 1 0 0 0 0 0 0 0 0
"84" 84 0.159574468085 203 122 65 28 22 18 13 11 6 4 3 2 1 1 1 0 0 0 0 0
"85" 85 0.746268656716 210 94 50 45 27 17 16 14 13 10 3 1 0 0 0 0 0 0 0 0
"86" 86 0.56976744186 159 115 88 52 28 21 18 6 6 3 2 1 1 0 0 0 0 0 0 0
"87" 87 0.365384615385 338 121 14 8 8 4 2 2 1 1 1 0 0 0 0 0 0 0 0 0
"88" 88 0.145695364238 119 101 75 64 60 43 27 3 2 2 2 1 1 0 0 0 0 0 0 0
"89" 89 0.0149253731343 360 106 13 8 6 4 2 1 0 0 0 0 0 0 0 0 0 0 0 0
"90" 90 0.505747126437 182 84 82 48 23 23 21 13 11 6 4 2 1 0 0 0 0 0 0 0
"91" 91 0.375 500 0 0 0 0 0 0 0 0 0 0 0 0 0 0 0 0 0 0 0
"92" 92 0.194092827004 302 141 33 19 2 1 1 1 0 0 0 0 0 0 0 0 0 0 0 0
"93" 93 0.0188679245283 339 100 30 22 4 4 1 0 0 0 0 0 0 0 0 0 0 0 0 0
"94" 94 0.0 249 222 29 0 0 0 0 0 0 0 0 0 0 0 0 0 0 0 0 0
"95" 95 0.0 268 114 96 21 1 0 0 0 0 0 0 0 0 0 0 0 0 0 0 0
"96" 96 0.0 361 69 53 12 4 1 0 0 0 0 0 0 0 0 0 0 0 0 0 0
"97" 97 0.0 407 93 0 0 0 0 0 0 0 0 0 0 0 0 0 0 0 0 0 0
"98" 98 0.0 414 43 36 7 0 0 0 0 0 0 0 0 0 0 0 0 0 0 0 0
"99" 99 0.0529801324503 355 90 38 17 0 0 0 0 0 0 0 0 0 0 0 0 0 0 0 0
"100" 100 0.0523255813953 270 58 46 32 27 17 12 11 10 6 6 3 1 1 0 0 0 0 0 0
"101" 101 0.410852713178 156 96 77 70 33 19 16 15 5 4 3 3 1 1 1 0 0 0 0 0
"102" 102 0.317880794702 173 133 132 23 10 6 4 4 4 4 2 2 1 1 1 0 0 0 0 0
"103" 103 0.467661691542 98 76 53 50 49 48 44 35 16 11 9 9 2 0 0 0 0 0 0 0
"104" 104 0.502392344498 210 103 92 79 10 4 2 0 0 0 0 0 0 0 0 0 0 0 0 0
"105" 105 0.384615384615 500 0 0 0 0 0 0 0 0 0 0 0 0 0 0 0 0 0 0 0
"106" 106 0.269230769231 500 0 0 0 0 0 0 0 0 0 0 0 0 0 0 0 0 0 0 0
"107" 107 0.121076233184 117 83 80 70 51 36 28 18 10 4 2 1 0 0 0 0 0 0 0 0
"108" 108 0.473214285714 189 118 71 56 16 12 10 9 8 7 2 1 1 0 0 0 0 0 0 0
"109" 109 0.46511627907 200 185 45 35 11 6 6 6 3 2 1 0 0 0 0 0 0 0 0 0
"110" 110 0.0 235 195 70 0 0 0 0 0 0 0 0 0 0 0 0 0 0 0 0 0
"111" 111 0.0 471 20 3 2 2 2 0 0 0 0 0 0 0 0 0 0 0 0 0 0
"112" 112 0.407960199005 184 162 61 56 17 6 5 4 3 1 1 0 0 0 0 0 0 0 0 0
"113" 113 0.165562913907 193 164 56 26 23 11 10 7 5 3 1 1 0 0 0 0 0 0 0 0
"114" 114 0.0 465 27 3 2 2 1 0 0 0 0 0 0 0 0 0 0 0 0 0 0
"115" 115 0.0845771144279 178 169 70 36 15 12 6 4 3 3 2 1 1 0 0 0 0 0 0 0
"116" 116 0.482587064677 204 159 100 12 9 6 6 3 1 0 0 0 0 0 0 0 0 0 0 0
"117" 117 0.201257861635 203 80 63 37 35 32 26 9 7 5 2 1 0 0 0 0 0 0 0 0
"118" 118 0.0298507462687 217 175 83 14 4 3 2 2 0 0 0 0 0 0 0 0 0 0 0 0
"119" 119 0.507462686567 327 81 42 18 17 11 2 1 1 0 0 0 0 0 0 0 0 0 0 0
"120" 120 0.784688995215 173 157 98 18 13 8 8 7 6 5 4 2 1 0 0 0 0 0 0 0
"121" 121 0.114832535885 108 97 54 38 35 35 34 28 20 17 14 8 4 3 3 1 1 0 0 0
"122" 122 0.269230769231 450 44 4 1 1 0 0 0 0 0 0 0 0 0 0 0 0 0 0 0
"123" 123 0.0229357798165 250 103 69 19 18 17 16 7 1 0 0 0 0 0 0 0 0 0 0 0
"124" 124 0.398009950249 335 90 23 17 12 9 7 4 2 1 0 0 0 0 0 0 0 0 0 0
"125" 125 0.310344827586 230 91 66 52 33 10 8 5 3 1 1 0 0 0 0 0 0 0 0 0
"126" 126 0.10447761194 214 92 65 41 40 13 10 10 7 6 1 1 0 0 0 0 0 0 0 0
"127" 127 0.125 500 0 0 0 0 0 0 0 0 0 0 0 0 0 0 0 0 0 0 0
"128" 128 0.162436548223 474 20 5 1 0 0 0 0 0 0 0 0 0 0 0 0 0 0 0 0
"129" 129 0.899371069182 393 62 43 1 1 0 0 0 0 0 0 0 0 0 0 0 0 0 0 0
"130" 130 0.290697674419 171 134 75 47 35 29 5 3 1 0 0 0 0 0 0 0 0 0 0 0
"131" 131 0.459119496855 233 94 74 57 24 6 5 5 2 0 0 0 0 0 0 0 0 0 0 0
"132" 132 0.3536121673 140 105 64 52 41 37 19 15 12 8 3 2 1 1 0 0 0 0 0 0
"133" 133 0.0 500 0 0 0 0 0 0 0 0 0 0 0 0 0 0 0 0 0 0 0
"134" 134 0.0077519379845 308 106 64 14 3 2 1 1 1 0 0 0 0 0 0 0 0 0 0 0
"135" 135 0.132450331126 152 141 49 49 38 33 18 6 6 5 2 1 0 0 0 0 0 0 0 0
"136" 136 0.00478468899522 468 14 8 3 3 2 1 1 0 0 0 0 0 0 0 0 0 0 0 0
"137" 137 0.322175732218 185 111 39 30 30 25 23 22 11 10 7 5 1 1 0 0 0 0 0 0
"138" 138 0.015503875969 357 113 19 5 3 2 1 0 0 0 0 0 0 0 0 0 0 0 0 0
"139" 139 0.125 499 1 0 0 0 0 0 0 0 0 0 0 0 0 0 0 0 0 0 0
"140" 140 0.782945736434 164 85 80 48 48 28 17 10 8 6 4 2 0 0 0 0 0 0 0 0
"141" 141 0.450777202073 213 130 77 41 18 9 5 2 2 1 1 1 0 0 0 0 0 0 0 0
"142" 142 0.182692307692 426 22 16 12 7 7 5 3 1 1 0 0 0 0 0 0 0 0 0 0
"143" 143 0.299578059072 238 136 41 28 16 15 8 6 5 2 2 1 1 1 0 0 0 0 0 0
"144" 144 0.343065693431 135 94 82 61 40 39 15 13 7 6 6 2 0 0 0 0 0 0 0 0
"145" 145 0.549668874172 385 58 15 9 9 7 5 5 4 2 1 0 0 0 0 0 0 0 0 0
"146" 146 0.109452736318 173 102 74 43 37 30 16 7 7 6 4 1 0 0 0 0 0 0 0 0
"147" 147 0.284974093264 332 92 34 12 10 7 6 4 2 1 0 0 0 0 0 0 0 0 0 0
"148" 148 0.361607142857 311 81 64 36 7 1 0 0 0 0 0 0 0 0 0 0 0 0 0 0
"149" 149 0.612440191388 360 51 18 17 14 13 11 8 5 3 0 0 0 0 0 0 0 0 0 0
"150" 150 0.09375 299 74 67 24 16 15 3 2 0 0 0 0 0 0 0 0 0 0 0 0
"151" 151 0.203980099502 204 146 137 7 3 1 1 1 0 0 0 0 0 0 0 0 0 0 0 0
"152" 152 0.494186046512 185 136 68 44 33 13 8 7 3 3 0 0 0 0 0 0 0 0 0 0
"153" 153 0.189054726368 324 93 43 25 11 1 1 1 1 0 0 0 0 0 0 0 0 0 0 0
"154" 154 0.00632911392405 336 67 37 27 23 5 5 0 0 0 0 0 0 0 0 0 0 0 0 0
"155" 155 0.255474452555 170 169 134 24 3 0 0 0 0 0 0 0 0 0 0 0 0 0 0 0
"156" 156 0.341085271318 115 111 87 83 37 26 22 11 8 0 0 0 0 0 0 0 0 0 0 0
"157" 157 0.0199004975124 480 8 4 4 3 1 0 0 0 0 0 0 0 0 0 0 0 0 0 0
"158" 158 0.00961538461538 500 0 0 0 0 0 0 0 0 0 0 0 0 0 0 0 0 0 0 0
"159" 159 0.291139240506 277 97 96 20 6 3 1 0 0 0 0 0 0 0 0 0 0 0 0 0
"160" 160 0.343065693431 238 76 39 38 32 22 13 13 10 6 5 4 3 1 0 0 0 0 0 0
"161" 161 0.0 455 39 6 0 0 0 0 0 0 0 0 0 0 0 0 0 0 0 0 0
"162" 162 0.0 443 56 1 0 0 0 0 0 0 0 0 0 0 0 0 0 0 0 0 0
"163" 163 0.348214285714 244 125 89 33 5 2 1 1 0 0 0 0 0 0 0 0 0 0 0 0
"164" 164 0.18023255814 149 75 65 54 45 31 25 14 13 11 6 4 3 2 1 1 1 0 0 0
"165" 165 0.0852713178295 483 8 7 2 0 0 0 0 0 0 0 0 0 0 0 0 0 0 0 0
"166" 166 0.403846153846 214 77 54 48 42 17 13 10 6 5 4 4 2 2 2 0 0 0 0 0
"167" 167 0.776371308017 127 98 92 53 39 34 23 17 9 8 0 0 0 0 0 0 0 0 0 0
"168" 168 0.577114427861 290 55 43 34 26 13 11 9 7 5 3 2 1 1 0 0 0 0 0 0
