"site" "RSA" "aa1" "aa2" "aa3" "aa4" "aa5" "aa6" "aa7" "aa8" "aa9" "aa10" "aa11" "aa12" "aa13" "aa14" "aa15" "aa16" "aa17" "aa18" "aa19" "aa20"
"0" 0 0.816513761468 106 102 90 45 36 24 22 18 17 16 13 9 1 1 0 0 0 0 0 0
"1" 1 0.384105960265 228 65 55 50 43 24 19 12 4 0 0 0 0 0 0 0 0 0 0 0
"2" 2 0.312820512821 154 131 64 53 34 30 10 7 6 6 3 1 1 0 0 0 0 0 0 0
"3" 3 0.0 426 61 12 1 0 0 0 0 0 0 0 0 0 0 0 0 0 0 0 0
"4" 4 0.121338912134 312 172 16 0 0 0 0 0 0 0 0 0 0 0 0 0 0 0 0 0
"5" 5 0.0 152 137 67 41 33 29 26 5 4 3 2 1 0 0 0 0 0 0 0 0
"6" 6 0.238341968912 169 118 86 42 34 18 18 10 3 2 0 0 0 0 0 0 0 0 0 0
"7" 7 0.0152284263959 454 12 12 9 8 2 2 1 0 0 0 0 0 0 0 0 0 0 0 0
"8" 8 0.0988372093023 233 163 65 19 9 5 3 1 1 1 0 0 0 0 0 0 0 0 0 0
"9" 9 0.320675105485 158 99 95 38 30 28 27 17 5 1 1 1 0 0 0 0 0 0 0 0
"10" 10 0.589743589744 302 99 40 22 20 7 5 3 2 0 0 0 0 0 0 0 0 0 0 0
"11" 11 0.576923076923 500 0 0 0 0 0 0 0 0 0 0 0 0 0 0 0 0 0 0 0
"12" 12 0.434108527132 180 115 95 60 29 11 4 3 1 1 1 0 0 0 0 0 0 0 0 0
"13" 13 0.74213836478 290 90 61 25 10 9 4 4 4 2 1 0 0 0 0 0 0 0 0 0
"14" 14 0.278606965174 411 36 18 17 5 5 5 2 1 0 0 0 0 0 0 0 0 0 0 0
"15" 15 0.269230769231 500 0 0 0 0 0 0 0 0 0 0 0 0 0 0 0 0 0 0 0
"16" 16 0.290697674419 127 120 93 71 58 9 9 5 4 3 1 0 0 0 0 0 0 0 0 0
"17" 17 0.0 246 103 96 32 13 10 0 0 0 0 0 0 0 0 0 0 0 0 0 0
"18" 18 0.354430379747 276 166 34 14 7 3 0 0 0 0 0 0 0 0 0 0 0 0 0 0
"19" 19 0.0 238 179 39 20 18 4 1 1 0 0 0 0 0 0 0 0 0 0 0 0
"20" 20 0.354430379747 246 163 65 12 6 5 3 0 0 0 0 0 0 0 0 0 0 0 0 0
"21" 21 0.0696517412935 490 7 2 1 0 0 0 0 0 0 0 0 0 0 0 0 0 0 0 0
"22" 22 0.196652719665 235 145 114 4 1 1 0 0 0 0 0 0 0 0 0 0 0 0 0 0
"23" 23 0.0984455958549 238 96 60 29 28 20 9 8 6 3 1 1 1 0 0 0 0 0 0 0
"24" 24 0.875647668394 174 134 52 36 35 20 15 10 8 7 6 3 0 0 0 0 0 0 0 0
"25" 25 0.183908045977 218 163 33 25 17 14 10 4 4 4 3 2 1 1 1 0 0 0 0 0
"26" 26 0.0 491 7 2 0 0 0 0 0 0 0 0 0 0 0 0 0 0 0 0 0
"27" 27 0.396226415094 209 121 73 38 25 16 6 4 4 2 2 0 0 0 0 0 0 0 0 0
"28" 28 0.573839662447 289 114 54 17 7 4 4 4 3 2 1 1 0 0 0 0 0 0 0 0
"29" 29 0.0 197 122 71 23 20 15 12 12 8 7 6 5 1 1 0 0 0 0 0 0
"30" 30 0.0 497 3 0 0 0 0 0 0 0 0 0 0 0 0 0 0 0 0 0 0
"31" 31 0.279069767442 254 170 38 28 7 2 1 0 0 0 0 0 0 0 0 0 0 0 0 0
"32" 32 0.0 251 161 54 26 4 3 1 0 0 0 0 0 0 0 0 0 0 0 0 0
"33" 33 0.0 389 43 35 27 4 1 1 0 0 0 0 0 0 0 0 0 0 0 0 0
"34" 34 0.0912408759124 443 28 23 2 1 1 1 1 0 0 0 0 0 0 0 0 0 0 0 0
"35" 35 0.031007751938 221 126 80 28 10 10 7 5 4 3 3 2 1 0 0 0 0 0 0 0
"36" 36 0.00497512437811 500 0 0 0 0 0 0 0 0 0 0 0 0 0 0 0 0 0 0 0
"37" 37 0.0126582278481 355 114 17 7 4 3 0 0 0 0 0 0 0 0 0 0 0 0 0 0
"38" 38 0.302325581395 221 132 63 50 18 13 2 1 0 0 0 0 0 0 0 0 0 0 0 0
"39" 39 0.278846153846 500 0 0 0 0 0 0 0 0 0 0 0 0 0 0 0 0 0 0 0
"40" 40 0.589285714286 275 90 58 57 15 2 1 1 1 0 0 0 0 0 0 0 0 0 0 0
"41" 41 0.485232067511 404 43 31 8 5 4 4 1 0 0 0 0 0 0 0 0 0 0 0 0
"42" 42 0.701923076923 500 0 0 0 0 0 0 0 0 0 0 0 0 0 0 0 0 0 0 0
"43" 43 0.238493723849 484 15 1 0 0 0 0 0 0 0 0 0 0 0 0 0 0 0 0 0
"44" 44 0.105769230769 500 0 0 0 0 0 0 0 0 0 0 0 0 0 0 0 0 0 0 0
"45" 45 0.0 387 84 21 5 3 0 0 0 0 0 0 0 0 0 0 0 0 0 0 0
"46" 46 0.511627906977 226 126 70 42 21 13 2 0 0 0 0 0 0 0 0 0 0 0 0 0
"47" 47 0.336538461538 500 0 0 0 0 0 0 0 0 0 0 0 0 0 0 0 0 0 0 0
"48" 48 0.046357615894 383 99 18 0 0 0 0 0 0 0 0 0 0 0 0 0 0 0 0 0
"49" 49 0.191387559809 182 103 50 48 35 34 20 8 8 4 4 3 1 0 0 0 0 0 0 0
"50" 50 0.0 338 143 7 5 4 2 1 0 0 0 0 0 0 0 0 0 0 0 0 0
"51" 51 0.11961722488 263 156 81 0 0 0 0 0 0 0 0 0 0 0 0 0 0 0 0 0
"52" 52 0.361313868613 394 67 11 10 8 4 3 2 1 0 0 0 0 0 0 0 0 0 0 0
"53" 53 0.00574712643678 387 111 2 0 0 0 0 0 0 0 0 0 0 0 0 0 0 0 0 0
"54" 54 0.121827411168 337 92 57 5 4 2 1 1 1 0 0 0 0 0 0 0 0 0 0 0
"55" 55 0.301886792453 500 0 0 0 0 0 0 0 0 0 0 0 0 0 0 0 0 0 0 0
"56" 56 0.663212435233 370 128 2 0 0 0 0 0 0 0 0 0 0 0 0 0 0 0 0 0
"57" 57 0.192468619247 329 70 59 34 4 2 1 1 0 0 0 0 0 0 0 0 0 0 0 0
"58" 58 0.0137614678899 330 124 30 12 1 1 1 1 0 0 0 0 0 0 0 0 0 0 0 0
"59" 59 0.0 417 33 26 15 3 3 2 1 0 0 0 0 0 0 0 0 0 0 0 0
"60" 60 0.139013452915 297 46 41 34 32 27 14 5 1 1 1 1 0 0 0 0 0 0 0 0
"61" 61 0.0 476 22 2 0 0 0 0 0 0 0 0 0 0 0 0 0 0 0 0 0
"62" 62 0.0 500 0 0 0 0 0 0 0 0 0 0 0 0 0 0 0 0 0 0 0
"63" 63 0.0103626943005 500 0 0 0 0 0 0 0 0 0 0 0 0 0 0 0 0 0 0 0
"64" 64 0.188284518828 443 56 1 0 0 0 0 0 0 0 0 0 0 0 0 0 0 0 0 0
"65" 65 0.488372093023 266 212 16 5 1 0 0 0 0 0 0 0 0 0 0 0 0 0 0 0
"66" 66 0.364341085271 226 97 94 53 10 7 5 2 2 2 1 1 0 0 0 0 0 0 0 0
"67" 67 0.201923076923 201 150 82 67 0 0 0 0 0 0 0 0 0 0 0 0 0 0 0 0
"68" 68 0.502564102564 356 74 46 8 4 4 3 1 1 1 1 1 0 0 0 0 0 0 0 0
"69" 69 0.298076923077 500 0 0 0 0 0 0 0 0 0 0 0 0 0 0 0 0 0 0 0
"70" 70 0.651162790698 142 126 86 51 44 34 5 4 4 1 1 1 1 0 0 0 0 0 0 0
"71" 71 0.173076923077 500 0 0 0 0 0 0 0 0 0 0 0 0 0 0 0 0 0 0 0
"72" 72 0.182692307692 500 0 0 0 0 0 0 0 0 0 0 0 0 0 0 0 0 0 0 0
"73" 73 0.35864978903 266 185 21 12 11 3 1 1 0 0 0 0 0 0 0 0 0 0 0 0
"74" 74 0.0198675496689 500 0 0 0 0 0 0 0 0 0 0 0 0 0 0 0 0 0 0 0
"75" 75 0.203045685279 369 79 44 7 1 0 0 0 0 0 0 0 0 0 0 0 0 0 0 0
"76" 76 0.406844106464 157 130 56 56 51 20 10 6 5 5 2 1 1 0 0 0 0 0 0 0
"77" 77 0.355769230769 500 0 0 0 0 0 0 0 0 0 0 0 0 0 0 0 0 0 0 0
"78" 78 0.573643410853 170 155 69 32 23 21 12 4 4 3 3 2 1 1 0 0 0 0 0 0
"79" 79 0.514767932489 350 49 39 23 10 9 8 7 4 1 0 0 0 0 0 0 0 0 0 0
"80" 80 0.100418410042 264 92 57 39 20 9 7 7 2 1 1 1 0 0 0 0 0 0 0 0
"81" 81 0.449612403101 262 118 42 37 17 13 9 1 1 0 0 0 0 0 0 0 0 0 0 0
"82" 82 0.124352331606 248 142 68 28 9 2 1 1 1 0 0 0 0 0 0 0 0 0 0 0
"83" 83 0.236607142857 330 98 26 19 10 8 4 4 1 0 0 0 0 0 0 0 0 0 0 0
"84" 84 0.235897435897 335 91 42 23 5 3 1 0 0 0 0 0 0 0 0 0 0 0 0 0
"85" 85 0.334728033473 310 174 13 2 1 0 0 0 0 0 0 0 0 0 0 0 0 0 0 0
"86" 86 0.587443946188 291 54 38 31 23 22 19 6 6 3 3 2 1 1 0 0 0 0 0 0
"87" 87 0.218905472637 451 33 4 4 2 2 2 1 1 0 0 0 0 0 0 0 0 0 0 0
"88" 88 0.552742616034 247 147 78 7 5 5 3 3 3 2 0 0 0 0 0 0 0 0 0 0
"89" 89 0.0 496 3 1 0 0 0 0 0 0 0 0 0 0 0 0 0 0 0 0 0
"90" 90 0.420512820513 485 12 1 1 1 0 0 0 0 0 0 0 0 0 0 0 0 0 0 0
"91" 91 0.324894514768 263 104 63 56 8 3 2 1 0 0 0 0 0 0 0 0 0 0 0 0
"92" 92 0.37106918239 318 71 53 48 5 4 1 0 0 0 0 0 0 0 0 0 0 0 0 0
"93" 93 0.0192307692308 500 0 0 0 0 0 0 0 0 0 0 0 0 0 0 0 0 0 0 0
"94" 94 0.0199004975124 484 9 7 0 0 0 0 0 0 0 0 0 0 0 0 0 0 0 0 0
"95" 95 0.0 277 193 11 7 6 2 2 1 1 0 0 0 0 0 0 0 0 0 0 0
"96" 96 0.0 493 4 1 1 1 0 0 0 0 0 0 0 0 0 0 0 0 0 0 0
"97" 97 0.0 256 114 96 20 9 3 1 1 0 0 0 0 0 0 0 0 0 0 0 0
"98" 98 0.062015503876 363 58 24 23 12 12 6 1 1 0 0 0 0 0 0 0 0 0 0 0
"99" 99 0.225641025641 473 15 9 2 1 0 0 0 0 0 0 0 0 0 0 0 0 0 0 0
"100" 100 0.635658914729 310 74 38 30 22 11 8 4 1 1 1 0 0 0 0 0 0 0 0 0
"101" 101 0.240384615385 500 0 0 0 0 0 0 0 0 0 0 0 0 0 0 0 0 0 0 0
"102" 102 0.654088050314 335 141 14 7 2 1 0 0 0 0 0 0 0 0 0 0 0 0 0 0
"103" 103 0.476923076923 499 1 0 0 0 0 0 0 0 0 0 0 0 0 0 0 0 0 0 0
"104" 104 0.156976744186 391 47 42 6 5 2 2 2 1 1 1 0 0 0 0 0 0 0 0 0
"105" 105 0.0 238 88 82 58 15 8 6 3 1 1 0 0 0 0 0 0 0 0 0 0
"106" 106 0.0961538461538 359 54 53 31 1 1 1 0 0 0 0 0 0 0 0 0 0 0 0 0
"107" 107 0.00662251655629 498 2 0 0 0 0 0 0 0 0 0 0 0 0 0 0 0 0 0 0
"108" 108 0.103139013453 138 82 72 58 43 27 20 19 17 10 9 3 2 0 0 0 0 0 0 0
"109" 109 0.0 400 71 29 0 0 0 0 0 0 0 0 0 0 0 0 0 0 0 0 0
"110" 110 0.0209205020921 317 165 15 2 1 0 0 0 0 0 0 0 0 0 0 0 0 0 0 0
"111" 111 0.0 321 79 48 21 14 13 1 1 1 1 0 0 0 0 0 0 0 0 0 0
"112" 112 0.0 457 36 4 2 1 0 0 0 0 0 0 0 0 0 0 0 0 0 0 0
"113" 113 0.0988372093023 435 61 4 0 0 0 0 0 0 0 0 0 0 0 0 0 0 0 0 0
"114" 114 0.252873563218 314 150 23 6 6 1 0 0 0 0 0 0 0 0 0 0 0 0 0 0
"115" 115 0.390804597701 367 112 9 6 2 2 1 1 0 0 0 0 0 0 0 0 0 0 0 0
"116" 116 0.0 420 26 23 10 9 7 3 2 0 0 0 0 0 0 0 0 0 0 0 0
"117" 117 0.403973509934 332 56 44 41 24 1 1 1 0 0 0 0 0 0 0 0 0 0 0 0
"118" 118 0.535460992908 176 115 90 76 26 6 4 3 2 2 0 0 0 0 0 0 0 0 0 0
"119" 119 0.089552238806 308 131 28 17 16 0 0 0 0 0 0 0 0 0 0 0 0 0 0 0
"120" 120 0.238341968912 481 14 3 2 0 0 0 0 0 0 0 0 0 0 0 0 0 0 0 0
"121" 121 0.413461538462 500 0 0 0 0 0 0 0 0 0 0 0 0 0 0 0 0 0 0 0
"122" 122 0.540084388186 294 95 90 15 3 2 1 0 0 0 0 0 0 0 0 0 0 0 0 0
"123" 123 0.157894736842 500 0 0 0 0 0 0 0 0 0 0 0 0 0 0 0 0 0 0 0
"124" 124 0.0 294 128 69 9 0 0 0 0 0 0 0 0 0 0 0 0 0 0 0 0
"125" 125 0.0172413793103 343 143 8 3 3 0 0 0 0 0 0 0 0 0 0 0 0 0 0 0
"126" 126 0.0 441 46 5 5 3 0 0 0 0 0 0 0 0 0 0 0 0 0 0 0
"127" 127 0.0 500 0 0 0 0 0 0 0 0 0 0 0 0 0 0 0 0 0 0 0
"128" 128 0.205357142857 169 150 85 64 17 15 0 0 0 0 0 0 0 0 0 0 0 0 0 0
"129" 129 0.0862068965517 173 124 97 90 6 6 3 1 0 0 0 0 0 0 0 0 0 0 0 0
"130" 130 0.380710659898 209 171 83 16 10 6 4 1 0 0 0 0 0 0 0 0 0 0 0 0
"131" 131 0.481865284974 200 109 76 35 32 21 17 10 0 0 0 0 0 0 0 0 0 0 0 0
"132" 132 0.0288461538462 500 0 0 0 0 0 0 0 0 0 0 0 0 0 0 0 0 0 0 0
"133" 133 0.238532110092 153 121 86 44 29 19 15 10 7 7 6 1 1 1 0 0 0 0 0 0
"134" 134 0.625641025641 220 119 104 27 10 10 6 2 1 1 0 0 0 0 0 0 0 0 0 0
"135" 135 0.0287356321839 487 6 5 1 1 0 0 0 0 0 0 0 0 0 0 0 0 0 0 0
"136" 136 0.0 258 115 50 19 17 12 10 8 5 4 1 1 0 0 0 0 0 0 0 0
"137" 137 0.544303797468 116 111 59 51 42 34 29 27 25 3 2 1 0 0 0 0 0 0 0 0
"138" 138 0.255813953488 220 83 83 44 23 22 9 7 6 2 1 0 0 0 0 0 0 0 0 0
"139" 139 0.0 449 17 15 13 3 1 1 1 0 0 0 0 0 0 0 0 0 0 0 0
"140" 140 0.129464285714 493 6 1 0 0 0 0 0 0 0 0 0 0 0 0 0 0 0 0 0
"141" 141 0.488372093023 187 177 112 9 4 4 2 2 2 1 0 0 0 0 0 0 0 0 0 0
"142" 142 0.138392857143 135 106 71 38 36 35 35 18 16 6 3 1 0 0 0 0 0 0 0 0
"143" 143 0.0192307692308 500 0 0 0 0 0 0 0 0 0 0 0 0 0 0 0 0 0 0 0
"144" 144 0.165562913907 486 9 5 0 0 0 0 0 0 0 0 0 0 0 0 0 0 0 0 0
"145" 145 0.721153846154 283 138 58 17 4 0 0 0 0 0 0 0 0 0 0 0 0 0 0 0
"146" 146 0.562913907285 448 35 6 5 4 1 1 0 0 0 0 0 0 0 0 0 0 0 0 0
"147" 147 0.0192307692308 500 0 0 0 0 0 0 0 0 0 0 0 0 0 0 0 0 0 0 0
"148" 148 0.64135021097 331 56 49 42 18 2 2 0 0 0 0 0 0 0 0 0 0 0 0 0
"149" 149 0.188679245283 355 119 12 10 3 1 0 0 0 0 0 0 0 0 0 0 0 0 0 0
"150" 150 0.700729927007 428 50 10 7 3 1 1 0 0 0 0 0 0 0 0 0 0 0 0 0
"151" 151 0.0993377483444 180 115 112 32 18 14 14 10 2 2 1 0 0 0 0 0 0 0 0 0
"152" 152 0.368613138686 208 89 63 32 29 26 16 13 10 8 5 1 0 0 0 0 0 0 0 0
"153" 153 0.0 347 101 33 6 4 4 3 1 1 0 0 0 0 0 0 0 0 0 0 0
"154" 154 0.236607142857 257 87 73 53 18 7 3 2 0 0 0 0 0 0 0 0 0 0 0 0
"155" 155 0.0 471 11 11 3 3 1 0 0 0 0 0 0 0 0 0 0 0 0 0 0
"156" 156 0.356589147287 217 59 57 56 37 27 14 12 8 5 5 2 1 0 0 0 0 0 0 0
"157" 157 0.523206751055 234 179 37 19 17 8 2 1 1 1 1 0 0 0 0 0 0 0 0 0
"158" 158 0.107594936709 500 0 0 0 0 0 0 0 0 0 0 0 0 0 0 0 0 0 0 0
"159" 159 0.0769230769231 500 0 0 0 0 0 0 0 0 0 0 0 0 0 0 0 0 0 0 0
"160" 160 0.367816091954 252 233 5 5 2 1 1 1 0 0 0 0 0 0 0 0 0 0 0 0
"161" 161 0.645569620253 192 166 62 35 12 10 9 6 4 2 1 1 0 0 0 0 0 0 0 0
