"site" "RSA" "aa1" "aa2" "aa3" "aa4" "aa5" "aa6" "aa7" "aa8" "aa9" "aa10" "aa11" "aa12" "aa13" "aa14" "aa15" "aa16" "aa17" "aa18" "aa19" "aa20"
"0" 0 0.529801324503 313 170 6 5 4 1 1 0 0 0 0 0 0 0 0 0 0 0 0 0
"1" 1 0.147208121827 258 227 9 3 2 1 0 0 0 0 0 0 0 0 0 0 0 0 0 0
"2" 2 0.290697674419 338 64 20 14 11 11 10 10 8 6 5 2 1 0 0 0 0 0 0 0
"3" 3 0.464135021097 140 111 68 65 31 29 19 17 11 4 1 1 1 1 1 0 0 0 0 0
"4" 4 0.0 227 224 26 17 4 2 0 0 0 0 0 0 0 0 0 0 0 0 0 0
"5" 5 0.428571428571 479 10 6 5 0 0 0 0 0 0 0 0 0 0 0 0 0 0 0 0
"6" 6 0.0199004975124 500 0 0 0 0 0 0 0 0 0 0 0 0 0 0 0 0 0 0 0
"7" 7 0.518134715026 403 73 13 4 3 3 1 0 0 0 0 0 0 0 0 0 0 0 0 0
"8" 8 0.653846153846 491 9 0 0 0 0 0 0 0 0 0 0 0 0 0 0 0 0 0 0
"9" 9 0.213197969543 458 41 1 0 0 0 0 0 0 0 0 0 0 0 0 0 0 0 0 0
"10" 10 0.0547263681592 480 19 1 0 0 0 0 0 0 0 0 0 0 0 0 0 0 0 0 0
"11" 11 0.452830188679 498 2 0 0 0 0 0 0 0 0 0 0 0 0 0 0 0 0 0 0
"12" 12 0.378109452736 441 37 9 5 4 2 1 1 0 0 0 0 0 0 0 0 0 0 0 0
"13" 13 0.465517241379 249 105 43 40 35 22 2 1 1 1 1 0 0 0 0 0 0 0 0 0
"14" 14 0.325581395349 303 91 65 16 13 10 1 1 0 0 0 0 0 0 0 0 0 0 0 0
"15" 15 0.321167883212 209 119 48 32 30 18 11 9 9 6 2 2 2 2 1 0 0 0 0 0
"16" 16 0.432692307692 257 93 86 24 24 9 3 2 2 0 0 0 0 0 0 0 0 0 0 0
"17" 17 0.413502109705 267 91 57 47 21 11 2 2 1 1 0 0 0 0 0 0 0 0 0 0
"18" 18 0.137931034483 324 81 45 32 17 1 0 0 0 0 0 0 0 0 0 0 0 0 0 0
"19" 19 0.167883211679 112 98 56 51 48 35 33 24 14 10 8 4 3 2 1 1 0 0 0 0
"20" 20 0.0 237 102 88 27 19 15 4 4 2 1 1 0 0 0 0 0 0 0 0 0
"21" 21 0.131979695431 219 99 72 61 32 7 4 2 2 1 1 0 0 0 0 0 0 0 0 0
"22" 22 0.0342205323194 469 31 0 0 0 0 0 0 0 0 0 0 0 0 0 0 0 0 0 0
"23" 23 0.330357142857 193 129 87 75 6 3 3 3 1 0 0 0 0 0 0 0 0 0 0 0
"24" 24 0.166666666667 266 221 12 1 0 0 0 0 0 0 0 0 0 0 0 0 0 0 0 0
"25" 25 0.424870466321 406 54 19 17 3 1 0 0 0 0 0 0 0 0 0 0 0 0 0 0
"26" 26 0.736434108527 207 146 50 45 33 19 0 0 0 0 0 0 0 0 0 0 0 0 0 0
"27" 27 0.336538461538 261 143 75 12 7 2 0 0 0 0 0 0 0 0 0 0 0 0 0 0
"28" 28 0.104651162791 199 172 54 47 15 8 3 1 1 0 0 0 0 0 0 0 0 0 0 0
"29" 29 0.144278606965 300 127 37 19 11 4 1 1 0 0 0 0 0 0 0 0 0 0 0 0
"30" 30 0.0 469 30 1 0 0 0 0 0 0 0 0 0 0 0 0 0 0 0 0 0
"31" 31 0.100418410042 130 84 62 49 47 42 39 17 10 8 6 4 1 1 0 0 0 0 0 0
"32" 32 0.0 446 27 27 0 0 0 0 0 0 0 0 0 0 0 0 0 0 0 0 0
"33" 33 0.131782945736 243 110 68 39 19 12 3 3 2 1 0 0 0 0 0 0 0 0 0 0
"34" 34 0.0 387 113 0 0 0 0 0 0 0 0 0 0 0 0 0 0 0 0 0 0
"35" 35 0.0 500 0 0 0 0 0 0 0 0 0 0 0 0 0 0 0 0 0 0 0
"36" 36 0.0802919708029 266 106 66 52 6 2 2 0 0 0 0 0 0 0 0 0 0 0 0 0
"37" 37 0.0 194 120 66 45 30 10 9 9 9 8 0 0 0 0 0 0 0 0 0 0
"38" 38 0.112582781457 289 67 57 55 11 9 7 3 2 0 0 0 0 0 0 0 0 0 0 0
"39" 39 0.0387596899225 377 72 24 14 5 3 2 1 1 1 0 0 0 0 0 0 0 0 0 0
"40" 40 0.250950570342 467 14 12 2 2 1 1 1 0 0 0 0 0 0 0 0 0 0 0 0
"41" 41 0.678756476684 438 20 18 16 4 3 1 0 0 0 0 0 0 0 0 0 0 0 0 0
"42" 42 0.103448275862 256 125 78 33 6 1 1 0 0 0 0 0 0 0 0 0 0 0 0 0
"43" 43 0.284263959391 302 140 23 16 4 4 4 3 3 1 0 0 0 0 0 0 0 0 0 0
"44" 44 0.0275229357798 222 130 106 38 1 1 1 1 0 0 0 0 0 0 0 0 0 0 0 0
"45" 45 0.517857142857 312 80 31 30 27 19 1 0 0 0 0 0 0 0 0 0 0 0 0 0
"46" 46 0.164102564103 173 60 59 57 47 35 22 21 13 13 0 0 0 0 0 0 0 0 0 0
"47" 47 0.0331125827815 417 46 35 2 0 0 0 0 0 0 0 0 0 0 0 0 0 0 0 0
"48" 48 0.0 389 60 17 15 13 4 1 1 0 0 0 0 0 0 0 0 0 0 0 0
"49" 49 0.194968553459 180 152 66 44 30 22 5 1 0 0 0 0 0 0 0 0 0 0 0 0
"50" 50 0.245535714286 213 126 118 25 17 1 0 0 0 0 0 0 0 0 0 0 0 0 0 0
"51" 51 0.0 173 137 64 52 28 11 9 8 8 4 2 2 2 0 0 0 0 0 0 0
"52" 52 0.00961538461538 500 0 0 0 0 0 0 0 0 0 0 0 0 0 0 0 0 0 0 0
"53" 53 0.0913705583756 209 151 82 33 22 2 1 0 0 0 0 0 0 0 0 0 0 0 0 0
"54" 54 0.00497512437811 426 58 13 2 1 0 0 0 0 0 0 0 0 0 0 0 0 0 0 0
"55" 55 0.044776119403 262 116 34 34 21 17 6 4 2 2 1 1 0 0 0 0 0 0 0 0
"56" 56 0.0523255813953 214 161 41 36 20 11 5 4 3 2 2 1 0 0 0 0 0 0 0 0
"57" 57 0.282700421941 135 117 89 43 39 34 30 6 5 1 1 0 0 0 0 0 0 0 0 0
"58" 58 0.00995024875622 497 3 0 0 0 0 0 0 0 0 0 0 0 0 0 0 0 0 0 0
"59" 59 0.0264900662252 340 85 68 5 1 1 0 0 0 0 0 0 0 0 0 0 0 0 0 0
"60" 60 0.348214285714 219 76 47 43 35 30 17 11 10 8 1 1 1 1 0 0 0 0 0 0
"61" 61 0.171548117155 480 18 2 0 0 0 0 0 0 0 0 0 0 0 0 0 0 0 0 0
"62" 62 0.0 483 14 2 1 0 0 0 0 0 0 0 0 0 0 0 0 0 0 0 0
"63" 63 0.0125523012552 277 69 56 50 39 5 2 1 1 0 0 0 0 0 0 0 0 0 0 0
"64" 64 0.683544303797 181 109 72 72 30 19 13 3 1 0 0 0 0 0 0 0 0 0 0 0
"65" 65 0.242677824268 474 7 6 6 4 2 1 0 0 0 0 0 0 0 0 0 0 0 0 0
"66" 66 0.0 388 31 30 29 11 4 3 2 1 1 0 0 0 0 0 0 0 0 0 0
"67" 67 0.397350993377 371 96 27 6 0 0 0 0 0 0 0 0 0 0 0 0 0 0 0 0
"68" 68 0.820512820513 378 49 28 19 15 9 1 1 0 0 0 0 0 0 0 0 0 0 0 0
"69" 69 0.222797927461 271 100 40 27 25 12 11 11 3 0 0 0 0 0 0 0 0 0 0 0
"70" 70 0.0747126436782 419 74 5 1 1 0 0 0 0 0 0 0 0 0 0 0 0 0 0 0
"71" 71 0.317518248175 291 73 31 27 26 19 13 11 6 2 1 0 0 0 0 0 0 0 0 0
"72" 72 0.179487179487 413 46 21 11 7 2 0 0 0 0 0 0 0 0 0 0 0 0 0 0
"73" 73 0.0287081339713 462 27 5 4 1 1 0 0 0 0 0 0 0 0 0 0 0 0 0 0
"74" 74 0.174129353234 126 100 85 78 28 23 19 11 9 8 3 3 2 2 1 1 1 0 0 0
"75" 75 0.14367816092 236 179 50 28 3 1 1 1 1 0 0 0 0 0 0 0 0 0 0 0
"76" 76 0.735751295337 206 118 115 54 6 1 0 0 0 0 0 0 0 0 0 0 0 0 0 0
"77" 77 0.335025380711 381 56 18 18 17 7 2 1 0 0 0 0 0 0 0 0 0 0 0 0
"78" 78 0.209302325581 172 89 84 54 41 40 7 5 3 2 2 1 0 0 0 0 0 0 0 0
"79" 79 0.811320754717 384 94 15 7 0 0 0 0 0 0 0 0 0 0 0 0 0 0 0 0
"80" 80 0.875 500 0 0 0 0 0 0 0 0 0 0 0 0 0 0 0 0 0 0 0
"81" 81 0.455696202532 426 35 18 6 6 6 3 0 0 0 0 0 0 0 0 0 0 0 0 0
"82" 82 0.412790697674 494 3 1 1 1 0 0 0 0 0 0 0 0 0 0 0 0 0 0 0
"83" 83 0.126903553299 190 91 72 56 36 19 10 9 8 4 3 2 0 0 0 0 0 0 0 0
"84" 84 0.0585774058577 499 1 0 0 0 0 0 0 0 0 0 0 0 0 0 0 0 0 0 0
"85" 85 0.533678756477 483 10 4 2 1 0 0 0 0 0 0 0 0 0 0 0 0 0 0 0
"86" 86 0.307984790875 247 151 63 27 8 2 1 1 0 0 0 0 0 0 0 0 0 0 0 0
"87" 87 0.0746268656716 496 2 1 1 0 0 0 0 0 0 0 0 0 0 0 0 0 0 0 0
"88" 88 0.314465408805 323 121 25 8 7 5 5 4 1 1 0 0 0 0 0 0 0 0 0 0
"89" 89 0.666666666667 290 140 45 10 8 5 1 1 0 0 0 0 0 0 0 0 0 0 0 0
"90" 90 0.409282700422 184 175 50 41 17 11 10 9 3 0 0 0 0 0 0 0 0 0 0 0
"91" 91 0.0 498 1 1 0 0 0 0 0 0 0 0 0 0 0 0 0 0 0 0 0
"92" 92 0.324503311258 306 183 7 3 1 0 0 0 0 0 0 0 0 0 0 0 0 0 0 0
"93" 93 0.370535714286 215 201 38 16 15 11 3 1 0 0 0 0 0 0 0 0 0 0 0 0
"94" 94 0.641509433962 240 144 96 15 3 1 1 0 0 0 0 0 0 0 0 0 0 0 0 0
"95" 95 0.57805907173 342 149 8 1 0 0 0 0 0 0 0 0 0 0 0 0 0 0 0 0
"96" 96 0.0570342205323 492 7 1 0 0 0 0 0 0 0 0 0 0 0 0 0 0 0 0 0
"97" 97 0.291139240506 395 81 18 5 1 0 0 0 0 0 0 0 0 0 0 0 0 0 0 0
"98" 98 0.540697674419 334 74 27 25 24 13 3 0 0 0 0 0 0 0 0 0 0 0 0 0
"99" 99 0.0986547085202 237 136 124 2 1 0 0 0 0 0 0 0 0 0 0 0 0 0 0 0
"100" 100 0.00497512437811 476 24 0 0 0 0 0 0 0 0 0 0 0 0 0 0 0 0 0 0
"101" 101 0.392857142857 400 72 12 10 2 2 2 0 0 0 0 0 0 0 0 0 0 0 0 0
"102" 102 0.455958549223 334 150 11 3 1 1 0 0 0 0 0 0 0 0 0 0 0 0 0 0
"103" 103 0.0255474452555 238 200 50 10 1 1 0 0 0 0 0 0 0 0 0 0 0 0 0 0
"104" 104 0.0860927152318 414 84 1 1 0 0 0 0 0 0 0 0 0 0 0 0 0 0 0 0
"105" 105 0.119402985075 171 82 54 53 42 19 17 14 14 10 10 7 6 1 0 0 0 0 0 0
"106" 106 0.044776119403 269 183 33 12 2 1 0 0 0 0 0 0 0 0 0 0 0 0 0 0
"107" 107 0.00574712643678 266 83 77 23 18 12 7 7 3 2 1 1 0 0 0 0 0 0 0 0
"108" 108 0.368421052632 153 119 82 46 42 32 20 6 0 0 0 0 0 0 0 0 0 0 0 0
"109" 109 0.299578059072 219 144 91 18 8 7 6 3 2 2 0 0 0 0 0 0 0 0 0 0
"110" 110 0.248803827751 392 67 37 3 1 0 0 0 0 0 0 0 0 0 0 0 0 0 0 0
"111" 111 0.438818565401 94 75 66 59 54 50 34 23 17 15 13 0 0 0 0 0 0 0 0 0
"112" 112 0.572139303483 126 87 81 76 66 53 2 2 2 1 1 1 1 1 0 0 0 0 0 0
"113" 113 0.010152284264 440 36 9 6 4 3 1 1 0 0 0 0 0 0 0 0 0 0 0 0
"114" 114 0.490566037736 316 136 29 9 3 3 2 2 0 0 0 0 0 0 0 0 0 0 0 0
"115" 115 0.00497512437811 398 32 31 26 7 3 3 0 0 0 0 0 0 0 0 0 0 0 0 0
"116" 116 0.169642857143 210 82 80 54 27 12 10 8 7 3 3 2 1 1 0 0 0 0 0 0
"117" 117 0.0 239 105 56 37 29 17 8 6 2 1 0 0 0 0 0 0 0 0 0 0
"118" 118 0.10152284264 184 179 59 56 8 4 4 3 1 1 1 0 0 0 0 0 0 0 0 0
"119" 119 0.0 422 78 0 0 0 0 0 0 0 0 0 0 0 0 0 0 0 0 0 0
"120" 120 0.0255474452555 199 128 100 33 18 12 8 2 0 0 0 0 0 0 0 0 0 0 0 0
"121" 121 0.0 252 168 40 20 7 6 3 2 1 1 0 0 0 0 0 0 0 0 0 0
"122" 122 0.00380228136882 307 81 50 39 15 3 2 2 1 0 0 0 0 0 0 0 0 0 0 0
"123" 123 0.0 170 70 68 67 57 48 17 1 1 1 0 0 0 0 0 0 0 0 0 0
"124" 124 0.0755813953488 287 70 70 47 17 9 0 0 0 0 0 0 0 0 0 0 0 0 0 0
"125" 125 0.201923076923 500 0 0 0 0 0 0 0 0 0 0 0 0 0 0 0 0 0 0 0
"126" 126 0.331125827815 234 75 60 51 33 21 14 7 5 0 0 0 0 0 0 0 0 0 0 0
"127" 127 0.0 276 152 47 24 1 0 0 0 0 0 0 0 0 0 0 0 0 0 0 0
"128" 128 0.13475177305 282 107 50 41 8 6 2 1 1 1 1 0 0 0 0 0 0 0 0 0
"129" 129 0.485232067511 200 133 70 47 18 16 10 4 1 1 0 0 0 0 0 0 0 0 0 0
"130" 130 0.183035714286 500 0 0 0 0 0 0 0 0 0 0 0 0 0 0 0 0 0 0 0
"131" 131 0.0836501901141 490 5 4 1 0 0 0 0 0 0 0 0 0 0 0 0 0 0 0 0
"132" 132 0.471264367816 129 119 93 52 51 30 10 8 6 2 0 0 0 0 0 0 0 0 0 0
"133" 133 0.729957805907 203 176 76 11 11 8 7 4 4 0 0 0 0 0 0 0 0 0 0 0
"134" 134 0.552325581395 237 165 33 31 16 6 6 2 2 1 1 0 0 0 0 0 0 0 0 0
"135" 135 0.269230769231 451 18 17 12 2 0 0 0 0 0 0 0 0 0 0 0 0 0 0 0
"136" 136 0.168604651163 390 66 19 18 5 1 1 0 0 0 0 0 0 0 0 0 0 0 0 0
"137" 137 0.0 179 177 69 65 3 2 2 1 1 1 0 0 0 0 0 0 0 0 0 0
"138" 138 0.0382775119617 457 33 4 3 3 0 0 0 0 0 0 0 0 0 0 0 0 0 0 0
"139" 139 0.519230769231 454 45 1 0 0 0 0 0 0 0 0 0 0 0 0 0 0 0 0 0
"140" 140 0.268656716418 454 20 14 4 3 2 2 1 0 0 0 0 0 0 0 0 0 0 0 0
"141" 141 0.835443037975 158 151 139 30 7 6 5 2 2 0 0 0 0 0 0 0 0 0 0 0
"142" 142 0.161434977578 287 110 55 38 4 2 2 1 1 0 0 0 0 0 0 0 0 0 0 0
"143" 143 0.396226415094 201 195 41 25 19 11 4 3 1 0 0 0 0 0 0 0 0 0 0 0
"144" 144 0.883408071749 324 121 41 5 2 2 2 2 1 0 0 0 0 0 0 0 0 0 0 0
"145" 145 0.423076923077 500 0 0 0 0 0 0 0 0 0 0 0 0 0 0 0 0 0 0 0
"146" 146 0.0597014925373 170 169 49 37 19 18 12 9 8 4 3 2 0 0 0 0 0 0 0 0
"147" 147 0.506329113924 307 167 15 10 1 0 0 0 0 0 0 0 0 0 0 0 0 0 0 0
"148" 148 0.223214285714 294 60 48 47 21 8 6 6 5 3 1 1 0 0 0 0 0 0 0 0
"149" 149 0.0 468 14 6 6 2 2 1 1 0 0 0 0 0 0 0 0 0 0 0 0
"150" 150 0.286995515695 169 87 79 58 57 23 14 8 5 0 0 0 0 0 0 0 0 0 0 0
"151" 151 0.325892857143 266 109 90 17 10 2 2 2 1 1 0 0 0 0 0 0 0 0 0 0
"152" 152 0.0209205020921 226 128 87 51 3 2 1 1 1 0 0 0 0 0 0 0 0 0 0 0
"153" 153 0.610062893082 237 207 37 16 2 1 0 0 0 0 0 0 0 0 0 0 0 0 0 0
"154" 154 0.625 351 75 40 11 10 6 4 2 1 0 0 0 0 0 0 0 0 0 0 0
"155" 155 0.0880503144654 342 127 21 10 0 0 0 0 0 0 0 0 0 0 0 0 0 0 0 0
"156" 156 0.187817258883 154 134 94 48 43 17 8 1 1 0 0 0 0 0 0 0 0 0 0 0
"157" 157 0.0627615062762 276 83 68 39 28 3 2 1 0 0 0 0 0 0 0 0 0 0 0 0
"158" 158 0.0 499 1 0 0 0 0 0 0 0 0 0 0 0 0 0 0 0 0 0 0
"159" 159 0.0 203 116 71 46 37 18 6 2 1 0 0 0 0 0 0 0 0 0 0 0
"160" 160 0.00662251655629 202 151 56 48 17 12 7 4 2 1 0 0 0 0 0 0 0 0 0 0
"161" 161 0.18023255814 393 30 27 22 13 4 3 3 2 1 1 1 0 0 0 0 0 0 0 0
"162" 162 0.400843881857 478 11 9 1 1 0 0 0 0 0 0 0 0 0 0 0 0 0 0 0
"163" 163 0.647668393782 127 120 104 41 22 18 16 13 13 12 9 4 1 0 0 0 0 0 0 0
"164" 164 0.629464285714 302 52 41 27 23 17 9 9 9 9 1 1 0 0 0 0 0 0 0 0
"165" 165 0.328205128205 194 110 52 29 28 27 27 19 9 2 2 1 0 0 0 0 0 0 0 0
"166" 166 0.10152284264 467 16 11 2 1 1 1 1 0 0 0 0 0 0 0 0 0 0 0 0
"167" 167 0.245033112583 352 142 3 2 1 0 0 0 0 0 0 0 0 0 0 0 0 0 0 0
"168" 168 0.232704402516 206 142 109 9 9 8 6 4 2 2 2 1 0 0 0 0 0 0 0 0
"169" 169 0.519379844961 299 181 13 4 1 1 1 0 0 0 0 0 0 0 0 0 0 0 0 0
"170" 170 0.363228699552 176 135 83 41 28 17 10 3 3 2 1 1 0 0 0 0 0 0 0 0
"171" 171 0.0 425 30 27 6 6 2 1 1 1 1 0 0 0 0 0 0 0 0 0 0
"172" 172 0.131782945736 413 35 20 15 10 2 2 1 1 1 0 0 0 0 0 0 0 0 0 0
"173" 173 0.589285714286 395 50 20 16 14 2 2 1 0 0 0 0 0 0 0 0 0 0 0 0
"174" 174 0.402985074627 194 151 57 44 16 14 12 7 4 1 0 0 0 0 0 0 0 0 0 0
"175" 175 0.132183908046 162 126 79 76 32 15 9 1 0 0 0 0 0 0 0 0 0 0 0 0
"176" 176 0.298076923077 500 0 0 0 0 0 0 0 0 0 0 0 0 0 0 0 0 0 0 0
"177" 177 0.651785714286 350 64 60 12 9 2 1 1 1 0 0 0 0 0 0 0 0 0 0 0
"178" 178 0.580310880829 399 68 13 10 6 3 1 0 0 0 0 0 0 0 0 0 0 0 0 0
"179" 179 0.149253731343 386 50 50 8 4 1 1 0 0 0 0 0 0 0 0 0 0 0 0 0
"180" 180 0.0264900662252 373 77 42 5 2 1 0 0 0 0 0 0 0 0 0 0 0 0 0 0
"181" 181 0.631386861314 430 26 14 11 10 2 2 2 2 1 0 0 0 0 0 0 0 0 0 0
"182" 182 0.273722627737 369 66 38 18 5 4 0 0 0 0 0 0 0 0 0 0 0 0 0 0
"183" 183 0.0 194 160 65 45 18 7 6 3 2 0 0 0 0 0 0 0 0 0 0 0
"184" 184 0.131782945736 260 238 1 1 0 0 0 0 0 0 0 0 0 0 0 0 0 0 0 0
"185" 185 0.522321428571 186 101 87 46 39 22 14 4 1 0 0 0 0 0 0 0 0 0 0 0
"186" 186 0.149253731343 424 45 17 4 4 2 2 1 1 0 0 0 0 0 0 0 0 0 0 0
"187" 187 0.0 391 109 0 0 0 0 0 0 0 0 0 0 0 0 0 0 0 0 0 0
"188" 188 0.206896551724 248 199 41 7 3 2 0 0 0 0 0 0 0 0 0 0 0 0 0 0
"189" 189 0.485232067511 203 156 60 17 16 12 11 9 7 6 2 1 0 0 0 0 0 0 0 0
"190" 190 0.00497512437811 496 2 2 0 0 0 0 0 0 0 0 0 0 0 0 0 0 0 0 0
"191" 191 0.0 453 42 4 1 0 0 0 0 0 0 0 0 0 0 0 0 0 0 0 0
"192" 192 0.192052980132 223 129 62 48 19 8 7 2 1 1 0 0 0 0 0 0 0 0 0 0
"193" 193 0.341772151899 171 156 102 19 15 13 12 9 1 1 1 0 0 0 0 0 0 0 0 0
"194" 194 0.0 313 68 58 30 19 4 4 2 2 0 0 0 0 0 0 0 0 0 0 0
"195" 195 0.0675105485232 208 119 44 39 35 19 14 7 6 5 2 1 1 0 0 0 0 0 0 0
"196" 196 0.481865284974 176 162 85 38 28 5 3 2 1 0 0 0 0 0 0 0 0 0 0 0
"197" 197 0.167300380228 382 88 9 9 4 3 2 1 1 1 0 0 0 0 0 0 0 0 0 0
"198" 198 0.0 415 67 12 4 1 1 0 0 0 0 0 0 0 0 0 0 0 0 0 0
"199" 199 0.430379746835 266 147 42 18 16 5 3 2 1 0 0 0 0 0 0 0 0 0 0 0
"200" 200 0.544642857143 369 64 44 13 4 3 2 1 0 0 0 0 0 0 0 0 0 0 0 0
"201" 201 0.299578059072 410 65 9 7 4 2 2 1 0 0 0 0 0 0 0 0 0 0 0 0
"202" 202 0.307692307692 500 0 0 0 0 0 0 0 0 0 0 0 0 0 0 0 0 0 0 0
"203" 203 0.00507614213198 462 23 12 2 1 0 0 0 0 0 0 0 0 0 0 0 0 0 0 0
"204" 204 0.0152284263959 232 131 45 43 12 11 11 6 4 1 1 1 1 1 0 0 0 0 0 0
"205" 205 0.0 361 104 17 6 4 3 2 2 1 0 0 0 0 0 0 0 0 0 0 0
"206" 206 0.0 111 96 92 55 50 34 32 20 4 2 2 2 0 0 0 0 0 0 0 0
"207" 207 0.0569948186528 254 114 72 25 18 7 4 3 3 0 0 0 0 0 0 0 0 0 0 0
"208" 208 0.0116279069767 494 6 0 0 0 0 0 0 0 0 0 0 0 0 0 0 0 0 0 0
"209" 209 0.316455696203 148 101 79 43 41 31 27 11 6 6 4 2 1 0 0 0 0 0 0 0
"210" 210 0.00418410041841 291 125 72 11 1 0 0 0 0 0 0 0 0 0 0 0 0 0 0 0
"211" 211 0.209821428571 204 94 49 39 32 30 29 11 10 2 0 0 0 0 0 0 0 0 0 0
"212" 212 0.00418410041841 467 24 4 3 2 0 0 0 0 0 0 0 0 0 0 0 0 0 0 0
"213" 213 0.0288461538462 272 83 46 37 34 24 2 2 0 0 0 0 0 0 0 0 0 0 0 0
"214" 214 0.0761421319797 307 139 35 8 5 3 2 1 0 0 0 0 0 0 0 0 0 0 0 0
"215" 215 0.0725388601036 479 9 6 3 1 1 1 0 0 0 0 0 0 0 0 0 0 0 0 0
"216" 216 0.549107142857 161 137 79 54 38 14 9 7 1 0 0 0 0 0 0 0 0 0 0 0
"217" 217 0.751054852321 263 218 8 4 4 1 1 1 0 0 0 0 0 0 0 0 0 0 0 0
"218" 218 0.412790697674 174 94 83 47 33 27 24 7 5 5 1 0 0 0 0 0 0 0 0 0
"219" 219 0.482051282051 220 127 66 56 22 2 2 2 2 1 0 0 0 0 0 0 0 0 0 0
"220" 220 0.330357142857 115 91 80 63 50 34 22 17 10 6 5 3 3 1 0 0 0 0 0 0
"221" 221 0.0659898477157 419 34 25 13 3 3 3 0 0 0 0 0 0 0 0 0 0 0 0 0
"222" 222 0.0 298 197 2 2 1 0 0 0 0 0 0 0 0 0 0 0 0 0 0 0
"223" 223 0.0 457 42 1 0 0 0 0 0 0 0 0 0 0 0 0 0 0 0 0 0
"224" 224 0.0804597701149 319 95 67 10 7 1 1 0 0 0 0 0 0 0 0 0 0 0 0 0
"225" 225 0.165803108808 381 74 21 18 3 2 1 0 0 0 0 0 0 0 0 0 0 0 0 0
"226" 226 0.205357142857 351 41 25 15 13 13 12 8 6 6 3 3 3 1 0 0 0 0 0 0
"227" 227 0.0 390 66 14 10 10 8 1 1 0 0 0 0 0 0 0 0 0 0 0 0
"228" 228 0.0 261 65 64 53 31 20 3 2 1 0 0 0 0 0 0 0 0 0 0 0
"229" 229 0.0 496 2 2 0 0 0 0 0 0 0 0 0 0 0 0 0 0 0 0 0
"230" 230 0.0314465408805 307 118 45 15 9 3 1 1 1 0 0 0 0 0 0 0 0 0 0 0
"231" 231 0.217616580311 156 99 78 56 50 26 19 6 4 3 1 1 1 0 0 0 0 0 0 0
"232" 232 0.0927152317881 323 154 8 5 3 3 2 1 1 0 0 0 0 0 0 0 0 0 0 0
"233" 233 0.0728476821192 285 215 0 0 0 0 0 0 0 0 0 0 0 0 0 0 0 0 0 0
"234" 234 0.35401459854 158 115 61 45 36 21 20 14 13 8 6 2 1 0 0 0 0 0 0 0
"235" 235 0.00836820083682 312 130 16 13 8 7 6 3 2 1 1 1 0 0 0 0 0 0 0 0
"236" 236 0.0248226950355 280 76 46 29 20 15 10 6 5 4 4 3 1 1 0 0 0 0 0 0
"237" 237 0.369230769231 322 49 45 35 22 10 8 6 2 1 0 0 0 0 0 0 0 0 0 0
"238" 238 0.240384615385 157 109 71 42 40 22 20 17 15 6 1 0 0 0 0 0 0 0 0 0
"239" 239 0.767441860465 197 136 101 36 10 7 6 5 2 0 0 0 0 0 0 0 0 0 0 0
"240" 240 0.503311258278 162 162 42 39 35 33 17 6 2 1 1 0 0 0 0 0 0 0 0 0
"241" 241 0.25855513308 138 121 79 37 37 28 27 17 8 4 3 1 0 0 0 0 0 0 0 0
"242" 242 0.523206751055 259 67 66 55 21 20 6 6 0 0 0 0 0 0 0 0 0 0 0 0
"243" 243 0.327586206897 186 81 66 36 28 24 24 16 11 9 6 6 3 2 2 0 0 0 0 0
"244" 244 0.480769230769 500 0 0 0 0 0 0 0 0 0 0 0 0 0 0 0 0 0 0 0
"245" 245 0.339285714286 365 91 36 8 0 0 0 0 0 0 0 0 0 0 0 0 0 0 0 0
"246" 246 0.496688741722 387 45 27 15 9 4 4 3 3 2 1 0 0 0 0 0 0 0 0 0
"247" 247 0.0941704035874 234 133 54 25 24 18 6 4 1 1 0 0 0 0 0 0 0 0 0 0
"248" 248 0.564766839378 183 162 75 41 17 8 5 5 4 0 0 0 0 0 0 0 0 0 0 0
"249" 249 0.185430463576 420 78 1 1 0 0 0 0 0 0 0 0 0 0 0 0 0 0 0 0
"250" 250 0.12927756654 199 141 76 45 23 6 5 4 1 0 0 0 0 0 0 0 0 0 0 0
"251" 251 0.0155440414508 261 93 37 35 22 20 12 10 8 1 1 0 0 0 0 0 0 0 0 0
"252" 252 0.10970464135 317 40 40 22 21 19 18 11 5 3 2 1 1 0 0 0 0 0 0 0
"253" 253 0.14798206278 247 163 36 31 13 9 1 0 0 0 0 0 0 0 0 0 0 0 0 0
"254" 254 0.301255230126 159 84 67 63 38 31 15 10 9 7 3 3 3 3 3 2 0 0 0 0
"255" 255 0.0 184 151 51 45 29 15 7 5 5 3 3 2 0 0 0 0 0 0 0 0
"256" 256 0.346715328467 219 124 106 20 18 4 3 3 1 1 1 0 0 0 0 0 0 0 0 0
"257" 257 0.435233160622 224 70 51 48 41 21 17 12 7 6 2 1 0 0 0 0 0 0 0 0
"258" 258 0.216312056738 471 8 5 3 2 2 2 2 2 2 1 0 0 0 0 0 0 0 0 0
"259" 259 0.00497512437811 486 5 4 2 1 1 1 0 0 0 0 0 0 0 0 0 0 0 0 0
"260" 260 0.325581395349 429 36 22 7 3 2 1 0 0 0 0 0 0 0 0 0 0 0 0 0
"261" 261 0.596899224806 294 89 62 17 12 11 8 3 3 1 0 0 0 0 0 0 0 0 0 0
"262" 262 0.415384615385 191 144 130 11 6 6 4 3 2 1 1 1 0 0 0 0 0 0 0 0
"263" 263 0.713080168776 500 0 0 0 0 0 0 0 0 0 0 0 0 0 0 0 0 0 0 0
"264" 264 0.233830845771 436 37 14 6 5 1 1 0 0 0 0 0 0 0 0 0 0 0 0 0
"265" 265 0.338461538462 480 4 4 3 2 2 1 1 1 1 1 0 0 0 0 0 0 0 0 0
"266" 266 0.355769230769 500 0 0 0 0 0 0 0 0 0 0 0 0 0 0 0 0 0 0 0
"267" 267 0.35632183908 386 66 32 9 4 1 1 1 0 0 0 0 0 0 0 0 0 0 0 0
"268" 268 0.574358974359 235 127 34 33 24 16 12 11 5 3 0 0 0 0 0 0 0 0 0 0
"269" 269 0.432692307692 466 34 0 0 0 0 0 0 0 0 0 0 0 0 0 0 0 0 0 0
"270" 270 0.0632183908046 415 78 3 2 1 1 0 0 0 0 0 0 0 0 0 0 0 0 0 0
"271" 271 0.637130801688 264 85 36 33 23 20 14 9 5 3 3 2 2 1 0 0 0 0 0 0
"272" 272 0.0137614678899 451 17 10 5 4 4 4 1 1 1 1 1 0 0 0 0 0 0 0 0
"273" 273 0.314465408805 255 81 44 36 32 26 22 2 1 1 0 0 0 0 0 0 0 0 0 0
"274" 274 0.533632286996 327 66 57 22 14 7 4 1 1 1 0 0 0 0 0 0 0 0 0 0
"275" 275 0.642487046632 245 203 25 8 7 5 5 2 0 0 0 0 0 0 0 0 0 0 0 0
"276" 276 0.0659898477157 430 19 15 14 9 7 3 2 1 0 0 0 0 0 0 0 0 0 0 0
"277" 277 0.0229885057471 236 134 47 24 23 22 10 4 0 0 0 0 0 0 0 0 0 0 0 0
"278" 278 0.424870466321 138 104 101 55 34 32 17 9 5 5 0 0 0 0 0 0 0 0 0 0
"279" 279 0.467153284672 283 108 33 28 21 9 9 5 1 1 1 1 0 0 0 0 0 0 0 0
"280" 280 0.0 152 127 88 72 39 9 5 4 3 1 0 0 0 0 0 0 0 0 0 0
"281" 281 0.244525547445 246 89 77 52 24 8 4 0 0 0 0 0 0 0 0 0 0 0 0 0
"282" 282 0.387596899225 200 98 56 50 32 28 13 13 7 3 0 0 0 0 0 0 0 0 0 0
"283" 283 0.274261603376 265 65 51 49 28 23 14 2 2 1 0 0 0 0 0 0 0 0 0 0
"284" 284 0.00760456273764 262 105 47 24 12 9 9 9 7 5 4 3 2 1 1 0 0 0 0 0
"285" 285 0.137055837563 180 169 89 52 4 3 2 1 0 0 0 0 0 0 0 0 0 0 0 0
"286" 286 0.450892857143 114 111 101 85 71 8 7 2 1 0 0 0 0 0 0 0 0 0 0 0
"287" 287 0.0077519379845 165 163 54 45 24 16 11 8 6 5 2 1 0 0 0 0 0 0 0 0
"288" 288 0.0836501901141 467 33 0 0 0 0 0 0 0 0 0 0 0 0 0 0 0 0 0 0
"289" 289 0.191964285714 207 164 96 16 8 4 2 1 1 1 0 0 0 0 0 0 0 0 0 0
"290" 290 0.186046511628 218 123 45 40 29 21 10 8 3 2 1 0 0 0 0 0 0 0 0 0
"291" 291 0.0 489 9 1 1 0 0 0 0 0 0 0 0 0 0 0 0 0 0 0 0
"292" 292 0.104651162791 465 18 13 4 0 0 0 0 0 0 0 0 0 0 0 0 0 0 0 0
"293" 293 0.576923076923 500 0 0 0 0 0 0 0 0 0 0 0 0 0 0 0 0 0 0 0
"294" 294 0.384105960265 218 114 70 32 19 17 13 7 4 3 1 1 1 0 0 0 0 0 0 0
"295" 295 0.544303797468 294 82 44 21 15 12 11 8 5 4 3 1 0 0 0 0 0 0 0 0
"296" 296 0.145390070922 153 128 80 55 52 13 11 5 2 1 0 0 0 0 0 0 0 0 0 0
"297" 297 0.721854304636 456 36 6 1 1 0 0 0 0 0 0 0 0 0 0 0 0 0 0 0
"298" 298 0.708133971292 294 85 37 31 28 13 8 3 1 0 0 0 0 0 0 0 0 0 0 0
