"site" "RSA" "aa1" "aa2" "aa3" "aa4" "aa5" "aa6" "aa7" "aa8" "aa9" "aa10" "aa11" "aa12" "aa13" "aa14" "aa15" "aa16" "aa17" "aa18" "aa19" "aa20"
"0" 0 0.720207253886 213 164 62 26 18 10 6 1 0 0 0 0 0 0 0 0 0 0 0 0
"1" 1 0.600896860987 139 119 77 54 46 32 16 14 2 1 0 0 0 0 0 0 0 0 0 0
"2" 2 0.627906976744 142 123 112 86 10 10 7 7 2 1 0 0 0 0 0 0 0 0 0 0
"3" 3 0.562189054726 175 129 45 38 34 33 25 13 8 0 0 0 0 0 0 0 0 0 0 0
"4" 4 0.291390728477 152 123 54 48 41 34 27 17 2 1 1 0 0 0 0 0 0 0 0 0
"5" 5 0.389121338912 314 112 43 15 6 5 2 2 1 0 0 0 0 0 0 0 0 0 0 0
"6" 6 0.393034825871 186 139 48 46 36 36 4 3 1 1 0 0 0 0 0 0 0 0 0 0
"7" 7 0.548523206751 174 131 97 45 32 10 5 5 1 0 0 0 0 0 0 0 0 0 0 0
"8" 8 0.569948186528 151 122 97 62 21 20 17 5 4 1 0 0 0 0 0 0 0 0 0 0
"9" 9 0.175732217573 345 64 27 24 13 12 10 4 1 0 0 0 0 0 0 0 0 0 0 0
"10" 10 0.407960199005 206 127 62 47 26 13 12 4 1 1 1 0 0 0 0 0 0 0 0 0
"11" 11 0.410852713178 212 113 47 44 27 24 15 11 6 1 0 0 0 0 0 0 0 0 0 0
"12" 12 0.240384615385 156 124 77 56 49 12 11 6 5 4 0 0 0 0 0 0 0 0 0 0
"13" 13 0.00961538461538 287 60 51 41 20 14 13 8 2 1 1 1 1 0 0 0 0 0 0 0
"14" 14 0.373563218391 146 118 85 60 39 20 16 6 5 5 0 0 0 0 0 0 0 0 0 0
"15" 15 0.124031007752 208 95 73 65 29 13 7 5 2 1 1 1 0 0 0 0 0 0 0 0
"16" 16 0.15503875969 209 142 74 22 19 16 6 3 3 2 2 1 1 0 0 0 0 0 0 0
"17" 17 0.170542635659 499 1 0 0 0 0 0 0 0 0 0 0 0 0 0 0 0 0 0 0
"18" 18 0.340101522843 173 81 56 44 38 37 26 15 13 11 4 2 0 0 0 0 0 0 0 0
"19" 19 0.0596026490066 487 5 5 2 1 0 0 0 0 0 0 0 0 0 0 0 0 0 0 0
"20" 20 0.236286919831 434 23 11 9 7 7 5 2 1 1 0 0 0 0 0 0 0 0 0 0
"21" 21 0.267441860465 383 41 22 19 15 11 4 2 1 1 1 0 0 0 0 0 0 0 0 0
"22" 22 0.395348837209 185 124 72 58 16 14 10 9 4 4 3 1 0 0 0 0 0 0 0 0
"23" 23 0.0862068965517 145 129 83 79 63 1 0 0 0 0 0 0 0 0 0 0 0 0 0 0
"24" 24 0.0 418 57 18 4 3 0 0 0 0 0 0 0 0 0 0 0 0 0 0 0
"25" 25 0.169811320755 236 95 48 33 25 23 16 12 6 3 3 0 0 0 0 0 0 0 0 0
"26" 26 0.182741116751 102 99 90 51 30 28 25 19 19 15 11 5 3 3 0 0 0 0 0 0
"27" 27 0.116071428571 129 91 67 37 34 34 28 26 23 13 8 4 2 2 2 0 0 0 0 0
"28" 28 0.014598540146 375 62 21 19 9 9 3 2 0 0 0 0 0 0 0 0 0 0 0 0
"29" 29 0.0114942528736 255 94 68 65 6 5 4 3 0 0 0 0 0 0 0 0 0 0 0 0
"30" 30 0.0168776371308 244 128 63 26 16 9 8 3 3 0 0 0 0 0 0 0 0 0 0 0
"31" 31 0.0 165 82 80 77 39 18 18 6 5 4 4 1 1 0 0 0 0 0 0 0
"32" 32 0.00995024875622 274 110 90 18 5 1 1 1 0 0 0 0 0 0 0 0 0 0 0 0
"33" 33 0.089552238806 481 9 3 3 2 1 1 0 0 0 0 0 0 0 0 0 0 0 0 0
"34" 34 0.0 180 124 64 59 48 23 1 1 0 0 0 0 0 0 0 0 0 0 0 0
"35" 35 0.00574712643678 431 56 5 4 2 1 1 0 0 0 0 0 0 0 0 0 0 0 0 0
"36" 36 0.0493273542601 260 198 21 13 4 2 2 0 0 0 0 0 0 0 0 0 0 0 0 0
"37" 37 0.267942583732 208 58 52 44 43 36 28 22 5 2 2 0 0 0 0 0 0 0 0 0
"38" 38 0.0077519379845 185 165 54 31 31 13 11 5 3 2 0 0 0 0 0 0 0 0 0 0
"39" 39 0.0794701986755 348 85 28 23 6 5 2 1 1 1 0 0 0 0 0 0 0 0 0 0
"40" 40 0.548523206751 238 64 58 50 36 32 11 9 1 1 0 0 0 0 0 0 0 0 0 0
"41" 41 0.291479820628 297 62 47 26 16 14 13 13 4 4 1 1 1 1 0 0 0 0 0 0
"42" 42 0.0862944162437 211 152 42 35 32 12 6 3 2 2 2 1 0 0 0 0 0 0 0 0
"43" 43 0.311258278146 284 66 56 51 37 5 1 0 0 0 0 0 0 0 0 0 0 0 0 0
"44" 44 0.53488372093 177 143 122 26 15 10 2 2 1 1 1 0 0 0 0 0 0 0 0 0
"45" 45 0.714285714286 239 129 75 44 11 2 0 0 0 0 0 0 0 0 0 0 0 0 0 0
"46" 46 0.53164556962 159 133 113 46 30 6 5 3 3 2 0 0 0 0 0 0 0 0 0 0
"47" 47 0.219730941704 230 158 37 26 15 7 6 6 5 5 2 2 1 0 0 0 0 0 0 0
"48" 48 0.0380228136882 276 196 26 1 1 0 0 0 0 0 0 0 0 0 0 0 0 0 0 0
"49" 49 0.738396624473 180 107 76 54 50 26 3 2 1 1 0 0 0 0 0 0 0 0 0 0
"50" 50 0.192307692308 497 3 0 0 0 0 0 0 0 0 0 0 0 0 0 0 0 0 0 0
"51" 51 0.238578680203 206 152 43 31 26 17 13 7 3 1 1 0 0 0 0 0 0 0 0 0
"52" 52 0.675126903553 204 138 68 48 19 10 7 3 2 1 0 0 0 0 0 0 0 0 0 0
"53" 53 0.20725388601 232 103 55 52 23 20 13 2 0 0 0 0 0 0 0 0 0 0 0 0
"54" 54 0.00632911392405 335 90 71 2 1 1 0 0 0 0 0 0 0 0 0 0 0 0 0 0
"55" 55 0.293103448276 132 114 70 55 40 39 25 9 7 4 1 1 1 1 1 0 0 0 0 0
"56" 56 0.528735632184 325 90 71 5 4 3 1 1 0 0 0 0 0 0 0 0 0 0 0 0
"57" 57 0.167883211679 384 38 36 16 14 9 1 1 1 0 0 0 0 0 0 0 0 0 0 0
"58" 58 0.010152284264 242 127 40 26 20 16 10 8 5 2 1 1 1 1 0 0 0 0 0 0
"59" 59 0.232704402516 258 160 50 22 5 3 2 0 0 0 0 0 0 0 0 0 0 0 0 0
"60" 60 0.755274261603 410 25 24 23 9 5 3 1 0 0 0 0 0 0 0 0 0 0 0 0
"61" 61 0.160714285714 328 62 51 19 17 6 5 5 3 2 2 0 0 0 0 0 0 0 0 0
"62" 62 0.0762331838565 406 26 24 17 14 9 2 1 1 0 0 0 0 0 0 0 0 0 0 0
"63" 63 0.298076923077 500 0 0 0 0 0 0 0 0 0 0 0 0 0 0 0 0 0 0 0
"64" 64 0.55230125523 235 211 25 10 5 4 3 2 2 2 1 0 0 0 0 0 0 0 0 0
"65" 65 0.701492537313 246 120 39 33 33 12 12 5 0 0 0 0 0 0 0 0 0 0 0 0
"66" 66 0.0397350993377 232 181 33 26 24 4 0 0 0 0 0 0 0 0 0 0 0 0 0 0
"67" 67 0.0794979079498 132 125 104 35 34 29 11 10 9 8 1 1 1 0 0 0 0 0 0 0
"68" 68 0.269503546099 387 46 33 15 7 7 3 1 1 0 0 0 0 0 0 0 0 0 0 0
"69" 69 0.0839416058394 201 78 70 54 36 18 15 10 9 9 0 0 0 0 0 0 0 0 0 0
"70" 70 0.0865384615385 500 0 0 0 0 0 0 0 0 0 0 0 0 0 0 0 0 0 0 0
"71" 71 0.0769230769231 238 238 19 4 1 0 0 0 0 0 0 0 0 0 0 0 0 0 0 0
"72" 72 0.457711442786 168 142 70 63 38 9 5 2 1 1 1 0 0 0 0 0 0 0 0 0
"73" 73 0.0232558139535 436 48 14 2 0 0 0 0 0 0 0 0 0 0 0 0 0 0 0 0
"74" 74 0.0564102564103 154 135 93 47 26 25 12 2 2 2 1 1 0 0 0 0 0 0 0 0
"75" 75 0.212643678161 150 136 135 31 23 10 7 3 3 2 0 0 0 0 0 0 0 0 0 0
"76" 76 0.309644670051 286 83 47 39 26 7 7 3 1 1 0 0 0 0 0 0 0 0 0 0
"77" 77 0.251824817518 392 65 19 12 6 2 2 1 1 0 0 0 0 0 0 0 0 0 0 0
"78" 78 0.140684410646 457 14 10 9 5 3 1 1 0 0 0 0 0 0 0 0 0 0 0 0
"79" 79 0.305439330544 322 54 44 43 12 9 5 3 3 2 1 1 1 0 0 0 0 0 0 0
"80" 80 0.270440251572 303 92 46 23 21 7 5 2 1 0 0 0 0 0 0 0 0 0 0 0
"81" 81 0.093023255814 251 211 25 11 1 1 0 0 0 0 0 0 0 0 0 0 0 0 0 0
"82" 82 0.331838565022 256 112 58 22 21 14 5 4 3 3 2 0 0 0 0 0 0 0 0 0
"83" 83 0.410852713178 219 80 56 55 37 26 11 10 4 2 0 0 0 0 0 0 0 0 0 0
"84" 84 0.134328358209 332 67 47 32 4 4 4 4 3 3 0 0 0 0 0 0 0 0 0 0
"85" 85 0.138461538462 277 81 79 49 10 1 1 1 1 0 0 0 0 0 0 0 0 0 0 0
"86" 86 0.648535564854 147 76 75 66 38 33 21 14 13 13 2 1 1 0 0 0 0 0 0 0
"87" 87 0.46511627907 163 157 84 41 14 13 8 8 5 3 3 1 0 0 0 0 0 0 0 0
"88" 88 0.309623430962 299 80 46 31 24 8 7 3 1 1 0 0 0 0 0 0 0 0 0 0
"89" 89 0.383966244726 208 163 98 19 8 3 1 0 0 0 0 0 0 0 0 0 0 0 0 0
"90" 90 0.492227979275 268 133 38 23 22 7 4 3 2 0 0 0 0 0 0 0 0 0 0 0
"91" 91 0.523206751055 187 121 67 43 29 16 16 8 8 3 2 0 0 0 0 0 0 0 0 0
"92" 92 0.186311787072 184 158 79 57 7 6 4 3 1 1 0 0 0 0 0 0 0 0 0 0
"93" 93 0.337552742616 142 114 109 103 23 5 1 1 1 1 0 0 0 0 0 0 0 0 0 0
"94" 94 0.466367713004 337 88 32 14 11 10 6 2 0 0 0 0 0 0 0 0 0 0 0 0
"95" 95 0.578680203046 129 125 77 69 40 31 26 2 1 0 0 0 0 0 0 0 0 0 0 0
"96" 96 0.284518828452 274 196 26 2 1 1 0 0 0 0 0 0 0 0 0 0 0 0 0 0
"97" 97 0.109452736318 499 1 0 0 0 0 0 0 0 0 0 0 0 0 0 0 0 0 0 0
"98" 98 0.480769230769 497 2 1 0 0 0 0 0 0 0 0 0 0 0 0 0 0 0 0 0
"99" 99 0.846153846154 498 2 0 0 0 0 0 0 0 0 0 0 0 0 0 0 0 0 0 0
"100" 100 0.126436781609 360 136 2 1 1 0 0 0 0 0 0 0 0 0 0 0 0 0 0 0
"101" 101 0.383419689119 329 149 14 5 1 1 1 0 0 0 0 0 0 0 0 0 0 0 0 0
"102" 102 0.481751824818 434 35 17 7 4 2 1 0 0 0 0 0 0 0 0 0 0 0 0 0
"103" 103 0.602870813397 135 119 117 90 21 13 4 1 0 0 0 0 0 0 0 0 0 0 0 0
"104" 104 0.696202531646 216 148 60 45 23 5 1 1 1 0 0 0 0 0 0 0 0 0 0 0
"105" 105 0.37668161435 188 115 76 74 17 12 8 8 2 0 0 0 0 0 0 0 0 0 0 0
"106" 106 0.36820083682 171 111 78 61 40 16 15 4 2 1 1 0 0 0 0 0 0 0 0 0
"107" 107 0.663120567376 172 132 91 52 23 16 7 5 1 1 0 0 0 0 0 0 0 0 0 0
"108" 108 0.408759124088 216 129 69 48 19 9 5 5 0 0 0 0 0 0 0 0 0 0 0 0
"109" 109 0.269961977186 297 187 15 1 0 0 0 0 0 0 0 0 0 0 0 0 0 0 0 0
"110" 110 0.171548117155 306 60 50 35 22 16 8 1 1 1 0 0 0 0 0 0 0 0 0 0
"111" 111 0.418604651163 273 138 50 18 8 7 5 1 0 0 0 0 0 0 0 0 0 0 0 0
"112" 112 0.0192307692308 500 0 0 0 0 0 0 0 0 0 0 0 0 0 0 0 0 0 0 0
"113" 113 0.0923076923077 105 95 93 48 34 31 29 23 18 12 4 4 4 0 0 0 0 0 0 0
"114" 114 0.139303482587 255 65 52 39 30 27 22 3 2 2 2 1 0 0 0 0 0 0 0 0
"115" 115 0.279069767442 344 79 35 32 5 5 0 0 0 0 0 0 0 0 0 0 0 0 0 0
"116" 116 0.0132450331126 495 3 2 0 0 0 0 0 0 0 0 0 0 0 0 0 0 0 0 0
"117" 117 0.105769230769 184 93 82 81 17 14 10 7 5 3 1 1 1 1 0 0 0 0 0 0
"118" 118 0.0673076923077 242 150 50 44 8 3 2 1 0 0 0 0 0 0 0 0 0 0 0 0
"119" 119 0.162790697674 202 128 52 44 31 18 9 8 5 3 0 0 0 0 0 0 0 0 0 0
"120" 120 0.062015503876 361 96 21 10 3 3 2 2 2 0 0 0 0 0 0 0 0 0 0 0
"121" 121 0.163461538462 284 179 13 11 6 4 2 1 0 0 0 0 0 0 0 0 0 0 0 0
"122" 122 0.170542635659 172 153 70 62 14 12 5 3 3 3 1 1 1 0 0 0 0 0 0 0
"123" 123 0.116279069767 132 96 94 92 56 8 6 4 4 3 2 1 1 1 0 0 0 0 0 0
"124" 124 0.0529801324503 197 157 136 7 1 1 1 0 0 0 0 0 0 0 0 0 0 0 0 0
"125" 125 0.0696517412935 269 55 49 39 39 21 16 8 2 1 1 0 0 0 0 0 0 0 0 0
"126" 126 0.411392405063 176 141 98 30 29 16 5 3 2 0 0 0 0 0 0 0 0 0 0 0
"127" 127 0.55230125523 444 47 6 2 1 0 0 0 0 0 0 0 0 0 0 0 0 0 0 0
"128" 128 0.0172413793103 318 152 27 2 1 0 0 0 0 0 0 0 0 0 0 0 0 0 0 0
"129" 129 0.0 487 4 3 3 1 1 1 0 0 0 0 0 0 0 0 0 0 0 0 0
"130" 130 0.100628930818 452 18 12 9 3 2 2 2 0 0 0 0 0 0 0 0 0 0 0 0
"131" 131 0.129353233831 403 67 12 5 3 2 2 2 2 1 1 0 0 0 0 0 0 0 0 0
"132" 132 0.0621761658031 319 67 49 28 10 8 7 3 3 2 2 1 1 0 0 0 0 0 0 0
"133" 133 0.0 284 137 58 19 1 1 0 0 0 0 0 0 0 0 0 0 0 0 0 0
"134" 134 0.0 441 29 16 14 0 0 0 0 0 0 0 0 0 0 0 0 0 0 0 0
"135" 135 0.0109489051095 236 196 41 16 6 5 0 0 0 0 0 0 0 0 0 0 0 0 0 0
"136" 136 0.0 219 178 57 19 9 8 2 2 2 1 1 1 1 0 0 0 0 0 0 0
"137" 137 0.043795620438 251 194 30 11 9 3 2 0 0 0 0 0 0 0 0 0 0 0 0 0
"138" 138 0.0248756218905 490 6 3 1 0 0 0 0 0 0 0 0 0 0 0 0 0 0 0 0
"139" 139 0.0 260 108 66 25 20 13 3 2 2 1 0 0 0 0 0 0 0 0 0 0
"140" 140 0.015503875969 350 96 29 10 8 3 3 1 0 0 0 0 0 0 0 0 0 0 0 0
"141" 141 0.0 500 0 0 0 0 0 0 0 0 0 0 0 0 0 0 0 0 0 0 0
"142" 142 0.103448275862 190 143 126 16 9 4 3 3 2 2 1 1 0 0 0 0 0 0 0 0
"143" 143 0.0384615384615 500 0 0 0 0 0 0 0 0 0 0 0 0 0 0 0 0 0 0 0
"144" 144 0.518987341772 248 82 80 25 22 18 16 6 3 0 0 0 0 0 0 0 0 0 0 0
"145" 145 0.211538461538 190 72 65 47 43 34 20 15 6 6 1 1 0 0 0 0 0 0 0 0
"146" 146 0.658914728682 359 98 13 12 8 4 3 2 1 0 0 0 0 0 0 0 0 0 0 0
"147" 147 0.736434108527 173 172 73 45 25 9 3 0 0 0 0 0 0 0 0 0 0 0 0 0
"148" 148 0.434977578475 317 43 42 37 23 19 13 3 2 1 0 0 0 0 0 0 0 0 0 0
"149" 149 0.222627737226 235 107 53 30 26 25 17 4 3 0 0 0 0 0 0 0 0 0 0 0
"150" 150 0.151785714286 296 69 61 25 19 10 7 7 3 2 1 0 0 0 0 0 0 0 0 0
"151" 151 0.00836820083682 238 148 114 0 0 0 0 0 0 0 0 0 0 0 0 0 0 0 0 0
"152" 152 0.5 174 158 55 48 18 17 13 9 7 1 0 0 0 0 0 0 0 0 0 0
"153" 153 0.211538461538 493 5 1 1 0 0 0 0 0 0 0 0 0 0 0 0 0 0 0 0
"154" 154 0.124378109453 353 51 30 25 10 9 6 5 4 4 2 1 0 0 0 0 0 0 0 0
"155" 155 0.451923076923 201 108 90 46 28 12 10 2 2 1 0 0 0 0 0 0 0 0 0 0
"156" 156 0.292307692308 216 151 97 18 8 5 2 1 1 1 0 0 0 0 0 0 0 0 0 0
"157" 157 0.0 470 16 11 3 0 0 0 0 0 0 0 0 0 0 0 0 0 0 0 0
"158" 158 0.223350253807 220 202 22 19 17 11 6 1 1 1 0 0 0 0 0 0 0 0 0 0
"159" 159 0.406976744186 138 120 110 65 47 7 5 4 2 1 1 0 0 0 0 0 0 0 0 0
"160" 160 0.409282700422 232 107 64 42 21 13 13 4 3 1 0 0 0 0 0 0 0 0 0 0
"161" 161 0.0203045685279 151 136 80 70 49 13 1 0 0 0 0 0 0 0 0 0 0 0 0 0
"162" 162 0.44769874477 383 69 42 4 2 0 0 0 0 0 0 0 0 0 0 0 0 0 0 0
"163" 163 0.763713080169 192 158 86 27 20 10 5 1 1 0 0 0 0 0 0 0 0 0 0 0
"164" 164 0.370860927152 148 110 88 82 36 12 8 5 5 5 1 0 0 0 0 0 0 0 0 0
"165" 165 0.238341968912 176 134 98 57 30 2 1 1 1 0 0 0 0 0 0 0 0 0 0 0
"166" 166 0.230769230769 500 0 0 0 0 0 0 0 0 0 0 0 0 0 0 0 0 0 0 0
"167" 167 0.52736318408 351 75 40 30 2 1 1 0 0 0 0 0 0 0 0 0 0 0 0 0
"168" 168 0.270072992701 412 53 22 7 5 1 0 0 0 0 0 0 0 0 0 0 0 0 0 0
"169" 169 0.0192307692308 499 1 0 0 0 0 0 0 0 0 0 0 0 0 0 0 0 0 0 0
"170" 170 0.044776119403 499 1 0 0 0 0 0 0 0 0 0 0 0 0 0 0 0 0 0 0
"171" 171 0.235741444867 481 11 2 2 2 1 1 0 0 0 0 0 0 0 0 0 0 0 0 0
"172" 172 0.2466367713 230 151 36 36 30 9 5 1 1 1 0 0 0 0 0 0 0 0 0 0
"173" 173 0.0673076923077 500 0 0 0 0 0 0 0 0 0 0 0 0 0 0 0 0 0 0 0
"174" 174 0.171548117155 299 163 25 7 6 0 0 0 0 0 0 0 0 0 0 0 0 0 0 0
"175" 175 0.589743589744 158 153 120 34 18 5 4 3 3 1 1 0 0 0 0 0 0 0 0 0
"176" 176 0.0 324 58 33 31 25 16 3 3 2 2 2 1 0 0 0 0 0 0 0 0
"177" 177 0.0662251655629 248 92 43 29 24 17 12 12 8 6 6 1 1 1 0 0 0 0 0 0
"178" 178 0.155172413793 198 192 62 25 5 4 4 4 3 2 1 0 0 0 0 0 0 0 0 0
"179" 179 0.394618834081 189 131 99 48 29 4 0 0 0 0 0 0 0 0 0 0 0 0 0 0
"180" 180 0.0961538461538 205 168 91 18 6 5 5 2 0 0 0 0 0 0 0 0 0 0 0 0
"181" 181 0.248730964467 339 36 29 27 25 19 8 8 7 1 1 0 0 0 0 0 0 0 0 0
"182" 182 0.319796954315 266 173 32 19 6 3 1 0 0 0 0 0 0 0 0 0 0 0 0 0
"183" 183 0.299492385787 177 58 52 48 40 31 30 19 12 10 7 5 5 4 2 0 0 0 0 0
"184" 184 0.326996197719 294 172 17 9 5 2 1 0 0 0 0 0 0 0 0 0 0 0 0 0
"185" 185 0.200729927007 372 34 28 16 14 12 10 6 3 3 1 1 0 0 0 0 0 0 0 0
"186" 186 0.201550387597 236 149 50 21 12 12 11 8 1 0 0 0 0 0 0 0 0 0 0 0
"187" 187 0.124031007752 272 83 44 32 21 16 11 6 4 3 3 2 2 1 0 0 0 0 0 0
"188" 188 0.235741444867 236 200 45 10 3 2 2 2 0 0 0 0 0 0 0 0 0 0 0 0
"189" 189 0.326359832636 100 90 78 72 60 40 28 11 7 6 6 2 0 0 0 0 0 0 0 0
"190" 190 0.240384615385 347 67 50 19 8 4 3 1 1 0 0 0 0 0 0 0 0 0 0 0
"191" 191 0.287356321839 186 128 58 36 30 18 16 14 7 4 3 0 0 0 0 0 0 0 0 0
"192" 192 0.266159695817 375 47 37 24 8 4 4 1 0 0 0 0 0 0 0 0 0 0 0 0
"193" 193 0.305699481865 181 77 74 72 48 26 14 5 3 0 0 0 0 0 0 0 0 0 0 0
"194" 194 0.610465116279 214 105 90 40 17 13 10 9 1 1 0 0 0 0 0 0 0 0 0 0
"195" 195 0.193798449612 155 110 56 31 29 27 24 22 13 7 5 5 5 3 3 3 2 0 0 0
"196" 196 0.53164556962 199 170 36 34 23 19 10 4 2 2 1 0 0 0 0 0 0 0 0 0
"197" 197 0.605769230769 228 79 63 41 30 22 14 6 6 5 4 1 1 0 0 0 0 0 0 0
"198" 198 0.733944954128 204 110 104 43 30 4 4 1 0 0 0 0 0 0 0 0 0 0 0 0
"199" 199 0.81592039801 500 0 0 0 0 0 0 0 0 0 0 0 0 0 0 0 0 0 0 0
"200" 200 0.276729559748 104 79 74 50 38 36 29 28 15 15 14 9 5 4 0 0 0 0 0 0
"201" 201 0.621761658031 243 94 60 49 36 6 4 4 2 2 0 0 0 0 0 0 0 0 0 0
"202" 202 0.723270440252 494 6 0 0 0 0 0 0 0 0 0 0 0 0 0 0 0 0 0 0
"203" 203 0.329113924051 90 86 77 71 54 37 27 23 19 10 3 2 1 0 0 0 0 0 0 0
"204" 204 0.733333333333 271 74 30 28 28 24 19 9 8 7 2 0 0 0 0 0 0 0 0 0
"205" 205 0.350574712644 201 61 51 38 34 21 17 16 12 11 10 7 6 5 3 3 3 1 0 0
"206" 206 0.631578947368 285 140 42 9 9 4 3 3 2 2 1 0 0 0 0 0 0 0 0 0
"207" 207 0.756345177665 164 121 99 95 8 6 3 3 1 0 0 0 0 0 0 0 0 0 0 0
"208" 208 0.568527918782 206 89 77 48 35 19 9 8 7 1 1 0 0 0 0 0 0 0 0 0
"209" 209 0.270114942529 126 71 70 55 50 33 30 29 19 14 3 0 0 0 0 0 0 0 0 0
"210" 210 0.350993377483 248 51 47 36 21 19 16 16 13 9 7 6 3 3 2 2 1 0 0 0
"211" 211 0.265957446809 273 69 47 25 25 19 14 10 8 3 2 2 1 1 1 0 0 0 0 0
"212" 212 0.408256880734 220 71 56 52 43 34 15 5 3 1 0 0 0 0 0 0 0 0 0 0
"213" 213 0.238578680203 99 76 61 57 46 31 31 25 24 14 10 9 5 5 4 2 1 0 0 0
"214" 214 0.170542635659 216 89 87 58 31 6 5 5 1 1 1 0 0 0 0 0 0 0 0 0
"215" 215 0.0896860986547 159 96 68 39 33 30 17 16 13 13 7 6 1 1 1 0 0 0 0 0
"216" 216 0.488372093023 204 143 70 37 16 12 9 7 1 1 0 0 0 0 0 0 0 0 0 0
"217" 217 0.0114942528736 318 133 22 12 8 3 2 1 1 0 0 0 0 0 0 0 0 0 0 0
"218" 218 0.226744186047 154 108 83 55 48 13 12 9 7 5 3 2 1 0 0 0 0 0 0 0
"219" 219 0.193798449612 150 127 81 68 30 27 14 2 1 0 0 0 0 0 0 0 0 0 0 0
"220" 220 0.310344827586 245 132 31 21 20 16 14 9 7 4 1 0 0 0 0 0 0 0 0 0
"221" 221 0.0 500 0 0 0 0 0 0 0 0 0 0 0 0 0 0 0 0 0 0 0
"222" 222 0.115384615385 118 93 51 47 40 36 35 21 19 16 15 6 2 1 0 0 0 0 0 0
"223" 223 0.323383084577 332 39 31 29 18 17 11 8 5 4 3 2 1 0 0 0 0 0 0 0
"224" 224 0.442528735632 117 102 62 52 50 21 21 13 11 10 9 9 5 5 4 4 3 2 0 0
"225" 225 0.0927152317881 427 73 0 0 0 0 0 0 0 0 0 0 0 0 0 0 0 0 0 0
"226" 226 0.0114068441065 278 149 56 12 3 1 1 0 0 0 0 0 0 0 0 0 0 0 0 0
"227" 227 0.119496855346 266 120 71 10 10 10 9 2 1 1 0 0 0 0 0 0 0 0 0 0
"228" 228 0.171548117155 122 79 79 54 52 25 19 19 13 9 9 9 6 4 1 0 0 0 0 0
"229" 229 0.165803108808 160 109 78 38 33 18 18 15 13 12 3 1 1 1 0 0 0 0 0 0
"230" 230 0.0 375 117 7 1 0 0 0 0 0 0 0 0 0 0 0 0 0 0 0 0
"231" 231 0.0 298 75 42 21 16 12 11 10 9 5 1 0 0 0 0 0 0 0 0 0
"232" 232 0.0802919708029 282 87 65 31 20 7 3 2 2 1 0 0 0 0 0 0 0 0 0 0
"233" 233 0.0948905109489 178 89 78 44 30 27 12 10 10 8 5 4 3 2 0 0 0 0 0 0
"234" 234 0.0 262 208 17 5 5 2 1 0 0 0 0 0 0 0 0 0 0 0 0 0
"235" 235 0.0275229357798 190 132 60 44 33 18 10 8 5 0 0 0 0 0 0 0 0 0 0 0
"236" 236 0.0 276 70 47 39 21 18 13 11 3 2 0 0 0 0 0 0 0 0 0 0
"237" 237 0.0137614678899 322 65 48 44 19 2 0 0 0 0 0 0 0 0 0 0 0 0 0 0
"238" 238 0.0179372197309 405 83 7 3 1 1 0 0 0 0 0 0 0 0 0 0 0 0 0 0
"239" 239 0.0 288 204 6 2 0 0 0 0 0 0 0 0 0 0 0 0 0 0 0 0
"240" 240 0.346153846154 500 0 0 0 0 0 0 0 0 0 0 0 0 0 0 0 0 0 0 0
"241" 241 0.109489051095 266 150 63 16 3 2 0 0 0 0 0 0 0 0 0 0 0 0 0 0
"242" 242 0.430379746835 157 69 64 63 47 46 22 15 15 2 0 0 0 0 0 0 0 0 0 0
"243" 243 0.567307692308 500 0 0 0 0 0 0 0 0 0 0 0 0 0 0 0 0 0 0 0
"244" 244 0.852713178295 258 171 64 5 1 1 0 0 0 0 0 0 0 0 0 0 0 0 0 0
"245" 245 0.367875647668 165 119 116 52 24 15 6 1 1 1 0 0 0 0 0 0 0 0 0 0
"246" 246 0.370558375635 241 160 70 11 9 7 1 1 0 0 0 0 0 0 0 0 0 0 0 0
"247" 247 0.211009174312 105 93 89 81 63 29 15 10 8 2 2 1 1 1 0 0 0 0 0 0
"248" 248 0.0228136882129 403 40 30 17 6 2 1 1 0 0 0 0 0 0 0 0 0 0 0 0
"249" 249 0.709302325581 135 134 91 51 26 21 15 11 8 8 0 0 0 0 0 0 0 0 0 0
"250" 250 0.221153846154 203 169 74 49 4 1 0 0 0 0 0 0 0 0 0 0 0 0 0 0
"251" 251 0.21511627907 244 98 46 43 18 17 11 10 5 2 2 2 1 1 0 0 0 0 0 0
"252" 252 0.568965517241 359 94 16 13 7 5 2 2 2 0 0 0 0 0 0 0 0 0 0 0
"253" 253 0.165803108808 160 95 85 59 48 21 9 5 5 5 3 2 2 1 0 0 0 0 0 0
"254" 254 0.0 331 80 79 4 3 1 1 1 0 0 0 0 0 0 0 0 0 0 0 0
"255" 255 0.251773049645 166 90 80 45 37 33 24 12 10 3 0 0 0 0 0 0 0 0 0 0
"256" 256 0.529197080292 193 101 69 65 28 18 10 5 3 3 3 2 0 0 0 0 0 0 0 0
"257" 257 0.320675105485 300 87 31 27 25 20 4 3 1 1 1 0 0 0 0 0 0 0 0 0
"258" 258 0.0 352 101 13 7 7 7 3 3 3 2 1 1 0 0 0 0 0 0 0 0
"259" 259 0.294573643411 122 121 100 55 34 30 23 5 4 3 2 1 0 0 0 0 0 0 0 0
"260" 260 0.654008438819 184 168 106 22 12 4 4 0 0 0 0 0 0 0 0 0 0 0 0 0
"261" 261 0.60103626943 141 114 89 65 36 34 6 6 4 2 1 1 1 0 0 0 0 0 0 0
"262" 262 0.178571428571 312 129 42 15 1 1 0 0 0 0 0 0 0 0 0 0 0 0 0 0
"263" 263 0.201923076923 500 0 0 0 0 0 0 0 0 0 0 0 0 0 0 0 0 0 0 0
"264" 264 0.635220125786 224 76 49 41 33 25 23 18 5 4 1 1 0 0 0 0 0 0 0 0
"265" 265 0.341772151899 269 120 54 35 10 6 5 1 0 0 0 0 0 0 0 0 0 0 0 0
"266" 266 0.031007751938 269 138 78 11 4 0 0 0 0 0 0 0 0 0 0 0 0 0 0 0
"267" 267 0.0753138075314 291 140 41 13 8 3 2 2 0 0 0 0 0 0 0 0 0 0 0 0
"268" 268 0.393305439331 390 86 20 4 0 0 0 0 0 0 0 0 0 0 0 0 0 0 0 0
"269" 269 0.291139240506 291 65 58 31 26 15 9 3 1 1 0 0 0 0 0 0 0 0 0 0
"270" 270 0.0961538461538 500 0 0 0 0 0 0 0 0 0 0 0 0 0 0 0 0 0 0 0
"271" 271 0.0387596899225 372 61 30 19 5 5 3 2 2 1 0 0 0 0 0 0 0 0 0 0
"272" 272 0.570921985816 225 121 34 32 31 22 18 8 4 3 1 1 0 0 0 0 0 0 0 0
"273" 273 0.00662251655629 465 19 12 2 1 1 0 0 0 0 0 0 0 0 0 0 0 0 0 0
"274" 274 0.117948717949 107 78 67 59 52 37 21 17 16 12 9 8 7 4 3 2 1 0 0 0
"275" 275 0.0919540229885 160 112 100 82 12 12 5 4 3 3 2 2 2 1 0 0 0 0 0 0
"276" 276 0.308457711443 179 87 75 57 43 34 16 5 3 1 0 0 0 0 0 0 0 0 0 0
"277" 277 0.29197080292 99 84 77 72 64 37 16 16 11 11 4 3 3 3 0 0 0 0 0 0
"278" 278 0.125 172 130 37 34 32 29 21 17 7 6 4 3 2 2 2 2 0 0 0 0
"279" 279 0.366972477064 232 161 74 14 6 5 3 3 1 1 0 0 0 0 0 0 0 0 0 0
"280" 280 0.240384615385 178 116 92 59 25 17 6 4 1 1 1 0 0 0 0 0 0 0 0 0
"281" 281 0.105769230769 241 172 33 23 11 9 5 2 1 1 1 1 0 0 0 0 0 0 0 0
"282" 282 0.15503875969 261 60 50 39 22 20 12 11 9 6 3 3 3 1 0 0 0 0 0 0
"283" 283 0.481171548117 198 189 36 29 28 14 4 1 1 0 0 0 0 0 0 0 0 0 0 0
"284" 284 0.14367816092 115 93 70 61 60 51 19 19 7 3 1 1 0 0 0 0 0 0 0 0
"285" 285 0.313432835821 213 159 87 31 5 2 1 1 1 0 0 0 0 0 0 0 0 0 0 0
"286" 286 0.367816091954 188 112 38 34 31 31 28 22 9 2 2 1 1 1 0 0 0 0 0 0
"287" 287 0.517412935323 190 136 80 35 19 16 8 6 4 3 2 1 0 0 0 0 0 0 0 0
"288" 288 0.32319391635 210 119 63 39 23 14 13 8 4 3 3 1 0 0 0 0 0 0 0 0
"289" 289 0.626943005181 199 97 85 67 14 14 8 7 3 3 3 0 0 0 0 0 0 0 0 0
"290" 290 0.71875 215 118 32 31 20 18 17 15 11 10 9 4 0 0 0 0 0 0 0 0
"291" 291 0.659898477157 279 138 29 29 6 6 4 3 3 3 0 0 0 0 0 0 0 0 0 0
