"site" "RSA" "aa1" "aa2" "aa3" "aa4" "aa5" "aa6" "aa7" "aa8" "aa9" "aa10" "aa11" "aa12" "aa13" "aa14" "aa15" "aa16" "aa17" "aa18" "aa19" "aa20"
"0" 0 0.671794871795 232 80 62 33 30 27 17 10 6 3 0 0 0 0 0 0 0 0 0 0
"1" 1 0.154228855721 176 112 71 38 31 19 16 14 7 5 4 2 2 1 1 1 0 0 0 0
"2" 2 0.223628691983 114 101 92 48 35 30 29 13 13 11 6 4 3 1 0 0 0 0 0 0
"3" 3 0.0 303 78 55 40 6 5 5 3 2 2 1 0 0 0 0 0 0 0 0 0
"4" 4 0.00418410041841 323 45 40 37 33 11 4 2 2 2 1 0 0 0 0 0 0 0 0 0
"5" 5 0.12582781457 243 228 13 9 2 2 2 1 0 0 0 0 0 0 0 0 0 0 0 0
"6" 6 0.0149253731343 448 46 3 2 1 0 0 0 0 0 0 0 0 0 0 0 0 0 0 0
"7" 7 0.435897435897 222 121 98 30 9 4 4 3 3 2 2 1 1 0 0 0 0 0 0 0
"8" 8 0.0529801324503 496 3 1 0 0 0 0 0 0 0 0 0 0 0 0 0 0 0 0 0
"9" 9 0.0358974358974 401 68 14 13 4 0 0 0 0 0 0 0 0 0 0 0 0 0 0 0
"10" 10 0.283018867925 356 66 59 5 5 4 2 1 1 1 0 0 0 0 0 0 0 0 0 0
"11" 11 0.473214285714 392 78 19 7 1 1 1 1 0 0 0 0 0 0 0 0 0 0 0 0
"12" 12 0.0 235 82 80 30 29 28 10 5 1 0 0 0 0 0 0 0 0 0 0 0
"13" 13 0.0 334 161 3 2 0 0 0 0 0 0 0 0 0 0 0 0 0 0 0 0
"14" 14 0.316455696203 331 68 32 19 16 16 5 5 3 3 1 1 0 0 0 0 0 0 0 0
"15" 15 0.272321428571 203 165 56 39 19 8 7 2 1 0 0 0 0 0 0 0 0 0 0 0
"16" 16 0.0 445 34 8 8 2 1 1 1 0 0 0 0 0 0 0 0 0 0 0 0
"17" 17 0.0 404 48 32 5 4 3 2 1 1 0 0 0 0 0 0 0 0 0 0 0
"18" 18 0.512953367876 169 159 69 43 27 9 9 4 4 4 2 1 0 0 0 0 0 0 0 0
"19" 19 0.431472081218 187 137 93 39 37 5 1 1 0 0 0 0 0 0 0 0 0 0 0 0
"20" 20 0.195402298851 163 148 84 39 20 14 12 5 4 4 3 2 1 1 0 0 0 0 0 0
"21" 21 0.538461538462 500 0 0 0 0 0 0 0 0 0 0 0 0 0 0 0 0 0 0 0
"22" 22 0.281609195402 392 32 31 24 11 4 3 2 1 0 0 0 0 0 0 0 0 0 0 0
"23" 23 0.739910313901 291 173 28 4 2 1 1 0 0 0 0 0 0 0 0 0 0 0 0 0
"24" 24 0.228855721393 379 57 18 18 10 5 3 3 3 2 1 1 0 0 0 0 0 0 0 0
"25" 25 0.144230769231 262 129 67 23 11 6 1 1 0 0 0 0 0 0 0 0 0 0 0 0
"26" 26 0.451476793249 187 86 79 56 34 31 20 3 2 1 1 0 0 0 0 0 0 0 0 0
"27" 27 0.208860759494 234 152 52 21 15 10 8 6 2 0 0 0 0 0 0 0 0 0 0 0
"28" 28 0.205298013245 339 51 32 31 23 5 5 5 4 2 1 1 1 0 0 0 0 0 0 0
"29" 29 0.17816091954 180 121 58 29 27 17 16 12 11 10 6 6 4 2 1 0 0 0 0 0
"30" 30 0.43023255814 328 113 35 18 4 1 1 0 0 0 0 0 0 0 0 0 0 0 0 0
"31" 31 0.375912408759 175 149 53 41 15 14 13 9 8 8 6 6 2 1 0 0 0 0 0 0
"32" 32 0.410041841004 150 132 99 57 43 4 4 4 3 2 1 1 0 0 0 0 0 0 0 0
"33" 33 0.900662251656 216 145 66 58 9 5 1 0 0 0 0 0 0 0 0 0 0 0 0 0
"34" 34 0.544041450777 214 128 89 31 17 8 4 3 2 2 1 1 0 0 0 0 0 0 0 0
"35" 35 0.394230769231 202 123 48 44 39 28 10 4 1 1 0 0 0 0 0 0 0 0 0 0
"36" 36 0.544642857143 142 108 58 50 40 38 23 16 8 7 7 2 1 0 0 0 0 0 0 0
"37" 37 0.114942528736 190 132 39 34 24 17 17 14 11 11 6 2 1 1 1 0 0 0 0 0
"38" 38 0.421524663677 298 117 54 15 7 5 3 1 0 0 0 0 0 0 0 0 0 0 0 0
"39" 39 0.0761421319797 284 186 13 6 5 2 2 1 1 0 0 0 0 0 0 0 0 0 0 0
"40" 40 0.405128205128 497 1 1 1 0 0 0 0 0 0 0 0 0 0 0 0 0 0 0 0
"41" 41 0.167512690355 303 79 42 22 17 10 10 6 5 4 1 1 0 0 0 0 0 0 0 0
"42" 42 0.473214285714 187 92 69 43 42 39 16 7 2 1 1 1 0 0 0 0 0 0 0 0
"43" 43 0.325892857143 185 148 61 33 29 16 15 7 5 1 0 0 0 0 0 0 0 0 0 0
"44" 44 0.622516556291 131 119 73 61 37 32 23 13 11 0 0 0 0 0 0 0 0 0 0 0
"45" 45 0.0152284263959 227 106 54 49 15 12 12 12 8 2 2 1 0 0 0 0 0 0 0 0
"46" 46 0.649635036496 222 132 48 39 27 12 9 4 3 2 1 1 0 0 0 0 0 0 0 0
"47" 47 0.317307692308 479 21 0 0 0 0 0 0 0 0 0 0 0 0 0 0 0 0 0 0
"48" 48 0.0189873417722 245 90 70 35 21 18 14 3 2 1 1 0 0 0 0 0 0 0 0 0
"49" 49 0.108808290155 168 106 44 33 32 30 24 24 16 11 10 2 0 0 0 0 0 0 0 0
"50" 50 0.0 341 90 23 14 8 7 6 5 2 2 2 0 0 0 0 0 0 0 0 0
"51" 51 0.0228136882129 333 104 27 19 10 4 1 1 1 0 0 0 0 0 0 0 0 0 0 0
"52" 52 0.0 331 112 39 8 7 2 1 0 0 0 0 0 0 0 0 0 0 0 0 0
"53" 53 0.0152284263959 381 95 13 8 2 1 0 0 0 0 0 0 0 0 0 0 0 0 0 0
"54" 54 0.00448430493274 437 17 15 11 8 7 3 2 0 0 0 0 0 0 0 0 0 0 0 0
"55" 55 0.00662251655629 499 1 0 0 0 0 0 0 0 0 0 0 0 0 0 0 0 0 0 0
"56" 56 0.0 475 17 3 2 1 1 1 0 0 0 0 0 0 0 0 0 0 0 0 0
"57" 57 0.0529801324503 426 32 18 7 5 5 4 2 1 0 0 0 0 0 0 0 0 0 0 0
"58" 58 0.730569948187 219 133 52 41 32 12 6 3 1 1 0 0 0 0 0 0 0 0 0 0
"59" 59 0.364779874214 236 154 40 36 21 10 2 1 0 0 0 0 0 0 0 0 0 0 0 0
"60" 60 0.195402298851 336 58 38 33 15 12 5 3 0 0 0 0 0 0 0 0 0 0 0 0
"61" 61 0.507692307692 334 131 13 10 6 2 2 1 1 0 0 0 0 0 0 0 0 0 0 0
"62" 62 0.352678571429 205 181 42 33 28 7 4 0 0 0 0 0 0 0 0 0 0 0 0 0
"63" 63 0.0909090909091 376 91 19 13 1 0 0 0 0 0 0 0 0 0 0 0 0 0 0 0
"64" 64 0.0812182741117 229 100 97 32 17 10 5 4 4 1 1 0 0 0 0 0 0 0 0 0
"65" 65 0.435779816514 193 119 99 52 25 3 2 2 2 1 1 1 0 0 0 0 0 0 0 0
"66" 66 0.00892857142857 127 113 107 45 26 25 19 18 17 2 1 0 0 0 0 0 0 0 0 0
"67" 67 0.0 293 101 64 29 10 2 1 0 0 0 0 0 0 0 0 0 0 0 0 0
"68" 68 0.109452736318 157 109 65 60 36 19 16 16 11 6 3 1 1 0 0 0 0 0 0 0
"69" 69 0.263959390863 227 109 73 41 20 11 10 3 3 1 1 1 0 0 0 0 0 0 0 0
"70" 70 0.0 335 56 42 13 13 9 7 6 6 6 3 2 1 1 0 0 0 0 0 0
"71" 71 0.0 183 137 65 55 33 22 3 2 0 0 0 0 0 0 0 0 0 0 0 0
"72" 72 0.284974093264 211 118 86 73 11 1 0 0 0 0 0 0 0 0 0 0 0 0 0 0
"73" 73 0.193798449612 177 91 89 58 36 18 12 9 5 3 1 1 0 0 0 0 0 0 0 0
"74" 74 0.0 214 98 48 37 36 24 20 12 7 2 1 1 0 0 0 0 0 0 0 0
"75" 75 0.400843881857 337 52 52 28 22 6 2 1 0 0 0 0 0 0 0 0 0 0 0 0
"76" 76 0.624087591241 179 142 57 47 40 16 8 4 3 2 2 0 0 0 0 0 0 0 0 0
"77" 77 0.31007751938 216 82 78 61 33 9 8 6 4 2 1 0 0 0 0 0 0 0 0 0
"78" 78 0.364238410596 257 240 1 1 1 0 0 0 0 0 0 0 0 0 0 0 0 0 0 0
"79" 79 0.139534883721 401 97 1 1 0 0 0 0 0 0 0 0 0 0 0 0 0 0 0 0
"80" 80 0.590717299578 347 115 20 10 5 2 1 0 0 0 0 0 0 0 0 0 0 0 0 0
"81" 81 0.145348837209 223 161 43 31 26 10 2 2 1 1 0 0 0 0 0 0 0 0 0 0
"82" 82 0.0304568527919 379 68 38 10 3 2 0 0 0 0 0 0 0 0 0 0 0 0 0 0
"83" 83 0.0153846153846 143 135 111 67 11 9 8 5 4 4 2 1 0 0 0 0 0 0 0 0
"84" 84 0.0 262 101 81 17 15 9 5 4 2 2 1 1 0 0 0 0 0 0 0 0
"85" 85 0.00574712643678 229 141 96 10 7 7 4 2 2 2 0 0 0 0 0 0 0 0 0 0
"86" 86 0.0 422 54 11 7 3 2 1 0 0 0 0 0 0 0 0 0 0 0 0 0
"87" 87 0.0062893081761 114 112 108 75 60 12 7 7 2 2 1 0 0 0 0 0 0 0 0 0
"88" 88 0.0380228136882 221 131 97 29 17 4 1 0 0 0 0 0 0 0 0 0 0 0 0 0
"89" 89 0.0190114068441 448 24 23 2 2 1 0 0 0 0 0 0 0 0 0 0 0 0 0 0
"90" 90 0.00961538461538 500 0 0 0 0 0 0 0 0 0 0 0 0 0 0 0 0 0 0 0
"91" 91 0.300380228137 175 103 91 42 31 25 21 5 4 3 0 0 0 0 0 0 0 0 0 0
"92" 92 0.0232558139535 212 120 115 43 7 3 0 0 0 0 0 0 0 0 0 0 0 0 0 0
"93" 93 0.372262773723 170 140 58 40 23 20 19 19 6 4 1 0 0 0 0 0 0 0 0 0
"94" 94 0.233183856502 291 98 30 24 16 15 12 10 2 1 1 0 0 0 0 0 0 0 0 0
"95" 95 0.160621761658 221 90 84 64 15 14 7 3 1 1 0 0 0 0 0 0 0 0 0 0
"96" 96 0.656934306569 168 124 64 42 33 31 21 7 4 3 1 1 1 0 0 0 0 0 0 0
"97" 97 0.607594936709 346 101 23 9 6 5 5 3 2 0 0 0 0 0 0 0 0 0 0 0
"98" 98 0.880794701987 294 157 18 12 8 7 4 0 0 0 0 0 0 0 0 0 0 0 0 0
"99" 99 0.839416058394 246 222 18 12 2 0 0 0 0 0 0 0 0 0 0 0 0 0 0 0
"100" 100 0.441964285714 346 106 37 6 2 1 1 1 0 0 0 0 0 0 0 0 0 0 0 0
"101" 101 0.534591194969 312 167 10 4 2 2 1 1 1 0 0 0 0 0 0 0 0 0 0 0
"102" 102 0.319796954315 312 99 67 7 6 5 1 1 1 1 0 0 0 0 0 0 0 0 0 0
"103" 103 0.156976744186 149 143 99 80 10 8 6 2 1 1 1 0 0 0 0 0 0 0 0 0
"104" 104 0.0 484 9 6 1 0 0 0 0 0 0 0 0 0 0 0 0 0 0 0 0
"105" 105 0.316455696203 355 97 33 7 5 2 1 0 0 0 0 0 0 0 0 0 0 0 0 0
"106" 106 0.492537313433 209 85 54 46 37 23 21 20 3 1 1 0 0 0 0 0 0 0 0 0
"107" 107 0.0167364016736 218 148 118 4 4 2 2 2 2 0 0 0 0 0 0 0 0 0 0 0
"108" 108 0.0 492 3 2 1 1 1 0 0 0 0 0 0 0 0 0 0 0 0 0 0
"109" 109 0.323076923077 323 79 45 30 7 5 5 3 1 1 1 0 0 0 0 0 0 0 0 0
"110" 110 0.338308457711 233 81 59 45 27 22 21 7 4 1 0 0 0 0 0 0 0 0 0 0
"111" 111 0.0 195 155 110 16 10 7 2 2 1 1 1 0 0 0 0 0 0 0 0 0
"112" 112 0.209821428571 378 65 28 27 2 0 0 0 0 0 0 0 0 0 0 0 0 0 0 0
"113" 113 0.668604651163 206 155 36 35 33 18 15 2 0 0 0 0 0 0 0 0 0 0 0 0
"114" 114 0.108527131783 478 16 6 0 0 0 0 0 0 0 0 0 0 0 0 0 0 0 0 0
"115" 115 0.182692307692 500 0 0 0 0 0 0 0 0 0 0 0 0 0 0 0 0 0 0 0
"116" 116 0.077519379845 424 26 25 15 7 1 1 1 0 0 0 0 0 0 0 0 0 0 0 0
"117" 117 0.296511627907 308 164 24 4 0 0 0 0 0 0 0 0 0 0 0 0 0 0 0 0
"118" 118 0.222627737226 429 34 17 14 6 0 0 0 0 0 0 0 0 0 0 0 0 0 0 0
"119" 119 0.0 475 8 8 3 3 2 1 0 0 0 0 0 0 0 0 0 0 0 0 0
"120" 120 0.00507614213198 271 120 64 35 6 4 0 0 0 0 0 0 0 0 0 0 0 0 0 0
"121" 121 0.0 235 198 64 3 0 0 0 0 0 0 0 0 0 0 0 0 0 0 0 0
"122" 122 0.00497512437811 302 45 44 33 23 18 15 10 4 4 1 1 0 0 0 0 0 0 0 0
"123" 123 0.0621761658031 329 112 50 7 1 1 0 0 0 0 0 0 0 0 0 0 0 0 0 0
"124" 124 0.0248756218905 498 1 1 0 0 0 0 0 0 0 0 0 0 0 0 0 0 0 0 0
"125" 125 0.311004784689 203 86 48 45 27 25 22 13 12 10 5 3 1 0 0 0 0 0 0 0
"126" 126 0.046511627907 354 59 50 15 6 4 4 3 2 1 1 1 0 0 0 0 0 0 0 0
"127" 127 0.465408805031 198 176 94 12 9 8 2 1 0 0 0 0 0 0 0 0 0 0 0 0
"128" 128 0.587443946188 163 111 98 62 32 14 12 6 1 1 0 0 0 0 0 0 0 0 0 0
"129" 129 0.0 496 3 1 0 0 0 0 0 0 0 0 0 0 0 0 0 0 0 0 0
"130" 130 0.322869955157 221 119 72 33 20 15 10 5 2 2 1 0 0 0 0 0 0 0 0 0
"131" 131 0.567307692308 287 89 62 56 6 0 0 0 0 0 0 0 0 0 0 0 0 0 0 0
"132" 132 0.196652719665 304 191 2 2 1 0 0 0 0 0 0 0 0 0 0 0 0 0 0 0
"133" 133 0.0418410041841 422 66 6 3 2 1 0 0 0 0 0 0 0 0 0 0 0 0 0 0
"134" 134 0.777202072539 330 106 19 17 12 9 3 2 1 1 0 0 0 0 0 0 0 0 0 0
"135" 135 0.162436548223 158 92 68 66 35 24 15 14 10 10 5 1 1 1 0 0 0 0 0 0
"136" 136 0.421383647799 255 173 54 11 5 2 0 0 0 0 0 0 0 0 0 0 0 0 0 0
"137" 137 0.116751269036 307 63 48 42 33 4 2 1 0 0 0 0 0 0 0 0 0 0 0 0
"138" 138 0.238341968912 327 53 40 26 23 13 8 4 3 2 1 0 0 0 0 0 0 0 0 0
"139" 139 0.157894736842 499 1 0 0 0 0 0 0 0 0 0 0 0 0 0 0 0 0 0 0
"140" 140 0.0 325 55 31 26 15 10 9 8 6 5 5 5 0 0 0 0 0 0 0 0
"141" 141 0.298165137615 183 82 78 51 40 30 15 9 5 4 2 1 0 0 0 0 0 0 0 0
"142" 142 0.0 136 122 102 78 23 16 9 6 4 3 1 0 0 0 0 0 0 0 0 0
"143" 143 0.0632183908046 162 129 73 60 32 21 11 4 3 2 1 1 1 0 0 0 0 0 0 0
"144" 144 0.314465408805 252 106 43 31 29 23 9 4 1 1 1 0 0 0 0 0 0 0 0 0
"145" 145 0.218274111675 174 107 47 43 36 31 20 19 9 9 3 2 0 0 0 0 0 0 0 0
"146" 146 0.00497512437811 276 116 54 26 7 7 7 4 2 1 0 0 0 0 0 0 0 0 0 0
"147" 147 0.0 312 142 14 13 10 5 1 1 1 1 0 0 0 0 0 0 0 0 0 0
"148" 148 0.584821428571 158 151 98 59 14 8 6 2 2 1 1 0 0 0 0 0 0 0 0 0
"149" 149 0.148288973384 145 79 45 43 36 34 32 25 18 18 9 6 4 3 2 1 0 0 0 0
"150" 150 0.00418410041841 375 96 14 12 2 1 0 0 0 0 0 0 0 0 0 0 0 0 0 0
"151" 151 0.392857142857 269 84 83 38 15 4 4 1 1 1 0 0 0 0 0 0 0 0 0 0
"152" 152 0.490384615385 173 149 78 27 22 18 14 6 5 4 2 2 0 0 0 0 0 0 0 0
"153" 153 0.35864978903 103 84 74 72 58 47 17 12 9 8 6 5 2 2 1 0 0 0 0 0
"154" 154 0.723076923077 471 13 12 2 2 0 0 0 0 0 0 0 0 0 0 0 0 0 0 0
"155" 155 0.179104477612 440 11 10 9 8 5 5 4 2 2 1 1 1 1 0 0 0 0 0 0
"156" 156 0.65625 133 124 114 78 15 13 11 5 3 3 1 0 0 0 0 0 0 0 0 0
"157" 157 0.414507772021 326 59 50 16 15 11 6 5 4 3 3 2 0 0 0 0 0 0 0 0
"158" 158 0.116751269036 303 53 52 44 25 18 3 2 0 0 0 0 0 0 0 0 0 0 0 0
"159" 159 0.00574712643678 187 184 61 56 8 2 1 1 0 0 0 0 0 0 0 0 0 0 0 0
"160" 160 0.0 448 25 13 10 3 1 0 0 0 0 0 0 0 0 0 0 0 0 0 0
"161" 161 0.00574712643678 220 98 45 38 27 22 20 15 6 4 2 2 1 0 0 0 0 0 0 0
"162" 162 0.00662251655629 494 3 3 0 0 0 0 0 0 0 0 0 0 0 0 0 0 0 0 0
"163" 163 0.0125786163522 295 126 41 16 9 7 3 1 1 1 0 0 0 0 0 0 0 0 0 0
"164" 164 0.290155440415 284 89 81 17 12 4 3 3 3 2 2 0 0 0 0 0 0 0 0 0
"165" 165 0.521531100478 364 35 33 22 11 10 6 5 5 4 3 2 0 0 0 0 0 0 0 0
"166" 166 0.576923076923 194 77 76 40 31 22 17 15 9 6 5 4 3 1 0 0 0 0 0 0
"167" 167 0.0 149 123 106 54 35 17 7 5 2 1 1 0 0 0 0 0 0 0 0 0
"168" 168 0.304597701149 346 42 42 21 18 15 15 1 0 0 0 0 0 0 0 0 0 0 0 0
"169" 169 0.575581395349 379 44 33 22 7 4 2 2 2 2 2 1 0 0 0 0 0 0 0 0
"170" 170 0.138686131387 144 115 82 51 35 21 17 12 10 4 2 2 2 2 1 0 0 0 0 0
"171" 171 0.0077519379845 496 4 0 0 0 0 0 0 0 0 0 0 0 0 0 0 0 0 0 0
"172" 172 0.554744525547 166 129 120 57 8 8 6 4 1 1 0 0 0 0 0 0 0 0 0 0
"173" 173 0.443037974684 236 184 45 11 11 4 3 3 1 1 1 0 0 0 0 0 0 0 0 0
"174" 174 0.0 429 36 12 6 6 5 4 1 1 0 0 0 0 0 0 0 0 0 0 0
"175" 175 0.031007751938 498 1 1 0 0 0 0 0 0 0 0 0 0 0 0 0 0 0 0 0
"176" 176 0.466321243523 128 77 69 62 50 35 29 19 16 8 3 2 1 1 0 0 0 0 0 0
"177" 177 0.273722627737 107 96 56 47 37 35 31 27 18 14 7 6 5 5 5 3 1 0 0 0
"178" 178 0.124378109453 425 40 23 5 4 2 1 0 0 0 0 0 0 0 0 0 0 0 0 0
"179" 179 0.742616033755 492 7 1 0 0 0 0 0 0 0 0 0 0 0 0 0 0 0 0 0
"180" 180 0.139534883721 269 79 59 58 21 12 2 0 0 0 0 0 0 0 0 0 0 0 0 0
"181" 181 0.440251572327 173 163 73 57 21 11 2 0 0 0 0 0 0 0 0 0 0 0 0 0
"182" 182 0.365482233503 440 26 14 8 5 4 2 1 0 0 0 0 0 0 0 0 0 0 0 0
"183" 183 0.0232558139535 360 135 2 2 1 0 0 0 0 0 0 0 0 0 0 0 0 0 0 0
"184" 184 0.197969543147 242 214 23 7 5 2 2 2 2 1 0 0 0 0 0 0 0 0 0 0
"185" 185 0.00507614213198 307 78 25 25 18 18 15 5 5 2 1 1 0 0 0 0 0 0 0 0
"186" 186 0.150259067358 439 47 9 2 1 1 1 0 0 0 0 0 0 0 0 0 0 0 0 0
"187" 187 0.544303797468 480 7 6 4 1 1 1 0 0 0 0 0 0 0 0 0 0 0 0 0
"188" 188 0.810218978102 292 69 57 42 20 11 8 1 0 0 0 0 0 0 0 0 0 0 0 0
"189" 189 0.371559633028 237 190 32 14 7 5 4 4 3 3 1 0 0 0 0 0 0 0 0 0
"190" 190 0.512820512821 179 175 81 28 14 11 10 1 1 0 0 0 0 0 0 0 0 0 0 0
"191" 191 0.197969543147 197 53 51 48 48 47 30 11 5 5 2 2 1 0 0 0 0 0 0 0
"192" 192 0.419540229885 425 29 25 17 1 1 1 1 0 0 0 0 0 0 0 0 0 0 0 0
"193" 193 0.423076923077 500 0 0 0 0 0 0 0 0 0 0 0 0 0 0 0 0 0 0 0
"194" 194 0.574358974359 191 108 93 28 21 15 12 11 7 6 5 3 0 0 0 0 0 0 0 0
"195" 195 0.0406091370558 165 163 63 51 37 11 9 1 0 0 0 0 0 0 0 0 0 0 0 0
"196" 196 0.647321428571 305 77 30 29 17 13 13 8 3 3 1 1 0 0 0 0 0 0 0 0
"197" 197 0.346153846154 408 84 5 2 1 0 0 0 0 0 0 0 0 0 0 0 0 0 0 0
"198" 198 0.130801687764 187 124 91 48 23 10 7 6 1 1 1 1 0 0 0 0 0 0 0 0
"199" 199 0.0 249 236 6 2 2 1 1 1 1 1 0 0 0 0 0 0 0 0 0 0
"200" 200 0.0 147 127 115 65 17 10 7 7 4 1 0 0 0 0 0 0 0 0 0 0
"201" 201 0.0 437 25 16 10 7 4 1 0 0 0 0 0 0 0 0 0 0 0 0 0
"202" 202 0.0 297 74 60 37 22 4 2 1 1 1 1 0 0 0 0 0 0 0 0 0
"203" 203 0.00507614213198 385 32 28 20 18 13 3 1 0 0 0 0 0 0 0 0 0 0 0 0
"204" 204 0.113989637306 425 49 13 13 0 0 0 0 0 0 0 0 0 0 0 0 0 0 0 0
"205" 205 0.020725388601 289 81 44 23 14 14 13 7 6 2 2 2 2 1 0 0 0 0 0 0
"206" 206 0.0609137055838 179 104 47 44 32 30 30 15 10 6 1 1 1 0 0 0 0 0 0 0
"207" 207 0.0253807106599 213 190 83 13 1 0 0 0 0 0 0 0 0 0 0 0 0 0 0 0
"208" 208 0.227979274611 162 130 108 45 23 9 8 7 4 2 1 1 0 0 0 0 0 0 0 0
"209" 209 0.31976744186 173 84 76 64 25 22 16 14 12 6 5 2 1 0 0 0 0 0 0 0
"210" 210 0.031007751938 392 50 39 8 7 3 1 0 0 0 0 0 0 0 0 0 0 0 0 0
"211" 211 0.134615384615 162 156 70 48 21 17 13 4 4 2 2 1 0 0 0 0 0 0 0 0
"212" 212 0.441860465116 133 110 75 55 42 30 28 18 4 2 2 1 0 0 0 0 0 0 0 0
"213" 213 0.0253807106599 386 55 26 10 8 6 4 3 1 1 0 0 0 0 0 0 0 0 0 0
"214" 214 0.0348837209302 283 63 53 31 30 12 11 6 6 3 1 1 0 0 0 0 0 0 0 0
"215" 215 0.547263681592 254 119 40 35 27 11 4 4 3 2 1 0 0 0 0 0 0 0 0 0
"216" 216 0.0 284 101 76 29 6 3 1 0 0 0 0 0 0 0 0 0 0 0 0 0
"217" 217 0.0 210 180 78 19 9 3 1 0 0 0 0 0 0 0 0 0 0 0 0 0
"218" 218 0.379487179487 157 110 90 73 22 18 7 7 6 5 2 1 1 1 0 0 0 0 0 0
"219" 219 0.15503875969 167 76 63 46 35 32 30 20 12 10 3 2 2 1 1 0 0 0 0 0
"220" 220 0.00497512437811 301 129 32 22 6 5 2 1 1 1 0 0 0 0 0 0 0 0 0 0
"221" 221 0.379310344828 110 94 92 53 29 26 23 18 14 13 10 7 6 3 1 1 0 0 0 0
"222" 222 0.723214285714 136 112 94 72 25 16 15 10 10 9 1 0 0 0 0 0 0 0 0 0
"223" 223 0.394871794872 189 148 50 22 15 15 15 14 13 11 5 2 1 0 0 0 0 0 0 0
"224" 224 0.326923076923 319 181 0 0 0 0 0 0 0 0 0 0 0 0 0 0 0 0 0 0
"225" 225 0.108527131783 258 236 2 2 1 1 0 0 0 0 0 0 0 0 0 0 0 0 0 0
"226" 226 0.409282700422 241 152 35 33 22 7 4 3 1 1 1 0 0 0 0 0 0 0 0 0
"227" 227 0.214285714286 385 28 26 23 15 12 6 3 2 0 0 0 0 0 0 0 0 0 0 0
"228" 228 0.0172413793103 205 171 93 13 9 5 3 1 0 0 0 0 0 0 0 0 0 0 0 0
"229" 229 0.0342205323194 302 190 8 0 0 0 0 0 0 0 0 0 0 0 0 0 0 0 0 0
"230" 230 0.0 398 100 1 1 0 0 0 0 0 0 0 0 0 0 0 0 0 0 0 0
"231" 231 0.0 425 59 15 1 0 0 0 0 0 0 0 0 0 0 0 0 0 0 0 0
"232" 232 0.00632911392405 428 48 20 4 0 0 0 0 0 0 0 0 0 0 0 0 0 0 0 0
"233" 233 0.0116279069767 225 164 95 12 3 1 0 0 0 0 0 0 0 0 0 0 0 0 0 0
"234" 234 0.0143540669856 500 0 0 0 0 0 0 0 0 0 0 0 0 0 0 0 0 0 0 0
"235" 235 0.0188679245283 329 95 46 15 5 4 3 2 1 0 0 0 0 0 0 0 0 0 0 0
"236" 236 0.218390804598 122 74 74 53 38 32 21 19 17 14 12 10 5 4 3 1 1 0 0 0
"237" 237 0.0547263681592 463 8 7 6 6 5 2 2 1 0 0 0 0 0 0 0 0 0 0 0
"238" 238 0.304635761589 142 135 63 44 39 35 19 10 10 1 1 1 0 0 0 0 0 0 0 0
"239" 239 0.519230769231 500 0 0 0 0 0 0 0 0 0 0 0 0 0 0 0 0 0 0 0
"240" 240 0.314465408805 205 89 63 55 44 23 15 4 2 0 0 0 0 0 0 0 0 0 0 0
"241" 241 0.0 389 111 0 0 0 0 0 0 0 0 0 0 0 0 0 0 0 0 0 0
"242" 242 0.0172413793103 235 85 54 40 34 24 8 5 5 5 2 2 1 0 0 0 0 0 0 0
"243" 243 0.388392857143 126 95 75 59 47 46 22 13 12 4 1 0 0 0 0 0 0 0 0 0
"244" 244 0.386861313869 117 97 96 87 55 18 14 12 2 1 1 0 0 0 0 0 0 0 0 0
"245" 245 0.0152284263959 392 47 17 17 11 8 3 3 1 1 0 0 0 0 0 0 0 0 0 0
"246" 246 0.169230769231 178 145 50 46 19 16 15 9 9 7 3 3 0 0 0 0 0 0 0 0
"247" 247 0.707692307692 108 108 103 87 35 17 16 13 6 4 3 0 0 0 0 0 0 0 0 0
"248" 248 0.0662251655629 499 1 0 0 0 0 0 0 0 0 0 0 0 0 0 0 0 0 0 0
"249" 249 0.273255813953 166 123 94 33 18 16 13 12 8 7 3 2 2 1 1 1 0 0 0 0
"250" 250 0.010152284264 386 59 30 8 8 3 3 2 1 0 0 0 0 0 0 0 0 0 0 0
"251" 251 0.476793248945 317 87 71 15 5 2 1 1 1 0 0 0 0 0 0 0 0 0 0 0
"252" 252 0.147321428571 389 78 20 6 5 1 1 0 0 0 0 0 0 0 0 0 0 0 0 0
"253" 253 0.0 419 22 11 10 9 8 8 5 4 2 1 1 0 0 0 0 0 0 0 0
"254" 254 0.0 231 133 77 21 9 9 7 5 4 2 1 1 0 0 0 0 0 0 0 0
"255" 255 0.00574712643678 364 51 44 9 9 8 6 3 3 1 1 1 0 0 0 0 0 0 0 0
"256" 256 0.00581395348837 241 114 112 21 6 3 2 1 0 0 0 0 0 0 0 0 0 0 0 0
"257" 257 0.107692307692 310 163 6 5 4 4 3 3 1 1 0 0 0 0 0 0 0 0 0 0
"258" 258 0.0 324 127 36 9 2 2 0 0 0 0 0 0 0 0 0 0 0 0 0 0
"259" 259 0.0558375634518 301 138 42 8 7 2 1 1 0 0 0 0 0 0 0 0 0 0 0 0
"260" 260 0.261603375527 422 16 15 14 13 7 6 4 3 0 0 0 0 0 0 0 0 0 0 0
"261" 261 0.199004975124 277 61 59 30 30 20 6 3 3 3 3 3 2 0 0 0 0 0 0 0
"262" 262 0.245283018868 363 33 30 27 16 11 8 5 4 2 1 0 0 0 0 0 0 0 0 0
"263" 263 0.732142857143 221 127 63 24 22 18 13 8 2 1 1 0 0 0 0 0 0 0 0 0
"264" 264 0.6875 280 53 48 31 20 20 14 11 10 9 2 1 1 0 0 0 0 0 0 0
"265" 265 0.270042194093 126 105 98 38 25 22 21 14 14 14 10 6 3 2 1 1 0 0 0 0
"266" 266 0.658227848101 143 130 108 59 40 13 4 2 1 0 0 0 0 0 0 0 0 0 0 0
"267" 267 0.0355329949239 366 63 26 17 14 5 2 2 2 1 1 1 0 0 0 0 0 0 0 0
"268" 268 0.575892857143 167 158 95 27 25 16 8 3 1 0 0 0 0 0 0 0 0 0 0 0
"269" 269 0.302919708029 143 114 110 91 15 11 7 6 2 1 0 0 0 0 0 0 0 0 0 0
"270" 270 0.255230125523 387 49 26 21 10 2 2 1 1 1 0 0 0 0 0 0 0 0 0 0
"271" 271 0.413502109705 103 92 78 63 42 32 32 20 19 9 6 2 1 1 0 0 0 0 0 0
"272" 272 0.291479820628 114 101 87 74 37 32 24 10 6 4 4 3 2 1 1 0 0 0 0 0
"273" 273 0.114427860697 197 169 31 28 24 11 7 6 5 5 4 4 3 3 2 1 0 0 0 0
"274" 274 0.278145695364 429 21 14 10 10 7 5 3 1 0 0 0 0 0 0 0 0 0 0 0
"275" 275 0.00574712643678 278 99 51 45 10 7 5 3 1 1 0 0 0 0 0 0 0 0 0 0
"276" 276 0.0 226 226 45 2 1 0 0 0 0 0 0 0 0 0 0 0 0 0 0 0
"277" 277 0.440251572327 278 122 73 17 6 1 1 1 1 0 0 0 0 0 0 0 0 0 0 0
"278" 278 0.179104477612 115 109 90 64 26 24 22 18 16 9 4 2 1 0 0 0 0 0 0 0
"279" 279 0.00497512437811 120 108 77 68 65 40 6 4 3 3 2 2 1 1 0 0 0 0 0 0
"280" 280 0.0 496 2 1 1 0 0 0 0 0 0 0 0 0 0 0 0 0 0 0 0
"281" 281 0.290178571429 177 139 87 57 30 9 1 0 0 0 0 0 0 0 0 0 0 0 0 0
"282" 282 0.0077519379845 162 59 58 54 45 38 26 20 18 9 8 2 1 0 0 0 0 0 0 0
"283" 283 0.0 268 66 46 44 23 13 12 11 10 4 1 1 1 0 0 0 0 0 0 0
"284" 284 0.223350253807 186 112 83 61 34 9 6 4 2 1 1 1 0 0 0 0 0 0 0 0
"285" 285 0.164233576642 138 126 58 54 43 24 20 12 12 8 5 0 0 0 0 0 0 0 0 0
"286" 286 0.0919540229885 137 110 67 54 27 23 21 19 9 8 8 7 6 1 1 1 1 0 0 0
"287" 287 0.22009569378 219 144 53 30 26 9 5 5 4 1 1 1 1 1 0 0 0 0 0 0
"288" 288 0.473214285714 266 101 70 54 3 3 2 1 0 0 0 0 0 0 0 0 0 0 0 0
"289" 289 0.798206278027 470 12 7 3 3 2 1 1 1 0 0 0 0 0 0 0 0 0 0 0
"290" 290 0.340807174888 410 45 21 11 5 4 3 1 0 0 0 0 0 0 0 0 0 0 0 0
"291" 291 0.437086092715 165 119 111 59 29 9 5 2 1 0 0 0 0 0 0 0 0 0 0 0
"292" 292 0.114942528736 205 133 41 28 27 22 13 11 6 3 3 2 2 2 2 0 0 0 0 0
"293" 293 0.516556291391 164 136 55 49 48 17 14 11 5 1 0 0 0 0 0 0 0 0 0 0
"294" 294 0.631178707224 327 138 21 12 1 1 0 0 0 0 0 0 0 0 0 0 0 0 0 0
"295" 295 0.199004975124 233 105 98 36 10 6 5 3 2 1 1 0 0 0 0 0 0 0 0 0
"296" 296 0.573221757322 193 117 51 51 34 16 11 9 8 5 2 2 1 0 0 0 0 0 0 0
