"site" "RSA" "aa1" "aa2" "aa3" "aa4" "aa5" "aa6" "aa7" "aa8" "aa9" "aa10" "aa11" "aa12" "aa13" "aa14" "aa15" "aa16" "aa17" "aa18" "aa19" "aa20"
"0" 0 0.155963302752 135 80 75 50 25 23 18 17 16 11 11 8 8 7 6 5 3 2 0 0
"1" 1 0.264248704663 123 117 77 60 53 24 20 9 5 4 4 2 1 1 0 0 0 0 0 0
"2" 2 0.0 475 11 8 4 1 1 0 0 0 0 0 0 0 0 0 0 0 0 0 0
"3" 3 0.190114068441 190 131 74 31 27 15 15 8 7 1 1 0 0 0 0 0 0 0 0 0
"4" 4 0.0722433460076 358 68 36 22 15 1 0 0 0 0 0 0 0 0 0 0 0 0 0 0
"5" 5 0.169154228856 155 102 98 59 25 15 13 10 8 5 4 3 2 1 0 0 0 0 0 0
"6" 6 0.251572327044 183 117 77 74 17 16 10 3 1 1 1 0 0 0 0 0 0 0 0 0
"7" 7 0.0576923076923 298 67 43 42 26 14 6 2 1 1 0 0 0 0 0 0 0 0 0 0
"8" 8 0.152317880795 200 196 51 29 11 6 4 3 0 0 0 0 0 0 0 0 0 0 0 0
"9" 9 0.015503875969 325 136 16 10 10 3 0 0 0 0 0 0 0 0 0 0 0 0 0 0
"10" 10 0.182389937107 217 76 74 43 34 29 10 8 4 2 1 1 1 0 0 0 0 0 0 0
"11" 11 0.0 415 56 14 8 3 2 2 0 0 0 0 0 0 0 0 0 0 0 0 0
"12" 12 0.0036496350365 391 50 18 15 9 9 5 2 1 0 0 0 0 0 0 0 0 0 0 0
"13" 13 0.0077519379845 491 7 2 0 0 0 0 0 0 0 0 0 0 0 0 0 0 0 0 0
"14" 14 0.0 457 15 13 8 4 2 1 0 0 0 0 0 0 0 0 0 0 0 0 0
"15" 15 0.0582959641256 207 98 49 37 21 17 17 14 13 12 7 7 1 0 0 0 0 0 0 0
"16" 16 0.0 232 152 44 37 10 7 6 4 4 3 1 0 0 0 0 0 0 0 0 0
"17" 17 0.0 243 164 64 13 5 3 2 2 2 2 0 0 0 0 0 0 0 0 0 0
"18" 18 0.0232558139535 494 2 1 1 1 1 0 0 0 0 0 0 0 0 0 0 0 0 0 0
"19" 19 0.286821705426 87 72 57 50 37 31 30 29 26 25 19 17 10 10 0 0 0 0 0 0
"20" 20 0.100775193798 177 109 59 56 37 16 12 12 10 3 3 2 2 1 1 0 0 0 0 0
"21" 21 0.0114942528736 174 128 110 32 28 10 8 5 3 1 1 0 0 0 0 0 0 0 0 0
"22" 22 0.644230769231 453 38 5 2 1 1 0 0 0 0 0 0 0 0 0 0 0 0 0 0
"23" 23 0.137931034483 338 86 18 13 11 10 10 4 3 3 2 1 1 0 0 0 0 0 0 0
"24" 24 0.776785714286 134 102 65 61 45 43 38 3 3 3 2 1 0 0 0 0 0 0 0 0
"25" 25 0.139303482587 487 4 4 2 1 1 1 0 0 0 0 0 0 0 0 0 0 0 0 0
"26" 26 0.405128205128 470 10 6 6 4 2 1 1 0 0 0 0 0 0 0 0 0 0 0 0
"27" 27 0.383084577114 275 104 28 20 20 19 9 9 5 5 4 1 1 0 0 0 0 0 0 0
"28" 28 0.405063291139 227 112 51 48 23 11 10 9 9 0 0 0 0 0 0 0 0 0 0 0
"29" 29 0.402985074627 151 95 60 54 40 39 18 11 11 9 5 4 2 1 0 0 0 0 0 0
"30" 30 0.0348837209302 216 157 40 27 14 13 11 8 4 3 3 2 1 1 0 0 0 0 0 0
"31" 31 0.348717948718 144 120 63 56 35 33 24 5 4 4 2 2 2 2 2 1 1 0 0 0
"32" 32 0.452736318408 145 100 51 34 27 25 25 23 16 14 12 10 7 7 4 0 0 0 0 0
"33" 33 0.52752293578 118 99 77 53 39 38 21 19 13 9 6 4 2 1 1 0 0 0 0 0
"34" 34 0.837209302326 344 156 0 0 0 0 0 0 0 0 0 0 0 0 0 0 0 0 0 0
"35" 35 0.163461538462 282 214 1 1 1 1 0 0 0 0 0 0 0 0 0 0 0 0 0 0
"36" 36 0.241071428571 103 90 58 45 42 37 26 24 23 17 12 8 7 4 4 0 0 0 0 0
"37" 37 0.167464114833 139 136 55 47 23 23 16 14 12 9 6 6 5 3 2 2 1 1 0 0
"38" 38 0.509174311927 107 82 52 46 46 44 33 30 19 18 10 5 3 3 2 0 0 0 0 0
"39" 39 0.367088607595 119 89 85 69 45 25 18 16 15 10 4 2 2 1 0 0 0 0 0 0
"40" 40 0.553459119497 353 142 5 0 0 0 0 0 0 0 0 0 0 0 0 0 0 0 0 0
"41" 41 0.482142857143 338 56 44 22 14 9 8 4 3 1 1 0 0 0 0 0 0 0 0 0
"42" 42 0.0418410041841 267 154 24 23 12 6 4 3 2 2 1 1 1 0 0 0 0 0 0 0
"43" 43 0.298507462687 130 75 66 62 40 39 33 23 16 6 5 4 1 0 0 0 0 0 0 0
"44" 44 0.738396624473 115 109 93 81 41 25 8 8 6 5 5 3 1 0 0 0 0 0 0 0
"45" 45 0.26368159204 186 101 90 34 33 15 13 9 8 8 3 0 0 0 0 0 0 0 0 0
"46" 46 0.0 465 26 3 3 2 1 0 0 0 0 0 0 0 0 0 0 0 0 0 0
"47" 47 0.572327044025 279 65 43 38 25 14 14 12 5 3 2 0 0 0 0 0 0 0 0 0
"48" 48 0.506726457399 374 63 21 16 16 4 2 2 1 1 0 0 0 0 0 0 0 0 0 0
"49" 49 0.301435406699 270 68 52 33 30 15 14 12 4 1 1 0 0 0 0 0 0 0 0 0
"50" 50 0.215189873418 375 80 19 8 6 4 2 2 2 1 1 0 0 0 0 0 0 0 0 0
"51" 51 0.187817258883 339 41 33 26 12 12 10 7 6 6 4 2 1 1 0 0 0 0 0 0
"52" 52 0.0062893081761 465 35 0 0 0 0 0 0 0 0 0 0 0 0 0 0 0 0 0 0
"53" 53 0.0 352 78 25 15 13 11 4 2 0 0 0 0 0 0 0 0 0 0 0 0
"54" 54 0.00995024875622 278 128 69 13 3 3 2 2 1 1 0 0 0 0 0 0 0 0 0 0
"55" 55 0.103448275862 294 72 67 28 20 5 4 2 2 2 2 1 1 0 0 0 0 0 0 0
"56" 56 0.020725388601 153 89 73 68 42 23 12 12 7 6 6 5 3 1 0 0 0 0 0 0
"57" 57 0.602678571429 137 96 82 75 60 24 9 4 4 3 2 2 2 0 0 0 0 0 0 0
"58" 58 0.658031088083 162 109 71 51 35 28 27 8 4 2 2 1 0 0 0 0 0 0 0 0
"59" 59 0.403846153846 495 5 0 0 0 0 0 0 0 0 0 0 0 0 0 0 0 0 0 0
"60" 60 0.414225941423 180 74 49 48 40 23 18 17 13 10 10 7 7 3 1 0 0 0 0 0
"61" 61 0.183908045977 352 83 18 17 9 8 7 3 2 1 0 0 0 0 0 0 0 0 0 0
"62" 62 0.144278606965 244 121 66 32 20 4 3 2 2 2 1 1 1 1 0 0 0 0 0 0
"63" 63 0.223404255319 209 127 68 32 26 23 6 5 4 0 0 0 0 0 0 0 0 0 0 0
"64" 64 0.299107142857 231 209 27 23 7 2 1 0 0 0 0 0 0 0 0 0 0 0 0 0
"65" 65 0.0132450331126 235 117 101 37 6 3 1 0 0 0 0 0 0 0 0 0 0 0 0 0
"66" 66 0.0802919708029 141 79 66 51 42 35 23 22 15 7 6 6 5 1 1 0 0 0 0 0
"67" 67 0.317829457364 200 72 71 69 48 16 8 6 4 3 1 1 1 0 0 0 0 0 0 0
"68" 68 0.0 490 3 3 3 1 0 0 0 0 0 0 0 0 0 0 0 0 0 0 0
"69" 69 0.0 208 91 74 63 34 21 7 1 1 0 0 0 0 0 0 0 0 0 0 0
"70" 70 0.167512690355 200 92 67 36 33 31 11 10 8 4 2 2 2 1 1 0 0 0 0 0
"71" 71 0.148288973384 256 152 60 7 6 6 4 3 2 2 1 1 0 0 0 0 0 0 0 0
"72" 72 0.0 401 55 36 3 2 1 1 1 0 0 0 0 0 0 0 0 0 0 0 0
"73" 73 0.00574712643678 151 144 88 40 26 18 11 7 6 6 2 1 0 0 0 0 0 0 0 0
"74" 74 0.491071428571 199 180 40 40 11 9 9 6 2 2 1 1 0 0 0 0 0 0 0 0
"75" 75 0.405063291139 326 52 49 29 15 5 4 4 4 4 3 3 2 0 0 0 0 0 0 0
"76" 76 0.140684410646 269 153 21 19 14 7 6 5 4 1 1 0 0 0 0 0 0 0 0 0
"77" 77 0.0 489 7 1 1 1 1 0 0 0 0 0 0 0 0 0 0 0 0 0 0
"78" 78 0.395348837209 399 35 23 15 12 7 4 2 2 1 0 0 0 0 0 0 0 0 0 0
"79" 79 0.703349282297 209 120 52 44 23 17 15 5 4 4 2 2 2 1 0 0 0 0 0 0
"80" 80 0.331606217617 316 77 46 19 14 9 8 3 3 3 2 0 0 0 0 0 0 0 0 0
"81" 81 0.558139534884 256 140 45 19 13 10 10 4 2 1 0 0 0 0 0 0 0 0 0 0
"82" 82 0.59585492228 258 110 54 39 16 6 5 4 4 2 1 1 0 0 0 0 0 0 0 0
"83" 83 0.114427860697 293 84 49 26 25 8 5 4 3 2 1 0 0 0 0 0 0 0 0 0
"84" 84 0.139534883721 267 63 45 43 34 23 11 8 3 3 0 0 0 0 0 0 0 0 0 0
"85" 85 0.361607142857 354 53 28 17 16 14 10 4 2 1 1 0 0 0 0 0 0 0 0 0
"86" 86 0.346715328467 363 89 23 16 4 3 1 1 0 0 0 0 0 0 0 0 0 0 0 0
"87" 87 0.0696517412935 354 50 32 22 16 10 7 3 2 1 1 1 1 0 0 0 0 0 0 0
"88" 88 0.0570342205323 138 118 114 44 32 16 14 9 8 5 1 1 0 0 0 0 0 0 0 0
"89" 89 0.11320754717 188 151 63 41 41 12 2 1 1 0 0 0 0 0 0 0 0 0 0 0
"90" 90 0.476821192053 303 49 40 33 25 12 9 8 7 7 5 1 1 0 0 0 0 0 0 0
"91" 91 0.341968911917 277 83 48 34 18 14 13 6 4 2 1 0 0 0 0 0 0 0 0 0
"92" 92 0.641509433962 392 67 25 12 2 1 1 0 0 0 0 0 0 0 0 0 0 0 0 0
"93" 93 0.722627737226 338 97 15 14 13 8 4 3 3 3 2 0 0 0 0 0 0 0 0 0
"94" 94 0.591240875912 191 175 56 39 15 12 6 2 1 1 1 1 0 0 0 0 0 0 0 0
"95" 95 0.189781021898 232 111 80 36 21 7 5 3 3 1 1 0 0 0 0 0 0 0 0 0
"96" 96 0.395348837209 138 103 79 73 56 22 11 7 5 2 2 1 1 0 0 0 0 0 0 0
"97" 97 0.258620689655 204 165 100 10 8 6 4 2 1 0 0 0 0 0 0 0 0 0 0 0
"98" 98 0.0114942528736 335 98 25 12 11 5 5 5 2 1 1 0 0 0 0 0 0 0 0 0
"99" 99 0.267942583732 187 116 78 54 30 16 8 4 4 2 1 0 0 0 0 0 0 0 0 0
"100" 100 0.515695067265 199 112 53 45 36 25 8 8 6 4 2 1 1 0 0 0 0 0 0 0
"101" 101 0.0839416058394 143 103 75 68 37 32 22 8 5 5 2 0 0 0 0 0 0 0 0 0
"102" 102 0.0348258706468 291 82 46 20 18 15 13 8 4 2 1 0 0 0 0 0 0 0 0 0
"103" 103 0.623430962343 168 124 62 51 35 22 13 13 7 3 1 1 0 0 0 0 0 0 0 0
"104" 104 0.100418410042 373 39 34 24 9 7 7 3 2 1 1 0 0 0 0 0 0 0 0 0
"105" 105 0.0 251 87 75 45 30 5 3 3 1 0 0 0 0 0 0 0 0 0 0 0
"106" 106 0.281609195402 167 113 48 38 33 31 21 14 11 8 6 4 2 2 2 0 0 0 0 0
"107" 107 0.503875968992 136 103 81 62 41 28 20 11 9 6 1 1 1 0 0 0 0 0 0 0
"108" 108 0.16091954023 150 134 110 38 22 20 18 6 2 0 0 0 0 0 0 0 0 0 0 0
"109" 109 0.0 348 90 24 7 7 6 5 4 3 2 1 1 1 1 0 0 0 0 0 0
"110" 110 0.110266159696 113 111 101 78 44 20 10 9 9 2 2 1 0 0 0 0 0 0 0 0
"111" 111 0.385650224215 215 172 49 31 21 5 3 2 1 1 0 0 0 0 0 0 0 0 0 0
"112" 112 0.222627737226 251 110 47 45 14 13 10 4 4 1 1 0 0 0 0 0 0 0 0 0
"113" 113 0.0 365 112 7 5 3 3 2 1 1 1 0 0 0 0 0 0 0 0 0 0
"114" 114 0.077519379845 183 143 72 46 35 6 3 3 3 2 2 1 1 0 0 0 0 0 0 0
"115" 115 0.303571428571 350 93 16 14 11 4 4 4 2 1 1 0 0 0 0 0 0 0 0 0
"116" 116 0.110266159696 323 77 72 22 2 1 1 1 1 0 0 0 0 0 0 0 0 0 0 0
"117" 117 0.0722433460076 234 86 55 38 32 27 11 11 2 2 1 1 0 0 0 0 0 0 0 0
"118" 118 0.292775665399 152 106 104 87 25 7 6 5 4 3 1 0 0 0 0 0 0 0 0 0
"119" 119 0.345911949686 196 141 81 32 19 13 6 5 3 2 1 1 0 0 0 0 0 0 0 0
"120" 120 0.139013452915 265 120 54 44 8 3 2 1 1 1 1 0 0 0 0 0 0 0 0 0
"121" 121 0.106598984772 188 88 52 43 23 22 22 22 11 9 9 5 2 2 1 1 0 0 0 0
"122" 122 0.276150627615 109 78 77 68 53 34 27 27 13 11 3 0 0 0 0 0 0 0 0 0
"123" 123 0.663461538462 498 2 0 0 0 0 0 0 0 0 0 0 0 0 0 0 0 0 0 0
"124" 124 0.825112107623 193 109 82 42 30 23 7 4 3 2 2 1 1 1 0 0 0 0 0 0
"125" 125 0.518987341772 158 128 99 42 19 16 15 8 5 4 3 3 0 0 0 0 0 0 0 0
"126" 126 0.379310344828 149 115 89 44 30 17 15 15 15 3 3 2 1 1 1 0 0 0 0 0
"127" 127 0.767295597484 500 0 0 0 0 0 0 0 0 0 0 0 0 0 0 0 0 0 0 0
"128" 128 0.649425287356 407 43 33 15 1 1 0 0 0 0 0 0 0 0 0 0 0 0 0 0
"129" 129 0.240384615385 500 0 0 0 0 0 0 0 0 0 0 0 0 0 0 0 0 0 0 0
"130" 130 0.440414507772 400 88 8 3 1 0 0 0 0 0 0 0 0 0 0 0 0 0 0 0
"131" 131 0.509433962264 499 1 0 0 0 0 0 0 0 0 0 0 0 0 0 0 0 0 0 0
"132" 132 0.346153846154 169 123 62 44 26 21 18 16 11 8 1 1 0 0 0 0 0 0 0 0
"133" 133 0.357664233577 235 62 61 54 53 13 8 6 4 2 1 1 0 0 0 0 0 0 0 0
"134" 134 0.1592039801 183 118 89 76 17 6 5 4 1 1 0 0 0 0 0 0 0 0 0 0
"135" 135 0.591240875912 208 119 87 25 21 16 15 4 4 1 0 0 0 0 0 0 0 0 0 0
"136" 136 0.264900662252 108 99 90 64 48 31 21 11 10 8 4 4 1 1 0 0 0 0 0 0
"137" 137 0.0 351 67 37 19 13 6 3 3 1 0 0 0 0 0 0 0 0 0 0 0
"138" 138 0.183035714286 206 147 57 46 27 10 3 1 1 1 1 0 0 0 0 0 0 0 0 0
"139" 139 0.403587443946 117 101 85 46 33 29 26 20 16 13 12 1 1 0 0 0 0 0 0 0
"140" 140 0.0 478 4 4 4 3 2 2 1 1 1 0 0 0 0 0 0 0 0 0 0
"141" 141 0.0 230 147 70 12 10 8 7 6 4 3 2 1 0 0 0 0 0 0 0 0
"142" 142 0.433035714286 144 99 64 56 52 36 18 16 12 1 1 1 0 0 0 0 0 0 0 0
"143" 143 0.330543933054 173 68 50 48 38 30 26 15 14 11 9 7 6 3 2 0 0 0 0 0
"144" 144 0.0 340 50 34 29 13 7 5 4 4 4 4 2 2 1 1 0 0 0 0 0
"145" 145 0.0358974358974 132 116 86 44 40 37 24 12 8 1 0 0 0 0 0 0 0 0 0 0
"146" 146 0.488372093023 122 118 50 48 47 42 30 15 9 6 6 3 2 1 1 0 0 0 0 0
"147" 147 0.234309623431 229 79 54 33 29 29 18 13 8 5 2 1 0 0 0 0 0 0 0 0
"148" 148 0.00497512437811 480 8 6 4 1 1 0 0 0 0 0 0 0 0 0 0 0 0 0 0
"149" 149 0.598214285714 430 21 15 12 9 7 2 2 1 1 0 0 0 0 0 0 0 0 0 0
"150" 150 0.701923076923 406 83 10 1 0 0 0 0 0 0 0 0 0 0 0 0 0 0 0 0
"151" 151 0.388392857143 346 67 16 15 14 14 11 10 6 1 0 0 0 0 0 0 0 0 0 0
"152" 152 0.313901345291 211 117 36 36 27 21 17 11 10 6 4 4 0 0 0 0 0 0 0 0
"153" 153 0.0228136882129 273 226 1 0 0 0 0 0 0 0 0 0 0 0 0 0 0 0 0 0
"154" 154 0.0 359 110 11 7 5 3 2 1 1 1 0 0 0 0 0 0 0 0 0 0
"155" 155 0.124031007752 386 63 43 6 1 1 0 0 0 0 0 0 0 0 0 0 0 0 0 0
"156" 156 0.105769230769 500 0 0 0 0 0 0 0 0 0 0 0 0 0 0 0 0 0 0 0
"157" 157 0.490384615385 500 0 0 0 0 0 0 0 0 0 0 0 0 0 0 0 0 0 0 0
"158" 158 0.668393782383 300 108 52 25 9 4 2 0 0 0 0 0 0 0 0 0 0 0 0 0
"159" 159 0.362694300518 336 107 37 9 6 2 1 1 1 0 0 0 0 0 0 0 0 0 0 0
"160" 160 0.11320754717 205 124 76 30 24 12 11 6 6 4 1 1 0 0 0 0 0 0 0 0
"161" 161 0.0232558139535 343 137 20 0 0 0 0 0 0 0 0 0 0 0 0 0 0 0 0 0
"162" 162 0.0 207 126 92 54 9 5 4 1 1 1 0 0 0 0 0 0 0 0 0 0
"163" 163 0.0 286 210 4 0 0 0 0 0 0 0 0 0 0 0 0 0 0 0 0 0
"164" 164 0.0 480 9 5 3 2 1 0 0 0 0 0 0 0 0 0 0 0 0 0 0
"165" 165 0.00995024875622 120 79 57 54 52 48 23 16 16 8 7 7 4 4 3 2 0 0 0 0
"166" 166 0.00662251655629 183 96 94 34 21 16 15 12 11 8 6 2 1 1 0 0 0 0 0 0
"167" 167 0.0 256 61 44 41 33 13 12 10 8 5 4 4 3 3 3 0 0 0 0 0
"168" 168 0.0 386 32 30 29 9 6 4 1 1 1 1 0 0 0 0 0 0 0 0 0
"169" 169 0.0077519379845 460 39 1 0 0 0 0 0 0 0 0 0 0 0 0 0 0 0 0 0
"170" 170 0.00581395348837 201 150 40 32 26 21 14 9 5 2 0 0 0 0 0 0 0 0 0 0
"171" 171 0.0 138 112 85 55 35 24 20 12 11 5 3 0 0 0 0 0 0 0 0 0
"172" 172 0.0 328 139 15 4 4 3 2 1 1 1 1 1 0 0 0 0 0 0 0 0
"173" 173 0.0 144 140 74 32 30 18 17 13 9 5 5 5 4 3 1 0 0 0 0 0
"174" 174 0.0 266 101 62 31 14 9 7 6 3 1 0 0 0 0 0 0 0 0 0 0
"175" 175 0.433035714286 192 93 90 45 39 26 6 4 3 1 1 0 0 0 0 0 0 0 0 0
"176" 176 0.206896551724 174 74 64 43 40 27 27 13 12 9 6 5 4 2 0 0 0 0 0 0
"177" 177 0.100775193798 450 26 12 4 3 2 1 1 1 0 0 0 0 0 0 0 0 0 0 0
"178" 178 0.586538461538 500 0 0 0 0 0 0 0 0 0 0 0 0 0 0 0 0 0 0 0
"179" 179 0.0950570342205 195 176 72 20 13 8 6 3 2 1 1 1 1 1 0 0 0 0 0 0
"180" 180 0.435233160622 210 127 119 23 16 3 2 0 0 0 0 0 0 0 0 0 0 0 0 0
"181" 181 0.0149253731343 483 7 6 4 0 0 0 0 0 0 0 0 0 0 0 0 0 0 0 0
"182" 182 0.591240875912 365 35 33 18 12 8 8 7 6 6 1 1 0 0 0 0 0 0 0 0
"183" 183 0.474452554745 158 142 105 67 21 5 1 1 0 0 0 0 0 0 0 0 0 0 0 0
"184" 184 0.0494296577947 260 98 88 53 1 0 0 0 0 0 0 0 0 0 0 0 0 0 0 0
"185" 185 0.526785714286 148 118 98 33 31 30 20 7 7 7 1 0 0 0 0 0 0 0 0 0
"186" 186 0.117948717949 232 102 44 33 27 18 17 11 10 3 1 1 1 0 0 0 0 0 0 0
"187" 187 0.0 233 184 52 10 10 4 2 2 2 1 0 0 0 0 0 0 0 0 0 0
"188" 188 0.121076233184 396 32 31 20 12 4 3 2 0 0 0 0 0 0 0 0 0 0 0 0
"189" 189 0.266423357664 236 70 63 59 44 18 4 2 2 2 0 0 0 0 0 0 0 0 0 0
"190" 190 0.0 459 32 6 2 1 0 0 0 0 0 0 0 0 0 0 0 0 0 0 0
"191" 191 0.0684410646388 333 85 63 9 6 1 1 1 1 0 0 0 0 0 0 0 0 0 0 0
"192" 192 0.477678571429 270 137 20 16 16 13 9 6 6 4 2 1 0 0 0 0 0 0 0 0
"193" 193 0.328467153285 174 80 78 46 32 27 23 15 9 7 5 2 2 0 0 0 0 0 0 0
"194" 194 0.0 200 178 58 21 19 10 5 3 3 1 1 1 0 0 0 0 0 0 0 0
"195" 195 0.17880794702 211 79 62 48 20 20 19 13 13 8 3 1 1 1 1 0 0 0 0 0
"196" 196 0.627906976744 110 103 76 75 46 33 14 14 8 7 6 5 1 1 1 0 0 0 0 0
"197" 197 0.416243654822 239 103 44 29 21 20 16 11 5 5 3 2 1 1 0 0 0 0 0 0
"198" 198 0.0689655172414 241 64 49 41 32 28 24 8 8 2 2 1 0 0 0 0 0 0 0 0
"199" 199 0.389937106918 152 89 70 47 27 22 20 19 19 14 11 6 1 1 1 1 0 0 0 0
"200" 200 0.125 500 0 0 0 0 0 0 0 0 0 0 0 0 0 0 0 0 0 0 0
"201" 201 0.077519379845 234 213 28 9 7 5 4 0 0 0 0 0 0 0 0 0 0 0 0 0
"202" 202 0.533678756477 202 154 39 26 25 15 11 11 7 5 2 2 1 0 0 0 0 0 0 0
"203" 203 0.405063291139 120 107 74 42 35 33 31 26 13 7 6 4 2 0 0 0 0 0 0 0
"204" 204 0.00512820512821 148 114 76 60 34 24 23 7 7 2 2 2 1 0 0 0 0 0 0 0
"205" 205 0.287356321839 215 108 63 57 16 11 10 7 5 2 2 1 1 1 1 0 0 0 0 0
"206" 206 0.517857142857 108 107 88 86 35 24 24 12 8 4 2 2 0 0 0 0 0 0 0 0
"207" 207 0.0384615384615 404 36 17 12 12 6 5 3 2 2 1 0 0 0 0 0 0 0 0 0
"208" 208 0.015503875969 406 68 21 4 1 0 0 0 0 0 0 0 0 0 0 0 0 0 0 0
"209" 209 0.561181434599 128 112 87 70 29 21 15 11 9 6 6 4 1 1 0 0 0 0 0 0
"210" 210 0.344827586207 80 72 57 56 55 48 32 29 21 19 11 11 7 2 0 0 0 0 0 0
"211" 211 0.0543933054393 108 89 73 61 46 32 20 19 17 12 12 6 4 1 0 0 0 0 0 0
"212" 212 0.153846153846 392 63 25 8 3 3 2 1 1 1 1 0 0 0 0 0 0 0 0 0
"213" 213 0.5 111 101 91 54 45 44 35 4 4 3 3 2 1 1 1 0 0 0 0 0
"214" 214 0.307984790875 164 67 63 53 44 28 22 20 15 12 4 3 2 2 1 0 0 0 0 0
"215" 215 0.18410041841 206 84 60 54 42 18 13 12 5 3 1 1 1 0 0 0 0 0 0 0
"216" 216 0.96511627907 234 118 55 37 29 8 6 5 4 4 0 0 0 0 0 0 0 0 0 0
