"site" "RSA" "aa1" "aa2" "aa3" "aa4" "aa5" "aa6" "aa7" "aa8" "aa9" "aa10" "aa11" "aa12" "aa13" "aa14" "aa15" "aa16" "aa17" "aa18" "aa19" "aa20"
"0" 0 1.08609271523 395 56 26 12 8 2 1 0 0 0 0 0 0 0 0 0 0 0 0 0
"1" 1 0.669642857143 156 151 76 52 22 22 16 5 0 0 0 0 0 0 0 0 0 0 0 0
"2" 2 0.114427860697 487 6 3 3 1 0 0 0 0 0 0 0 0 0 0 0 0 0 0 0
"3" 3 0.517412935323 201 56 56 36 35 34 33 29 8 4 4 2 1 1 0 0 0 0 0 0
"4" 4 0.5625 191 129 64 52 31 17 7 6 1 1 1 0 0 0 0 0 0 0 0 0
"5" 5 0.575892857143 220 171 44 21 20 12 6 3 2 1 0 0 0 0 0 0 0 0 0 0
"6" 6 0.183856502242 149 118 83 77 28 14 11 10 6 4 0 0 0 0 0 0 0 0 0 0
"7" 7 0.257383966245 400 54 12 11 9 5 5 2 1 1 0 0 0 0 0 0 0 0 0 0
"8" 8 0.412556053812 190 112 76 41 36 13 8 8 7 5 4 0 0 0 0 0 0 0 0 0
"9" 9 0.294642857143 326 77 40 18 17 8 4 3 3 2 1 1 0 0 0 0 0 0 0 0
"10" 10 0.010152284264 251 245 2 1 1 0 0 0 0 0 0 0 0 0 0 0 0 0 0 0
"11" 11 0.475285171103 168 77 70 61 58 40 12 5 4 3 2 0 0 0 0 0 0 0 0 0
"12" 12 0.53125 155 83 74 59 33 24 20 18 15 13 5 1 0 0 0 0 0 0 0 0
"13" 13 0.062015503876 140 108 86 37 34 30 22 20 6 5 5 3 1 1 1 1 0 0 0 0
"14" 14 0.0376569037657 320 43 42 29 26 23 5 5 4 1 1 1 0 0 0 0 0 0 0 0
"15" 15 0.317880794702 118 104 87 56 49 28 20 14 10 7 4 2 1 0 0 0 0 0 0 0
"16" 16 0.651741293532 175 102 85 39 36 22 10 7 6 6 6 3 3 0 0 0 0 0 0 0
"17" 17 0.246861924686 319 131 22 11 5 3 3 3 2 1 0 0 0 0 0 0 0 0 0 0
"18" 18 0.150259067358 255 134 21 17 17 16 16 7 7 2 2 2 2 1 1 0 0 0 0 0
"19" 19 0.651282051282 274 75 59 28 21 15 13 11 2 1 1 0 0 0 0 0 0 0 0 0
"20" 20 0.728205128205 312 179 6 2 1 0 0 0 0 0 0 0 0 0 0 0 0 0 0 0
"21" 21 0.331606217617 346 37 32 24 20 13 13 7 5 1 1 1 0 0 0 0 0 0 0 0
"22" 22 0.278846153846 430 70 0 0 0 0 0 0 0 0 0 0 0 0 0 0 0 0 0 0
"23" 23 0.188284518828 291 84 59 40 16 5 3 2 0 0 0 0 0 0 0 0 0 0 0 0
"24" 24 0.044776119403 441 41 5 3 3 2 2 2 1 0 0 0 0 0 0 0 0 0 0 0
"25" 25 0.290155440415 449 16 11 7 7 5 1 1 1 1 1 0 0 0 0 0 0 0 0 0
"26" 26 0.0988593155894 449 25 8 6 4 3 2 2 1 0 0 0 0 0 0 0 0 0 0 0
"27" 27 0.607655502392 140 101 78 65 56 24 12 10 7 5 1 1 0 0 0 0 0 0 0 0
"28" 28 0.1875 245 57 55 51 49 36 3 2 1 1 0 0 0 0 0 0 0 0 0 0
"29" 29 0.194029850746 189 74 58 48 36 27 19 16 13 9 6 3 2 0 0 0 0 0 0 0
"30" 30 0.388185654008 441 24 18 4 3 3 3 2 1 1 0 0 0 0 0 0 0 0 0 0
"31" 31 0.35632183908 156 135 48 44 28 27 19 16 15 9 1 1 1 0 0 0 0 0 0 0
"32" 32 0.046511627907 442 21 10 10 7 4 3 3 0 0 0 0 0 0 0 0 0 0 0 0
"33" 33 0.540084388186 189 173 110 13 12 1 1 1 0 0 0 0 0 0 0 0 0 0 0 0
"34" 34 0.449612403101 166 125 76 37 29 20 11 9 8 8 3 2 2 2 1 1 0 0 0 0
"35" 35 0.10447761194 169 94 59 45 35 30 26 19 12 4 2 2 1 1 1 0 0 0 0 0
"36" 36 0.413461538462 500 0 0 0 0 0 0 0 0 0 0 0 0 0 0 0 0 0 0 0
"37" 37 0.259414225941 381 60 15 13 10 7 6 6 2 0 0 0 0 0 0 0 0 0 0 0
"38" 38 0.629464285714 151 79 72 65 49 18 18 14 11 10 8 3 1 1 0 0 0 0 0 0
"39" 39 0.218905472637 258 74 62 39 27 23 10 3 2 1 1 0 0 0 0 0 0 0 0 0
"40" 40 0.446540880503 433 26 16 5 5 5 4 3 2 1 0 0 0 0 0 0 0 0 0 0
"41" 41 0.586497890295 330 93 72 2 2 1 0 0 0 0 0 0 0 0 0 0 0 0 0 0
"42" 42 0.667883211679 368 58 42 14 10 4 1 1 1 1 0 0 0 0 0 0 0 0 0 0
"43" 43 0.410714285714 251 131 53 46 6 5 4 2 1 1 0 0 0 0 0 0 0 0 0 0
"44" 44 0.0507614213198 289 161 30 7 3 3 2 2 1 1 1 0 0 0 0 0 0 0 0 0
"45" 45 0.238805970149 258 111 77 17 16 12 8 1 0 0 0 0 0 0 0 0 0 0 0 0
"46" 46 0.507772020725 142 140 66 45 32 20 17 16 15 6 1 0 0 0 0 0 0 0 0 0
"47" 47 0.18407960199 124 119 111 34 26 22 20 15 8 6 5 4 3 1 1 1 0 0 0 0
"48" 48 0.0507614213198 338 126 12 12 7 3 1 1 0 0 0 0 0 0 0 0 0 0 0 0
"49" 49 0.507772020725 184 120 57 40 37 24 16 12 6 2 1 1 0 0 0 0 0 0 0 0
"50" 50 0.598214285714 361 29 27 23 20 14 8 6 4 3 3 2 0 0 0 0 0 0 0 0
"51" 51 0.269961977186 242 178 49 5 4 4 4 3 3 3 2 2 1 0 0 0 0 0 0 0
"52" 52 0.217616580311 230 106 58 31 19 13 10 10 9 8 4 1 1 0 0 0 0 0 0 0
"53" 53 0.741721854305 114 101 82 67 62 38 10 7 6 6 4 3 0 0 0 0 0 0 0 0
"54" 54 0.46875 144 76 75 59 32 28 24 22 14 13 7 4 2 0 0 0 0 0 0 0
"55" 55 0.875 429 28 17 14 9 1 1 1 0 0 0 0 0 0 0 0 0 0 0 0
"56" 56 0.412408759124 164 62 52 50 40 21 20 17 17 14 13 12 6 5 4 2 1 0 0 0
"57" 57 0.55023923445 154 96 70 48 37 29 19 15 11 9 8 4 0 0 0 0 0 0 0 0
"58" 58 0.248756218905 223 101 46 40 37 24 21 2 2 1 1 1 1 0 0 0 0 0 0 0
"59" 59 0.443037974684 221 103 88 28 26 7 7 6 5 3 3 2 1 0 0 0 0 0 0 0
"60" 60 0.209125475285 133 122 58 42 35 33 25 24 12 6 3 2 2 2 1 0 0 0 0 0
"61" 61 0.507772020725 251 70 66 39 17 14 13 12 11 5 2 0 0 0 0 0 0 0 0 0
"62" 62 0.165803108808 107 92 73 39 39 32 30 28 26 17 9 5 1 1 1 0 0 0 0 0
"63" 63 0.150627615063 325 61 33 28 16 13 11 6 3 1 1 1 1 0 0 0 0 0 0 0
"64" 64 0.247148288973 316 99 26 22 12 8 6 4 3 2 1 1 0 0 0 0 0 0 0 0
"65" 65 0.43654822335 142 124 47 44 41 36 21 17 12 8 8 0 0 0 0 0 0 0 0 0
"66" 66 0.137931034483 132 118 79 38 35 34 17 12 9 8 7 4 3 2 1 1 0 0 0 0
"67" 67 0.105769230769 490 4 2 1 1 1 1 0 0 0 0 0 0 0 0 0 0 0 0 0
"68" 68 0.433035714286 205 119 74 49 19 12 8 8 2 2 1 1 0 0 0 0 0 0 0 0
"69" 69 0.295358649789 227 104 84 35 21 15 4 3 3 1 1 1 1 0 0 0 0 0 0 0
"70" 70 0.0152284263959 176 83 63 59 51 28 14 10 5 5 3 3 0 0 0 0 0 0 0 0
"71" 71 0.402985074627 394 88 5 5 3 2 1 1 1 0 0 0 0 0 0 0 0 0 0 0
"72" 72 0.746835443038 224 111 76 34 28 11 9 4 2 1 0 0 0 0 0 0 0 0 0 0
"73" 73 0.299270072993 166 144 68 30 26 22 18 8 8 8 1 1 0 0 0 0 0 0 0 0
"74" 74 0.40414507772 327 136 14 12 7 2 1 1 0 0 0 0 0 0 0 0 0 0 0 0
"75" 75 0.622641509434 103 96 89 55 41 32 31 17 15 14 3 2 2 0 0 0 0 0 0 0
"76" 76 0.303482587065 187 99 57 53 29 26 11 8 7 7 6 4 3 3 0 0 0 0 0 0
"77" 77 0.362694300518 200 98 64 57 44 20 8 7 1 1 0 0 0 0 0 0 0 0 0 0
"78" 78 0.629464285714 337 35 28 25 23 12 12 6 5 4 4 3 2 2 1 1 0 0 0 0
"79" 79 0.192893401015 185 128 113 37 17 7 7 3 2 1 0 0 0 0 0 0 0 0 0 0
"80" 80 0.341772151899 199 145 34 29 27 23 21 9 8 2 1 1 1 0 0 0 0 0 0 0
"81" 81 0.514598540146 136 129 95 39 33 23 17 8 7 6 5 1 1 0 0 0 0 0 0 0
"82" 82 0.232558139535 174 131 52 49 47 19 8 5 4 4 3 2 1 1 0 0 0 0 0 0
"83" 83 0.0125523012552 486 10 2 2 0 0 0 0 0 0 0 0 0 0 0 0 0 0 0 0
"84" 84 0.502242152466 209 87 80 29 24 22 18 16 8 4 2 1 0 0 0 0 0 0 0 0
"85" 85 0.626865671642 229 81 64 43 34 15 13 9 7 5 0 0 0 0 0 0 0 0 0 0
"86" 86 0.230125523013 168 128 73 38 30 18 11 11 9 6 4 3 1 0 0 0 0 0 0 0
"87" 87 0.0310880829016 500 0 0 0 0 0 0 0 0 0 0 0 0 0 0 0 0 0 0 0
"88" 88 0.357512953368 128 72 61 55 48 38 26 21 18 13 9 3 3 2 2 1 0 0 0 0
"89" 89 0.336787564767 316 74 29 14 14 11 11 10 8 5 4 3 1 0 0 0 0 0 0 0
"90" 90 0.722488038278 401 57 41 1 0 0 0 0 0 0 0 0 0 0 0 0 0 0 0 0
"91" 91 0.436046511628 239 156 38 22 14 14 6 5 3 2 1 0 0 0 0 0 0 0 0 0
"92" 92 0.384615384615 500 0 0 0 0 0 0 0 0 0 0 0 0 0 0 0 0 0 0 0
"93" 93 0.308016877637 198 93 49 44 38 30 23 8 6 6 2 2 1 0 0 0 0 0 0 0
"94" 94 0.0253807106599 478 16 3 2 1 0 0 0 0 0 0 0 0 0 0 0 0 0 0 0
"95" 95 0.0596026490066 267 220 7 2 2 1 1 0 0 0 0 0 0 0 0 0 0 0 0 0
"96" 96 0.167512690355 149 68 56 51 36 27 26 22 20 14 11 8 7 3 1 1 0 0 0 0
"97" 97 0.548523206751 267 171 30 8 8 7 5 2 2 0 0 0 0 0 0 0 0 0 0 0
"98" 98 0.0153846153846 452 29 5 5 5 4 0 0 0 0 0 0 0 0 0 0 0 0 0 0
"99" 99 0.203980099502 308 51 34 31 22 17 17 7 6 4 2 1 0 0 0 0 0 0 0 0
"100" 100 0.313868613139 297 104 35 20 14 11 7 4 2 2 1 1 1 1 0 0 0 0 0 0
"101" 101 0.251824817518 119 97 96 54 44 37 31 12 7 1 1 1 0 0 0 0 0 0 0 0
"102" 102 0.0862068965517 232 75 74 26 26 20 18 9 8 4 3 3 1 1 0 0 0 0 0 0
"103" 103 0.093023255814 319 45 41 26 22 21 7 5 4 4 3 1 1 1 0 0 0 0 0 0
"104" 104 0.666666666667 162 80 68 64 53 19 14 13 11 7 5 3 1 0 0 0 0 0 0 0
"105" 105 0.625 92 88 75 54 41 40 28 25 24 14 13 3 2 1 0 0 0 0 0 0
"106" 106 0.641791044776 148 105 64 48 42 28 18 12 11 6 6 4 3 3 1 1 0 0 0 0
"107" 107 0.557692307692 497 3 0 0 0 0 0 0 0 0 0 0 0 0 0 0 0 0 0 0
"108" 108 0.535714285714 312 47 42 37 27 11 7 6 4 3 2 1 1 0 0 0 0 0 0 0
"109" 109 0.790697674419 364 99 29 5 2 1 0 0 0 0 0 0 0 0 0 0 0 0 0 0
"110" 110 0.378109452736 270 98 63 17 15 13 10 6 3 2 2 1 0 0 0 0 0 0 0 0
"111" 111 0.401162790698 317 49 38 21 20 16 14 11 5 4 3 2 0 0 0 0 0 0 0 0
"112" 112 0.341968911917 278 59 52 43 18 13 13 12 5 2 2 2 1 0 0 0 0 0 0 0
"113" 113 0.616071428571 291 121 40 13 10 10 6 4 4 1 0 0 0 0 0 0 0 0 0 0
"114" 114 0.473214285714 141 105 62 45 43 41 29 22 5 4 1 1 1 0 0 0 0 0 0 0
"115" 115 0.0398009950249 318 124 16 12 9 7 5 3 3 2 1 0 0 0 0 0 0 0 0 0
"116" 116 0.361313868613 244 67 46 33 31 21 18 13 10 9 4 2 1 1 0 0 0 0 0 0
"117" 117 0.550387596899 271 77 43 25 18 15 12 11 11 8 4 3 1 1 0 0 0 0 0 0
"118" 118 0.0862944162437 167 128 91 48 23 18 8 6 3 2 2 2 1 1 0 0 0 0 0 0
"119" 119 0.566964285714 125 79 77 67 54 32 29 25 3 3 3 2 1 0 0 0 0 0 0 0
"120" 120 0.611607142857 229 110 59 42 16 13 8 7 6 5 4 1 0 0 0 0 0 0 0 0
"121" 121 0.430962343096 416 51 24 5 2 1 1 0 0 0 0 0 0 0 0 0 0 0 0 0
"122" 122 0.119170984456 497 3 0 0 0 0 0 0 0 0 0 0 0 0 0 0 0 0 0 0
"123" 123 0.691542288557 155 106 102 62 24 15 13 6 6 4 3 3 1 0 0 0 0 0 0 0
"124" 124 0.512953367876 168 107 73 63 35 23 17 13 1 0 0 0 0 0 0 0 0 0 0 0
"125" 125 0.528846153846 498 2 0 0 0 0 0 0 0 0 0 0 0 0 0 0 0 0 0 0
"126" 126 0.341968911917 249 87 43 24 24 19 15 15 11 6 3 3 1 0 0 0 0 0 0 0
"127" 127 0.182692307692 493 6 1 0 0 0 0 0 0 0 0 0 0 0 0 0 0 0 0 0
"128" 128 0.267857142857 206 80 63 53 34 20 14 12 6 3 3 2 2 1 1 0 0 0 0 0
"129" 129 0.0355329949239 425 63 4 4 2 2 0 0 0 0 0 0 0 0 0 0 0 0 0 0
"130" 130 0.174358974359 305 65 34 20 16 13 13 10 7 6 6 3 2 0 0 0 0 0 0 0
"131" 131 0.263392857143 330 63 60 29 7 4 2 2 2 1 0 0 0 0 0 0 0 0 0 0
"132" 132 0.625641025641 238 106 80 36 17 6 5 4 3 3 2 0 0 0 0 0 0 0 0 0
"133" 133 0.0401785714286 455 20 12 7 3 2 1 0 0 0 0 0 0 0 0 0 0 0 0 0
"134" 134 0.0753138075314 456 16 9 9 4 3 2 1 0 0 0 0 0 0 0 0 0 0 0 0
"135" 135 0.116751269036 203 75 74 49 44 21 13 10 4 3 3 1 0 0 0 0 0 0 0 0
"136" 136 0.46511627907 196 106 74 29 24 23 15 15 8 4 3 2 1 0 0 0 0 0 0 0
"137" 137 0.355329949239 343 47 39 34 27 6 3 1 0 0 0 0 0 0 0 0 0 0 0 0
"138" 138 0.335443037975 186 137 58 35 26 22 16 8 7 5 0 0 0 0 0 0 0 0 0 0
"139" 139 0.383720930233 281 196 12 4 3 2 1 1 0 0 0 0 0 0 0 0 0 0 0 0
"140" 140 0.891191709845 195 154 138 8 2 1 1 1 0 0 0 0 0 0 0 0 0 0 0 0
"141" 141 1.04635761589 271 105 63 41 16 3 1 0 0 0 0 0 0 0 0 0 0 0 0 0
