"site" "RSA" "aa1" "aa2" "aa3" "aa4" "aa5" "aa6" "aa7" "aa8" "aa9" "aa10" "aa11" "aa12" "aa13" "aa14" "aa15" "aa16" "aa17" "aa18" "aa19" "aa20"
"0" 0 0.816513761468 300 165 22 4 3 2 2 1 1 0 0 0 0 0 0 0 0 0 0 0
"1" 1 0.384105960265 269 151 45 22 10 3 0 0 0 0 0 0 0 0 0 0 0 0 0 0
"2" 2 0.312820512821 249 170 66 4 4 4 2 1 0 0 0 0 0 0 0 0 0 0 0 0
"3" 3 0.0 315 177 6 2 0 0 0 0 0 0 0 0 0 0 0 0 0 0 0 0
"4" 4 0.121338912134 328 170 2 0 0 0 0 0 0 0 0 0 0 0 0 0 0 0 0 0
"5" 5 0.0 419 45 30 3 2 1 0 0 0 0 0 0 0 0 0 0 0 0 0 0
"6" 6 0.238341968912 248 159 87 3 2 1 0 0 0 0 0 0 0 0 0 0 0 0 0 0
"7" 7 0.0152284263959 428 71 1 0 0 0 0 0 0 0 0 0 0 0 0 0 0 0 0 0
"8" 8 0.0988372093023 283 117 85 8 3 3 1 0 0 0 0 0 0 0 0 0 0 0 0 0
"9" 9 0.320675105485 145 79 62 58 57 39 30 14 10 3 1 1 1 0 0 0 0 0 0 0
"10" 10 0.589743589744 334 146 19 1 0 0 0 0 0 0 0 0 0 0 0 0 0 0 0 0
"11" 11 0.576923076923 500 0 0 0 0 0 0 0 0 0 0 0 0 0 0 0 0 0 0 0
"12" 12 0.434108527132 264 149 69 9 6 3 0 0 0 0 0 0 0 0 0 0 0 0 0 0
"13" 13 0.74213836478 380 59 41 10 10 0 0 0 0 0 0 0 0 0 0 0 0 0 0 0
"14" 14 0.278606965174 143 129 66 54 38 29 23 15 3 0 0 0 0 0 0 0 0 0 0 0
"15" 15 0.269230769231 500 0 0 0 0 0 0 0 0 0 0 0 0 0 0 0 0 0 0 0
"16" 16 0.290697674419 228 224 35 7 5 1 0 0 0 0 0 0 0 0 0 0 0 0 0 0
"17" 17 0.0 445 28 15 6 2 2 2 0 0 0 0 0 0 0 0 0 0 0 0 0
"18" 18 0.354430379747 436 30 21 9 2 2 0 0 0 0 0 0 0 0 0 0 0 0 0 0
"19" 19 0.0 294 161 30 6 5 4 0 0 0 0 0 0 0 0 0 0 0 0 0 0
"20" 20 0.354430379747 395 49 33 21 2 0 0 0 0 0 0 0 0 0 0 0 0 0 0 0
"21" 21 0.0696517412935 494 4 1 1 0 0 0 0 0 0 0 0 0 0 0 0 0 0 0 0
"22" 22 0.196652719665 268 133 94 4 1 0 0 0 0 0 0 0 0 0 0 0 0 0 0 0
"23" 23 0.0984455958549 400 89 5 2 2 1 1 0 0 0 0 0 0 0 0 0 0 0 0 0
"24" 24 0.875647668394 176 158 87 22 21 20 8 4 2 2 0 0 0 0 0 0 0 0 0 0
"25" 25 0.183908045977 275 171 19 19 8 7 1 0 0 0 0 0 0 0 0 0 0 0 0 0
"26" 26 0.0 500 0 0 0 0 0 0 0 0 0 0 0 0 0 0 0 0 0 0 0
"27" 27 0.396226415094 295 56 52 37 35 21 1 1 1 1 0 0 0 0 0 0 0 0 0 0
"28" 28 0.573839662447 284 100 32 20 18 18 16 7 5 0 0 0 0 0 0 0 0 0 0 0
"29" 29 0.0 207 159 69 20 19 13 10 2 1 0 0 0 0 0 0 0 0 0 0 0
"30" 30 0.0 499 1 0 0 0 0 0 0 0 0 0 0 0 0 0 0 0 0 0 0
"31" 31 0.279069767442 321 93 57 22 5 1 1 0 0 0 0 0 0 0 0 0 0 0 0 0
"32" 32 0.0 290 128 28 21 18 14 1 0 0 0 0 0 0 0 0 0 0 0 0 0
"33" 33 0.0 445 28 21 5 1 0 0 0 0 0 0 0 0 0 0 0 0 0 0 0
"34" 34 0.0912408759124 256 200 35 7 1 1 0 0 0 0 0 0 0 0 0 0 0 0 0 0
"35" 35 0.031007751938 327 40 36 33 20 16 12 11 3 1 1 0 0 0 0 0 0 0 0 0
"36" 36 0.00497512437811 500 0 0 0 0 0 0 0 0 0 0 0 0 0 0 0 0 0 0 0
"37" 37 0.0126582278481 451 34 12 3 0 0 0 0 0 0 0 0 0 0 0 0 0 0 0 0
"38" 38 0.302325581395 233 144 60 47 9 5 1 1 0 0 0 0 0 0 0 0 0 0 0 0
"39" 39 0.278846153846 500 0 0 0 0 0 0 0 0 0 0 0 0 0 0 0 0 0 0 0
"40" 40 0.589285714286 144 126 105 74 27 21 2 1 0 0 0 0 0 0 0 0 0 0 0 0
"41" 41 0.485232067511 450 17 17 11 2 2 1 0 0 0 0 0 0 0 0 0 0 0 0 0
"42" 42 0.701923076923 500 0 0 0 0 0 0 0 0 0 0 0 0 0 0 0 0 0 0 0
"43" 43 0.238493723849 500 0 0 0 0 0 0 0 0 0 0 0 0 0 0 0 0 0 0 0
"44" 44 0.105769230769 500 0 0 0 0 0 0 0 0 0 0 0 0 0 0 0 0 0 0 0
"45" 45 0.0 460 30 7 3 0 0 0 0 0 0 0 0 0 0 0 0 0 0 0 0
"46" 46 0.511627906977 500 0 0 0 0 0 0 0 0 0 0 0 0 0 0 0 0 0 0 0
"47" 47 0.336538461538 500 0 0 0 0 0 0 0 0 0 0 0 0 0 0 0 0 0 0 0
"48" 48 0.046357615894 499 1 0 0 0 0 0 0 0 0 0 0 0 0 0 0 0 0 0 0
"49" 49 0.191387559809 258 72 67 35 22 18 18 6 3 1 0 0 0 0 0 0 0 0 0 0
"50" 50 0.0 353 76 67 3 1 0 0 0 0 0 0 0 0 0 0 0 0 0 0 0
"51" 51 0.11961722488 322 141 37 0 0 0 0 0 0 0 0 0 0 0 0 0 0 0 0 0
"52" 52 0.361313868613 257 220 8 4 4 2 2 2 1 0 0 0 0 0 0 0 0 0 0 0
"53" 53 0.00574712643678 426 40 34 0 0 0 0 0 0 0 0 0 0 0 0 0 0 0 0 0
"54" 54 0.121827411168 230 229 39 2 0 0 0 0 0 0 0 0 0 0 0 0 0 0 0 0
"55" 55 0.301886792453 500 0 0 0 0 0 0 0 0 0 0 0 0 0 0 0 0 0 0 0
"56" 56 0.663212435233 308 192 0 0 0 0 0 0 0 0 0 0 0 0 0 0 0 0 0 0
"57" 57 0.192468619247 407 59 34 0 0 0 0 0 0 0 0 0 0 0 0 0 0 0 0 0
"58" 58 0.0137614678899 302 98 69 19 6 4 2 0 0 0 0 0 0 0 0 0 0 0 0 0
"59" 59 0.0 324 127 19 17 12 1 0 0 0 0 0 0 0 0 0 0 0 0 0 0
"60" 60 0.139013452915 257 129 37 36 14 11 9 4 2 1 0 0 0 0 0 0 0 0 0 0
"61" 61 0.0 408 92 0 0 0 0 0 0 0 0 0 0 0 0 0 0 0 0 0 0
"62" 62 0.0 500 0 0 0 0 0 0 0 0 0 0 0 0 0 0 0 0 0 0 0
"63" 63 0.0103626943005 500 0 0 0 0 0 0 0 0 0 0 0 0 0 0 0 0 0 0 0
"64" 64 0.188284518828 446 39 14 1 0 0 0 0 0 0 0 0 0 0 0 0 0 0 0 0
"65" 65 0.488372093023 340 136 14 6 3 1 0 0 0 0 0 0 0 0 0 0 0 0 0 0
"66" 66 0.364341085271 217 166 117 0 0 0 0 0 0 0 0 0 0 0 0 0 0 0 0 0
"67" 67 0.201923076923 323 133 36 6 2 0 0 0 0 0 0 0 0 0 0 0 0 0 0 0
"68" 68 0.502564102564 498 2 0 0 0 0 0 0 0 0 0 0 0 0 0 0 0 0 0 0
"69" 69 0.298076923077 500 0 0 0 0 0 0 0 0 0 0 0 0 0 0 0 0 0 0 0
"70" 70 0.651162790698 260 111 93 34 2 0 0 0 0 0 0 0 0 0 0 0 0 0 0 0
"71" 71 0.173076923077 500 0 0 0 0 0 0 0 0 0 0 0 0 0 0 0 0 0 0 0
"72" 72 0.182692307692 500 0 0 0 0 0 0 0 0 0 0 0 0 0 0 0 0 0 0 0
"73" 73 0.35864978903 440 39 14 7 0 0 0 0 0 0 0 0 0 0 0 0 0 0 0 0
"74" 74 0.0198675496689 500 0 0 0 0 0 0 0 0 0 0 0 0 0 0 0 0 0 0 0
"75" 75 0.203045685279 348 73 66 8 5 0 0 0 0 0 0 0 0 0 0 0 0 0 0 0
"76" 76 0.406844106464 283 94 39 22 14 13 11 10 6 4 3 1 0 0 0 0 0 0 0 0
"77" 77 0.355769230769 500 0 0 0 0 0 0 0 0 0 0 0 0 0 0 0 0 0 0 0
"78" 78 0.573643410853 327 93 79 1 0 0 0 0 0 0 0 0 0 0 0 0 0 0 0 0
"79" 79 0.514767932489 305 117 78 0 0 0 0 0 0 0 0 0 0 0 0 0 0 0 0 0
"80" 80 0.100418410042 253 114 59 38 14 9 5 5 2 1 0 0 0 0 0 0 0 0 0 0
"81" 81 0.449612403101 262 87 72 58 14 7 0 0 0 0 0 0 0 0 0 0 0 0 0 0
"82" 82 0.124352331606 411 56 16 10 6 1 0 0 0 0 0 0 0 0 0 0 0 0 0 0
"83" 83 0.236607142857 277 158 63 2 0 0 0 0 0 0 0 0 0 0 0 0 0 0 0 0
"84" 84 0.235897435897 307 175 18 0 0 0 0 0 0 0 0 0 0 0 0 0 0 0 0 0
"85" 85 0.334728033473 428 56 16 0 0 0 0 0 0 0 0 0 0 0 0 0 0 0 0 0
"86" 86 0.587443946188 274 172 30 13 4 4 2 1 0 0 0 0 0 0 0 0 0 0 0 0
"87" 87 0.218905472637 292 174 19 6 4 3 1 1 0 0 0 0 0 0 0 0 0 0 0 0
"88" 88 0.552742616034 491 9 0 0 0 0 0 0 0 0 0 0 0 0 0 0 0 0 0 0
"89" 89 0.0 496 2 2 0 0 0 0 0 0 0 0 0 0 0 0 0 0 0 0 0
"90" 90 0.420512820513 500 0 0 0 0 0 0 0 0 0 0 0 0 0 0 0 0 0 0 0
"91" 91 0.324894514768 292 101 66 36 3 2 0 0 0 0 0 0 0 0 0 0 0 0 0 0
"92" 92 0.37106918239 278 212 8 2 0 0 0 0 0 0 0 0 0 0 0 0 0 0 0 0
"93" 93 0.0192307692308 500 0 0 0 0 0 0 0 0 0 0 0 0 0 0 0 0 0 0 0
"94" 94 0.0199004975124 496 2 1 1 0 0 0 0 0 0 0 0 0 0 0 0 0 0 0 0
"95" 95 0.0 443 44 10 2 1 0 0 0 0 0 0 0 0 0 0 0 0 0 0 0
"96" 96 0.0 439 34 12 9 3 1 1 1 0 0 0 0 0 0 0 0 0 0 0 0
"97" 97 0.0 255 189 36 20 0 0 0 0 0 0 0 0 0 0 0 0 0 0 0 0
"98" 98 0.062015503876 218 118 90 47 16 6 3 2 0 0 0 0 0 0 0 0 0 0 0 0
"99" 99 0.225641025641 499 1 0 0 0 0 0 0 0 0 0 0 0 0 0 0 0 0 0 0
"100" 100 0.635658914729 461 39 0 0 0 0 0 0 0 0 0 0 0 0 0 0 0 0 0 0
"101" 101 0.240384615385 500 0 0 0 0 0 0 0 0 0 0 0 0 0 0 0 0 0 0 0
"102" 102 0.654088050314 255 233 12 0 0 0 0 0 0 0 0 0 0 0 0 0 0 0 0 0
"103" 103 0.476923076923 493 7 0 0 0 0 0 0 0 0 0 0 0 0 0 0 0 0 0 0
"104" 104 0.156976744186 305 192 3 0 0 0 0 0 0 0 0 0 0 0 0 0 0 0 0 0
"105" 105 0.0 169 158 129 38 3 2 1 0 0 0 0 0 0 0 0 0 0 0 0 0
"106" 106 0.0961538461538 405 95 0 0 0 0 0 0 0 0 0 0 0 0 0 0 0 0 0 0
"107" 107 0.00662251655629 500 0 0 0 0 0 0 0 0 0 0 0 0 0 0 0 0 0 0 0
"108" 108 0.103139013453 313 115 37 32 2 1 0 0 0 0 0 0 0 0 0 0 0 0 0 0
"109" 109 0.0 437 61 1 1 0 0 0 0 0 0 0 0 0 0 0 0 0 0 0 0
"110" 110 0.0209205020921 203 119 91 39 16 15 9 5 3 0 0 0 0 0 0 0 0 0 0 0
"111" 111 0.0 461 30 6 2 1 0 0 0 0 0 0 0 0 0 0 0 0 0 0 0
"112" 112 0.0 472 25 3 0 0 0 0 0 0 0 0 0 0 0 0 0 0 0 0 0
"113" 113 0.0988372093023 337 162 1 0 0 0 0 0 0 0 0 0 0 0 0 0 0 0 0 0
"114" 114 0.252873563218 492 7 1 0 0 0 0 0 0 0 0 0 0 0 0 0 0 0 0 0
"115" 115 0.390804597701 493 2 2 2 1 0 0 0 0 0 0 0 0 0 0 0 0 0 0 0
"116" 116 0.0 471 17 6 4 1 1 0 0 0 0 0 0 0 0 0 0 0 0 0 0
"117" 117 0.403973509934 430 45 13 8 2 1 1 0 0 0 0 0 0 0 0 0 0 0 0 0
"118" 118 0.535460992908 215 155 110 13 4 3 0 0 0 0 0 0 0 0 0 0 0 0 0 0
"119" 119 0.089552238806 335 76 61 25 2 1 0 0 0 0 0 0 0 0 0 0 0 0 0 0
"120" 120 0.238341968912 491 6 3 0 0 0 0 0 0 0 0 0 0 0 0 0 0 0 0 0
"121" 121 0.413461538462 500 0 0 0 0 0 0 0 0 0 0 0 0 0 0 0 0 0 0 0
"122" 122 0.540084388186 500 0 0 0 0 0 0 0 0 0 0 0 0 0 0 0 0 0 0 0
"123" 123 0.157894736842 495 5 0 0 0 0 0 0 0 0 0 0 0 0 0 0 0 0 0 0
"124" 124 0.0 445 29 26 0 0 0 0 0 0 0 0 0 0 0 0 0 0 0 0 0
"125" 125 0.0172413793103 488 6 5 1 0 0 0 0 0 0 0 0 0 0 0 0 0 0 0 0
"126" 126 0.0 498 2 0 0 0 0 0 0 0 0 0 0 0 0 0 0 0 0 0 0
"127" 127 0.0 500 0 0 0 0 0 0 0 0 0 0 0 0 0 0 0 0 0 0 0
"128" 128 0.205357142857 136 125 113 75 50 1 0 0 0 0 0 0 0 0 0 0 0 0 0 0
"129" 129 0.0862068965517 425 29 27 16 3 0 0 0 0 0 0 0 0 0 0 0 0 0 0 0
"130" 130 0.380710659898 422 28 23 15 5 3 2 2 0 0 0 0 0 0 0 0 0 0 0 0
"131" 131 0.481865284974 436 59 3 2 0 0 0 0 0 0 0 0 0 0 0 0 0 0 0 0
"132" 132 0.0288461538462 500 0 0 0 0 0 0 0 0 0 0 0 0 0 0 0 0 0 0 0
"133" 133 0.238532110092 316 133 23 13 5 3 3 2 1 1 0 0 0 0 0 0 0 0 0 0
"134" 134 0.625641025641 223 215 51 5 4 2 0 0 0 0 0 0 0 0 0 0 0 0 0 0
"135" 135 0.0287356321839 500 0 0 0 0 0 0 0 0 0 0 0 0 0 0 0 0 0 0 0
"136" 136 0.0 321 148 12 9 3 3 2 1 1 0 0 0 0 0 0 0 0 0 0 0
"137" 137 0.544303797468 214 173 40 31 27 7 3 3 1 1 0 0 0 0 0 0 0 0 0 0
"138" 138 0.255813953488 301 52 49 44 13 13 12 10 3 2 1 0 0 0 0 0 0 0 0 0
"139" 139 0.0 486 8 5 1 0 0 0 0 0 0 0 0 0 0 0 0 0 0 0 0
"140" 140 0.129464285714 498 2 0 0 0 0 0 0 0 0 0 0 0 0 0 0 0 0 0 0
"141" 141 0.488372093023 261 198 32 6 2 1 0 0 0 0 0 0 0 0 0 0 0 0 0 0
"142" 142 0.138392857143 100 90 66 65 56 39 31 22 17 5 5 2 1 1 0 0 0 0 0 0
"143" 143 0.0192307692308 500 0 0 0 0 0 0 0 0 0 0 0 0 0 0 0 0 0 0 0
"144" 144 0.165562913907 500 0 0 0 0 0 0 0 0 0 0 0 0 0 0 0 0 0 0 0
"145" 145 0.721153846154 446 53 1 0 0 0 0 0 0 0 0 0 0 0 0 0 0 0 0 0
"146" 146 0.562913907285 500 0 0 0 0 0 0 0 0 0 0 0 0 0 0 0 0 0 0 0
"147" 147 0.0192307692308 500 0 0 0 0 0 0 0 0 0 0 0 0 0 0 0 0 0 0 0
"148" 148 0.64135021097 478 22 0 0 0 0 0 0 0 0 0 0 0 0 0 0 0 0 0 0
"149" 149 0.188679245283 478 11 11 0 0 0 0 0 0 0 0 0 0 0 0 0 0 0 0 0
"150" 150 0.700729927007 436 37 18 8 1 0 0 0 0 0 0 0 0 0 0 0 0 0 0 0
"151" 151 0.0993377483444 245 188 36 12 6 5 3 3 1 1 0 0 0 0 0 0 0 0 0 0
"152" 152 0.368613138686 243 86 83 50 19 13 5 1 0 0 0 0 0 0 0 0 0 0 0 0
"153" 153 0.0 254 143 58 14 12 7 6 4 1 1 0 0 0 0 0 0 0 0 0 0
"154" 154 0.236607142857 325 154 14 3 2 1 1 0 0 0 0 0 0 0 0 0 0 0 0 0
"155" 155 0.0 485 11 2 1 1 0 0 0 0 0 0 0 0 0 0 0 0 0 0 0
"156" 156 0.356589147287 398 38 34 13 11 4 2 0 0 0 0 0 0 0 0 0 0 0 0 0
"157" 157 0.523206751055 304 127 35 20 14 0 0 0 0 0 0 0 0 0 0 0 0 0 0 0
"158" 158 0.107594936709 500 0 0 0 0 0 0 0 0 0 0 0 0 0 0 0 0 0 0 0
"159" 159 0.0769230769231 500 0 0 0 0 0 0 0 0 0 0 0 0 0 0 0 0 0 0 0
"160" 160 0.367816091954 364 116 9 4 3 3 1 0 0 0 0 0 0 0 0 0 0 0 0 0
"161" 161 0.645569620253 418 32 21 12 5 4 4 2 2 0 0 0 0 0 0 0 0 0 0 0
