"site" "RSA" "aa1" "aa2" "aa3" "aa4" "aa5" "aa6" "aa7" "aa8" "aa9" "aa10" "aa11" "aa12" "aa13" "aa14" "aa15" "aa16" "aa17" "aa18" "aa19" "aa20"
"0" 0 1.05960264901 405 43 26 16 7 2 1 0 0 0 0 0 0 0 0 0 0 0 0 0
"1" 1 0.732142857143 189 91 55 55 30 26 15 10 9 9 4 3 3 1 0 0 0 0 0 0
"2" 2 0.0722433460076 454 20 10 6 4 3 2 1 0 0 0 0 0 0 0 0 0 0 0 0
"3" 3 0.357512953368 131 97 71 51 40 26 22 22 18 12 4 3 1 1 1 0 0 0 0 0
"4" 4 0.06463878327 181 158 63 48 25 13 3 3 2 1 1 1 1 0 0 0 0 0 0 0
"5" 5 0.273631840796 128 78 71 64 58 46 35 7 6 2 2 2 1 0 0 0 0 0 0 0
"6" 6 0.00418410041841 245 100 92 38 10 5 3 3 2 1 1 0 0 0 0 0 0 0 0 0
"7" 7 0.160337552743 114 99 95 78 58 15 14 13 7 4 3 0 0 0 0 0 0 0 0 0
"8" 8 0.0 184 121 84 40 38 8 7 5 4 4 3 1 1 0 0 0 0 0 0 0
"9" 9 0.0 402 41 14 14 12 3 3 3 3 2 2 1 0 0 0 0 0 0 0 0
"10" 10 0.0 344 55 50 12 8 7 5 5 4 4 2 2 2 0 0 0 0 0 0 0
"11" 11 0.0 128 85 81 75 35 27 23 19 11 10 2 2 1 1 0 0 0 0 0 0
"12" 12 0.0 500 0 0 0 0 0 0 0 0 0 0 0 0 0 0 0 0 0 0 0
"13" 13 0.14358974359 206 63 62 47 23 21 16 13 11 9 8 7 5 4 3 2 0 0 0 0
"14" 14 0.377483443709 89 86 51 42 40 38 25 25 19 16 14 14 9 7 7 7 6 4 1 0
"15" 15 0.538461538462 497 3 0 0 0 0 0 0 0 0 0 0 0 0 0 0 0 0 0 0
"16" 16 0.0114942528736 178 113 108 71 14 12 3 1 0 0 0 0 0 0 0 0 0 0 0 0
"17" 17 0.153846153846 495 3 2 0 0 0 0 0 0 0 0 0 0 0 0 0 0 0 0 0
"18" 18 0.0253164556962 97 81 78 74 50 42 24 23 10 7 5 4 3 1 1 0 0 0 0 0
"19" 19 0.192052980132 137 84 49 37 34 25 23 18 18 17 13 13 9 8 7 6 2 0 0 0
"20" 20 0.0886075949367 98 93 79 64 34 32 19 16 15 13 12 9 6 6 2 1 1 0 0 0
"21" 21 0.0199004975124 254 64 43 39 28 25 23 6 6 3 2 2 2 1 1 1 0 0 0 0
"22" 22 0.0 333 58 29 23 12 9 8 7 6 5 5 3 2 0 0 0 0 0 0 0
"23" 23 0.109452736318 143 98 88 74 20 15 14 12 8 7 6 6 5 3 1 0 0 0 0 0
"24" 24 0.153284671533 197 82 58 40 24 21 20 17 16 11 6 4 2 1 1 0 0 0 0 0
"25" 25 0.0167364016736 358 39 35 30 11 6 6 3 3 2 2 2 2 1 0 0 0 0 0 0
"26" 26 0.185430463576 258 59 58 45 20 19 9 6 6 5 4 4 3 2 1 1 0 0 0 0
"27" 27 0.40414507772 120 116 77 62 29 27 22 20 11 6 6 2 1 1 0 0 0 0 0 0
"28" 28 0.59585492228 181 118 47 29 27 25 24 18 14 14 3 0 0 0 0 0 0 0 0 0
"29" 29 0.377906976744 98 91 73 64 52 39 33 20 12 11 3 2 1 1 0 0 0 0 0 0
"30" 30 0.281368821293 146 125 124 24 21 16 13 9 6 4 3 3 2 2 1 1 0 0 0 0
"31" 31 0.470930232558 122 70 59 48 40 34 32 32 20 12 12 10 4 3 1 1 0 0 0 0
"32" 32 0.589743589744 136 100 93 38 33 23 18 15 9 9 8 7 5 3 2 1 0 0 0 0
"33" 33 0.787564766839 409 78 8 4 1 0 0 0 0 0 0 0 0 0 0 0 0 0 0 0
"34" 34 0.220532319392 96 92 64 56 42 40 33 25 16 11 8 7 5 2 2 1 0 0 0 0
"35" 35 0.802030456853 165 55 53 51 40 36 35 29 15 13 4 2 1 1 0 0 0 0 0 0
"36" 36 0.377483443709 134 58 52 44 38 36 24 22 21 18 11 8 8 8 7 5 4 2 0 0
"37" 37 0.802325581395 132 77 77 67 32 27 23 21 15 13 5 5 3 2 1 0 0 0 0 0
"38" 38 0.675126903553 198 111 44 38 26 26 16 13 10 6 5 5 1 1 0 0 0 0 0 0
"39" 39 0.451923076923 250 56 48 36 27 22 19 10 10 5 5 4 3 2 1 1 1 0 0 0
"40" 40 0.0919540229885 77 72 60 59 55 44 26 22 17 16 13 13 9 8 3 3 2 1 0 0
"41" 41 0.523316062176 134 122 40 39 35 26 24 17 16 12 12 11 4 3 3 2 0 0 0 0
"42" 42 0.292887029289 286 170 12 12 7 6 2 2 1 1 1 0 0 0 0 0 0 0 0 0
"43" 43 0.270042194093 183 59 47 37 35 27 24 18 16 11 11 10 10 5 5 1 1 0 0 0
"44" 44 0.446700507614 148 117 69 66 33 25 17 8 7 2 2 2 1 1 1 1 0 0 0 0
"45" 45 0.227848101266 146 106 50 50 47 17 16 13 13 11 9 8 4 4 3 3 0 0 0 0
"46" 46 0.424418604651 171 82 71 35 35 34 26 10 9 7 6 4 4 2 2 1 1 0 0 0
"47" 47 0.0689655172414 137 63 45 39 34 32 28 23 19 16 16 15 13 10 4 4 2 0 0 0
"48" 48 0.53125 117 113 74 65 35 20 20 14 11 10 7 6 5 1 1 1 0 0 0 0
"49" 49 0.0199004975124 193 77 58 50 26 23 19 13 11 11 4 4 3 3 2 2 1 0 0 0
"50" 50 0.549222797927 369 46 18 14 14 12 9 6 5 4 2 1 0 0 0 0 0 0 0 0
"51" 51 0.692307692308 365 135 0 0 0 0 0 0 0 0 0 0 0 0 0 0 0 0 0 0
"52" 52 0.303797468354 163 49 43 36 36 33 30 26 21 17 11 11 7 7 7 2 1 0 0 0
"53" 53 0.174418604651 188 74 70 33 32 27 20 18 17 5 3 3 3 2 2 1 1 1 0 0
"54" 54 0.0 207 164 77 15 12 7 6 4 2 2 2 1 1 0 0 0 0 0 0 0
"55" 55 0.244725738397 196 129 72 70 25 2 1 1 1 1 1 1 0 0 0 0 0 0 0 0
"56" 56 0.0 321 43 36 25 16 14 11 9 9 6 4 4 1 1 0 0 0 0 0 0
"57" 57 0.22869955157 139 99 89 56 46 32 14 13 4 3 3 1 1 0 0 0 0 0 0 0
"58" 58 0.00507614213198 357 56 31 27 9 6 6 2 2 2 1 1 0 0 0 0 0 0 0 0
"59" 59 0.195035460993 189 135 134 17 10 8 5 2 0 0 0 0 0 0 0 0 0 0 0 0
"60" 60 0.0259067357513 127 107 85 72 50 36 7 5 4 3 1 1 1 1 0 0 0 0 0 0
"61" 61 0.0116279069767 307 72 39 37 23 6 6 3 2 2 1 1 1 0 0 0 0 0 0 0
"62" 62 0.519379844961 309 63 34 32 24 22 4 3 3 3 2 1 0 0 0 0 0 0 0 0
"63" 63 0.403846153846 414 45 12 11 6 4 3 3 1 1 0 0 0 0 0 0 0 0 0 0
"64" 64 0.255605381166 174 62 62 52 48 27 26 14 9 7 6 4 4 3 2 0 0 0 0 0
"65" 65 0.0625 160 55 49 41 36 30 29 28 19 10 8 8 8 7 7 3 2 0 0 0
"66" 66 0.642335766423 171 66 64 49 36 26 25 25 11 10 7 3 2 2 2 1 0 0 0 0
"67" 67 0.602510460251 255 104 40 34 26 14 9 7 3 2 2 2 1 1 0 0 0 0 0 0
"68" 68 0.481751824818 309 49 26 23 22 22 15 13 10 6 5 0 0 0 0 0 0 0 0 0
"69" 69 0.5 131 109 90 65 53 17 10 8 6 5 3 2 1 0 0 0 0 0 0 0
"70" 70 0.106598984772 217 128 49 32 24 18 6 6 6 4 4 3 2 1 0 0 0 0 0 0
"71" 71 0.377906976744 103 85 75 60 50 26 26 14 13 11 8 8 6 5 5 4 1 0 0 0
"72" 72 0.324503311258 81 66 64 60 57 54 24 20 18 17 13 11 10 2 2 1 0 0 0 0
"73" 73 0.456953642384 120 103 84 52 34 32 19 17 13 11 10 3 2 0 0 0 0 0 0 0
"74" 74 0.06463878327 267 195 9 5 5 4 3 3 2 2 1 1 1 1 1 0 0 0 0 0
"75" 75 0.0114068441065 271 116 81 18 8 2 1 1 1 1 0 0 0 0 0 0 0 0 0 0
"76" 76 0.613138686131 246 57 43 29 29 24 23 19 9 8 6 3 3 1 0 0 0 0 0 0
"77" 77 0.528846153846 423 66 8 1 1 1 0 0 0 0 0 0 0 0 0 0 0 0 0 0
"78" 78 0.0331125827815 318 121 13 10 8 8 6 6 4 3 2 1 0 0 0 0 0 0 0 0
"79" 79 0.239234449761 285 103 32 18 12 11 9 8 7 6 4 4 1 0 0 0 0 0 0 0
"80" 80 0.0 168 141 127 55 7 2 0 0 0 0 0 0 0 0 0 0 0 0 0 0
"81" 81 0.0 286 65 63 39 28 12 4 2 1 0 0 0 0 0 0 0 0 0 0 0
"82" 82 0.0152284263959 327 48 40 22 21 12 11 8 6 2 1 1 1 0 0 0 0 0 0 0
"83" 83 0.0 161 158 87 64 21 4 3 1 1 0 0 0 0 0 0 0 0 0 0 0
"84" 84 0.00574712643678 196 193 56 36 12 3 2 1 1 0 0 0 0 0 0 0 0 0 0 0
"85" 85 0.0 165 129 111 28 18 17 15 8 3 3 1 1 1 0 0 0 0 0 0 0
"86" 86 0.0621761658031 338 103 28 23 4 3 1 0 0 0 0 0 0 0 0 0 0 0 0 0
"87" 87 0.00574712643678 400 35 21 9 7 7 6 5 4 3 2 1 0 0 0 0 0 0 0 0
"88" 88 0.209302325581 341 76 42 17 8 5 5 2 1 1 1 1 0 0 0 0 0 0 0 0
"89" 89 0.378238341969 378 44 23 7 7 7 6 6 5 5 4 4 2 1 1 0 0 0 0 0
"90" 90 0.381165919283 158 91 67 54 26 22 21 19 10 9 6 5 4 2 2 2 1 1 0 0
"91" 91 0.477678571429 176 104 73 66 19 18 10 8 8 8 5 4 1 0 0 0 0 0 0 0
"92" 92 0.0132450331126 378 32 25 19 11 11 6 5 5 4 1 1 1 1 0 0 0 0 0 0
"93" 93 0.0627615062762 269 119 39 22 12 11 7 5 5 4 3 2 1 1 0 0 0 0 0 0
"94" 94 0.394871794872 99 85 77 47 44 38 30 29 21 13 8 7 1 1 0 0 0 0 0 0
"95" 95 0.00961538461538 91 68 64 59 55 42 29 17 17 12 12 11 10 9 2 2 0 0 0 0
"96" 96 0.0 152 91 41 33 32 31 30 21 18 18 11 7 6 3 3 2 1 0 0 0
"97" 97 0.565400843882 170 74 74 63 52 17 13 12 11 6 3 2 2 1 0 0 0 0 0 0
"98" 98 0.155963302752 151 68 50 38 35 34 32 29 28 14 13 3 3 2 0 0 0 0 0 0
"99" 99 0.0141843971631 175 105 94 28 28 24 13 7 6 6 5 4 2 1 1 1 0 0 0 0
"100" 100 0.0796019900498 129 106 85 48 38 30 22 17 11 11 3 0 0 0 0 0 0 0 0 0
"101" 101 0.506726457399 180 72 58 37 32 29 28 23 17 9 8 4 2 1 0 0 0 0 0 0
"102" 102 0.200892857143 119 83 73 56 33 32 32 20 14 14 14 4 3 3 0 0 0 0 0 0
"103" 103 0.0203045685279 191 81 62 46 40 30 8 8 6 6 5 5 4 4 2 1 1 0 0 0
"104" 104 0.709844559585 122 80 64 39 36 33 28 27 25 17 13 6 5 2 2 1 0 0 0 0
"105" 105 0.653284671533 197 74 73 48 34 31 26 4 3 3 2 1 1 1 1 1 0 0 0 0
"106" 106 0.285171102662 274 105 30 25 22 17 11 6 3 2 2 1 1 1 0 0 0 0 0 0
"107" 107 0.116279069767 137 132 113 53 25 17 6 6 5 3 2 1 0 0 0 0 0 0 0 0
"108" 108 0.459302325581 233 53 41 29 28 25 25 18 13 12 9 7 4 1 1 1 0 0 0 0
"109" 109 0.788079470199 184 77 66 57 38 22 15 13 11 5 4 4 2 2 0 0 0 0 0 0
"110" 110 0.523255813953 141 74 72 54 37 30 26 22 12 11 9 4 4 3 1 0 0 0 0 0
"111" 111 0.109195402299 106 93 77 64 50 32 18 17 15 9 5 4 3 2 2 1 1 1 0 0
"112" 112 0.129353233831 98 62 60 59 43 41 33 31 26 14 13 8 6 3 2 1 0 0 0 0
"113" 113 0.198312236287 149 143 59 25 20 16 16 15 15 14 8 8 6 3 2 1 0 0 0 0
"114" 114 0.0 413 40 28 7 6 4 2 0 0 0 0 0 0 0 0 0 0 0 0 0
"115" 115 0.0 135 122 100 37 19 17 13 12 11 8 6 6 5 5 2 2 0 0 0 0
"116" 116 0.00574712643678 185 138 64 45 22 17 8 7 5 4 4 1 0 0 0 0 0 0 0 0
"117" 117 0.0 309 99 26 25 9 8 7 6 4 2 2 2 1 0 0 0 0 0 0 0
"118" 118 0.025641025641 278 83 59 48 27 3 2 0 0 0 0 0 0 0 0 0 0 0 0 0
"119" 119 0.244725738397 244 126 51 50 11 11 6 1 0 0 0 0 0 0 0 0 0 0 0 0
"120" 120 0.0759493670886 380 63 14 12 11 9 3 3 2 2 1 0 0 0 0 0 0 0 0 0
"121" 121 0.20725388601 158 137 44 41 37 17 14 13 11 9 8 5 5 1 0 0 0 0 0 0
"122" 122 0.363184079602 103 94 67 61 37 36 25 19 15 12 12 9 4 3 3 0 0 0 0 0
"123" 123 0.632911392405 167 124 60 41 25 22 20 11 11 8 6 4 1 0 0 0 0 0 0 0
"124" 124 0.875647668394 156 121 90 59 27 25 9 8 3 2 0 0 0 0 0 0 0 0 0 0
"125" 125 0.637130801688 185 146 73 21 20 16 12 12 7 3 2 2 1 0 0 0 0 0 0 0
"126" 126 0.255474452555 197 149 42 36 20 15 11 9 7 6 4 2 2 0 0 0 0 0 0 0
"127" 127 0.431034482759 181 170 30 26 23 18 14 9 9 4 4 4 4 3 1 0 0 0 0 0
"128" 128 0.0172413793103 277 59 50 42 31 13 8 6 6 5 1 1 1 0 0 0 0 0 0 0
"129" 129 0.526785714286 150 105 70 57 28 28 25 17 4 3 3 2 2 2 2 1 1 0 0 0
"130" 130 0.372623574144 129 95 45 43 35 34 31 21 21 14 12 11 6 2 1 0 0 0 0 0
"131" 131 0.549222797927 226 68 61 45 27 19 18 17 10 5 3 1 0 0 0 0 0 0 0 0
"132" 132 0.48275862069 178 99 48 42 32 27 16 16 13 11 6 4 3 3 1 1 0 0 0 0
"133" 133 0.0 317 68 46 38 6 6 6 5 4 2 1 1 0 0 0 0 0 0 0 0
"134" 134 0.303797468354 170 85 78 76 22 20 13 12 9 6 5 1 1 1 1 0 0 0 0 0
"135" 135 0.584821428571 160 95 71 41 34 33 15 14 14 12 5 3 1 1 1 0 0 0 0 0
"136" 136 0.213389121339 182 52 50 47 45 35 28 21 12 9 6 4 3 2 2 1 1 0 0 0
"137" 137 0.0 403 87 5 3 1 1 0 0 0 0 0 0 0 0 0 0 0 0 0 0
"138" 138 0.492227979275 169 62 60 59 57 27 16 14 13 9 4 4 3 1 1 1 0 0 0 0
"139" 139 0.635658914729 149 101 59 46 40 21 18 17 17 10 9 6 6 1 0 0 0 0 0 0
"140" 140 0.246153846154 114 89 79 58 37 32 26 14 13 13 10 6 4 3 2 0 0 0 0 0
"141" 141 0.789029535865 381 119 0 0 0 0 0 0 0 0 0 0 0 0 0 0 0 0 0 0
"142" 142 0.0321100917431 144 107 107 36 24 16 14 14 8 6 6 5 5 5 2 1 0 0 0 0
"143" 143 0.327044025157 427 36 11 6 5 4 4 2 2 2 1 0 0 0 0 0 0 0 0 0
"144" 144 0.0627615062762 170 141 127 37 7 5 4 4 2 1 1 1 0 0 0 0 0 0 0 0
"145" 145 0.174129353234 268 88 51 40 15 11 7 4 4 4 3 2 2 1 0 0 0 0 0 0
"146" 146 0.116071428571 114 88 76 56 54 36 26 15 10 8 4 4 3 3 2 1 0 0 0 0
"147" 147 0.0 370 81 38 7 2 1 1 0 0 0 0 0 0 0 0 0 0 0 0 0
"148" 148 0.0 463 15 8 7 3 2 1 1 0 0 0 0 0 0 0 0 0 0 0 0
"149" 149 0.015503875969 195 162 46 21 20 20 10 9 6 4 2 1 1 1 1 1 0 0 0 0
"150" 150 0.333333333333 123 93 65 49 45 31 22 18 15 15 8 8 5 2 1 0 0 0 0 0
"151" 151 0.347150259067 137 109 100 31 23 22 15 13 12 11 8 8 5 4 1 1 0 0 0 0
"152" 152 0.41059602649 406 52 13 12 7 3 2 2 2 1 0 0 0 0 0 0 0 0 0 0
"153" 153 0.308139534884 92 91 78 57 51 30 27 21 19 18 8 5 3 0 0 0 0 0 0 0
"154" 154 0.307692307692 396 44 27 20 4 2 2 2 2 1 0 0 0 0 0 0 0 0 0 0
"155" 155 0.0172413793103 392 62 18 13 4 3 3 2 1 1 1 0 0 0 0 0 0 0 0 0
"156" 156 0.397321428571 194 77 46 40 40 22 20 16 11 9 9 5 4 4 2 1 0 0 0 0
"157" 157 0.430051813472 135 108 85 75 33 15 13 10 8 8 6 3 1 0 0 0 0 0 0 0
"158" 158 0.031007751938 256 172 30 10 9 6 6 5 3 2 1 0 0 0 0 0 0 0 0 0
"159" 159 0.0125523012552 352 56 43 10 9 8 6 5 4 4 2 1 0 0 0 0 0 0 0 0
"160" 160 0.26368159204 196 83 62 56 31 23 12 10 8 5 4 3 3 2 1 1 0 0 0 0
"161" 161 0.261627906977 157 141 81 41 18 12 12 7 7 7 6 6 4 1 0 0 0 0 0 0
"162" 162 0.0 233 97 69 31 24 19 13 8 4 1 1 0 0 0 0 0 0 0 0 0
"163" 163 0.0 344 61 20 17 14 11 10 9 4 3 2 2 1 1 1 0 0 0 0 0
"164" 164 0.317518248175 205 105 85 25 19 18 16 8 6 5 4 2 1 1 0 0 0 0 0 0
"165" 165 0.134529147982 93 87 82 82 54 24 20 17 13 9 8 5 2 2 2 0 0 0 0 0
"166" 166 0.0 185 72 66 64 36 23 16 14 14 6 2 1 1 0 0 0 0 0 0 0
"167" 167 0.177215189873 159 58 53 50 42 38 35 19 11 9 9 8 5 3 1 0 0 0 0 0
"168" 168 0.651785714286 122 95 81 60 44 26 20 15 9 7 7 6 4 2 1 1 0 0 0 0
"169" 169 0.490066225166 117 72 47 44 40 38 32 22 18 18 13 12 8 7 4 3 3 2 0 0
"170" 170 0.160550458716 132 104 71 40 26 24 23 21 18 15 13 5 2 2 2 1 1 0 0 0
"171" 171 0.417218543046 150 78 51 39 39 33 30 28 18 18 7 5 2 1 1 0 0 0 0 0
"172" 172 0.547085201794 121 94 94 86 49 19 19 13 1 1 1 1 1 0 0 0 0 0 0 0
"173" 173 0.690582959641 197 101 64 38 32 17 15 14 9 5 3 2 2 1 0 0 0 0 0 0
"174" 174 0.323076923077 110 97 51 49 42 40 27 26 22 13 8 5 4 2 1 1 1 1 0 0
"175" 175 0.0845771144279 267 74 71 26 23 9 7 6 4 3 3 3 2 1 1 0 0 0 0 0
"176" 176 0.364102564103 102 83 59 56 42 35 34 33 14 13 11 10 4 2 1 1 0 0 0 0
"177" 177 0.441964285714 140 122 49 40 39 29 24 23 14 10 4 2 1 1 1 1 0 0 0 0
"178" 178 0.0523255813953 125 71 52 48 46 38 28 20 19 16 9 8 6 5 4 3 2 0 0 0
"179" 179 0.0523255813953 163 76 51 51 43 32 21 15 13 10 7 5 4 4 3 2 0 0 0 0
"180" 180 0.27802690583 202 83 76 43 16 13 12 9 9 9 8 6 5 4 3 1 1 0 0 0
"181" 181 0.654008438819 183 142 46 37 33 33 7 6 6 3 3 1 0 0 0 0 0 0 0 0
"182" 182 0.443037974684 166 161 71 35 13 12 10 10 8 8 3 1 1 1 0 0 0 0 0 0
"183" 183 0.504464285714 112 105 72 64 37 28 15 14 11 10 8 7 5 4 4 2 1 1 0 0
"184" 184 0.694300518135 365 52 20 17 13 8 7 4 3 3 2 2 2 1 1 0 0 0 0 0
"185" 185 0.459915611814 95 67 66 54 48 34 34 26 23 23 20 7 1 1 1 0 0 0 0 0
"186" 186 0.586538461538 477 22 1 0 0 0 0 0 0 0 0 0 0 0 0 0 0 0 0 0
"187" 187 0.692307692308 109 86 63 53 35 31 28 20 20 12 10 10 9 8 2 2 1 1 0 0
"188" 188 0.701149425287 104 95 78 61 40 36 22 21 17 13 6 2 2 2 1 0 0 0 0 0
"189" 189 0.579487179487 178 117 45 40 32 24 18 7 7 7 5 5 5 3 3 2 2 0 0 0
"190" 190 0.786069651741 86 74 68 57 47 39 34 30 20 16 15 11 3 0 0 0 0 0 0 0
"191" 191 0.835443037975 311 40 37 36 19 17 14 11 7 3 2 2 1 0 0 0 0 0 0 0
"192" 192 0.423076923077 193 58 58 36 33 30 27 10 10 8 7 6 6 6 6 5 1 0 0 0
"193" 193 1.05381165919 353 56 37 22 13 9 4 4 1 1 0 0 0 0 0 0 0 0 0 0
