"site" "RSA" "aa1" "aa2" "aa3" "aa4" "aa5" "aa6" "aa7" "aa8" "aa9" "aa10" "aa11" "aa12" "aa13" "aa14" "aa15" "aa16" "aa17" "aa18" "aa19" "aa20"
"0" 0 0.275229357798 167 139 102 43 24 6 5 3 3 2 2 1 1 1 1 0 0 0 0 0
"1" 1 0.723214285714 196 99 66 59 41 16 10 9 3 1 0 0 0 0 0 0 0 0 0 0
"2" 2 0.317948717949 145 121 77 42 39 24 20 9 8 3 3 3 2 1 1 1 1 0 0 0
"3" 3 0.0836820083682 363 70 23 15 12 4 4 3 2 1 1 1 1 0 0 0 0 0 0 0
"4" 4 0.390134529148 149 78 62 49 39 30 24 21 21 14 5 4 3 1 0 0 0 0 0 0
"5" 5 0.316455696203 169 136 79 43 18 17 15 6 4 3 3 3 2 1 1 0 0 0 0 0
"6" 6 0.402298850575 204 98 57 33 26 26 23 15 6 6 5 1 0 0 0 0 0 0 0 0
"7" 7 0.482142857143 100 99 80 67 63 41 10 8 8 6 6 6 4 1 1 0 0 0 0 0
"8" 8 0.514767932489 147 96 51 49 41 30 21 18 16 12 10 7 2 0 0 0 0 0 0 0
"9" 9 0.395939086294 219 86 67 41 29 11 11 9 8 6 5 3 2 1 1 1 0 0 0 0
"10" 10 0.240384615385 443 22 22 4 3 2 2 1 1 0 0 0 0 0 0 0 0 0 0 0
"11" 11 0.683035714286 132 95 54 44 26 26 24 22 22 14 11 11 6 5 4 2 2 0 0 0
"12" 12 0.336538461538 276 90 54 39 17 9 9 3 2 1 0 0 0 0 0 0 0 0 0 0
"13" 13 1.06976744186 238 190 28 10 10 8 6 3 2 2 1 1 1 0 0 0 0 0 0 0
"14" 14 0.269230769231 489 5 2 1 1 1 1 0 0 0 0 0 0 0 0 0 0 0 0 0
"15" 15 0.14367816092 128 107 80 32 28 26 19 17 15 13 9 9 9 5 2 1 0 0 0 0
"16" 16 0.183908045977 185 83 49 43 34 17 16 15 15 8 7 7 6 6 4 4 1 0 0 0
"17" 17 0.171102661597 230 152 108 6 2 2 0 0 0 0 0 0 0 0 0 0 0 0 0 0
"18" 18 0.240506329114 327 70 35 26 15 7 4 4 4 3 2 1 1 1 0 0 0 0 0 0
"19" 19 0.0 280 74 74 48 10 9 3 1 1 0 0 0 0 0 0 0 0 0 0 0
"20" 20 0.357664233577 166 89 88 34 27 26 23 18 7 5 4 3 3 3 3 1 0 0 0 0
"21" 21 0.0923076923077 179 100 67 36 28 28 22 13 10 6 5 2 1 1 1 1 0 0 0 0
"22" 22 0.455696202532 201 51 46 45 31 28 25 14 14 14 12 9 4 4 2 0 0 0 0 0
"23" 23 0.696517412935 151 149 71 23 20 18 18 13 11 9 7 6 2 1 1 0 0 0 0 0
"24" 24 0.563953488372 121 94 53 51 46 44 37 22 11 8 4 3 3 2 1 0 0 0 0 0
"25" 25 0.432692307692 467 21 6 3 2 1 0 0 0 0 0 0 0 0 0 0 0 0 0 0
"26" 26 0.379464285714 113 112 51 42 39 36 35 26 16 11 6 4 3 2 1 1 1 1 0 0
"27" 27 0.350574712644 117 85 81 56 38 27 26 20 18 14 9 5 2 1 1 0 0 0 0 0
"28" 28 0.0 183 91 65 46 45 30 18 7 7 3 3 1 1 0 0 0 0 0 0 0
"29" 29 0.124031007752 124 115 98 49 34 23 16 9 8 7 6 5 3 2 1 0 0 0 0 0
"30" 30 0.0 180 88 87 53 31 18 14 10 8 5 2 1 1 1 1 0 0 0 0 0
"31" 31 0.177215189873 150 85 73 51 40 23 19 18 14 11 7 3 3 2 1 0 0 0 0 0
"32" 32 0.0759493670886 112 102 55 44 38 26 25 23 16 15 14 9 7 6 6 2 0 0 0 0
"33" 33 0.10152284264 162 64 61 49 24 23 23 19 18 14 14 12 6 5 3 3 0 0 0 0
"34" 34 0.489051094891 128 73 48 32 32 31 31 27 21 18 17 15 10 9 7 1 0 0 0 0
"35" 35 0.139303482587 170 97 90 47 32 16 13 8 7 5 5 4 3 1 1 1 0 0 0 0
"36" 36 0.378238341969 132 118 62 55 42 22 21 11 10 10 8 7 2 0 0 0 0 0 0 0
"37" 37 0.343023255814 162 79 51 49 34 26 24 14 14 12 11 10 5 3 3 2 1 0 0 0
"38" 38 0.723214285714 102 94 82 70 34 30 26 25 18 8 5 3 3 0 0 0 0 0 0 0
"39" 39 0.593023255814 97 94 57 42 35 31 31 30 20 18 13 11 10 4 3 3 1 0 0 0
"40" 40 0.709821428571 109 60 56 53 40 33 27 27 23 22 13 11 11 10 3 2 0 0 0 0
"41" 41 0.288461538462 500 0 0 0 0 0 0 0 0 0 0 0 0 0 0 0 0 0 0 0
"42" 42 0.362068965517 113 73 45 40 38 33 29 29 22 22 21 15 12 5 3 0 0 0 0 0
"43" 43 0.207547169811 153 122 68 51 24 21 15 14 11 11 5 2 1 1 1 0 0 0 0 0
"44" 44 0.569536423841 141 133 67 32 31 29 16 13 12 8 7 5 2 2 2 0 0 0 0 0
"45" 45 0.348837209302 116 114 77 47 31 24 22 21 16 13 11 8 0 0 0 0 0 0 0 0
"46" 46 0.0 90 74 57 43 40 28 25 24 24 23 18 14 14 10 6 5 3 2 0 0
"47" 47 0.482233502538 118 117 109 39 39 18 11 11 9 7 6 5 5 3 2 1 0 0 0 0
"48" 48 0.29197080292 156 100 83 71 39 23 9 6 3 3 2 1 1 1 1 1 0 0 0 0
"49" 49 0.0267857142857 216 73 63 37 31 16 16 13 12 10 5 5 2 1 0 0 0 0 0 0
"50" 50 0.121827411168 108 102 84 70 47 17 15 13 11 8 7 6 5 3 2 1 1 0 0 0
"51" 51 0.403973509934 138 95 92 42 28 25 21 19 18 7 6 5 3 1 0 0 0 0 0 0
"52" 52 0.0597014925373 187 90 68 47 31 23 19 12 8 6 5 2 1 1 0 0 0 0 0 0
"53" 53 0.0398009950249 125 76 73 60 44 21 20 20 16 15 14 11 2 2 1 0 0 0 0 0
"54" 54 0.632911392405 174 56 54 52 47 43 19 14 13 10 5 5 4 2 1 1 0 0 0 0
"55" 55 0.424107142857 147 74 67 49 43 34 23 16 15 10 5 4 4 3 2 2 1 1 0 0
"56" 56 0.0199004975124 371 59 18 11 9 8 6 6 5 4 2 1 0 0 0 0 0 0 0 0
"57" 57 0.594871794872 200 71 54 38 37 36 35 14 7 3 3 1 1 0 0 0 0 0 0 0
"58" 58 0.177033492823 290 112 60 16 6 5 4 2 2 1 1 1 0 0 0 0 0 0 0 0
"59" 59 0.566037735849 172 145 119 49 8 3 2 1 1 0 0 0 0 0 0 0 0 0 0 0
"60" 60 0.0564102564103 194 115 84 40 21 13 7 5 4 4 3 3 3 3 1 0 0 0 0 0
"61" 61 0.010152284264 347 60 27 20 17 15 8 2 1 1 1 1 0 0 0 0 0 0 0 0
"62" 62 0.0287356321839 98 92 62 55 42 37 31 26 16 14 13 7 5 1 1 0 0 0 0 0
"63" 63 0.430379746835 89 70 64 56 48 37 34 34 26 18 16 4 3 1 0 0 0 0 0 0
"64" 64 0.124378109453 288 118 25 16 11 11 8 6 5 4 3 2 1 1 1 0 0 0 0 0
"65" 65 0.268656716418 216 47 44 42 34 31 18 15 12 10 10 8 7 6 0 0 0 0 0 0
"66" 66 0.461139896373 130 115 74 45 29 26 23 14 14 12 9 6 2 1 0 0 0 0 0 0
"67" 67 0.155172413793 194 123 44 42 33 17 15 9 9 5 3 2 2 1 1 0 0 0 0 0
"68" 68 0.147208121827 275 43 35 33 24 23 20 12 11 5 5 4 4 2 2 2 0 0 0 0
"69" 69 0.66985645933 110 92 71 57 50 28 20 15 15 14 9 8 7 2 1 1 0 0 0 0
"70" 70 0.348837209302 221 69 45 41 37 31 16 14 9 7 4 2 2 1 1 0 0 0 0 0
"71" 71 0.723214285714 90 84 84 79 73 53 20 4 4 3 2 1 1 1 1 0 0 0 0 0
"72" 72 0.4 152 84 53 40 32 30 30 28 18 8 7 7 6 3 2 0 0 0 0 0
"73" 73 0.257383966245 164 86 54 53 33 33 27 16 10 7 6 4 3 1 1 1 1 0 0 0
"74" 74 0.0298507462687 140 76 64 41 37 29 29 23 14 12 10 7 6 5 5 1 1 0 0 0
"75" 75 0.0836501901141 252 70 61 44 17 17 12 10 4 4 3 3 2 1 0 0 0 0 0 0
"76" 76 0.0 175 118 111 27 13 12 11 8 8 5 5 4 2 1 0 0 0 0 0 0
"77" 77 0.0172413793103 188 145 38 36 32 20 18 8 6 3 2 2 1 1 0 0 0 0 0 0
"78" 78 0.0836820083682 198 107 87 30 28 20 18 4 3 2 2 1 0 0 0 0 0 0 0 0
"79" 79 0.174107142857 184 101 50 48 41 17 14 12 8 7 5 5 4 3 1 0 0 0 0 0
"80" 80 0.163179916318 259 166 51 12 6 4 1 1 0 0 0 0 0 0 0 0 0 0 0 0
"81" 81 0.0497512437811 227 121 59 58 13 10 4 4 3 1 0 0 0 0 0 0 0 0 0 0
"82" 82 0.377990430622 173 115 68 36 31 24 14 13 9 6 5 2 2 1 1 0 0 0 0 0
"83" 83 0.125560538117 124 120 65 46 46 36 12 10 9 8 7 6 6 2 2 1 0 0 0 0
"84" 84 0.217616580311 178 88 66 56 27 23 16 9 9 8 7 6 3 2 1 1 0 0 0 0
"85" 85 0.0 173 89 82 43 35 17 14 10 9 6 6 5 4 3 2 1 1 0 0 0
"86" 86 0.232067510549 150 141 58 57 37 20 14 7 7 4 4 1 0 0 0 0 0 0 0 0
"87" 87 0.485232067511 106 92 79 40 34 29 27 25 25 17 11 9 3 2 1 0 0 0 0 0
"88" 88 0.0334728033473 102 89 75 54 49 36 34 14 10 8 6 6 6 3 3 2 2 1 0 0
"89" 89 0.0321100917431 99 81 80 68 50 25 25 18 17 7 7 7 5 4 4 2 1 0 0 0
"90" 90 0.492227979275 126 105 77 64 35 32 20 19 9 5 3 2 1 1 1 0 0 0 0 0
"91" 91 0.612403100775 63 54 51 49 49 41 36 31 28 23 21 13 13 10 9 6 3 0 0 0
"92" 92 0.0927152317881 170 47 46 38 31 29 27 25 18 15 12 10 10 9 7 6 0 0 0 0
"93" 93 0.527131782946 135 69 65 65 45 35 30 10 10 9 8 7 4 4 2 1 1 0 0 0
"94" 94 0.880597014925 114 111 110 37 34 31 17 11 9 9 9 3 2 1 1 1 0 0 0 0
"95" 95 0.761627906977 141 112 38 29 23 22 21 20 20 20 12 11 11 10 9 1 0 0 0 0
"96" 96 0.173076923077 498 2 0 0 0 0 0 0 0 0 0 0 0 0 0 0 0 0 0 0
"97" 97 0.0710659898477 156 96 44 42 39 35 27 25 13 12 7 2 1 1 0 0 0 0 0 0
"98" 98 0.51572327044 186 124 62 45 22 20 18 13 7 2 1 0 0 0 0 0 0 0 0 0
"99" 99 0.283582089552 121 117 83 40 31 27 25 16 14 9 7 4 3 3 0 0 0 0 0 0
"100" 100 0.396226415094 167 144 96 20 18 14 13 11 6 5 3 1 1 1 0 0 0 0 0 0
"101" 101 0.0199004975124 214 84 41 34 28 26 22 19 10 8 5 2 2 2 1 1 1 0 0 0
"102" 102 0.0304568527919 334 40 40 32 13 12 9 5 4 4 3 2 1 1 0 0 0 0 0 0
"103" 103 0.0632911392405 229 101 44 39 36 13 9 7 6 4 4 4 2 1 1 0 0 0 0 0
"104" 104 0.0132450331126 256 69 32 31 23 20 15 14 14 13 4 4 3 1 1 0 0 0 0 0
"105" 105 0.0 136 82 81 69 37 17 16 13 13 12 10 6 3 3 1 1 0 0 0 0
"106" 106 0.0 119 102 102 48 47 28 20 9 8 4 3 3 2 2 1 1 1 0 0 0
"107" 107 0.209205020921 190 142 57 48 27 10 8 5 4 4 3 1 1 0 0 0 0 0 0 0
"108" 108 0.0582959641256 168 91 44 43 25 24 24 23 18 14 14 4 4 3 1 0 0 0 0 0
"109" 109 0.0 249 182 25 18 9 5 4 4 2 1 1 0 0 0 0 0 0 0 0 0
"110" 110 0.0 175 149 50 39 26 17 16 9 5 4 3 2 1 1 1 1 1 0 0 0
"111" 111 0.282511210762 167 126 81 34 22 18 14 11 10 6 4 2 2 2 1 0 0 0 0 0
"112" 112 0.0 236 227 35 1 1 0 0 0 0 0 0 0 0 0 0 0 0 0 0 0
"113" 113 0.0 203 80 64 38 29 20 19 13 11 10 6 4 1 1 1 0 0 0 0 0
"114" 114 0.116279069767 248 117 27 27 20 19 11 9 7 6 6 3 0 0 0 0 0 0 0 0
"115" 115 0.209205020921 177 162 63 36 22 13 6 4 3 3 3 3 2 1 1 1 0 0 0 0
"116" 116 0.0 248 94 49 38 36 13 13 6 1 1 1 0 0 0 0 0 0 0 0 0
"117" 117 0.124401913876 271 68 28 21 18 18 15 14 9 9 9 6 4 4 3 2 1 0 0 0
"118" 118 0.576158940397 172 115 51 32 23 21 20 15 15 13 8 5 3 3 2 1 1 0 0 0
"119" 119 0.320574162679 155 83 81 68 63 16 14 7 5 3 2 2 1 0 0 0 0 0 0 0
"120" 120 0.35401459854 321 79 31 15 14 10 9 8 5 3 3 2 0 0 0 0 0 0 0 0
"121" 121 0.0 200 119 51 43 37 16 8 7 7 4 2 2 2 1 1 0 0 0 0 0
"122" 122 0.0 149 93 66 36 35 34 28 23 11 6 6 4 3 3 1 1 1 0 0 0
"123" 123 0.0 490 5 1 1 1 1 1 0 0 0 0 0 0 0 0 0 0 0 0 0
"124" 124 0.0583941605839 299 83 72 10 9 8 6 5 4 2 1 1 0 0 0 0 0 0 0 0
"125" 125 0.0880829015544 222 187 46 21 12 3 3 2 1 1 1 1 0 0 0 0 0 0 0 0
"126" 126 0.0 110 110 81 59 50 43 23 11 6 3 2 1 1 0 0 0 0 0 0 0
"127" 127 0.172995780591 176 85 71 63 58 13 11 10 9 2 1 1 0 0 0 0 0 0 0 0
"128" 128 0.0 132 122 57 51 42 33 26 20 11 4 1 1 0 0 0 0 0 0 0 0
"129" 129 0.309417040359 221 100 79 71 12 7 2 2 2 1 1 1 1 0 0 0 0 0 0 0
"130" 130 0.0717948717949 176 102 77 55 50 19 9 4 3 2 2 1 0 0 0 0 0 0 0 0
"131" 131 0.0 243 153 34 18 10 10 8 8 4 3 3 2 1 1 1 1 0 0 0 0
"132" 132 0.199004975124 110 108 75 73 59 21 16 14 14 4 3 1 1 1 0 0 0 0 0 0
"133" 133 0.0 131 119 78 65 34 31 14 11 5 4 2 2 2 1 1 0 0 0 0 0
"134" 134 0.138461538462 370 90 14 8 6 5 3 2 2 0 0 0 0 0 0 0 0 0 0 0
"135" 135 0.383720930233 101 89 81 80 58 17 15 14 14 11 7 6 3 2 2 0 0 0 0 0
"136" 136 0.571428571429 145 122 64 42 40 31 18 11 11 7 7 1 1 0 0 0 0 0 0 0
"137" 137 0.0 500 0 0 0 0 0 0 0 0 0 0 0 0 0 0 0 0 0 0 0
"138" 138 0.0697674418605 182 93 81 42 27 20 16 12 7 5 5 4 3 2 1 0 0 0 0 0
"139" 139 0.0 205 168 66 26 21 8 4 1 1 0 0 0 0 0 0 0 0 0 0 0
"140" 140 0.10970464135 231 125 37 35 28 14 12 8 5 2 1 1 1 0 0 0 0 0 0 0
"141" 141 0.0 195 140 60 54 11 10 8 7 6 4 3 1 1 0 0 0 0 0 0 0
"142" 142 0.0697674418605 281 114 76 18 7 3 1 0 0 0 0 0 0 0 0 0 0 0 0 0
"143" 143 0.305699481865 209 151 89 29 9 5 4 2 1 1 0 0 0 0 0 0 0 0 0 0
"144" 144 0.00418410041841 399 74 11 8 3 2 1 1 1 0 0 0 0 0 0 0 0 0 0 0
"145" 145 0.105769230769 129 107 75 59 38 25 18 15 9 9 6 6 3 1 0 0 0 0 0 0
"146" 146 0.268656716418 135 88 63 59 56 32 17 16 14 6 6 5 3 0 0 0 0 0 0 0
"147" 147 0.0 245 231 17 2 2 2 1 0 0 0 0 0 0 0 0 0 0 0 0 0
"148" 148 0.197080291971 187 83 49 47 35 32 26 11 6 6 5 5 4 2 1 1 0 0 0 0
"149" 149 0.325581395349 94 66 62 49 38 32 30 27 23 22 21 17 9 5 2 2 1 0 0 0
"150" 150 0.125523012552 112 68 64 38 32 30 29 26 23 16 14 13 10 9 5 4 3 3 1 0
"151" 151 0.269230769231 220 85 79 47 28 9 6 5 4 4 4 3 2 2 1 1 0 0 0 0
"152" 152 0.804597701149 258 93 57 45 22 10 5 4 2 2 1 1 0 0 0 0 0 0 0 0
"153" 153 0.748427672956 208 166 70 45 11 0 0 0 0 0 0 0 0 0 0 0 0 0 0 0
"154" 154 0.16091954023 175 111 57 33 26 18 17 16 9 9 8 6 5 3 3 2 1 1 0 0
"155" 155 0.558394160584 282 49 46 26 22 18 16 15 9 8 6 2 1 0 0 0 0 0 0 0
"156" 156 0.523255813953 96 73 67 65 42 40 37 18 18 12 10 8 7 3 2 2 0 0 0 0
"157" 157 0.110266159696 234 147 40 24 21 10 10 4 3 2 1 1 1 1 1 0 0 0 0 0
"158" 158 0.832535885167 208 60 53 24 24 23 23 21 18 15 10 9 5 5 2 0 0 0 0 0
"159" 159 0.790178571429 376 42 32 11 10 9 8 4 3 3 1 1 0 0 0 0 0 0 0 0
"160" 160 0.0804597701149 173 148 43 40 29 22 9 9 7 6 5 5 3 1 0 0 0 0 0 0
"161" 161 0.0114942528736 124 70 68 48 44 36 33 30 17 12 8 4 3 2 1 0 0 0 0 0
"162" 162 0.273255813953 129 124 69 63 42 33 18 10 4 4 4 0 0 0 0 0 0 0 0 0
"163" 163 0.164179104478 326 120 16 11 10 5 3 2 2 2 1 1 1 0 0 0 0 0 0 0
"164" 164 0.351063829787 133 117 79 66 46 23 16 12 4 2 1 1 0 0 0 0 0 0 0 0
"165" 165 0.0152091254753 186 137 84 24 15 15 12 9 5 4 3 2 2 1 1 0 0 0 0 0
"166" 166 0.142335766423 467 26 2 2 1 1 1 0 0 0 0 0 0 0 0 0 0 0 0 0
"167" 167 0.0077519379845 277 73 52 52 14 12 8 4 4 1 1 1 1 0 0 0 0 0 0 0
"168" 168 0.0 185 90 35 35 31 25 24 20 16 15 10 4 3 3 2 1 1 0 0 0
"169" 169 0.0223214285714 315 50 37 28 21 11 10 8 8 5 3 1 1 1 1 0 0 0 0 0
"170" 170 0.0761421319797 134 74 63 63 48 25 22 22 17 11 10 6 4 1 0 0 0 0 0 0
"171" 171 0.0199004975124 315 94 22 17 11 9 9 8 4 4 2 2 2 1 0 0 0 0 0 0
"172" 172 0.0 150 138 46 32 25 19 15 15 14 11 11 10 6 3 2 2 1 0 0 0
"173" 173 0.259615384615 226 102 54 49 21 15 12 10 6 4 1 0 0 0 0 0 0 0 0 0
"174" 174 0.113924050633 191 165 37 30 28 19 17 7 3 1 1 1 0 0 0 0 0 0 0 0
"175" 175 0.455696202532 81 71 67 60 58 54 42 38 12 6 6 2 2 1 0 0 0 0 0 0
"176" 176 0.539923954373 190 78 50 38 33 27 27 21 17 7 4 3 2 2 1 0 0 0 0 0
"177" 177 0.0304182509506 200 118 87 45 26 9 5 3 3 2 1 1 0 0 0 0 0 0 0 0
"178" 178 0.23178807947 291 109 51 41 8 0 0 0 0 0 0 0 0 0 0 0 0 0 0 0
"179" 179 0.267441860465 145 67 56 55 51 41 29 18 14 7 6 5 2 2 1 1 0 0 0 0
"180" 180 0.0852713178295 230 75 46 37 25 24 21 11 10 6 6 6 1 1 1 0 0 0 0 0
"181" 181 0.0 200 80 53 53 51 18 14 13 9 3 2 2 1 1 0 0 0 0 0 0
"182" 182 0.0 488 4 3 2 2 1 0 0 0 0 0 0 0 0 0 0 0 0 0 0
"183" 183 0.010152284264 138 70 64 53 52 43 22 21 19 4 3 3 3 2 2 1 0 0 0 0
"184" 184 0.0 140 118 79 72 43 16 14 6 5 4 2 1 0 0 0 0 0 0 0 0
"185" 185 0.0 214 146 63 39 18 8 7 2 2 1 0 0 0 0 0 0 0 0 0 0
"186" 186 0.00497512437811 220 120 50 44 16 9 9 8 8 7 6 3 0 0 0 0 0 0 0 0
"187" 187 0.0 399 89 10 1 1 0 0 0 0 0 0 0 0 0 0 0 0 0 0 0
"188" 188 0.00632911392405 267 67 41 28 25 18 16 15 9 7 4 2 1 0 0 0 0 0 0 0
"189" 189 0.0 127 112 101 42 40 38 10 7 6 4 3 3 3 2 2 0 0 0 0 0
"190" 190 0.0 226 82 42 32 24 18 16 15 15 13 5 5 4 2 1 0 0 0 0 0
"191" 191 0.0 141 85 77 61 39 24 14 13 9 9 9 8 3 3 2 2 1 0 0 0
"192" 192 0.0178571428571 115 110 73 44 34 29 27 23 16 11 4 4 3 3 1 1 1 1 0 0
"193" 193 0.0 122 86 73 63 49 23 21 18 16 10 9 5 5 0 0 0 0 0 0 0
"194" 194 0.0689655172414 78 74 67 66 56 43 25 25 17 15 10 9 7 3 2 2 1 0 0 0
"195" 195 0.191860465116 179 77 64 55 35 34 20 12 10 9 2 2 1 0 0 0 0 0 0 0
"196" 196 0.299270072993 166 160 66 20 20 17 15 12 12 7 3 2 0 0 0 0 0 0 0 0
"197" 197 0.631386861314 204 107 57 54 33 12 12 9 7 3 1 1 0 0 0 0 0 0 0 0
"198" 198 0.15503875969 99 91 87 66 41 28 25 16 11 7 6 6 5 4 3 2 2 1 0 0
"199" 199 0.144278606965 313 50 35 28 26 18 12 4 3 3 2 2 1 1 1 1 0 0 0 0
"200" 200 0.00836820083682 368 65 13 12 11 10 7 4 3 2 2 1 1 1 0 0 0 0 0 0
"201" 201 0.245283018868 442 31 8 7 4 3 2 2 1 0 0 0 0 0 0 0 0 0 0 0
"202" 202 0.0384615384615 479 12 9 0 0 0 0 0 0 0 0 0 0 0 0 0 0 0 0 0
"203" 203 0.683937823834 126 97 69 54 38 29 21 20 15 13 12 3 2 1 0 0 0 0 0 0
"204" 204 0.337748344371 273 60 56 34 21 17 15 9 8 4 1 1 1 0 0 0 0 0 0 0
"205" 205 0.495535714286 301 44 41 35 22 18 11 10 6 4 2 2 2 1 1 0 0 0 0 0
"206" 206 0.324873096447 282 108 23 17 16 14 11 10 6 6 3 3 1 0 0 0 0 0 0 0
"207" 207 0.124352331606 167 84 46 41 34 25 25 24 16 12 8 8 5 3 1 1 0 0 0 0
"208" 208 0.0 176 109 52 48 47 21 11 9 9 8 3 2 2 1 1 1 0 0 0 0
"209" 209 0.0348258706468 240 110 40 34 29 20 6 6 4 3 3 3 1 1 0 0 0 0 0 0
"210" 210 0.200836820084 286 88 54 31 12 12 5 4 4 2 1 1 0 0 0 0 0 0 0 0
"211" 211 0.277372262774 252 88 53 22 21 20 15 9 4 4 3 3 2 2 1 1 0 0 0 0
"212" 212 0.0 262 116 41 20 12 9 7 6 5 5 5 3 3 2 2 2 0 0 0 0
"213" 213 0.00418410041841 185 135 105 46 10 7 6 2 2 1 1 0 0 0 0 0 0 0 0 0
"214" 214 0.383211678832 171 114 113 36 26 15 8 5 4 2 2 2 1 1 0 0 0 0 0 0
"215" 215 0.104651162791 307 34 28 25 20 13 12 12 9 9 8 8 7 3 3 2 0 0 0 0
"216" 216 0.0298507462687 323 68 22 18 16 13 10 10 9 4 4 2 1 0 0 0 0 0 0 0
"217" 217 0.0576923076923 500 0 0 0 0 0 0 0 0 0 0 0 0 0 0 0 0 0 0 0
"218" 218 0.156976744186 222 86 63 58 25 16 12 6 6 4 1 1 0 0 0 0 0 0 0 0
"219" 219 0.0377358490566 145 134 118 36 26 24 6 3 2 2 1 1 1 1 0 0 0 0 0 0
"220" 220 0.424870466321 261 125 50 19 13 8 7 6 3 2 2 2 1 1 0 0 0 0 0 0
"221" 221 0.34375 105 75 73 40 38 36 34 21 15 13 12 12 10 7 5 3 1 0 0 0
"222" 222 0.770114942529 168 77 73 69 63 22 16 8 3 1 0 0 0 0 0 0 0 0 0 0
"223" 223 0.350574712644 183 68 68 40 30 25 23 18 15 12 9 4 2 2 1 0 0 0 0 0
"224" 224 0.0390070921986 168 122 105 68 16 9 4 2 2 1 1 1 1 0 0 0 0 0 0 0
"225" 225 0.522012578616 239 146 31 20 18 13 13 11 6 3 0 0 0 0 0 0 0 0 0 0
"226" 226 0.317307692308 499 1 0 0 0 0 0 0 0 0 0 0 0 0 0 0 0 0 0 0
"227" 227 0.0 105 88 81 35 30 28 27 22 18 16 15 14 14 3 2 1 1 0 0 0
"228" 228 0.354651162791 109 91 59 55 33 32 24 22 16 13 10 10 9 9 6 1 1 0 0 0
"229" 229 0.675496688742 155 143 91 24 20 16 15 12 10 6 4 3 1 0 0 0 0 0 0 0
"230" 230 0.0871559633028 106 102 64 44 39 32 19 18 15 15 13 8 6 5 5 5 4 0 0 0
"231" 231 0.509433962264 207 197 65 16 5 2 2 2 2 1 1 0 0 0 0 0 0 0 0 0
"232" 232 0.466321243523 135 65 61 55 40 37 36 23 19 6 6 5 4 3 3 2 0 0 0 0
"233" 233 0.155893536122 196 96 95 62 35 9 2 2 2 1 0 0 0 0 0 0 0 0 0 0
"234" 234 0.426160337553 142 104 80 60 32 20 19 17 5 5 5 4 3 3 1 0 0 0 0 0
"235" 235 0.654088050314 244 113 49 26 18 16 11 7 6 5 4 1 0 0 0 0 0 0 0 0
"236" 236 0.668874172185 186 138 56 37 30 24 24 3 2 0 0 0 0 0 0 0 0 0 0 0
"237" 237 0.0376569037657 103 103 68 56 49 31 21 18 14 12 10 5 4 3 1 1 1 0 0 0
"238" 238 0.345911949686 143 109 85 46 32 26 21 20 6 5 4 2 1 0 0 0 0 0 0 0
"239" 239 0.763713080169 253 77 50 37 33 23 12 4 4 3 2 1 1 0 0 0 0 0 0 0
"240" 240 0.27304964539 274 134 37 18 12 9 6 3 3 2 1 1 0 0 0 0 0 0 0 0
"241" 241 0.713178294574 206 125 43 35 25 22 22 12 3 2 2 1 1 1 0 0 0 0 0 0
"242" 242 0.416058394161 108 71 65 61 51 28 28 20 16 12 12 7 6 6 4 4 1 0 0 0
"243" 243 0.367713004484 178 86 39 39 37 34 18 17 13 11 9 7 5 4 2 1 0 0 0 0
"244" 244 0.528497409326 143 133 89 40 31 17 15 13 7 4 3 2 2 1 0 0 0 0 0 0
"245" 245 0.0753138075314 156 59 59 52 37 29 27 24 16 8 8 7 7 5 3 2 1 0 0 0
"246" 246 0.291390728477 140 111 61 38 32 27 26 18 13 11 8 7 6 1 1 0 0 0 0 0
"247" 247 0.590717299578 120 101 69 58 57 28 26 17 10 8 3 1 1 1 0 0 0 0 0 0
"248" 248 0.0689655172414 103 102 91 70 41 20 14 13 9 8 8 6 6 3 3 2 1 0 0 0
"249" 249 0.00574712643678 86 80 76 65 63 56 29 17 11 6 5 4 1 1 0 0 0 0 0 0
"250" 250 0.509433962264 142 135 128 68 7 7 6 3 2 1 1 0 0 0 0 0 0 0 0 0
"251" 251 0.59748427673 256 101 64 45 10 7 6 6 3 2 0 0 0 0 0 0 0 0 0 0
"252" 252 0.0298507462687 95 89 86 78 41 27 24 17 14 12 11 3 2 1 0 0 0 0 0 0
"253" 253 0.316062176166 255 201 9 6 6 6 5 4 4 3 1 0 0 0 0 0 0 0 0 0
"254" 254 0.647321428571 151 121 82 47 36 32 13 11 7 0 0 0 0 0 0 0 0 0 0 0
"255" 255 0.238341968912 89 80 78 70 56 52 30 12 11 9 7 3 2 1 0 0 0 0 0 0
"256" 256 0.0 133 84 62 56 48 36 21 16 10 9 5 4 3 3 3 3 2 2 0 0
"257" 257 0.284671532847 107 73 70 60 58 44 32 19 16 12 4 2 1 1 1 0 0 0 0 0
"258" 258 0.304635761589 166 82 61 58 48 29 24 13 7 5 4 3 0 0 0 0 0 0 0 0
"259" 259 0.0 202 119 70 21 19 18 15 14 5 5 4 3 1 1 1 1 1 0 0 0
"260" 260 0.00497512437811 231 83 36 33 31 30 18 10 9 6 4 4 2 1 1 1 0 0 0 0
"261" 261 0.264900662252 115 88 82 43 41 32 23 19 14 11 9 9 6 3 2 2 1 0 0 0
"262" 262 0.318385650224 144 86 85 82 35 28 9 9 9 5 2 2 1 1 1 1 0 0 0 0
"263" 263 0.0 177 82 56 50 44 31 15 14 11 6 5 3 2 2 2 0 0 0 0 0
"264" 264 0.0248756218905 162 115 51 37 33 30 21 20 12 10 5 3 1 0 0 0 0 0 0 0
"265" 265 0.282296650718 349 67 31 16 16 5 5 3 3 3 1 1 0 0 0 0 0 0 0 0
"266" 266 0.0304182509506 157 124 94 41 30 12 11 7 7 5 5 4 2 1 0 0 0 0 0 0
"267" 267 0.0984455958549 188 111 95 37 18 17 12 6 5 3 3 2 2 1 0 0 0 0 0 0
"268" 268 0.194968553459 185 109 38 37 36 36 13 10 7 6 6 6 5 3 2 1 0 0 0 0
"269" 269 0.723076923077 177 132 73 58 33 11 6 5 2 1 1 1 0 0 0 0 0 0 0 0
"270" 270 0.616033755274 140 136 80 53 44 32 5 4 2 2 1 1 0 0 0 0 0 0 0 0
"271" 271 0.0510948905109 231 69 58 38 31 24 21 14 14 0 0 0 0 0 0 0 0 0 0 0
"272" 272 0.10152284264 141 129 75 52 34 20 15 13 7 5 5 1 1 1 1 0 0 0 0 0
"273" 273 0.364238410596 179 80 78 74 30 21 14 9 4 2 2 2 2 1 1 1 0 0 0 0
"274" 274 0.0077519379845 167 151 149 17 7 4 3 1 1 0 0 0 0 0 0 0 0 0 0 0
"275" 275 0.675105485232 308 71 27 19 18 13 13 12 5 3 3 3 2 2 1 0 0 0 0 0
"276" 276 0.348837209302 191 71 56 47 31 27 24 18 12 8 6 5 3 1 0 0 0 0 0 0
"277" 277 0.0 246 127 28 20 19 18 14 13 6 5 1 1 1 1 0 0 0 0 0 0
"278" 278 0.233830845771 384 21 15 15 14 11 10 9 9 7 1 1 1 1 1 0 0 0 0 0
"279" 279 0.697674418605 180 102 60 55 37 20 18 9 8 5 4 1 1 0 0 0 0 0 0 0
"280" 280 0.0813397129187 456 7 6 6 5 4 3 3 2 2 2 2 1 1 0 0 0 0 0 0
"281" 281 0.415094339623 156 135 63 43 41 24 17 11 4 3 2 1 0 0 0 0 0 0 0 0
"282" 282 0.0 107 105 82 76 36 34 25 12 8 6 4 2 2 1 0 0 0 0 0 0
"283" 283 0.0418410041841 281 178 39 2 0 0 0 0 0 0 0 0 0 0 0 0 0 0 0 0
"284" 284 0.677130044843 240 51 35 34 27 23 20 17 17 13 10 7 5 1 0 0 0 0 0 0
"285" 285 0.518134715026 123 118 107 68 30 21 15 6 6 4 1 1 0 0 0 0 0 0 0 0
"286" 286 0.229885057471 137 99 87 53 29 19 18 16 15 10 6 5 5 1 0 0 0 0 0 0
"287" 287 0.517441860465 309 99 20 12 11 9 9 9 8 6 4 2 2 0 0 0 0 0 0 0
"288" 288 0.489451476793 173 110 86 25 21 18 15 13 12 7 6 5 3 3 2 1 0 0 0 0
"289" 289 0.22641509434 139 93 72 58 36 21 19 17 15 9 7 5 4 4 1 0 0 0 0 0
"290" 290 0.563218390805 136 117 69 30 29 27 26 24 11 11 8 7 3 2 0 0 0 0 0 0
"291" 291 0.0377358490566 182 75 52 42 39 29 16 15 12 12 8 6 3 2 2 2 1 1 1 0
"292" 292 0.88995215311 340 42 33 30 21 11 7 4 3 3 2 2 2 0 0 0 0 0 0 0
"293" 293 0.497512437811 220 81 40 38 32 23 13 10 8 7 6 6 5 3 3 2 2 1 0 0
