"site" "RSA" "aa1" "aa2" "aa3" "aa4" "aa5" "aa6" "aa7" "aa8" "aa9" "aa10" "aa11" "aa12" "aa13" "aa14" "aa15" "aa16" "aa17" "aa18" "aa19" "aa20"
"0" 0 0.261627906977 347 70 34 16 13 13 5 2 0 0 0 0 0 0 0 0 0 0 0 0
"1" 1 0.623574144487 448 18 16 13 4 1 0 0 0 0 0 0 0 0 0 0 0 0 0 0
"2" 2 0.360465116279 390 110 0 0 0 0 0 0 0 0 0 0 0 0 0 0 0 0 0 0
"3" 3 0.279069767442 367 47 43 24 8 7 3 1 0 0 0 0 0 0 0 0 0 0 0 0
"4" 4 0.0875912408759 338 67 57 24 14 0 0 0 0 0 0 0 0 0 0 0 0 0 0 0
"5" 5 0.107623318386 427 39 24 4 4 1 1 0 0 0 0 0 0 0 0 0 0 0 0 0
"6" 6 0.0659898477157 214 198 87 1 0 0 0 0 0 0 0 0 0 0 0 0 0 0 0 0
"7" 7 0.0 500 0 0 0 0 0 0 0 0 0 0 0 0 0 0 0 0 0 0 0
"8" 8 0.062015503876 490 5 2 2 1 0 0 0 0 0 0 0 0 0 0 0 0 0 0 0
"9" 9 0.282700421941 483 9 6 1 1 0 0 0 0 0 0 0 0 0 0 0 0 0 0 0
"10" 10 0.0820512820513 415 38 27 9 5 3 3 0 0 0 0 0 0 0 0 0 0 0 0 0
"11" 11 0.21511627907 298 124 48 19 11 0 0 0 0 0 0 0 0 0 0 0 0 0 0 0
"12" 12 0.55223880597 354 85 19 17 16 6 2 1 0 0 0 0 0 0 0 0 0 0 0 0
"13" 13 0.379464285714 314 142 25 11 6 1 1 0 0 0 0 0 0 0 0 0 0 0 0 0
"14" 14 0.0152091254753 257 197 40 5 1 0 0 0 0 0 0 0 0 0 0 0 0 0 0 0
"15" 15 0.210970464135 202 127 81 62 9 7 5 4 3 0 0 0 0 0 0 0 0 0 0 0
"16" 16 0.0114942528736 438 39 16 3 2 1 1 0 0 0 0 0 0 0 0 0 0 0 0 0
"17" 17 0.0342205323194 368 83 41 5 2 1 0 0 0 0 0 0 0 0 0 0 0 0 0 0
"18" 18 0.00507614213198 459 32 8 1 0 0 0 0 0 0 0 0 0 0 0 0 0 0 0 0
"19" 19 0.111607142857 315 97 77 11 0 0 0 0 0 0 0 0 0 0 0 0 0 0 0 0
"20" 20 0.367088607595 268 148 74 4 3 3 0 0 0 0 0 0 0 0 0 0 0 0 0 0
"21" 21 0.580310880829 497 3 0 0 0 0 0 0 0 0 0 0 0 0 0 0 0 0 0 0
"22" 22 0.336538461538 500 0 0 0 0 0 0 0 0 0 0 0 0 0 0 0 0 0 0 0
"23" 23 0.354430379747 212 118 115 27 26 2 0 0 0 0 0 0 0 0 0 0 0 0 0 0
"24" 24 0.0 278 90 88 39 4 1 0 0 0 0 0 0 0 0 0 0 0 0 0 0
"25" 25 0.0459770114943 500 0 0 0 0 0 0 0 0 0 0 0 0 0 0 0 0 0 0 0
"26" 26 0.0 346 147 4 3 0 0 0 0 0 0 0 0 0 0 0 0 0 0 0 0
"27" 27 0.0077519379845 490 9 1 0 0 0 0 0 0 0 0 0 0 0 0 0 0 0 0 0
"28" 28 0.0 354 88 49 3 2 1 1 1 1 0 0 0 0 0 0 0 0 0 0 0
"29" 29 0.0 311 165 20 3 1 0 0 0 0 0 0 0 0 0 0 0 0 0 0 0
"30" 30 0.0310880829016 384 115 1 0 0 0 0 0 0 0 0 0 0 0 0 0 0 0 0 0
"31" 31 0.0 437 62 1 0 0 0 0 0 0 0 0 0 0 0 0 0 0 0 0 0
"32" 32 0.327044025157 347 101 27 19 6 0 0 0 0 0 0 0 0 0 0 0 0 0 0 0
"33" 33 0.00497512437811 412 50 13 10 10 5 0 0 0 0 0 0 0 0 0 0 0 0 0 0
"34" 34 0.269961977186 388 108 4 0 0 0 0 0 0 0 0 0 0 0 0 0 0 0 0 0
"35" 35 0.395348837209 424 58 9 5 2 1 1 0 0 0 0 0 0 0 0 0 0 0 0 0
"36" 36 0.243523316062 414 64 22 0 0 0 0 0 0 0 0 0 0 0 0 0 0 0 0 0
"37" 37 0.607594936709 475 18 5 2 0 0 0 0 0 0 0 0 0 0 0 0 0 0 0 0
"38" 38 0.607142857143 355 72 57 16 0 0 0 0 0 0 0 0 0 0 0 0 0 0 0 0
"39" 39 0.553846153846 371 95 15 10 7 2 0 0 0 0 0 0 0 0 0 0 0 0 0 0
"40" 40 0.210256410256 275 185 15 8 7 7 3 0 0 0 0 0 0 0 0 0 0 0 0 0
"41" 41 0.131979695431 198 142 67 20 18 14 13 12 7 4 3 2 0 0 0 0 0 0 0 0
"42" 42 0.00418410041841 403 79 16 2 0 0 0 0 0 0 0 0 0 0 0 0 0 0 0 0
"43" 43 0.0358974358974 420 66 7 3 2 1 1 0 0 0 0 0 0 0 0 0 0 0 0 0
"44" 44 0.0 454 42 3 1 0 0 0 0 0 0 0 0 0 0 0 0 0 0 0 0
"45" 45 0.0 468 15 14 2 1 0 0 0 0 0 0 0 0 0 0 0 0 0 0 0
"46" 46 0.0 467 20 11 1 1 0 0 0 0 0 0 0 0 0 0 0 0 0 0 0
"47" 47 0.0535714285714 383 112 3 1 1 0 0 0 0 0 0 0 0 0 0 0 0 0 0 0
"48" 48 0.0 444 42 11 3 0 0 0 0 0 0 0 0 0 0 0 0 0 0 0 0
"49" 49 0.0943396226415 215 175 52 20 14 12 12 0 0 0 0 0 0 0 0 0 0 0 0 0
"50" 50 0.105839416058 462 36 1 1 0 0 0 0 0 0 0 0 0 0 0 0 0 0 0 0
"51" 51 0.446808510638 499 1 0 0 0 0 0 0 0 0 0 0 0 0 0 0 0 0 0 0
"52" 52 0.28488372093 195 176 59 55 13 1 1 0 0 0 0 0 0 0 0 0 0 0 0 0
"53" 53 0.0820512820513 463 36 1 0 0 0 0 0 0 0 0 0 0 0 0 0 0 0 0 0
"54" 54 0.062015503876 362 87 27 9 6 4 4 1 0 0 0 0 0 0 0 0 0 0 0 0
"55" 55 0.0675105485232 457 27 7 6 1 1 1 0 0 0 0 0 0 0 0 0 0 0 0 0
"56" 56 0.0248756218905 484 15 1 0 0 0 0 0 0 0 0 0 0 0 0 0 0 0 0 0
"57" 57 0.183035714286 229 226 29 9 4 3 0 0 0 0 0 0 0 0 0 0 0 0 0 0
"58" 58 0.0152284263959 438 44 17 1 0 0 0 0 0 0 0 0 0 0 0 0 0 0 0 0
"59" 59 0.110465116279 483 12 5 0 0 0 0 0 0 0 0 0 0 0 0 0 0 0 0 0
"60" 60 0.189781021898 438 36 23 2 1 0 0 0 0 0 0 0 0 0 0 0 0 0 0 0
"61" 61 0.433035714286 495 4 1 0 0 0 0 0 0 0 0 0 0 0 0 0 0 0 0 0
"62" 62 0.334821428571 263 76 65 56 9 9 7 6 4 3 2 0 0 0 0 0 0 0 0 0
"63" 63 0.267441860465 494 3 2 1 0 0 0 0 0 0 0 0 0 0 0 0 0 0 0 0
"64" 64 0.0 418 73 7 2 0 0 0 0 0 0 0 0 0 0 0 0 0 0 0 0
"65" 65 0.0 356 143 1 0 0 0 0 0 0 0 0 0 0 0 0 0 0 0 0 0
"66" 66 0.0 287 167 38 7 1 0 0 0 0 0 0 0 0 0 0 0 0 0 0 0
"67" 67 0.0 498 1 1 0 0 0 0 0 0 0 0 0 0 0 0 0 0 0 0 0
"68" 68 0.157360406091 262 124 102 8 4 0 0 0 0 0 0 0 0 0 0 0 0 0 0 0
"69" 69 0.0358744394619 252 120 91 36 1 0 0 0 0 0 0 0 0 0 0 0 0 0 0 0
"70" 70 0.20725388601 109 106 95 79 48 43 15 4 1 0 0 0 0 0 0 0 0 0 0 0
"71" 71 0.348837209302 413 34 24 15 14 0 0 0 0 0 0 0 0 0 0 0 0 0 0 0
"72" 72 0.409282700422 458 11 10 9 8 4 0 0 0 0 0 0 0 0 0 0 0 0 0 0
"73" 73 0.776371308017 500 0 0 0 0 0 0 0 0 0 0 0 0 0 0 0 0 0 0 0
"74" 74 0.5 500 0 0 0 0 0 0 0 0 0 0 0 0 0 0 0 0 0 0 0
"75" 75 0.451476793249 430 56 6 4 4 0 0 0 0 0 0 0 0 0 0 0 0 0 0 0
"76" 76 0.18407960199 475 19 3 2 1 0 0 0 0 0 0 0 0 0 0 0 0 0 0 0
"77" 77 0.124087591241 302 144 33 15 3 3 0 0 0 0 0 0 0 0 0 0 0 0 0 0
"78" 78 0.112970711297 472 13 7 5 3 0 0 0 0 0 0 0 0 0 0 0 0 0 0 0
"79" 79 0.0 396 31 28 22 7 6 4 4 2 0 0 0 0 0 0 0 0 0 0 0
"80" 80 0.167883211679 343 119 24 9 5 0 0 0 0 0 0 0 0 0 0 0 0 0 0 0
"81" 81 0.0358974358974 271 218 9 1 1 0 0 0 0 0 0 0 0 0 0 0 0 0 0 0
"82" 82 0.0569620253165 499 1 0 0 0 0 0 0 0 0 0 0 0 0 0 0 0 0 0 0
"83" 83 0.359832635983 301 94 86 11 4 3 1 0 0 0 0 0 0 0 0 0 0 0 0 0
"84" 84 0.465408805031 423 28 21 14 13 1 0 0 0 0 0 0 0 0 0 0 0 0 0 0
"85" 85 0.0765550239234 401 96 3 0 0 0 0 0 0 0 0 0 0 0 0 0 0 0 0 0
"86" 86 0.454545454545 240 112 96 24 18 10 0 0 0 0 0 0 0 0 0 0 0 0 0 0
"87" 87 0.0 500 0 0 0 0 0 0 0 0 0 0 0 0 0 0 0 0 0 0 0
"88" 88 0.0 374 62 45 9 4 3 2 1 0 0 0 0 0 0 0 0 0 0 0 0
"89" 89 0.106598984772 479 17 2 1 1 0 0 0 0 0 0 0 0 0 0 0 0 0 0 0
"90" 90 0.00956937799043 476 20 4 0 0 0 0 0 0 0 0 0 0 0 0 0 0 0 0 0
"91" 91 0.0 475 25 0 0 0 0 0 0 0 0 0 0 0 0 0 0 0 0 0 0
"92" 92 0.0342205323194 471 11 8 7 3 0 0 0 0 0 0 0 0 0 0 0 0 0 0 0
"93" 93 0.0 500 0 0 0 0 0 0 0 0 0 0 0 0 0 0 0 0 0 0 0
"94" 94 0.0077519379845 418 34 23 10 6 4 3 2 0 0 0 0 0 0 0 0 0 0 0 0
"95" 95 0.0 176 172 72 27 23 17 6 5 2 0 0 0 0 0 0 0 0 0 0 0
"96" 96 0.0062893081761 491 9 0 0 0 0 0 0 0 0 0 0 0 0 0 0 0 0 0 0
"97" 97 0.103139013453 302 163 35 0 0 0 0 0 0 0 0 0 0 0 0 0 0 0 0 0
"98" 98 0.0 460 40 0 0 0 0 0 0 0 0 0 0 0 0 0 0 0 0 0 0
"99" 99 0.00354609929078 413 85 1 1 0 0 0 0 0 0 0 0 0 0 0 0 0 0 0 0
"100" 100 0.0 399 64 17 12 5 3 0 0 0 0 0 0 0 0 0 0 0 0 0 0
"101" 101 0.134715025907 420 56 23 1 0 0 0 0 0 0 0 0 0 0 0 0 0 0 0 0
"102" 102 0.0880503144654 484 8 8 0 0 0 0 0 0 0 0 0 0 0 0 0 0 0 0 0
"103" 103 0.261538461538 460 32 8 0 0 0 0 0 0 0 0 0 0 0 0 0 0 0 0 0
"104" 104 0.419540229885 241 100 90 67 1 1 0 0 0 0 0 0 0 0 0 0 0 0 0 0
"105" 105 0.456953642384 463 21 16 0 0 0 0 0 0 0 0 0 0 0 0 0 0 0 0 0
"106" 106 0.0143540669856 486 7 3 2 2 0 0 0 0 0 0 0 0 0 0 0 0 0 0 0
"107" 107 0.641509433962 318 56 38 30 30 13 7 5 3 0 0 0 0 0 0 0 0 0 0 0
"108" 108 0.174107142857 299 69 50 27 19 17 10 2 2 2 1 1 1 0 0 0 0 0 0 0
"109" 109 0.0872093023256 301 129 70 0 0 0 0 0 0 0 0 0 0 0 0 0 0 0 0 0
"110" 110 0.691983122363 500 0 0 0 0 0 0 0 0 0 0 0 0 0 0 0 0 0 0 0
"111" 111 0.100775193798 500 0 0 0 0 0 0 0 0 0 0 0 0 0 0 0 0 0 0 0
"112" 112 0.33908045977 463 21 16 0 0 0 0 0 0 0 0 0 0 0 0 0 0 0 0 0
"113" 113 0.00961538461538 500 0 0 0 0 0 0 0 0 0 0 0 0 0 0 0 0 0 0 0
"114" 114 0.0984455958549 291 193 10 4 2 0 0 0 0 0 0 0 0 0 0 0 0 0 0 0
"115" 115 0.0666666666667 499 1 0 0 0 0 0 0 0 0 0 0 0 0 0 0 0 0 0 0
"116" 116 0.155440414508 376 104 10 8 1 1 0 0 0 0 0 0 0 0 0 0 0 0 0 0
"117" 117 0.0188679245283 397 87 9 6 1 0 0 0 0 0 0 0 0 0 0 0 0 0 0 0
"118" 118 0.0 269 223 3 3 1 1 0 0 0 0 0 0 0 0 0 0 0 0 0 0
"119" 119 0.0466321243523 462 16 9 9 4 0 0 0 0 0 0 0 0 0 0 0 0 0 0 0
"120" 120 0.0 253 137 107 3 0 0 0 0 0 0 0 0 0 0 0 0 0 0 0 0
"121" 121 0.0 384 45 42 23 4 1 1 0 0 0 0 0 0 0 0 0 0 0 0 0
"122" 122 0.00446428571429 460 23 16 1 0 0 0 0 0 0 0 0 0 0 0 0 0 0 0 0
"123" 123 0.0609137055838 495 5 0 0 0 0 0 0 0 0 0 0 0 0 0 0 0 0 0 0
"124" 124 0.0192307692308 496 3 1 0 0 0 0 0 0 0 0 0 0 0 0 0 0 0 0 0
"125" 125 0.566964285714 182 93 91 53 27 23 17 10 4 0 0 0 0 0 0 0 0 0 0 0
"126" 126 0.546511627907 247 138 86 19 10 0 0 0 0 0 0 0 0 0 0 0 0 0 0 0
"127" 127 0.406091370558 218 160 83 11 9 9 8 1 1 0 0 0 0 0 0 0 0 0 0 0
"128" 128 0.0697674418605 469 17 10 3 1 0 0 0 0 0 0 0 0 0 0 0 0 0 0 0
"129" 129 0.479087452471 253 229 7 5 4 1 1 0 0 0 0 0 0 0 0 0 0 0 0 0
"130" 130 0.0813953488372 494 6 0 0 0 0 0 0 0 0 0 0 0 0 0 0 0 0 0 0
"131" 131 0.0192307692308 500 0 0 0 0 0 0 0 0 0 0 0 0 0 0 0 0 0 0 0
"132" 132 0.14798206278 215 149 97 21 14 4 0 0 0 0 0 0 0 0 0 0 0 0 0 0
"133" 133 0.126436781609 469 30 1 0 0 0 0 0 0 0 0 0 0 0 0 0 0 0 0 0
"134" 134 0.042194092827 440 32 19 3 2 2 1 1 0 0 0 0 0 0 0 0 0 0 0 0
"135" 135 0.304932735426 356 59 55 13 5 4 3 3 2 0 0 0 0 0 0 0 0 0 0 0
"136" 136 0.0 384 115 1 0 0 0 0 0 0 0 0 0 0 0 0 0 0 0 0 0
"137" 137 0.130801687764 167 161 89 40 32 5 2 2 1 1 0 0 0 0 0 0 0 0 0 0
"138" 138 0.015503875969 379 75 20 8 7 5 4 1 1 0 0 0 0 0 0 0 0 0 0 0
"139" 139 0.0 221 148 56 41 14 13 7 0 0 0 0 0 0 0 0 0 0 0 0 0
"140" 140 0.0 500 0 0 0 0 0 0 0 0 0 0 0 0 0 0 0 0 0 0 0
"141" 141 0.0 326 128 18 16 11 1 0 0 0 0 0 0 0 0 0 0 0 0 0 0
"142" 142 0.0137614678899 393 87 12 5 3 0 0 0 0 0 0 0 0 0 0 0 0 0 0 0
"143" 143 0.0 326 94 39 11 10 9 4 2 2 1 1 1 0 0 0 0 0 0 0 0
"144" 144 0.0 295 70 61 53 8 7 3 2 1 0 0 0 0 0 0 0 0 0 0 0
"145" 145 0.119402985075 300 132 46 15 7 0 0 0 0 0 0 0 0 0 0 0 0 0 0 0
"146" 146 0.0362694300518 387 65 18 17 12 1 0 0 0 0 0 0 0 0 0 0 0 0 0 0
"147" 147 0.424107142857 424 34 31 7 2 2 0 0 0 0 0 0 0 0 0 0 0 0 0 0
"148" 148 0.509615384615 500 0 0 0 0 0 0 0 0 0 0 0 0 0 0 0 0 0 0 0
"149" 149 0.330357142857 500 0 0 0 0 0 0 0 0 0 0 0 0 0 0 0 0 0 0 0
"150" 150 0.0 202 134 122 39 2 1 0 0 0 0 0 0 0 0 0 0 0 0 0 0
"151" 151 0.0414507772021 435 46 12 5 2 0 0 0 0 0 0 0 0 0 0 0 0 0 0 0
"152" 152 0.0 185 156 141 8 3 3 2 2 0 0 0 0 0 0 0 0 0 0 0 0
"153" 153 0.0 350 135 8 5 1 1 0 0 0 0 0 0 0 0 0 0 0 0 0 0
"154" 154 0.0 306 88 68 12 11 7 5 2 1 0 0 0 0 0 0 0 0 0 0 0
"155" 155 0.010152284264 495 4 1 0 0 0 0 0 0 0 0 0 0 0 0 0 0 0 0 0
"156" 156 0.0 390 66 42 1 1 0 0 0 0 0 0 0 0 0 0 0 0 0 0 0
"157" 157 0.0 323 78 76 18 2 2 1 0 0 0 0 0 0 0 0 0 0 0 0 0
"158" 158 0.113989637306 445 26 22 4 2 1 0 0 0 0 0 0 0 0 0 0 0 0 0 0
"159" 159 0.289340101523 427 31 24 8 5 4 1 0 0 0 0 0 0 0 0 0 0 0 0 0
"160" 160 0.651282051282 318 76 59 22 22 2 1 0 0 0 0 0 0 0 0 0 0 0 0 0
"161" 161 0.0673575129534 198 107 104 91 0 0 0 0 0 0 0 0 0 0 0 0 0 0 0 0
"162" 162 0.584905660377 355 88 33 15 9 0 0 0 0 0 0 0 0 0 0 0 0 0 0 0
"163" 163 0.199004975124 316 92 47 19 12 5 3 2 1 1 1 1 0 0 0 0 0 0 0 0
"164" 164 0.046511627907 199 150 114 27 10 0 0 0 0 0 0 0 0 0 0 0 0 0 0 0
"165" 165 0.62893081761 346 135 10 9 0 0 0 0 0 0 0 0 0 0 0 0 0 0 0 0
"166" 166 0.523206751055 481 7 7 2 1 1 1 0 0 0 0 0 0 0 0 0 0 0 0 0
"167" 167 0.0 288 85 63 44 6 6 5 1 1 1 0 0 0 0 0 0 0 0 0 0
"168" 168 0.435897435897 349 85 21 13 12 11 9 0 0 0 0 0 0 0 0 0 0 0 0 0
"169" 169 0.222797927461 402 97 1 0 0 0 0 0 0 0 0 0 0 0 0 0 0 0 0 0
"170" 170 0.0710659898477 427 73 0 0 0 0 0 0 0 0 0 0 0 0 0 0 0 0 0 0
"171" 171 0.482142857143 481 15 2 1 1 0 0 0 0 0 0 0 0 0 0 0 0 0 0 0
"172" 172 0.113989637306 362 138 0 0 0 0 0 0 0 0 0 0 0 0 0 0 0 0 0 0
"173" 173 0.0 303 66 44 39 31 8 7 1 1 0 0 0 0 0 0 0 0 0 0 0
"174" 174 0.370535714286 225 75 63 62 50 24 1 0 0 0 0 0 0 0 0 0 0 0 0 0
"175" 175 0.527426160338 486 13 1 0 0 0 0 0 0 0 0 0 0 0 0 0 0 0 0 0
"176" 176 0.357414448669 471 16 12 1 0 0 0 0 0 0 0 0 0 0 0 0 0 0 0 0
"177" 177 0.163179916318 272 182 38 8 0 0 0 0 0 0 0 0 0 0 0 0 0 0 0 0
"178" 178 0.622641509434 394 74 24 6 1 1 0 0 0 0 0 0 0 0 0 0 0 0 0 0
"179" 179 0.278846153846 500 0 0 0 0 0 0 0 0 0 0 0 0 0 0 0 0 0 0 0
"180" 180 0.169154228856 225 192 49 17 7 5 3 1 1 0 0 0 0 0 0 0 0 0 0 0
"181" 181 0.0995024875622 381 47 25 16 15 7 3 3 2 1 0 0 0 0 0 0 0 0 0 0
"182" 182 0.740875912409 284 90 72 43 6 2 2 1 0 0 0 0 0 0 0 0 0 0 0 0
"183" 183 0.178294573643 237 95 65 46 31 16 7 3 0 0 0 0 0 0 0 0 0 0 0 0
"184" 184 0.0116279069767 434 52 8 2 2 1 1 0 0 0 0 0 0 0 0 0 0 0 0 0
"185" 185 0.148717948718 483 5 5 3 2 1 1 0 0 0 0 0 0 0 0 0 0 0 0 0
"186" 186 0.299107142857 242 105 48 27 23 22 22 11 0 0 0 0 0 0 0 0 0 0 0 0
"187" 187 0.00709219858156 431 58 11 0 0 0 0 0 0 0 0 0 0 0 0 0 0 0 0 0
"188" 188 0.0 465 17 12 5 1 0 0 0 0 0 0 0 0 0 0 0 0 0 0 0
"189" 189 0.270072992701 276 129 89 3 2 1 0 0 0 0 0 0 0 0 0 0 0 0 0 0
"190" 190 0.167512690355 255 76 68 34 23 15 12 7 6 3 1 0 0 0 0 0 0 0 0 0
"191" 191 0.0190114068441 165 164 71 53 40 6 1 0 0 0 0 0 0 0 0 0 0 0 0 0
"192" 192 0.0548523206751 258 159 50 23 6 4 0 0 0 0 0 0 0 0 0 0 0 0 0 0
"193" 193 0.395939086294 361 38 34 23 16 13 9 5 1 0 0 0 0 0 0 0 0 0 0 0
"194" 194 0.213836477987 500 0 0 0 0 0 0 0 0 0 0 0 0 0 0 0 0 0 0 0
"195" 195 0.336787564767 491 6 3 0 0 0 0 0 0 0 0 0 0 0 0 0 0 0 0 0
"196" 196 0.730769230769 500 0 0 0 0 0 0 0 0 0 0 0 0 0 0 0 0 0 0 0
"197" 197 0.320675105485 234 161 87 13 4 1 0 0 0 0 0 0 0 0 0 0 0 0 0 0
"198" 198 0.610062893082 500 0 0 0 0 0 0 0 0 0 0 0 0 0 0 0 0 0 0 0
"199" 199 0.415178571429 268 123 37 21 21 12 10 5 2 1 0 0 0 0 0 0 0 0 0 0
"200" 200 0.0461538461538 364 62 53 21 0 0 0 0 0 0 0 0 0 0 0 0 0 0 0 0
"201" 201 0.578475336323 348 106 33 13 0 0 0 0 0 0 0 0 0 0 0 0 0 0 0 0
"202" 202 0.100418410042 484 14 2 0 0 0 0 0 0 0 0 0 0 0 0 0 0 0 0 0
"203" 203 0.139534883721 326 141 33 0 0 0 0 0 0 0 0 0 0 0 0 0 0 0 0 0
"204" 204 0.276150627615 150 94 76 65 51 30 11 9 7 6 1 0 0 0 0 0 0 0 0 0
"205" 205 0.82119205298 500 0 0 0 0 0 0 0 0 0 0 0 0 0 0 0 0 0 0 0
"206" 206 0.0769230769231 500 0 0 0 0 0 0 0 0 0 0 0 0 0 0 0 0 0 0 0
"207" 207 0.459821428571 406 71 13 7 3 0 0 0 0 0 0 0 0 0 0 0 0 0 0 0
"208" 208 0.162790697674 298 139 60 3 0 0 0 0 0 0 0 0 0 0 0 0 0 0 0 0
"209" 209 0.172995780591 246 96 61 31 15 10 9 8 7 6 4 4 2 1 0 0 0 0 0 0
"210" 210 0.323076923077 500 0 0 0 0 0 0 0 0 0 0 0 0 0 0 0 0 0 0 0
"211" 211 0.253164556962 303 48 43 41 23 22 10 10 0 0 0 0 0 0 0 0 0 0 0 0
"212" 212 0.713080168776 219 127 86 58 4 3 1 1 1 0 0 0 0 0 0 0 0 0 0 0
"213" 213 0.220532319392 331 80 21 15 14 14 12 8 3 1 1 0 0 0 0 0 0 0 0 0
"214" 214 0.0 463 29 8 0 0 0 0 0 0 0 0 0 0 0 0 0 0 0 0 0
"215" 215 0.213930348259 293 162 16 11 7 4 3 1 1 1 1 0 0 0 0 0 0 0 0 0
"216" 216 0.512953367876 293 82 73 26 12 9 3 1 1 0 0 0 0 0 0 0 0 0 0 0
"217" 217 0.0 183 130 92 61 16 6 4 4 2 1 1 0 0 0 0 0 0 0 0 0
"218" 218 0.0 373 71 23 15 5 5 3 2 2 1 0 0 0 0 0 0 0 0 0 0
"219" 219 0.476793248945 156 149 95 37 23 18 10 8 4 0 0 0 0 0 0 0 0 0 0 0
"220" 220 0.205357142857 310 69 65 42 9 2 1 1 1 0 0 0 0 0 0 0 0 0 0 0
"221" 221 0.0 494 2 2 1 1 0 0 0 0 0 0 0 0 0 0 0 0 0 0 0
"222" 222 0.124401913876 264 166 37 21 5 3 2 2 0 0 0 0 0 0 0 0 0 0 0 0
"223" 223 0.295336787565 194 89 85 53 49 16 12 2 0 0 0 0 0 0 0 0 0 0 0 0
"224" 224 0.112582781457 380 67 46 4 2 1 0 0 0 0 0 0 0 0 0 0 0 0 0 0
"225" 225 0.0460992907801 478 22 0 0 0 0 0 0 0 0 0 0 0 0 0 0 0 0 0 0
"226" 226 0.396624472574 175 156 101 33 15 13 3 3 1 0 0 0 0 0 0 0 0 0 0 0
"227" 227 0.42600896861 279 94 58 36 19 11 3 0 0 0 0 0 0 0 0 0 0 0 0 0
"228" 228 0.00497512437811 377 70 26 11 11 5 0 0 0 0 0 0 0 0 0 0 0 0 0 0
"229" 229 0.0355329949239 254 104 94 28 13 6 1 0 0 0 0 0 0 0 0 0 0 0 0 0
"230" 230 0.302325581395 259 182 59 0 0 0 0 0 0 0 0 0 0 0 0 0 0 0 0 0
"231" 231 0.519230769231 500 0 0 0 0 0 0 0 0 0 0 0 0 0 0 0 0 0 0 0
"232" 232 0.603375527426 496 3 1 0 0 0 0 0 0 0 0 0 0 0 0 0 0 0 0 0
"233" 233 0.152317880795 423 54 13 7 3 0 0 0 0 0 0 0 0 0 0 0 0 0 0 0
"234" 234 0.695364238411 420 61 12 4 3 0 0 0 0 0 0 0 0 0 0 0 0 0 0 0
"235" 235 0.347150259067 499 1 0 0 0 0 0 0 0 0 0 0 0 0 0 0 0 0 0 0
"236" 236 0.311258278146 437 63 0 0 0 0 0 0 0 0 0 0 0 0 0 0 0 0 0 0
"237" 237 0.350210970464 472 16 9 2 1 0 0 0 0 0 0 0 0 0 0 0 0 0 0 0
"238" 238 0.567307692308 500 0 0 0 0 0 0 0 0 0 0 0 0 0 0 0 0 0 0 0
"239" 239 0.0609137055838 413 65 11 7 2 1 1 0 0 0 0 0 0 0 0 0 0 0 0 0
"240" 240 0.186528497409 498 1 1 0 0 0 0 0 0 0 0 0 0 0 0 0 0 0 0 0
"241" 241 0.0845771144279 392 107 1 0 0 0 0 0 0 0 0 0 0 0 0 0 0 0 0 0
"242" 242 0.162790697674 495 3 1 1 0 0 0 0 0 0 0 0 0 0 0 0 0 0 0 0
"243" 243 0.0 378 87 28 7 0 0 0 0 0 0 0 0 0 0 0 0 0 0 0 0
"244" 244 0.0747126436782 349 151 0 0 0 0 0 0 0 0 0 0 0 0 0 0 0 0 0 0
"245" 245 0.354651162791 337 100 42 17 4 0 0 0 0 0 0 0 0 0 0 0 0 0 0 0
"246" 246 0.18407960199 466 13 7 6 5 2 1 0 0 0 0 0 0 0 0 0 0 0 0 0
"247" 247 0.534591194969 265 235 0 0 0 0 0 0 0 0 0 0 0 0 0 0 0 0 0 0
"248" 248 0.860103626943 261 168 59 12 0 0 0 0 0 0 0 0 0 0 0 0 0 0 0 0
"249" 249 0.116279069767 185 95 90 66 38 22 4 0 0 0 0 0 0 0 0 0 0 0 0 0
"250" 250 0.641509433962 498 1 1 0 0 0 0 0 0 0 0 0 0 0 0 0 0 0 0 0
"251" 251 0.296511627907 392 106 1 1 0 0 0 0 0 0 0 0 0 0 0 0 0 0 0 0
"252" 252 0.304182509506 353 147 0 0 0 0 0 0 0 0 0 0 0 0 0 0 0 0 0 0
"253" 253 0.35761589404 494 3 3 0 0 0 0 0 0 0 0 0 0 0 0 0 0 0 0 0
"254" 254 0.649789029536 171 147 77 50 45 7 2 1 0 0 0 0 0 0 0 0 0 0 0 0
"255" 255 0.449612403101 172 88 85 47 35 33 32 6 1 1 0 0 0 0 0 0 0 0 0 0
"256" 256 0.124031007752 302 192 4 2 0 0 0 0 0 0 0 0 0 0 0 0 0 0 0 0
"257" 257 0.0331125827815 300 196 3 1 0 0 0 0 0 0 0 0 0 0 0 0 0 0 0 0
"258" 258 0.533678756477 125 103 78 72 44 36 28 11 3 0 0 0 0 0 0 0 0 0 0 0
"259" 259 0.635658914729 301 181 16 2 0 0 0 0 0 0 0 0 0 0 0 0 0 0 0 0
"260" 260 0.10152284264 320 86 75 9 8 2 0 0 0 0 0 0 0 0 0 0 0 0 0 0
"261" 261 0.459119496855 493 4 3 0 0 0 0 0 0 0 0 0 0 0 0 0 0 0 0 0
"262" 262 0.622641509434 500 0 0 0 0 0 0 0 0 0 0 0 0 0 0 0 0 0 0 0
"263" 263 0.503875968992 499 1 0 0 0 0 0 0 0 0 0 0 0 0 0 0 0 0 0 0
"264" 264 0.331125827815 500 0 0 0 0 0 0 0 0 0 0 0 0 0 0 0 0 0 0 0
"265" 265 0.621890547264 367 75 38 16 2 1 1 0 0 0 0 0 0 0 0 0 0 0 0 0
"266" 266 0.447257383966 343 83 70 4 0 0 0 0 0 0 0 0 0 0 0 0 0 0 0 0
"267" 267 0.658914728682 365 72 54 4 3 2 0 0 0 0 0 0 0 0 0 0 0 0 0 0
"268" 268 0.435233160622 439 52 5 2 1 1 0 0 0 0 0 0 0 0 0 0 0 0 0 0
"269" 269 0.178294573643 163 137 73 59 30 28 5 5 0 0 0 0 0 0 0 0 0 0 0 0
"270" 270 0.779874213836 292 189 18 1 0 0 0 0 0 0 0 0 0 0 0 0 0 0 0 0
"271" 271 0.355329949239 391 50 41 13 2 1 1 1 0 0 0 0 0 0 0 0 0 0 0 0
"272" 272 0.585492227979 304 119 55 12 4 3 2 1 0 0 0 0 0 0 0 0 0 0 0 0
"273" 273 0.675105485232 427 39 18 13 2 1 0 0 0 0 0 0 0 0 0 0 0 0 0 0
"274" 274 0.364238410596 279 154 37 22 7 1 0 0 0 0 0 0 0 0 0 0 0 0 0 0
"275" 275 0.0761421319797 302 109 41 24 9 9 4 1 1 0 0 0 0 0 0 0 0 0 0 0
"276" 276 0.554404145078 351 124 15 9 1 0 0 0 0 0 0 0 0 0 0 0 0 0 0 0
"277" 277 0.497890295359 373 118 7 1 1 0 0 0 0 0 0 0 0 0 0 0 0 0 0 0
"278" 278 0.421985815603 364 99 21 7 7 1 1 0 0 0 0 0 0 0 0 0 0 0 0 0
"279" 279 0.18410041841 491 7 2 0 0 0 0 0 0 0 0 0 0 0 0 0 0 0 0 0
"280" 280 0.861924686192 391 95 8 3 3 0 0 0 0 0 0 0 0 0 0 0 0 0 0 0
