"site" "RSA" "aa1" "aa2" "aa3" "aa4" "aa5" "aa6" "aa7" "aa8" "aa9" "aa10" "aa11" "aa12" "aa13" "aa14" "aa15" "aa16" "aa17" "aa18" "aa19" "aa20"
"0" 0 1.17054263566 406 62 16 10 5 1 0 0 0 0 0 0 0 0 0 0 0 0 0 0
"1" 1 0.273722627737 162 105 92 46 27 16 15 15 13 6 2 1 0 0 0 0 0 0 0 0
"2" 2 0.395348837209 243 63 43 39 36 26 18 12 5 4 4 3 2 2 0 0 0 0 0 0
"3" 3 0.0794979079498 163 91 77 39 38 27 21 13 8 7 5 4 3 3 1 0 0 0 0 0
"4" 4 0.0 183 120 57 48 45 13 13 6 4 4 3 2 2 0 0 0 0 0 0 0
"5" 5 0.0 292 73 57 48 9 5 4 4 3 2 1 1 1 0 0 0 0 0 0 0
"6" 6 0.0 201 101 85 37 18 17 15 9 8 4 3 1 1 0 0 0 0 0 0 0
"7" 7 0.0 222 170 42 19 17 10 5 4 4 2 2 1 1 1 0 0 0 0 0 0
"8" 8 0.0205128205128 295 138 26 24 6 5 2 1 1 1 1 0 0 0 0 0 0 0 0 0
"9" 9 0.00418410041841 314 106 26 17 11 9 9 4 2 1 1 0 0 0 0 0 0 0 0 0
"10" 10 0.253164556962 495 5 0 0 0 0 0 0 0 0 0 0 0 0 0 0 0 0 0 0
"11" 11 0.805970149254 228 87 67 56 26 13 7 6 6 4 0 0 0 0 0 0 0 0 0 0
"12" 12 0.389743589744 153 111 76 45 41 19 17 11 9 9 5 1 1 1 1 0 0 0 0 0
"13" 13 0.317307692308 500 0 0 0 0 0 0 0 0 0 0 0 0 0 0 0 0 0 0 0
"14" 14 0.264900662252 335 71 35 32 9 8 5 3 1 1 0 0 0 0 0 0 0 0 0 0
"15" 15 0.540084388186 174 66 62 53 44 29 22 18 12 11 5 2 1 1 0 0 0 0 0 0
"16" 16 0.708520179372 180 114 77 53 22 21 16 7 6 2 1 1 0 0 0 0 0 0 0 0
"17" 17 0.218543046358 186 79 70 50 33 25 15 13 6 5 5 5 4 2 1 1 0 0 0 0
"18" 18 0.0 151 83 78 49 38 34 23 13 12 8 6 2 1 1 1 0 0 0 0 0
"19" 19 0.379746835443 93 86 83 63 62 55 38 10 6 1 1 1 1 0 0 0 0 0 0 0
"20" 20 0.491071428571 168 106 61 46 45 26 11 10 9 6 5 4 3 0 0 0 0 0 0 0
"21" 21 0.0304568527919 235 65 60 50 41 12 12 8 5 3 3 2 2 1 1 0 0 0 0 0
"22" 22 0.0 195 72 67 52 20 16 16 13 13 12 12 4 3 3 1 1 0 0 0 0
"23" 23 0.285714285714 149 55 52 45 40 31 28 25 22 17 17 10 4 3 1 1 0 0 0 0
"24" 24 0.222627737226 237 57 36 28 23 22 16 15 15 14 12 12 5 5 2 1 0 0 0 0
"25" 25 0.0149253731343 223 80 64 63 52 7 3 3 2 2 1 0 0 0 0 0 0 0 0 0
"26" 26 0.138461538462 499 1 0 0 0 0 0 0 0 0 0 0 0 0 0 0 0 0 0 0
"27" 27 0.645348837209 109 75 70 60 53 41 33 19 11 9 7 4 4 3 2 0 0 0 0 0
"28" 28 0.124031007752 174 147 40 33 29 16 15 13 10 8 4 3 2 2 1 1 1 1 0 0
"29" 29 0.682119205298 425 16 15 14 9 9 4 3 3 2 0 0 0 0 0 0 0 0 0 0
"30" 30 0.0862944162437 124 107 66 35 31 26 21 21 20 19 13 6 4 3 2 2 0 0 0 0
"31" 31 0.125786163522 142 125 68 65 42 16 13 12 9 4 2 1 1 0 0 0 0 0 0 0
"32" 32 0.65625 164 68 57 52 30 30 25 21 11 10 9 8 8 3 3 1 0 0 0 0
"33" 33 0.553846153846 404 34 25 7 7 6 6 4 3 3 1 0 0 0 0 0 0 0 0 0
"34" 34 0.0459770114943 126 103 58 45 43 32 23 20 15 13 10 7 3 1 1 0 0 0 0 0
"35" 35 0.241071428571 132 97 83 60 48 46 7 7 6 4 4 3 2 1 0 0 0 0 0 0
"36" 36 0.0 188 92 83 46 35 17 15 9 6 5 2 1 1 0 0 0 0 0 0 0
"37" 37 0.0 269 62 39 36 34 20 19 15 3 2 1 0 0 0 0 0 0 0 0 0
"38" 38 0.0 251 86 69 42 28 10 4 2 2 2 2 1 1 0 0 0 0 0 0 0
"39" 39 0.0 256 128 46 24 23 16 4 2 1 0 0 0 0 0 0 0 0 0 0 0
"40" 40 0.0 302 90 60 35 3 3 2 2 1 1 1 0 0 0 0 0 0 0 0 0
"41" 41 0.106918238994 176 130 54 53 40 13 11 8 8 5 1 1 0 0 0 0 0 0 0 0
"42" 42 0.356589147287 221 83 51 32 25 24 23 9 6 6 4 4 4 3 2 2 1 0 0 0
"43" 43 0.697674418605 125 102 88 70 50 34 18 5 4 3 1 0 0 0 0 0 0 0 0 0
"44" 44 0.186311787072 248 186 47 8 6 3 1 1 0 0 0 0 0 0 0 0 0 0 0 0
"45" 45 0.0547263681592 188 159 71 38 15 12 7 4 3 2 1 0 0 0 0 0 0 0 0 0
"46" 46 0.528497409326 160 139 114 47 17 7 6 3 2 2 1 1 1 0 0 0 0 0 0 0
"47" 47 0.216730038023 320 43 41 28 23 15 8 7 5 5 2 2 1 0 0 0 0 0 0 0
"48" 48 0.0 252 165 25 17 12 12 5 4 3 3 2 0 0 0 0 0 0 0 0 0
"49" 49 0.247126436782 189 106 55 39 31 26 21 13 6 6 3 2 1 1 1 0 0 0 0 0
"50" 50 0.53642384106 179 124 104 33 18 18 11 4 3 2 2 1 1 0 0 0 0 0 0 0
"51" 51 0.0796019900498 268 41 38 31 27 24 21 21 19 4 4 2 0 0 0 0 0 0 0 0
"52" 52 0.155172413793 212 110 38 36 25 19 16 10 9 6 5 4 3 3 3 1 0 0 0 0
"53" 53 0.53164556962 174 139 57 26 24 24 23 14 8 5 4 2 0 0 0 0 0 0 0 0
"54" 54 0.189873417722 167 157 58 20 17 16 16 9 9 9 7 5 5 2 2 1 0 0 0 0
"55" 55 0.77358490566 247 108 50 24 21 20 12 7 5 4 2 0 0 0 0 0 0 0 0 0
"56" 56 0.152466367713 133 70 52 46 36 35 30 22 16 15 13 9 9 6 4 3 1 0 0 0
"57" 57 0.0632183908046 175 112 48 28 24 23 22 19 15 14 13 4 2 1 0 0 0 0 0 0
"58" 58 0.186046511628 149 130 87 44 26 14 14 11 11 6 5 2 1 0 0 0 0 0 0 0
"59" 59 0.0287356321839 249 119 42 39 37 11 1 1 1 0 0 0 0 0 0 0 0 0 0 0
"60" 60 0.0 494 5 1 0 0 0 0 0 0 0 0 0 0 0 0 0 0 0 0 0
"61" 61 0.015503875969 417 31 19 11 11 3 3 2 2 1 0 0 0 0 0 0 0 0 0 0
"62" 62 0.206278026906 151 108 74 52 31 30 23 20 9 1 1 0 0 0 0 0 0 0 0 0
"63" 63 0.0666666666667 131 117 108 40 30 21 16 15 11 3 3 2 2 1 0 0 0 0 0 0
"64" 64 0.015503875969 329 98 33 19 16 3 2 0 0 0 0 0 0 0 0 0 0 0 0 0
"65" 65 0.197718631179 186 67 47 40 40 27 22 16 16 14 6 6 5 4 2 1 1 0 0 0
"66" 66 0.134328358209 150 95 65 52 48 39 13 8 7 7 4 4 4 2 2 0 0 0 0 0
"67" 67 0.459915611814 154 63 62 53 53 41 32 13 12 5 4 2 2 1 1 1 1 0 0 0
"68" 68 0.147286821705 93 83 58 56 54 44 29 26 17 10 9 7 6 2 2 2 1 1 0 0
"69" 69 0.596026490066 136 109 75 63 55 21 16 9 4 3 3 3 2 1 0 0 0 0 0 0
"70" 70 0.605769230769 496 2 1 1 0 0 0 0 0 0 0 0 0 0 0 0 0 0 0 0
"71" 71 0.736434108527 279 213 4 4 0 0 0 0 0 0 0 0 0 0 0 0 0 0 0 0
"72" 72 0.322175732218 245 140 42 40 20 10 2 1 0 0 0 0 0 0 0 0 0 0 0 0
"73" 73 0.895348837209 239 203 26 8 7 6 5 3 2 1 0 0 0 0 0 0 0 0 0 0
"74" 74 0.673076923077 489 11 0 0 0 0 0 0 0 0 0 0 0 0 0 0 0 0 0 0
"75" 75 0.330357142857 138 100 64 51 41 22 20 16 11 10 9 8 6 2 1 1 0 0 0 0
"76" 76 0.297435897436 87 86 55 52 50 49 24 19 19 17 16 7 7 5 4 2 1 0 0 0
"77" 77 0.0529801324503 165 103 55 46 37 26 12 12 9 7 6 6 4 3 3 2 2 2 0 0
"78" 78 0.0 195 63 53 37 34 24 20 15 11 10 9 7 7 6 5 2 1 1 0 0
"79" 79 0.331606217617 126 79 55 42 39 30 26 22 20 13 13 12 12 6 2 2 1 0 0 0
"80" 80 0.511210762332 144 76 71 49 48 33 23 16 14 7 7 5 3 2 1 1 0 0 0 0
"81" 81 0.0152284263959 109 68 60 53 41 41 38 37 21 13 5 4 4 2 2 1 1 0 0 0
"82" 82 0.405063291139 90 85 74 74 44 40 24 21 20 9 7 5 3 2 1 1 0 0 0 0
"83" 83 0.689119170984 184 95 91 37 16 15 14 13 10 8 7 6 2 2 0 0 0 0 0 0
"84" 84 0.195402298851 152 84 60 49 32 28 28 24 13 11 10 4 2 1 1 1 0 0 0 0
"85" 85 0.211538461538 498 1 1 0 0 0 0 0 0 0 0 0 0 0 0 0 0 0 0 0
"86" 86 0.0077519379845 308 109 40 26 7 3 3 2 1 1 0 0 0 0 0 0 0 0 0 0
"87" 87 0.455696202532 202 89 79 60 39 15 6 4 3 1 1 1 0 0 0 0 0 0 0 0
"88" 88 0.0780141843972 129 104 98 59 57 18 12 12 6 3 1 1 0 0 0 0 0 0 0 0
"89" 89 0.00574712643678 187 118 115 49 10 6 5 4 4 2 0 0 0 0 0 0 0 0 0 0
"90" 90 0.010152284264 159 119 73 47 43 26 15 12 2 2 1 1 0 0 0 0 0 0 0 0
"91" 91 0.00995024875622 137 122 107 56 30 19 12 8 4 3 1 1 0 0 0 0 0 0 0 0
"92" 92 0.0 494 4 1 1 0 0 0 0 0 0 0 0 0 0 0 0 0 0 0 0
"93" 93 0.0526315789474 480 14 3 1 1 1 0 0 0 0 0 0 0 0 0 0 0 0 0 0
"94" 94 0.158940397351 238 48 46 38 26 25 24 19 9 7 6 6 3 3 2 0 0 0 0 0
"95" 95 0.303571428571 211 75 68 43 37 33 24 4 4 1 0 0 0 0 0 0 0 0 0 0
"96" 96 0.21897810219 213 104 64 28 25 20 18 10 7 6 3 1 1 0 0 0 0 0 0 0
"97" 97 0.14598540146 309 49 41 16 16 14 13 13 6 6 5 4 4 2 1 1 0 0 0 0
"98" 98 0.470198675497 138 84 72 70 52 21 16 15 10 7 5 4 4 1 1 0 0 0 0 0
"99" 99 0.642585551331 189 85 69 59 40 16 14 14 8 2 2 1 1 0 0 0 0 0 0 0
"100" 100 0.485355648536 129 81 74 67 51 39 26 16 12 3 2 0 0 0 0 0 0 0 0 0
"101" 101 0.736842105263 253 173 29 16 11 5 4 3 3 1 1 1 0 0 0 0 0 0 0 0
"102" 102 0.0625 129 73 50 49 39 39 31 24 17 16 10 9 8 2 2 1 1 0 0 0
"103" 103 0.476683937824 254 93 76 24 12 8 7 7 6 4 3 2 2 1 1 0 0 0 0 0
"104" 104 0.165803108808 136 122 57 33 27 25 24 17 16 13 10 9 6 3 1 1 0 0 0 0
"105" 105 0.409282700422 215 70 66 40 27 23 22 15 13 4 3 1 1 0 0 0 0 0 0 0
"106" 106 0.217573221757 193 74 57 45 44 43 13 9 7 5 4 2 2 1 1 0 0 0 0 0
"107" 107 0.00507614213198 122 90 56 53 36 32 31 29 13 13 11 6 5 2 1 0 0 0 0 0
"108" 108 0.0 432 56 5 3 2 1 1 0 0 0 0 0 0 0 0 0 0 0 0 0
"109" 109 0.243523316062 160 117 87 70 27 16 8 8 4 3 0 0 0 0 0 0 0 0 0 0
"110" 110 0.0126582278481 171 99 54 51 38 22 15 11 11 10 4 4 3 2 2 1 1 1 0 0
"111" 111 0.0 140 123 107 35 27 16 16 16 8 6 3 2 1 0 0 0 0 0 0 0
"112" 112 0.476793248945 184 116 92 28 25 24 14 7 6 3 1 0 0 0 0 0 0 0 0 0
"113" 113 0.205020920502 159 110 49 38 37 34 16 14 12 8 7 6 3 3 2 1 1 0 0 0
"114" 114 0.0232558139535 111 97 64 62 44 42 33 26 9 7 2 2 1 0 0 0 0 0 0 0
"115" 115 0.203980099502 327 56 23 18 12 10 10 9 8 6 6 5 3 2 2 2 1 0 0 0
"116" 116 0.538461538462 181 108 71 40 32 24 14 10 10 4 4 1 1 0 0 0 0 0 0 0
"117" 117 0.255605381166 89 87 60 42 36 31 30 26 23 18 13 10 10 7 7 6 5 0 0 0
"118" 118 0.615384615385 489 11 0 0 0 0 0 0 0 0 0 0 0 0 0 0 0 0 0 0
"119" 119 0.0172413793103 239 90 50 28 24 18 17 14 12 3 3 2 0 0 0 0 0 0 0 0
"120" 120 0.0769230769231 91 90 65 51 48 34 29 26 19 15 12 8 7 4 1 0 0 0 0 0
"121" 121 0.0 379 41 30 23 21 3 2 1 0 0 0 0 0 0 0 0 0 0 0 0
"122" 122 0.0 152 122 110 55 37 6 6 5 3 2 2 0 0 0 0 0 0 0 0 0
"123" 123 0.00497512437811 132 105 97 48 32 29 22 19 11 3 1 1 0 0 0 0 0 0 0 0
"124" 124 0.0 213 116 55 44 33 23 5 3 2 2 2 1 1 0 0 0 0 0 0 0
"125" 125 0.010152284264 292 146 27 14 10 5 3 1 1 1 0 0 0 0 0 0 0 0 0 0
"126" 126 0.0961538461538 500 0 0 0 0 0 0 0 0 0 0 0 0 0 0 0 0 0 0 0
"127" 127 0.00446428571429 295 57 46 39 20 17 13 5 2 2 1 1 1 1 0 0 0 0 0 0
"128" 128 0.209302325581 261 84 50 30 22 16 15 7 6 3 3 2 1 0 0 0 0 0 0 0
"129" 129 0.18407960199 235 75 42 35 34 25 21 16 10 4 1 1 1 0 0 0 0 0 0 0
"130" 130 0.571428571429 238 129 26 24 22 15 15 9 8 5 4 3 2 0 0 0 0 0 0 0
"131" 131 0.285714285714 175 81 65 54 33 28 24 14 7 6 6 3 2 2 0 0 0 0 0 0
"132" 132 0.26582278481 103 96 86 53 44 33 23 21 14 10 9 4 3 1 0 0 0 0 0 0
"133" 133 0.679324894515 238 52 50 36 31 30 22 18 11 6 2 1 1 1 1 0 0 0 0 0
"134" 134 0.511627906977 134 126 57 48 32 29 19 16 14 11 5 5 2 1 1 0 0 0 0 0
"135" 135 0.5 275 209 10 3 2 1 0 0 0 0 0 0 0 0 0 0 0 0 0 0
"136" 136 0.438818565401 141 110 108 52 26 17 16 10 8 5 4 2 1 0 0 0 0 0 0 0
"137" 137 0.145348837209 172 120 76 25 16 14 13 12 10 9 8 8 5 4 3 3 2 0 0 0
"138" 138 0.353233830846 121 87 51 45 41 39 33 32 27 13 4 3 2 1 1 0 0 0 0 0
"139" 139 0.440414507772 112 111 75 52 35 30 29 23 17 7 4 1 1 1 1 1 0 0 0 0
"140" 140 0.0344827586207 147 136 39 36 33 21 18 15 12 11 9 6 5 4 4 2 2 0 0 0
"141" 141 0.0229885057471 145 138 71 34 26 19 18 15 11 8 6 4 2 1 1 1 0 0 0 0
"142" 142 0.348214285714 252 132 44 36 9 7 7 6 3 3 1 0 0 0 0 0 0 0 0 0
"143" 143 0.408759124088 162 111 91 53 32 12 9 8 6 4 3 3 3 3 0 0 0 0 0 0
"144" 144 0.0403587443946 173 149 31 26 21 20 17 15 14 13 5 4 4 4 3 1 0 0 0 0
"145" 145 0.0 339 94 19 12 12 8 4 3 3 2 1 1 1 1 0 0 0 0 0 0
"146" 146 0.205128205128 112 96 82 56 56 40 22 12 7 7 5 4 1 0 0 0 0 0 0 0
"147" 147 0.15503875969 167 109 58 49 22 20 19 14 13 10 9 6 3 1 0 0 0 0 0 0
"148" 148 0.0172413793103 187 79 77 32 30 23 20 19 17 6 4 4 1 1 0 0 0 0 0 0
"149" 149 0.119402985075 151 132 53 37 33 29 18 14 12 7 6 3 2 1 1 1 0 0 0 0
"150" 150 0.602678571429 196 91 79 48 20 15 13 12 10 4 4 4 2 1 1 0 0 0 0 0
"151" 151 0.321428571429 198 85 56 52 27 25 24 16 5 3 3 2 2 1 1 0 0 0 0 0
"152" 152 0.0574712643678 342 63 38 29 17 6 1 1 1 1 1 0 0 0 0 0 0 0 0 0
"153" 153 0.831223628692 243 128 45 42 15 10 9 3 3 1 1 0 0 0 0 0 0 0 0 0
"154" 154 0.538860103627 246 47 43 39 34 32 20 14 11 5 4 3 1 1 0 0 0 0 0 0
"155" 155 0.0425531914894 176 149 147 13 9 2 2 1 1 0 0 0 0 0 0 0 0 0 0 0
"156" 156 0.575581395349 94 92 74 55 46 46 20 19 17 14 10 8 2 2 1 0 0 0 0 0
"157" 157 0.523076923077 112 95 88 69 43 22 20 17 14 8 7 3 1 1 0 0 0 0 0 0
"158" 158 0.0172413793103 280 55 55 26 26 23 13 9 5 4 3 1 0 0 0 0 0 0 0 0
"159" 159 0.0 263 125 61 13 7 6 6 5 4 3 2 2 1 1 1 0 0 0 0 0
"160" 160 0.0 198 114 85 54 14 9 7 4 3 3 3 2 2 1 1 0 0 0 0 0
"161" 161 0.0 250 204 36 6 2 1 1 0 0 0 0 0 0 0 0 0 0 0 0 0
"162" 162 0.00760456273764 414 52 13 8 3 3 2 2 1 1 1 0 0 0 0 0 0 0 0 0
"163" 163 0.0669642857143 392 66 14 12 9 2 1 1 1 1 1 0 0 0 0 0 0 0 0 0
"164" 164 0.0062893081761 410 37 30 9 7 2 2 2 1 0 0 0 0 0 0 0 0 0 0 0
"165" 165 0.241379310345 110 75 66 51 50 46 24 17 16 10 9 9 7 5 4 1 0 0 0 0
"166" 166 0.031914893617 290 123 33 23 14 6 4 3 2 1 1 0 0 0 0 0 0 0 0 0
"167" 167 0.131782945736 246 132 73 16 11 10 4 3 2 1 1 1 0 0 0 0 0 0 0 0
"168" 168 0.46192893401 191 78 66 61 19 17 16 16 10 8 5 5 4 3 1 0 0 0 0 0
"169" 169 0.865384615385 339 151 9 1 0 0 0 0 0 0 0 0 0 0 0 0 0 0 0 0
"170" 170 0.302325581395 323 45 38 23 16 14 13 10 9 4 2 2 1 0 0 0 0 0 0 0
"171" 171 0.75 494 6 0 0 0 0 0 0 0 0 0 0 0 0 0 0 0 0 0 0
"172" 172 0.442786069652 213 87 48 42 34 15 15 9 9 8 6 4 3 3 2 2 0 0 0 0
"173" 173 0.627906976744 141 79 64 50 44 44 21 19 14 9 8 5 2 0 0 0 0 0 0 0
"174" 174 0.193798449612 310 57 56 31 17 7 6 6 5 3 1 1 0 0 0 0 0 0 0 0
"175" 175 0.296511627907 240 201 38 7 5 4 2 2 1 0 0 0 0 0 0 0 0 0 0 0
"176" 176 0.100628930818 201 67 63 38 34 33 22 14 13 9 5 1 0 0 0 0 0 0 0 0
"177" 177 0.517857142857 361 63 59 5 4 2 2 2 1 1 0 0 0 0 0 0 0 0 0 0
"178" 178 0.243523316062 272 84 48 25 19 13 13 12 6 3 2 1 1 1 0 0 0 0 0 0
"179" 179 0.0077519379845 283 117 44 17 13 9 8 3 2 1 1 1 1 0 0 0 0 0 0 0
"180" 180 0.192825112108 361 42 35 25 21 6 5 4 1 0 0 0 0 0 0 0 0 0 0 0
"181" 181 0.502590673575 201 140 83 40 8 6 6 4 4 4 1 1 1 1 0 0 0 0 0 0
"182" 182 0.0659898477157 249 145 36 17 14 9 8 7 5 3 2 2 2 1 0 0 0 0 0 0
"183" 183 0.0 438 42 8 8 3 1 0 0 0 0 0 0 0 0 0 0 0 0 0 0
"184" 184 0.271317829457 224 181 38 23 11 6 5 3 3 2 1 1 1 1 0 0 0 0 0 0
"185" 185 0.291390728477 188 117 64 34 20 18 17 16 9 9 3 2 1 1 1 0 0 0 0 0
"186" 186 0.00507614213198 189 110 83 60 13 11 10 9 5 3 2 2 2 1 0 0 0 0 0 0
"187" 187 0.0693430656934 166 129 74 43 43 13 5 5 4 4 4 3 2 2 2 1 0 0 0 0
"188" 188 0.675105485232 181 74 67 67 66 15 14 5 5 4 1 1 0 0 0 0 0 0 0 0
"189" 189 0.117154811715 334 89 40 13 6 4 4 2 2 2 1 1 1 1 0 0 0 0 0 0
"190" 190 0.0 314 36 36 32 26 23 18 5 3 3 2 1 1 0 0 0 0 0 0 0
"191" 191 0.232558139535 368 45 28 27 12 12 3 2 1 1 1 0 0 0 0 0 0 0 0 0
"192" 192 0.549668874172 128 112 53 51 49 30 29 18 10 8 4 3 3 1 1 0 0 0 0 0
"193" 193 0.46835443038 133 127 75 33 26 23 22 16 13 12 10 6 3 1 0 0 0 0 0 0
"194" 194 0.208955223881 354 69 20 11 8 8 6 5 5 5 4 3 1 1 0 0 0 0 0 0
"195" 195 0.278846153846 500 0 0 0 0 0 0 0 0 0 0 0 0 0 0 0 0 0 0 0
"196" 196 0.60621761658 132 111 83 61 27 24 18 14 8 8 6 5 1 1 1 0 0 0 0 0
"197" 197 0.535864978903 97 94 71 70 66 23 17 16 14 13 11 8 0 0 0 0 0 0 0 0
"198" 198 0.31007751938 84 65 58 52 42 36 31 30 23 13 13 12 11 8 8 7 4 3 0 0
"199" 199 0.0077519379845 458 17 16 3 3 2 1 0 0 0 0 0 0 0 0 0 0 0 0 0
"200" 200 0.225165562914 175 70 53 49 46 33 25 13 8 8 8 7 2 2 1 0 0 0 0 0
"201" 201 0.540178571429 106 99 91 59 39 32 28 16 7 7 5 4 3 3 1 0 0 0 0 0
"202" 202 0.0398009950249 229 77 72 24 23 18 17 15 12 8 2 1 1 1 0 0 0 0 0 0
"203" 203 0.105839416058 281 141 22 14 9 7 6 4 4 4 3 2 2 1 0 0 0 0 0 0
"204" 204 0.0 223 134 69 43 16 13 1 1 0 0 0 0 0 0 0 0 0 0 0 0
"205" 205 0.0 430 31 23 5 4 3 2 2 0 0 0 0 0 0 0 0 0 0 0 0
"206" 206 0.0342205323194 294 79 59 26 18 16 6 1 1 0 0 0 0 0 0 0 0 0 0 0
"207" 207 0.125 379 43 38 22 14 4 0 0 0 0 0 0 0 0 0 0 0 0 0 0
"208" 208 0.0865384615385 177 147 143 19 8 6 0 0 0 0 0 0 0 0 0 0 0 0 0 0
"209" 209 0.549668874172 384 33 20 17 9 9 8 6 6 4 2 1 1 0 0 0 0 0 0 0
"210" 210 0.046511627907 145 141 82 41 30 26 19 7 3 2 1 1 1 1 0 0 0 0 0 0
"211" 211 0.241025641026 252 86 56 47 44 7 3 2 1 1 1 0 0 0 0 0 0 0 0 0
"212" 212 0.201923076923 231 95 66 38 29 19 7 4 4 4 2 1 0 0 0 0 0 0 0 0
"213" 213 0.708609271523 256 73 58 55 30 11 9 5 2 1 0 0 0 0 0 0 0 0 0 0
"214" 214 0.2 141 90 64 44 40 34 21 20 13 9 8 8 7 1 0 0 0 0 0 0
"215" 215 0.0077519379845 400 81 14 2 1 1 1 0 0 0 0 0 0 0 0 0 0 0 0 0
"216" 216 0.379310344828 133 97 68 66 41 29 22 17 14 11 2 0 0 0 0 0 0 0 0 0
"217" 217 0.354651162791 159 133 89 43 23 13 13 9 8 3 3 2 1 1 0 0 0 0 0 0
"218" 218 0.0167364016736 237 58 41 37 36 27 13 12 11 7 6 5 4 4 2 0 0 0 0 0
"219" 219 0.345991561181 218 100 79 32 23 18 14 3 3 3 3 2 1 1 0 0 0 0 0 0
"220" 220 0.699481865285 353 39 38 21 18 15 7 5 2 1 1 0 0 0 0 0 0 0 0 0
"221" 221 0.160337552743 132 127 86 58 46 25 9 8 3 2 2 1 1 0 0 0 0 0 0 0
"222" 222 0.573643410853 196 133 79 31 21 17 16 4 2 1 0 0 0 0 0 0 0 0 0 0
"223" 223 0.145077720207 124 112 101 51 28 19 18 14 13 7 7 6 0 0 0 0 0 0 0 0
"224" 224 0.00574712643678 271 125 81 17 5 1 0 0 0 0 0 0 0 0 0 0 0 0 0 0
"225" 225 0.0414507772021 341 128 14 5 4 4 1 1 1 1 0 0 0 0 0 0 0 0 0 0
"226" 226 0.0 500 0 0 0 0 0 0 0 0 0 0 0 0 0 0 0 0 0 0 0
"227" 227 0.0 261 193 20 16 5 3 1 1 0 0 0 0 0 0 0 0 0 0 0 0
"228" 228 0.0398009950249 231 142 36 32 22 17 9 7 4 0 0 0 0 0 0 0 0 0 0 0
"229" 229 0.0114942528736 115 90 86 71 38 33 27 16 7 6 5 2 2 2 0 0 0 0 0 0
"230" 230 0.173076923077 301 113 42 23 10 4 3 2 2 0 0 0 0 0 0 0 0 0 0 0
"231" 231 0.5 170 152 37 28 26 25 25 11 9 7 7 2 1 0 0 0 0 0 0 0
"232" 232 0.0697674418605 234 98 27 20 18 18 15 12 11 11 8 8 8 7 1 1 1 1 1 0
"233" 233 0.0 324 133 42 1 0 0 0 0 0 0 0 0 0 0 0 0 0 0 0 0
"234" 234 0.243781094527 161 70 65 43 39 38 26 24 20 6 5 3 0 0 0 0 0 0 0 0
"235" 235 0.434599156118 157 104 81 43 41 26 21 10 9 4 2 1 1 0 0 0 0 0 0 0
"236" 236 0.48427672956 106 82 77 57 53 50 21 15 14 11 10 2 1 1 0 0 0 0 0 0
"237" 237 0.191964285714 147 146 67 63 40 16 8 6 2 2 2 1 0 0 0 0 0 0 0 0
"238" 238 0.0167364016736 333 42 32 25 22 22 8 8 4 2 1 1 0 0 0 0 0 0 0 0
"239" 239 0.149425287356 180 81 44 36 28 27 20 16 16 11 11 10 7 6 3 2 1 1 0 0
"240" 240 0.492227979275 237 55 49 48 23 22 20 11 8 5 5 5 4 3 3 1 1 0 0 0
"241" 241 0.0 274 47 47 38 37 16 12 7 6 4 3 3 3 2 1 0 0 0 0 0
"242" 242 0.00507614213198 157 100 70 47 21 19 17 17 14 12 10 5 3 3 3 1 1 0 0 0
"243" 243 0.235897435897 149 127 109 24 22 18 16 13 9 5 4 2 1 1 0 0 0 0 0 0
"244" 244 0.0927152317881 314 129 25 15 8 6 2 1 0 0 0 0 0 0 0 0 0 0 0 0
"245" 245 0.273722627737 101 78 56 45 39 35 33 31 29 23 12 10 4 2 2 0 0 0 0 0
"246" 246 0.907692307692 269 103 46 36 22 14 10 0 0 0 0 0 0 0 0 0 0 0 0 0
