"site" "RSA" "aa1" "aa2" "aa3" "aa4" "aa5" "aa6" "aa7" "aa8" "aa9" "aa10" "aa11" "aa12" "aa13" "aa14" "aa15" "aa16" "aa17" "aa18" "aa19" "aa20"
"0" 0 0.317880794702 482 13 5 0 0 0 0 0 0 0 0 0 0 0 0 0 0 0 0 0
"1" 1 0.00507614213198 295 92 30 25 20 15 8 6 5 2 2 0 0 0 0 0 0 0 0 0
"2" 2 0.0 268 207 17 2 2 2 1 1 0 0 0 0 0 0 0 0 0 0 0 0
"3" 3 0.10460251046 278 137 21 14 14 11 7 6 6 4 1 1 0 0 0 0 0 0 0 0
"4" 4 0.269035532995 129 128 117 79 30 12 4 1 0 0 0 0 0 0 0 0 0 0 0 0
"5" 5 0.709844559585 89 84 71 70 61 47 42 31 3 2 0 0 0 0 0 0 0 0 0 0
"6" 6 0.5 233 136 70 22 14 10 5 5 4 1 0 0 0 0 0 0 0 0 0 0
"7" 7 0.421524663677 198 145 66 53 14 13 5 3 2 1 0 0 0 0 0 0 0 0 0 0
"8" 8 0.0348258706468 344 59 38 37 10 8 3 1 0 0 0 0 0 0 0 0 0 0 0 0
"9" 9 0.403846153846 386 58 17 12 9 8 5 2 1 1 1 0 0 0 0 0 0 0 0 0
"10" 10 0.0174418604651 482 12 5 1 0 0 0 0 0 0 0 0 0 0 0 0 0 0 0 0
"11" 11 0.574358974359 452 30 10 3 2 2 1 0 0 0 0 0 0 0 0 0 0 0 0 0
"12" 12 0.459119496855 203 157 75 29 12 12 4 3 3 2 0 0 0 0 0 0 0 0 0 0
"13" 13 0.0232558139535 273 114 69 27 8 6 3 0 0 0 0 0 0 0 0 0 0 0 0 0
"14" 14 0.629464285714 336 63 49 22 14 6 4 3 2 1 0 0 0 0 0 0 0 0 0 0
"15" 15 0.28855721393 248 228 12 3 3 3 2 1 0 0 0 0 0 0 0 0 0 0 0 0
"16" 16 0.119496855346 92 92 88 87 48 44 13 10 8 7 7 2 2 0 0 0 0 0 0 0
"17" 17 0.704402515723 282 110 52 37 11 6 1 1 0 0 0 0 0 0 0 0 0 0 0 0
"18" 18 0.119402985075 380 64 43 6 4 3 0 0 0 0 0 0 0 0 0 0 0 0 0 0
"19" 19 0.522012578616 186 145 81 20 19 14 8 6 6 6 4 3 2 0 0 0 0 0 0 0
"20" 20 0.133079847909 212 77 68 53 40 26 10 9 2 1 1 1 0 0 0 0 0 0 0 0
"21" 21 0.355769230769 183 93 92 78 34 8 5 4 3 0 0 0 0 0 0 0 0 0 0 0
"22" 22 0.281368821293 141 118 106 51 45 17 11 6 3 1 1 0 0 0 0 0 0 0 0 0
"23" 23 0.559585492228 284 158 34 11 5 3 2 1 1 1 0 0 0 0 0 0 0 0 0 0
"24" 24 0.248062015504 296 190 8 3 2 1 0 0 0 0 0 0 0 0 0 0 0 0 0 0
"25" 25 0.0 413 58 24 2 1 1 1 0 0 0 0 0 0 0 0 0 0 0 0 0
"26" 26 0.352678571429 272 101 33 22 21 17 10 9 8 7 0 0 0 0 0 0 0 0 0 0
"27" 27 0.476793248945 165 107 96 64 21 12 9 9 7 3 2 2 2 1 0 0 0 0 0 0
"28" 28 0.0 226 188 62 19 4 1 0 0 0 0 0 0 0 0 0 0 0 0 0 0
"29" 29 0.0253807106599 265 152 29 22 12 9 5 4 1 1 0 0 0 0 0 0 0 0 0 0
"30" 30 0.0829015544041 463 13 10 5 4 2 2 1 0 0 0 0 0 0 0 0 0 0 0 0
"31" 31 0.0697674418605 404 47 22 18 4 4 1 0 0 0 0 0 0 0 0 0 0 0 0 0
"32" 32 0.495535714286 327 66 57 17 15 10 6 1 1 0 0 0 0 0 0 0 0 0 0 0
"33" 33 0.0116279069767 179 137 125 18 16 12 9 2 1 1 0 0 0 0 0 0 0 0 0 0
"34" 34 0.0045871559633 291 56 41 24 21 19 16 11 10 6 5 0 0 0 0 0 0 0 0 0
"35" 35 0.434599156118 243 85 80 35 25 20 6 1 1 1 1 1 1 0 0 0 0 0 0 0
"36" 36 0.407960199005 150 137 104 39 23 16 9 7 7 4 2 1 1 0 0 0 0 0 0 0
"37" 37 0.0191387559809 449 16 10 10 9 3 3 0 0 0 0 0 0 0 0 0 0 0 0 0
"38" 38 0.0334928229665 475 21 3 1 0 0 0 0 0 0 0 0 0 0 0 0 0 0 0 0
"39" 39 0.326424870466 118 89 62 50 46 45 42 17 12 8 3 3 3 2 0 0 0 0 0 0
"40" 40 0.599156118143 310 120 55 6 5 3 1 0 0 0 0 0 0 0 0 0 0 0 0 0
"41" 41 0.311004784689 426 34 23 10 2 1 1 1 1 1 0 0 0 0 0 0 0 0 0 0
"42" 42 0.0 496 3 1 0 0 0 0 0 0 0 0 0 0 0 0 0 0 0 0 0
"43" 43 0.124031007752 288 140 35 9 6 6 4 4 4 2 1 1 0 0 0 0 0 0 0 0
"44" 44 0.294573643411 214 90 69 44 26 19 13 8 7 5 3 2 0 0 0 0 0 0 0 0
"45" 45 0.102661596958 477 19 2 1 1 0 0 0 0 0 0 0 0 0 0 0 0 0 0 0
"46" 46 0.0229885057471 404 43 19 11 9 8 2 2 2 0 0 0 0 0 0 0 0 0 0 0
"47" 47 0.471794871795 304 125 25 18 11 10 4 2 1 0 0 0 0 0 0 0 0 0 0 0
"48" 48 0.369230769231 282 113 86 8 3 2 2 1 1 1 1 0 0 0 0 0 0 0 0 0
"49" 49 0.00497512437811 472 24 2 1 1 0 0 0 0 0 0 0 0 0 0 0 0 0 0 0
"50" 50 0.14358974359 257 139 53 31 9 8 2 1 0 0 0 0 0 0 0 0 0 0 0 0
"51" 51 0.441025641026 232 148 56 22 13 11 10 8 0 0 0 0 0 0 0 0 0 0 0 0
"52" 52 0.0232558139535 392 36 29 25 6 6 3 1 1 1 0 0 0 0 0 0 0 0 0 0
"53" 53 0.00995024875622 489 8 1 1 1 0 0 0 0 0 0 0 0 0 0 0 0 0 0 0
"54" 54 0.599156118143 314 35 33 30 26 18 16 10 10 7 1 0 0 0 0 0 0 0 0 0
"55" 55 0.603375527426 221 92 62 42 21 14 14 10 10 9 2 1 1 1 0 0 0 0 0 0
"56" 56 0.167464114833 350 68 52 11 6 5 3 3 1 1 0 0 0 0 0 0 0 0 0 0
"57" 57 0.471698113208 190 121 104 54 15 9 4 2 1 0 0 0 0 0 0 0 0 0 0 0
"58" 58 0.549107142857 189 88 84 45 33 28 18 10 5 0 0 0 0 0 0 0 0 0 0 0
"59" 59 0.114427860697 332 156 10 2 0 0 0 0 0 0 0 0 0 0 0 0 0 0 0 0
"60" 60 0.224215246637 374 50 36 28 7 3 1 1 0 0 0 0 0 0 0 0 0 0 0 0
"61" 61 0.815384615385 144 103 100 99 33 12 6 2 1 0 0 0 0 0 0 0 0 0 0 0
"62" 62 0.271523178808 132 120 109 67 33 16 8 8 3 2 2 0 0 0 0 0 0 0 0 0
"63" 63 0.0529801324503 299 74 59 55 11 1 1 0 0 0 0 0 0 0 0 0 0 0 0 0
"64" 64 0.00574712643678 428 64 4 2 1 1 0 0 0 0 0 0 0 0 0 0 0 0 0 0
"65" 65 0.0 488 7 3 2 0 0 0 0 0 0 0 0 0 0 0 0 0 0 0 0
"66" 66 0.325581395349 155 141 80 65 19 13 12 6 5 2 1 1 0 0 0 0 0 0 0 0
"67" 67 0.0298507462687 479 6 5 5 2 1 1 1 0 0 0 0 0 0 0 0 0 0 0 0
"68" 68 0.0149253731343 494 6 0 0 0 0 0 0 0 0 0 0 0 0 0 0 0 0 0 0
"69" 69 0.43795620438 177 154 66 32 28 18 17 6 2 0 0 0 0 0 0 0 0 0 0 0
"70" 70 0.419689119171 187 175 62 50 11 4 4 3 1 1 1 1 0 0 0 0 0 0 0 0
"71" 71 0.129353233831 481 14 3 2 0 0 0 0 0 0 0 0 0 0 0 0 0 0 0 0
"72" 72 0.682051282051 320 61 48 25 20 16 8 1 1 0 0 0 0 0 0 0 0 0 0 0
"73" 73 0.509933774834 176 133 79 51 31 14 8 6 1 1 0 0 0 0 0 0 0 0 0 0
"74" 74 0.0 469 21 5 3 1 1 0 0 0 0 0 0 0 0 0 0 0 0 0 0
"75" 75 0.220125786164 180 164 47 29 15 14 11 9 9 7 7 3 3 2 0 0 0 0 0 0
"76" 76 0.709821428571 284 205 6 4 1 0 0 0 0 0 0 0 0 0 0 0 0 0 0 0
"77" 77 0.549222797927 191 88 59 59 52 37 10 3 1 0 0 0 0 0 0 0 0 0 0 0
"78" 78 0.0152284263959 361 55 42 28 12 2 0 0 0 0 0 0 0 0 0 0 0 0 0 0
"79" 79 0.259124087591 265 227 7 1 0 0 0 0 0 0 0 0 0 0 0 0 0 0 0 0
"80" 80 0.517441860465 336 142 10 7 3 1 1 0 0 0 0 0 0 0 0 0 0 0 0 0
"81" 81 0.308139534884 220 105 78 33 25 17 13 3 2 2 2 0 0 0 0 0 0 0 0 0
"82" 82 0.0 473 10 10 3 2 1 1 0 0 0 0 0 0 0 0 0 0 0 0 0
"83" 83 0.332116788321 333 146 13 4 2 1 1 0 0 0 0 0 0 0 0 0 0 0 0 0
"84" 84 0.317948717949 275 114 47 35 22 4 1 1 1 0 0 0 0 0 0 0 0 0 0 0
"85" 85 0.0871794871795 449 31 5 3 3 3 2 2 1 1 0 0 0 0 0 0 0 0 0 0
"86" 86 0.00961538461538 500 0 0 0 0 0 0 0 0 0 0 0 0 0 0 0 0 0 0 0
"87" 87 0.00961538461538 500 0 0 0 0 0 0 0 0 0 0 0 0 0 0 0 0 0 0 0
"88" 88 0.0 478 11 8 1 1 1 0 0 0 0 0 0 0 0 0 0 0 0 0 0
"89" 89 0.00478468899522 341 77 38 31 12 1 0 0 0 0 0 0 0 0 0 0 0 0 0 0
"90" 90 0.0 345 80 36 13 10 7 5 2 2 0 0 0 0 0 0 0 0 0 0 0
"91" 91 0.0 216 111 82 34 28 15 10 2 1 1 0 0 0 0 0 0 0 0 0 0
"92" 92 0.0 492 4 3 1 0 0 0 0 0 0 0 0 0 0 0 0 0 0 0 0
"93" 93 0.0116279069767 253 73 46 30 26 23 19 18 4 4 3 1 0 0 0 0 0 0 0 0
"94" 94 0.00507614213198 363 102 18 9 7 1 0 0 0 0 0 0 0 0 0 0 0 0 0 0
"95" 95 0.00836820083682 258 163 34 27 15 2 1 0 0 0 0 0 0 0 0 0 0 0 0 0
"96" 96 0.0141843971631 457 31 4 4 2 1 1 0 0 0 0 0 0 0 0 0 0 0 0 0
"97" 97 0.152466367713 243 93 63 44 23 14 9 6 1 1 1 1 1 0 0 0 0 0 0 0
"98" 98 0.0 435 20 18 8 7 4 3 3 1 1 0 0 0 0 0 0 0 0 0 0
"99" 99 0.00917431192661 198 123 69 53 27 24 2 2 1 1 0 0 0 0 0 0 0 0 0 0
"100" 100 0.119205298013 220 157 60 29 17 16 1 0 0 0 0 0 0 0 0 0 0 0 0 0
"101" 101 0.308176100629 267 115 63 45 10 0 0 0 0 0 0 0 0 0 0 0 0 0 0 0
"102" 102 0.787564766839 368 49 28 26 13 8 4 3 1 0 0 0 0 0 0 0 0 0 0 0
"103" 103 0.153846153846 500 0 0 0 0 0 0 0 0 0 0 0 0 0 0 0 0 0 0 0
"104" 104 0.163461538462 500 0 0 0 0 0 0 0 0 0 0 0 0 0 0 0 0 0 0 0
"105" 105 0.548076923077 500 0 0 0 0 0 0 0 0 0 0 0 0 0 0 0 0 0 0 0
"106" 106 0.556053811659 205 67 58 57 37 19 16 12 6 6 5 5 4 3 0 0 0 0 0 0
"107" 107 0.11320754717 309 136 21 15 8 4 4 3 0 0 0 0 0 0 0 0 0 0 0 0
"108" 108 0.453488372093 235 91 74 65 17 6 6 3 2 1 0 0 0 0 0 0 0 0 0 0
"109" 109 0.423076923077 500 0 0 0 0 0 0 0 0 0 0 0 0 0 0 0 0 0 0 0
"110" 110 0.512953367876 231 58 57 54 35 13 12 11 9 9 7 2 2 0 0 0 0 0 0 0
"111" 111 0.0 282 66 31 26 26 21 21 10 8 6 2 1 0 0 0 0 0 0 0 0
"112" 112 0.108527131783 120 101 89 83 58 17 11 10 3 3 2 2 1 0 0 0 0 0 0 0
"113" 113 0.542600896861 245 97 51 36 28 27 10 3 2 1 0 0 0 0 0 0 0 0 0 0
"114" 114 0.196428571429 202 70 69 64 27 19 17 13 11 4 2 1 1 0 0 0 0 0 0 0
"115" 115 0.0 258 162 34 14 9 8 8 4 2 1 0 0 0 0 0 0 0 0 0 0
"116" 116 0.410256410256 172 79 71 41 39 27 23 13 10 10 5 4 3 2 1 0 0 0 0 0
"117" 117 0.704035874439 351 41 38 26 23 14 3 3 1 0 0 0 0 0 0 0 0 0 0 0
"118" 118 0.389534883721 294 59 37 26 25 21 15 8 6 5 3 1 0 0 0 0 0 0 0 0
"119" 119 0.117154811715 471 24 4 1 0 0 0 0 0 0 0 0 0 0 0 0 0 0 0 0
"120" 120 0.538461538462 500 0 0 0 0 0 0 0 0 0 0 0 0 0 0 0 0 0 0 0
"121" 121 0.238410596026 334 90 50 26 0 0 0 0 0 0 0 0 0 0 0 0 0 0 0 0
"122" 122 0.0627615062762 142 82 77 68 41 26 22 14 9 9 5 3 2 0 0 0 0 0 0 0
"123" 123 0.424107142857 233 93 86 34 21 13 10 7 2 1 0 0 0 0 0 0 0 0 0 0
"124" 124 0.316964285714 216 128 76 60 9 6 3 1 1 0 0 0 0 0 0 0 0 0 0 0
"125" 125 0.0 223 147 103 15 11 1 0 0 0 0 0 0 0 0 0 0 0 0 0 0
"126" 126 0.240506329114 160 156 92 53 17 10 9 3 0 0 0 0 0 0 0 0 0 0 0 0
"127" 127 0.556962025316 155 149 81 35 19 15 15 11 10 6 4 0 0 0 0 0 0 0 0 0
"128" 128 0.300448430493 381 41 27 23 13 6 4 2 2 1 0 0 0 0 0 0 0 0 0 0
"129" 129 0.0 416 43 32 3 3 2 1 0 0 0 0 0 0 0 0 0 0 0 0 0
"130" 130 0.14358974359 231 97 52 34 27 21 15 8 7 4 3 1 0 0 0 0 0 0 0 0
"131" 131 0.551569506726 247 63 52 38 32 22 16 15 7 5 2 1 0 0 0 0 0 0 0 0
"132" 132 0.15503875969 246 105 63 40 17 12 8 2 2 2 2 1 0 0 0 0 0 0 0 0
"133" 133 0.0 295 173 30 1 1 0 0 0 0 0 0 0 0 0 0 0 0 0 0 0
"134" 134 0.394230769231 170 81 78 73 27 24 15 11 7 7 4 2 1 0 0 0 0 0 0 0
"135" 135 0.626943005181 209 77 57 51 32 28 14 14 7 5 3 2 1 0 0 0 0 0 0 0
"136" 136 0.211678832117 380 90 26 3 1 0 0 0 0 0 0 0 0 0 0 0 0 0 0 0
"137" 137 0.832635983264 180 146 89 53 11 9 6 6 0 0 0 0 0 0 0 0 0 0 0 0
"138" 138 0.394230769231 500 0 0 0 0 0 0 0 0 0 0 0 0 0 0 0 0 0 0 0
"139" 139 0.258278145695 209 103 70 63 17 12 7 4 3 3 2 2 2 1 1 1 0 0 0 0
"140" 140 0.0 500 0 0 0 0 0 0 0 0 0 0 0 0 0 0 0 0 0 0 0
"141" 141 0.00354609929078 444 22 11 11 5 4 2 1 0 0 0 0 0 0 0 0 0 0 0 0
"142" 142 0.0 304 102 78 15 1 0 0 0 0 0 0 0 0 0 0 0 0 0 0 0
"143" 143 0.00354609929078 218 125 108 22 9 8 7 2 1 0 0 0 0 0 0 0 0 0 0 0
"144" 144 0.0 340 59 28 25 14 11 10 5 4 2 2 0 0 0 0 0 0 0 0 0
"145" 145 0.0 379 117 3 1 0 0 0 0 0 0 0 0 0 0 0 0 0 0 0 0
"146" 146 0.127737226277 196 159 37 36 23 22 17 4 3 2 1 0 0 0 0 0 0 0 0 0
"147" 147 0.0923076923077 191 130 108 43 19 3 3 1 1 1 0 0 0 0 0 0 0 0 0 0
"148" 148 0.62893081761 181 102 63 41 35 33 16 16 11 1 1 0 0 0 0 0 0 0 0 0
"149" 149 0.708520179372 142 89 84 58 53 48 13 12 1 0 0 0 0 0 0 0 0 0 0 0
"150" 150 0.355769230769 500 0 0 0 0 0 0 0 0 0 0 0 0 0 0 0 0 0 0 0
"151" 151 0.47533632287 211 106 77 59 22 8 8 4 2 1 1 1 0 0 0 0 0 0 0 0
"152" 152 0.044776119403 481 5 5 3 2 2 1 1 0 0 0 0 0 0 0 0 0 0 0 0
"153" 153 0.367713004484 214 118 43 39 19 17 16 14 8 4 3 2 2 1 0 0 0 0 0 0
"154" 154 0.172413793103 454 31 6 4 4 1 0 0 0 0 0 0 0 0 0 0 0 0 0 0
"155" 155 0.137931034483 205 128 78 16 16 14 13 10 10 4 2 2 1 1 0 0 0 0 0 0
"156" 156 0.238410596026 197 99 93 27 24 16 14 13 12 4 1 0 0 0 0 0 0 0 0 0
"157" 157 0.0232558139535 235 187 29 26 7 4 3 3 2 1 1 1 1 0 0 0 0 0 0 0
"158" 158 0.276729559748 329 82 34 33 17 2 1 1 1 0 0 0 0 0 0 0 0 0 0 0
"159" 159 0.405128205128 483 17 0 0 0 0 0 0 0 0 0 0 0 0 0 0 0 0 0 0
"160" 160 0.0179372197309 486 6 4 4 0 0 0 0 0 0 0 0 0 0 0 0 0 0 0 0
"161" 161 0.0932642487047 196 189 53 32 15 5 5 3 1 1 0 0 0 0 0 0 0 0 0 0
"162" 162 0.0102564102564 367 53 50 26 2 2 0 0 0 0 0 0 0 0 0 0 0 0 0 0
"163" 163 0.0 444 29 17 9 1 0 0 0 0 0 0 0 0 0 0 0 0 0 0 0
"164" 164 0.0152284263959 402 70 22 3 1 1 1 0 0 0 0 0 0 0 0 0 0 0 0 0
"165" 165 0.275229357798 431 31 16 13 6 1 1 1 0 0 0 0 0 0 0 0 0 0 0 0
"166" 166 0.5 116 108 59 52 45 42 25 21 19 5 4 2 2 0 0 0 0 0 0 0
"167" 167 0.451923076923 454 45 1 0 0 0 0 0 0 0 0 0 0 0 0 0 0 0 0 0
"168" 168 0.0529801324503 202 78 59 52 50 30 13 11 4 1 0 0 0 0 0 0 0 0 0 0
"169" 169 0.110266159696 492 3 2 2 1 0 0 0 0 0 0 0 0 0 0 0 0 0 0 0
"170" 170 0.0 400 26 21 18 11 9 9 6 0 0 0 0 0 0 0 0 0 0 0 0
"171" 171 0.0 322 157 12 6 1 1 1 0 0 0 0 0 0 0 0 0 0 0 0 0
"172" 172 0.0 256 143 54 17 13 9 6 2 0 0 0 0 0 0 0 0 0 0 0 0
"173" 173 0.00961538461538 339 150 6 4 1 0 0 0 0 0 0 0 0 0 0 0 0 0 0 0
"174" 174 0.0 142 92 44 43 41 35 32 26 13 12 11 5 3 1 0 0 0 0 0 0
"175" 175 0.0 407 48 38 2 2 1 1 1 0 0 0 0 0 0 0 0 0 0 0 0
"176" 176 0.0 260 172 33 16 14 3 1 1 0 0 0 0 0 0 0 0 0 0 0 0
"177" 177 0.191489361702 183 137 95 69 8 7 1 0 0 0 0 0 0 0 0 0 0 0 0 0
"178" 178 0.504464285714 240 131 54 17 14 9 9 8 6 6 4 2 0 0 0 0 0 0 0 0
"179" 179 0.186602870813 306 65 31 27 27 18 17 4 3 1 1 0 0 0 0 0 0 0 0 0
"180" 180 0.0232558139535 357 48 38 34 16 7 0 0 0 0 0 0 0 0 0 0 0 0 0 0
"181" 181 0.0190114068441 248 185 67 0 0 0 0 0 0 0 0 0 0 0 0 0 0 0 0 0
"182" 182 0.410646387833 216 114 56 46 31 28 4 2 1 1 1 0 0 0 0 0 0 0 0 0
"183" 183 0.477611940299 325 38 36 26 16 16 13 10 9 4 3 2 1 1 0 0 0 0 0 0
"184" 184 0.28102189781 498 1 1 0 0 0 0 0 0 0 0 0 0 0 0 0 0 0 0 0
"185" 185 0.0228136882129 469 30 1 0 0 0 0 0 0 0 0 0 0 0 0 0 0 0 0 0
"186" 186 0.304932735426 485 14 1 0 0 0 0 0 0 0 0 0 0 0 0 0 0 0 0 0
"187" 187 0.610256410256 297 126 21 16 11 8 7 6 5 2 1 0 0 0 0 0 0 0 0 0
"188" 188 0.295620437956 220 116 66 22 22 13 11 10 8 5 3 3 1 0 0 0 0 0 0 0
"189" 189 0.113138686131 395 44 23 15 9 7 5 1 1 0 0 0 0 0 0 0 0 0 0 0
"190" 190 0.584905660377 185 180 31 28 22 19 12 10 10 2 1 0 0 0 0 0 0 0 0 0
"191" 191 0.397321428571 162 107 91 53 49 21 6 5 3 2 1 0 0 0 0 0 0 0 0 0
"192" 192 0.00380228136882 311 129 37 14 7 2 0 0 0 0 0 0 0 0 0 0 0 0 0 0
"193" 193 0.00995024875622 350 81 25 13 9 7 6 3 2 2 2 0 0 0 0 0 0 0 0 0
"194" 194 0.425641025641 218 118 99 15 12 10 9 5 5 5 2 1 1 0 0 0 0 0 0 0
"195" 195 0.251282051282 269 117 39 34 15 8 6 5 5 1 1 0 0 0 0 0 0 0 0 0
"196" 196 0.0 315 145 17 10 5 2 2 2 1 1 0 0 0 0 0 0 0 0 0 0
"197" 197 0.0248226950355 292 117 36 26 15 4 3 3 1 1 1 1 0 0 0 0 0 0 0 0
"198" 198 0.379487179487 180 149 141 10 8 4 3 3 1 1 0 0 0 0 0 0 0 0 0 0
"199" 199 0.0 322 130 23 11 5 4 2 1 1 1 0 0 0 0 0 0 0 0 0 0
"200" 200 0.0 254 87 40 25 21 16 15 13 10 8 7 2 2 0 0 0 0 0 0 0
"201" 201 0.148717948718 472 17 6 4 1 0 0 0 0 0 0 0 0 0 0 0 0 0 0 0
"202" 202 0.0425531914894 438 60 1 1 0 0 0 0 0 0 0 0 0 0 0 0 0 0 0 0
"203" 203 0.450331125828 256 141 59 29 11 1 1 1 1 0 0 0 0 0 0 0 0 0 0 0
"204" 204 0.0982142857143 110 97 69 64 50 50 24 15 13 4 3 1 0 0 0 0 0 0 0 0
"205" 205 0.0 221 161 57 21 13 12 8 6 1 0 0 0 0 0 0 0 0 0 0 0
"206" 206 0.0923076923077 163 144 127 54 7 5 0 0 0 0 0 0 0 0 0 0 0 0 0 0
"207" 207 0.456204379562 247 137 85 15 9 3 3 1 0 0 0 0 0 0 0 0 0 0 0 0
"208" 208 0.0 495 2 2 1 0 0 0 0 0 0 0 0 0 0 0 0 0 0 0 0
"209" 209 0.046511627907 260 121 25 24 19 15 10 9 8 4 3 1 1 0 0 0 0 0 0 0
"210" 210 0.569506726457 141 114 98 68 37 28 5 2 2 2 2 1 0 0 0 0 0 0 0 0
"211" 211 0.410852713178 195 128 60 59 48 4 2 2 1 1 0 0 0 0 0 0 0 0 0 0
"212" 212 0.271523178808 265 193 42 0 0 0 0 0 0 0 0 0 0 0 0 0 0 0 0 0
