"site" "RSA" "aa1" "aa2" "aa3" "aa4" "aa5" "aa6" "aa7" "aa8" "aa9" "aa10" "aa11" "aa12" "aa13" "aa14" "aa15" "aa16" "aa17" "aa18" "aa19" "aa20"
"0" 0 0.766423357664 24 5 4 3 0 0 0 0 0 0 0 0 0 0 0 0 0 0 0 0
"1" 1 0.426395939086 32 10 8 6 1 0 0 0 0 0 0 0 0 0 0 0 0 0 0 0
"2" 2 0.197674418605 21 10 6 6 4 4 3 2 2 1 1 1 0 0 0 0 0 0 0 0
"3" 3 0.497512437811 44 15 10 3 1 0 0 0 0 0 0 0 0 0 0 0 0 0 0 0
"4" 4 0.155172413793 27 25 13 9 5 1 1 0 0 0 0 0 0 0 0 0 0 0 0 0
"5" 5 0.663212435233 41 12 6 6 6 3 3 2 1 1 0 0 0 0 0 0 0 0 0 0
"6" 6 0.387559808612 82 0 0 0 0 0 0 0 0 0 0 0 0 0 0 0 0 0 0 0
"7" 7 0.584905660377 81 1 0 0 0 0 0 0 0 0 0 0 0 0 0 0 0 0 0 0
"8" 8 0.422885572139 79 1 1 1 0 0 0 0 0 0 0 0 0 0 0 0 0 0 0 0
"9" 9 0.0172413793103 46 31 5 0 0 0 0 0 0 0 0 0 0 0 0 0 0 0 0 0
"10" 10 0.511210762332 45 15 8 4 4 2 1 1 1 1 0 0 0 0 0 0 0 0 0 0
"11" 11 0.516746411483 77 4 1 0 0 0 0 0 0 0 0 0 0 0 0 0 0 0 0 0
"12" 12 0.160337552743 82 0 0 0 0 0 0 0 0 0 0 0 0 0 0 0 0 0 0 0
"13" 13 0.0547263681592 66 11 3 2 0 0 0 0 0 0 0 0 0 0 0 0 0 0 0 0
"14" 14 0.449612403101 38 20 18 5 1 0 0 0 0 0 0 0 0 0 0 0 0 0 0 0
"15" 15 0.377990430622 33 22 6 4 4 4 3 2 1 1 1 1 0 0 0 0 0 0 0 0
"16" 16 0.0 39 26 16 1 0 0 0 0 0 0 0 0 0 0 0 0 0 0 0 0
"17" 17 0.251824817518 82 0 0 0 0 0 0 0 0 0 0 0 0 0 0 0 0 0 0 0
"18" 18 0.233160621762 34 13 10 8 5 3 3 2 2 1 1 0 0 0 0 0 0 0 0 0
"19" 19 0.801687763713 37 13 9 6 5 3 2 2 1 1 1 1 1 0 0 0 0 0 0 0
"20" 20 0.740875912409 22 16 14 6 4 4 3 3 3 3 3 1 0 0 0 0 0 0 0 0
"21" 21 0.116279069767 56 14 3 3 2 1 1 1 1 0 0 0 0 0 0 0 0 0 0 0
"22" 22 0.336538461538 36 33 3 2 2 2 1 1 1 1 0 0 0 0 0 0 0 0 0 0
"23" 23 0.339622641509 52 20 5 3 1 1 0 0 0 0 0 0 0 0 0 0 0 0 0 0
"24" 24 0.518987341772 53 6 5 5 2 2 2 2 2 1 1 1 0 0 0 0 0 0 0 0
"25" 25 0.455958549223 24 18 9 6 5 4 4 4 4 3 1 0 0 0 0 0 0 0 0 0
"26" 26 0.0209205020921 82 0 0 0 0 0 0 0 0 0 0 0 0 0 0 0 0 0 0 0
"27" 27 0.288321167883 79 3 0 0 0 0 0 0 0 0 0 0 0 0 0 0 0 0 0 0
"28" 28 0.303571428571 43 11 9 8 5 4 1 1 0 0 0 0 0 0 0 0 0 0 0 0
"29" 29 0.10447761194 65 7 4 2 2 1 1 0 0 0 0 0 0 0 0 0 0 0 0 0
"30" 30 0.0232558139535 30 25 14 5 3 3 2 0 0 0 0 0 0 0 0 0 0 0 0 0
"31" 31 0.178571428571 19 14 11 10 7 5 4 3 3 3 1 1 1 0 0 0 0 0 0 0
"32" 32 0.357142857143 82 0 0 0 0 0 0 0 0 0 0 0 0 0 0 0 0 0 0 0
"33" 33 0.0574712643678 55 17 7 2 1 0 0 0 0 0 0 0 0 0 0 0 0 0 0 0
"34" 34 0.232558139535 31 30 12 9 0 0 0 0 0 0 0 0 0 0 0 0 0 0 0 0
"35" 35 0.308457711443 41 38 3 1 0 0 0 0 0 0 0 0 0 0 0 0 0 0 0 0
"36" 36 0.31007751938 35 16 12 10 5 3 1 1 0 0 0 0 0 0 0 0 0 0 0 0
"37" 37 0.619771863118 81 2 0 0 0 0 0 0 0 0 0 0 0 0 0 0 0 0 0 0
"38" 38 0.316964285714 81 1 1 0 0 0 0 0 0 0 0 0 0 0 0 0 0 0 0 0
"39" 39 0.139534883721 36 35 6 4 2 0 0 0 0 0 0 0 0 0 0 0 0 0 0 0
"40" 40 0.591240875912 61 14 5 2 1 0 0 0 0 0 0 0 0 0 0 0 0 0 0 0
"41" 41 0.414507772021 55 16 2 2 2 2 2 1 1 0 0 0 0 0 0 0 0 0 0 0
"42" 42 0.273631840796 66 8 4 4 1 0 0 0 0 0 0 0 0 0 0 0 0 0 0 0
"43" 43 0.638392857143 46 19 8 4 3 2 1 0 0 0 0 0 0 0 0 0 0 0 0 0
"44" 44 0.437810945274 49 18 7 6 3 0 0 0 0 0 0 0 0 0 0 0 0 0 0 0
"45" 45 0.459821428571 44 8 6 6 4 4 2 2 2 1 1 1 1 1 0 0 0 0 0 0
"46" 46 0.598214285714 28 16 11 5 5 4 3 2 2 2 2 1 1 1 0 0 0 0 0 0
"47" 47 0.343023255814 40 9 8 5 5 4 2 2 2 2 2 1 1 0 0 0 0 0 0 0
"48" 48 0.43023255814 48 12 4 4 3 3 2 2 2 1 1 1 0 0 0 0 0 0 0 0
"49" 49 0.390804597701 56 24 1 1 1 0 0 0 0 0 0 0 0 0 0 0 0 0 0 0
"50" 50 0.8125 53 8 6 4 4 3 1 1 1 1 0 0 0 0 0 0 0 0 0 0
"51" 51 0.354651162791 67 11 2 1 1 0 0 0 0 0 0 0 0 0 0 0 0 0 0 0
"52" 52 0.849056603774 68 14 0 0 0 0 0 0 0 0 0 0 0 0 0 0 0 0 0 0
"53" 53 0.771573604061 24 22 18 4 4 4 4 2 1 0 0 0 0 0 0 0 0 0 0 0
"54" 54 0.364341085271 23 16 15 8 7 5 4 3 1 1 0 0 0 0 0 0 0 0 0 0
"55" 55 0.685534591195 28 15 13 7 5 4 3 2 1 1 1 1 1 1 0 0 0 0 0 0
"56" 56 0.22480620155 23 21 14 7 4 3 2 2 2 2 1 0 0 0 0 0 0 0 0 0
"57" 57 0.64598540146 25 16 12 6 4 4 4 3 3 3 2 1 0 0 0 0 0 0 0 0
"58" 58 0.270114942529 21 18 12 8 8 5 4 3 2 1 1 0 0 0 0 0 0 0 0 0
"59" 59 0.565400843882 32 19 8 5 5 4 4 3 1 1 1 0 0 0 0 0 0 0 0 0
"60" 60 0.362068965517 24 12 9 8 8 6 5 3 2 2 2 1 0 0 0 0 0 0 0 0
"61" 61 0.502487562189 40 39 2 1 0 0 0 0 0 0 0 0 0 0 0 0 0 0 0 0
"62" 62 0.198675496689 25 21 12 5 5 3 3 3 1 1 1 0 0 0 0 0 0 0 0 0
"63" 63 0.711538461538 70 4 1 1 1 1 0 0 0 0 0 0 0 0 0 0 0 0 0 0
"64" 64 0.396624472574 67 6 3 1 1 1 1 1 0 0 0 0 0 0 0 0 0 0 0 0
"65" 65 0.405063291139 72 4 2 2 1 1 1 0 0 0 0 0 0 0 0 0 0 0 0 0
"66" 66 0.114427860697 46 18 13 4 1 1 0 0 0 0 0 0 0 0 0 0 0 0 0 0
"67" 67 0.0 28 17 17 11 9 1 0 0 0 0 0 0 0 0 0 0 0 0 0 0
"68" 68 0.0149253731343 30 22 21 10 0 0 0 0 0 0 0 0 0 0 0 0 0 0 0 0
"69" 69 0.0 68 8 6 1 0 0 0 0 0 0 0 0 0 0 0 0 0 0 0 0
"70" 70 0.0 64 15 4 0 0 0 0 0 0 0 0 0 0 0 0 0 0 0 0 0
"71" 71 0.0152284263959 79 4 0 0 0 0 0 0 0 0 0 0 0 0 0 0 0 0 0 0
"72" 72 0.154228855721 82 1 0 0 0 0 0 0 0 0 0 0 0 0 0 0 0 0 0 0
"73" 73 0.335766423358 83 0 0 0 0 0 0 0 0 0 0 0 0 0 0 0 0 0 0 0
"74" 74 0.062015503876 83 0 0 0 0 0 0 0 0 0 0 0 0 0 0 0 0 0 0 0
"75" 75 0.0288461538462 83 0 0 0 0 0 0 0 0 0 0 0 0 0 0 0 0 0 0 0
"76" 76 0.228855721393 46 13 13 4 2 2 1 1 1 0 0 0 0 0 0 0 0 0 0 0
"77" 77 0.0459770114943 62 12 3 3 2 1 0 0 0 0 0 0 0 0 0 0 0 0 0 0
"78" 78 0.0287356321839 37 30 10 3 1 1 1 0 0 0 0 0 0 0 0 0 0 0 0 0
"79" 79 0.464285714286 62 14 3 3 1 0 0 0 0 0 0 0 0 0 0 0 0 0 0 0
"80" 80 0.0865384615385 79 2 1 1 0 0 0 0 0 0 0 0 0 0 0 0 0 0 0 0
"81" 81 0.0812182741117 27 21 21 9 5 0 0 0 0 0 0 0 0 0 0 0 0 0 0 0
"82" 82 0.169154228856 63 5 3 3 2 2 2 1 1 1 0 0 0 0 0 0 0 0 0 0
"83" 83 0.670886075949 22 15 10 9 7 6 5 5 4 0 0 0 0 0 0 0 0 0 0 0
"84" 84 0.582089552239 64 8 4 4 2 1 0 0 0 0 0 0 0 0 0 0 0 0 0 0
"85" 85 0.229885057471 45 26 9 2 1 0 0 0 0 0 0 0 0 0 0 0 0 0 0 0
"86" 86 0.578616352201 83 0 0 0 0 0 0 0 0 0 0 0 0 0 0 0 0 0 0 0
"87" 87 0.612440191388 31 27 10 7 5 1 1 1 0 0 0 0 0 0 0 0 0 0 0 0
"88" 88 0.077519379845 83 0 0 0 0 0 0 0 0 0 0 0 0 0 0 0 0 0 0 0
"89" 89 0.357664233577 41 37 3 1 1 0 0 0 0 0 0 0 0 0 0 0 0 0 0 0
"90" 90 0.287356321839 65 18 0 0 0 0 0 0 0 0 0 0 0 0 0 0 0 0 0 0
"91" 91 0.00961538461538 61 16 5 1 0 0 0 0 0 0 0 0 0 0 0 0 0 0 0 0
"92" 92 0.287081339713 60 12 7 2 1 1 0 0 0 0 0 0 0 0 0 0 0 0 0 0
"93" 93 0.0 50 31 2 0 0 0 0 0 0 0 0 0 0 0 0 0 0 0 0 0
"94" 94 0.0 83 0 0 0 0 0 0 0 0 0 0 0 0 0 0 0 0 0 0 0
"95" 95 0.0348258706468 55 12 9 5 1 1 0 0 0 0 0 0 0 0 0 0 0 0 0 0
"96" 96 0.509505703422 72 3 3 1 1 1 1 1 0 0 0 0 0 0 0 0 0 0 0 0
"97" 97 0.251824817518 83 0 0 0 0 0 0 0 0 0 0 0 0 0 0 0 0 0 0 0
"98" 98 0.274611398964 73 10 0 0 0 0 0 0 0 0 0 0 0 0 0 0 0 0 0 0
"99" 99 0.698113207547 41 36 5 0 0 0 0 0 0 0 0 0 0 0 0 0 0 0 0 0
"100" 100 0.763392857143 58 11 3 3 2 2 1 1 1 1 0 0 0 0 0 0 0 0 0 0
"101" 101 0.397350993377 75 7 1 0 0 0 0 0 0 0 0 0 0 0 0 0 0 0 0 0
"102" 102 0.199004975124 70 7 2 2 1 1 0 0 0 0 0 0 0 0 0 0 0 0 0 0
"103" 103 0.435897435897 30 22 22 2 1 1 1 1 1 1 1 0 0 0 0 0 0 0 0 0
"104" 104 0.207547169811 69 12 1 1 0 0 0 0 0 0 0 0 0 0 0 0 0 0 0 0
"105" 105 0.270114942529 59 11 3 3 3 2 1 1 0 0 0 0 0 0 0 0 0 0 0 0
"106" 106 0.394618834081 55 7 5 5 4 2 2 1 1 1 0 0 0 0 0 0 0 0 0 0
"107" 107 0.437262357414 83 0 0 0 0 0 0 0 0 0 0 0 0 0 0 0 0 0 0 0
"108" 108 0.422053231939 53 24 6 0 0 0 0 0 0 0 0 0 0 0 0 0 0 0 0 0
"109" 109 0.167512690355 27 15 11 7 5 3 3 3 2 2 1 1 1 1 1 0 0 0 0 0
"110" 110 0.523206751055 77 4 2 0 0 0 0 0 0 0 0 0 0 0 0 0 0 0 0 0
"111" 111 0.134328358209 52 10 7 6 4 3 1 0 0 0 0 0 0 0 0 0 0 0 0 0
"112" 112 0.0817610062893 67 9 4 2 1 0 0 0 0 0 0 0 0 0 0 0 0 0 0 0
"113" 113 0.559748427673 13 12 10 9 8 7 7 6 4 4 1 0 0 0 0 0 0 0 0 0
"114" 114 0.367875647668 52 10 3 3 3 2 2 2 2 1 1 1 1 0 0 0 0 0 0 0
"115" 115 0.0609137055838 35 18 16 5 2 2 2 1 1 1 0 0 0 0 0 0 0 0 0 0
"116" 116 0.441860465116 20 17 16 7 6 4 4 3 3 3 0 0 0 0 0 0 0 0 0 0
"117" 117 0.526785714286 50 14 5 5 4 2 1 1 1 0 0 0 0 0 0 0 0 0 0 0
"118" 118 0.109489051095 74 6 1 1 1 0 0 0 0 0 0 0 0 0 0 0 0 0 0 0
"119" 119 0.273722627737 20 17 14 10 5 4 3 3 2 2 1 1 1 0 0 0 0 0 0 0
"120" 120 0.0077519379845 31 17 11 6 5 4 4 4 1 0 0 0 0 0 0 0 0 0 0 0
"121" 121 0.092050209205 41 18 12 7 3 2 0 0 0 0 0 0 0 0 0 0 0 0 0 0
"122" 122 0.0 47 23 10 3 0 0 0 0 0 0 0 0 0 0 0 0 0 0 0 0
"123" 123 0.1592039801 43 19 12 4 3 2 0 0 0 0 0 0 0 0 0 0 0 0 0 0
"124" 124 0.186528497409 83 0 0 0 0 0 0 0 0 0 0 0 0 0 0 0 0 0 0 0
"125" 125 0.207547169811 83 0 0 0 0 0 0 0 0 0 0 0 0 0 0 0 0 0 0 0
"126" 126 0.0995024875622 77 6 0 0 0 0 0 0 0 0 0 0 0 0 0 0 0 0 0 0
"127" 127 0.147286821705 83 0 0 0 0 0 0 0 0 0 0 0 0 0 0 0 0 0 0 0
"128" 128 0.0872093023256 83 0 0 0 0 0 0 0 0 0 0 0 0 0 0 0 0 0 0 0
"129" 129 0.0192307692308 81 2 0 0 0 0 0 0 0 0 0 0 0 0 0 0 0 0 0 0
"130" 130 0.0192307692308 60 13 5 2 1 1 1 0 0 0 0 0 0 0 0 0 0 0 0 0
"131" 131 0.205298013245 78 5 0 0 0 0 0 0 0 0 0 0 0 0 0 0 0 0 0 0
"132" 132 0.031007751938 53 9 7 7 3 3 1 0 0 0 0 0 0 0 0 0 0 0 0 0
"133" 133 0.0397350993377 26 23 11 11 4 2 2 2 1 1 0 0 0 0 0 0 0 0 0 0
"134" 134 0.233830845771 53 8 5 4 4 3 2 2 1 1 0 0 0 0 0 0 0 0 0 0
"135" 135 0.0 65 16 2 0 0 0 0 0 0 0 0 0 0 0 0 0 0 0 0 0
"136" 136 0.0298507462687 51 21 8 2 1 0 0 0 0 0 0 0 0 0 0 0 0 0 0 0
"137" 137 0.298013245033 32 16 10 7 6 4 3 2 1 1 1 0 0 0 0 0 0 0 0 0
"138" 138 0.0497512437811 20 11 9 7 6 6 5 5 4 3 3 2 1 1 0 0 0 0 0 0
"139" 139 0.0 63 11 9 0 0 0 0 0 0 0 0 0 0 0 0 0 0 0 0 0
"140" 140 0.565400843882 81 1 1 0 0 0 0 0 0 0 0 0 0 0 0 0 0 0 0 0
"141" 141 0.59375 23 20 11 9 9 6 3 1 1 0 0 0 0 0 0 0 0 0 0 0
"142" 142 0.397810218978 25 15 12 6 6 4 3 3 3 2 1 1 1 0 0 0 0 0 0 0
"143" 143 0.288461538462 77 3 1 1 1 0 0 0 0 0 0 0 0 0 0 0 0 0 0 0
"144" 144 0.046511627907 41 16 12 6 4 2 1 1 0 0 0 0 0 0 0 0 0 0 0 0
"145" 145 0.581395348837 41 14 6 4 3 3 2 2 2 2 1 1 1 1 0 0 0 0 0 0
"146" 146 0.5 25 14 13 7 5 5 4 4 3 1 1 1 0 0 0 0 0 0 0 0
"147" 147 0.0804597701149 65 6 5 3 2 1 1 0 0 0 0 0 0 0 0 0 0 0 0 0
"148" 148 0.0548523206751 40 30 5 2 1 1 1 1 1 1 0 0 0 0 0 0 0 0 0 0
"149" 149 0.0398009950249 40 19 11 7 5 1 0 0 0 0 0 0 0 0 0 0 0 0 0 0
"150" 150 0.186046511628 39 16 6 6 5 3 3 3 1 1 0 0 0 0 0 0 0 0 0 0
"151" 151 0.0964467005076 50 16 12 5 0 0 0 0 0 0 0 0 0 0 0 0 0 0 0 0
"152" 152 0.0298507462687 37 26 19 1 0 0 0 0 0 0 0 0 0 0 0 0 0 0 0 0
"153" 153 0.0 67 8 4 3 1 0 0 0 0 0 0 0 0 0 0 0 0 0 0 0
"154" 154 0.0 68 7 4 2 1 1 0 0 0 0 0 0 0 0 0 0 0 0 0 0
"155" 155 0.295597484277 81 1 1 0 0 0 0 0 0 0 0 0 0 0 0 0 0 0 0 0
"156" 156 0.424107142857 79 3 1 0 0 0 0 0 0 0 0 0 0 0 0 0 0 0 0 0
"157" 157 0.0 83 0 0 0 0 0 0 0 0 0 0 0 0 0 0 0 0 0 0 0
"158" 158 0.109452736318 35 34 10 1 1 1 1 0 0 0 0 0 0 0 0 0 0 0 0 0
"159" 159 0.589285714286 28 23 19 3 2 2 2 2 1 1 0 0 0 0 0 0 0 0 0 0
"160" 160 0.313868613139 35 14 7 5 4 3 3 3 2 2 2 1 1 1 0 0 0 0 0 0
"161" 161 0.0203045685279 29 27 10 9 8 0 0 0 0 0 0 0 0 0 0 0 0 0 0 0
"162" 162 0.480620155039 23 14 10 8 6 5 5 3 3 2 2 1 1 0 0 0 0 0 0 0
"163" 163 0.68776371308 32 23 11 5 4 2 2 2 1 1 0 0 0 0 0 0 0 0 0 0
"164" 164 0.253886010363 46 6 6 6 5 3 2 2 1 1 1 1 1 1 1 0 0 0 0 0
"165" 165 0.0909090909091 74 3 1 1 1 1 1 1 0 0 0 0 0 0 0 0 0 0 0 0
"166" 166 0.528301886792 81 1 1 0 0 0 0 0 0 0 0 0 0 0 0 0 0 0 0 0
"167" 167 0.777202072539 77 5 1 0 0 0 0 0 0 0 0 0 0 0 0 0 0 0 0 0
"168" 168 0.0813953488372 73 9 1 0 0 0 0 0 0 0 0 0 0 0 0 0 0 0 0 0
"169" 169 0.129464285714 34 17 16 5 3 2 2 2 1 1 0 0 0 0 0 0 0 0 0 0
"170" 170 0.0344827586207 61 11 10 1 0 0 0 0 0 0 0 0 0 0 0 0 0 0 0 0
"171" 171 0.114942528736 58 9 7 5 2 1 1 0 0 0 0 0 0 0 0 0 0 0 0 0
"172" 172 0.0114942528736 43 18 7 7 4 3 1 0 0 0 0 0 0 0 0 0 0 0 0 0
"173" 173 0.139534883721 71 8 3 1 0 0 0 0 0 0 0 0 0 0 0 0 0 0 0 0
"174" 174 0.124031007752 47 21 4 3 3 2 1 1 1 0 0 0 0 0 0 0 0 0 0 0
"175" 175 0.38578680203 32 32 15 1 1 1 1 0 0 0 0 0 0 0 0 0 0 0 0 0
"176" 176 0.0984455958549 83 0 0 0 0 0 0 0 0 0 0 0 0 0 0 0 0 0 0 0
"177" 177 0.589285714286 46 12 10 6 3 3 2 1 0 0 0 0 0 0 0 0 0 0 0 0
"178" 178 0.496350364964 28 19 11 8 5 4 4 2 2 0 0 0 0 0 0 0 0 0 0 0
"179" 179 0.0796019900498 83 0 0 0 0 0 0 0 0 0 0 0 0 0 0 0 0 0 0 0
"180" 180 0.251282051282 69 12 1 1 0 0 0 0 0 0 0 0 0 0 0 0 0 0 0 0
"181" 181 0.689119170984 45 35 2 1 0 0 0 0 0 0 0 0 0 0 0 0 0 0 0 0
"182" 182 0.598086124402 43 13 13 5 3 1 1 1 1 1 1 0 0 0 0 0 0 0 0 0
"183" 183 0.00961538461538 64 12 3 1 1 1 1 0 0 0 0 0 0 0 0 0 0 0 0 0
"184" 184 0.304182509506 82 1 0 0 0 0 0 0 0 0 0 0 0 0 0 0 0 0 0 0
"185" 185 0.147208121827 82 1 0 0 0 0 0 0 0 0 0 0 0 0 0 0 0 0 0 0
"186" 186 0.195402298851 48 15 10 3 3 2 1 1 0 0 0 0 0 0 0 0 0 0 0 0
"187" 187 0.51572327044 83 0 0 0 0 0 0 0 0 0 0 0 0 0 0 0 0 0 0 0
"188" 188 0.0288461538462 83 0 0 0 0 0 0 0 0 0 0 0 0 0 0 0 0 0 0 0
"189" 189 0.134328358209 82 1 0 0 0 0 0 0 0 0 0 0 0 0 0 0 0 0 0 0
"190" 190 0.442307692308 83 0 0 0 0 0 0 0 0 0 0 0 0 0 0 0 0 0 0 0
"191" 191 0.259067357513 83 0 0 0 0 0 0 0 0 0 0 0 0 0 0 0 0 0 0 0
"192" 192 0.170542635659 82 1 0 0 0 0 0 0 0 0 0 0 0 0 0 0 0 0 0 0
"193" 193 0.0576923076923 83 0 0 0 0 0 0 0 0 0 0 0 0 0 0 0 0 0 0 0
"194" 194 0.145077720207 83 0 0 0 0 0 0 0 0 0 0 0 0 0 0 0 0 0 0 0
"195" 195 0.142335766423 70 13 0 0 0 0 0 0 0 0 0 0 0 0 0 0 0 0 0 0
"196" 196 0.00507614213198 36 34 10 2 1 0 0 0 0 0 0 0 0 0 0 0 0 0 0 0
"197" 197 0.357414448669 69 14 0 0 0 0 0 0 0 0 0 0 0 0 0 0 0 0 0 0
"198" 198 0.461538461538 81 2 0 0 0 0 0 0 0 0 0 0 0 0 0 0 0 0 0 0
"199" 199 0.290697674419 82 1 0 0 0 0 0 0 0 0 0 0 0 0 0 0 0 0 0 0
"200" 200 1.05485232068 70 8 0 0 0 0 0 0 0 0 0 0 0 0 0 0 0 0 0 0
