"site" "RSA" "aa1" "aa2" "aa3" "aa4" "aa5" "aa6" "aa7" "aa8" "aa9" "aa10" "aa11" "aa12" "aa13" "aa14" "aa15" "aa16" "aa17" "aa18" "aa19" "aa20"
"0" 0 0.848623853211 351 45 36 29 13 7 5 4 4 3 2 1 0 0 0 0 0 0 0 0
"1" 1 0.517948717949 307 102 36 33 13 4 2 1 1 1 0 0 0 0 0 0 0 0 0 0
"2" 2 0.0583941605839 259 90 32 28 23 13 11 10 7 5 4 4 4 4 3 2 1 0 0 0
"3" 3 0.383647798742 156 73 70 70 56 34 15 8 4 4 3 3 2 2 0 0 0 0 0 0
"4" 4 0.443708609272 117 102 93 52 31 28 23 22 19 4 3 3 2 1 0 0 0 0 0 0
"5" 5 0.644230769231 450 49 1 0 0 0 0 0 0 0 0 0 0 0 0 0 0 0 0 0
"6" 6 0.0766423357664 205 164 40 18 12 10 9 9 9 7 6 5 3 2 1 0 0 0 0 0
"7" 7 0.317829457364 278 39 38 36 29 22 16 13 9 8 4 3 2 2 1 0 0 0 0 0
"8" 8 0.294573643411 88 78 69 62 58 42 38 15 14 12 7 7 4 3 2 1 0 0 0 0
"9" 9 0.424870466321 89 88 48 47 44 41 40 29 25 17 15 11 6 0 0 0 0 0 0 0
"10" 10 0.430493273543 192 163 33 28 25 24 17 9 5 2 2 0 0 0 0 0 0 0 0 0
"11" 11 0.0348258706468 272 76 58 39 22 15 7 6 2 1 1 1 0 0 0 0 0 0 0 0
"12" 12 0.043795620438 430 62 6 1 1 0 0 0 0 0 0 0 0 0 0 0 0 0 0 0
"13" 13 0.704402515723 221 129 44 26 25 21 18 10 4 2 0 0 0 0 0 0 0 0 0 0
"14" 14 0.137055837563 217 71 62 31 23 18 12 12 12 10 7 7 5 4 4 4 1 0 0 0
"15" 15 0.565693430657 224 181 56 16 9 4 4 2 2 1 1 0 0 0 0 0 0 0 0 0
"16" 16 0.126903553299 163 110 91 54 35 15 8 7 6 5 4 2 0 0 0 0 0 0 0 0
"17" 17 0.313953488372 166 154 109 20 18 12 6 6 5 3 1 0 0 0 0 0 0 0 0 0
"18" 18 0.142335766423 277 123 37 34 8 7 3 2 2 2 1 1 1 1 1 0 0 0 0 0
"19" 19 0.622009569378 273 64 45 34 17 17 14 12 10 6 5 3 0 0 0 0 0 0 0 0
"20" 20 0.414448669202 175 120 47 41 38 27 23 12 11 3 2 1 0 0 0 0 0 0 0 0
"21" 21 0.360465116279 137 88 57 52 39 24 21 19 16 13 8 7 5 5 5 3 1 0 0 0
"22" 22 0.789029535865 109 96 79 61 53 32 18 17 16 15 2 1 1 0 0 0 0 0 0 0
"23" 23 0.77033492823 121 114 61 44 38 36 28 19 10 8 6 6 4 3 2 0 0 0 0 0
"24" 24 0.178294573643 304 79 48 25 10 8 5 5 4 3 3 2 2 1 1 0 0 0 0 0
"25" 25 0.174107142857 142 102 58 29 28 24 24 23 22 18 13 6 3 3 2 2 1 0 0 0
"26" 26 0.00961538461538 464 35 1 0 0 0 0 0 0 0 0 0 0 0 0 0 0 0 0 0
"27" 27 0.00662251655629 423 69 2 1 1 1 1 1 1 0 0 0 0 0 0 0 0 0 0 0
"28" 28 0.0 302 152 34 10 2 0 0 0 0 0 0 0 0 0 0 0 0 0 0 0
"29" 29 0.0696517412935 299 53 48 37 16 12 10 10 7 3 2 1 1 1 0 0 0 0 0 0
"30" 30 0.0 140 124 100 86 28 9 8 3 1 1 0 0 0 0 0 0 0 0 0 0
"31" 31 0.0982142857143 183 154 46 44 39 18 9 3 3 1 0 0 0 0 0 0 0 0 0 0
"32" 32 0.0 214 183 73 8 8 5 4 1 1 1 1 1 0 0 0 0 0 0 0 0
"33" 33 0.182692307692 500 0 0 0 0 0 0 0 0 0 0 0 0 0 0 0 0 0 0 0
"34" 34 0.492227979275 259 124 66 32 6 5 4 2 1 1 0 0 0 0 0 0 0 0 0 0
"35" 35 0.0 293 122 35 23 16 9 1 1 0 0 0 0 0 0 0 0 0 0 0 0
"36" 36 0.295358649789 139 94 82 61 31 25 24 15 11 6 4 3 3 2 0 0 0 0 0 0
"37" 37 0.0 363 64 35 29 4 3 1 1 0 0 0 0 0 0 0 0 0 0 0 0
"38" 38 0.106598984772 150 106 98 58 40 26 9 4 3 2 2 1 1 0 0 0 0 0 0 0
"39" 39 0.0 273 75 72 38 33 8 1 0 0 0 0 0 0 0 0 0 0 0 0 0
"40" 40 0.122093023256 117 90 64 55 39 28 22 17 17 12 12 9 9 4 3 1 1 0 0 0
"41" 41 0.0 288 85 56 29 23 14 3 1 1 0 0 0 0 0 0 0 0 0 0 0
"42" 42 0.245033112583 186 64 56 52 37 26 22 16 14 12 11 2 1 1 0 0 0 0 0 0
"43" 43 0.131782945736 94 92 91 85 79 29 10 8 5 4 1 1 1 0 0 0 0 0 0 0
"44" 44 0.477678571429 97 95 61 58 49 30 21 21 21 19 13 6 6 2 1 0 0 0 0 0
"45" 45 0.695364238411 106 77 56 40 38 28 26 22 21 20 18 11 11 9 7 5 3 2 0 0
"46" 46 0.192307692308 500 0 0 0 0 0 0 0 0 0 0 0 0 0 0 0 0 0 0 0
"47" 47 0.241379310345 279 95 48 40 8 7 7 5 5 3 1 1 1 0 0 0 0 0 0 0
"48" 48 0.396226415094 235 183 79 2 1 0 0 0 0 0 0 0 0 0 0 0 0 0 0 0
"49" 49 0.605839416058 366 81 45 6 1 1 0 0 0 0 0 0 0 0 0 0 0 0 0 0
"50" 50 0.125523012552 99 98 89 86 44 36 14 13 11 3 3 2 1 1 0 0 0 0 0 0
"51" 51 0.771144278607 117 86 76 56 39 39 25 17 13 12 7 6 6 1 0 0 0 0 0 0
"52" 52 0.561181434599 287 122 28 27 14 11 7 2 1 1 0 0 0 0 0 0 0 0 0 0
"53" 53 0.242152466368 500 0 0 0 0 0 0 0 0 0 0 0 0 0 0 0 0 0 0 0
"54" 54 0.0 500 0 0 0 0 0 0 0 0 0 0 0 0 0 0 0 0 0 0 0
"55" 55 0.152482269504 224 57 55 32 28 26 26 25 13 4 3 2 2 2 1 0 0 0 0 0
"56" 56 0.0 140 130 71 65 32 19 15 15 6 2 2 1 1 1 0 0 0 0 0 0
"57" 57 0.308139534884 127 75 57 43 38 37 36 24 22 14 9 9 7 2 0 0 0 0 0 0
"58" 58 0.062015503876 359 106 23 12 0 0 0 0 0 0 0 0 0 0 0 0 0 0 0 0
"59" 59 0.455357142857 215 160 42 24 16 10 8 7 6 5 3 2 1 1 0 0 0 0 0 0
"60" 60 0.0228136882129 204 167 97 25 2 2 2 1 0 0 0 0 0 0 0 0 0 0 0 0
"61" 61 0.105769230769 160 154 56 52 20 19 14 8 6 5 2 2 1 1 0 0 0 0 0 0
"62" 62 0.174311926606 204 80 43 32 31 25 16 14 13 12 8 7 7 3 3 1 1 0 0 0
"63" 63 0.388059701493 235 144 43 27 20 12 5 3 3 2 2 2 1 1 0 0 0 0 0 0
"64" 64 0.062893081761 207 89 87 49 14 13 12 11 5 4 3 3 2 1 0 0 0 0 0 0
"65" 65 0.605839416058 81 65 56 56 48 42 42 33 31 25 17 4 0 0 0 0 0 0 0 0
"66" 66 0.0331125827815 440 54 5 1 0 0 0 0 0 0 0 0 0 0 0 0 0 0 0 0
"67" 67 0.197674418605 190 78 69 48 43 18 17 9 8 7 3 3 2 2 1 1 1 0 0 0
"68" 68 0.5 156 149 59 42 26 17 12 9 9 7 5 4 3 1 1 0 0 0 0 0
"69" 69 0.642857142857 134 80 71 47 40 33 31 30 12 8 7 4 3 0 0 0 0 0 0 0
"70" 70 0.551094890511 146 100 72 46 23 22 20 20 14 14 10 8 4 1 0 0 0 0 0 0
"71" 71 0.215384615385 91 80 79 57 46 24 19 19 18 16 16 13 10 6 4 2 0 0 0 0
"72" 72 0.497757847534 128 61 56 37 36 36 31 18 16 16 13 11 11 10 6 6 5 3 0 0
"73" 73 0.448905109489 116 104 99 73 26 21 19 11 9 6 5 4 4 1 1 1 0 0 0 0
"74" 74 0.209821428571 95 88 69 58 43 21 21 20 17 14 14 11 9 8 4 4 2 2 0 0
"75" 75 0.674418604651 160 77 73 63 54 35 10 6 5 5 4 2 2 1 1 1 1 0 0 0
"76" 76 0.576158940397 158 95 90 56 29 26 14 9 8 5 5 4 1 0 0 0 0 0 0 0
"77" 77 0.412408759124 154 92 68 40 35 25 25 18 12 12 6 4 3 3 2 1 0 0 0 0
"78" 78 0.615384615385 313 179 3 2 2 1 0 0 0 0 0 0 0 0 0 0 0 0 0 0
"79" 79 0.493670886076 132 102 59 49 34 29 18 17 15 13 8 8 5 4 3 2 2 0 0 0
"80" 80 0.295964125561 65 61 56 54 52 52 25 23 20 19 16 15 14 11 10 4 2 1 0 0
"81" 81 0.201923076923 185 100 42 33 32 22 21 15 10 8 7 7 7 6 2 2 1 0 0 0
"82" 82 0.519230769231 202 79 64 42 29 20 20 16 13 6 4 3 1 1 0 0 0 0 0 0
"83" 83 0.394160583942 367 28 21 20 19 12 12 8 5 3 3 2 0 0 0 0 0 0 0 0
"84" 84 0.046511627907 111 86 85 33 27 26 24 17 17 14 13 13 9 9 8 5 3 0 0 0
"85" 85 0.383084577114 123 113 105 44 36 30 23 6 6 5 4 2 2 1 0 0 0 0 0 0
"86" 86 0.352678571429 102 93 85 78 34 29 24 18 14 7 6 5 3 1 1 0 0 0 0 0
"87" 87 0.0 155 102 93 44 31 17 14 13 9 8 4 3 3 2 1 1 0 0 0 0
"88" 88 0.0896860986547 258 141 38 16 14 13 11 3 2 2 1 1 0 0 0 0 0 0 0 0
"89" 89 0.627737226277 162 83 63 47 44 37 30 24 3 2 2 1 1 1 0 0 0 0 0 0
"90" 90 0.0398009950249 182 56 56 55 39 26 21 20 19 10 6 4 3 2 1 0 0 0 0 0
"91" 91 0.0 142 123 68 56 35 27 18 15 8 3 2 2 1 0 0 0 0 0 0 0
"92" 92 0.0192307692308 167 99 77 67 40 33 9 8 0 0 0 0 0 0 0 0 0 0 0 0
"93" 93 0.339416058394 104 101 77 70 33 31 23 16 15 7 6 6 4 4 3 0 0 0 0 0
"94" 94 0.0 251 123 72 26 7 5 4 3 3 2 1 1 1 1 0 0 0 0 0 0
"95" 95 0.0 252 54 48 42 31 25 22 15 4 3 3 1 0 0 0 0 0 0 0 0
"96" 96 0.21897810219 131 130 113 49 27 17 13 10 4 4 1 1 0 0 0 0 0 0 0 0
"97" 97 0.271317829457 113 72 42 38 34 34 28 28 24 24 22 17 17 6 1 0 0 0 0 0
"98" 98 0.0232558139535 315 180 2 2 1 0 0 0 0 0 0 0 0 0 0 0 0 0 0 0
"99" 99 0.0149253731343 283 129 27 22 10 6 6 6 5 3 2 1 0 0 0 0 0 0 0 0
"100" 100 0.19170984456 422 50 11 8 3 2 2 1 1 0 0 0 0 0 0 0 0 0 0 0
"101" 101 0.114427860697 206 184 49 16 14 11 6 4 3 2 2 2 1 0 0 0 0 0 0 0
"102" 102 0.443708609272 315 35 33 26 24 21 21 20 5 0 0 0 0 0 0 0 0 0 0 0
"103" 103 0.350210970464 342 84 56 7 4 4 1 1 1 0 0 0 0 0 0 0 0 0 0 0
"104" 104 0.0 260 49 44 36 30 29 13 12 8 8 5 5 1 0 0 0 0 0 0 0
"105" 105 0.0480769230769 500 0 0 0 0 0 0 0 0 0 0 0 0 0 0 0 0 0 0 0
"106" 106 0.584821428571 95 86 74 54 50 34 29 25 20 15 10 8 0 0 0 0 0 0 0 0
"107" 107 0.0923076923077 79 78 73 60 58 36 28 22 21 10 8 8 8 7 2 1 1 0 0 0
"108" 108 0.0290697674419 193 75 54 37 26 23 23 23 14 11 6 6 3 3 2 1 0 0 0 0
"109" 109 0.0 190 92 81 63 18 14 9 7 6 5 4 3 2 2 2 1 1 0 0 0
"110" 110 0.368821292776 123 118 58 53 40 29 23 22 19 7 3 2 1 1 1 0 0 0 0 0
"111" 111 0.00507614213198 162 124 113 22 18 18 14 13 8 4 2 1 1 0 0 0 0 0 0 0
"112" 112 0.20207253886 121 108 59 56 40 40 30 22 14 6 3 1 0 0 0 0 0 0 0 0
"113" 113 0.0 336 52 31 26 24 22 5 2 1 1 0 0 0 0 0 0 0 0 0 0
"114" 114 0.310880829016 90 88 82 71 52 40 30 29 10 4 4 0 0 0 0 0 0 0 0 0
"115" 115 0.0 280 167 30 11 7 3 1 1 0 0 0 0 0 0 0 0 0 0 0 0
"116" 116 0.38578680203 177 91 69 68 52 26 4 3 3 3 2 1 1 0 0 0 0 0 0 0
"117" 117 0.340807174888 116 95 92 89 48 25 20 7 5 3 0 0 0 0 0 0 0 0 0 0
"118" 118 0.178294573643 215 67 41 30 28 21 20 20 18 15 7 4 4 3 3 2 2 0 0 0
"119" 119 0.20207253886 384 42 35 21 8 3 3 2 1 1 0 0 0 0 0 0 0 0 0 0
"120" 120 0.105769230769 500 0 0 0 0 0 0 0 0 0 0 0 0 0 0 0 0 0 0 0
"121" 121 0.173076923077 397 67 24 11 1 0 0 0 0 0 0 0 0 0 0 0 0 0 0 0
"122" 122 0.0348837209302 277 79 49 47 43 2 2 1 0 0 0 0 0 0 0 0 0 0 0 0
"123" 123 0.120437956204 150 107 66 60 25 23 17 14 11 8 7 5 5 2 0 0 0 0 0 0
"124" 124 0.00581395348837 315 109 34 31 4 4 2 1 0 0 0 0 0 0 0 0 0 0 0 0
"125" 125 0.0 246 122 92 32 8 0 0 0 0 0 0 0 0 0 0 0 0 0 0 0
"126" 126 0.0 326 162 10 2 0 0 0 0 0 0 0 0 0 0 0 0 0 0 0 0
"127" 127 0.00507614213198 226 79 60 60 34 21 9 7 2 1 1 0 0 0 0 0 0 0 0 0
"128" 128 0.0 208 112 84 45 15 10 9 6 3 3 3 1 1 0 0 0 0 0 0 0
"129" 129 0.0 360 97 43 0 0 0 0 0 0 0 0 0 0 0 0 0 0 0 0 0
"130" 130 0.0 223 223 39 6 3 2 1 1 1 1 0 0 0 0 0 0 0 0 0 0
"131" 131 0.00581395348837 225 168 60 14 8 7 7 6 2 2 1 0 0 0 0 0 0 0 0 0
"132" 132 0.0 152 84 82 66 47 34 29 3 2 1 0 0 0 0 0 0 0 0 0 0
"133" 133 0.0 391 109 0 0 0 0 0 0 0 0 0 0 0 0 0 0 0 0 0 0
"134" 134 0.00995024875622 286 72 36 32 23 16 14 14 2 2 1 1 1 0 0 0 0 0 0 0
"135" 135 0.162436548223 123 112 65 41 35 30 29 19 12 7 7 6 6 4 3 1 0 0 0 0
"136" 136 0.0673575129534 182 96 51 44 26 19 17 17 12 11 10 8 2 2 1 1 1 0 0 0
"137" 137 0.0 419 73 7 1 0 0 0 0 0 0 0 0 0 0 0 0 0 0 0 0
"138" 138 0.0646766169154 306 56 47 32 12 10 9 8 6 5 3 3 2 1 0 0 0 0 0 0
"139" 139 0.457364341085 200 70 57 47 34 31 25 13 7 6 5 2 2 1 0 0 0 0 0 0
"140" 140 0.252873563218 194 71 56 46 21 19 18 15 13 13 11 10 8 4 1 0 0 0 0 0
"141" 141 0.0199004975124 165 119 97 53 32 16 12 2 2 1 1 0 0 0 0 0 0 0 0 0
"142" 142 0.514767932489 282 72 40 23 18 17 12 12 8 4 4 2 2 1 1 1 1 0 0 0
"143" 143 0.827004219409 205 106 40 39 39 27 16 13 7 5 2 1 0 0 0 0 0 0 0 0
"144" 144 0.540145985401 151 82 58 44 34 30 29 22 20 16 7 4 2 1 0 0 0 0 0 0
"145" 145 0.615384615385 346 154 0 0 0 0 0 0 0 0 0 0 0 0 0 0 0 0 0 0
"146" 146 0.170542635659 198 67 60 56 22 20 19 11 9 8 7 7 7 4 4 1 0 0 0 0
"147" 147 0.124378109453 382 53 20 16 12 5 3 3 1 1 1 1 1 1 0 0 0 0 0 0
"148" 148 0.497890295359 263 63 49 40 36 21 17 7 3 1 0 0 0 0 0 0 0 0 0 0
"149" 149 0.384615384615 500 0 0 0 0 0 0 0 0 0 0 0 0 0 0 0 0 0 0 0
"150" 150 0.502564102564 474 10 5 3 2 2 2 1 1 0 0 0 0 0 0 0 0 0 0 0
"151" 151 0.0125786163522 217 131 67 43 15 12 8 2 2 2 1 0 0 0 0 0 0 0 0 0
"152" 152 0.323383084577 157 115 79 51 25 19 18 12 7 7 2 2 2 1 1 1 1 0 0 0
"153" 153 0.523206751055 174 99 78 63 41 13 7 6 4 4 4 2 2 1 1 1 0 0 0 0
"154" 154 0.291479820628 190 78 67 31 31 24 20 19 16 15 4 4 1 0 0 0 0 0 0 0
"155" 155 0.0963302752294 113 100 81 65 31 28 17 16 13 12 8 5 5 3 2 1 0 0 0 0
"156" 156 0.0 227 145 118 3 2 2 1 1 1 0 0 0 0 0 0 0 0 0 0 0
"157" 157 0.0 287 109 63 30 3 2 2 1 1 1 1 0 0 0 0 0 0 0 0 0
"158" 158 0.0077519379845 370 130 0 0 0 0 0 0 0 0 0 0 0 0 0 0 0 0 0 0
"159" 159 0.0 188 170 124 7 4 3 2 1 1 0 0 0 0 0 0 0 0 0 0 0
"160" 160 0.0331125827815 249 170 38 16 8 7 6 1 1 1 1 1 1 0 0 0 0 0 0 0
"161" 161 0.00574712643678 230 110 92 62 2 2 1 1 0 0 0 0 0 0 0 0 0 0 0 0
"162" 162 0.0 375 57 35 18 8 4 1 1 1 0 0 0 0 0 0 0 0 0 0 0
"163" 163 0.126903553299 153 95 67 60 30 26 15 13 12 10 7 5 4 2 1 0 0 0 0 0
"164" 164 0.144486692015 112 107 89 53 29 28 19 19 12 10 9 9 3 1 0 0 0 0 0 0
"165" 165 0.417040358744 235 110 61 36 13 11 10 9 8 6 1 0 0 0 0 0 0 0 0 0
"166" 166 0.615384615385 481 19 0 0 0 0 0 0 0 0 0 0 0 0 0 0 0 0 0 0
"167" 167 0.33908045977 112 111 75 51 46 31 29 16 8 7 5 4 2 2 1 0 0 0 0 0
"168" 168 0.251572327044 132 87 85 82 50 23 11 10 6 5 4 3 2 0 0 0 0 0 0 0
"169" 169 0.0229885057471 171 75 66 57 35 34 31 12 7 6 3 2 1 0 0 0 0 0 0 0
"170" 170 0.00497512437811 247 102 50 43 24 16 13 4 1 0 0 0 0 0 0 0 0 0 0 0
"171" 171 0.0 469 19 10 1 1 0 0 0 0 0 0 0 0 0 0 0 0 0 0 0
"172" 172 0.00995024875622 347 81 35 14 12 9 1 1 0 0 0 0 0 0 0 0 0 0 0 0
"173" 173 0.0569948186528 487 7 4 2 0 0 0 0 0 0 0 0 0 0 0 0 0 0 0 0
"174" 174 0.490494296578 149 133 113 25 20 17 10 10 9 8 3 1 1 1 0 0 0 0 0 0
"175" 175 0.492537313433 119 62 58 53 43 38 36 28 22 16 13 7 4 1 0 0 0 0 0 0
"176" 176 0.0 231 66 46 45 37 25 25 12 5 3 2 2 1 0 0 0 0 0 0 0
"177" 177 0.362694300518 121 69 65 61 35 33 33 32 30 18 2 1 0 0 0 0 0 0 0 0
"178" 178 0.443708609272 164 90 72 69 52 25 6 6 5 3 2 2 1 1 1 1 0 0 0 0
"179" 179 0.441860465116 99 93 72 54 36 28 27 22 14 11 9 9 9 8 3 3 3 0 0 0
"180" 180 0.046511627907 250 232 6 5 3 1 1 1 1 0 0 0 0 0 0 0 0 0 0 0
"181" 181 0.473214285714 136 112 82 80 21 18 16 8 5 5 5 4 3 3 1 1 0 0 0 0
"182" 182 0.0581395348837 118 89 69 57 36 24 20 15 14 13 12 10 7 5 5 4 2 0 0 0
"183" 183 0.129533678756 163 77 60 57 36 35 29 11 11 7 7 5 1 1 0 0 0 0 0 0
"184" 184 0.00497512437811 183 132 44 42 27 18 18 12 8 5 4 3 2 1 1 0 0 0 0 0
"185" 185 0.0923076923077 95 87 77 54 38 34 24 15 15 14 13 10 9 8 7 0 0 0 0 0
"186" 186 0.00574712643678 139 68 55 54 49 43 37 20 10 10 5 2 2 2 2 1 1 0 0 0
"187" 187 0.0172413793103 195 162 56 40 22 11 8 4 2 0 0 0 0 0 0 0 0 0 0 0
"188" 188 0.00917431192661 119 113 82 80 62 12 9 4 4 4 3 3 3 2 0 0 0 0 0 0
"189" 189 0.0581395348837 157 152 40 35 29 19 17 16 9 5 5 5 4 4 2 1 0 0 0 0
"190" 190 0.279792746114 207 82 43 37 36 30 17 14 13 8 5 4 3 1 0 0 0 0 0 0
"191" 191 0.713178294574 134 73 72 55 38 29 28 18 15 15 8 7 6 2 0 0 0 0 0 0
"192" 192 0.307692307692 499 1 0 0 0 0 0 0 0 0 0 0 0 0 0 0 0 0 0 0
"193" 193 0.317307692308 189 63 52 46 43 37 16 16 12 10 7 3 3 2 1 0 0 0 0 0
"194" 194 0.364016736402 119 96 95 53 48 32 17 10 8 7 5 4 3 1 1 1 0 0 0 0
"195" 195 0.258883248731 225 75 53 21 20 19 17 15 12 11 10 8 6 5 2 1 0 0 0 0
"196" 196 0.1875 156 142 55 32 27 24 17 16 14 6 4 3 2 1 1 0 0 0 0 0
"197" 197 0.362068965517 97 64 58 55 35 32 25 24 24 24 18 14 12 8 4 4 2 0 0 0
"198" 198 0.313901345291 113 93 77 43 38 36 35 21 10 9 9 6 5 3 1 1 0 0 0 0
"199" 199 0.298076923077 158 74 53 51 46 40 24 19 11 6 4 4 3 3 2 1 1 0 0 0
"200" 200 0.372093023256 116 71 57 47 38 35 25 25 21 17 17 13 7 4 3 2 2 0 0 0
"201" 201 0.31007751938 295 117 26 21 11 8 7 5 2 2 2 1 1 1 1 0 0 0 0 0
"202" 202 0.625 163 61 59 57 55 32 13 12 11 10 9 5 4 3 2 2 1 1 0 0
"203" 203 0.269230769231 483 9 6 1 1 0 0 0 0 0 0 0 0 0 0 0 0 0 0 0
"204" 204 0.596899224806 147 93 87 79 30 14 13 11 10 9 5 2 0 0 0 0 0 0 0 0
"205" 205 0.635220125786 175 69 69 50 47 23 21 14 13 9 7 2 1 0 0 0 0 0 0 0
"206" 206 0.225941422594 94 54 49 44 43 35 32 28 23 23 16 14 12 12 10 6 3 2 0 0
"207" 207 0.63503649635 106 88 87 67 31 31 25 22 15 10 8 5 4 1 0 0 0 0 0 0
"208" 208 0.572327044025 269 150 36 20 15 5 5 0 0 0 0 0 0 0 0 0 0 0 0 0
"209" 209 0.604651162791 271 93 30 28 25 23 14 7 5 2 2 0 0 0 0 0 0 0 0 0
"210" 210 0.294642857143 105 99 69 64 55 39 14 11 10 8 8 7 5 4 1 1 0 0 0 0
"211" 211 0.243781094527 156 85 73 68 27 19 18 13 11 7 6 5 4 3 3 2 0 0 0 0
"212" 212 0.461538461538 143 110 104 74 21 14 7 6 4 4 4 4 2 1 1 1 0 0 0 0
"213" 213 0.302325581395 154 95 74 48 47 25 20 13 8 7 3 3 2 1 0 0 0 0 0 0
"214" 214 0.0045871559633 249 88 40 27 22 18 14 10 9 6 4 4 3 2 1 1 1 1 0 0
"215" 215 0.10447761194 159 89 77 75 34 18 13 8 4 4 3 3 3 3 3 2 2 0 0 0
"216" 216 0.5625 118 101 89 56 34 31 24 16 15 8 6 2 0 0 0 0 0 0 0 0
"217" 217 0.109452736318 78 63 59 43 41 29 29 28 27 23 16 15 14 12 11 10 1 1 0 0
"218" 218 0.0 208 201 21 20 16 13 7 5 4 2 2 1 0 0 0 0 0 0 0 0
"219" 219 0.304932735426 168 90 87 33 29 22 21 17 7 6 6 5 4 3 1 1 0 0 0 0
"220" 220 0.479820627803 114 74 66 63 38 36 29 28 17 17 9 4 2 1 1 1 0 0 0 0
"221" 221 0.0384615384615 258 82 58 30 19 18 15 6 6 3 3 2 0 0 0 0 0 0 0 0
"222" 222 0.0 172 78 73 66 49 30 11 6 5 4 4 2 0 0 0 0 0 0 0 0
"223" 223 0.403587443946 129 92 88 51 48 46 13 13 9 9 1 1 0 0 0 0 0 0 0 0
"224" 224 0.428571428571 109 97 62 55 53 38 27 21 18 10 4 3 1 1 1 0 0 0 0 0
"225" 225 0.0 127 113 109 78 20 17 11 7 6 4 3 2 2 1 0 0 0 0 0 0
"226" 226 0.00418410041841 228 192 58 11 5 2 1 1 1 1 0 0 0 0 0 0 0 0 0 0
"227" 227 0.553571428571 135 91 62 60 37 36 27 22 17 9 2 2 0 0 0 0 0 0 0 0
"228" 228 0.243781094527 103 101 66 64 56 36 24 21 10 7 6 3 3 0 0 0 0 0 0 0
"229" 229 0.0 106 94 68 52 46 36 33 23 15 11 8 4 2 1 1 0 0 0 0 0
"230" 230 0.456204379562 110 97 79 69 51 26 23 20 10 4 3 3 3 2 0 0 0 0 0 0
"231" 231 0.457364341085 126 83 83 54 45 27 27 24 12 6 6 5 2 0 0 0 0 0 0 0
"232" 232 0.131782945736 452 22 10 9 4 2 1 0 0 0 0 0 0 0 0 0 0 0 0 0
"233" 233 0.189054726368 210 54 54 52 25 24 16 16 14 10 9 7 5 3 1 0 0 0 0 0
"234" 234 0.558139534884 197 156 46 36 19 14 11 10 5 2 2 2 0 0 0 0 0 0 0 0
"235" 235 0.808035714286 326 153 8 5 4 2 1 1 0 0 0 0 0 0 0 0 0 0 0 0
