"site" "RSA" "aa1" "aa2" "aa3" "aa4" "aa5" "aa6" "aa7" "aa8" "aa9" "aa10" "aa11" "aa12" "aa13" "aa14" "aa15" "aa16" "aa17" "aa18" "aa19" "aa20"
"0" 0 0.459770114943 97 96 67 56 46 29 18 15 15 12 11 10 8 8 6 3 2 1 0 0
"1" 1 0.219730941704 98 88 54 53 46 36 36 31 15 15 12 11 4 1 0 0 0 0 0 0
"2" 2 0.0 349 46 40 34 17 5 2 2 2 1 1 1 0 0 0 0 0 0 0 0
"3" 3 0.218390804598 112 90 81 34 33 33 20 20 18 17 13 12 9 7 1 0 0 0 0 0
"4" 4 0.0 258 215 13 7 2 2 1 1 1 0 0 0 0 0 0 0 0 0 0 0
"5" 5 0.396551724138 75 75 69 64 59 35 29 26 19 16 14 10 7 1 1 0 0 0 0 0
"6" 6 0.0 232 96 52 28 22 20 19 11 8 5 2 2 1 1 1 0 0 0 0 0
"7" 7 0.590717299578 139 101 56 48 31 27 24 18 13 12 12 11 5 2 1 0 0 0 0 0
"8" 8 0.375 430 62 6 1 1 0 0 0 0 0 0 0 0 0 0 0 0 0 0 0
"9" 9 0.922279792746 240 107 68 24 24 17 6 6 5 3 0 0 0 0 0 0 0 0 0 0
"10" 10 0.503875968992 93 88 73 39 37 28 27 22 17 17 17 15 9 7 5 5 1 0 0 0
"11" 11 0.576923076923 483 17 0 0 0 0 0 0 0 0 0 0 0 0 0 0 0 0 0 0
"12" 12 0.0574712643678 86 55 55 40 38 36 33 28 25 25 23 19 14 9 8 3 2 1 0 0
"13" 13 0.397350993377 91 80 69 55 53 52 23 18 17 15 12 5 3 3 2 2 0 0 0 0
"14" 14 0.144230769231 500 0 0 0 0 0 0 0 0 0 0 0 0 0 0 0 0 0 0 0
"15" 15 0.35632183908 87 81 76 56 33 30 29 24 18 18 15 13 12 4 2 1 1 0 0 0
"16" 16 0.0 126 113 88 68 48 32 12 4 4 2 1 1 1 0 0 0 0 0 0 0
"17" 17 0.261603375527 100 94 80 71 60 26 22 19 8 6 6 3 2 1 1 1 0 0 0 0
"18" 18 0.00418410041841 169 134 98 24 16 16 10 9 5 4 4 3 2 2 2 1 1 0 0 0
"19" 19 0.446428571429 110 106 71 69 45 27 17 13 12 8 8 5 4 2 2 1 0 0 0 0
"20" 20 0.0 165 151 70 26 17 14 14 14 10 8 5 2 1 1 1 1 0 0 0 0
"21" 21 0.589147286822 143 111 66 55 41 19 17 11 10 6 5 4 4 2 2 1 1 1 1 0
"22" 22 0.35761589404 97 81 71 46 40 31 22 22 22 16 16 10 6 6 5 5 4 0 0 0
"23" 23 0.410714285714 206 65 64 33 26 21 21 20 12 12 5 4 4 3 2 2 0 0 0 0
"24" 24 0.695364238411 118 96 94 88 32 20 18 10 9 6 4 2 2 1 0 0 0 0 0 0
"25" 25 0.258928571429 122 93 88 44 33 30 25 15 11 10 7 7 6 6 2 1 0 0 0 0
"26" 26 0.308176100629 325 32 30 28 25 19 16 9 8 3 2 1 1 1 0 0 0 0 0 0
"27" 27 0.0 281 56 55 35 32 13 11 10 5 1 1 0 0 0 0 0 0 0 0 0
"28" 28 0.151162790698 144 97 59 58 26 21 20 16 15 12 9 8 5 5 3 1 1 0 0 0
"29" 29 0.0 242 123 78 21 10 6 5 4 3 2 2 2 1 1 0 0 0 0 0 0
"30" 30 0.298013245033 110 90 74 36 35 35 27 22 19 13 12 11 8 4 3 1 0 0 0 0
"31" 31 0.12927756654 254 160 40 31 4 3 3 3 1 1 0 0 0 0 0 0 0 0 0 0
"32" 32 0.446428571429 146 71 55 46 40 36 23 22 16 15 11 8 6 3 1 1 0 0 0 0
"33" 33 0.00507614213198 220 62 58 43 34 20 19 12 10 9 6 3 2 1 1 0 0 0 0 0
"34" 34 0.317829457364 94 81 61 59 54 33 32 24 22 11 10 6 5 4 2 1 1 0 0 0
"35" 35 0.413461538462 488 12 0 0 0 0 0 0 0 0 0 0 0 0 0 0 0 0 0 0
"36" 36 0.102564102564 120 115 61 55 51 19 19 18 13 6 6 5 5 3 2 2 0 0 0 0
"37" 37 0.377483443709 157 75 57 43 41 30 22 18 17 15 11 6 4 1 1 1 1 0 0 0
"38" 38 0.465408805031 192 119 41 35 34 31 16 13 7 5 4 2 1 0 0 0 0 0 0 0
"39" 39 0.594871794872 358 52 32 21 17 8 5 4 2 1 0 0 0 0 0 0 0 0 0 0
"40" 40 0.170542635659 130 105 97 39 37 20 18 16 14 7 5 4 4 3 1 0 0 0 0 0
"41" 41 0.330357142857 85 78 74 67 64 45 41 22 13 6 3 1 1 0 0 0 0 0 0 0
"42" 42 0.153284671533 193 158 33 32 27 26 9 6 4 4 3 1 1 1 1 1 0 0 0 0
"43" 43 0.0 377 48 46 11 10 4 2 1 1 0 0 0 0 0 0 0 0 0 0 0
"44" 44 0.0 218 116 79 27 11 10 10 10 6 5 3 2 1 1 1 0 0 0 0 0
"45" 45 0.0 398 62 18 7 5 2 2 2 1 1 1 1 0 0 0 0 0 0 0 0
"46" 46 0.0 181 102 93 42 32 21 16 5 3 2 1 1 1 0 0 0 0 0 0 0
"47" 47 0.0 191 79 60 33 27 20 17 17 15 14 14 11 2 0 0 0 0 0 0 0
"48" 48 0.321428571429 330 47 34 23 14 14 8 8 6 5 4 4 2 1 0 0 0 0 0 0
"49" 49 0.393305439331 193 78 71 63 27 23 12 8 6 6 5 3 2 2 1 0 0 0 0 0
"50" 50 0.298076923077 491 7 2 0 0 0 0 0 0 0 0 0 0 0 0 0 0 0 0 0
"51" 51 0.341968911917 213 51 48 48 43 30 20 18 9 8 6 3 2 1 0 0 0 0 0 0
"52" 52 0.53488372093 151 96 72 57 39 29 18 9 7 5 4 4 3 3 2 1 0 0 0 0
"53" 53 0.720930232558 132 71 55 41 39 33 33 30 20 17 12 6 5 4 1 1 0 0 0 0
"54" 54 0.54358974359 251 124 57 32 11 9 8 2 2 1 1 1 1 0 0 0 0 0 0 0
"55" 55 0.480769230769 500 0 0 0 0 0 0 0 0 0 0 0 0 0 0 0 0 0 0 0
"56" 56 0.0886075949367 457 24 5 3 3 2 2 1 1 1 1 0 0 0 0 0 0 0 0 0
"57" 57 0.563218390805 89 82 69 59 54 36 31 26 25 11 8 6 4 0 0 0 0 0 0 0
"58" 58 0.145695364238 259 43 43 31 26 20 15 12 11 11 6 6 5 4 4 2 1 1 0 0
"59" 59 0.0077519379845 209 104 77 60 28 9 5 3 3 2 0 0 0 0 0 0 0 0 0 0
"60" 60 0.153846153846 500 0 0 0 0 0 0 0 0 0 0 0 0 0 0 0 0 0 0 0
"61" 61 0.465408805031 422 40 16 7 5 3 3 2 2 0 0 0 0 0 0 0 0 0 0 0
"62" 62 0.0478468899522 301 50 42 32 19 12 11 7 6 4 4 4 3 2 2 1 0 0 0 0
"63" 63 0.0376569037657 171 126 54 47 25 21 17 9 7 7 6 5 2 1 1 1 0 0 0 0
"64" 64 0.230769230769 169 120 82 60 40 9 8 6 4 2 0 0 0 0 0 0 0 0 0 0
"65" 65 0.327044025157 223 93 43 29 21 20 13 12 12 10 9 5 5 2 1 1 1 0 0 0
"66" 66 0.523012552301 136 128 39 34 33 30 25 23 17 15 14 3 2 1 0 0 0 0 0 0
"67" 67 0.784810126582 386 61 23 14 10 2 2 1 1 0 0 0 0 0 0 0 0 0 0 0
"68" 68 0.37552742616 92 83 79 61 56 49 28 18 16 5 5 4 3 1 0 0 0 0 0 0
"69" 69 0.348837209302 126 122 97 32 29 23 23 11 10 7 6 5 4 2 1 1 1 0 0 0
"70" 70 0.0191387559809 365 24 20 15 11 10 8 7 7 7 6 4 4 3 3 2 2 1 1 0
"71" 71 0.00961538461538 477 12 7 4 0 0 0 0 0 0 0 0 0 0 0 0 0 0 0 0
"72" 72 0.062015503876 292 72 27 22 15 14 12 12 7 7 6 5 4 2 1 1 1 0 0 0
"73" 73 0.276729559748 144 104 76 53 36 35 9 9 7 6 5 4 4 3 2 2 1 0 0 0
"74" 74 0.78488372093 176 62 62 53 52 49 15 13 7 5 5 1 0 0 0 0 0 0 0 0
"75" 75 0.305699481865 146 95 51 48 47 37 23 16 14 11 5 2 2 1 1 1 0 0 0 0
"76" 76 0.763392857143 155 120 105 46 27 24 13 3 3 3 1 0 0 0 0 0 0 0 0 0
"77" 77 0.373563218391 199 91 45 43 27 27 13 10 8 7 7 7 6 5 3 2 0 0 0 0
"78" 78 0.0547445255474 191 127 99 29 14 7 7 6 5 5 3 3 2 1 1 0 0 0 0 0
"79" 79 0.0478468899522 246 114 28 24 24 22 14 9 6 4 3 2 2 1 1 0 0 0 0 0
"80" 80 0.0172413793103 107 83 56 46 41 36 28 20 16 13 11 11 10 10 8 2 1 1 0 0
"81" 81 0.0 495 3 2 0 0 0 0 0 0 0 0 0 0 0 0 0 0 0 0 0
"82" 82 0.0 318 111 33 20 7 5 2 1 1 1 1 0 0 0 0 0 0 0 0 0
"83" 83 0.045871559633 382 69 12 9 6 5 3 3 3 2 2 2 1 1 0 0 0 0 0 0
"84" 84 0.0288461538462 500 0 0 0 0 0 0 0 0 0 0 0 0 0 0 0 0 0 0 0
"85" 85 0.169230769231 154 88 59 56 33 26 19 17 14 11 7 6 4 2 1 1 1 1 0 0
"86" 86 0.0114942528736 88 82 67 55 42 29 28 27 24 22 10 8 8 4 3 2 1 0 0 0
"87" 87 0.649789029536 115 53 52 42 41 34 33 27 23 22 18 15 14 5 4 1 1 0 0 0
"88" 88 0.046511627907 206 178 38 30 26 5 4 3 2 2 1 1 1 1 1 1 0 0 0 0
"89" 89 0.300518134715 309 60 55 48 8 5 4 3 3 3 2 0 0 0 0 0 0 0 0 0
"90" 90 0.607142857143 169 154 91 27 20 14 11 5 3 3 2 1 0 0 0 0 0 0 0 0
"91" 91 0.676923076923 181 71 66 40 32 29 24 19 18 16 3 1 0 0 0 0 0 0 0 0
"92" 92 0.0 494 3 1 1 1 0 0 0 0 0 0 0 0 0 0 0 0 0 0 0
"93" 93 0.235632183908 128 104 61 61 34 20 20 17 15 15 9 6 5 4 1 0 0 0 0 0
"94" 94 0.0 264 116 29 20 19 15 9 8 5 5 4 3 2 1 0 0 0 0 0 0
"95" 95 0.637130801688 97 93 58 56 43 32 25 19 17 17 16 12 7 5 1 1 1 0 0 0
"96" 96 0.259615384615 477 8 7 2 2 1 1 1 1 0 0 0 0 0 0 0 0 0 0 0
"97" 97 0.456953642384 134 102 97 27 27 24 20 17 16 11 7 7 5 4 1 1 0 0 0 0
"98" 98 0.221757322176 241 83 40 35 24 18 14 10 10 8 6 4 2 2 2 1 0 0 0 0
"99" 99 0.594936708861 111 76 73 71 36 27 26 18 16 13 13 7 6 4 2 1 0 0 0 0
"100" 100 0.0621761658031 206 69 35 34 31 29 25 17 17 11 7 5 3 3 3 3 2 0 0 0
"101" 101 0.53642384106 188 125 77 25 23 17 14 7 7 5 4 3 3 1 1 0 0 0 0 0
"102" 102 0.298507462687 202 73 41 39 34 25 24 20 9 8 8 7 5 2 1 1 1 0 0 0
"103" 103 0.0 210 91 78 36 34 13 12 7 5 4 3 2 2 1 1 1 0 0 0 0
"104" 104 0.151898734177 198 109 67 50 22 20 10 7 5 4 3 2 2 1 0 0 0 0 0 0
"105" 105 0.044776119403 412 40 24 9 5 4 3 1 1 1 0 0 0 0 0 0 0 0 0 0
"106" 106 0.238578680203 95 89 76 54 37 24 22 20 17 17 16 12 9 5 4 2 1 0 0 0
"107" 107 0.317307692308 500 0 0 0 0 0 0 0 0 0 0 0 0 0 0 0 0 0 0 0
"108" 108 0.74213836478 402 50 28 12 6 1 1 0 0 0 0 0 0 0 0 0 0 0 0 0
"109" 109 0.122093023256 164 78 65 61 41 24 19 16 8 6 6 5 5 1 1 0 0 0 0 0
"110" 110 0.172185430464 207 139 45 20 18 17 16 13 12 5 3 2 1 1 1 0 0 0 0 0
"111" 111 0.0 329 34 30 22 21 18 18 10 6 3 3 2 2 2 0 0 0 0 0 0
"112" 112 0.252873563218 116 97 74 64 36 35 16 16 11 10 9 8 2 2 2 1 1 0 0 0
"113" 113 0.403846153846 493 5 1 1 0 0 0 0 0 0 0 0 0 0 0 0 0 0 0 0
"114" 114 0.20802919708 127 107 68 52 39 36 22 19 9 6 5 3 3 2 1 1 0 0 0 0
"115" 115 0.0264900662252 323 143 25 3 3 1 1 1 0 0 0 0 0 0 0 0 0 0 0 0
"116" 116 0.0 168 116 83 54 39 8 7 7 6 4 3 2 1 1 1 0 0 0 0 0
"117" 117 0.0 217 110 91 37 18 9 7 5 2 2 1 1 0 0 0 0 0 0 0 0
"118" 118 0.0 90 68 55 48 45 40 36 32 29 23 16 8 6 3 1 0 0 0 0 0
"119" 119 0.0239234449761 235 119 60 41 17 14 10 1 1 1 1 0 0 0 0 0 0 0 0 0
"120" 120 0.333333333333 156 117 47 41 29 20 20 19 17 14 9 5 5 1 0 0 0 0 0 0
"121" 121 0.163461538462 474 9 7 5 2 1 1 1 0 0 0 0 0 0 0 0 0 0 0 0
"122" 122 0.484304932735 126 72 48 47 41 36 28 27 25 13 9 9 7 4 3 3 1 1 0 0
"123" 123 0.0103626943005 363 75 24 20 8 2 2 1 1 1 1 1 1 0 0 0 0 0 0 0
"124" 124 0.238341968912 164 96 44 39 31 30 28 16 11 11 6 5 4 4 4 3 2 1 1 0
"125" 125 0.218905472637 203 83 77 29 28 26 15 13 9 9 5 1 1 1 0 0 0 0 0 0
"126" 126 0.144230769231 459 32 4 2 1 1 1 0 0 0 0 0 0 0 0 0 0 0 0 0
"127" 127 0.561181434599 90 89 73 35 34 33 31 29 21 20 19 11 8 4 3 0 0 0 0 0
"128" 128 0.240384615385 270 120 30 19 15 13 9 6 4 4 3 2 2 1 1 1 0 0 0 0
"129" 129 0.896373056995 233 112 56 48 26 9 7 6 1 1 1 0 0 0 0 0 0 0 0 0
"130" 130 0.412790697674 203 142 50 28 12 12 11 11 9 7 5 4 3 2 1 0 0 0 0 0
"131" 131 0.607142857143 142 114 68 62 39 36 27 4 4 2 1 1 0 0 0 0 0 0 0 0
"132" 132 0.316964285714 128 98 79 77 39 23 18 13 11 5 4 2 1 1 1 0 0 0 0 0
"133" 133 0.0 194 143 64 20 18 15 14 10 5 4 3 3 3 2 1 1 0 0 0 0
"134" 134 0.378109452736 144 66 62 46 29 27 25 25 18 16 15 10 9 4 2 2 0 0 0 0
"135" 135 0.455696202532 144 74 72 46 43 24 18 18 15 15 12 6 5 4 4 0 0 0 0 0
"136" 136 0.203488372093 153 88 53 49 47 30 18 16 14 13 8 5 3 2 1 0 0 0 0 0
"137" 137 0.0 496 1 1 1 1 0 0 0 0 0 0 0 0 0 0 0 0 0 0 0
"138" 138 0.379487179487 313 76 35 30 16 9 9 8 2 1 1 0 0 0 0 0 0 0 0 0
"139" 139 0.0 206 78 69 62 34 21 9 5 4 4 2 1 1 1 1 1 1 0 0 0
"140" 140 0.432692307692 500 0 0 0 0 0 0 0 0 0 0 0 0 0 0 0 0 0 0 0
"141" 141 0.591194968553 218 154 55 43 10 8 5 2 2 2 1 0 0 0 0 0 0 0 0 0
"142" 142 0.248175182482 114 100 94 31 29 26 24 18 14 10 10 10 9 6 2 2 1 0 0 0
"143" 143 0.138364779874 85 85 44 42 42 41 36 31 23 17 16 12 11 7 4 2 1 1 0 0
"144" 144 0.0 225 106 67 20 18 14 13 13 9 6 3 2 2 1 1 0 0 0 0 0
"145" 145 0.101265822785 457 35 6 1 1 0 0 0 0 0 0 0 0 0 0 0 0 0 0 0
"146" 146 0.0865384615385 478 13 9 0 0 0 0 0 0 0 0 0 0 0 0 0 0 0 0 0
"147" 147 0.362068965517 144 98 71 47 36 32 22 17 12 11 5 2 2 1 0 0 0 0 0 0
"148" 148 0.00507614213198 380 46 20 12 10 9 8 5 4 3 1 1 1 0 0 0 0 0 0 0
"149" 149 0.278846153846 123 117 69 32 27 26 24 16 16 14 10 9 9 6 1 1 0 0 0 0
"150" 150 0.592039800995 103 98 66 63 35 26 25 18 17 12 10 9 8 4 3 3 0 0 0 0
"151" 151 0.296511627907 333 45 33 18 15 11 10 8 8 7 5 4 1 1 1 0 0 0 0 0
"152" 152 0.917948717949 374 68 42 12 2 1 1 0 0 0 0 0 0 0 0 0 0 0 0 0
