"site" "RSA" "aa1" "aa2" "aa3" "aa4" "aa5" "aa6" "aa7" "aa8" "aa9" "aa10" "aa11" "aa12" "aa13" "aa14" "aa15" "aa16" "aa17" "aa18" "aa19" "aa20"
"0" 0 1.05960264901 416 43 21 9 9 2 0 0 0 0 0 0 0 0 0 0 0 0 0 0
"1" 1 0.732142857143 206 83 79 49 25 20 9 9 6 4 4 2 2 2 0 0 0 0 0 0
"2" 2 0.0722433460076 470 14 7 3 2 2 1 1 0 0 0 0 0 0 0 0 0 0 0 0
"3" 3 0.357512953368 164 108 74 46 34 20 15 10 9 6 6 5 1 1 1 0 0 0 0 0
"4" 4 0.06463878327 188 167 90 29 10 4 4 3 2 2 1 0 0 0 0 0 0 0 0 0
"5" 5 0.273631840796 98 91 86 67 55 43 43 4 4 4 2 1 1 1 0 0 0 0 0 0
"6" 6 0.00418410041841 286 83 68 54 4 3 1 1 0 0 0 0 0 0 0 0 0 0 0 0
"7" 7 0.160337552743 123 114 112 55 52 16 11 8 5 3 1 0 0 0 0 0 0 0 0 0
"8" 8 0.0 145 143 141 32 25 7 3 2 2 0 0 0 0 0 0 0 0 0 0 0
"9" 9 0.0 429 47 12 6 4 1 1 0 0 0 0 0 0 0 0 0 0 0 0 0
"10" 10 0.0 415 34 25 7 4 4 4 2 1 1 1 1 1 0 0 0 0 0 0 0
"11" 11 0.0 150 91 83 78 41 24 15 6 5 5 1 1 0 0 0 0 0 0 0 0
"12" 12 0.0 500 0 0 0 0 0 0 0 0 0 0 0 0 0 0 0 0 0 0 0
"13" 13 0.14358974359 210 75 60 48 27 24 13 12 9 8 4 3 3 2 1 1 0 0 0 0
"14" 14 0.377483443709 116 68 49 46 42 30 28 19 19 17 15 14 13 9 8 4 3 0 0 0
"15" 15 0.538461538462 499 1 0 0 0 0 0 0 0 0 0 0 0 0 0 0 0 0 0 0
"16" 16 0.0114942528736 204 146 69 46 24 11 0 0 0 0 0 0 0 0 0 0 0 0 0 0
"17" 17 0.153846153846 498 2 0 0 0 0 0 0 0 0 0 0 0 0 0 0 0 0 0 0
"18" 18 0.0253164556962 135 104 80 54 41 40 12 11 6 5 4 3 3 1 1 0 0 0 0 0
"19" 19 0.192052980132 154 114 40 33 27 26 22 19 16 16 12 6 5 4 3 2 1 0 0 0
"20" 20 0.0886075949367 139 85 63 54 45 32 23 19 17 5 5 5 3 2 2 1 0 0 0 0
"21" 21 0.0199004975124 291 57 54 54 15 9 7 5 3 2 1 1 1 0 0 0 0 0 0 0
"22" 22 0.0 405 32 20 11 8 7 5 4 3 3 2 0 0 0 0 0 0 0 0 0
"23" 23 0.109452736318 163 100 98 72 17 11 11 10 5 4 2 2 1 1 1 1 1 0 0 0
"24" 24 0.153284671533 292 52 50 20 18 14 13 12 11 5 5 4 3 1 0 0 0 0 0 0
"25" 25 0.0167364016736 425 27 20 7 6 5 4 2 2 1 1 0 0 0 0 0 0 0 0 0
"26" 26 0.185430463576 282 55 48 34 22 16 12 11 10 5 2 2 1 0 0 0 0 0 0 0
"27" 27 0.40414507772 133 112 110 38 29 28 23 15 4 3 3 1 1 0 0 0 0 0 0 0
"28" 28 0.59585492228 196 123 52 38 17 15 15 15 13 8 7 1 0 0 0 0 0 0 0 0
"29" 29 0.377906976744 101 78 74 72 54 53 32 13 11 5 4 2 1 0 0 0 0 0 0 0
"30" 30 0.281368821293 174 152 126 23 8 6 4 2 2 2 1 0 0 0 0 0 0 0 0 0
"31" 31 0.470930232558 130 76 63 49 49 34 26 18 18 15 10 6 2 2 1 1 0 0 0 0
"32" 32 0.589743589744 134 89 87 76 28 25 14 11 10 9 7 3 3 3 1 0 0 0 0 0
"33" 33 0.787564766839 422 60 16 1 1 0 0 0 0 0 0 0 0 0 0 0 0 0 0 0
"34" 34 0.220532319392 88 74 72 70 62 36 23 20 15 11 8 6 5 4 4 1 1 0 0 0
"35" 35 0.802030456853 166 71 51 49 45 37 34 23 12 8 3 1 0 0 0 0 0 0 0 0
"36" 36 0.377483443709 141 85 55 42 35 32 23 18 16 15 12 10 4 4 3 3 2 0 0 0
"37" 37 0.802325581395 177 75 70 48 35 26 19 14 10 10 9 3 2 1 1 0 0 0 0 0
"38" 38 0.675126903553 243 124 26 22 21 21 16 12 7 5 2 1 0 0 0 0 0 0 0 0
"39" 39 0.451923076923 307 64 36 30 22 12 8 7 2 2 2 2 2 1 1 1 1 0 0 0
"40" 40 0.0919540229885 90 71 63 60 51 36 27 21 18 16 12 12 11 6 2 2 1 1 0 0
"41" 41 0.523316062176 140 118 47 40 37 30 24 16 14 12 7 6 5 2 2 0 0 0 0 0
"42" 42 0.292887029289 274 210 6 4 4 2 0 0 0 0 0 0 0 0 0 0 0 0 0 0
"43" 43 0.270042194093 261 53 30 29 22 17 16 15 13 11 10 7 6 5 4 1 0 0 0 0
"44" 44 0.446700507614 158 158 68 52 25 12 12 4 3 2 2 2 1 1 0 0 0 0 0 0
"45" 45 0.227848101266 165 82 71 53 47 28 13 11 8 8 6 5 3 0 0 0 0 0 0 0
"46" 46 0.424418604651 206 75 75 43 37 32 9 8 6 2 2 2 1 1 1 0 0 0 0 0
"47" 47 0.0689655172414 177 85 75 30 24 21 16 14 13 11 10 10 6 5 3 0 0 0 0 0
"48" 48 0.53125 122 120 95 64 40 16 12 8 6 5 5 3 3 1 0 0 0 0 0 0
"49" 49 0.0199004975124 185 88 84 57 25 13 13 9 9 5 4 3 2 1 1 1 0 0 0 0
"50" 50 0.549222797927 355 38 27 17 17 14 14 8 5 3 1 1 0 0 0 0 0 0 0 0
"51" 51 0.692307692308 391 109 0 0 0 0 0 0 0 0 0 0 0 0 0 0 0 0 0 0
"52" 52 0.303797468354 218 48 46 45 41 23 18 15 11 11 8 6 5 2 2 1 0 0 0 0
"53" 53 0.174418604651 190 82 71 38 36 22 21 20 10 4 3 1 1 1 0 0 0 0 0 0
"54" 54 0.0 187 173 109 13 4 4 4 2 2 1 1 0 0 0 0 0 0 0 0 0
"55" 55 0.244725738397 182 146 75 65 30 1 1 0 0 0 0 0 0 0 0 0 0 0 0 0
"56" 56 0.0 375 41 20 17 13 8 7 5 5 4 2 2 1 0 0 0 0 0 0 0
"57" 57 0.22869955157 162 103 88 59 28 18 14 12 6 5 2 2 1 0 0 0 0 0 0 0
"58" 58 0.00507614213198 401 53 15 11 6 5 3 3 2 1 0 0 0 0 0 0 0 0 0 0
"59" 59 0.195035460993 212 133 130 12 6 3 2 1 1 0 0 0 0 0 0 0 0 0 0 0
"60" 60 0.0259067357513 135 109 103 59 55 25 5 4 2 2 1 0 0 0 0 0 0 0 0 0
"61" 61 0.0116279069767 347 74 39 25 9 2 2 2 0 0 0 0 0 0 0 0 0 0 0 0
"62" 62 0.519379844961 257 122 48 34 12 12 5 4 2 2 1 1 0 0 0 0 0 0 0 0
"63" 63 0.403846153846 450 25 13 8 3 1 0 0 0 0 0 0 0 0 0 0 0 0 0 0
"64" 64 0.255605381166 197 74 62 41 40 31 15 10 7 6 6 5 3 3 0 0 0 0 0 0
"65" 65 0.0625 236 56 52 38 34 24 19 17 8 7 4 2 2 1 0 0 0 0 0 0
"66" 66 0.642335766423 161 105 84 39 28 25 12 11 11 11 8 4 1 0 0 0 0 0 0 0
"67" 67 0.602510460251 333 58 50 19 17 11 5 4 2 1 0 0 0 0 0 0 0 0 0 0
"68" 68 0.481751824818 256 66 49 36 26 20 12 12 9 8 6 0 0 0 0 0 0 0 0 0
"69" 69 0.5 149 118 106 52 34 21 7 5 4 1 1 1 1 0 0 0 0 0 0 0
"70" 70 0.106598984772 190 187 78 18 17 3 1 1 1 1 1 1 1 0 0 0 0 0 0 0
"71" 71 0.377906976744 82 77 74 59 50 48 38 19 10 10 10 7 7 4 2 2 1 0 0 0
"72" 72 0.324503311258 103 88 72 52 45 31 28 23 16 13 10 6 6 4 2 1 0 0 0 0
"73" 73 0.456953642384 121 111 73 60 55 24 17 16 9 8 4 2 0 0 0 0 0 0 0 0
"74" 74 0.06463878327 270 219 3 2 2 2 1 1 0 0 0 0 0 0 0 0 0 0 0 0
"75" 75 0.0114068441065 289 145 61 4 1 0 0 0 0 0 0 0 0 0 0 0 0 0 0 0
"76" 76 0.613138686131 228 84 47 34 33 20 14 12 8 8 6 3 3 0 0 0 0 0 0 0
"77" 77 0.528846153846 430 55 12 3 0 0 0 0 0 0 0 0 0 0 0 0 0 0 0 0
"78" 78 0.0331125827815 371 92 10 7 6 4 3 2 2 1 1 1 0 0 0 0 0 0 0 0
"79" 79 0.239234449761 283 138 21 12 11 9 8 6 3 3 2 2 2 0 0 0 0 0 0 0
"80" 80 0.0 164 163 114 56 3 0 0 0 0 0 0 0 0 0 0 0 0 0 0 0
"81" 81 0.0 324 61 60 23 21 9 1 1 0 0 0 0 0 0 0 0 0 0 0 0
"82" 82 0.0152284263959 374 29 27 27 13 10 9 5 4 1 1 0 0 0 0 0 0 0 0 0
"83" 83 0.0 153 147 79 73 30 12 4 1 1 0 0 0 0 0 0 0 0 0 0 0
"84" 84 0.00574712643678 239 211 26 18 4 1 1 0 0 0 0 0 0 0 0 0 0 0 0 0
"85" 85 0.0 209 132 93 19 14 13 11 4 3 1 1 0 0 0 0 0 0 0 0 0
"86" 86 0.0621761658031 357 102 22 15 2 2 0 0 0 0 0 0 0 0 0 0 0 0 0 0
"87" 87 0.00574712643678 422 24 24 6 6 4 3 3 3 2 1 1 1 0 0 0 0 0 0 0
"88" 88 0.209302325581 410 54 21 7 5 1 1 1 0 0 0 0 0 0 0 0 0 0 0 0
"89" 89 0.378238341969 420 25 12 10 10 6 5 3 3 3 2 1 0 0 0 0 0 0 0 0
"90" 90 0.381165919283 154 97 93 45 30 19 16 14 9 8 4 4 4 2 1 0 0 0 0 0
"91" 91 0.477678571429 186 108 80 65 25 13 9 5 3 3 3 0 0 0 0 0 0 0 0 0
"92" 92 0.0132450331126 413 23 16 15 10 9 7 3 3 1 0 0 0 0 0 0 0 0 0 0
"93" 93 0.0627615062762 345 92 24 16 5 5 4 2 2 1 1 1 1 1 0 0 0 0 0 0
"94" 94 0.394871794872 122 79 71 52 39 34 27 27 22 13 8 3 1 1 1 0 0 0 0 0
"95" 95 0.00961538461538 80 74 67 63 62 57 21 16 14 13 11 10 9 2 1 0 0 0 0 0
"96" 96 0.0 153 77 59 51 33 29 26 25 14 12 9 5 3 3 1 0 0 0 0 0
"97" 97 0.565400843882 181 99 66 54 33 18 13 8 7 5 5 4 4 2 1 0 0 0 0 0
"98" 98 0.155963302752 158 98 51 40 29 27 25 21 16 13 9 7 6 0 0 0 0 0 0 0
"99" 99 0.0141843971631 181 142 102 21 18 11 7 5 4 3 2 2 1 1 0 0 0 0 0 0
"100" 100 0.0796019900498 147 116 88 32 32 21 18 17 15 8 2 1 1 1 1 0 0 0 0 0
"101" 101 0.506726457399 190 100 51 38 34 20 16 16 14 9 8 2 1 1 0 0 0 0 0 0
"102" 102 0.200892857143 112 79 63 54 53 40 29 23 21 11 8 3 3 1 0 0 0 0 0 0
"103" 103 0.0203045685279 216 78 72 54 21 15 13 10 6 4 3 3 3 1 1 0 0 0 0 0
"104" 104 0.709844559585 131 97 45 45 33 32 31 24 22 19 14 3 2 1 1 0 0 0 0 0
"105" 105 0.653284671533 200 76 74 45 37 27 23 9 3 3 2 1 0 0 0 0 0 0 0 0
"106" 106 0.285171102662 279 130 29 24 23 5 4 3 2 1 0 0 0 0 0 0 0 0 0 0
"107" 107 0.116279069767 187 134 85 41 27 16 6 2 1 1 0 0 0 0 0 0 0 0 0 0
"108" 108 0.459302325581 255 67 64 20 19 16 12 12 10 9 8 4 2 1 1 0 0 0 0 0
"109" 109 0.788079470199 234 71 68 43 26 15 13 12 5 4 4 3 2 0 0 0 0 0 0 0
"110" 110 0.523255813953 141 110 71 42 36 26 18 18 14 14 5 2 2 1 0 0 0 0 0 0
"111" 111 0.109195402299 108 101 98 87 39 21 14 12 8 6 3 2 1 0 0 0 0 0 0 0
"112" 112 0.129353233831 145 60 54 53 48 42 40 22 14 9 5 3 2 2 1 0 0 0 0 0
"113" 113 0.198312236287 152 130 59 33 27 21 19 15 10 9 9 8 6 2 0 0 0 0 0 0
"114" 114 0.0 457 22 11 6 1 1 1 1 0 0 0 0 0 0 0 0 0 0 0 0
"115" 115 0.0 145 122 89 47 19 16 14 14 9 9 6 6 3 1 0 0 0 0 0 0
"116" 116 0.00574712643678 192 187 48 19 16 13 12 7 3 2 1 0 0 0 0 0 0 0 0 0
"117" 117 0.0 332 87 43 21 10 2 2 1 1 1 0 0 0 0 0 0 0 0 0 0
"118" 118 0.025641025641 242 123 64 52 16 1 1 1 0 0 0 0 0 0 0 0 0 0 0 0
"119" 119 0.244725738397 242 133 51 43 17 9 3 2 0 0 0 0 0 0 0 0 0 0 0 0
"120" 120 0.0759493670886 428 41 9 7 4 3 3 2 1 1 1 0 0 0 0 0 0 0 0 0
"121" 121 0.20725388601 239 142 34 29 14 9 8 7 6 4 3 3 2 0 0 0 0 0 0 0
"122" 122 0.363184079602 182 109 61 42 36 19 15 9 7 7 5 3 3 2 0 0 0 0 0 0
"123" 123 0.632911392405 183 127 51 39 31 17 15 13 8 8 4 2 2 0 0 0 0 0 0 0
"124" 124 0.875647668394 183 141 95 44 17 10 4 3 2 1 0 0 0 0 0 0 0 0 0 0
"125" 125 0.637130801688 208 177 62 20 10 9 5 4 3 1 1 0 0 0 0 0 0 0 0 0
"126" 126 0.255474452555 279 128 40 22 12 4 4 3 2 2 2 1 1 0 0 0 0 0 0 0
"127" 127 0.431034482759 215 166 35 22 18 15 8 7 7 3 2 1 1 0 0 0 0 0 0 0
"128" 128 0.0172413793103 354 35 28 23 20 15 8 6 4 3 2 1 1 0 0 0 0 0 0 0
"129" 129 0.526785714286 171 170 63 36 22 13 11 8 2 2 1 1 0 0 0 0 0 0 0 0
"130" 130 0.372623574144 119 76 74 52 38 31 25 22 21 17 15 5 5 0 0 0 0 0 0 0
"131" 131 0.549222797927 291 52 51 49 22 16 8 6 2 2 1 0 0 0 0 0 0 0 0 0
"132" 132 0.48275862069 194 111 48 43 36 22 19 9 6 5 3 2 1 1 0 0 0 0 0 0
"133" 133 0.0 375 41 37 24 6 5 4 3 2 2 1 0 0 0 0 0 0 0 0 0
"134" 134 0.303797468354 162 120 87 64 29 16 10 4 4 2 1 1 0 0 0 0 0 0 0 0
"135" 135 0.584821428571 193 110 52 45 30 19 17 10 8 7 6 1 1 1 0 0 0 0 0 0
"136" 136 0.213389121339 252 73 34 31 29 24 21 12 7 6 5 2 1 1 1 1 0 0 0 0
"137" 137 0.0 448 50 2 0 0 0 0 0 0 0 0 0 0 0 0 0 0 0 0 0
"138" 138 0.492227979275 145 67 66 64 57 32 23 14 11 8 5 4 2 1 1 0 0 0 0 0
"139" 139 0.635658914729 161 87 70 63 36 21 12 12 8 8 7 6 6 3 0 0 0 0 0 0
"140" 140 0.246153846154 93 87 86 80 31 29 29 23 20 12 4 3 2 1 0 0 0 0 0 0
"141" 141 0.789029535865 397 103 0 0 0 0 0 0 0 0 0 0 0 0 0 0 0 0 0 0
"142" 142 0.0321100917431 163 143 117 27 17 12 10 2 2 2 1 1 1 1 1 0 0 0 0 0
"143" 143 0.327044025157 441 39 6 4 4 2 2 1 1 0 0 0 0 0 0 0 0 0 0 0
"144" 144 0.0627615062762 189 141 122 34 4 3 3 2 2 0 0 0 0 0 0 0 0 0 0 0
"145" 145 0.174129353234 280 98 49 37 8 8 6 4 3 3 1 1 1 1 0 0 0 0 0 0
"146" 146 0.116071428571 99 90 87 80 47 39 18 17 6 5 5 4 2 1 0 0 0 0 0 0
"147" 147 0.0 418 53 23 4 2 0 0 0 0 0 0 0 0 0 0 0 0 0 0 0
"148" 148 0.0 490 3 2 2 2 1 0 0 0 0 0 0 0 0 0 0 0 0 0 0
"149" 149 0.015503875969 217 213 37 10 9 7 3 1 1 1 1 0 0 0 0 0 0 0 0 0
"150" 150 0.333333333333 188 113 61 37 31 20 18 13 9 3 3 2 2 0 0 0 0 0 0 0
"151" 151 0.347150259067 162 113 89 35 29 18 15 12 9 8 4 2 2 1 1 0 0 0 0 0
"152" 152 0.41059602649 441 42 8 3 2 1 1 1 1 0 0 0 0 0 0 0 0 0 0 0
"153" 153 0.308139534884 98 84 62 55 46 40 37 26 21 11 11 5 4 0 0 0 0 0 0 0
"154" 154 0.307692307692 451 23 9 8 2 2 1 1 1 1 1 0 0 0 0 0 0 0 0 0
"155" 155 0.0172413793103 455 34 5 3 2 1 0 0 0 0 0 0 0 0 0 0 0 0 0 0
"156" 156 0.397321428571 192 119 44 38 35 15 13 13 8 8 6 4 2 2 1 0 0 0 0 0
"157" 157 0.430051813472 158 113 86 85 19 10 8 7 5 5 3 1 0 0 0 0 0 0 0 0
"158" 158 0.031007751938 294 150 28 12 5 3 3 2 2 1 0 0 0 0 0 0 0 0 0 0
"159" 159 0.0125523012552 416 34 24 7 5 4 3 3 2 1 1 0 0 0 0 0 0 0 0 0
"160" 160 0.26368159204 219 80 56 41 35 32 15 5 5 4 3 2 2 1 0 0 0 0 0 0
"161" 161 0.261627906977 212 126 80 27 17 13 5 5 4 3 3 2 1 1 1 0 0 0 0 0
"162" 162 0.0 254 103 57 28 21 16 9 5 4 3 0 0 0 0 0 0 0 0 0 0
"163" 163 0.0 364 67 18 15 10 10 5 3 2 2 2 1 1 0 0 0 0 0 0 0
"164" 164 0.317518248175 237 105 68 23 16 15 15 8 4 3 2 1 1 1 1 0 0 0 0 0
"165" 165 0.134529147982 127 107 75 74 44 25 11 7 7 6 5 5 4 2 1 0 0 0 0 0
"166" 166 0.0 196 64 61 48 42 42 23 9 8 6 1 0 0 0 0 0 0 0 0 0
"167" 167 0.177215189873 161 79 75 67 36 32 19 11 6 6 4 3 1 0 0 0 0 0 0 0
"168" 168 0.651785714286 137 105 79 55 42 20 18 12 9 9 7 5 2 0 0 0 0 0 0 0
"169" 169 0.490066225166 169 104 39 29 26 22 20 19 17 12 10 8 8 8 5 3 1 0 0 0
"170" 170 0.160550458716 122 120 71 41 32 23 16 16 16 16 14 5 4 2 1 1 0 0 0 0
"171" 171 0.417218543046 136 81 67 36 35 29 28 23 22 19 11 10 1 1 1 0 0 0 0 0
"172" 172 0.547085201794 148 105 89 67 37 21 11 10 4 3 2 1 1 1 0 0 0 0 0 0
"173" 173 0.690582959641 199 121 60 47 36 11 8 7 4 4 1 1 1 0 0 0 0 0 0 0
"174" 174 0.323076923077 117 107 51 42 41 35 31 18 14 13 11 11 4 4 1 0 0 0 0 0
"175" 175 0.0845771144279 293 70 62 21 18 11 9 8 4 3 1 0 0 0 0 0 0 0 0 0
"176" 176 0.364102564103 99 93 71 71 48 34 26 25 15 6 5 4 2 1 0 0 0 0 0 0
"177" 177 0.441964285714 159 144 32 31 30 24 22 18 16 14 4 3 2 1 0 0 0 0 0 0
"178" 178 0.0523255813953 124 111 63 42 31 26 25 24 23 9 6 4 4 3 2 2 1 0 0 0
"179" 179 0.0523255813953 175 130 50 32 30 22 16 12 7 7 7 4 4 2 1 1 0 0 0 0
"180" 180 0.27802690583 267 56 56 48 12 11 11 8 6 5 5 3 3 3 3 1 1 1 0 0
"181" 181 0.654008438819 169 163 50 37 35 22 8 5 4 4 2 1 0 0 0 0 0 0 0 0
"182" 182 0.443037974684 182 157 69 26 26 9 8 7 7 6 1 1 1 0 0 0 0 0 0 0
"183" 183 0.504464285714 188 114 59 42 28 20 15 8 7 6 4 3 1 1 1 1 1 1 0 0
"184" 184 0.694300518135 390 29 18 15 14 12 9 5 4 1 1 1 1 0 0 0 0 0 0 0
"185" 185 0.459915611814 127 82 52 52 47 37 25 24 20 16 9 8 1 0 0 0 0 0 0 0
"186" 186 0.586538461538 490 10 0 0 0 0 0 0 0 0 0 0 0 0 0 0 0 0 0 0
"187" 187 0.692307692308 139 98 54 47 32 32 21 20 15 12 7 7 6 6 2 2 0 0 0 0
"188" 188 0.701149425287 113 101 81 74 34 28 21 20 9 5 5 4 2 2 1 0 0 0 0 0
"189" 189 0.579487179487 229 91 43 29 28 19 18 14 5 4 4 3 3 3 2 2 2 1 0 0
"190" 190 0.786069651741 94 71 67 56 47 39 36 24 23 23 13 6 1 0 0 0 0 0 0 0
"191" 191 0.835443037975 319 39 34 34 24 19 9 8 8 5 1 0 0 0 0 0 0 0 0 0
"192" 192 0.423076923077 212 73 51 42 34 17 13 13 12 11 9 6 4 1 1 1 0 0 0 0
"193" 193 1.05381165919 378 64 23 14 9 8 2 1 1 0 0 0 0 0 0 0 0 0 0 0
