"site" "RSA" "aa1" "aa2" "aa3" "aa4" "aa5" "aa6" "aa7" "aa8" "aa9" "aa10" "aa11" "aa12" "aa13" "aa14" "aa15" "aa16" "aa17" "aa18" "aa19" "aa20"
"0" 0 0.230769230769 500 0 0 0 0 0 0 0 0 0 0 0 0 0 0 0 0 0 0 0
"1" 1 0.558974358974 111 93 93 71 50 27 13 11 10 9 4 4 2 1 1 0 0 0 0 0
"2" 2 0.43654822335 83 79 54 48 47 44 42 40 29 15 6 5 5 3 0 0 0 0 0 0
"3" 3 0.071129707113 152 112 94 36 33 20 15 11 7 6 5 4 2 2 1 0 0 0 0 0
"4" 4 0.0697674418605 188 92 70 49 27 26 15 8 5 4 4 4 3 3 1 1 0 0 0 0
"5" 5 0.507692307692 127 111 100 48 29 19 13 13 11 8 8 6 4 3 0 0 0 0 0 0
"6" 6 0.0945273631841 330 72 22 12 12 12 11 11 5 4 3 2 2 1 1 0 0 0 0 0
"7" 7 0.0 198 132 54 49 33 8 8 6 5 3 2 1 1 0 0 0 0 0 0 0
"8" 8 0.447257383966 212 95 38 31 31 21 15 14 13 7 6 6 4 3 3 1 0 0 0 0
"9" 9 0.528846153846 177 66 51 41 38 21 20 16 16 14 13 10 5 4 3 2 2 1 0 0
"10" 10 0.134328358209 280 38 37 35 31 17 11 10 8 8 7 7 6 2 2 1 0 0 0 0
"11" 11 0.317991631799 239 104 60 20 19 13 11 11 10 7 2 1 1 1 1 0 0 0 0 0
"12" 12 0.615384615385 101 87 81 49 48 48 33 16 13 9 7 6 2 0 0 0 0 0 0 0
"13" 13 0.573839662447 287 166 15 9 7 6 4 4 2 0 0 0 0 0 0 0 0 0 0 0
"14" 14 0.772151898734 151 77 53 43 38 33 27 26 10 9 9 8 7 6 3 0 0 0 0 0
"15" 15 0.352678571429 148 120 97 59 32 25 9 2 2 2 2 1 1 0 0 0 0 0 0 0
"16" 16 0.0596330275229 81 80 46 45 42 38 38 24 17 16 16 15 14 14 10 2 2 0 0 0
"17" 17 0.120437956204 106 102 78 39 35 29 26 25 17 12 10 9 7 2 2 1 0 0 0 0
"18" 18 0.0 123 103 76 42 39 31 27 26 11 10 9 1 1 1 0 0 0 0 0 0
"19" 19 0.0 267 81 41 37 37 6 6 5 5 4 4 3 1 1 1 1 0 0 0 0
"20" 20 0.0 112 109 108 49 33 22 20 14 12 11 5 3 2 0 0 0 0 0 0 0
"21" 21 0.0 174 123 48 27 23 22 16 15 8 8 6 6 5 5 5 5 4 0 0 0
"22" 22 0.0 497 3 0 0 0 0 0 0 0 0 0 0 0 0 0 0 0 0 0 0
"23" 23 0.0696517412935 206 84 83 32 21 19 16 9 6 5 5 5 3 3 1 1 1 0 0 0
"24" 24 0.424870466321 273 64 32 29 23 13 13 12 8 7 6 6 5 5 3 1 0 0 0 0
"25" 25 0.527131782946 407 86 3 2 1 1 0 0 0 0 0 0 0 0 0 0 0 0 0 0
"26" 26 0.015503875969 300 122 39 18 7 6 4 2 1 1 0 0 0 0 0 0 0 0 0 0
"27" 27 0.115384615385 495 3 2 0 0 0 0 0 0 0 0 0 0 0 0 0 0 0 0 0
"28" 28 0.0295358649789 106 98 80 65 42 29 25 19 12 9 8 3 2 1 1 0 0 0 0 0
"29" 29 0.348837209302 218 86 33 29 24 22 21 12 12 11 8 8 7 5 4 0 0 0 0 0
"30" 30 0.343023255814 79 77 73 65 53 53 34 18 11 10 9 8 7 2 1 0 0 0 0 0
"31" 31 0.010152284264 141 138 46 36 31 27 17 17 14 10 7 7 5 1 1 1 1 0 0 0
"32" 32 0.00995024875622 283 63 54 36 29 13 8 5 4 3 1 1 0 0 0 0 0 0 0 0
"33" 33 0.608365019011 147 95 76 56 40 14 14 12 12 8 8 8 4 2 2 2 0 0 0 0
"34" 34 0.345991561181 74 72 46 45 43 42 29 28 28 24 20 18 11 11 4 3 1 1 0 0
"35" 35 0.0199004975124 123 104 88 50 37 28 21 21 13 5 5 3 1 1 0 0 0 0 0 0
"36" 36 0.573839662447 377 31 27 26 16 8 8 4 1 1 1 0 0 0 0 0 0 0 0 0
"37" 37 0.0547263681592 234 62 44 38 37 15 15 11 10 8 7 7 6 3 3 0 0 0 0 0
"38" 38 0.394230769231 479 11 3 2 2 1 1 1 0 0 0 0 0 0 0 0 0 0 0 0
"39" 39 0.705357142857 201 67 50 42 34 29 19 17 13 9 8 6 4 1 0 0 0 0 0 0
"40" 40 0.248730964467 255 117 41 26 24 12 6 6 4 4 2 1 1 1 0 0 0 0 0 0
"41" 41 0.396551724138 118 90 64 62 45 31 26 21 11 9 8 7 4 2 2 0 0 0 0 0
"42" 42 0.453488372093 82 64 57 40 38 34 31 31 26 23 19 16 15 9 8 5 1 1 0 0
"43" 43 0.401162790698 111 80 68 56 45 40 23 19 16 13 12 6 6 3 1 1 0 0 0 0
"44" 44 0.502538071066 119 72 62 56 43 41 31 14 12 12 11 8 7 7 4 1 0 0 0 0
"45" 45 0.295597484277 189 72 55 44 40 30 23 14 6 6 5 4 3 3 2 2 1 1 0 0
"46" 46 0.279069767442 111 88 78 71 33 23 16 15 12 11 10 10 7 7 3 3 2 0 0 0
"47" 47 0.680203045685 198 164 63 38 15 7 5 4 3 2 1 0 0 0 0 0 0 0 0 0
"48" 48 0.471153846154 478 22 0 0 0 0 0 0 0 0 0 0 0 0 0 0 0 0 0 0
"49" 49 0.0209205020921 146 97 38 33 32 31 26 20 19 17 12 8 7 6 5 2 1 0 0 0
"50" 50 0.466666666667 85 77 51 47 39 38 31 30 28 27 26 7 5 4 3 2 0 0 0 0
"51" 51 0.0 70 63 56 45 42 41 39 36 27 20 18 14 11 6 6 5 1 0 0 0
"52" 52 0.133928571429 107 105 84 66 24 20 19 17 14 12 8 7 6 6 5 0 0 0 0 0
"53" 53 0.21511627907 104 93 71 43 37 27 24 23 19 15 13 13 7 6 4 1 0 0 0 0
"54" 54 0.0172413793103 180 136 57 44 21 18 16 8 7 4 4 3 1 1 0 0 0 0 0 0
"55" 55 0.540178571429 82 77 56 53 50 38 35 32 32 19 7 6 6 4 2 1 0 0 0 0
"56" 56 0.239543726236 172 142 49 47 35 17 14 11 5 3 2 2 1 0 0 0 0 0 0 0
"57" 57 0.409282700422 496 2 1 1 0 0 0 0 0 0 0 0 0 0 0 0 0 0 0 0
"58" 58 0.0769230769231 140 115 41 38 31 22 17 16 14 12 11 10 8 7 5 5 4 3 1 0
"59" 59 0.0 91 73 55 53 38 36 34 34 27 15 12 11 9 6 4 2 0 0 0 0
"60" 60 0.0198675496689 111 91 86 68 29 29 18 15 10 9 8 8 7 5 5 1 0 0 0 0
"61" 61 0.00418410041841 166 116 65 31 25 24 14 14 11 8 7 5 5 5 4 0 0 0 0 0
"62" 62 0.00581395348837 105 101 62 42 36 35 27 21 20 18 13 9 5 4 1 1 0 0 0 0
"63" 63 0.0 112 103 69 63 49 44 25 9 8 6 5 4 1 1 1 0 0 0 0 0
"64" 64 0.0106382978723 101 88 78 72 44 28 20 16 15 15 6 6 5 3 2 1 0 0 0 0
"65" 65 0.419689119171 108 79 48 46 45 38 37 24 20 14 9 9 9 7 3 2 1 1 0 0
"66" 66 0.051724137931 107 72 54 50 46 38 35 24 20 17 13 7 6 3 3 3 2 0 0 0
"67" 67 0.298076923077 496 2 1 1 0 0 0 0 0 0 0 0 0 0 0 0 0 0 0 0
"68" 68 0.634615384615 370 118 10 1 1 0 0 0 0 0 0 0 0 0 0 0 0 0 0 0
"69" 69 0.165919282511 143 80 50 37 30 30 23 22 21 21 14 9 7 4 3 3 2 1 0 0
"70" 70 0.373056994819 137 101 76 63 18 15 14 13 12 11 10 8 8 7 4 2 1 0 0 0
"71" 71 0.637130801688 148 97 79 57 32 30 9 9 8 7 6 5 3 3 2 2 2 1 0 0
"72" 72 0.558375634518 97 74 73 58 57 49 28 15 13 8 7 7 4 4 3 3 0 0 0 0
"73" 73 0.543795620438 234 49 39 35 33 23 17 15 14 12 11 6 5 3 2 1 1 0 0 0
"74" 74 0.220125786164 135 109 58 44 41 30 19 18 16 11 4 3 3 3 2 2 1 1 0 0
"75" 75 0.26368159204 176 110 53 28 26 20 17 16 15 13 9 6 4 4 3 0 0 0 0 0
"76" 76 0.0780141843972 158 83 69 56 40 34 25 9 7 6 4 3 2 2 1 1 0 0 0 0
"77" 77 0.448905109489 115 76 59 53 46 43 42 16 12 10 9 9 5 4 1 0 0 0 0 0
"78" 78 0.66985645933 88 71 71 54 48 43 42 33 18 15 6 5 3 2 1 0 0 0 0 0
"79" 79 0.167300380228 72 67 64 61 55 54 54 32 21 5 4 4 3 2 1 1 0 0 0 0
"80" 80 0.00836820083682 144 120 46 42 33 25 24 20 14 13 12 2 2 1 1 1 0 0 0 0
"81" 81 0.461883408072 200 122 67 28 25 18 18 11 5 3 2 1 0 0 0 0 0 0 0 0
"82" 82 0.189743589744 160 65 60 60 54 42 17 15 9 5 5 3 3 1 1 0 0 0 0 0
"83" 83 0.0232558139535 197 119 77 41 23 22 11 7 2 1 0 0 0 0 0 0 0 0 0 0
"84" 84 0.313901345291 191 99 90 20 20 16 16 11 9 6 6 5 5 5 1 0 0 0 0 0
"85" 85 0.0 119 102 82 66 31 20 18 17 14 13 8 4 3 2 1 0 0 0 0 0
"86" 86 0.0149253731343 138 137 54 40 31 23 16 15 14 9 7 6 3 3 3 1 0 0 0 0
"87" 87 0.010152284264 165 163 82 25 20 17 10 7 4 3 1 1 1 1 0 0 0 0 0 0
"88" 88 0.00418410041841 232 126 106 13 7 4 4 3 2 2 1 0 0 0 0 0 0 0 0 0
"89" 89 0.0 201 106 84 26 24 16 11 11 9 4 3 3 1 1 0 0 0 0 0 0
"90" 90 0.0402298850575 217 86 70 43 28 17 15 4 4 4 4 2 2 2 1 1 0 0 0 0
"91" 91 0.145077720207 358 51 29 26 16 8 3 2 2 2 1 1 1 0 0 0 0 0 0 0
"92" 92 0.0 333 99 20 16 12 11 6 2 1 0 0 0 0 0 0 0 0 0 0 0
"93" 93 0.230769230769 116 97 73 59 35 34 17 12 11 10 10 6 5 5 4 4 2 0 0 0
"94" 94 0.150259067358 445 14 10 9 5 5 3 3 2 1 1 1 1 0 0 0 0 0 0 0
"95" 95 0.379562043796 101 88 55 46 43 40 27 26 23 21 17 5 4 2 2 0 0 0 0 0
"96" 96 0.638392857143 117 88 81 54 48 40 27 21 8 7 3 3 2 1 0 0 0 0 0 0
"97" 97 0.288321167883 157 101 63 58 39 34 13 8 8 7 6 3 2 1 0 0 0 0 0 0
"98" 98 0.0459770114943 146 99 47 39 31 29 27 19 17 14 12 7 4 4 2 2 1 0 0 0
"99" 99 0.507692307692 102 59 57 45 43 40 31 29 28 22 18 17 9 0 0 0 0 0 0 0
"100" 100 0.272321428571 98 68 52 47 46 46 39 39 19 16 8 8 5 4 3 1 1 0 0 0
"101" 101 0.0232558139535 84 83 82 81 37 27 24 22 15 14 12 8 5 2 2 2 0 0 0 0
"102" 102 0.332116788321 135 110 62 45 31 23 19 15 14 9 9 8 8 5 4 2 1 0 0 0
"103" 103 0.419642857143 136 132 61 45 29 27 23 14 9 9 7 2 2 2 1 1 0 0 0 0
"104" 104 0.03125 118 88 46 45 42 37 31 14 14 14 12 11 10 7 6 3 2 0 0 0
"105" 105 0.0 198 78 71 39 25 15 12 12 10 10 9 7 5 4 4 1 0 0 0 0
"106" 106 0.238532110092 159 101 46 41 35 29 20 14 14 12 9 7 4 3 3 2 1 0 0 0
"107" 107 0.474452554745 138 90 65 48 30 28 22 17 16 15 11 10 4 3 2 1 0 0 0 0
"108" 108 0.0229357798165 115 106 70 43 41 28 21 17 16 7 7 7 6 5 5 4 1 1 0 0
"109" 109 0.0696517412935 184 62 54 30 25 24 23 22 18 16 12 9 5 5 4 3 2 2 0 0
"110" 110 0.581395348837 104 72 62 54 53 53 43 17 11 9 9 6 5 1 1 0 0 0 0 0
"111" 111 0.232142857143 106 56 47 44 44 31 28 27 27 19 18 13 10 10 7 7 4 2 0 0
"112" 112 0.678756476684 117 93 75 63 45 45 34 12 6 4 3 3 0 0 0 0 0 0 0 0
"113" 113 0.428571428571 123 80 61 59 29 26 25 23 23 10 10 9 7 7 5 3 0 0 0 0
"114" 114 0.00497512437811 306 59 28 20 18 17 14 9 9 7 6 4 1 1 1 0 0 0 0 0
"115" 115 0.448905109489 191 110 60 32 19 17 13 13 13 6 6 6 5 4 3 1 1 0 0 0
"116" 116 0.642487046632 113 105 80 73 36 27 19 16 13 8 4 4 2 0 0 0 0 0 0 0
"117" 117 0.0232558139535 327 85 31 29 10 7 3 2 2 1 1 1 1 0 0 0 0 0 0 0
"118" 118 0.0114942528736 149 67 62 55 42 31 21 20 12 11 6 5 5 4 4 3 3 0 0 0
"119" 119 0.00497512437811 181 121 63 31 26 23 19 7 7 5 5 5 3 1 1 1 1 0 0 0
"120" 120 0.0 238 76 61 49 31 17 7 6 4 3 3 2 2 1 0 0 0 0 0 0
"121" 121 0.0 174 128 86 85 6 4 4 3 3 2 2 1 1 1 0 0 0 0 0 0
"122" 122 0.00418410041841 206 139 67 35 17 16 4 4 3 3 2 2 1 1 0 0 0 0 0 0
"123" 123 0.0 189 74 63 50 35 30 26 13 9 8 1 1 1 0 0 0 0 0 0 0
"124" 124 0.025641025641 211 92 84 53 22 18 11 3 2 1 1 1 1 0 0 0 0 0 0 0
"125" 125 0.227848101266 196 141 58 32 31 23 7 5 4 2 1 0 0 0 0 0 0 0 0 0
"126" 126 0.22869955157 255 61 28 25 24 22 22 16 11 10 9 4 4 3 3 2 1 0 0 0
"127" 127 0.538860103627 185 49 48 41 39 26 25 15 15 13 11 10 7 7 7 1 1 0 0 0
"128" 128 0.298507462687 84 75 63 59 54 48 27 22 19 19 12 8 3 2 2 2 1 0 0 0
"129" 129 0.805031446541 421 61 16 2 0 0 0 0 0 0 0 0 0 0 0 0 0 0 0 0
"130" 130 0.476923076923 262 83 48 47 15 11 11 6 6 5 4 2 0 0 0 0 0 0 0 0
"131" 131 0.147286821705 265 207 20 2 2 2 1 1 0 0 0 0 0 0 0 0 0 0 0 0
"132" 132 0.0229357798165 93 82 71 61 38 34 30 24 22 14 8 7 5 3 2 2 2 1 1 0
"133" 133 0.415384615385 176 65 59 52 44 35 30 12 12 5 3 3 2 2 0 0 0 0 0 0
"134" 134 0.22480620155 139 108 57 53 30 29 23 13 13 10 9 5 3 3 2 2 1 0 0 0
"135" 135 0.527131782946 143 122 93 40 31 25 13 11 8 6 5 2 1 0 0 0 0 0 0 0
"136" 136 0.330357142857 95 74 64 54 40 38 37 30 25 19 13 5 4 1 1 0 0 0 0 0
"137" 137 0.0 85 83 78 46 39 34 30 28 26 17 11 7 6 3 3 2 2 0 0 0
"138" 138 0.0813953488372 165 115 68 32 31 27 21 9 8 5 4 3 3 3 3 2 1 0 0 0
"139" 139 0.668393782383 132 79 56 52 51 44 25 20 12 7 5 5 4 4 3 1 0 0 0 0
"140" 140 0.481012658228 77 73 48 46 42 41 33 29 29 21 16 15 14 6 4 3 3 0 0 0
"141" 141 0.0 234 175 27 25 10 7 5 4 4 4 1 1 1 1 1 0 0 0 0 0
"142" 142 0.125 280 73 34 33 25 18 11 10 8 6 2 0 0 0 0 0 0 0 0 0
"143" 143 0.0 310 42 29 23 22 22 12 11 6 6 4 3 3 3 3 1 0 0 0 0
"144" 144 0.626794258373 82 60 54 53 46 46 38 32 29 22 17 15 5 1 0 0 0 0 0 0
"145" 145 0.516556291391 113 87 83 52 36 32 31 22 11 9 8 7 7 2 0 0 0 0 0 0
"146" 146 0.124378109453 231 68 64 32 29 17 13 13 10 9 6 4 3 1 0 0 0 0 0 0
"147" 147 0.678832116788 189 97 75 41 29 29 23 11 3 1 1 1 0 0 0 0 0 0 0 0
"148" 148 0.918660287081 311 189 0 0 0 0 0 0 0 0 0 0 0 0 0 0 0 0 0 0
"149" 149 0.109489051095 113 83 52 47 39 33 30 29 15 14 13 9 7 6 4 3 3 0 0 0
"150" 150 0.348717948718 101 88 76 44 32 27 20 16 15 15 14 13 13 11 7 7 1 0 0 0
"151" 151 0.191489361702 253 115 66 45 7 6 2 2 1 1 1 1 0 0 0 0 0 0 0 0
"152" 152 0.307984790875 291 56 54 27 21 19 10 6 5 3 2 2 2 1 1 0 0 0 0 0
"153" 153 0.147208121827 142 101 86 44 33 28 21 18 15 7 2 2 1 0 0 0 0 0 0 0
"154" 154 0.116591928251 219 59 48 47 27 22 19 17 17 8 6 4 3 2 2 0 0 0 0 0
"155" 155 0.279069767442 215 62 58 51 32 20 17 15 10 8 6 2 2 1 1 0 0 0 0 0
"156" 156 0.0 191 126 88 33 33 10 8 4 4 2 1 0 0 0 0 0 0 0 0 0
"157" 157 0.0443037974684 148 102 47 39 38 27 26 13 11 9 8 7 6 6 5 5 3 0 0 0
"158" 158 0.0232558139535 164 114 48 43 23 19 17 16 12 11 9 7 5 5 2 2 2 1 0 0
"159" 159 0.540697674419 106 82 52 50 46 42 29 26 15 13 11 10 6 6 3 2 1 0 0 0
"160" 160 0.556291390728 104 86 72 66 42 35 25 21 21 13 7 5 2 1 0 0 0 0 0 0
"161" 161 0.221153846154 488 7 1 1 1 1 1 0 0 0 0 0 0 0 0 0 0 0 0 0
"162" 162 0.528497409326 323 58 52 16 12 8 8 7 4 4 3 3 1 1 0 0 0 0 0 0
"163" 163 0.0 500 0 0 0 0 0 0 0 0 0 0 0 0 0 0 0 0 0 0 0
"164" 164 0.00497512437811 232 57 57 39 28 27 27 8 8 4 4 3 3 2 1 0 0 0 0 0
"165" 165 0.319391634981 160 98 82 73 23 19 12 9 8 7 5 2 1 1 0 0 0 0 0 0
"166" 166 0.370535714286 99 73 72 59 57 38 37 33 23 3 2 2 1 1 0 0 0 0 0 0
"167" 167 0.0 234 178 73 5 4 3 1 1 1 0 0 0 0 0 0 0 0 0 0 0
"168" 168 0.0149253731343 151 149 53 40 32 18 12 12 7 7 5 4 4 2 2 1 1 0 0 0
"169" 169 0.331606217617 156 85 78 57 28 28 21 19 16 6 2 1 1 1 1 0 0 0 0 0
"170" 170 0.131205673759 319 31 27 23 12 12 11 10 10 10 9 6 6 5 3 3 2 1 0 0
"171" 171 0.0 163 128 70 29 29 23 20 19 9 3 2 2 1 1 1 0 0 0 0 0
"172" 172 0.0662251655629 314 59 24 19 12 11 10 10 10 9 8 4 3 3 2 1 1 0 0 0
"173" 173 0.353846153846 132 77 67 65 31 27 22 18 17 16 13 5 5 3 1 1 0 0 0 0
"174" 174 0.125560538117 107 83 66 43 31 25 24 22 22 20 16 16 11 6 4 2 2 0 0 0
"175" 175 0.044776119403 239 43 30 29 27 26 23 18 15 14 9 6 6 5 4 3 2 1 0 0
"176" 176 0.204379562044 131 90 56 43 31 24 22 19 18 13 12 8 8 8 5 5 5 2 0 0
"177" 177 0.651282051282 77 67 57 53 48 45 45 37 32 11 10 9 5 2 1 1 0 0 0 0
"178" 178 0.452914798206 218 61 51 44 24 21 18 16 13 11 9 6 4 2 1 1 0 0 0 0
"179" 179 1.03797468354 179 79 73 66 26 23 18 17 13 4 2 0 0 0 0 0 0 0 0 0
