"site" "RSA" "aa1" "aa2" "aa3" "aa4" "aa5" "aa6" "aa7" "aa8" "aa9" "aa10" "aa11" "aa12" "aa13" "aa14" "aa15" "aa16" "aa17" "aa18" "aa19" "aa20"
"0" 0 0.773255813953 186 146 60 25 19 19 19 18 5 2 1 0 0 0 0 0 0 0 0 0
"1" 1 0.313432835821 394 28 19 16 9 8 8 6 6 3 2 1 0 0 0 0 0 0 0 0
"2" 2 0.15611814346 267 123 59 27 14 4 2 2 1 1 0 0 0 0 0 0 0 0 0 0
"3" 3 0.0 289 83 60 55 9 2 2 0 0 0 0 0 0 0 0 0 0 0 0 0
"4" 4 0.0 357 143 0 0 0 0 0 0 0 0 0 0 0 0 0 0 0 0 0 0
"5" 5 0.0 329 99 16 15 13 11 6 4 2 2 1 1 1 0 0 0 0 0 0 0
"6" 6 0.046357615894 345 108 32 9 2 1 1 1 1 0 0 0 0 0 0 0 0 0 0 0
"7" 7 0.0 429 29 20 9 7 2 2 1 1 0 0 0 0 0 0 0 0 0 0 0
"8" 8 0.149253731343 230 140 31 26 24 13 12 11 5 3 2 2 1 0 0 0 0 0 0 0
"9" 9 0.31007751938 266 110 31 30 25 22 7 5 4 0 0 0 0 0 0 0 0 0 0 0
"10" 10 0.108527131783 408 72 16 3 1 0 0 0 0 0 0 0 0 0 0 0 0 0 0 0
"11" 11 0.383419689119 447 22 18 11 1 1 0 0 0 0 0 0 0 0 0 0 0 0 0 0
"12" 12 0.422053231939 161 75 63 56 36 34 31 23 11 8 1 1 0 0 0 0 0 0 0 0
"13" 13 0.635658914729 434 25 20 10 5 3 3 0 0 0 0 0 0 0 0 0 0 0 0 0
"14" 14 0.420512820513 331 71 46 15 12 10 6 5 2 2 0 0 0 0 0 0 0 0 0 0
"15" 15 0.1589958159 159 102 71 67 36 19 18 10 9 4 2 1 1 1 0 0 0 0 0 0
"16" 16 0.341085271318 204 190 80 17 4 2 1 1 1 0 0 0 0 0 0 0 0 0 0 0
"17" 17 0.370860927152 340 103 25 12 7 5 3 3 1 1 0 0 0 0 0 0 0 0 0 0
"18" 18 0.0580357142857 413 35 23 16 8 2 1 1 1 0 0 0 0 0 0 0 0 0 0 0
"19" 19 0.0 439 37 8 5 4 4 3 0 0 0 0 0 0 0 0 0 0 0 0 0
"20" 20 0.364341085271 151 113 91 63 30 25 17 3 2 2 1 1 1 0 0 0 0 0 0 0
"21" 21 0.215328467153 382 60 35 12 5 3 1 1 1 0 0 0 0 0 0 0 0 0 0 0
"22" 22 0.0 180 129 39 39 32 25 23 10 9 6 5 2 1 0 0 0 0 0 0 0
"23" 23 0.3125 263 106 88 29 6 4 2 1 1 0 0 0 0 0 0 0 0 0 0 0
"24" 24 0.620535714286 364 34 31 25 14 11 11 6 3 1 0 0 0 0 0 0 0 0 0 0
"25" 25 0.0988372093023 296 193 11 0 0 0 0 0 0 0 0 0 0 0 0 0 0 0 0 0
"26" 26 0.373056994819 266 82 41 35 22 16 14 11 4 4 3 1 1 0 0 0 0 0 0 0
"27" 27 0.0232558139535 411 73 12 2 1 1 0 0 0 0 0 0 0 0 0 0 0 0 0 0
"28" 28 0.272321428571 253 141 39 17 12 11 10 5 5 4 3 0 0 0 0 0 0 0 0 0
"29" 29 0.0456273764259 250 104 86 26 16 6 6 5 1 0 0 0 0 0 0 0 0 0 0 0
"30" 30 0.0 185 137 73 58 23 17 4 2 1 0 0 0 0 0 0 0 0 0 0 0
"31" 31 0.0 251 170 73 4 1 1 0 0 0 0 0 0 0 0 0 0 0 0 0 0
"32" 32 0.0 494 3 2 1 0 0 0 0 0 0 0 0 0 0 0 0 0 0 0 0
"33" 33 0.0310880829016 170 138 92 57 26 8 4 3 2 0 0 0 0 0 0 0 0 0 0 0
"34" 34 0.0406091370558 451 29 15 4 1 0 0 0 0 0 0 0 0 0 0 0 0 0 0 0
"35" 35 0.0366972477064 297 124 25 17 15 10 7 5 0 0 0 0 0 0 0 0 0 0 0 0
"36" 36 0.165803108808 500 0 0 0 0 0 0 0 0 0 0 0 0 0 0 0 0 0 0 0
"37" 37 0.211538461538 500 0 0 0 0 0 0 0 0 0 0 0 0 0 0 0 0 0 0 0
"38" 38 0.650224215247 231 149 62 32 12 9 3 1 1 0 0 0 0 0 0 0 0 0 0 0
"39" 39 0.171548117155 319 141 38 2 0 0 0 0 0 0 0 0 0 0 0 0 0 0 0 0
"40" 40 0.0459770114943 365 121 14 0 0 0 0 0 0 0 0 0 0 0 0 0 0 0 0 0
"41" 41 0.635220125786 350 60 39 37 14 0 0 0 0 0 0 0 0 0 0 0 0 0 0 0
"42" 42 0.45641025641 158 134 84 75 29 9 4 3 2 1 1 0 0 0 0 0 0 0 0 0
"43" 43 0.664974619289 178 170 99 33 17 1 1 1 0 0 0 0 0 0 0 0 0 0 0 0
"44" 44 0.198675496689 454 25 21 0 0 0 0 0 0 0 0 0 0 0 0 0 0 0 0 0
"45" 45 0.0962343096234 242 128 114 7 6 2 1 0 0 0 0 0 0 0 0 0 0 0 0 0
"46" 46 0.307692307692 263 120 38 38 33 4 2 2 0 0 0 0 0 0 0 0 0 0 0 0
"47" 47 0.131782945736 220 184 38 23 18 11 2 2 2 0 0 0 0 0 0 0 0 0 0 0
"48" 48 0.740932642487 114 106 90 71 62 22 14 14 7 0 0 0 0 0 0 0 0 0 0 0
"49" 49 0.252873563218 134 122 84 71 33 21 15 13 4 2 1 0 0 0 0 0 0 0 0 0
"50" 50 0.0 352 66 27 16 13 10 7 5 4 0 0 0 0 0 0 0 0 0 0 0
"51" 51 0.294573643411 201 187 53 21 13 12 6 3 2 2 0 0 0 0 0 0 0 0 0 0
"52" 52 0.483443708609 165 75 73 52 48 36 35 14 1 1 0 0 0 0 0 0 0 0 0 0
"53" 53 0.0137614678899 174 86 49 45 32 28 27 24 12 9 8 2 2 1 1 0 0 0 0 0
"54" 54 0.189781021898 386 46 16 11 10 10 7 4 4 3 2 1 0 0 0 0 0 0 0 0
"55" 55 0.675105485232 246 85 83 35 13 11 8 7 6 3 2 1 0 0 0 0 0 0 0 0
"56" 56 0.377990430622 246 166 46 26 6 5 3 2 0 0 0 0 0 0 0 0 0 0 0 0
"57" 57 0.0596026490066 478 9 6 5 1 1 0 0 0 0 0 0 0 0 0 0 0 0 0 0
"58" 58 0.759493670886 312 75 44 39 13 12 4 1 0 0 0 0 0 0 0 0 0 0 0 0
"59" 59 0.144278606965 390 86 17 3 2 1 1 0 0 0 0 0 0 0 0 0 0 0 0 0
"60" 60 0.224137931034 202 79 78 45 34 20 19 12 7 3 1 0 0 0 0 0 0 0 0 0
"61" 61 0.0 483 6 4 4 3 0 0 0 0 0 0 0 0 0 0 0 0 0 0 0
"62" 62 0.0 223 217 24 21 4 3 3 2 2 1 0 0 0 0 0 0 0 0 0 0
"63" 63 0.0 248 178 35 19 12 6 1 1 0 0 0 0 0 0 0 0 0 0 0 0
"64" 64 0.0 277 175 13 12 10 6 5 1 1 0 0 0 0 0 0 0 0 0 0 0
"65" 65 0.0 170 157 113 28 19 5 5 2 1 0 0 0 0 0 0 0 0 0 0 0
"66" 66 0.0137614678899 419 20 14 12 9 8 6 5 5 1 1 0 0 0 0 0 0 0 0 0
"67" 67 0.0114942528736 152 107 81 42 39 35 27 14 3 0 0 0 0 0 0 0 0 0 0 0
"68" 68 0.241379310345 267 190 13 13 6 6 3 2 0 0 0 0 0 0 0 0 0 0 0 0
"69" 69 0.414507772021 456 22 13 4 2 2 1 0 0 0 0 0 0 0 0 0 0 0 0 0
"70" 70 0.0062893081761 279 154 39 23 5 0 0 0 0 0 0 0 0 0 0 0 0 0 0 0
"71" 71 0.200892857143 348 56 42 33 9 8 3 1 0 0 0 0 0 0 0 0 0 0 0 0
"72" 72 0.481751824818 339 101 25 16 11 5 3 0 0 0 0 0 0 0 0 0 0 0 0 0
"73" 73 0.304182509506 234 212 17 14 8 5 3 3 2 2 0 0 0 0 0 0 0 0 0 0
"74" 74 0.0114942528736 302 60 53 44 24 15 1 1 0 0 0 0 0 0 0 0 0 0 0 0
"75" 75 0.464285714286 214 130 78 15 14 13 10 10 6 5 2 1 1 1 0 0 0 0 0 0
"76" 76 0.325581395349 149 88 62 35 35 34 31 25 23 10 5 3 0 0 0 0 0 0 0 0
"77" 77 0.00836820083682 284 130 63 13 7 2 1 0 0 0 0 0 0 0 0 0 0 0 0 0
"78" 78 0.22480620155 417 28 24 12 8 3 3 2 2 1 0 0 0 0 0 0 0 0 0 0
"79" 79 0.681614349776 195 75 70 53 48 33 20 3 2 1 0 0 0 0 0 0 0 0 0 0
"80" 80 0.0697674418605 495 5 0 0 0 0 0 0 0 0 0 0 0 0 0 0 0 0 0 0
"81" 81 0.182692307692 500 0 0 0 0 0 0 0 0 0 0 0 0 0 0 0 0 0 0 0
"82" 82 0.0542635658915 287 212 1 0 0 0 0 0 0 0 0 0 0 0 0 0 0 0 0 0
"83" 83 0.305699481865 481 18 1 0 0 0 0 0 0 0 0 0 0 0 0 0 0 0 0 0
"84" 84 0.0152284263959 215 151 45 39 23 17 4 4 1 1 0 0 0 0 0 0 0 0 0 0
"85" 85 0.0 193 118 87 35 28 27 4 3 3 1 1 0 0 0 0 0 0 0 0 0
"86" 86 0.0 320 50 43 40 39 8 0 0 0 0 0 0 0 0 0 0 0 0 0 0
"87" 87 0.010152284264 264 106 85 41 2 2 0 0 0 0 0 0 0 0 0 0 0 0 0 0
"88" 88 0.0 329 111 48 5 4 2 1 0 0 0 0 0 0 0 0 0 0 0 0 0
"89" 89 0.127906976744 290 58 53 35 19 14 12 8 5 4 1 1 0 0 0 0 0 0 0 0
"90" 90 0.272321428571 322 63 38 25 24 17 5 3 1 1 1 0 0 0 0 0 0 0 0 0
"91" 91 0.0529801324503 297 202 1 0 0 0 0 0 0 0 0 0 0 0 0 0 0 0 0 0
"92" 92 0.104651162791 488 12 0 0 0 0 0 0 0 0 0 0 0 0 0 0 0 0 0 0
"93" 93 0.850364963504 448 24 13 10 4 1 0 0 0 0 0 0 0 0 0 0 0 0 0 0
"94" 94 0.636363636364 162 142 110 40 34 10 1 1 0 0 0 0 0 0 0 0 0 0 0 0
"95" 95 0.147208121827 200 127 77 68 15 5 4 3 1 0 0 0 0 0 0 0 0 0 0 0
"96" 96 0.406698564593 201 81 75 43 28 25 21 9 5 4 3 3 1 1 0 0 0 0 0 0
"97" 97 0.317307692308 194 173 41 35 24 16 10 3 2 1 1 0 0 0 0 0 0 0 0 0
"98" 98 0.0232558139535 343 119 23 6 3 2 2 1 1 0 0 0 0 0 0 0 0 0 0 0
"99" 99 0.0 482 8 5 2 2 1 0 0 0 0 0 0 0 0 0 0 0 0 0 0
"100" 100 0.488789237668 319 42 42 38 33 8 7 5 2 1 1 1 1 0 0 0 0 0 0 0
"101" 101 0.430379746835 85 85 81 68 51 50 42 22 4 3 2 2 2 2 1 0 0 0 0 0
"102" 102 0.0 457 16 8 5 5 5 2 1 1 0 0 0 0 0 0 0 0 0 0 0
"103" 103 0.371308016878 270 74 55 50 35 5 4 2 2 1 1 1 0 0 0 0 0 0 0 0
"104" 104 0.705426356589 273 69 55 36 35 14 9 4 3 2 0 0 0 0 0 0 0 0 0 0
"105" 105 0.271317829457 360 50 32 32 24 2 0 0 0 0 0 0 0 0 0 0 0 0 0 0
"106" 106 0.673076923077 500 0 0 0 0 0 0 0 0 0 0 0 0 0 0 0 0 0 0 0
"107" 107 0.0733944954128 314 103 48 23 10 1 1 0 0 0 0 0 0 0 0 0 0 0 0 0
"108" 108 0.472573839662 213 166 71 23 21 3 2 1 0 0 0 0 0 0 0 0 0 0 0 0
"109" 109 0.0 479 20 1 0 0 0 0 0 0 0 0 0 0 0 0 0 0 0 0 0
"110" 110 0.0 462 37 1 0 0 0 0 0 0 0 0 0 0 0 0 0 0 0 0 0
"111" 111 0.0 149 142 109 83 9 7 1 0 0 0 0 0 0 0 0 0 0 0 0 0
"112" 112 0.0 447 26 12 8 4 2 1 0 0 0 0 0 0 0 0 0 0 0 0 0
"113" 113 0.0 319 99 49 14 11 3 3 2 0 0 0 0 0 0 0 0 0 0 0 0
"114" 114 0.153846153846 156 113 58 54 45 26 22 9 8 7 1 1 0 0 0 0 0 0 0 0
"115" 115 0.150943396226 146 111 63 60 49 22 17 14 11 4 2 1 0 0 0 0 0 0 0 0
"116" 116 0.692307692308 173 90 61 40 34 34 27 13 8 7 6 3 3 1 0 0 0 0 0 0
"117" 117 0.151162790698 161 157 95 27 21 16 13 3 3 2 1 1 0 0 0 0 0 0 0 0
"118" 118 0.465408805031 230 94 68 60 24 11 4 3 2 2 1 1 0 0 0 0 0 0 0 0
"119" 119 0.093023255814 122 83 68 64 63 31 28 15 10 6 6 4 0 0 0 0 0 0 0 0
"120" 120 0.470930232558 237 81 58 38 29 29 14 8 4 1 1 0 0 0 0 0 0 0 0 0
"121" 121 0.248062015504 158 127 63 29 29 23 22 18 13 6 4 4 4 0 0 0 0 0 0 0
"122" 122 0.0 299 67 33 23 22 19 9 9 7 6 6 0 0 0 0 0 0 0 0 0
"123" 123 0.388392857143 182 112 77 43 30 22 12 11 8 1 1 1 0 0 0 0 0 0 0 0
"124" 124 0.534591194969 300 139 19 17 10 3 3 3 2 2 1 1 0 0 0 0 0 0 0 0
"125" 125 0.00995024875622 287 111 63 39 0 0 0 0 0 0 0 0 0 0 0 0 0 0 0 0
"126" 126 0.00995024875622 404 47 36 7 3 1 1 1 0 0 0 0 0 0 0 0 0 0 0 0
"127" 127 0.616580310881 196 159 84 17 17 11 4 4 3 3 2 0 0 0 0 0 0 0 0 0
"128" 128 0.0796019900498 209 173 41 30 16 14 7 5 5 0 0 0 0 0 0 0 0 0 0 0
"129" 129 0.0574712643678 305 174 12 6 2 1 0 0 0 0 0 0 0 0 0 0 0 0 0 0
"130" 130 0.284974093264 447 34 15 2 1 1 0 0 0 0 0 0 0 0 0 0 0 0 0 0
"131" 131 0.00896860986547 179 126 104 37 18 11 8 6 4 3 2 2 0 0 0 0 0 0 0 0
"132" 132 0.0 316 49 48 20 19 16 16 11 3 1 1 0 0 0 0 0 0 0 0 0
"133" 133 0.0 109 82 76 74 50 48 36 13 10 2 0 0 0 0 0 0 0 0 0 0
"134" 134 0.0 321 125 48 3 2 1 0 0 0 0 0 0 0 0 0 0 0 0 0 0
"135" 135 0.0183486238532 182 148 97 24 19 19 5 3 2 1 0 0 0 0 0 0 0 0 0 0
"136" 136 0.0 440 34 25 1 0 0 0 0 0 0 0 0 0 0 0 0 0 0 0 0
"137" 137 0.0459770114943 273 131 57 16 13 4 3 2 1 0 0 0 0 0 0 0 0 0 0 0
"138" 138 0.441025641026 177 154 68 28 22 16 8 8 5 5 4 3 1 1 0 0 0 0 0 0
"139" 139 0.138364779874 390 54 35 7 6 4 2 2 0 0 0 0 0 0 0 0 0 0 0 0
"140" 140 0.0480769230769 500 0 0 0 0 0 0 0 0 0 0 0 0 0 0 0 0 0 0 0
"141" 141 0.464435146444 177 152 78 27 24 14 12 5 5 3 2 1 0 0 0 0 0 0 0 0
"142" 142 0.519230769231 145 131 88 55 31 14 12 8 8 4 2 1 1 0 0 0 0 0 0 0
"143" 143 0.586538461538 499 1 0 0 0 0 0 0 0 0 0 0 0 0 0 0 0 0 0 0
"144" 144 0.210762331839 298 62 53 33 30 13 5 3 1 1 1 0 0 0 0 0 0 0 0 0
"145" 145 0.651162790698 383 69 23 9 6 5 3 2 0 0 0 0 0 0 0 0 0 0 0 0
"146" 146 0.167364016736 350 144 3 2 1 0 0 0 0 0 0 0 0 0 0 0 0 0 0 0
"147" 147 0.187817258883 320 51 49 48 20 4 3 3 1 1 0 0 0 0 0 0 0 0 0 0
"148" 148 0.427672955975 250 72 61 32 29 24 10 9 5 5 2 1 0 0 0 0 0 0 0 0
"149" 149 0.513392857143 173 73 71 52 47 42 19 18 5 0 0 0 0 0 0 0 0 0 0 0
"150" 150 0.0253164556962 430 40 20 8 1 1 0 0 0 0 0 0 0 0 0 0 0 0 0 0
"151" 151 0.119402985075 401 41 31 12 8 3 2 1 1 0 0 0 0 0 0 0 0 0 0 0
"152" 152 0.611607142857 145 116 101 79 28 19 10 2 0 0 0 0 0 0 0 0 0 0 0 0
"153" 153 0.0970464135021 120 92 80 73 58 44 17 11 4 1 0 0 0 0 0 0 0 0 0 0
"154" 154 0.0 423 72 4 1 0 0 0 0 0 0 0 0 0 0 0 0 0 0 0 0
"155" 155 0.356589147287 272 101 44 23 22 20 12 3 2 1 0 0 0 0 0 0 0 0 0 0
"156" 156 0.296511627907 193 75 58 51 23 22 22 21 13 12 7 2 1 0 0 0 0 0 0 0
"157" 157 0.0 170 128 115 42 27 7 4 3 2 1 1 0 0 0 0 0 0 0 0 0
"158" 158 0.147286821705 110 93 89 70 57 32 26 12 7 3 1 0 0 0 0 0 0 0 0 0
"159" 159 0.510548523207 111 104 82 68 57 41 19 15 2 1 0 0 0 0 0 0 0 0 0 0
"160" 160 0.13829787234 308 66 38 30 10 9 9 8 7 4 4 3 3 1 0 0 0 0 0 0
"161" 161 0.222627737226 269 165 25 23 17 1 0 0 0 0 0 0 0 0 0 0 0 0 0 0
"162" 162 0.683937823834 174 107 80 74 32 14 10 4 3 1 1 0 0 0 0 0 0 0 0 0
"163" 163 0.46875 259 100 63 27 26 8 6 4 3 2 1 1 0 0 0 0 0 0 0 0
"164" 164 0.337552742616 380 67 40 7 4 1 1 0 0 0 0 0 0 0 0 0 0 0 0 0
"165" 165 0.692307692308 357 143 0 0 0 0 0 0 0 0 0 0 0 0 0 0 0 0 0 0
"166" 166 0.228855721393 451 25 13 9 2 0 0 0 0 0 0 0 0 0 0 0 0 0 0 0
"167" 167 0.761589403974 475 15 7 2 1 0 0 0 0 0 0 0 0 0 0 0 0 0 0 0
"168" 168 0.0334728033473 407 37 36 14 6 0 0 0 0 0 0 0 0 0 0 0 0 0 0 0
"169" 169 0.176165803109 177 123 78 41 27 19 15 12 3 2 2 1 0 0 0 0 0 0 0 0
"170" 170 0.0 441 46 5 4 4 0 0 0 0 0 0 0 0 0 0 0 0 0 0 0
"171" 171 0.0 244 150 46 28 19 8 2 2 1 0 0 0 0 0 0 0 0 0 0 0
"172" 172 0.0 349 68 53 30 0 0 0 0 0 0 0 0 0 0 0 0 0 0 0 0
"173" 173 0.0829015544041 253 108 82 17 16 10 7 5 1 1 0 0 0 0 0 0 0 0 0 0
"174" 174 0.0673076923077 500 0 0 0 0 0 0 0 0 0 0 0 0 0 0 0 0 0 0 0
"175" 175 0.259615384615 496 2 1 1 0 0 0 0 0 0 0 0 0 0 0 0 0 0 0 0
"176" 176 0.0344827586207 349 76 61 8 4 1 1 0 0 0 0 0 0 0 0 0 0 0 0 0
"177" 177 0.20725388601 376 109 7 3 2 2 1 0 0 0 0 0 0 0 0 0 0 0 0 0
"178" 178 0.312820512821 278 108 57 27 21 6 1 1 1 0 0 0 0 0 0 0 0 0 0 0
"179" 179 0.704641350211 199 194 41 28 18 7 5 4 2 2 0 0 0 0 0 0 0 0 0 0
"180" 180 0.139534883721 477 11 5 4 2 1 0 0 0 0 0 0 0 0 0 0 0 0 0 0
"181" 181 0.0 254 156 63 26 1 0 0 0 0 0 0 0 0 0 0 0 0 0 0 0
"182" 182 0.310218978102 187 145 54 36 32 17 11 8 6 2 2 0 0 0 0 0 0 0 0 0
"183" 183 0.325581395349 306 57 54 28 18 13 12 7 2 2 1 0 0 0 0 0 0 0 0 0
"184" 184 0.0 357 41 39 28 15 9 8 2 1 0 0 0 0 0 0 0 0 0 0 0
"185" 185 0.365019011407 300 117 39 20 14 4 2 2 1 1 0 0 0 0 0 0 0 0 0 0
"186" 186 0.575892857143 168 132 75 57 27 11 11 8 7 4 0 0 0 0 0 0 0 0 0 0
"187" 187 0.15503875969 500 0 0 0 0 0 0 0 0 0 0 0 0 0 0 0 0 0 0 0
"188" 188 0.201923076923 500 0 0 0 0 0 0 0 0 0 0 0 0 0 0 0 0 0 0 0
"189" 189 0.015503875969 465 32 1 1 1 0 0 0 0 0 0 0 0 0 0 0 0 0 0 0
"190" 190 0.102564102564 200 131 63 60 37 5 2 1 1 0 0 0 0 0 0 0 0 0 0 0
"191" 191 0.0 225 123 54 35 19 9 8 8 8 6 3 2 0 0 0 0 0 0 0 0
"192" 192 0.0 467 33 0 0 0 0 0 0 0 0 0 0 0 0 0 0 0 0 0 0
"193" 193 0.0 166 150 110 28 24 20 1 1 0 0 0 0 0 0 0 0 0 0 0 0
"194" 194 0.015503875969 489 7 2 2 0 0 0 0 0 0 0 0 0 0 0 0 0 0 0 0
"195" 195 0.163461538462 500 0 0 0 0 0 0 0 0 0 0 0 0 0 0 0 0 0 0 0
"196" 196 0.390728476821 173 83 50 40 35 34 34 26 9 5 4 3 3 1 0 0 0 0 0 0
"197" 197 0.0760456273764 136 97 83 52 37 25 21 15 13 6 5 4 3 2 1 0 0 0 0 0
"198" 198 0.0 172 91 73 50 49 38 15 6 4 1 1 0 0 0 0 0 0 0 0 0
"199" 199 0.100418410042 328 94 34 24 11 9 0 0 0 0 0 0 0 0 0 0 0 0 0 0
"200" 200 0.666666666667 347 94 37 19 2 1 0 0 0 0 0 0 0 0 0 0 0 0 0 0
"201" 201 0.139534883721 200 85 75 47 34 30 12 7 4 4 2 0 0 0 0 0 0 0 0 0
"202" 202 0.774834437086 347 103 27 11 9 3 0 0 0 0 0 0 0 0 0 0 0 0 0 0
"203" 203 0.40932642487 414 46 13 8 5 5 4 2 2 1 0 0 0 0 0 0 0 0 0 0
"204" 204 0.0149253731343 321 95 22 21 18 7 6 6 3 1 0 0 0 0 0 0 0 0 0 0
"205" 205 0.298850574713 164 128 56 54 38 30 10 8 5 5 1 1 0 0 0 0 0 0 0 0
"206" 206 0.377483443709 248 138 49 24 14 7 5 3 3 2 2 2 2 1 0 0 0 0 0 0
"207" 207 0.139013452915 262 125 100 8 4 1 0 0 0 0 0 0 0 0 0 0 0 0 0 0
"208" 208 0.0 135 102 98 67 62 14 10 6 4 1 1 0 0 0 0 0 0 0 0 0
"209" 209 0.399103139013 148 112 62 45 33 30 29 25 13 2 1 0 0 0 0 0 0 0 0 0
"210" 210 0.244186046512 152 130 124 39 32 8 4 3 3 2 2 1 0 0 0 0 0 0 0 0
"211" 211 0.0 316 136 14 11 7 5 4 2 2 2 1 0 0 0 0 0 0 0 0 0
"212" 212 0.175182481752 196 93 57 55 30 22 12 12 11 7 3 1 1 0 0 0 0 0 0 0
"213" 213 0.56976744186 249 97 93 22 16 13 6 3 1 0 0 0 0 0 0 0 0 0 0 0
"214" 214 0.201550387597 499 1 0 0 0 0 0 0 0 0 0 0 0 0 0 0 0 0 0 0
"215" 215 0.0348258706468 291 162 25 13 8 1 0 0 0 0 0 0 0 0 0 0 0 0 0 0
"216" 216 0.851282051282 299 108 50 31 6 4 2 0 0 0 0 0 0 0 0 0 0 0 0 0
