"site" "RSA" "aa1" "aa2" "aa3" "aa4" "aa5" "aa6" "aa7" "aa8" "aa9" "aa10" "aa11" "aa12" "aa13" "aa14" "aa15" "aa16" "aa17" "aa18" "aa19" "aa20"
"0" 0 1.09271523179 305 48 46 43 25 20 6 4 2 1 0 0 0 0 0 0 0 0 0 0
"1" 1 0.846715328467 181 144 51 51 49 14 5 2 2 1 0 0 0 0 0 0 0 0 0 0
"2" 2 0.886075949367 306 138 27 17 8 4 0 0 0 0 0 0 0 0 0 0 0 0 0 0
"3" 3 0.270042194093 102 96 72 39 36 35 28 21 16 13 13 10 10 8 1 0 0 0 0 0
"4" 4 0.574358974359 345 60 48 23 9 8 5 2 0 0 0 0 0 0 0 0 0 0 0 0
"5" 5 0.177664974619 152 88 83 57 27 22 16 15 13 12 10 2 1 1 1 0 0 0 0 0
"6" 6 0.00995024875622 489 5 3 2 1 0 0 0 0 0 0 0 0 0 0 0 0 0 0 0
"7" 7 0.113924050633 143 108 94 72 55 10 6 4 3 3 1 1 0 0 0 0 0 0 0 0
"8" 8 0.0 292 199 4 3 1 1 0 0 0 0 0 0 0 0 0 0 0 0 0 0
"9" 9 0.0 257 108 55 24 22 21 9 1 1 1 1 0 0 0 0 0 0 0 0 0
"10" 10 0.00507614213198 190 177 80 33 10 5 3 2 0 0 0 0 0 0 0 0 0 0 0 0
"11" 11 0.0 404 70 8 5 4 2 2 2 1 1 1 0 0 0 0 0 0 0 0 0
"12" 12 0.0 500 0 0 0 0 0 0 0 0 0 0 0 0 0 0 0 0 0 0 0
"13" 13 0.145077720207 355 51 36 31 11 7 3 3 2 1 0 0 0 0 0 0 0 0 0 0
"14" 14 0.370860927152 269 99 33 29 21 16 8 8 5 4 4 3 1 0 0 0 0 0 0 0
"15" 15 0.471153846154 500 0 0 0 0 0 0 0 0 0 0 0 0 0 0 0 0 0 0 0
"16" 16 0.00574712643678 255 166 44 30 3 2 0 0 0 0 0 0 0 0 0 0 0 0 0 0
"17" 17 0.134615384615 500 0 0 0 0 0 0 0 0 0 0 0 0 0 0 0 0 0 0 0
"18" 18 0.0506329113924 317 125 18 12 10 10 5 3 0 0 0 0 0 0 0 0 0 0 0 0
"19" 19 0.127906976744 155 140 48 47 33 18 18 17 13 4 4 2 1 0 0 0 0 0 0 0
"20" 20 0.12582781457 272 154 17 12 10 9 9 9 3 3 2 0 0 0 0 0 0 0 0 0
"21" 21 0.0 450 16 11 7 4 4 3 2 2 1 0 0 0 0 0 0 0 0 0 0
"22" 22 0.045871559633 296 135 28 23 12 3 2 1 0 0 0 0 0 0 0 0 0 0 0 0
"23" 23 0.200956937799 197 77 59 38 35 22 13 11 11 9 8 6 6 5 3 0 0 0 0 0
"24" 24 0.171532846715 292 141 49 16 1 1 0 0 0 0 0 0 0 0 0 0 0 0 0 0
"25" 25 0.06463878327 210 122 105 29 16 10 6 2 0 0 0 0 0 0 0 0 0 0 0 0
"26" 26 0.109195402299 476 23 1 0 0 0 0 0 0 0 0 0 0 0 0 0 0 0 0 0
"27" 27 0.353846153846 261 200 14 10 7 6 1 1 0 0 0 0 0 0 0 0 0 0 0 0
"28" 28 0.575129533679 155 93 65 54 48 48 27 7 3 0 0 0 0 0 0 0 0 0 0 0
"29" 29 0.565400843882 201 133 53 48 18 15 10 9 8 5 0 0 0 0 0 0 0 0 0 0
"30" 30 0.266159695817 239 148 110 3 0 0 0 0 0 0 0 0 0 0 0 0 0 0 0 0
"31" 31 0.344370860927 171 122 62 56 40 23 17 3 2 2 2 0 0 0 0 0 0 0 0 0
"32" 32 0.52466367713 220 87 87 62 27 14 3 0 0 0 0 0 0 0 0 0 0 0 0 0
"33" 33 0.766816143498 358 90 24 21 7 0 0 0 0 0 0 0 0 0 0 0 0 0 0 0
"34" 34 0.269961977186 380 66 38 6 6 3 1 0 0 0 0 0 0 0 0 0 0 0 0 0
"35" 35 0.763713080169 189 167 117 26 1 0 0 0 0 0 0 0 0 0 0 0 0 0 0 0
"36" 36 0.395348837209 113 90 80 55 53 34 24 20 9 9 8 3 1 1 0 0 0 0 0 0
"37" 37 0.174418604651 241 159 35 28 13 12 6 3 2 1 0 0 0 0 0 0 0 0 0 0
"38" 38 0.527918781726 201 112 110 30 26 15 4 2 0 0 0 0 0 0 0 0 0 0 0 0
"39" 39 0.0769230769231 500 0 0 0 0 0 0 0 0 0 0 0 0 0 0 0 0 0 0 0
"40" 40 0.124031007752 226 136 49 26 20 13 11 6 6 5 1 1 0 0 0 0 0 0 0 0
"41" 41 0.569948186528 300 113 34 23 10 8 6 4 1 1 0 0 0 0 0 0 0 0 0 0
"42" 42 0.297071129707 328 158 10 3 1 0 0 0 0 0 0 0 0 0 0 0 0 0 0 0
"43" 43 0.258706467662 195 107 57 49 41 23 10 5 5 4 3 1 0 0 0 0 0 0 0 0
"44" 44 0.418604651163 218 215 32 20 8 4 3 0 0 0 0 0 0 0 0 0 0 0 0 0
"45" 45 0.240506329114 313 164 21 2 0 0 0 0 0 0 0 0 0 0 0 0 0 0 0 0
"46" 46 0.616071428571 97 84 63 62 61 46 30 25 13 7 5 2 1 1 1 1 1 0 0 0
"47" 47 0.132183908046 418 38 15 12 10 3 2 1 1 0 0 0 0 0 0 0 0 0 0 0
"48" 48 0.523255813953 143 124 112 102 8 3 3 2 1 1 1 0 0 0 0 0 0 0 0 0
"49" 49 0.051724137931 266 169 26 18 11 3 3 2 1 1 0 0 0 0 0 0 0 0 0 0
"50" 50 0.683937823834 422 25 17 11 8 7 5 3 2 0 0 0 0 0 0 0 0 0 0 0
"51" 51 0.567307692308 500 0 0 0 0 0 0 0 0 0 0 0 0 0 0 0 0 0 0 0
"52" 52 0.79274611399 168 115 81 39 35 21 13 8 6 6 4 2 1 1 0 0 0 0 0 0
"53" 53 0.518987341772 160 151 94 28 27 12 7 6 4 3 2 2 2 2 0 0 0 0 0 0
"54" 54 0.706896551724 86 85 73 65 60 44 22 17 16 13 9 6 2 1 1 0 0 0 0 0
"55" 55 0.100775193798 241 189 38 12 8 4 4 3 1 0 0 0 0 0 0 0 0 0 0 0
"56" 56 0.168604651163 165 165 73 46 25 13 7 3 2 1 0 0 0 0 0 0 0 0 0 0
"57" 57 0.0 102 101 85 74 41 40 38 10 7 2 0 0 0 0 0 0 0 0 0 0
"58" 58 0.152466367713 334 108 26 19 4 4 2 1 1 1 0 0 0 0 0 0 0 0 0 0
"59" 59 0.0 281 94 39 35 31 17 3 0 0 0 0 0 0 0 0 0 0 0 0 0
"60" 60 0.124113475177 341 51 40 35 25 8 0 0 0 0 0 0 0 0 0 0 0 0 0 0
"61" 61 0.0466321243523 313 124 28 19 9 7 0 0 0 0 0 0 0 0 0 0 0 0 0 0
"62" 62 0.0348837209302 414 56 18 5 5 2 0 0 0 0 0 0 0 0 0 0 0 0 0 0
"63" 63 0.0387596899225 498 2 0 0 0 0 0 0 0 0 0 0 0 0 0 0 0 0 0 0
"64" 64 0.144230769231 500 0 0 0 0 0 0 0 0 0 0 0 0 0 0 0 0 0 0 0
"65" 65 0.291479820628 248 74 43 41 38 25 19 5 3 2 1 1 0 0 0 0 0 0 0 0
"66" 66 0.732142857143 220 116 112 27 12 6 4 2 1 0 0 0 0 0 0 0 0 0 0 0
"67" 67 0.715328467153 130 90 80 78 48 32 31 11 0 0 0 0 0 0 0 0 0 0 0 0
"68" 68 0.142259414226 323 65 27 25 24 14 10 7 3 1 1 0 0 0 0 0 0 0 0 0
"69" 69 0.269058295964 221 100 78 74 12 9 2 2 2 0 0 0 0 0 0 0 0 0 0 0
"70" 70 0.58940397351 306 105 54 14 7 4 4 3 2 1 0 0 0 0 0 0 0 0 0 0
"71" 71 0.532338308458 302 54 49 31 24 24 7 4 3 1 1 0 0 0 0 0 0 0 0 0
"72" 72 0.432692307692 500 0 0 0 0 0 0 0 0 0 0 0 0 0 0 0 0 0 0 0
"73" 73 0.195402298851 211 72 51 47 23 18 15 14 13 11 11 7 3 2 2 0 0 0 0 0
"74" 74 0.410852713178 310 106 29 25 11 8 6 3 1 1 0 0 0 0 0 0 0 0 0 0
"75" 75 0.138075313808 188 102 67 47 32 20 18 14 4 3 3 2 0 0 0 0 0 0 0 0
"76" 76 0.0266159695817 182 142 78 33 24 19 7 7 5 1 1 1 0 0 0 0 0 0 0 0
"77" 77 0.485401459854 463 10 8 5 5 3 2 2 1 1 0 0 0 0 0 0 0 0 0 0
"78" 78 0.548076923077 500 0 0 0 0 0 0 0 0 0 0 0 0 0 0 0 0 0 0 0
"79" 79 0.062015503876 246 240 9 4 1 0 0 0 0 0 0 0 0 0 0 0 0 0 0 0
"80" 80 0.0880829015544 291 208 1 0 0 0 0 0 0 0 0 0 0 0 0 0 0 0 0 0
"81" 81 0.0 349 134 8 5 4 0 0 0 0 0 0 0 0 0 0 0 0 0 0 0
"82" 82 0.0 230 190 44 19 16 1 0 0 0 0 0 0 0 0 0 0 0 0 0 0
"83" 83 0.0 416 39 35 6 3 1 0 0 0 0 0 0 0 0 0 0 0 0 0 0
"84" 84 0.0 381 80 30 4 2 1 1 1 0 0 0 0 0 0 0 0 0 0 0 0
"85" 85 0.0 463 26 10 1 0 0 0 0 0 0 0 0 0 0 0 0 0 0 0 0
"86" 86 0.00380228136882 333 69 55 32 7 2 1 1 0 0 0 0 0 0 0 0 0 0 0 0
"87" 87 0.0466321243523 381 100 12 7 0 0 0 0 0 0 0 0 0 0 0 0 0 0 0 0
"88" 88 0.0172413793103 459 12 11 8 6 2 1 1 0 0 0 0 0 0 0 0 0 0 0 0
"89" 89 0.232558139535 373 111 14 2 0 0 0 0 0 0 0 0 0 0 0 0 0 0 0 0
"90" 90 0.369230769231 497 2 1 0 0 0 0 0 0 0 0 0 0 0 0 0 0 0 0 0
"91" 91 0.286821705426 183 143 91 25 14 12 12 8 6 3 2 1 0 0 0 0 0 0 0 0
"92" 92 0.364238410596 488 10 1 1 0 0 0 0 0 0 0 0 0 0 0 0 0 0 0 0
"93" 93 0.0132450331126 496 2 1 1 0 0 0 0 0 0 0 0 0 0 0 0 0 0 0 0
"94" 94 0.146443514644 365 53 26 25 15 6 2 2 2 1 1 1 1 0 0 0 0 0 0 0
"95" 95 0.589285714286 141 139 131 29 16 11 10 10 5 4 2 1 1 0 0 0 0 0 0 0
"96" 96 0.261538461538 216 158 56 33 19 12 4 1 1 0 0 0 0 0 0 0 0 0 0 0
"97" 97 0.0 255 99 88 21 18 6 5 3 3 1 1 0 0 0 0 0 0 0 0 0
"98" 98 0.396624472574 127 107 103 52 34 21 14 12 9 7 6 3 2 1 1 1 0 0 0 0
"99" 99 0.483443708609 121 81 77 77 52 29 28 20 15 0 0 0 0 0 0 0 0 0 0 0
"100" 100 0.0815602836879 420 40 17 15 7 1 0 0 0 0 0 0 0 0 0 0 0 0 0 0
"101" 101 0.226277372263 233 130 51 41 16 11 9 4 3 2 0 0 0 0 0 0 0 0 0 0
"102" 102 0.248704663212 227 109 94 36 14 8 7 2 2 1 0 0 0 0 0 0 0 0 0 0
"103" 103 0.28125 151 117 84 80 52 10 3 2 1 0 0 0 0 0 0 0 0 0 0 0
"104" 104 0.0 270 167 47 12 4 0 0 0 0 0 0 0 0 0 0 0 0 0 0 0
"105" 105 0.169154228856 268 105 51 24 15 14 8 6 5 3 1 0 0 0 0 0 0 0 0 0
"106" 106 0.580459770115 276 118 24 21 17 16 13 11 3 1 0 0 0 0 0 0 0 0 0 0
"107" 107 0.382775119617 319 64 41 20 15 14 14 9 3 1 0 0 0 0 0 0 0 0 0 0
"108" 108 0.015503875969 247 223 25 3 2 0 0 0 0 0 0 0 0 0 0 0 0 0 0 0
"109" 109 0.610256410256 484 6 4 3 2 1 0 0 0 0 0 0 0 0 0 0 0 0 0 0
"110" 110 0.155172413793 238 98 79 30 29 7 7 5 2 2 1 1 1 0 0 0 0 0 0 0
"111" 111 0.85641025641 268 187 17 14 13 1 0 0 0 0 0 0 0 0 0 0 0 0 0 0
"112" 112 0.304635761589 316 70 70 19 10 8 5 1 1 0 0 0 0 0 0 0 0 0 0 0
"113" 113 0.320754716981 123 103 83 70 56 24 23 8 5 2 1 1 1 0 0 0 0 0 0 0
"114" 114 0.727678571429 328 99 60 7 3 3 0 0 0 0 0 0 0 0 0 0 0 0 0 0
"115" 115 0.575581395349 234 60 53 50 43 38 8 7 6 1 0 0 0 0 0 0 0 0 0 0
"116" 116 0.0418410041841 300 150 50 0 0 0 0 0 0 0 0 0 0 0 0 0 0 0 0 0
"117" 117 0.119496855346 278 108 45 31 22 3 3 3 2 2 1 1 1 0 0 0 0 0 0 0
"118" 118 0.0585774058577 395 94 11 0 0 0 0 0 0 0 0 0 0 0 0 0 0 0 0 0
"119" 119 0.0 338 121 27 5 4 3 2 0 0 0 0 0 0 0 0 0 0 0 0 0
"120" 120 0.010152284264 322 113 45 11 6 1 1 1 0 0 0 0 0 0 0 0 0 0 0 0
"121" 121 0.00497512437811 396 90 7 4 2 1 0 0 0 0 0 0 0 0 0 0 0 0 0 0
"122" 122 0.0 316 50 42 36 25 19 6 4 2 0 0 0 0 0 0 0 0 0 0 0
"123" 123 0.0307692307692 287 126 70 13 3 1 0 0 0 0 0 0 0 0 0 0 0 0 0 0
"124" 124 0.278481012658 229 121 69 30 26 23 2 0 0 0 0 0 0 0 0 0 0 0 0 0
"125" 125 0.208121827411 488 8 3 1 0 0 0 0 0 0 0 0 0 0 0 0 0 0 0 0
"126" 126 0.300518134715 244 201 49 3 1 1 1 0 0 0 0 0 0 0 0 0 0 0 0 0
"127" 127 0.062015503876 282 170 32 10 4 1 1 0 0 0 0 0 0 0 0 0 0 0 0 0
"128" 128 0.535714285714 383 37 29 17 13 12 5 3 1 0 0 0 0 0 0 0 0 0 0 0
"129" 129 0.625 448 25 16 4 3 2 1 1 0 0 0 0 0 0 0 0 0 0 0 0
"130" 130 0.682119205298 184 132 105 40 20 18 1 0 0 0 0 0 0 0 0 0 0 0 0 0
"131" 131 0.396624472574 375 86 21 8 7 3 0 0 0 0 0 0 0 0 0 0 0 0 0 0
"132" 132 0.194092827004 318 89 81 7 3 2 0 0 0 0 0 0 0 0 0 0 0 0 0 0
"133" 133 0.53807106599 152 104 82 54 51 23 14 7 6 5 2 0 0 0 0 0 0 0 0 0
"134" 134 0.109195402299 437 49 11 2 1 0 0 0 0 0 0 0 0 0 0 0 0 0 0 0
"135" 135 0.370860927152 228 103 71 51 20 11 7 5 3 1 0 0 0 0 0 0 0 0 0 0
"136" 136 0.504464285714 128 98 80 67 38 24 16 15 9 7 6 5 4 2 1 0 0 0 0 0
"137" 137 0.248945147679 175 132 87 69 20 9 7 1 0 0 0 0 0 0 0 0 0 0 0 0
"138" 138 0.344370860927 186 110 101 55 17 16 5 4 2 1 1 1 1 0 0 0 0 0 0 0
"139" 139 0.0077519379845 339 51 33 28 24 11 7 3 3 1 0 0 0 0 0 0 0 0 0 0
"140" 140 0.412556053812 176 107 92 74 39 4 2 2 2 1 1 0 0 0 0 0 0 0 0 0
"141" 141 0.625 170 150 79 61 25 7 4 3 1 0 0 0 0 0 0 0 0 0 0 0
"142" 142 0.169154228856 357 24 22 19 17 14 13 10 8 7 5 2 1 1 0 0 0 0 0 0
"143" 143 0.031007751938 482 17 1 0 0 0 0 0 0 0 0 0 0 0 0 0 0 0 0 0
"144" 144 0.561181434599 225 110 58 33 31 18 12 9 2 1 1 0 0 0 0 0 0 0 0 0
"145" 145 0.569536423841 218 130 53 30 22 22 17 5 2 1 0 0 0 0 0 0 0 0 0 0
"146" 146 0.0945273631841 294 55 33 27 15 14 12 11 10 9 6 5 4 3 1 1 0 0 0 0
"147" 147 0.509615384615 500 0 0 0 0 0 0 0 0 0 0 0 0 0 0 0 0 0 0 0
"148" 148 0.616580310881 431 32 12 10 8 4 3 0 0 0 0 0 0 0 0 0 0 0 0 0
"149" 149 0.0862944162437 152 105 66 49 46 35 27 10 6 2 1 1 0 0 0 0 0 0 0 0
"150" 150 0.270440251572 167 68 51 42 32 28 25 24 21 15 13 8 4 1 1 0 0 0 0 0
"151" 151 0.129353233831 331 64 61 20 18 2 2 1 1 0 0 0 0 0 0 0 0 0 0 0
"152" 152 0.154811715481 348 70 21 18 10 7 7 6 5 4 2 2 0 0 0 0 0 0 0 0
"153" 153 0.169154228856 145 97 54 54 44 40 28 14 10 9 2 1 1 1 0 0 0 0 0 0
"154" 154 0.0 294 184 14 6 2 0 0 0 0 0 0 0 0 0 0 0 0 0 0 0
"155" 155 0.0 499 1 0 0 0 0 0 0 0 0 0 0 0 0 0 0 0 0 0 0
"156" 156 0.015503875969 391 82 24 3 0 0 0 0 0 0 0 0 0 0 0 0 0 0 0 0
"157" 157 0.362869198312 342 82 34 23 14 2 1 1 1 0 0 0 0 0 0 0 0 0 0 0
"158" 158 0.451282051282 103 101 61 54 45 39 35 33 27 2 0 0 0 0 0 0 0 0 0 0
"159" 159 0.418604651163 161 147 109 49 23 7 4 0 0 0 0 0 0 0 0 0 0 0 0 0
"160" 160 0.350253807107 437 31 11 6 5 4 3 1 1 1 0 0 0 0 0 0 0 0 0 0
"161" 161 0.297435897436 489 6 5 0 0 0 0 0 0 0 0 0 0 0 0 0 0 0 0 0
"162" 162 0.0114942528736 481 16 2 1 0 0 0 0 0 0 0 0 0 0 0 0 0 0 0 0
"163" 163 0.523316062176 286 48 39 39 36 25 8 7 6 2 1 1 1 1 0 0 0 0 0 0
"164" 164 0.325581395349 208 95 58 56 47 24 9 2 1 0 0 0 0 0 0 0 0 0 0 0
"165" 165 0.0 486 8 5 1 0 0 0 0 0 0 0 0 0 0 0 0 0 0 0 0
"166" 166 0.00418410041841 401 37 25 15 10 4 4 2 1 1 0 0 0 0 0 0 0 0 0 0
"167" 167 0.482142857143 175 135 55 50 41 29 8 5 1 1 0 0 0 0 0 0 0 0 0 0
"168" 168 0.191964285714 142 99 64 53 51 20 13 12 9 9 7 7 5 5 3 1 0 0 0 0
"169" 169 0.0 445 39 9 4 2 1 0 0 0 0 0 0 0 0 0 0 0 0 0 0
"170" 170 0.0387596899225 258 85 55 31 20 16 10 7 6 5 5 2 0 0 0 0 0 0 0 0
"171" 171 0.339416058394 284 161 18 18 5 3 3 2 2 2 1 1 0 0 0 0 0 0 0 0
"172" 172 0.0596026490066 167 124 69 45 44 14 12 8 5 4 2 2 2 1 1 0 0 0 0 0
"173" 173 0.0 494 6 0 0 0 0 0 0 0 0 0 0 0 0 0 0 0 0 0 0
"174" 174 0.129353233831 331 69 35 26 25 4 4 2 2 2 0 0 0 0 0 0 0 0 0 0
"175" 175 0.659192825112 187 143 73 72 19 2 2 1 1 0 0 0 0 0 0 0 0 0 0 0
"176" 176 0.282511210762 276 100 61 42 10 5 3 1 1 1 0 0 0 0 0 0 0 0 0 0
"177" 177 0.148717948718 327 146 19 4 3 1 0 0 0 0 0 0 0 0 0 0 0 0 0 0
"178" 178 0.591928251121 200 132 46 44 29 25 8 7 4 2 2 1 0 0 0 0 0 0 0 0
"179" 179 0.914728682171 141 100 64 62 58 53 14 4 2 2 0 0 0 0 0 0 0 0 0 0
