"site" "RSA" "aa1" "aa2" "aa3" "aa4" "aa5" "aa6" "aa7" "aa8" "aa9" "aa10" "aa11" "aa12" "aa13" "aa14" "aa15" "aa16" "aa17" "aa18" "aa19" "aa20"
"0" 0 0.821705426357 500 0 0 0 0 0 0 0 0 0 0 0 0 0 0 0 0 0 0 0
"1" 1 0.789743589744 498 1 1 0 0 0 0 0 0 0 0 0 0 0 0 0 0 0 0 0
"2" 2 0.197674418605 370 99 30 1 0 0 0 0 0 0 0 0 0 0 0 0 0 0 0 0
"3" 3 0.0384615384615 500 0 0 0 0 0 0 0 0 0 0 0 0 0 0 0 0 0 0 0
"4" 4 0.211920529801 388 44 40 10 9 3 2 2 1 1 0 0 0 0 0 0 0 0 0 0
"5" 5 0.0 500 0 0 0 0 0 0 0 0 0 0 0 0 0 0 0 0 0 0 0
"6" 6 0.0114942528736 414 51 26 6 1 1 1 0 0 0 0 0 0 0 0 0 0 0 0 0
"7" 7 0.0298507462687 319 138 22 12 7 2 0 0 0 0 0 0 0 0 0 0 0 0 0 0
"8" 8 0.0 499 1 0 0 0 0 0 0 0 0 0 0 0 0 0 0 0 0 0 0
"9" 9 0.211678832117 476 19 2 1 1 1 0 0 0 0 0 0 0 0 0 0 0 0 0 0
"10" 10 0.0574162679426 499 1 0 0 0 0 0 0 0 0 0 0 0 0 0 0 0 0 0 0
"11" 11 0.0192307692308 500 0 0 0 0 0 0 0 0 0 0 0 0 0 0 0 0 0 0 0
"12" 12 0.321428571429 304 95 41 33 18 5 2 2 0 0 0 0 0 0 0 0 0 0 0 0
"13" 13 0.0 320 180 0 0 0 0 0 0 0 0 0 0 0 0 0 0 0 0 0 0
"14" 14 0.388601036269 211 137 38 34 29 26 23 2 0 0 0 0 0 0 0 0 0 0 0 0
"15" 15 0.13829787234 273 47 41 41 37 23 22 11 4 1 0 0 0 0 0 0 0 0 0 0
"16" 16 0.34358974359 498 2 0 0 0 0 0 0 0 0 0 0 0 0 0 0 0 0 0 0
"17" 17 0.441860465116 322 108 29 13 10 8 6 4 0 0 0 0 0 0 0 0 0 0 0 0
"18" 18 0.532338308458 271 79 63 24 22 20 20 1 0 0 0 0 0 0 0 0 0 0 0 0
"19" 19 0.307692307692 282 214 2 1 1 0 0 0 0 0 0 0 0 0 0 0 0 0 0 0
"20" 20 0.174129353234 293 124 38 25 13 6 1 0 0 0 0 0 0 0 0 0 0 0 0 0
"21" 21 0.00836820083682 288 142 52 5 5 3 2 2 1 0 0 0 0 0 0 0 0 0 0 0
"22" 22 0.0697674418605 281 186 20 9 4 0 0 0 0 0 0 0 0 0 0 0 0 0 0 0
"23" 23 0.00961538461538 500 0 0 0 0 0 0 0 0 0 0 0 0 0 0 0 0 0 0 0
"24" 24 0.00709219858156 499 1 0 0 0 0 0 0 0 0 0 0 0 0 0 0 0 0 0 0
"25" 25 0.114942528736 351 81 25 15 13 10 3 1 1 0 0 0 0 0 0 0 0 0 0 0
"26" 26 0.186528497409 341 152 3 3 1 0 0 0 0 0 0 0 0 0 0 0 0 0 0 0
"27" 27 0.0804597701149 299 166 19 12 1 1 1 1 0 0 0 0 0 0 0 0 0 0 0 0
"28" 28 0.163461538462 249 95 75 34 22 21 2 1 1 0 0 0 0 0 0 0 0 0 0 0
"29" 29 0.109452736318 500 0 0 0 0 0 0 0 0 0 0 0 0 0 0 0 0 0 0 0
"30" 30 0.104651162791 424 49 13 10 4 0 0 0 0 0 0 0 0 0 0 0 0 0 0 0
"31" 31 0.683937823834 381 88 25 5 1 0 0 0 0 0 0 0 0 0 0 0 0 0 0 0
"32" 32 0.502109704641 362 60 32 28 12 6 0 0 0 0 0 0 0 0 0 0 0 0 0 0
"33" 33 0.0 500 0 0 0 0 0 0 0 0 0 0 0 0 0 0 0 0 0 0 0
"34" 34 0.349775784753 334 119 47 0 0 0 0 0 0 0 0 0 0 0 0 0 0 0 0 0
"35" 35 0.418604651163 173 159 86 72 6 4 0 0 0 0 0 0 0 0 0 0 0 0 0 0
"36" 36 0.142857142857 252 57 51 45 45 33 7 7 2 1 0 0 0 0 0 0 0 0 0 0
"37" 37 0.0077519379845 383 117 0 0 0 0 0 0 0 0 0 0 0 0 0 0 0 0 0 0
"38" 38 0.310344827586 263 157 68 9 2 1 0 0 0 0 0 0 0 0 0 0 0 0 0 0
"39" 39 0.35401459854 237 198 54 4 2 2 2 1 0 0 0 0 0 0 0 0 0 0 0 0
"40" 40 0.0 379 120 1 0 0 0 0 0 0 0 0 0 0 0 0 0 0 0 0 0
"41" 41 0.0 500 0 0 0 0 0 0 0 0 0 0 0 0 0 0 0 0 0 0 0
"42" 42 0.339285714286 345 73 53 18 9 2 0 0 0 0 0 0 0 0 0 0 0 0 0 0
"43" 43 0.0547263681592 271 111 51 24 18 16 5 2 1 1 0 0 0 0 0 0 0 0 0 0
"44" 44 0.0152284263959 462 29 5 4 0 0 0 0 0 0 0 0 0 0 0 0 0 0 0 0
"45" 45 0.248062015504 308 98 44 26 21 2 1 0 0 0 0 0 0 0 0 0 0 0 0 0
"46" 46 0.526785714286 229 129 104 23 6 4 2 2 1 0 0 0 0 0 0 0 0 0 0 0
"47" 47 0.435406698565 238 238 8 7 4 3 1 1 0 0 0 0 0 0 0 0 0 0 0 0
"48" 48 0.683937823834 500 0 0 0 0 0 0 0 0 0 0 0 0 0 0 0 0 0 0 0
"49" 49 0.0646766169154 337 52 32 31 28 10 6 3 1 0 0 0 0 0 0 0 0 0 0 0
"50" 50 0.248756218905 421 46 26 6 1 0 0 0 0 0 0 0 0 0 0 0 0 0 0 0
"51" 51 0.0125786163522 487 8 3 2 0 0 0 0 0 0 0 0 0 0 0 0 0 0 0 0
"52" 52 0.316062176166 500 0 0 0 0 0 0 0 0 0 0 0 0 0 0 0 0 0 0 0
"53" 53 0.0287356321839 338 90 69 1 1 1 0 0 0 0 0 0 0 0 0 0 0 0 0 0
"54" 54 0.0248756218905 414 22 22 20 16 6 0 0 0 0 0 0 0 0 0 0 0 0 0 0
"55" 55 0.0304182509506 476 13 6 5 0 0 0 0 0 0 0 0 0 0 0 0 0 0 0 0
"56" 56 0.0 496 3 1 0 0 0 0 0 0 0 0 0 0 0 0 0 0 0 0 0
"57" 57 0.0 500 0 0 0 0 0 0 0 0 0 0 0 0 0 0 0 0 0 0 0
"58" 58 0.169154228856 418 61 11 8 2 0 0 0 0 0 0 0 0 0 0 0 0 0 0 0
"59" 59 0.0 332 112 56 0 0 0 0 0 0 0 0 0 0 0 0 0 0 0 0 0
"60" 60 0.467153284672 307 87 55 17 13 11 4 3 2 1 0 0 0 0 0 0 0 0 0 0
"61" 61 0.0182481751825 479 21 0 0 0 0 0 0 0 0 0 0 0 0 0 0 0 0 0 0
"62" 62 0.0 363 137 0 0 0 0 0 0 0 0 0 0 0 0 0 0 0 0 0 0
"63" 63 0.213197969543 198 149 137 8 8 0 0 0 0 0 0 0 0 0 0 0 0 0 0 0
"64" 64 0.279069767442 249 94 48 43 34 30 1 1 0 0 0 0 0 0 0 0 0 0 0 0
"65" 65 0.00581395348837 383 117 0 0 0 0 0 0 0 0 0 0 0 0 0 0 0 0 0 0
"66" 66 0.0 495 3 2 0 0 0 0 0 0 0 0 0 0 0 0 0 0 0 0 0
"67" 67 0.459330143541 281 72 54 45 24 19 3 1 1 0 0 0 0 0 0 0 0 0 0 0
"68" 68 0.1592039801 435 53 8 2 1 1 0 0 0 0 0 0 0 0 0 0 0 0 0 0
"69" 69 0.0077519379845 500 0 0 0 0 0 0 0 0 0 0 0 0 0 0 0 0 0 0 0
"70" 70 0.0348258706468 468 23 4 2 1 1 1 0 0 0 0 0 0 0 0 0 0 0 0 0
"71" 71 0.440414507772 287 81 72 57 2 1 0 0 0 0 0 0 0 0 0 0 0 0 0 0
"72" 72 0.271523178808 252 161 76 11 0 0 0 0 0 0 0 0 0 0 0 0 0 0 0 0
"73" 73 0.062015503876 496 4 0 0 0 0 0 0 0 0 0 0 0 0 0 0 0 0 0 0
"74" 74 0.632124352332 250 248 2 0 0 0 0 0 0 0 0 0 0 0 0 0 0 0 0 0
"75" 75 0.186131386861 488 6 2 1 1 1 1 0 0 0 0 0 0 0 0 0 0 0 0 0
"76" 76 0.34328358209 259 112 105 14 5 4 1 0 0 0 0 0 0 0 0 0 0 0 0 0
"77" 77 0.631205673759 249 239 11 1 0 0 0 0 0 0 0 0 0 0 0 0 0 0 0 0
"78" 78 0.0355329949239 458 36 4 2 0 0 0 0 0 0 0 0 0 0 0 0 0 0 0 0
"79" 79 0.408805031447 269 169 49 9 2 1 1 0 0 0 0 0 0 0 0 0 0 0 0 0
"80" 80 0.270114942529 234 200 32 21 12 1 0 0 0 0 0 0 0 0 0 0 0 0 0 0
"81" 81 0.514598540146 398 93 5 1 1 1 1 0 0 0 0 0 0 0 0 0 0 0 0 0
"82" 82 0.416058394161 486 8 4 1 1 0 0 0 0 0 0 0 0 0 0 0 0 0 0 0
"83" 83 0.0860927152318 370 129 1 0 0 0 0 0 0 0 0 0 0 0 0 0 0 0 0 0
"84" 84 0.156028368794 500 0 0 0 0 0 0 0 0 0 0 0 0 0 0 0 0 0 0 0
"85" 85 0.266423357664 365 92 26 17 0 0 0 0 0 0 0 0 0 0 0 0 0 0 0 0
"86" 86 0.00497512437811 467 14 9 6 2 1 1 0 0 0 0 0 0 0 0 0 0 0 0 0
"87" 87 0.0 346 95 32 27 0 0 0 0 0 0 0 0 0 0 0 0 0 0 0 0
"88" 88 0.0982142857143 296 143 46 14 1 0 0 0 0 0 0 0 0 0 0 0 0 0 0 0
"89" 89 0.0182481751825 219 213 34 34 0 0 0 0 0 0 0 0 0 0 0 0 0 0 0 0
"90" 90 0.00956937799043 500 0 0 0 0 0 0 0 0 0 0 0 0 0 0 0 0 0 0 0
"91" 91 0.06463878327 428 45 21 3 2 1 0 0 0 0 0 0 0 0 0 0 0 0 0 0
"92" 92 0.0 500 0 0 0 0 0 0 0 0 0 0 0 0 0 0 0 0 0 0 0
"93" 93 0.302325581395 490 4 3 3 0 0 0 0 0 0 0 0 0 0 0 0 0 0 0 0
"94" 94 0.0298507462687 265 104 90 19 11 4 4 2 1 0 0 0 0 0 0 0 0 0 0 0
"95" 95 0.00896860986547 500 0 0 0 0 0 0 0 0 0 0 0 0 0 0 0 0 0 0 0
"96" 96 0.144230769231 500 0 0 0 0 0 0 0 0 0 0 0 0 0 0 0 0 0 0 0
"97" 97 0.313432835821 156 136 108 80 10 7 3 0 0 0 0 0 0 0 0 0 0 0 0 0
"98" 98 0.227979274611 370 45 27 26 12 10 4 3 2 1 0 0 0 0 0 0 0 0 0 0
"99" 99 0.160337552743 445 17 17 13 7 1 0 0 0 0 0 0 0 0 0 0 0 0 0 0
"100" 100 0.434108527132 335 54 47 33 13 8 7 3 0 0 0 0 0 0 0 0 0 0 0 0
"101" 101 0.678571428571 380 88 23 4 3 1 1 0 0 0 0 0 0 0 0 0 0 0 0 0
"102" 102 0.046511627907 244 84 46 37 27 17 16 9 9 5 4 2 0 0 0 0 0 0 0 0
"103" 103 0.42194092827 369 68 23 21 13 6 0 0 0 0 0 0 0 0 0 0 0 0 0 0
"104" 104 0.682170542636 359 55 35 28 13 7 3 0 0 0 0 0 0 0 0 0 0 0 0 0
"105" 105 0.693430656934 263 107 68 51 5 4 2 0 0 0 0 0 0 0 0 0 0 0 0 0
"106" 106 0.38783269962 188 78 47 40 40 39 25 20 11 7 2 1 1 1 0 0 0 0 0 0
"107" 107 0.269230769231 500 0 0 0 0 0 0 0 0 0 0 0 0 0 0 0 0 0 0 0
"108" 108 0.625 208 164 71 48 7 1 1 0 0 0 0 0 0 0 0 0 0 0 0 0
"109" 109 0.6875 273 153 39 27 7 1 0 0 0 0 0 0 0 0 0 0 0 0 0 0
"110" 110 0.345291479821 211 82 78 33 31 26 17 11 4 4 2 1 0 0 0 0 0 0 0 0
"111" 111 0.108786610879 398 56 19 8 6 5 4 2 2 0 0 0 0 0 0 0 0 0 0 0
"112" 112 0.426605504587 181 178 111 16 5 3 2 1 1 1 1 0 0 0 0 0 0 0 0 0
"113" 113 0.31007751938 249 154 51 16 13 9 3 3 2 0 0 0 0 0 0 0 0 0 0 0
"114" 114 0.0709219858156 270 45 40 34 33 29 17 11 8 7 3 2 1 0 0 0 0 0 0 0
"115" 115 0.153284671533 266 63 61 40 35 27 6 2 0 0 0 0 0 0 0 0 0 0 0 0
"116" 116 0.120437956204 208 127 60 57 27 11 4 3 2 1 0 0 0 0 0 0 0 0 0 0
"117" 117 0.23178807947 489 10 1 0 0 0 0 0 0 0 0 0 0 0 0 0 0 0 0 0
"118" 118 0.106463878327 294 109 75 13 4 3 1 1 0 0 0 0 0 0 0 0 0 0 0 0
"119" 119 0.538860103627 314 133 28 7 5 4 4 2 2 1 0 0 0 0 0 0 0 0 0 0
"120" 120 0.529069767442 309 162 23 2 1 1 1 1 0 0 0 0 0 0 0 0 0 0 0 0
"121" 121 0.276729559748 499 1 0 0 0 0 0 0 0 0 0 0 0 0 0 0 0 0 0 0
"122" 122 0.0125786163522 459 40 1 0 0 0 0 0 0 0 0 0 0 0 0 0 0 0 0 0
"123" 123 0.345911949686 340 86 64 5 3 1 1 0 0 0 0 0 0 0 0 0 0 0 0 0
"124" 124 0.534591194969 382 118 0 0 0 0 0 0 0 0 0 0 0 0 0 0 0 0 0 0
"125" 125 0.0456852791878 452 47 1 0 0 0 0 0 0 0 0 0 0 0 0 0 0 0 0 0
"126" 126 0.65625 497 3 0 0 0 0 0 0 0 0 0 0 0 0 0 0 0 0 0 0
"127" 127 0.518248175182 350 89 43 15 3 0 0 0 0 0 0 0 0 0 0 0 0 0 0 0
"128" 128 0.615384615385 500 0 0 0 0 0 0 0 0 0 0 0 0 0 0 0 0 0 0 0
"129" 129 0.198675496689 500 0 0 0 0 0 0 0 0 0 0 0 0 0 0 0 0 0 0 0
"130" 130 0.744394618834 500 0 0 0 0 0 0 0 0 0 0 0 0 0 0 0 0 0 0 0
"131" 131 0.255230125523 500 0 0 0 0 0 0 0 0 0 0 0 0 0 0 0 0 0 0 0
"132" 132 0.0993377483444 447 53 0 0 0 0 0 0 0 0 0 0 0 0 0 0 0 0 0 0
"133" 133 0.0582959641256 384 111 3 1 1 0 0 0 0 0 0 0 0 0 0 0 0 0 0 0
"134" 134 0.181347150259 400 65 27 7 1 0 0 0 0 0 0 0 0 0 0 0 0 0 0 0
"135" 135 0.62015503876 366 72 34 24 4 0 0 0 0 0 0 0 0 0 0 0 0 0 0 0
"136" 136 0.284974093264 175 112 92 46 25 23 10 8 7 2 0 0 0 0 0 0 0 0 0 0
"137" 137 0.704402515723 241 134 112 13 0 0 0 0 0 0 0 0 0 0 0 0 0 0 0 0
"138" 138 0.419708029197 292 101 70 12 9 8 8 0 0 0 0 0 0 0 0 0 0 0 0 0
"139" 139 0.00760456273764 370 129 1 0 0 0 0 0 0 0 0 0 0 0 0 0 0 0 0 0
"140" 140 0.472868217054 363 134 3 0 0 0 0 0 0 0 0 0 0 0 0 0 0 0 0 0
"141" 141 0.870466321244 420 69 9 2 0 0 0 0 0 0 0 0 0 0 0 0 0 0 0 0
"142" 142 0.284263959391 500 0 0 0 0 0 0 0 0 0 0 0 0 0 0 0 0 0 0 0
"143" 143 0.586538461538 500 0 0 0 0 0 0 0 0 0 0 0 0 0 0 0 0 0 0 0
"144" 144 0.0384615384615 500 0 0 0 0 0 0 0 0 0 0 0 0 0 0 0 0 0 0 0
"145" 145 0.153846153846 500 0 0 0 0 0 0 0 0 0 0 0 0 0 0 0 0 0 0 0
"146" 146 0.245283018868 184 142 50 50 44 18 6 5 1 0 0 0 0 0 0 0 0 0 0 0
"147" 147 0.174129353234 496 1 1 1 1 0 0 0 0 0 0 0 0 0 0 0 0 0 0 0
"148" 148 0.145348837209 500 0 0 0 0 0 0 0 0 0 0 0 0 0 0 0 0 0 0 0
"149" 149 0.0223214285714 218 181 94 4 2 1 0 0 0 0 0 0 0 0 0 0 0 0 0 0
"150" 150 0.0126582278481 500 0 0 0 0 0 0 0 0 0 0 0 0 0 0 0 0 0 0 0
"151" 151 0.0199004975124 323 162 4 3 2 2 1 1 1 1 0 0 0 0 0 0 0 0 0 0
"152" 152 0.147286821705 278 63 61 38 26 13 9 8 2 1 1 0 0 0 0 0 0 0 0 0
"153" 153 0.336787564767 500 0 0 0 0 0 0 0 0 0 0 0 0 0 0 0 0 0 0 0
"154" 154 0.0 478 17 5 0 0 0 0 0 0 0 0 0 0 0 0 0 0 0 0 0
"155" 155 0.183908045977 319 108 23 18 12 6 5 4 2 2 1 0 0 0 0 0 0 0 0 0
"156" 156 0.550387596899 296 90 89 9 8 5 3 0 0 0 0 0 0 0 0 0 0 0 0 0
"157" 157 0.0547445255474 216 122 60 57 22 13 8 1 1 0 0 0 0 0 0 0 0 0 0 0
"158" 158 0.0167364016736 478 11 10 1 0 0 0 0 0 0 0 0 0 0 0 0 0 0 0 0
"159" 159 0.238805970149 241 62 55 41 33 19 17 8 6 5 4 4 3 2 0 0 0 0 0 0
"160" 160 0.352201257862 355 97 21 20 4 3 0 0 0 0 0 0 0 0 0 0 0 0 0 0
"161" 161 0.121673003802 466 11 7 4 4 4 3 1 0 0 0 0 0 0 0 0 0 0 0 0
"162" 162 0.00836820083682 267 192 32 6 3 0 0 0 0 0 0 0 0 0 0 0 0 0 0 0
"163" 163 0.348837209302 151 100 78 46 37 28 22 12 11 8 5 2 0 0 0 0 0 0 0 0
"164" 164 0.694300518135 269 219 6 6 0 0 0 0 0 0 0 0 0 0 0 0 0 0 0 0
"165" 165 0.316091954023 397 55 40 3 3 2 0 0 0 0 0 0 0 0 0 0 0 0 0 0
"166" 166 0.0 464 36 0 0 0 0 0 0 0 0 0 0 0 0 0 0 0 0 0 0
"167" 167 0.103448275862 308 79 73 21 9 4 3 1 1 1 0 0 0 0 0 0 0 0 0 0
"168" 168 0.375 366 69 55 6 2 1 1 0 0 0 0 0 0 0 0 0 0 0 0 0
"169" 169 0.139896373057 331 66 42 25 21 9 3 3 0 0 0 0 0 0 0 0 0 0 0 0
"170" 170 0.0 500 0 0 0 0 0 0 0 0 0 0 0 0 0 0 0 0 0 0 0
"171" 171 0.405109489051 362 81 29 10 9 4 3 2 0 0 0 0 0 0 0 0 0 0 0 0
"172" 172 0.494252873563 389 50 34 9 9 4 3 2 0 0 0 0 0 0 0 0 0 0 0 0
"173" 173 0.278846153846 500 0 0 0 0 0 0 0 0 0 0 0 0 0 0 0 0 0 0 0
"174" 174 0.345991561181 347 57 48 24 15 7 2 0 0 0 0 0 0 0 0 0 0 0 0 0
"175" 175 0.133720930233 468 13 12 6 1 0 0 0 0 0 0 0 0 0 0 0 0 0 0 0
"176" 176 0.0 500 0 0 0 0 0 0 0 0 0 0 0 0 0 0 0 0 0 0 0
"177" 177 0.00497512437811 500 0 0 0 0 0 0 0 0 0 0 0 0 0 0 0 0 0 0 0
"178" 178 0.0 485 12 3 0 0 0 0 0 0 0 0 0 0 0 0 0 0 0 0 0
"179" 179 0.0 500 0 0 0 0 0 0 0 0 0 0 0 0 0 0 0 0 0 0 0
"180" 180 0.0077519379845 318 182 0 0 0 0 0 0 0 0 0 0 0 0 0 0 0 0 0 0
"181" 181 0.0 500 0 0 0 0 0 0 0 0 0 0 0 0 0 0 0 0 0 0 0
"182" 182 0.0288461538462 215 157 69 20 17 10 8 3 1 0 0 0 0 0 0 0 0 0 0 0
"183" 183 0.0615384615385 326 139 17 10 4 3 1 0 0 0 0 0 0 0 0 0 0 0 0 0
"184" 184 0.00662251655629 439 61 0 0 0 0 0 0 0 0 0 0 0 0 0 0 0 0 0 0
"185" 185 0.0248756218905 472 11 10 7 0 0 0 0 0 0 0 0 0 0 0 0 0 0 0 0
"186" 186 0.014598540146 225 88 77 49 21 16 11 7 4 1 1 0 0 0 0 0 0 0 0 0
"187" 187 0.0077519379845 483 17 0 0 0 0 0 0 0 0 0 0 0 0 0 0 0 0 0 0
"188" 188 0.0 294 187 8 3 3 2 1 1 1 0 0 0 0 0 0 0 0 0 0 0
"189" 189 0.0172413793103 123 101 65 57 51 42 16 14 14 12 3 1 1 0 0 0 0 0 0 0
"190" 190 0.118143459916 311 129 40 7 7 3 2 1 0 0 0 0 0 0 0 0 0 0 0 0
"191" 191 0.296650717703 149 128 96 41 31 19 13 10 5 3 2 2 1 0 0 0 0 0 0 0
"192" 192 0.0547263681592 497 1 1 1 0 0 0 0 0 0 0 0 0 0 0 0 0 0 0 0
"193" 193 0.0414507772021 479 11 9 1 0 0 0 0 0 0 0 0 0 0 0 0 0 0 0 0
"194" 194 0.636771300448 309 95 70 23 1 1 1 0 0 0 0 0 0 0 0 0 0 0 0 0
"195" 195 0.0871559633028 295 81 74 44 5 1 0 0 0 0 0 0 0 0 0 0 0 0 0 0
"196" 196 0.390728476821 498 2 0 0 0 0 0 0 0 0 0 0 0 0 0 0 0 0 0 0
"197" 197 0.326424870466 410 66 22 1 1 0 0 0 0 0 0 0 0 0 0 0 0 0 0 0
"198" 198 0.766839378238 496 4 0 0 0 0 0 0 0 0 0 0 0 0 0 0 0 0 0 0
"199" 199 0.441964285714 300 72 44 41 29 11 2 1 0 0 0 0 0 0 0 0 0 0 0 0
"200" 200 0.0 253 118 98 27 3 1 0 0 0 0 0 0 0 0 0 0 0 0 0 0
"201" 201 0.275862068966 489 10 1 0 0 0 0 0 0 0 0 0 0 0 0 0 0 0 0 0
"202" 202 0.509615384615 318 166 11 4 1 0 0 0 0 0 0 0 0 0 0 0 0 0 0 0
"203" 203 0.203980099502 232 78 61 56 23 19 7 5 5 5 5 2 1 1 0 0 0 0 0 0
"204" 204 0.292307692308 235 97 67 43 31 12 5 4 4 2 0 0 0 0 0 0 0 0 0 0
"205" 205 0.0507614213198 265 120 62 19 16 12 3 2 1 0 0 0 0 0 0 0 0 0 0 0
"206" 206 0.0062893081761 496 4 0 0 0 0 0 0 0 0 0 0 0 0 0 0 0 0 0 0
"207" 207 0.273255813953 235 167 40 27 22 4 3 2 0 0 0 0 0 0 0 0 0 0 0 0
"208" 208 0.0480769230769 500 0 0 0 0 0 0 0 0 0 0 0 0 0 0 0 0 0 0 0
"209" 209 0.0812182741117 288 202 10 0 0 0 0 0 0 0 0 0 0 0 0 0 0 0 0 0
"210" 210 0.0 499 1 0 0 0 0 0 0 0 0 0 0 0 0 0 0 0 0 0 0
"211" 211 0.0248756218905 294 127 35 27 7 5 4 1 0 0 0 0 0 0 0 0 0 0 0 0
"212" 212 0.197080291971 365 94 22 7 4 4 2 1 1 0 0 0 0 0 0 0 0 0 0 0
"213" 213 0.00380228136882 287 93 86 23 10 1 0 0 0 0 0 0 0 0 0 0 0 0 0 0
"214" 214 0.227979274611 459 24 9 4 4 0 0 0 0 0 0 0 0 0 0 0 0 0 0 0
"215" 215 0.0646766169154 500 0 0 0 0 0 0 0 0 0 0 0 0 0 0 0 0 0 0 0
"216" 216 0.217616580311 499 1 0 0 0 0 0 0 0 0 0 0 0 0 0 0 0 0 0 0
"217" 217 0.543046357616 468 20 9 1 1 1 0 0 0 0 0 0 0 0 0 0 0 0 0 0
"218" 218 0.372093023256 499 1 0 0 0 0 0 0 0 0 0 0 0 0 0 0 0 0 0 0
"219" 219 0.0963302752294 317 178 5 0 0 0 0 0 0 0 0 0 0 0 0 0 0 0 0 0
"220" 220 0.558394160584 324 94 58 13 8 2 1 0 0 0 0 0 0 0 0 0 0 0 0 0
"221" 221 0.163522012579 489 7 4 0 0 0 0 0 0 0 0 0 0 0 0 0 0 0 0 0
"222" 222 0.567164179104 498 2 0 0 0 0 0 0 0 0 0 0 0 0 0 0 0 0 0 0
"223" 223 0.344827586207 458 37 3 1 1 0 0 0 0 0 0 0 0 0 0 0 0 0 0 0
"224" 224 0.518248175182 184 118 104 89 3 1 1 0 0 0 0 0 0 0 0 0 0 0 0 0
"225" 225 0.278846153846 500 0 0 0 0 0 0 0 0 0 0 0 0 0 0 0 0 0 0 0
"226" 226 0.125 500 0 0 0 0 0 0 0 0 0 0 0 0 0 0 0 0 0 0 0
"227" 227 0.273255813953 442 17 14 10 9 5 2 1 0 0 0 0 0 0 0 0 0 0 0 0
"228" 228 0.167300380228 270 137 90 1 1 1 0 0 0 0 0 0 0 0 0 0 0 0 0 0
"229" 229 0.0547263681592 328 70 61 18 15 2 2 2 1 1 0 0 0 0 0 0 0 0 0 0
"230" 230 0.295336787565 371 82 25 12 6 2 2 0 0 0 0 0 0 0 0 0 0 0 0 0
"231" 231 0.547169811321 359 71 55 12 3 0 0 0 0 0 0 0 0 0 0 0 0 0 0 0
"232" 232 0.325892857143 204 158 56 35 22 9 7 7 2 0 0 0 0 0 0 0 0 0 0 0
"233" 233 0.271317829457 176 102 93 49 43 27 9 1 0 0 0 0 0 0 0 0 0 0 0 0
"234" 234 0.0387596899225 277 160 53 6 2 1 1 0 0 0 0 0 0 0 0 0 0 0 0 0
"235" 235 0.542635658915 205 177 81 31 2 2 1 1 0 0 0 0 0 0 0 0 0 0 0 0
"236" 236 0.480620155039 153 136 91 62 54 2 1 1 0 0 0 0 0 0 0 0 0 0 0 0
"237" 237 0.125 196 162 109 18 4 3 3 2 2 1 0 0 0 0 0 0 0 0 0 0
"238" 238 0.240310077519 302 165 30 2 1 0 0 0 0 0 0 0 0 0 0 0 0 0 0 0
"239" 239 0.558139534884 285 167 40 6 2 0 0 0 0 0 0 0 0 0 0 0 0 0 0 0
"240" 240 0.635658914729 240 189 66 2 2 1 0 0 0 0 0 0 0 0 0 0 0 0 0 0
"241" 241 0.298850574713 221 205 73 1 0 0 0 0 0 0 0 0 0 0 0 0 0 0 0 0
"242" 242 0.899224806202 272 126 52 29 21 0 0 0 0 0 0 0 0 0 0 0 0 0 0 0
