"site" "RSA" "aa1" "aa2" "aa3" "aa4" "aa5" "aa6" "aa7" "aa8" "aa9" "aa10" "aa11" "aa12" "aa13" "aa14" "aa15" "aa16" "aa17" "aa18" "aa19" "aa20"
"0" 0 0.79274611399 142 114 92 60 29 24 13 9 6 5 4 1 1 0 0 0 0 0 0 0
"1" 1 0.593908629442 143 124 65 43 37 32 28 17 5 3 1 1 1 0 0 0 0 0 0 0
"2" 2 0.611398963731 141 132 71 69 43 14 12 12 5 1 0 0 0 0 0 0 0 0 0 0
"3" 3 0.43023255814 133 115 52 48 42 34 26 13 12 9 7 4 3 2 0 0 0 0 0 0
"4" 4 0.512437810945 155 98 54 54 38 25 25 24 13 6 4 3 1 0 0 0 0 0 0 0
"5" 5 0.548223350254 178 74 66 54 44 24 22 14 12 5 5 2 0 0 0 0 0 0 0 0
"6" 6 0.403973509934 181 68 43 39 37 34 33 22 13 10 8 7 3 2 0 0 0 0 0 0
"7" 7 0.410256410256 166 72 58 51 36 32 19 18 16 12 11 5 2 1 1 0 0 0 0 0
"8" 8 0.502564102564 124 120 74 64 36 16 16 14 11 11 7 3 2 1 1 0 0 0 0 0
"9" 9 0.410852713178 160 71 53 49 33 25 25 19 17 17 15 7 6 3 0 0 0 0 0 0
"10" 10 0.567164179104 107 103 97 49 43 26 25 15 11 9 9 5 1 0 0 0 0 0 0 0
"11" 11 0.418439716312 113 112 101 46 41 28 13 9 8 8 7 5 4 4 1 0 0 0 0 0
"12" 12 0.271523178808 105 94 93 51 37 33 32 19 13 10 5 3 2 2 1 0 0 0 0 0
"13" 13 0.497890295359 143 131 60 31 30 21 19 16 16 15 7 6 5 0 0 0 0 0 0 0
"14" 14 0.422018348624 111 105 88 45 35 33 28 21 8 8 6 5 4 3 0 0 0 0 0 0
"15" 15 0.10447761194 186 144 37 30 29 26 12 9 8 8 8 1 1 1 0 0 0 0 0 0
"16" 16 0.436781609195 133 117 89 42 32 28 24 8 8 6 5 4 2 1 1 0 0 0 0 0
"17" 17 0.549107142857 196 107 63 29 27 25 18 9 9 5 3 2 2 2 1 1 1 0 0 0
"18" 18 0.709821428571 160 98 68 54 25 22 17 17 14 7 6 4 4 2 1 1 0 0 0 0
"19" 19 0.450777202073 195 66 52 42 35 33 19 16 11 10 6 6 3 3 3 0 0 0 0 0
"20" 20 0.465408805031 429 28 19 8 5 4 3 2 1 1 0 0 0 0 0 0 0 0 0 0
"21" 21 0.125 122 105 90 55 33 25 19 17 14 7 5 4 2 2 0 0 0 0 0 0
"22" 22 0.26359832636 178 90 88 42 39 19 16 8 8 5 3 1 1 1 1 0 0 0 0 0
"23" 23 0.301255230126 280 86 44 35 17 9 8 8 3 2 2 2 1 1 1 1 0 0 0 0
"24" 24 0.526785714286 124 79 71 56 43 32 27 22 16 7 7 4 4 3 2 2 1 0 0 0
"25" 25 0.464135021097 140 119 38 37 36 32 23 21 16 9 9 6 6 4 2 1 1 0 0 0
"26" 26 0.402985074627 230 64 59 30 25 21 15 14 14 7 6 4 4 3 1 1 1 1 0 0
"27" 27 0.627906976744 131 128 54 42 26 25 22 19 16 12 10 9 4 2 0 0 0 0 0 0
"28" 28 0.497757847534 307 47 41 33 17 16 11 8 7 4 3 2 2 1 1 0 0 0 0 0
"29" 29 0.736434108527 288 76 24 23 23 17 16 9 7 6 4 3 2 1 1 0 0 0 0 0
"30" 30 0.618834080717 130 81 76 67 43 24 17 14 13 12 10 5 4 3 1 0 0 0 0 0
"31" 31 0.561181434599 185 55 53 50 39 35 18 15 9 9 8 7 5 4 4 2 2 0 0 0
"32" 32 0.132075471698 379 59 43 13 1 1 1 1 1 1 0 0 0 0 0 0 0 0 0 0
"33" 33 0.441605839416 243 76 48 35 34 32 8 7 5 3 3 3 2 1 0 0 0 0 0 0
"34" 34 0.175732217573 272 69 44 40 17 16 16 11 5 3 3 2 1 1 0 0 0 0 0 0
"35" 35 0.0 227 130 55 47 16 12 6 3 2 1 1 0 0 0 0 0 0 0 0 0
"36" 36 0.0141843971631 103 96 78 71 51 22 18 18 16 11 8 2 2 2 1 1 0 0 0 0
"37" 37 0.0 364 48 30 23 11 6 4 4 3 2 2 2 1 0 0 0 0 0 0 0
"38" 38 0.00961538461538 253 114 107 14 8 3 1 0 0 0 0 0 0 0 0 0 0 0 0 0
"39" 39 0.0189873417722 282 99 68 20 14 11 2 1 1 1 1 0 0 0 0 0 0 0 0 0
"40" 40 0.430463576159 216 88 44 39 37 24 14 10 9 9 8 1 1 0 0 0 0 0 0 0
"41" 41 0.40414507772 153 95 60 44 27 23 19 18 14 13 8 8 7 6 2 2 1 0 0 0
"42" 42 0.23178807947 212 73 61 60 26 23 18 17 6 3 1 0 0 0 0 0 0 0 0 0
"43" 43 0.551094890511 151 70 45 37 32 29 22 22 16 14 13 12 12 10 6 5 4 0 0 0
"44" 44 0.166666666667 158 62 60 52 33 29 23 23 14 14 12 11 4 4 1 0 0 0 0 0
"45" 45 0.364779874214 239 115 38 36 31 18 10 8 2 1 1 1 0 0 0 0 0 0 0 0
"46" 46 0.0 116 102 64 60 29 22 21 16 16 11 10 8 7 6 4 4 4 0 0 0
"47" 47 0.294642857143 86 85 59 52 49 40 38 23 19 14 13 12 6 2 1 1 0 0 0 0
"48" 48 0.748175182482 152 132 89 27 24 23 17 16 9 5 2 1 1 1 1 0 0 0 0 0
"49" 49 0.1592039801 365 50 18 15 12 10 8 6 5 4 2 2 1 1 1 0 0 0 0 0
"50" 50 0.28488372093 166 83 63 47 34 21 20 14 14 8 7 7 5 4 4 3 0 0 0 0
"51" 51 0.538461538462 489 11 0 0 0 0 0 0 0 0 0 0 0 0 0 0 0 0 0 0
"52" 52 0.124378109453 150 112 69 45 32 19 12 12 11 10 10 5 4 3 3 1 1 1 0 0
"53" 53 0.459821428571 168 110 95 23 19 19 16 12 9 9 8 5 4 2 1 0 0 0 0 0
"54" 54 0.534591194969 232 130 42 36 17 15 11 9 3 2 1 1 1 0 0 0 0 0 0 0
"55" 55 0.384615384615 500 0 0 0 0 0 0 0 0 0 0 0 0 0 0 0 0 0 0 0
"56" 56 0.290178571429 200 104 48 29 28 28 26 12 6 5 4 4 3 1 1 1 0 0 0 0
"57" 57 0.089552238806 141 97 71 66 36 36 16 14 10 4 3 3 2 1 0 0 0 0 0 0
"58" 58 0.255230125523 167 79 72 58 32 16 16 12 7 7 6 6 5 5 4 3 3 2 0 0
"59" 59 0.333333333333 114 111 99 56 36 29 12 12 10 6 5 4 4 1 1 0 0 0 0 0
"60" 60 0.0765550239234 238 84 59 46 21 17 7 6 6 5 4 2 2 2 1 0 0 0 0 0
"61" 61 0.251824817518 185 62 58 49 33 23 22 18 15 13 6 5 5 2 2 1 1 0 0 0
"62" 62 0.0769230769231 324 73 66 20 12 2 1 1 1 0 0 0 0 0 0 0 0 0 0 0
"63" 63 0.293103448276 151 73 67 57 29 29 28 13 12 11 10 7 5 4 2 2 0 0 0 0
"64" 64 0.0 424 39 17 15 4 1 0 0 0 0 0 0 0 0 0 0 0 0 0 0
"65" 65 0.0102564102564 147 125 111 49 48 15 4 1 0 0 0 0 0 0 0 0 0 0 0 0
"66" 66 0.0 120 117 52 49 40 38 28 23 10 10 5 2 2 2 1 1 0 0 0 0
"67" 67 0.0114942528736 222 125 32 31 28 10 10 10 8 6 5 5 4 2 1 1 0 0 0 0
"68" 68 0.0659898477157 166 87 52 45 35 25 19 18 16 11 10 7 4 3 2 0 0 0 0 0
"69" 69 0.622009569378 130 101 89 44 39 19 14 12 11 10 10 6 6 5 3 1 0 0 0 0
"70" 70 0.720930232558 232 104 37 29 26 22 11 10 9 7 6 4 3 0 0 0 0 0 0 0
"71" 71 0.150259067358 366 37 30 21 19 9 6 5 4 2 1 0 0 0 0 0 0 0 0 0
"72" 72 0.616915422886 154 93 92 43 42 33 27 6 4 3 2 1 0 0 0 0 0 0 0 0
"73" 73 0.517948717949 129 71 69 66 51 44 29 20 9 4 4 2 1 1 0 0 0 0 0 0
"74" 74 0.0 138 126 91 39 38 24 13 8 6 4 3 2 2 2 2 1 1 0 0 0
"75" 75 0.169154228856 135 85 69 62 47 27 26 19 9 7 4 4 2 2 1 1 0 0 0 0
"76" 76 0.403973509934 72 63 58 56 53 46 44 30 27 25 10 10 2 2 1 1 0 0 0 0
"77" 77 0.149425287356 142 94 41 33 33 29 27 22 18 14 12 11 10 7 3 3 1 0 0 0
"78" 78 0.0 238 102 70 27 13 11 8 8 7 5 5 2 1 1 1 1 0 0 0 0
"79" 79 0.345291479821 169 91 84 63 24 21 10 8 8 7 5 3 2 2 2 1 0 0 0 0
"80" 80 0.41825095057 201 75 46 44 29 26 25 23 10 6 3 3 3 3 2 1 0 0 0 0
"81" 81 0.0 222 177 42 42 5 2 2 2 2 2 2 0 0 0 0 0 0 0 0 0
"82" 82 0.0 199 57 47 45 40 23 20 19 15 11 10 7 3 2 2 0 0 0 0 0
"83" 83 0.295336787565 125 85 76 65 32 28 19 16 13 9 7 5 5 4 4 3 3 1 0 0
"84" 84 0.373563218391 195 93 66 48 44 25 10 5 5 4 2 1 1 1 0 0 0 0 0 0
"85" 85 0.0995024875622 298 51 47 25 22 17 10 7 5 4 3 3 3 2 1 1 1 0 0 0
"86" 86 0.513392857143 133 81 47 44 42 40 39 27 25 17 5 0 0 0 0 0 0 0 0 0
"87" 87 0.0 197 177 71 23 20 6 5 1 0 0 0 0 0 0 0 0 0 0 0 0
"88" 88 0.379464285714 167 140 48 37 27 27 20 13 7 5 3 3 2 1 0 0 0 0 0 0
"89" 89 0.200956937799 285 57 44 28 23 20 15 10 4 4 4 2 2 1 1 0 0 0 0 0
"90" 90 0.0 294 43 41 36 26 24 24 4 2 2 2 1 1 0 0 0 0 0 0 0
"91" 91 0.0355329949239 248 111 56 27 22 10 6 6 3 3 3 2 2 1 0 0 0 0 0 0
"92" 92 0.00507614213198 287 119 23 22 19 12 7 7 2 1 1 0 0 0 0 0 0 0 0 0
"93" 93 0.0253164556962 146 141 74 41 32 20 17 8 7 6 2 2 2 2 0 0 0 0 0 0
"94" 94 0.0 209 94 92 52 42 4 2 2 1 1 1 0 0 0 0 0 0 0 0 0
"95" 95 0.0478468899522 296 79 26 22 15 15 11 8 6 4 4 4 4 3 1 1 1 0 0 0
"96" 96 0.106463878327 104 97 66 62 48 27 20 17 14 10 9 8 6 5 5 1 1 0 0 0
"97" 97 0.557692307692 492 6 2 0 0 0 0 0 0 0 0 0 0 0 0 0 0 0 0 0
"98" 98 0.0189873417722 362 82 35 5 4 3 3 2 1 1 1 1 0 0 0 0 0 0 0 0
"99" 99 0.384615384615 137 131 88 61 19 18 11 11 9 7 3 2 1 1 1 0 0 0 0 0
"100" 100 0.0576923076923 177 81 79 53 47 20 11 7 7 6 6 2 2 1 1 0 0 0 0 0
"101" 101 0.0287356321839 215 113 66 46 16 13 13 5 5 3 3 1 1 0 0 0 0 0 0 0
"102" 102 0.363228699552 180 90 45 36 27 25 22 18 16 13 12 7 4 4 1 0 0 0 0 0
"103" 103 0.100775193798 93 69 56 51 46 46 32 27 19 18 13 12 7 4 3 2 1 1 0 0
"104" 104 0.0697674418605 300 111 30 20 15 11 4 2 2 2 1 1 1 0 0 0 0 0 0 0
"105" 105 0.229885057471 90 85 59 50 40 34 29 25 19 17 17 15 8 6 4 2 0 0 0 0
"106" 106 0.486607142857 101 97 51 48 46 43 42 24 22 12 5 3 2 2 1 1 0 0 0 0
"107" 107 0.476923076923 226 75 53 40 27 26 26 15 4 2 2 1 1 1 1 0 0 0 0 0
"108" 108 0.283018867925 90 82 76 59 50 44 34 23 18 9 5 4 2 2 1 1 0 0 0 0
"109" 109 0.857142857143 446 32 10 5 4 1 1 1 0 0 0 0 0 0 0 0 0 0 0 0
"110" 110 0.477611940299 85 81 75 39 39 39 35 23 18 15 14 10 9 8 4 3 3 0 0 0
"111" 111 0.442307692308 500 0 0 0 0 0 0 0 0 0 0 0 0 0 0 0 0 0 0 0
"112" 112 0.756218905473 196 107 64 48 28 26 16 5 4 3 2 1 0 0 0 0 0 0 0 0
"113" 113 0.269035532995 152 111 58 53 33 27 17 15 9 6 6 3 3 3 2 1 1 0 0 0
"114" 114 0.148717948718 110 102 94 37 26 24 21 18 13 12 11 9 8 5 4 4 2 0 0 0
"115" 115 0.523076923077 133 125 91 40 26 24 19 13 10 8 4 3 2 1 1 0 0 0 0 0
"116" 116 0.234042553191 250 67 40 34 27 20 19 13 9 7 4 4 3 1 1 1 0 0 0 0
"117" 117 0.0199004975124 156 125 44 40 36 30 18 14 13 8 6 3 3 3 1 0 0 0 0 0
"118" 118 0.393034825871 140 68 52 44 41 34 29 21 20 19 15 10 3 2 2 0 0 0 0 0
"119" 119 0.358851674641 103 71 60 50 44 32 31 29 25 24 19 6 4 2 0 0 0 0 0 0
"120" 120 0.0 286 41 35 31 29 22 19 15 7 4 2 2 2 2 2 1 0 0 0 0
"121" 121 0.375912408759 119 76 61 55 51 48 29 14 13 9 9 7 3 3 2 1 0 0 0 0
"122" 122 0.528497409326 123 98 62 36 32 30 27 24 20 17 17 11 2 1 0 0 0 0 0 0
"123" 123 0.0609137055838 206 101 51 32 19 18 18 18 14 11 6 3 2 1 0 0 0 0 0 0
"124" 124 0.205673758865 95 86 85 49 34 30 28 27 27 13 9 6 3 3 3 1 1 0 0 0
"125" 125 0.456066945607 175 92 83 49 27 24 22 9 7 4 3 3 1 1 0 0 0 0 0 0
"126" 126 0.497890295359 199 146 67 24 22 12 6 6 5 5 4 2 1 1 0 0 0 0 0 0
"127" 127 0.0622009569378 167 148 146 12 11 4 3 3 2 2 1 1 0 0 0 0 0 0 0 0
"128" 128 0.423841059603 134 82 77 56 37 30 17 15 12 12 8 5 5 3 3 2 2 0 0 0
"129" 129 0.615894039735 146 127 89 44 19 18 17 16 9 5 5 3 1 1 0 0 0 0 0 0
"130" 130 0.0398009950249 142 63 61 53 40 34 22 21 17 16 14 7 5 2 2 1 0 0 0 0
"131" 131 0.0199004975124 367 70 33 8 7 5 3 3 1 1 1 1 0 0 0 0 0 0 0 0
"132" 132 0.413461538462 242 58 52 24 24 22 20 19 16 14 3 3 1 1 1 0 0 0 0 0
"133" 133 0.59375 186 66 66 48 34 25 23 21 15 8 6 2 0 0 0 0 0 0 0 0
"134" 134 0.178899082569 155 130 95 50 42 10 4 4 3 2 2 1 1 1 0 0 0 0 0 0
"135" 135 0.433962264151 163 160 63 47 19 14 12 11 7 4 0 0 0 0 0 0 0 0 0 0
"136" 136 0.614349775785 250 93 88 29 21 4 4 3 2 2 2 2 0 0 0 0 0 0 0 0
"137" 137 0.607142857143 150 120 81 58 55 13 8 7 6 2 0 0 0 0 0 0 0 0 0 0
"138" 138 0.430656934307 101 88 68 68 51 39 35 34 5 5 4 1 1 0 0 0 0 0 0 0
"139" 139 0.20802919708 248 118 35 21 18 16 13 7 6 6 4 3 2 2 1 0 0 0 0 0
"140" 140 0.228855721393 146 85 76 44 39 27 25 17 9 7 6 6 5 3 3 2 0 0 0 0
"141" 141 0.212435233161 174 169 38 26 22 17 13 13 8 5 5 4 3 2 1 0 0 0 0 0
"142" 142 0.0988372093023 121 99 61 43 42 41 23 16 14 11 11 7 5 2 2 1 1 0 0 0
"143" 143 0.0 187 151 61 49 17 10 9 4 4 3 2 1 1 1 0 0 0 0 0 0
"144" 144 0.0253164556962 134 98 68 63 60 34 20 13 4 3 2 1 0 0 0 0 0 0 0 0
"145" 145 0.0892857142857 128 87 82 64 52 32 15 8 6 6 5 4 4 2 2 2 1 0 0 0
"146" 146 0.0 196 129 72 26 20 15 9 7 5 5 5 4 3 2 1 1 0 0 0 0
"147" 147 0.00512820512821 182 103 84 37 21 21 17 8 6 4 4 4 2 2 2 2 1 0 0 0
"148" 148 0.0 338 83 31 25 21 1 1 0 0 0 0 0 0 0 0 0 0 0 0 0
"149" 149 0.0137614678899 130 93 57 40 31 28 25 24 23 14 13 8 7 2 2 2 1 0 0 0
"150" 150 0.0535714285714 195 110 68 22 21 17 13 12 10 8 8 6 5 3 1 1 0 0 0 0
"151" 151 0.0179372197309 271 90 62 17 16 12 9 5 5 4 3 2 2 1 1 0 0 0 0 0
"152" 152 0.0172413793103 146 144 117 41 22 8 6 5 4 3 2 1 1 0 0 0 0 0 0 0
"153" 153 0.19391634981 153 121 78 38 26 22 20 12 10 7 6 2 2 1 1 1 0 0 0 0
"154" 154 0.133333333333 150 63 53 42 37 35 31 31 18 14 9 6 5 3 2 1 0 0 0 0
"155" 155 0.0 272 85 36 33 23 17 13 9 5 2 2 1 1 1 0 0 0 0 0 0
"156" 156 0.0 151 115 113 49 33 9 8 7 4 4 3 1 1 1 1 0 0 0 0 0
"157" 157 0.334928229665 92 79 54 48 40 40 35 28 24 23 22 8 3 3 1 0 0 0 0 0
"158" 158 0.105960264901 187 91 72 53 28 25 10 7 6 5 5 4 3 2 2 0 0 0 0 0
"159" 159 0.686046511628 172 94 91 34 32 29 10 8 7 7 6 5 3 2 0 0 0 0 0 0
"160" 160 0.0964467005076 99 89 69 51 34 30 27 26 16 14 12 10 9 8 2 2 1 1 0 0
"161" 161 0.0 131 64 48 47 44 43 32 25 22 12 12 7 6 4 3 0 0 0 0 0
"162" 162 0.233183856502 157 72 71 66 39 38 16 11 10 10 4 3 2 1 0 0 0 0 0 0
"163" 163 0.350993377483 126 124 95 50 21 20 18 13 10 8 5 3 3 2 2 0 0 0 0 0
"164" 164 0.0 142 88 68 49 36 21 18 18 13 11 10 7 6 6 4 3 0 0 0 0
"165" 165 0.0567375886525 353 39 31 24 18 9 9 7 3 2 2 1 1 1 0 0 0 0 0 0
"166" 166 0.662447257384 149 98 58 41 39 29 25 15 11 9 9 9 4 4 0 0 0 0 0 0
"167" 167 0.463503649635 133 85 68 44 38 36 26 18 14 11 10 7 7 3 0 0 0 0 0 0
"168" 168 0.423076923077 489 11 0 0 0 0 0 0 0 0 0 0 0 0 0 0 0 0 0 0
"169" 169 0.170403587444 106 79 73 57 41 37 22 21 16 12 9 7 6 4 4 4 2 0 0 0
"170" 170 0.725738396624 381 44 15 11 10 7 6 5 5 5 5 4 1 1 0 0 0 0 0 0
"171" 171 0.0114942528736 288 53 48 34 15 15 12 10 10 5 4 2 2 1 1 0 0 0 0 0
"172" 172 0.151162790698 98 94 68 66 44 32 28 23 11 9 8 8 5 4 1 1 0 0 0 0
"173" 173 0.0 165 94 71 63 60 11 10 7 7 4 3 3 2 0 0 0 0 0 0 0
"174" 174 0.124401913876 170 87 82 78 32 28 13 5 2 1 1 1 0 0 0 0 0 0 0 0
"175" 175 0.0 420 56 12 9 1 1 1 0 0 0 0 0 0 0 0 0 0 0 0 0
"176" 176 0.184397163121 247 67 56 50 37 11 7 7 6 5 4 2 1 0 0 0 0 0 0 0
"177" 177 0.0 236 65 52 44 35 20 16 7 7 5 5 3 2 1 1 1 0 0 0 0
"178" 178 0.0380228136882 305 105 39 19 16 5 4 4 2 1 0 0 0 0 0 0 0 0 0 0
"179" 179 0.125 128 85 75 66 63 26 14 9 8 6 5 3 3 3 3 2 1 0 0 0
"180" 180 0.38578680203 214 69 58 38 33 26 10 9 9 7 7 5 5 4 4 1 1 0 0 0
"181" 181 0.870813397129 165 92 48 47 37 31 29 28 9 6 4 3 1 0 0 0 0 0 0 0
"182" 182 0.59585492228 122 91 62 51 43 34 25 18 17 15 9 8 3 2 0 0 0 0 0 0
"183" 183 0.25 218 86 62 33 27 26 19 11 7 4 3 3 1 0 0 0 0 0 0 0
"184" 184 0.597014925373 117 113 49 45 44 40 35 19 18 8 7 2 2 1 0 0 0 0 0 0
"185" 185 0.238805970149 231 68 57 41 28 14 10 8 8 8 6 5 5 5 3 3 0 0 0 0
"186" 186 0.441605839416 189 61 59 49 41 40 28 19 5 2 2 2 1 1 1 0 0 0 0 0
"187" 187 0.430051813472 302 72 57 16 15 11 9 6 5 3 1 1 1 1 0 0 0 0 0 0
"188" 188 0.109452736318 165 98 82 57 38 16 14 13 6 4 4 2 1 0 0 0 0 0 0 0
"189" 189 0.414507772021 309 98 27 24 15 8 7 5 3 3 1 0 0 0 0 0 0 0 0 0
"190" 190 0.0229885057471 133 124 75 58 41 39 9 8 4 3 3 2 1 0 0 0 0 0 0 0
"191" 191 0.197674418605 211 63 47 38 31 31 19 18 15 11 6 6 2 1 1 0 0 0 0 0
"192" 192 0.0 263 142 41 16 12 12 6 4 2 1 1 0 0 0 0 0 0 0 0 0
"193" 193 0.43023255814 212 85 50 48 29 23 22 14 7 4 2 1 1 1 1 0 0 0 0 0
"194" 194 0.266666666667 167 120 60 50 46 19 15 12 4 2 2 1 1 1 0 0 0 0 0 0
"195" 195 0.321167883212 137 85 50 38 37 30 22 21 21 18 13 9 8 7 2 1 1 0 0 0
"196" 196 0.486607142857 148 76 66 65 56 32 18 16 11 5 5 2 0 0 0 0 0 0 0 0
"197" 197 0.191860465116 179 140 35 30 23 22 21 15 11 8 5 4 2 2 1 1 1 0 0 0
"198" 198 0.0199004975124 213 115 42 30 26 21 14 10 9 7 7 2 2 1 1 0 0 0 0 0
"199" 199 0.25 112 80 76 72 56 24 20 18 15 12 3 3 3 3 2 1 0 0 0 0
"200" 200 0.367713004484 162 146 41 39 38 26 20 9 8 6 4 1 0 0 0 0 0 0 0 0
"201" 201 0.175182481752 183 57 57 42 37 30 29 23 16 11 6 3 3 2 1 0 0 0 0 0
"202" 202 0.102661596958 151 132 64 41 21 17 15 13 13 8 8 8 7 1 1 0 0 0 0 0
"203" 203 0.521897810219 140 113 89 28 28 24 21 18 16 9 8 2 2 1 1 0 0 0 0 0
"204" 204 0.354066985646 148 141 68 40 21 19 19 17 11 4 4 3 3 1 1 0 0 0 0 0
"205" 205 0.0769230769231 201 163 62 18 18 12 7 5 4 4 2 2 1 1 0 0 0 0 0 0
"206" 206 0.0761421319797 148 97 80 48 27 19 18 16 13 8 8 7 6 2 1 1 1 0 0 0
"207" 207 0.311258278146 135 97 89 44 38 26 25 17 11 10 4 3 1 0 0 0 0 0 0 0
"208" 208 0.394871794872 91 75 71 52 46 36 33 21 19 18 16 14 4 2 1 1 0 0 0 0
"209" 209 0.149253731343 96 95 54 50 46 31 22 19 16 15 15 13 11 7 4 4 1 1 0 0
"210" 210 0.493670886076 226 51 48 30 27 26 20 19 15 12 9 7 6 1 1 1 1 0 0 0
"211" 211 0.716417910448 134 132 72 50 28 19 17 11 10 9 7 5 2 2 1 1 0 0 0 0
"212" 212 0.835443037975 191 67 64 47 47 33 20 10 10 6 3 1 1 0 0 0 0 0 0 0
