"site" "RSA" "aa1" "aa2" "aa3" "aa4" "aa5" "aa6" "aa7" "aa8" "aa9" "aa10" "aa11" "aa12" "aa13" "aa14" "aa15" "aa16" "aa17" "aa18" "aa19" "aa20"
"0" 0 0.736040609137 101 78 72 61 45 25 19 18 17 14 14 12 9 5 4 3 3 0 0 0
"1" 1 0.157232704403 184 111 57 38 29 24 19 14 12 5 2 2 1 1 1 0 0 0 0 0
"2" 2 0.527131782946 110 92 68 45 40 40 30 17 15 15 14 6 3 2 2 1 0 0 0 0
"3" 3 0.154811715481 384 62 18 10 7 5 5 2 2 2 1 1 1 0 0 0 0 0 0 0
"4" 4 0.488038277512 211 109 47 33 28 21 19 10 8 5 4 3 1 1 0 0 0 0 0 0
"5" 5 0.553459119497 248 51 45 41 41 18 18 9 8 7 5 4 4 1 0 0 0 0 0 0
"6" 6 0.644230769231 387 109 2 1 1 0 0 0 0 0 0 0 0 0 0 0 0 0 0 0
"7" 7 0.482142857143 107 100 77 69 42 26 18 17 12 9 9 7 5 1 1 0 0 0 0 0
"8" 8 0.174129353234 393 23 20 13 13 12 5 4 4 3 2 2 2 1 1 1 1 0 0 0
"9" 9 0.0512820512821 147 127 56 51 31 17 16 12 8 8 6 6 5 5 2 2 1 0 0 0
"10" 10 0.373563218391 186 136 48 31 27 18 17 14 6 5 5 3 1 1 1 1 0 0 0 0
"11" 11 0.0570342205323 207 132 42 30 27 21 16 6 6 6 4 2 1 0 0 0 0 0 0 0
"12" 12 0.35761589404 145 93 70 61 31 31 21 17 12 8 6 3 1 1 0 0 0 0 0 0
"13" 13 0.325581395349 136 100 66 42 39 36 19 15 15 9 8 7 7 1 0 0 0 0 0 0
"14" 14 0.213836477987 254 51 39 34 34 30 17 13 9 6 3 3 2 2 2 1 0 0 0 0
"15" 15 0.384615384615 194 98 65 57 24 19 15 12 12 2 2 0 0 0 0 0 0 0 0 0
"16" 16 0.321243523316 221 97 96 36 17 11 8 3 3 2 2 2 1 1 0 0 0 0 0 0
"17" 17 0.0 108 104 101 80 66 14 8 8 6 5 0 0 0 0 0 0 0 0 0 0
"18" 18 0.0697674418605 181 97 65 33 23 19 17 15 12 7 7 7 7 5 2 2 1 0 0 0
"19" 19 0.326424870466 150 104 71 41 30 27 21 17 14 8 8 4 2 2 1 0 0 0 0 0
"20" 20 0.00574712643678 211 77 64 37 36 35 12 8 7 6 3 2 1 1 0 0 0 0 0 0
"21" 21 0.0132450331126 277 94 36 28 23 15 12 9 2 2 1 1 0 0 0 0 0 0 0 0
"22" 22 0.459854014599 244 46 45 43 42 15 14 13 11 6 6 5 4 3 3 0 0 0 0 0
"23" 23 0.302325581395 95 82 65 63 38 35 29 24 19 14 12 7 6 5 3 2 1 0 0 0
"24" 24 0.0845771144279 343 33 28 20 17 13 9 9 6 5 5 3 3 2 2 1 1 0 0 0
"25" 25 0.350364963504 124 70 58 45 44 43 30 25 15 14 14 5 4 3 3 2 1 0 0 0
"26" 26 0.73631840796 227 51 48 46 37 32 24 8 8 7 5 3 2 2 0 0 0 0 0 0
"27" 27 0.563953488372 206 80 37 31 30 24 23 14 13 12 11 5 5 2 2 2 2 1 0 0
"28" 28 0.480769230769 492 8 0 0 0 0 0 0 0 0 0 0 0 0 0 0 0 0 0 0
"29" 29 0.215328467153 140 71 59 55 45 38 24 17 17 9 9 8 4 2 1 1 0 0 0 0
"30" 30 0.284671532847 84 81 76 75 37 33 31 27 11 11 9 9 4 4 3 2 2 1 0 0
"31" 31 0.00574712643678 193 192 35 29 19 16 6 3 3 2 1 1 0 0 0 0 0 0 0 0
"32" 32 0.0 100 83 76 64 39 37 32 20 11 11 10 7 5 3 1 1 0 0 0 0
"33" 33 0.0 196 194 40 33 18 5 3 3 3 2 2 1 0 0 0 0 0 0 0 0
"34" 34 0.0 417 27 17 12 12 7 5 2 1 0 0 0 0 0 0 0 0 0 0 0
"35" 35 0.157232704403 168 111 66 30 29 19 17 17 14 11 10 4 2 1 1 0 0 0 0 0
"36" 36 0.0872093023256 275 168 26 7 5 4 4 3 3 3 1 1 0 0 0 0 0 0 0 0
"37" 37 0.587155963303 136 103 50 42 39 31 27 23 15 14 10 4 3 2 1 0 0 0 0 0
"38" 38 0.0192307692308 500 0 0 0 0 0 0 0 0 0 0 0 0 0 0 0 0 0 0 0
"39" 39 0.341085271318 376 24 22 18 14 13 11 11 6 3 2 0 0 0 0 0 0 0 0 0
"40" 40 0.0149253731343 253 79 57 34 26 13 11 9 5 3 3 3 2 1 1 0 0 0 0 0
"41" 41 0.11961722488 103 93 86 69 66 32 13 11 10 8 5 2 1 1 0 0 0 0 0 0
"42" 42 0.379464285714 167 146 57 29 25 22 22 21 4 3 2 1 1 0 0 0 0 0 0 0
"43" 43 0.115384615385 126 97 82 49 41 21 20 14 10 8 7 7 6 3 3 3 3 0 0 0
"44" 44 0.143540669856 149 51 50 48 47 34 25 22 20 17 17 12 3 2 2 1 0 0 0 0
"45" 45 0.0149253731343 105 105 85 70 53 23 14 11 7 5 4 4 4 3 3 3 1 0 0 0
"46" 46 0.15503875969 86 74 60 59 54 50 35 14 14 11 10 8 8 6 6 5 0 0 0 0
"47" 47 0.089552238806 154 125 96 29 22 17 15 14 8 6 4 3 2 2 2 1 0 0 0 0
"48" 48 0.0114942528736 201 126 46 25 15 15 15 14 11 9 8 6 3 2 2 1 1 0 0 0
"49" 49 0.317518248175 134 110 67 59 28 27 16 13 11 10 9 8 4 3 1 0 0 0 0 0
"50" 50 0.0852713178295 130 119 97 39 24 19 19 9 7 7 6 6 6 5 3 2 1 1 0 0
"51" 51 0.0 458 28 13 1 0 0 0 0 0 0 0 0 0 0 0 0 0 0 0 0
"52" 52 0.333333333333 176 102 44 35 32 20 20 18 16 10 8 7 4 3 2 1 1 1 0 0
"53" 53 0.649635036496 128 93 60 54 50 48 21 14 8 8 7 5 3 1 0 0 0 0 0 0
"54" 54 0.051724137931 239 50 42 33 24 23 20 16 15 13 9 8 5 3 0 0 0 0 0 0
"55" 55 0.610062893082 335 130 23 7 4 1 0 0 0 0 0 0 0 0 0 0 0 0 0 0
"56" 56 0.461538461538 354 139 6 1 0 0 0 0 0 0 0 0 0 0 0 0 0 0 0 0
"57" 57 0.0331125827815 274 176 41 4 2 1 1 1 0 0 0 0 0 0 0 0 0 0 0 0
"58" 58 0.0 183 155 47 26 26 18 11 10 9 4 3 3 3 1 1 0 0 0 0 0
"59" 59 0.0 303 93 69 12 11 5 4 3 0 0 0 0 0 0 0 0 0 0 0 0
"60" 60 0.0 284 99 40 29 29 9 8 1 1 0 0 0 0 0 0 0 0 0 0 0
"61" 61 0.0 368 43 38 17 13 10 3 3 2 2 1 0 0 0 0 0 0 0 0 0
"62" 62 0.00662251655629 126 110 71 70 54 24 16 12 7 2 2 2 2 2 0 0 0 0 0 0
"63" 63 0.152284263959 223 79 57 33 28 21 21 13 8 7 4 4 1 1 0 0 0 0 0 0
"64" 64 0.071129707113 325 126 36 4 3 1 1 1 1 1 1 0 0 0 0 0 0 0 0 0
"65" 65 0.551724137931 107 101 95 49 46 32 22 16 10 8 6 5 2 1 0 0 0 0 0 0
"66" 66 0.205128205128 169 94 55 51 33 26 20 15 13 7 5 4 3 2 2 1 0 0 0 0
"67" 67 0.358490566038 211 88 49 39 32 14 13 11 11 8 8 6 6 2 1 1 0 0 0 0
"68" 68 0.646788990826 207 66 38 27 26 22 21 19 14 13 12 11 9 5 4 3 2 1 0 0
"69" 69 0.22869955157 189 58 54 32 26 21 21 18 15 14 11 10 8 7 6 6 3 1 0 0
"70" 70 0.857740585774 220 141 47 44 20 13 7 5 1 1 1 0 0 0 0 0 0 0 0 0
"71" 71 0.730769230769 461 38 1 0 0 0 0 0 0 0 0 0 0 0 0 0 0 0 0 0
"72" 72 0.503875968992 268 77 34 32 30 15 9 9 7 4 4 3 3 2 2 1 0 0 0 0
"73" 73 1.18238993711 484 5 5 3 2 1 0 0 0 0 0 0 0 0 0 0 0 0 0 0
"74" 74 0.60621761658 211 104 76 48 19 14 12 6 5 2 1 1 1 0 0 0 0 0 0 0
"75" 75 0.497409326425 279 136 16 13 11 10 9 6 6 6 5 2 1 0 0 0 0 0 0 0
"76" 76 0.0362694300518 369 47 28 12 8 8 6 5 4 3 3 2 2 1 1 1 0 0 0 0
"77" 77 0.318407960199 84 79 69 51 51 40 27 27 20 17 11 7 6 5 2 2 2 0 0 0
"78" 78 0.472868217054 158 98 77 44 39 20 18 14 7 7 4 4 3 2 2 2 1 0 0 0
"79" 79 0.215246636771 106 100 89 78 28 17 17 14 13 11 9 9 2 2 2 2 1 0 0 0
"80" 80 0.00497512437811 271 73 60 27 23 10 10 9 5 5 3 2 1 1 0 0 0 0 0 0
"81" 81 0.63503649635 289 68 44 31 19 14 9 9 6 3 3 2 1 1 1 0 0 0 0 0
"82" 82 0.674418604651 102 64 63 62 46 37 32 25 24 21 7 6 4 3 3 1 0 0 0 0
"83" 83 0.183035714286 133 100 58 50 48 24 23 13 9 8 8 6 6 6 4 3 1 0 0 0
"84" 84 0.278846153846 463 37 0 0 0 0 0 0 0 0 0 0 0 0 0 0 0 0 0 0
"85" 85 0.00574712643678 390 35 31 27 7 5 2 2 1 0 0 0 0 0 0 0 0 0 0 0
"86" 86 0.0357142857143 142 94 70 42 35 31 20 15 15 15 15 3 2 1 0 0 0 0 0 0
"87" 87 0.0 284 67 43 41 16 12 11 10 8 3 2 1 1 1 0 0 0 0 0 0
"88" 88 0.0 101 77 68 57 48 44 39 22 18 11 8 3 3 1 0 0 0 0 0 0
"89" 89 0.0 267 177 14 12 11 5 5 3 2 2 1 1 0 0 0 0 0 0 0 0
"90" 90 0.197674418605 162 143 114 19 15 12 11 6 4 3 3 3 3 2 0 0 0 0 0 0
"91" 91 0.062893081761 386 50 14 13 11 6 4 4 3 2 2 2 1 1 1 0 0 0 0 0
"92" 92 0.482558139535 218 59 53 43 34 27 15 15 12 11 6 4 3 0 0 0 0 0 0 0
"93" 93 0.389534883721 85 73 65 59 51 39 23 21 19 17 12 11 10 8 3 2 1 1 0 0
"94" 94 0.542635658915 91 81 81 61 48 46 25 23 21 14 8 1 0 0 0 0 0 0 0 0
"95" 95 0.240310077519 91 75 62 57 31 29 25 23 17 14 13 12 11 10 10 8 7 5 0 0
"96" 96 0.0045871559633 176 95 33 33 31 25 24 23 22 13 8 7 4 4 1 1 0 0 0 0
"97" 97 0.117870722433 218 147 53 28 22 13 5 5 4 3 1 1 0 0 0 0 0 0 0 0
"98" 98 0.591194968553 156 136 46 34 33 28 24 15 9 9 5 3 1 1 0 0 0 0 0 0
"99" 99 0.533678756477 194 113 61 48 34 28 6 4 2 2 2 2 2 1 1 0 0 0 0 0
"100" 100 0.384615384615 500 0 0 0 0 0 0 0 0 0 0 0 0 0 0 0 0 0 0 0
"101" 101 0.492537313433 142 72 65 56 54 29 14 14 12 9 8 7 7 4 4 3 0 0 0 0
"102" 102 0.63503649635 121 79 44 43 41 34 32 29 20 19 16 6 5 3 3 3 2 0 0 0
"103" 103 0.738372093023 79 64 60 49 47 44 40 34 24 23 9 9 8 5 2 1 1 1 0 0
"104" 104 0.412790697674 153 58 54 39 35 31 23 20 19 17 12 11 10 7 7 2 2 0 0 0
"105" 105 0.0632183908046 101 98 77 56 44 31 17 15 14 13 12 9 6 3 3 1 0 0 0 0
"106" 106 0.775784753363 337 34 23 22 20 15 14 13 7 4 4 4 3 0 0 0 0 0 0 0
"107" 107 0.150943396226 187 117 53 35 35 25 23 7 6 3 3 3 1 1 1 0 0 0 0 0
"108" 108 0.269230769231 232 152 54 13 9 9 4 4 4 4 3 3 3 2 2 1 1 0 0 0
"109" 109 0.710691823899 320 67 62 26 5 5 5 4 2 2 1 1 0 0 0 0 0 0 0 0
"110" 110 0.0497512437811 109 91 89 63 51 31 16 16 11 8 4 4 3 2 2 0 0 0 0 0
"111" 111 0.0697674418605 182 109 59 47 34 23 13 8 6 4 3 3 2 2 2 2 1 0 0 0
"112" 112 0.511627906977 178 68 57 37 36 33 18 16 14 12 11 8 5 4 3 0 0 0 0 0
"113" 113 0.325892857143 106 75 73 70 47 43 32 21 12 8 7 3 1 1 1 0 0 0 0 0
"114" 114 0.0597014925373 364 56 35 19 11 4 4 4 1 1 1 0 0 0 0 0 0 0 0 0
"115" 115 0.107142857143 147 72 58 50 49 39 22 13 10 8 7 6 5 4 4 3 3 0 0 0
"116" 116 0.00961538461538 481 8 5 2 1 1 1 1 0 0 0 0 0 0 0 0 0 0 0 0
"117" 117 0.471153846154 173 158 85 45 10 9 7 4 4 2 2 1 0 0 0 0 0 0 0 0
"118" 118 0.459119496855 267 62 46 45 26 16 13 9 8 3 2 2 1 0 0 0 0 0 0 0
"119" 119 0.445255474453 205 129 67 35 17 14 12 12 5 2 1 1 0 0 0 0 0 0 0 0
"120" 120 0.59748427673 192 117 116 18 11 11 10 7 6 4 4 3 1 0 0 0 0 0 0 0
"121" 121 0.273255813953 88 80 63 58 58 58 28 20 20 11 8 4 3 1 0 0 0 0 0 0
"122" 122 0.363636363636 176 95 74 47 36 31 15 8 7 3 3 3 2 0 0 0 0 0 0 0
"123" 123 0.0251046025105 230 136 47 18 16 15 12 8 5 3 3 2 1 1 1 1 1 0 0 0
"124" 124 0.116279069767 150 117 64 51 31 23 23 17 8 8 3 2 2 1 0 0 0 0 0 0
"125" 125 0.0384615384615 93 88 75 35 29 27 22 22 19 17 14 13 12 12 9 6 4 3 0 0
"126" 126 0.114942528736 117 113 81 52 34 25 18 15 13 10 8 6 4 2 1 1 0 0 0 0
"127" 127 0.0248756218905 268 51 33 31 30 21 19 9 9 8 7 6 4 2 1 1 0 0 0 0
"128" 128 0.046511627907 91 85 71 65 34 28 26 25 23 18 13 8 7 3 1 1 1 0 0 0
"129" 129 0.0804597701149 81 76 58 52 49 46 37 34 16 14 12 10 5 4 3 2 1 0 0 0
"130" 130 0.0344827586207 207 51 50 31 30 28 23 20 18 13 10 9 7 1 1 1 0 0 0 0
"131" 131 0.194029850746 85 84 77 68 63 40 36 24 11 4 3 2 1 1 1 0 0 0 0 0
"132" 132 0.274261603376 153 79 57 40 40 40 21 17 14 11 9 8 7 3 1 0 0 0 0 0
"133" 133 0.0199004975124 205 79 59 49 28 28 15 14 8 5 5 3 1 1 0 0 0 0 0 0
"134" 134 0.0398009950249 122 100 85 51 28 23 20 14 10 10 9 8 7 6 4 3 0 0 0 0
"135" 135 0.443946188341 119 119 79 38 35 27 20 19 10 9 6 4 4 4 4 2 1 0 0 0
"136" 136 0.10152284264 176 74 59 43 42 39 16 12 11 6 6 4 4 3 3 2 0 0 0 0
"137" 137 0.0 193 120 88 39 28 21 6 4 1 0 0 0 0 0 0 0 0 0 0 0
"138" 138 0.379562043796 187 128 57 44 41 16 14 5 3 3 2 0 0 0 0 0 0 0 0 0
"139" 139 0.0377358490566 317 86 85 11 1 0 0 0 0 0 0 0 0 0 0 0 0 0 0 0
"140" 140 0.238341968912 134 66 64 58 44 32 32 17 15 10 9 8 5 4 1 1 0 0 0 0
"141" 141 0.324817518248 181 80 67 43 37 20 19 15 12 11 7 6 2 0 0 0 0 0 0 0
"142" 142 0.0 149 95 74 72 50 26 11 6 5 5 4 2 1 0 0 0 0 0 0 0
"143" 143 0.0209205020921 336 76 54 18 11 3 2 0 0 0 0 0 0 0 0 0 0 0 0 0
"144" 144 0.0376569037657 191 108 51 35 30 18 16 15 7 6 6 5 5 3 3 1 0 0 0 0
"145" 145 0.144230769231 302 75 48 13 10 10 9 9 8 7 6 1 1 1 0 0 0 0 0 0
"146" 146 0.223214285714 165 165 49 31 29 16 13 8 7 4 4 3 2 2 1 1 0 0 0 0
"147" 147 0.135021097046 209 129 35 27 25 22 19 11 8 4 3 2 2 2 1 1 0 0 0 0
"148" 148 0.248704663212 253 88 44 34 33 12 12 11 8 3 2 0 0 0 0 0 0 0 0 0
"149" 149 0.0988593155894 143 86 66 61 55 22 14 12 10 10 9 6 3 2 1 0 0 0 0 0
"150" 150 0.0224215246637 123 113 112 47 20 19 16 9 8 7 7 6 5 3 2 2 1 0 0 0
"151" 151 0.170403587444 128 122 79 55 50 21 13 11 8 7 3 1 1 1 0 0 0 0 0 0
"152" 152 0.0199004975124 238 57 34 31 30 29 26 15 13 13 5 3 2 2 1 1 0 0 0 0
"153" 153 0.0862068965517 86 77 68 50 40 40 37 24 22 16 12 8 7 7 3 2 1 0 0 0
"154" 154 0.0 243 87 84 26 16 11 9 7 4 4 3 2 2 1 1 0 0 0 0 0
"155" 155 0.0 135 75 69 44 42 27 26 26 16 14 8 7 6 2 1 1 1 0 0 0
"156" 156 0.430656934307 135 89 84 53 46 15 11 11 11 11 11 8 5 4 4 2 0 0 0 0
"157" 157 0.273542600897 143 63 61 58 58 41 20 20 13 9 6 3 1 1 1 1 1 0 0 0
"158" 158 0.0248756218905 302 64 29 25 18 15 10 10 6 5 4 4 2 2 2 1 1 0 0 0
"159" 159 0.103448275862 106 75 69 59 48 31 25 15 14 14 11 8 8 6 4 4 2 1 0 0
"160" 160 0.503875968992 145 97 86 37 27 23 23 23 12 10 9 3 2 1 1 1 0 0 0 0
"161" 161 0.564766839378 89 84 65 49 48 44 38 15 14 14 14 9 9 3 3 1 1 0 0 0
"162" 162 0.422594142259 136 132 81 46 33 32 13 8 7 6 2 2 1 1 0 0 0 0 0 0
"163" 163 0.74358974359 384 80 17 6 6 4 2 1 0 0 0 0 0 0 0 0 0 0 0 0
"164" 164 0.139303482587 263 88 31 19 17 13 13 12 9 9 7 6 6 5 1 1 0 0 0 0
"165" 165 0.839378238342 377 102 12 4 4 1 0 0 0 0 0 0 0 0 0 0 0 0 0 0
"166" 166 0.114942528736 120 115 80 56 37 28 20 10 8 8 6 5 2 2 1 1 1 0 0 0
"167" 167 0.356589147287 88 80 69 55 52 35 30 28 19 15 10 9 6 3 1 0 0 0 0 0
"168" 168 0.103448275862 139 111 94 63 33 23 14 10 6 2 2 2 1 0 0 0 0 0 0 0
"169" 169 0.247126436782 238 104 38 30 22 16 16 13 8 6 5 2 2 0 0 0 0 0 0 0
"170" 170 0.201923076923 97 62 56 52 46 43 33 25 17 15 14 13 12 6 3 3 3 0 0 0
"171" 171 0.0689655172414 353 33 29 17 16 15 11 9 4 3 3 2 2 1 1 1 0 0 0 0
"172" 172 0.559748427673 286 150 40 12 5 3 1 1 1 1 0 0 0 0 0 0 0 0 0 0
"173" 173 0.156976744186 190 136 67 26 23 21 14 6 6 3 2 1 1 1 1 1 1 0 0 0
"174" 174 0.235632183908 106 53 50 44 40 39 35 31 27 21 21 19 6 3 2 1 1 1 0 0
"175" 175 0.273722627737 117 102 100 45 36 22 19 17 12 10 5 5 4 4 1 1 0 0 0 0
"176" 176 0.339285714286 250 54 50 42 27 22 15 14 10 4 4 3 3 2 0 0 0 0 0 0
"177" 177 0.875968992248 249 111 94 19 10 8 3 3 2 1 0 0 0 0 0 0 0 0 0 0
"178" 178 0.357512953368 162 124 40 32 30 24 22 17 15 12 11 5 1 1 1 1 1 1 0 0
"179" 179 0.144230769231 500 0 0 0 0 0 0 0 0 0 0 0 0 0 0 0 0 0 0 0
"180" 180 0.044776119403 144 74 69 44 34 32 30 18 14 14 6 6 5 4 3 2 1 0 0 0
"181" 181 0.0387596899225 257 76 66 24 22 19 8 7 6 5 5 2 2 1 0 0 0 0 0 0
"182" 182 0.128440366972 84 73 67 53 42 36 31 29 22 20 15 7 6 5 5 2 2 1 0 0
"183" 183 0.105960264901 231 121 103 11 9 8 5 4 2 2 1 1 1 1 0 0 0 0 0 0
"184" 184 0.245033112583 160 92 56 40 36 32 26 12 10 9 7 5 5 4 3 2 1 0 0 0
"185" 185 0.299270072993 174 168 35 25 21 19 17 12 8 5 5 3 3 3 1 1 0 0 0 0
"186" 186 0.123076923077 134 115 72 38 33 26 22 16 12 11 10 3 2 2 2 1 1 0 0 0
"187" 187 0.551094890511 112 97 68 44 38 37 26 22 21 9 9 8 5 3 1 0 0 0 0 0
"188" 188 0.673003802281 171 99 44 43 41 38 11 11 11 7 6 5 5 4 3 1 0 0 0 0
"189" 189 0.089552238806 377 30 28 14 10 10 8 7 6 4 2 1 1 1 1 0 0 0 0 0
"190" 190 0.39378238342 176 136 51 29 25 17 16 13 12 11 5 3 2 1 1 1 1 0 0 0
"191" 191 0.716981132075 283 127 30 22 11 9 7 4 3 2 2 0 0 0 0 0 0 0 0 0
"192" 192 0.565891472868 124 98 77 69 39 25 19 19 9 8 6 2 2 2 1 0 0 0 0 0
"193" 193 0.219730941704 147 84 81 57 48 45 7 6 6 5 4 3 3 2 2 0 0 0 0 0
"194" 194 0.262773722628 175 155 44 27 25 23 16 9 8 7 4 3 3 1 0 0 0 0 0 0
"195" 195 0.46511627907 144 71 67 47 47 44 37 10 9 7 5 4 4 3 1 0 0 0 0 0
"196" 196 0.263565891473 117 70 55 44 42 28 26 23 21 18 10 9 9 8 7 7 5 1 0 0
"197" 197 0.0 172 171 71 26 18 12 12 4 3 3 2 2 1 1 1 1 0 0 0 0
"198" 198 0.252873563218 93 85 56 50 50 37 31 25 20 12 12 9 8 6 4 1 1 0 0 0
"199" 199 0.0542635658915 258 79 34 25 20 13 12 10 10 9 7 5 4 3 3 3 3 2 0 0
"200" 200 0.0199004975124 99 71 67 62 55 31 28 25 24 14 9 7 4 2 1 1 0 0 0 0
"201" 201 0.0198675496689 136 61 48 46 44 43 40 31 23 7 7 5 4 3 2 0 0 0 0 0
"202" 202 0.333333333333 101 95 64 52 51 38 36 18 15 12 7 3 3 3 1 1 0 0 0 0
"203" 203 0.0077519379845 320 159 15 3 1 1 1 0 0 0 0 0 0 0 0 0 0 0 0 0
"204" 204 0.0 246 173 24 15 13 11 10 5 2 1 0 0 0 0 0 0 0 0 0 0
"205" 205 0.337209302326 109 72 63 56 44 35 28 16 16 15 10 10 8 6 4 4 2 2 0 0
"206" 206 0.286821705426 98 94 78 45 42 32 30 22 20 19 6 5 2 2 2 1 1 1 0 0
"207" 207 0.0 282 122 54 22 10 4 2 2 1 1 0 0 0 0 0 0 0 0 0 0
"208" 208 0.232558139535 91 67 50 49 47 41 31 29 24 19 12 11 10 5 5 4 3 2 0 0
"209" 209 0.66985645933 114 63 56 47 46 45 45 31 26 11 6 6 2 2 0 0 0 0 0 0
"210" 210 0.201550387597 260 93 43 37 22 16 14 4 4 3 1 1 1 1 0 0 0 0 0 0
"211" 211 0.0077519379845 244 141 55 25 12 6 4 2 2 2 2 2 1 1 1 0 0 0 0 0
"212" 212 0.691860465116 84 78 54 49 46 40 36 35 29 15 11 8 8 5 2 0 0 0 0 0
"213" 213 0.596899224806 96 75 73 71 65 41 35 11 9 7 6 4 2 2 2 1 0 0 0 0
"214" 214 0.201923076923 495 5 0 0 0 0 0 0 0 0 0 0 0 0 0 0 0 0 0 0
"215" 215 0.263565891473 80 64 52 46 40 38 36 34 23 21 16 15 9 8 8 6 2 2 0 0
"216" 216 0.547085201794 120 110 87 52 26 23 21 17 17 12 10 2 1 1 1 0 0 0 0 0
"217" 217 0.263565891473 114 95 58 48 43 30 24 22 15 12 9 9 8 4 4 3 1 1 0 0
"218" 218 0.0077519379845 328 97 22 15 13 8 8 3 3 2 1 0 0 0 0 0 0 0 0 0
"219" 219 0.199004975124 93 88 81 76 50 21 20 15 13 11 10 9 5 4 2 1 1 0 0 0
"220" 220 0.466321243523 119 94 56 50 47 43 39 21 10 6 4 4 3 3 1 0 0 0 0 0
"221" 221 0.209302325581 108 107 58 49 48 40 31 15 13 7 5 4 3 3 3 3 2 1 0 0
"222" 222 0.0 237 162 38 37 11 5 5 3 2 0 0 0 0 0 0 0 0 0 0 0
"223" 223 0.350364963504 102 101 86 83 42 18 18 12 8 6 6 6 5 2 2 2 1 0 0 0
"224" 224 0.449612403101 137 90 74 32 31 30 26 21 16 12 11 10 9 1 0 0 0 0 0 0
"225" 225 0.235632183908 102 94 67 58 26 26 24 22 20 19 8 8 7 6 5 4 3 1 0 0
"226" 226 0.00995024875622 183 78 52 47 30 21 19 18 17 15 9 5 3 2 1 0 0 0 0 0
"227" 227 0.59585492228 116 83 76 57 56 33 22 15 11 9 7 4 4 4 2 1 0 0 0 0
"228" 228 0.604651162791 121 83 82 53 42 26 25 23 13 10 7 5 4 3 2 1 0 0 0 0
"229" 229 0.131782945736 180 99 45 27 25 22 22 20 16 14 9 6 5 4 3 2 1 0 0 0
"230" 230 0.830188679245 351 55 31 24 20 8 4 3 2 1 1 0 0 0 0 0 0 0 0 0
"231" 231 0.509615384615 151 80 56 54 28 26 26 20 16 13 11 8 6 2 2 1 0 0 0 0
"232" 232 0.0804597701149 123 88 67 60 46 31 28 19 11 11 8 5 2 1 0 0 0 0 0 0
"233" 233 0.286821705426 168 71 70 65 34 34 26 11 5 5 4 3 2 1 1 0 0 0 0 0
"234" 234 0.201149425287 149 117 73 69 24 13 10 10 9 9 7 2 2 2 1 1 1 1 0 0
"235" 235 0.336787564767 88 67 67 67 52 39 38 34 21 9 8 4 3 2 1 0 0 0 0 0
"236" 236 0.0988593155894 263 107 40 33 13 11 9 8 5 5 2 1 1 1 1 0 0 0 0 0
"237" 237 0.089552238806 102 94 90 70 59 29 21 11 8 8 4 2 1 1 0 0 0 0 0 0
"238" 238 0.294642857143 301 68 32 25 17 16 8 7 7 6 6 3 2 1 1 0 0 0 0 0
"239" 239 0.134328358209 164 100 63 59 33 24 17 15 7 6 6 2 2 1 1 0 0 0 0 0
"240" 240 0.0985401459854 387 36 30 23 6 4 4 2 2 1 1 1 1 1 1 0 0 0 0 0
"241" 241 0.243523316062 250 194 31 9 4 3 2 2 2 1 1 1 0 0 0 0 0 0 0 0
"242" 242 0.492385786802 134 84 75 67 45 44 15 15 7 4 3 3 3 1 0 0 0 0 0 0
"243" 243 0.365384615385 136 126 59 41 40 35 20 19 15 5 4 0 0 0 0 0 0 0 0 0
"244" 244 0.0199004975124 155 135 75 42 30 23 14 9 9 3 2 2 1 0 0 0 0 0 0 0
"245" 245 0.230769230769 254 136 42 20 16 13 11 7 1 0 0 0 0 0 0 0 0 0 0 0
"246" 246 0.723270440252 232 180 65 13 5 2 2 1 0 0 0 0 0 0 0 0 0 0 0 0
"247" 247 0.178899082569 162 153 66 35 20 15 7 6 6 6 6 5 4 4 2 2 1 0 0 0
"248" 248 0.37106918239 322 101 32 19 11 4 4 3 3 1 0 0 0 0 0 0 0 0 0 0
"249" 249 0.786069651741 144 112 69 61 34 33 26 16 3 1 1 0 0 0 0 0 0 0 0 0
"250" 250 0.6 119 73 61 58 48 39 36 30 16 14 2 2 1 1 0 0 0 0 0 0
"251" 251 0.230769230769 500 0 0 0 0 0 0 0 0 0 0 0 0 0 0 0 0 0 0 0
"252" 252 0.344370860927 99 68 58 58 43 37 28 24 23 12 10 10 9 7 6 4 2 2 0 0
"253" 253 0.00961538461538 452 21 12 9 6 0 0 0 0 0 0 0 0 0 0 0 0 0 0 0
"254" 254 0.0839416058394 222 71 63 41 21 17 13 13 13 7 7 5 4 3 0 0 0 0 0 0
"255" 255 0.00497512437811 129 106 71 48 35 27 24 22 11 8 7 6 4 2 0 0 0 0 0 0
"256" 256 0.0348258706468 160 81 40 39 35 34 29 17 15 14 13 9 8 4 2 0 0 0 0 0
"257" 257 0.00574712643678 133 75 74 68 64 21 19 16 14 6 5 2 2 1 0 0 0 0 0 0
"258" 258 0.0 125 101 93 83 29 28 15 7 7 6 2 1 1 1 1 0 0 0 0 0
"259" 259 0.0 274 89 32 31 25 12 8 8 6 5 3 3 3 1 0 0 0 0 0 0
"260" 260 0.416058394161 129 91 50 33 32 29 26 24 22 21 18 9 9 5 1 1 0 0 0 0
"261" 261 0.00497512437811 120 102 93 73 32 16 14 12 10 8 5 5 4 2 2 1 1 0 0 0
"262" 262 0.490384615385 498 1 1 0 0 0 0 0 0 0 0 0 0 0 0 0 0 0 0 0
"263" 263 0.848837209302 220 128 97 20 11 6 5 4 3 3 2 1 0 0 0 0 0 0 0 0
"264" 264 0.0581395348837 166 88 49 37 32 29 20 19 18 18 11 5 4 2 2 0 0 0 0 0
"265" 265 0.171532846715 122 57 56 41 40 29 27 26 25 19 17 11 7 7 6 5 3 1 1 0
"266" 266 0.0248756218905 166 158 46 38 37 15 12 10 6 3 3 2 1 1 1 1 0 0 0 0
"267" 267 0.124378109453 218 78 53 35 29 20 15 13 8 8 7 6 4 4 1 1 0 0 0 0
"268" 268 0.0362694300518 214 203 37 20 17 7 2 0 0 0 0 0 0 0 0 0 0 0 0 0
"269" 269 0.0153846153846 295 155 29 12 3 2 1 1 1 1 0 0 0 0 0 0 0 0 0 0
"270" 270 0.157360406091 171 130 93 46 16 10 9 9 6 3 3 2 1 1 0 0 0 0 0 0
"271" 271 0.333333333333 141 82 42 42 41 33 28 26 14 13 12 6 5 5 5 4 1 0 0 0
"272" 272 0.010152284264 114 94 86 55 44 34 24 20 10 7 6 5 1 0 0 0 0 0 0 0
"273" 273 0.392857142857 100 79 60 50 41 41 36 27 27 19 6 5 3 3 2 1 0 0 0 0
"274" 274 0.0558375634518 95 84 81 71 50 39 32 26 8 5 3 3 2 1 0 0 0 0 0 0
"275" 275 0.519230769231 490 5 2 1 1 1 0 0 0 0 0 0 0 0 0 0 0 0 0 0
"276" 276 0.761627906977 130 121 55 39 36 31 21 15 15 14 8 6 3 3 2 1 0 0 0 0
