"site" "RSA" "aa1" "aa2" "aa3" "aa4" "aa5" "aa6" "aa7" "aa8" "aa9" "aa10" "aa11" "aa12" "aa13" "aa14" "aa15" "aa16" "aa17" "aa18" "aa19" "aa20"
"0" 0 0.155963302752 176 105 34 33 29 27 25 18 17 8 6 5 5 4 4 3 1 0 0 0
"1" 1 0.264248704663 156 132 70 51 29 20 19 15 3 3 2 0 0 0 0 0 0 0 0 0
"2" 2 0.0 496 1 1 1 1 0 0 0 0 0 0 0 0 0 0 0 0 0 0 0
"3" 3 0.190114068441 166 160 60 59 33 8 7 3 3 1 0 0 0 0 0 0 0 0 0 0
"4" 4 0.0722433460076 390 49 33 21 5 2 0 0 0 0 0 0 0 0 0 0 0 0 0 0
"5" 5 0.169154228856 151 129 109 49 17 11 9 8 5 4 4 3 1 0 0 0 0 0 0 0
"6" 6 0.251572327044 234 112 71 67 8 3 3 1 1 0 0 0 0 0 0 0 0 0 0 0
"7" 7 0.0576923076923 352 60 29 21 20 9 4 4 1 0 0 0 0 0 0 0 0 0 0 0
"8" 8 0.152317880795 316 134 24 15 5 3 2 1 0 0 0 0 0 0 0 0 0 0 0 0
"9" 9 0.015503875969 344 116 16 11 9 4 0 0 0 0 0 0 0 0 0 0 0 0 0 0
"10" 10 0.182389937107 338 47 38 30 30 12 2 1 1 1 0 0 0 0 0 0 0 0 0 0
"11" 11 0.0 472 19 4 2 1 1 1 0 0 0 0 0 0 0 0 0 0 0 0 0
"12" 12 0.0036496350365 479 14 3 3 1 0 0 0 0 0 0 0 0 0 0 0 0 0 0 0
"13" 13 0.0077519379845 500 0 0 0 0 0 0 0 0 0 0 0 0 0 0 0 0 0 0 0
"14" 14 0.0 483 7 5 3 2 0 0 0 0 0 0 0 0 0 0 0 0 0 0 0
"15" 15 0.0582959641256 184 131 63 48 21 20 10 6 6 4 3 3 1 0 0 0 0 0 0 0
"16" 16 0.0 298 142 39 9 5 3 2 1 1 0 0 0 0 0 0 0 0 0 0 0
"17" 17 0.0 214 204 64 11 3 2 1 1 0 0 0 0 0 0 0 0 0 0 0 0
"18" 18 0.0232558139535 499 1 0 0 0 0 0 0 0 0 0 0 0 0 0 0 0 0 0 0
"19" 19 0.286821705426 140 79 53 44 42 40 39 26 12 11 9 3 1 1 0 0 0 0 0 0
"20" 20 0.100775193798 147 132 116 71 13 9 5 4 2 1 0 0 0 0 0 0 0 0 0 0
"21" 21 0.0114942528736 326 81 65 14 11 2 1 0 0 0 0 0 0 0 0 0 0 0 0 0
"22" 22 0.644230769231 490 9 1 0 0 0 0 0 0 0 0 0 0 0 0 0 0 0 0 0
"23" 23 0.137931034483 411 41 15 15 6 3 3 2 2 1 1 0 0 0 0 0 0 0 0 0
"24" 24 0.776785714286 167 161 52 51 28 19 13 9 0 0 0 0 0 0 0 0 0 0 0 0
"25" 25 0.139303482587 499 1 0 0 0 0 0 0 0 0 0 0 0 0 0 0 0 0 0 0
"26" 26 0.405128205128 492 2 2 1 1 1 1 0 0 0 0 0 0 0 0 0 0 0 0 0
"27" 27 0.383084577114 251 148 30 23 17 16 5 4 4 1 1 0 0 0 0 0 0 0 0 0
"28" 28 0.405063291139 222 133 60 48 14 11 3 2 2 2 2 1 0 0 0 0 0 0 0 0
"29" 29 0.402985074627 188 71 62 59 49 27 14 14 5 4 4 2 1 0 0 0 0 0 0 0
"30" 30 0.0348837209302 242 176 24 16 13 11 5 4 4 3 2 0 0 0 0 0 0 0 0 0
"31" 31 0.348717948718 145 120 60 50 43 36 22 16 2 2 2 1 1 0 0 0 0 0 0 0
"32" 32 0.452736318408 158 102 54 38 32 21 20 18 14 12 11 6 6 5 3 0 0 0 0 0
"33" 33 0.52752293578 137 100 98 34 32 30 28 15 12 6 4 2 1 1 0 0 0 0 0 0
"34" 34 0.837209302326 395 104 1 0 0 0 0 0 0 0 0 0 0 0 0 0 0 0 0 0
"35" 35 0.163461538462 276 224 0 0 0 0 0 0 0 0 0 0 0 0 0 0 0 0 0 0
"36" 36 0.241071428571 119 83 81 57 48 26 24 21 14 9 8 7 3 0 0 0 0 0 0 0
"37" 37 0.167464114833 156 137 63 45 21 20 17 12 10 7 4 2 2 2 1 1 0 0 0 0
"38" 38 0.509174311927 114 97 72 52 46 33 25 18 17 13 11 1 1 0 0 0 0 0 0 0
"39" 39 0.367088607595 115 106 104 74 34 25 13 8 8 8 2 2 1 0 0 0 0 0 0 0
"40" 40 0.553459119497 354 139 7 0 0 0 0 0 0 0 0 0 0 0 0 0 0 0 0 0
"41" 41 0.482142857143 376 43 34 19 17 5 2 2 2 0 0 0 0 0 0 0 0 0 0 0
"42" 42 0.0418410041841 230 219 21 20 2 2 1 1 1 1 1 1 0 0 0 0 0 0 0 0
"43" 43 0.298507462687 118 96 93 55 44 31 30 17 12 3 1 0 0 0 0 0 0 0 0 0
"44" 44 0.738396624473 158 120 79 54 40 27 8 5 4 2 2 1 0 0 0 0 0 0 0 0
"45" 45 0.26368159204 213 116 73 40 19 15 14 4 2 2 1 1 0 0 0 0 0 0 0 0
"46" 46 0.0 474 25 1 0 0 0 0 0 0 0 0 0 0 0 0 0 0 0 0 0
"47" 47 0.572327044025 282 95 57 19 17 16 9 2 2 1 0 0 0 0 0 0 0 0 0 0
"48" 48 0.506726457399 351 97 23 14 12 2 1 0 0 0 0 0 0 0 0 0 0 0 0 0
"49" 49 0.301435406699 306 48 44 41 29 13 10 3 2 1 1 1 1 0 0 0 0 0 0 0
"50" 50 0.215189873418 424 52 10 4 3 3 2 1 1 0 0 0 0 0 0 0 0 0 0 0
"51" 51 0.187817258883 363 63 26 20 7 6 5 3 3 3 1 0 0 0 0 0 0 0 0 0
"52" 52 0.0062893081761 497 2 1 0 0 0 0 0 0 0 0 0 0 0 0 0 0 0 0 0
"53" 53 0.0 419 45 18 8 6 3 1 0 0 0 0 0 0 0 0 0 0 0 0 0
"54" 54 0.00995024875622 176 169 125 24 2 2 1 1 0 0 0 0 0 0 0 0 0 0 0 0
"55" 55 0.103448275862 345 72 41 26 7 4 3 1 1 0 0 0 0 0 0 0 0 0 0 0
"56" 56 0.020725388601 261 97 55 41 15 7 6 5 5 2 2 2 2 0 0 0 0 0 0 0
"57" 57 0.602678571429 148 89 75 72 51 48 11 2 2 1 1 0 0 0 0 0 0 0 0 0
"58" 58 0.658031088083 183 166 33 30 26 26 24 7 4 1 0 0 0 0 0 0 0 0 0 0
"59" 59 0.403846153846 500 0 0 0 0 0 0 0 0 0 0 0 0 0 0 0 0 0 0 0
"60" 60 0.414225941423 190 77 44 43 42 31 25 14 8 8 6 5 4 3 0 0 0 0 0 0
"61" 61 0.183908045977 438 41 8 5 4 2 1 1 0 0 0 0 0 0 0 0 0 0 0 0
"62" 62 0.144278606965 266 146 60 10 8 4 2 1 1 1 1 0 0 0 0 0 0 0 0 0
"63" 63 0.223404255319 277 166 24 11 11 8 2 1 0 0 0 0 0 0 0 0 0 0 0 0
"64" 64 0.299107142857 250 177 39 28 4 2 0 0 0 0 0 0 0 0 0 0 0 0 0 0
"65" 65 0.0132450331126 298 108 48 44 2 0 0 0 0 0 0 0 0 0 0 0 0 0 0 0
"66" 66 0.0802919708029 149 106 69 35 30 30 25 22 17 6 3 3 2 2 1 0 0 0 0 0
"67" 67 0.317829457364 168 102 68 68 62 10 10 5 4 2 1 0 0 0 0 0 0 0 0 0
"68" 68 0.0 497 2 1 0 0 0 0 0 0 0 0 0 0 0 0 0 0 0 0 0
"69" 69 0.0 155 97 83 77 64 21 2 1 0 0 0 0 0 0 0 0 0 0 0 0
"70" 70 0.167512690355 224 108 78 28 18 16 13 8 4 2 1 0 0 0 0 0 0 0 0 0
"71" 71 0.148288973384 242 200 36 5 5 3 3 3 1 1 1 0 0 0 0 0 0 0 0 0
"72" 72 0.0 321 131 45 2 1 0 0 0 0 0 0 0 0 0 0 0 0 0 0 0
"73" 73 0.00574712643678 167 151 79 62 17 7 5 4 4 3 1 0 0 0 0 0 0 0 0 0
"74" 74 0.491071428571 267 163 27 19 8 6 6 1 1 1 1 0 0 0 0 0 0 0 0 0
"75" 75 0.405063291139 428 44 15 4 3 3 2 1 0 0 0 0 0 0 0 0 0 0 0 0
"76" 76 0.140684410646 233 204 21 15 12 8 3 2 2 0 0 0 0 0 0 0 0 0 0 0
"77" 77 0.0 500 0 0 0 0 0 0 0 0 0 0 0 0 0 0 0 0 0 0 0
"78" 78 0.395348837209 474 13 7 3 2 1 0 0 0 0 0 0 0 0 0 0 0 0 0 0
"79" 79 0.703349282297 206 182 44 24 22 12 6 2 1 1 0 0 0 0 0 0 0 0 0 0
"80" 80 0.331606217617 389 68 20 10 7 4 2 0 0 0 0 0 0 0 0 0 0 0 0 0
"81" 81 0.558139534884 279 190 9 5 5 4 3 2 2 1 0 0 0 0 0 0 0 0 0 0
"82" 82 0.59585492228 341 114 14 14 13 2 2 0 0 0 0 0 0 0 0 0 0 0 0 0
"83" 83 0.114427860697 395 60 18 12 8 4 2 1 0 0 0 0 0 0 0 0 0 0 0 0
"84" 84 0.139534883721 365 51 29 19 15 11 5 2 2 1 0 0 0 0 0 0 0 0 0 0
"85" 85 0.361607142857 393 67 12 11 8 7 2 0 0 0 0 0 0 0 0 0 0 0 0 0
"86" 86 0.346715328467 379 77 33 8 2 1 0 0 0 0 0 0 0 0 0 0 0 0 0 0
"87" 87 0.0696517412935 438 20 13 12 9 4 2 1 1 0 0 0 0 0 0 0 0 0 0 0
"88" 88 0.0570342205323 126 113 109 46 36 23 21 13 10 2 1 0 0 0 0 0 0 0 0 0
"89" 89 0.11320754717 180 165 111 16 15 9 3 1 0 0 0 0 0 0 0 0 0 0 0 0
"90" 90 0.476821192053 387 21 21 18 18 11 10 9 3 1 1 0 0 0 0 0 0 0 0 0
"91" 91 0.341968911917 338 79 39 14 12 10 3 3 2 0 0 0 0 0 0 0 0 0 0 0
"92" 92 0.641509433962 382 100 15 2 1 0 0 0 0 0 0 0 0 0 0 0 0 0 0 0
"93" 93 0.722627737226 375 103 8 6 3 2 1 1 1 0 0 0 0 0 0 0 0 0 0 0
"94" 94 0.591240875912 248 136 65 39 5 3 3 1 0 0 0 0 0 0 0 0 0 0 0 0
"95" 95 0.189781021898 265 103 63 27 15 11 7 3 3 2 1 0 0 0 0 0 0 0 0 0
"96" 96 0.395348837209 210 96 64 53 47 24 2 2 1 1 0 0 0 0 0 0 0 0 0 0
"97" 97 0.258620689655 209 183 84 13 8 2 1 0 0 0 0 0 0 0 0 0 0 0 0 0
"98" 98 0.0114942528736 399 44 33 9 7 4 2 2 0 0 0 0 0 0 0 0 0 0 0 0
"99" 99 0.267942583732 206 112 84 42 38 7 3 3 3 1 1 0 0 0 0 0 0 0 0 0
"100" 100 0.515695067265 210 109 70 36 29 24 10 7 3 1 1 0 0 0 0 0 0 0 0 0
"101" 101 0.0839416058394 212 76 66 51 50 21 19 5 0 0 0 0 0 0 0 0 0 0 0 0
"102" 102 0.0348258706468 346 49 41 26 19 9 9 1 0 0 0 0 0 0 0 0 0 0 0 0
"103" 103 0.623430962343 174 128 60 46 31 26 17 11 2 2 2 1 0 0 0 0 0 0 0 0
"104" 104 0.100418410042 465 10 9 5 3 3 2 1 1 1 0 0 0 0 0 0 0 0 0 0
"105" 105 0.0 274 106 74 22 15 4 2 1 1 1 0 0 0 0 0 0 0 0 0 0
"106" 106 0.281609195402 175 133 47 29 22 21 17 17 17 16 3 2 1 0 0 0 0 0 0 0
"107" 107 0.503875968992 181 96 69 66 27 21 16 15 5 2 2 0 0 0 0 0 0 0 0 0
"108" 108 0.16091954023 186 163 79 37 21 7 6 1 0 0 0 0 0 0 0 0 0 0 0 0
"109" 109 0.0 377 96 16 4 2 2 1 1 1 0 0 0 0 0 0 0 0 0 0 0
"110" 110 0.110266159696 160 119 92 73 23 22 3 2 2 2 1 1 0 0 0 0 0 0 0 0
"111" 111 0.385650224215 329 139 22 7 2 1 0 0 0 0 0 0 0 0 0 0 0 0 0 0
"112" 112 0.222627737226 310 146 26 10 5 2 1 0 0 0 0 0 0 0 0 0 0 0 0 0
"113" 113 0.0 365 107 13 5 3 2 2 2 1 0 0 0 0 0 0 0 0 0 0 0
"114" 114 0.077519379845 179 145 95 46 23 4 3 2 2 1 0 0 0 0 0 0 0 0 0 0
"115" 115 0.303571428571 321 157 15 3 2 2 0 0 0 0 0 0 0 0 0 0 0 0 0 0
"116" 116 0.110266159696 331 103 50 10 3 1 1 1 0 0 0 0 0 0 0 0 0 0 0 0
"117" 117 0.0722433460076 217 107 64 43 37 22 5 4 1 0 0 0 0 0 0 0 0 0 0 0
"118" 118 0.292775665399 162 129 107 68 22 7 2 2 1 0 0 0 0 0 0 0 0 0 0 0
"119" 119 0.345911949686 171 159 116 16 15 10 7 5 1 0 0 0 0 0 0 0 0 0 0 0
"120" 120 0.139013452915 230 173 66 16 15 0 0 0 0 0 0 0 0 0 0 0 0 0 0 0
"121" 121 0.106598984772 226 70 51 49 30 22 16 12 7 6 5 3 2 1 0 0 0 0 0 0
"122" 122 0.276150627615 100 96 76 65 64 46 26 13 12 1 1 0 0 0 0 0 0 0 0 0
"123" 123 0.663461538462 498 2 0 0 0 0 0 0 0 0 0 0 0 0 0 0 0 0 0 0
"124" 124 0.825112107623 182 111 96 50 30 13 11 5 2 0 0 0 0 0 0 0 0 0 0 0
"125" 125 0.518987341772 195 144 117 18 18 5 2 1 0 0 0 0 0 0 0 0 0 0 0 0
"126" 126 0.379310344828 179 132 92 26 22 17 13 7 5 5 1 1 0 0 0 0 0 0 0 0
"127" 127 0.767295597484 500 0 0 0 0 0 0 0 0 0 0 0 0 0 0 0 0 0 0 0
"128" 128 0.649425287356 478 16 6 0 0 0 0 0 0 0 0 0 0 0 0 0 0 0 0 0
"129" 129 0.240384615385 500 0 0 0 0 0 0 0 0 0 0 0 0 0 0 0 0 0 0 0
"130" 130 0.440414507772 376 106 15 3 0 0 0 0 0 0 0 0 0 0 0 0 0 0 0 0
"131" 131 0.509433962264 500 0 0 0 0 0 0 0 0 0 0 0 0 0 0 0 0 0 0 0
"132" 132 0.346153846154 214 121 57 39 18 16 11 9 9 4 2 0 0 0 0 0 0 0 0 0
"133" 133 0.357664233577 212 72 65 52 50 19 14 7 5 2 1 1 0 0 0 0 0 0 0 0
"134" 134 0.1592039801 212 115 97 61 11 1 1 1 1 0 0 0 0 0 0 0 0 0 0 0
"135" 135 0.591240875912 232 139 59 27 20 9 9 3 2 0 0 0 0 0 0 0 0 0 0 0
"136" 136 0.264900662252 115 80 80 66 61 44 24 14 6 4 3 3 0 0 0 0 0 0 0 0
"137" 137 0.0 335 80 46 12 12 7 5 2 1 0 0 0 0 0 0 0 0 0 0 0
"138" 138 0.183035714286 203 167 50 45 17 14 2 1 1 0 0 0 0 0 0 0 0 0 0 0
"139" 139 0.403587443946 135 94 59 57 32 29 28 22 21 12 11 0 0 0 0 0 0 0 0 0
"140" 140 0.0 495 4 1 0 0 0 0 0 0 0 0 0 0 0 0 0 0 0 0 0
"141" 141 0.0 270 131 77 8 6 4 3 1 0 0 0 0 0 0 0 0 0 0 0 0
"142" 142 0.433035714286 168 130 61 55 42 29 7 5 3 0 0 0 0 0 0 0 0 0 0 0
"143" 143 0.330543933054 229 99 34 29 29 25 21 16 7 4 4 2 1 0 0 0 0 0 0 0
"144" 144 0.0 406 48 23 10 7 2 2 1 1 0 0 0 0 0 0 0 0 0 0 0
"145" 145 0.0358974358974 170 133 57 56 38 21 12 6 6 1 0 0 0 0 0 0 0 0 0 0
"146" 146 0.488372093023 119 70 67 61 60 53 25 24 8 6 4 2 1 0 0 0 0 0 0 0
"147" 147 0.234309623431 330 59 40 28 13 12 9 6 1 1 1 0 0 0 0 0 0 0 0 0
"148" 148 0.00497512437811 499 1 0 0 0 0 0 0 0 0 0 0 0 0 0 0 0 0 0 0
"149" 149 0.598214285714 439 23 11 9 8 5 3 1 1 0 0 0 0 0 0 0 0 0 0 0
"150" 150 0.701923076923 386 109 3 2 0 0 0 0 0 0 0 0 0 0 0 0 0 0 0 0
"151" 151 0.388392857143 420 37 13 10 8 7 5 0 0 0 0 0 0 0 0 0 0 0 0 0
"152" 152 0.313901345291 219 86 41 34 31 24 19 19 10 9 5 3 0 0 0 0 0 0 0 0
"153" 153 0.0228136882129 287 212 1 0 0 0 0 0 0 0 0 0 0 0 0 0 0 0 0 0
"154" 154 0.0 332 154 4 3 3 3 1 0 0 0 0 0 0 0 0 0 0 0 0 0
"155" 155 0.124031007752 414 57 29 0 0 0 0 0 0 0 0 0 0 0 0 0 0 0 0 0
"156" 156 0.105769230769 500 0 0 0 0 0 0 0 0 0 0 0 0 0 0 0 0 0 0 0
"157" 157 0.490384615385 500 0 0 0 0 0 0 0 0 0 0 0 0 0 0 0 0 0 0 0
"158" 158 0.668393782383 332 108 31 25 3 1 0 0 0 0 0 0 0 0 0 0 0 0 0 0
"159" 159 0.362694300518 363 108 19 10 0 0 0 0 0 0 0 0 0 0 0 0 0 0 0 0
"160" 160 0.11320754717 210 195 30 22 20 14 3 2 1 1 1 1 0 0 0 0 0 0 0 0
"161" 161 0.0232558139535 415 73 12 0 0 0 0 0 0 0 0 0 0 0 0 0 0 0 0 0
"162" 162 0.0 215 117 81 71 6 4 3 1 1 1 0 0 0 0 0 0 0 0 0 0
"163" 163 0.0 354 146 0 0 0 0 0 0 0 0 0 0 0 0 0 0 0 0 0 0
"164" 164 0.0 499 1 0 0 0 0 0 0 0 0 0 0 0 0 0 0 0 0 0 0
"165" 165 0.00995024875622 127 102 69 59 46 34 22 17 10 4 4 4 2 0 0 0 0 0 0 0
"166" 166 0.00662251655629 159 124 97 42 19 15 13 11 10 4 3 2 1 0 0 0 0 0 0 0
"167" 167 0.0 337 60 29 24 18 11 6 5 4 3 2 1 0 0 0 0 0 0 0 0
"168" 168 0.0 466 16 8 5 3 2 0 0 0 0 0 0 0 0 0 0 0 0 0 0
"169" 169 0.0077519379845 477 23 0 0 0 0 0 0 0 0 0 0 0 0 0 0 0 0 0 0
"170" 170 0.00581395348837 318 68 35 29 18 16 12 3 1 0 0 0 0 0 0 0 0 0 0 0
"171" 171 0.0 194 159 46 38 21 11 11 11 5 3 1 0 0 0 0 0 0 0 0 0
"172" 172 0.0 389 93 7 4 3 1 1 1 1 0 0 0 0 0 0 0 0 0 0 0
"173" 173 0.0 161 124 71 42 30 29 18 10 6 3 3 2 1 0 0 0 0 0 0 0
"174" 174 0.0 233 119 57 50 21 7 5 4 2 1 1 0 0 0 0 0 0 0 0 0
"175" 175 0.433035714286 242 119 76 20 19 18 4 2 0 0 0 0 0 0 0 0 0 0 0 0
"176" 176 0.206896551724 269 48 40 39 38 31 20 7 5 2 1 0 0 0 0 0 0 0 0 0
"177" 177 0.100775193798 448 24 10 7 4 3 1 1 1 1 0 0 0 0 0 0 0 0 0 0
"178" 178 0.586538461538 500 0 0 0 0 0 0 0 0 0 0 0 0 0 0 0 0 0 0 0
"179" 179 0.0950570342205 180 174 85 27 14 9 3 3 2 1 1 1 0 0 0 0 0 0 0 0
"180" 180 0.435233160622 199 138 118 25 19 1 0 0 0 0 0 0 0 0 0 0 0 0 0 0
"181" 181 0.0149253731343 497 1 1 1 0 0 0 0 0 0 0 0 0 0 0 0 0 0 0 0
"182" 182 0.591240875912 417 34 32 5 5 2 2 1 1 1 0 0 0 0 0 0 0 0 0 0
"183" 183 0.474452554745 151 132 111 94 7 3 1 1 0 0 0 0 0 0 0 0 0 0 0 0
"184" 184 0.0494296577947 229 111 82 78 0 0 0 0 0 0 0 0 0 0 0 0 0 0 0 0
"185" 185 0.526785714286 232 133 64 31 16 13 6 3 1 1 0 0 0 0 0 0 0 0 0 0
"186" 186 0.117948717949 401 25 22 19 8 7 7 6 5 0 0 0 0 0 0 0 0 0 0 0
"187" 187 0.0 286 172 18 16 4 1 1 1 1 0 0 0 0 0 0 0 0 0 0 0
"188" 188 0.121076233184 435 26 12 10 8 7 1 1 0 0 0 0 0 0 0 0 0 0 0 0
"189" 189 0.266423357664 289 56 51 49 27 22 2 2 1 1 0 0 0 0 0 0 0 0 0 0
"190" 190 0.0 492 6 2 0 0 0 0 0 0 0 0 0 0 0 0 0 0 0 0 0
"191" 191 0.0684410646388 341 129 24 4 1 1 0 0 0 0 0 0 0 0 0 0 0 0 0 0
"192" 192 0.477678571429 327 103 18 15 12 10 6 4 2 1 1 1 0 0 0 0 0 0 0 0
"193" 193 0.328467153285 187 117 70 44 23 21 13 10 5 5 3 1 1 0 0 0 0 0 0 0
"194" 194 0.0 247 227 14 3 3 2 2 1 1 0 0 0 0 0 0 0 0 0 0 0
"195" 195 0.17880794702 249 157 35 21 15 12 4 3 3 1 0 0 0 0 0 0 0 0 0 0
"196" 196 0.627906976744 128 126 102 64 23 17 13 13 5 4 3 1 1 0 0 0 0 0 0 0
"197" 197 0.416243654822 355 66 28 11 11 8 8 8 3 2 0 0 0 0 0 0 0 0 0 0
"198" 198 0.0689655172414 331 41 38 33 23 12 9 8 3 1 1 0 0 0 0 0 0 0 0 0
"199" 199 0.389937106918 149 101 84 67 29 23 13 11 10 6 3 2 1 1 0 0 0 0 0 0
"200" 200 0.125 500 0 0 0 0 0 0 0 0 0 0 0 0 0 0 0 0 0 0 0
"201" 201 0.077519379845 241 239 15 3 1 1 0 0 0 0 0 0 0 0 0 0 0 0 0 0
"202" 202 0.533678756477 251 163 23 18 16 16 5 3 3 2 0 0 0 0 0 0 0 0 0 0
"203" 203 0.405063291139 158 105 81 50 27 16 16 14 13 10 7 3 0 0 0 0 0 0 0 0
"204" 204 0.00512820512821 197 91 72 66 52 11 7 3 1 0 0 0 0 0 0 0 0 0 0 0
"205" 205 0.287356321839 228 91 81 71 8 6 5 3 2 2 1 1 1 0 0 0 0 0 0 0
"206" 206 0.517857142857 163 141 69 33 25 20 19 15 5 4 4 1 1 0 0 0 0 0 0 0
"207" 207 0.0384615384615 483 9 3 2 2 1 0 0 0 0 0 0 0 0 0 0 0 0 0 0
"208" 208 0.015503875969 453 37 10 0 0 0 0 0 0 0 0 0 0 0 0 0 0 0 0 0
"209" 209 0.561181434599 150 119 78 70 42 18 10 6 3 2 1 1 0 0 0 0 0 0 0 0
"210" 210 0.344827586207 136 89 72 66 39 38 16 15 14 5 5 4 1 0 0 0 0 0 0 0
"211" 211 0.0543933054393 139 82 69 65 42 27 22 19 13 10 6 3 3 0 0 0 0 0 0 0
"212" 212 0.153846153846 428 46 16 5 3 2 0 0 0 0 0 0 0 0 0 0 0 0 0 0
"213" 213 0.5 146 127 74 51 43 39 12 4 3 1 0 0 0 0 0 0 0 0 0 0
"214" 214 0.307984790875 137 81 77 61 48 24 20 16 16 9 5 4 2 0 0 0 0 0 0 0
"215" 215 0.18410041841 200 79 68 62 51 17 10 7 4 1 1 0 0 0 0 0 0 0 0 0
"216" 216 0.96511627907 190 109 108 49 23 12 4 3 1 1 0 0 0 0 0 0 0 0 0 0
