"site" "RSA" "aa1" "aa2" "aa3" "aa4" "aa5" "aa6" "aa7" "aa8" "aa9" "aa10" "aa11" "aa12" "aa13" "aa14" "aa15" "aa16" "aa17" "aa18" "aa19" "aa20"
"0" 0 0.766423357664 111 70 68 51 42 40 37 22 20 17 10 7 4 1 0 0 0 0 0 0
"1" 1 0.426395939086 103 73 69 65 49 44 41 19 7 6 6 6 4 3 2 1 1 1 0 0
"2" 2 0.197674418605 145 78 61 52 50 38 26 15 7 7 6 6 5 2 1 1 0 0 0 0
"3" 3 0.497512437811 133 93 74 49 29 26 25 22 16 15 7 4 3 3 1 0 0 0 0 0
"4" 4 0.155172413793 178 70 57 53 23 22 19 13 11 11 9 9 7 6 4 4 3 1 0 0
"5" 5 0.663212435233 229 112 50 19 18 12 11 10 7 7 6 4 4 4 3 3 1 0 0 0
"6" 6 0.387559808612 223 64 40 34 28 27 15 14 11 9 9 7 5 5 5 3 1 0 0 0
"7" 7 0.584905660377 223 145 58 37 22 11 3 1 0 0 0 0 0 0 0 0 0 0 0 0
"8" 8 0.422885572139 249 83 51 29 25 19 12 9 8 6 3 2 2 1 1 0 0 0 0 0
"9" 9 0.0172413793103 85 68 48 47 46 40 35 26 24 20 15 14 11 10 5 3 2 1 0 0
"10" 10 0.511210762332 132 67 44 39 39 38 33 29 29 12 11 10 9 3 2 2 1 0 0 0
"11" 11 0.516746411483 144 142 54 48 30 15 12 10 9 8 7 7 6 4 3 1 0 0 0 0
"12" 12 0.160337552743 190 95 43 41 33 28 16 13 11 8 7 5 4 2 2 1 1 0 0 0
"13" 13 0.0547263681592 171 58 57 41 37 24 22 20 12 11 10 9 9 5 5 3 3 3 0 0
"14" 14 0.449612403101 73 64 57 54 50 41 39 32 29 25 14 12 7 1 1 1 0 0 0 0
"15" 15 0.377990430622 177 130 60 32 25 22 17 13 10 7 3 1 1 1 1 0 0 0 0 0
"16" 16 0.0 303 54 36 25 18 17 14 8 7 6 5 3 2 1 1 0 0 0 0 0
"17" 17 0.251824817518 71 67 61 51 48 44 38 36 32 18 11 9 5 4 2 1 1 1 0 0
"18" 18 0.233160621762 170 95 74 49 46 18 13 13 10 4 4 1 1 1 1 0 0 0 0 0
"19" 19 0.801687763713 207 96 40 37 37 32 15 14 9 4 3 3 2 1 0 0 0 0 0 0
"20" 20 0.740875912409 184 61 52 48 46 32 30 17 14 9 3 1 1 1 1 0 0 0 0 0
"21" 21 0.116279069767 214 64 50 34 34 30 26 19 9 5 4 4 3 3 1 0 0 0 0 0
"22" 22 0.336538461538 128 115 91 68 20 20 20 10 9 9 3 3 3 1 0 0 0 0 0 0
"23" 23 0.339622641509 227 145 35 17 15 13 10 9 8 5 5 5 3 2 1 0 0 0 0 0
"24" 24 0.518987341772 121 106 78 63 40 22 19 16 16 10 5 4 0 0 0 0 0 0 0 0
"25" 25 0.455958549223 146 97 61 50 42 40 22 19 13 5 2 1 1 1 0 0 0 0 0 0
"26" 26 0.0209205020921 247 99 89 13 8 7 6 6 4 4 4 4 3 3 1 1 1 0 0 0
"27" 27 0.288321167883 167 129 118 30 16 9 7 6 4 4 3 3 1 1 1 1 0 0 0 0
"28" 28 0.303571428571 189 105 93 31 30 18 14 5 5 5 3 1 1 0 0 0 0 0 0 0
"29" 29 0.10447761194 184 82 48 37 35 18 18 17 15 10 8 7 7 6 4 3 1 0 0 0
"30" 30 0.0232558139535 159 80 52 43 40 29 22 22 17 9 7 6 4 4 3 2 1 0 0 0
"31" 31 0.178571428571 192 135 97 18 18 7 7 6 6 5 3 2 1 1 1 1 0 0 0 0
"32" 32 0.357142857143 162 106 56 54 31 28 18 11 9 9 5 4 2 2 1 1 1 0 0 0
"33" 33 0.0574712643678 121 60 57 55 44 41 40 38 19 14 6 2 1 1 1 0 0 0 0 0
"34" 34 0.232558139535 81 75 72 52 50 49 34 23 23 14 10 5 5 4 3 0 0 0 0 0
"35" 35 0.308457711443 170 87 47 46 36 36 25 22 10 8 6 4 3 0 0 0 0 0 0 0
"36" 36 0.31007751938 92 65 50 49 49 48 22 21 18 15 14 13 13 11 10 8 1 1 0 0
"37" 37 0.619771863118 125 95 61 55 31 22 14 13 13 13 11 11 10 10 8 3 3 2 0 0
"38" 38 0.316964285714 58 53 49 49 49 40 37 33 32 28 22 19 10 9 6 4 1 1 0 0
"39" 39 0.139534883721 126 97 75 35 30 26 22 20 19 11 10 10 9 6 4 0 0 0 0 0
"40" 40 0.591240875912 364 90 20 11 4 3 2 2 1 1 1 1 0 0 0 0 0 0 0 0
"41" 41 0.414507772021 191 178 46 18 15 13 12 10 8 3 3 2 1 0 0 0 0 0 0 0
"42" 42 0.273631840796 86 80 65 63 37 27 27 26 23 21 17 11 8 3 3 2 1 0 0 0
"43" 43 0.638392857143 163 57 56 45 40 35 33 27 11 10 8 3 3 3 3 2 1 0 0 0
"44" 44 0.437810945274 167 153 65 42 17 14 13 12 7 4 3 1 1 1 0 0 0 0 0 0
"45" 45 0.459821428571 123 82 59 46 37 25 24 21 20 16 9 8 8 7 5 5 4 1 0 0
"46" 46 0.598214285714 61 53 47 44 44 42 40 35 31 31 18 16 15 13 4 2 2 2 0 0
"47" 47 0.343023255814 308 59 31 22 11 10 9 9 9 8 7 6 6 1 1 1 1 1 0 0
"48" 48 0.43023255814 92 64 62 58 44 33 33 30 25 20 13 12 8 4 1 1 0 0 0 0
"49" 49 0.390804597701 113 82 73 58 34 31 30 16 14 11 7 7 6 6 5 4 3 0 0 0
"50" 50 0.8125 155 93 84 40 25 21 21 19 17 9 8 2 2 2 1 1 0 0 0 0
"51" 51 0.354651162791 165 120 62 42 38 37 14 13 4 2 1 1 1 0 0 0 0 0 0 0
"52" 52 0.849056603774 257 209 15 14 3 1 1 0 0 0 0 0 0 0 0 0 0 0 0 0
"53" 53 0.771573604061 152 147 92 55 37 5 4 3 2 1 1 1 0 0 0 0 0 0 0 0
"54" 54 0.364341085271 200 119 72 31 25 21 15 8 5 3 1 0 0 0 0 0 0 0 0 0
"55" 55 0.685534591195 213 103 52 35 34 19 15 7 6 5 4 4 2 1 0 0 0 0 0 0
"56" 56 0.22480620155 91 71 51 43 37 32 31 31 31 16 15 14 13 9 7 5 3 0 0 0
"57" 57 0.64598540146 100 85 57 49 42 31 26 23 21 21 12 10 8 6 5 2 1 1 0 0
"58" 58 0.270114942529 250 60 33 23 20 20 18 15 13 12 10 9 8 5 3 1 0 0 0 0
"59" 59 0.565400843882 143 118 73 36 35 22 21 12 8 8 8 6 6 3 1 0 0 0 0 0
"60" 60 0.362068965517 202 87 56 35 32 26 19 12 11 9 4 2 2 1 1 1 0 0 0 0
"61" 61 0.502487562189 106 95 77 56 38 37 24 12 11 10 10 8 5 3 3 2 2 1 0 0
"62" 62 0.198675496689 120 76 64 50 47 20 19 15 15 15 14 12 11 8 5 5 3 1 0 0
"63" 63 0.711538461538 500 0 0 0 0 0 0 0 0 0 0 0 0 0 0 0 0 0 0 0
"64" 64 0.396624472574 141 72 71 70 48 42 11 10 8 8 6 5 4 3 1 0 0 0 0 0
"65" 65 0.405063291139 171 100 66 36 27 22 21 16 13 11 5 4 2 2 1 1 1 1 0 0
"66" 66 0.114427860697 112 63 60 51 42 34 32 22 19 12 12 12 10 6 5 4 2 2 0 0
"67" 67 0.0 123 111 80 65 35 17 16 12 9 9 9 7 3 3 1 0 0 0 0 0
"68" 68 0.0149253731343 116 93 93 54 41 27 20 18 13 9 8 3 2 2 1 0 0 0 0 0
"69" 69 0.0 91 78 78 71 69 55 12 12 8 6 6 4 3 3 2 1 1 0 0 0
"70" 70 0.0 226 153 28 23 12 11 8 8 7 5 4 4 3 3 3 2 0 0 0 0
"71" 71 0.0152284263959 167 156 38 29 26 17 17 17 10 7 6 6 3 1 0 0 0 0 0 0
"72" 72 0.154228855721 139 105 57 50 39 21 20 19 19 10 8 7 3 2 1 0 0 0 0 0
"73" 73 0.335766423358 149 119 42 35 34 27 27 21 13 12 10 7 2 1 1 0 0 0 0 0
"74" 74 0.062015503876 180 106 60 40 36 34 19 8 7 4 3 1 1 1 0 0 0 0 0 0
"75" 75 0.0288461538462 493 6 1 0 0 0 0 0 0 0 0 0 0 0 0 0 0 0 0 0
"76" 76 0.228855721393 162 100 72 62 18 17 15 14 10 5 5 5 4 4 3 3 1 0 0 0
"77" 77 0.0459770114943 175 58 49 48 47 33 32 16 10 9 9 5 4 2 2 1 0 0 0 0
"78" 78 0.0287356321839 97 88 86 75 66 31 21 14 9 6 2 2 1 1 1 0 0 0 0 0
"79" 79 0.464285714286 210 95 57 43 27 13 12 11 9 7 5 4 4 2 1 0 0 0 0 0
"80" 80 0.0865384615385 441 33 10 5 4 3 3 1 0 0 0 0 0 0 0 0 0 0 0 0
"81" 81 0.0812182741117 84 61 51 43 36 35 35 29 28 25 19 15 12 10 5 5 5 2 0 0
"82" 82 0.169154228856 174 114 48 47 35 16 14 13 10 8 7 6 3 2 2 1 0 0 0 0
"83" 83 0.670886075949 129 128 48 46 37 26 21 19 16 16 8 2 2 2 0 0 0 0 0 0
"84" 84 0.582089552239 153 80 67 43 28 23 20 15 13 11 11 10 10 8 4 3 1 0 0 0
"85" 85 0.229885057471 168 163 79 42 22 8 7 4 4 1 1 1 0 0 0 0 0 0 0 0
"86" 86 0.578616352201 298 155 25 14 2 2 2 1 1 0 0 0 0 0 0 0 0 0 0 0
"87" 87 0.612440191388 294 54 36 33 29 19 19 7 6 2 1 0 0 0 0 0 0 0 0 0
"88" 88 0.077519379845 216 168 17 16 13 12 12 10 7 7 6 5 4 3 1 1 1 1 0 0
"89" 89 0.357664233577 122 96 80 48 33 24 21 19 17 12 10 6 4 2 2 2 1 1 0 0
"90" 90 0.287356321839 102 101 68 61 60 24 24 14 11 8 7 5 4 4 4 2 1 0 0 0
"91" 91 0.00961538461538 328 114 29 8 8 5 4 2 1 1 0 0 0 0 0 0 0 0 0 0
"92" 92 0.287081339713 197 72 45 35 33 20 15 15 15 15 14 10 6 3 3 2 0 0 0 0
"93" 93 0.0 183 107 72 46 27 24 12 6 5 5 4 3 2 1 1 1 1 0 0 0
"94" 94 0.0 135 113 71 37 35 22 21 16 16 13 10 6 2 1 1 1 0 0 0 0
"95" 95 0.0348258706468 236 80 40 28 26 25 24 14 13 5 2 2 2 1 1 1 0 0 0 0
"96" 96 0.509505703422 105 63 62 58 48 47 43 27 22 10 7 5 3 0 0 0 0 0 0 0
"97" 97 0.251824817518 87 71 66 65 51 46 32 19 17 13 9 6 5 4 3 3 2 1 0 0
"98" 98 0.274611398964 114 109 78 61 56 49 14 11 4 3 1 0 0 0 0 0 0 0 0 0
"99" 99 0.698113207547 273 116 39 31 16 10 6 3 3 2 1 0 0 0 0 0 0 0 0 0
"100" 100 0.763392857143 208 125 77 24 19 17 13 9 3 2 2 1 0 0 0 0 0 0 0 0
"101" 101 0.397350993377 171 102 71 49 48 21 19 8 5 4 1 1 0 0 0 0 0 0 0 0
"102" 102 0.199004975124 139 136 50 46 43 25 24 12 11 10 2 1 1 0 0 0 0 0 0 0
"103" 103 0.435897435897 159 92 43 41 30 29 25 25 13 12 11 11 3 3 2 1 0 0 0 0
"104" 104 0.207547169811 302 83 63 13 8 5 4 4 3 3 2 2 2 2 1 1 1 1 0 0
"105" 105 0.270114942529 166 80 65 54 40 31 23 17 10 7 4 1 1 1 0 0 0 0 0 0
"106" 106 0.394618834081 111 73 58 38 37 33 31 26 20 17 13 10 9 8 6 5 3 1 1 0
"107" 107 0.437262357414 110 77 69 53 41 39 29 23 19 18 13 5 2 1 1 0 0 0 0 0
"108" 108 0.422053231939 162 110 71 53 36 26 22 6 4 4 4 1 1 0 0 0 0 0 0 0
"109" 109 0.167512690355 151 96 66 37 35 19 16 14 13 11 10 8 7 6 5 4 1 1 0 0
"110" 110 0.523206751055 113 99 75 50 37 29 25 19 15 10 8 7 6 3 2 1 1 0 0 0
"111" 111 0.134328358209 114 107 94 43 32 28 19 17 9 7 7 6 6 6 3 2 0 0 0 0
"112" 112 0.0817610062893 408 19 14 11 11 9 8 7 6 4 2 1 0 0 0 0 0 0 0 0
"113" 113 0.559748427673 497 2 1 0 0 0 0 0 0 0 0 0 0 0 0 0 0 0 0 0
"114" 114 0.367875647668 447 31 6 6 4 2 2 2 0 0 0 0 0 0 0 0 0 0 0 0
"115" 115 0.0609137055838 304 33 33 25 21 20 16 13 13 6 6 5 2 2 1 0 0 0 0 0
"116" 116 0.441860465116 210 62 48 42 28 24 23 17 16 13 6 3 2 2 2 1 1 0 0 0
"117" 117 0.526785714286 147 130 129 23 16 14 12 7 6 5 4 4 2 1 0 0 0 0 0 0
"118" 118 0.109489051095 177 152 43 28 22 19 16 15 12 6 3 2 2 1 1 1 0 0 0 0
"119" 119 0.273722627737 84 66 65 56 55 37 35 28 19 18 15 10 5 3 3 1 0 0 0 0
"120" 120 0.0077519379845 163 132 59 29 26 20 18 14 13 12 6 5 3 0 0 0 0 0 0 0
"121" 121 0.092050209205 199 133 88 15 15 9 8 7 6 6 6 3 2 2 1 0 0 0 0 0
"122" 122 0.0 203 165 27 20 19 15 14 11 9 6 4 3 2 1 1 0 0 0 0 0
"123" 123 0.1592039801 161 102 64 38 34 29 18 13 10 9 9 5 4 4 0 0 0 0 0 0
"124" 124 0.186528497409 164 88 77 61 50 46 5 3 3 1 1 1 0 0 0 0 0 0 0 0
"125" 125 0.207547169811 244 137 47 37 26 3 3 2 1 0 0 0 0 0 0 0 0 0 0 0
"126" 126 0.0995024875622 258 106 65 38 10 7 6 4 2 2 1 1 0 0 0 0 0 0 0 0
"127" 127 0.147286821705 153 87 79 43 27 17 16 15 14 13 13 8 8 5 2 0 0 0 0 0
"128" 128 0.0872093023256 116 64 57 56 47 38 30 29 22 13 11 10 4 2 1 0 0 0 0 0
"129" 129 0.0192307692308 499 1 0 0 0 0 0 0 0 0 0 0 0 0 0 0 0 0 0 0
"130" 130 0.0192307692308 85 67 49 46 40 38 35 35 23 22 19 12 10 8 6 3 2 0 0 0
"131" 131 0.205298013245 119 74 65 54 37 31 26 17 14 14 10 10 9 7 4 4 3 2 0 0
"132" 132 0.031007751938 132 79 45 44 42 41 41 24 18 10 8 6 5 2 2 1 0 0 0 0
"133" 133 0.0397350993377 96 69 66 45 43 38 33 29 17 12 11 11 7 7 6 6 4 0 0 0
"134" 134 0.233830845771 104 68 66 65 36 30 28 24 17 13 12 11 7 7 6 4 2 0 0 0
"135" 135 0.0 178 147 54 50 28 21 6 6 5 4 1 0 0 0 0 0 0 0 0 0
"136" 136 0.0298507462687 158 131 39 32 25 23 21 16 14 8 7 6 4 4 4 3 3 2 0 0
"137" 137 0.298013245033 118 95 75 56 35 31 21 20 11 11 8 6 6 4 1 1 1 0 0 0
"138" 138 0.0497512437811 96 92 62 50 48 23 21 20 18 17 16 11 9 7 5 3 2 0 0 0
"139" 139 0.0 179 159 46 25 20 18 17 15 8 6 4 1 1 1 0 0 0 0 0 0
"140" 140 0.565400843882 72 54 50 48 47 42 36 36 32 32 11 9 8 7 5 5 5 1 0 0
"141" 141 0.59375 118 73 66 56 45 37 30 28 16 14 9 4 3 1 0 0 0 0 0 0
"142" 142 0.397810218978 97 61 54 43 43 39 35 33 24 24 13 13 11 5 3 2 0 0 0 0
"143" 143 0.288461538462 489 11 0 0 0 0 0 0 0 0 0 0 0 0 0 0 0 0 0 0
"144" 144 0.046511627907 152 121 54 40 39 25 21 21 7 6 5 4 2 1 1 1 0 0 0 0
"145" 145 0.581395348837 112 94 66 51 48 31 23 19 15 10 7 6 6 4 4 2 1 1 0 0
"146" 146 0.5 311 157 7 7 6 5 4 2 1 0 0 0 0 0 0 0 0 0 0 0
"147" 147 0.0804597701149 129 117 59 54 48 36 25 11 6 6 6 1 1 1 0 0 0 0 0 0
"148" 148 0.0548523206751 121 87 83 53 41 29 27 20 13 12 6 3 2 2 1 0 0 0 0 0
"149" 149 0.0398009950249 128 124 108 88 25 11 9 2 2 1 1 1 0 0 0 0 0 0 0 0
"150" 150 0.186046511628 449 47 3 1 0 0 0 0 0 0 0 0 0 0 0 0 0 0 0 0
"151" 151 0.0964467005076 108 107 98 57 37 27 19 17 10 9 7 2 1 1 0 0 0 0 0 0
"152" 152 0.0298507462687 146 124 45 39 38 23 15 13 13 13 11 5 5 4 3 2 1 0 0 0
"153" 153 0.0 280 83 62 17 12 10 8 8 8 3 2 2 2 1 1 1 0 0 0 0
"154" 154 0.0 218 86 78 70 15 8 6 5 4 3 2 1 1 1 1 1 0 0 0 0
"155" 155 0.295597484277 211 80 57 44 38 30 12 11 7 5 3 1 1 0 0 0 0 0 0 0
"156" 156 0.424107142857 79 73 69 59 44 39 39 25 22 18 15 5 5 4 4 0 0 0 0 0
"157" 157 0.0 415 48 35 1 1 0 0 0 0 0 0 0 0 0 0 0 0 0 0 0
"158" 158 0.109452736318 147 126 36 36 22 19 16 14 14 13 13 12 12 12 4 2 1 1 0 0
"159" 159 0.589285714286 110 107 95 67 44 15 13 11 10 10 7 5 4 2 0 0 0 0 0 0
"160" 160 0.313868613139 79 78 50 47 43 32 31 29 28 22 17 13 7 7 5 5 5 2 0 0
"161" 161 0.0203045685279 133 93 78 37 35 32 26 23 12 9 5 4 4 4 3 1 1 0 0 0
"162" 162 0.480620155039 150 77 63 48 45 27 19 17 16 11 10 7 3 2 2 2 1 0 0 0
"163" 163 0.68776371308 159 86 46 46 44 26 15 15 14 13 11 6 6 4 4 3 1 1 0 0
"164" 164 0.253886010363 90 76 52 48 44 40 30 27 25 19 12 12 9 6 4 3 2 1 0 0
"165" 165 0.0909090909091 180 148 67 44 30 10 7 4 3 2 2 2 1 0 0 0 0 0 0 0
"166" 166 0.528301886792 161 92 88 47 41 33 22 8 4 2 1 1 0 0 0 0 0 0 0 0
"167" 167 0.777202072539 176 95 76 36 24 23 18 16 15 14 4 2 1 0 0 0 0 0 0 0
"168" 168 0.0813953488372 91 74 52 47 46 42 37 29 24 20 19 8 4 3 2 1 1 0 0 0
"169" 169 0.129464285714 106 92 89 52 47 31 28 11 8 8 8 6 5 4 4 1 0 0 0 0
"170" 170 0.0344827586207 270 87 33 30 19 16 11 10 5 5 5 3 3 1 1 1 0 0 0 0
"171" 171 0.114942528736 75 73 64 60 59 45 27 20 19 18 12 10 8 5 3 1 1 0 0 0
"172" 172 0.0114942528736 149 120 66 42 31 24 19 12 11 9 4 4 4 2 2 1 0 0 0 0
"173" 173 0.139534883721 134 51 48 40 35 34 31 27 25 20 17 12 9 6 5 3 2 1 0 0
"174" 174 0.124031007752 104 94 62 42 36 33 30 28 27 11 7 6 6 5 4 3 1 1 0 0
"175" 175 0.38578680203 110 94 65 59 35 25 25 23 20 13 10 5 5 4 3 2 2 0 0 0
"176" 176 0.0984455958549 121 87 60 59 53 31 25 19 16 9 6 4 3 2 2 1 1 1 0 0
"177" 177 0.589285714286 203 97 56 48 36 32 9 5 5 4 2 1 1 1 0 0 0 0 0 0
"178" 178 0.496350364964 266 104 46 30 22 11 9 5 3 3 1 0 0 0 0 0 0 0 0 0
"179" 179 0.0796019900498 300 57 27 24 15 13 13 13 8 7 5 4 4 3 3 2 2 0 0 0
"180" 180 0.251282051282 347 49 47 23 15 7 3 2 2 2 2 1 0 0 0 0 0 0 0 0
"181" 181 0.689119170984 172 166 105 25 9 9 7 5 1 1 0 0 0 0 0 0 0 0 0 0
"182" 182 0.598086124402 232 53 52 42 33 26 19 15 12 10 3 1 1 1 0 0 0 0 0 0
"183" 183 0.00961538461538 491 7 1 1 0 0 0 0 0 0 0 0 0 0 0 0 0 0 0 0
"184" 184 0.304182509506 105 98 64 48 33 30 28 15 14 11 11 10 9 9 9 3 3 0 0 0
"185" 185 0.147208121827 75 64 63 54 50 49 47 34 22 11 7 7 5 4 3 2 2 1 0 0
"186" 186 0.195402298851 182 98 70 57 23 18 13 10 9 7 5 5 2 1 0 0 0 0 0 0
"187" 187 0.51572327044 90 88 73 70 65 36 17 13 11 11 10 9 7 0 0 0 0 0 0 0
"188" 188 0.0288461538462 500 0 0 0 0 0 0 0 0 0 0 0 0 0 0 0 0 0 0 0
"189" 189 0.134328358209 140 133 122 31 26 15 12 5 4 4 3 2 2 1 0 0 0 0 0 0
"190" 190 0.442307692308 500 0 0 0 0 0 0 0 0 0 0 0 0 0 0 0 0 0 0 0
"191" 191 0.259067357513 181 118 42 36 29 26 19 14 13 10 7 3 1 1 0 0 0 0 0 0
"192" 192 0.170542635659 288 65 51 30 28 9 7 4 3 3 3 2 2 1 1 1 1 1 0 0
"193" 193 0.0576923076923 288 45 37 36 36 19 10 9 9 4 3 2 1 1 0 0 0 0 0 0
"194" 194 0.145077720207 97 93 81 43 39 37 26 22 22 19 9 7 3 2 0 0 0 0 0 0
"195" 195 0.142335766423 289 54 35 35 29 28 6 5 5 5 4 2 1 1 1 0 0 0 0 0
"196" 196 0.00507614213198 106 87 70 54 52 48 22 20 12 7 6 5 4 2 2 2 1 0 0 0
"197" 197 0.357414448669 169 65 65 57 45 39 16 14 13 9 4 4 0 0 0 0 0 0 0 0
"198" 198 0.461538461538 321 178 1 0 0 0 0 0 0 0 0 0 0 0 0 0 0 0 0 0
"199" 199 0.290697674419 187 81 67 45 39 24 17 16 10 5 4 3 2 0 0 0 0 0 0 0
"200" 200 1.05485232068 264 71 62 32 18 13 12 9 8 6 3 2 0 0 0 0 0 0 0 0
