"site" "RSA" "aa1" "aa2" "aa3" "aa4" "aa5" "aa6" "aa7" "aa8" "aa9" "aa10" "aa11" "aa12" "aa13" "aa14" "aa15" "aa16" "aa17" "aa18" "aa19" "aa20"
"0" 0 0.671794871795 297 59 50 25 23 17 14 13 2 0 0 0 0 0 0 0 0 0 0 0
"1" 1 0.154228855721 314 70 36 24 15 11 10 5 5 3 2 2 1 1 1 0 0 0 0 0
"2" 2 0.223628691983 253 63 32 29 26 25 21 17 14 10 6 2 1 1 0 0 0 0 0 0
"3" 3 0.0 269 172 25 15 7 6 5 1 0 0 0 0 0 0 0 0 0 0 0 0
"4" 4 0.00418410041841 395 46 29 11 10 5 2 1 1 0 0 0 0 0 0 0 0 0 0 0
"5" 5 0.12582781457 398 95 6 1 0 0 0 0 0 0 0 0 0 0 0 0 0 0 0 0
"6" 6 0.0149253731343 500 0 0 0 0 0 0 0 0 0 0 0 0 0 0 0 0 0 0 0
"7" 7 0.435897435897 319 131 18 16 6 4 4 1 1 0 0 0 0 0 0 0 0 0 0 0
"8" 8 0.0529801324503 499 1 0 0 0 0 0 0 0 0 0 0 0 0 0 0 0 0 0 0
"9" 9 0.0358974358974 476 13 9 2 0 0 0 0 0 0 0 0 0 0 0 0 0 0 0 0
"10" 10 0.283018867925 421 48 28 2 1 0 0 0 0 0 0 0 0 0 0 0 0 0 0 0
"11" 11 0.473214285714 449 32 17 1 1 0 0 0 0 0 0 0 0 0 0 0 0 0 0 0
"12" 12 0.0 249 102 45 39 30 23 8 2 1 1 0 0 0 0 0 0 0 0 0 0
"13" 13 0.0 397 103 0 0 0 0 0 0 0 0 0 0 0 0 0 0 0 0 0 0
"14" 14 0.316455696203 269 160 26 23 13 6 2 1 0 0 0 0 0 0 0 0 0 0 0 0
"15" 15 0.272321428571 205 161 56 44 19 11 2 1 1 0 0 0 0 0 0 0 0 0 0 0
"16" 16 0.0 436 61 3 0 0 0 0 0 0 0 0 0 0 0 0 0 0 0 0 0
"17" 17 0.0 472 19 9 0 0 0 0 0 0 0 0 0 0 0 0 0 0 0 0 0
"18" 18 0.512953367876 192 128 76 55 18 17 9 3 2 0 0 0 0 0 0 0 0 0 0 0
"19" 19 0.431472081218 358 135 6 1 0 0 0 0 0 0 0 0 0 0 0 0 0 0 0 0
"20" 20 0.195402298851 353 60 55 18 8 3 2 1 0 0 0 0 0 0 0 0 0 0 0 0
"21" 21 0.538461538462 500 0 0 0 0 0 0 0 0 0 0 0 0 0 0 0 0 0 0 0
"22" 22 0.281609195402 495 5 0 0 0 0 0 0 0 0 0 0 0 0 0 0 0 0 0 0
"23" 23 0.739910313901 471 29 0 0 0 0 0 0 0 0 0 0 0 0 0 0 0 0 0 0
"24" 24 0.228855721393 451 21 13 8 6 1 0 0 0 0 0 0 0 0 0 0 0 0 0 0
"25" 25 0.144230769231 390 45 41 13 10 1 0 0 0 0 0 0 0 0 0 0 0 0 0 0
"26" 26 0.451476793249 384 57 37 12 5 4 1 0 0 0 0 0 0 0 0 0 0 0 0 0
"27" 27 0.208860759494 351 136 7 2 2 2 0 0 0 0 0 0 0 0 0 0 0 0 0 0
"28" 28 0.205298013245 444 55 1 0 0 0 0 0 0 0 0 0 0 0 0 0 0 0 0 0
"29" 29 0.17816091954 211 170 33 18 18 16 11 9 8 2 2 2 0 0 0 0 0 0 0 0
"30" 30 0.43023255814 500 0 0 0 0 0 0 0 0 0 0 0 0 0 0 0 0 0 0 0
"31" 31 0.375912408759 391 55 45 9 0 0 0 0 0 0 0 0 0 0 0 0 0 0 0 0
"32" 32 0.410041841004 368 132 0 0 0 0 0 0 0 0 0 0 0 0 0 0 0 0 0 0
"33" 33 0.900662251656 356 124 18 2 0 0 0 0 0 0 0 0 0 0 0 0 0 0 0 0
"34" 34 0.544041450777 315 159 26 0 0 0 0 0 0 0 0 0 0 0 0 0 0 0 0 0
"35" 35 0.394230769231 248 245 6 1 0 0 0 0 0 0 0 0 0 0 0 0 0 0 0 0
"36" 36 0.544642857143 243 71 67 64 45 6 3 1 0 0 0 0 0 0 0 0 0 0 0 0
"37" 37 0.114942528736 276 129 38 13 12 11 9 5 3 1 1 1 1 0 0 0 0 0 0 0
"38" 38 0.421524663677 493 7 0 0 0 0 0 0 0 0 0 0 0 0 0 0 0 0 0 0
"39" 39 0.0761421319797 302 175 10 6 3 2 2 0 0 0 0 0 0 0 0 0 0 0 0 0
"40" 40 0.405128205128 500 0 0 0 0 0 0 0 0 0 0 0 0 0 0 0 0 0 0 0
"41" 41 0.167512690355 432 34 16 15 3 0 0 0 0 0 0 0 0 0 0 0 0 0 0 0
"42" 42 0.473214285714 444 43 12 1 0 0 0 0 0 0 0 0 0 0 0 0 0 0 0 0
"43" 43 0.325892857143 288 88 48 26 19 15 11 2 2 1 0 0 0 0 0 0 0 0 0 0
"44" 44 0.622516556291 273 227 0 0 0 0 0 0 0 0 0 0 0 0 0 0 0 0 0 0
"45" 45 0.0152284263959 259 131 46 20 13 7 7 6 5 2 2 1 1 0 0 0 0 0 0 0
"46" 46 0.649635036496 273 227 0 0 0 0 0 0 0 0 0 0 0 0 0 0 0 0 0 0
"47" 47 0.317307692308 500 0 0 0 0 0 0 0 0 0 0 0 0 0 0 0 0 0 0 0
"48" 48 0.0189873417722 223 81 75 70 30 16 5 0 0 0 0 0 0 0 0 0 0 0 0 0
"49" 49 0.108808290155 279 97 45 31 29 9 7 1 1 1 0 0 0 0 0 0 0 0 0 0
"50" 50 0.0 447 20 14 4 4 3 3 2 2 1 0 0 0 0 0 0 0 0 0 0
"51" 51 0.0228136882129 433 63 2 1 1 0 0 0 0 0 0 0 0 0 0 0 0 0 0 0
"52" 52 0.0 457 25 13 3 1 1 0 0 0 0 0 0 0 0 0 0 0 0 0 0
"53" 53 0.0152284263959 447 51 2 0 0 0 0 0 0 0 0 0 0 0 0 0 0 0 0 0
"54" 54 0.00448430493274 493 6 1 0 0 0 0 0 0 0 0 0 0 0 0 0 0 0 0 0
"55" 55 0.00662251655629 499 1 0 0 0 0 0 0 0 0 0 0 0 0 0 0 0 0 0 0
"56" 56 0.0 391 98 6 3 1 1 0 0 0 0 0 0 0 0 0 0 0 0 0 0
"57" 57 0.0529801324503 476 10 7 6 1 0 0 0 0 0 0 0 0 0 0 0 0 0 0 0
"58" 58 0.730569948187 336 122 23 10 8 1 0 0 0 0 0 0 0 0 0 0 0 0 0 0
"59" 59 0.364779874214 346 106 22 21 5 0 0 0 0 0 0 0 0 0 0 0 0 0 0 0
"60" 60 0.195402298851 396 88 11 3 2 0 0 0 0 0 0 0 0 0 0 0 0 0 0 0
"61" 61 0.507692307692 389 40 33 21 10 5 1 1 0 0 0 0 0 0 0 0 0 0 0 0
"62" 62 0.352678571429 231 158 80 14 9 7 1 0 0 0 0 0 0 0 0 0 0 0 0 0
"63" 63 0.0909090909091 435 65 0 0 0 0 0 0 0 0 0 0 0 0 0 0 0 0 0 0
"64" 64 0.0812182741117 346 64 40 20 18 8 4 0 0 0 0 0 0 0 0 0 0 0 0 0
"65" 65 0.435779816514 225 88 71 63 20 15 13 2 2 1 0 0 0 0 0 0 0 0 0 0
"66" 66 0.00892857142857 239 131 39 25 18 11 10 10 8 4 3 1 1 0 0 0 0 0 0 0
"67" 67 0.0 174 109 104 58 53 2 0 0 0 0 0 0 0 0 0 0 0 0 0 0
"68" 68 0.109452736318 167 107 101 40 24 23 20 12 3 1 1 1 0 0 0 0 0 0 0 0
"69" 69 0.263959390863 216 153 55 44 27 3 1 1 0 0 0 0 0 0 0 0 0 0 0 0
"70" 70 0.0 430 30 10 9 8 5 4 2 1 1 0 0 0 0 0 0 0 0 0 0
"71" 71 0.0 357 79 36 24 4 0 0 0 0 0 0 0 0 0 0 0 0 0 0 0
"72" 72 0.284974093264 235 140 77 48 0 0 0 0 0 0 0 0 0 0 0 0 0 0 0 0
"73" 73 0.193798449612 286 167 36 5 3 2 1 0 0 0 0 0 0 0 0 0 0 0 0 0
"74" 74 0.0 333 46 25 23 22 13 12 10 7 7 1 1 0 0 0 0 0 0 0 0
"75" 75 0.400843881857 456 31 10 2 1 0 0 0 0 0 0 0 0 0 0 0 0 0 0 0
"76" 76 0.624087591241 282 105 95 17 1 0 0 0 0 0 0 0 0 0 0 0 0 0 0 0
"77" 77 0.31007751938 245 142 82 22 4 3 1 1 0 0 0 0 0 0 0 0 0 0 0 0
"78" 78 0.364238410596 273 227 0 0 0 0 0 0 0 0 0 0 0 0 0 0 0 0 0 0
"79" 79 0.139534883721 430 69 1 0 0 0 0 0 0 0 0 0 0 0 0 0 0 0 0 0
"80" 80 0.590717299578 263 189 44 3 1 0 0 0 0 0 0 0 0 0 0 0 0 0 0 0
"81" 81 0.145348837209 192 160 98 44 5 1 0 0 0 0 0 0 0 0 0 0 0 0 0 0
"82" 82 0.0304568527919 428 37 31 2 2 0 0 0 0 0 0 0 0 0 0 0 0 0 0 0
"83" 83 0.0153846153846 301 105 80 7 3 2 1 1 0 0 0 0 0 0 0 0 0 0 0 0
"84" 84 0.0 389 52 41 8 4 3 1 1 1 0 0 0 0 0 0 0 0 0 0 0
"85" 85 0.00574712643678 414 61 23 2 0 0 0 0 0 0 0 0 0 0 0 0 0 0 0 0
"86" 86 0.0 476 15 7 2 0 0 0 0 0 0 0 0 0 0 0 0 0 0 0 0
"87" 87 0.0062893081761 191 144 66 64 27 5 2 1 0 0 0 0 0 0 0 0 0 0 0 0
"88" 88 0.0380228136882 214 203 39 26 10 6 2 0 0 0 0 0 0 0 0 0 0 0 0 0
"89" 89 0.0190114068441 495 2 1 1 1 0 0 0 0 0 0 0 0 0 0 0 0 0 0 0
"90" 90 0.00961538461538 500 0 0 0 0 0 0 0 0 0 0 0 0 0 0 0 0 0 0 0
"91" 91 0.300380228137 387 109 2 1 1 0 0 0 0 0 0 0 0 0 0 0 0 0 0 0
"92" 92 0.0232558139535 338 148 9 4 1 0 0 0 0 0 0 0 0 0 0 0 0 0 0 0
"93" 93 0.372262773723 154 137 106 36 22 15 13 8 5 4 0 0 0 0 0 0 0 0 0 0
"94" 94 0.233183856502 428 58 8 4 1 1 0 0 0 0 0 0 0 0 0 0 0 0 0 0
"95" 95 0.160621761658 263 140 35 33 17 11 1 0 0 0 0 0 0 0 0 0 0 0 0 0
"96" 96 0.656934306569 310 95 78 8 7 2 0 0 0 0 0 0 0 0 0 0 0 0 0 0
"97" 97 0.607594936709 473 25 2 0 0 0 0 0 0 0 0 0 0 0 0 0 0 0 0 0
"98" 98 0.880794701987 500 0 0 0 0 0 0 0 0 0 0 0 0 0 0 0 0 0 0 0
"99" 99 0.839416058394 500 0 0 0 0 0 0 0 0 0 0 0 0 0 0 0 0 0 0 0
"100" 100 0.441964285714 488 10 2 0 0 0 0 0 0 0 0 0 0 0 0 0 0 0 0 0
"101" 101 0.534591194969 360 137 2 1 0 0 0 0 0 0 0 0 0 0 0 0 0 0 0 0
"102" 102 0.319796954315 475 25 0 0 0 0 0 0 0 0 0 0 0 0 0 0 0 0 0 0
"103" 103 0.156976744186 179 168 96 23 12 10 10 2 0 0 0 0 0 0 0 0 0 0 0 0
"104" 104 0.0 500 0 0 0 0 0 0 0 0 0 0 0 0 0 0 0 0 0 0 0
"105" 105 0.316455696203 211 182 65 25 12 5 0 0 0 0 0 0 0 0 0 0 0 0 0 0
"106" 106 0.492537313433 174 115 76 48 31 26 15 8 7 0 0 0 0 0 0 0 0 0 0 0
"107" 107 0.0167364016736 311 137 26 14 10 1 1 0 0 0 0 0 0 0 0 0 0 0 0 0
"108" 108 0.0 500 0 0 0 0 0 0 0 0 0 0 0 0 0 0 0 0 0 0 0
"109" 109 0.323076923077 222 173 65 15 14 9 2 0 0 0 0 0 0 0 0 0 0 0 0 0
"110" 110 0.338308457711 198 85 81 63 44 11 11 5 2 0 0 0 0 0 0 0 0 0 0 0
"111" 111 0.0 405 37 27 15 5 4 4 1 1 1 0 0 0 0 0 0 0 0 0 0
"112" 112 0.209821428571 270 222 6 2 0 0 0 0 0 0 0 0 0 0 0 0 0 0 0 0
"113" 113 0.668604651163 189 178 53 51 12 9 8 0 0 0 0 0 0 0 0 0 0 0 0 0
"114" 114 0.108527131783 476 20 3 1 0 0 0 0 0 0 0 0 0 0 0 0 0 0 0 0
"115" 115 0.182692307692 500 0 0 0 0 0 0 0 0 0 0 0 0 0 0 0 0 0 0 0
"116" 116 0.077519379845 447 22 15 8 8 0 0 0 0 0 0 0 0 0 0 0 0 0 0 0
"117" 117 0.296511627907 293 183 17 4 3 0 0 0 0 0 0 0 0 0 0 0 0 0 0 0
"118" 118 0.222627737226 404 87 7 1 1 0 0 0 0 0 0 0 0 0 0 0 0 0 0 0
"119" 119 0.0 482 17 1 0 0 0 0 0 0 0 0 0 0 0 0 0 0 0 0 0
"120" 120 0.00507614213198 341 73 44 42 0 0 0 0 0 0 0 0 0 0 0 0 0 0 0 0
"121" 121 0.0 467 33 0 0 0 0 0 0 0 0 0 0 0 0 0 0 0 0 0 0
"122" 122 0.00497512437811 379 43 30 16 12 7 5 4 2 1 1 0 0 0 0 0 0 0 0 0
"123" 123 0.0621761658031 287 198 15 0 0 0 0 0 0 0 0 0 0 0 0 0 0 0 0 0
"124" 124 0.0248756218905 500 0 0 0 0 0 0 0 0 0 0 0 0 0 0 0 0 0 0 0
"125" 125 0.311004784689 135 117 56 54 41 40 18 15 9 9 6 0 0 0 0 0 0 0 0 0
"126" 126 0.046511627907 277 89 58 36 21 11 3 2 2 1 0 0 0 0 0 0 0 0 0 0
"127" 127 0.465408805031 331 129 16 13 6 5 0 0 0 0 0 0 0 0 0 0 0 0 0 0
"128" 128 0.587443946188 261 114 55 44 14 6 4 1 1 0 0 0 0 0 0 0 0 0 0 0
"129" 129 0.0 500 0 0 0 0 0 0 0 0 0 0 0 0 0 0 0 0 0 0 0
"130" 130 0.322869955157 485 15 0 0 0 0 0 0 0 0 0 0 0 0 0 0 0 0 0 0
"131" 131 0.567307692308 266 131 57 46 0 0 0 0 0 0 0 0 0 0 0 0 0 0 0 0
"132" 132 0.196652719665 493 7 0 0 0 0 0 0 0 0 0 0 0 0 0 0 0 0 0 0
"133" 133 0.0418410041841 490 8 2 0 0 0 0 0 0 0 0 0 0 0 0 0 0 0 0 0
"134" 134 0.777202072539 255 224 17 2 2 0 0 0 0 0 0 0 0 0 0 0 0 0 0 0
"135" 135 0.162436548223 245 143 104 7 1 0 0 0 0 0 0 0 0 0 0 0 0 0 0 0
"136" 136 0.421383647799 314 142 33 8 2 1 0 0 0 0 0 0 0 0 0 0 0 0 0 0
"137" 137 0.116751269036 500 0 0 0 0 0 0 0 0 0 0 0 0 0 0 0 0 0 0 0
"138" 138 0.238341968912 371 72 38 6 4 4 3 1 1 0 0 0 0 0 0 0 0 0 0 0
"139" 139 0.157894736842 500 0 0 0 0 0 0 0 0 0 0 0 0 0 0 0 0 0 0 0
"140" 140 0.0 389 39 30 16 13 6 4 2 1 0 0 0 0 0 0 0 0 0 0 0
"141" 141 0.298165137615 169 148 63 47 46 25 2 0 0 0 0 0 0 0 0 0 0 0 0 0
"142" 142 0.0 173 111 93 70 42 7 3 1 0 0 0 0 0 0 0 0 0 0 0 0
"143" 143 0.0632183908046 164 114 94 92 28 7 1 0 0 0 0 0 0 0 0 0 0 0 0 0
"144" 144 0.314465408805 331 73 40 22 14 10 8 1 1 0 0 0 0 0 0 0 0 0 0 0
"145" 145 0.218274111675 302 59 50 48 20 10 10 1 0 0 0 0 0 0 0 0 0 0 0 0
"146" 146 0.00497512437811 447 43 9 1 0 0 0 0 0 0 0 0 0 0 0 0 0 0 0 0
"147" 147 0.0 425 53 14 5 1 1 1 0 0 0 0 0 0 0 0 0 0 0 0 0
"148" 148 0.584821428571 312 78 52 45 9 4 0 0 0 0 0 0 0 0 0 0 0 0 0 0
"149" 149 0.148288973384 207 171 48 30 24 10 9 1 0 0 0 0 0 0 0 0 0 0 0 0
"150" 150 0.00418410041841 344 155 1 0 0 0 0 0 0 0 0 0 0 0 0 0 0 0 0 0
"151" 151 0.392857142857 259 174 25 18 15 8 1 0 0 0 0 0 0 0 0 0 0 0 0 0
"152" 152 0.490384615385 264 84 81 68 1 1 1 0 0 0 0 0 0 0 0 0 0 0 0 0
"153" 153 0.35864978903 233 126 73 27 21 16 3 1 0 0 0 0 0 0 0 0 0 0 0 0
"154" 154 0.723076923077 500 0 0 0 0 0 0 0 0 0 0 0 0 0 0 0 0 0 0 0
"155" 155 0.179104477612 263 91 59 29 21 18 7 4 3 2 2 1 0 0 0 0 0 0 0 0
"156" 156 0.65625 499 1 0 0 0 0 0 0 0 0 0 0 0 0 0 0 0 0 0 0
"157" 157 0.414507772021 244 231 13 10 2 0 0 0 0 0 0 0 0 0 0 0 0 0 0 0
"158" 158 0.116751269036 374 93 32 1 0 0 0 0 0 0 0 0 0 0 0 0 0 0 0 0
"159" 159 0.00574712643678 241 190 53 8 5 3 0 0 0 0 0 0 0 0 0 0 0 0 0 0
"160" 160 0.0 253 218 18 11 0 0 0 0 0 0 0 0 0 0 0 0 0 0 0 0
"161" 161 0.00574712643678 265 103 61 49 14 6 2 0 0 0 0 0 0 0 0 0 0 0 0 0
"162" 162 0.00662251655629 500 0 0 0 0 0 0 0 0 0 0 0 0 0 0 0 0 0 0 0
"163" 163 0.0125786163522 437 36 18 5 4 0 0 0 0 0 0 0 0 0 0 0 0 0 0 0
"164" 164 0.290155440415 214 157 127 2 0 0 0 0 0 0 0 0 0 0 0 0 0 0 0 0
"165" 165 0.521531100478 496 2 2 0 0 0 0 0 0 0 0 0 0 0 0 0 0 0 0 0
"166" 166 0.576923076923 281 206 8 2 2 1 0 0 0 0 0 0 0 0 0 0 0 0 0 0
"167" 167 0.0 316 149 26 4 2 2 1 0 0 0 0 0 0 0 0 0 0 0 0 0
"168" 168 0.304597701149 182 144 102 32 21 19 0 0 0 0 0 0 0 0 0 0 0 0 0 0
"169" 169 0.575581395349 384 37 34 33 5 3 2 1 1 0 0 0 0 0 0 0 0 0 0 0
"170" 170 0.138686131387 177 151 123 27 11 4 2 2 1 1 1 0 0 0 0 0 0 0 0 0
"171" 171 0.0077519379845 482 18 0 0 0 0 0 0 0 0 0 0 0 0 0 0 0 0 0 0
"172" 172 0.554744525547 217 187 45 40 7 2 1 1 0 0 0 0 0 0 0 0 0 0 0 0
"173" 173 0.443037974684 251 161 55 28 2 2 1 0 0 0 0 0 0 0 0 0 0 0 0 0
"174" 174 0.0 270 225 3 1 1 0 0 0 0 0 0 0 0 0 0 0 0 0 0 0
"175" 175 0.031007751938 500 0 0 0 0 0 0 0 0 0 0 0 0 0 0 0 0 0 0 0
"176" 176 0.466321243523 206 191 41 33 19 8 2 0 0 0 0 0 0 0 0 0 0 0 0 0
"177" 177 0.273722627737 340 69 49 40 1 1 0 0 0 0 0 0 0 0 0 0 0 0 0 0
"178" 178 0.124378109453 485 15 0 0 0 0 0 0 0 0 0 0 0 0 0 0 0 0 0 0
"179" 179 0.742616033755 500 0 0 0 0 0 0 0 0 0 0 0 0 0 0 0 0 0 0 0
"180" 180 0.139534883721 379 63 51 6 1 0 0 0 0 0 0 0 0 0 0 0 0 0 0 0
"181" 181 0.440251572327 337 107 43 11 2 0 0 0 0 0 0 0 0 0 0 0 0 0 0 0
"182" 182 0.365482233503 478 16 5 1 0 0 0 0 0 0 0 0 0 0 0 0 0 0 0 0
"183" 183 0.0232558139535 442 53 5 0 0 0 0 0 0 0 0 0 0 0 0 0 0 0 0 0
"184" 184 0.197969543147 336 83 78 2 1 0 0 0 0 0 0 0 0 0 0 0 0 0 0 0
"185" 185 0.00507614213198 399 56 26 12 4 2 1 0 0 0 0 0 0 0 0 0 0 0 0 0
"186" 186 0.150259067358 492 5 2 1 0 0 0 0 0 0 0 0 0 0 0 0 0 0 0 0
"187" 187 0.544303797468 471 23 3 1 1 1 0 0 0 0 0 0 0 0 0 0 0 0 0 0
"188" 188 0.810218978102 491 6 3 0 0 0 0 0 0 0 0 0 0 0 0 0 0 0 0 0
"189" 189 0.371559633028 423 41 16 10 3 2 2 1 1 1 0 0 0 0 0 0 0 0 0 0
"190" 190 0.512820512821 481 19 0 0 0 0 0 0 0 0 0 0 0 0 0 0 0 0 0 0
"191" 191 0.197969543147 375 67 34 8 5 5 5 1 0 0 0 0 0 0 0 0 0 0 0 0
"192" 192 0.419540229885 500 0 0 0 0 0 0 0 0 0 0 0 0 0 0 0 0 0 0 0
"193" 193 0.423076923077 500 0 0 0 0 0 0 0 0 0 0 0 0 0 0 0 0 0 0 0
"194" 194 0.574358974359 239 128 108 13 6 4 2 0 0 0 0 0 0 0 0 0 0 0 0 0
"195" 195 0.0406091370558 253 227 11 9 0 0 0 0 0 0 0 0 0 0 0 0 0 0 0 0
"196" 196 0.647321428571 211 198 59 22 6 4 0 0 0 0 0 0 0 0 0 0 0 0 0 0
"197" 197 0.346153846154 500 0 0 0 0 0 0 0 0 0 0 0 0 0 0 0 0 0 0 0
"198" 198 0.130801687764 149 99 97 69 19 19 18 18 10 2 0 0 0 0 0 0 0 0 0 0
"199" 199 0.0 467 23 6 3 1 0 0 0 0 0 0 0 0 0 0 0 0 0 0 0
"200" 200 0.0 163 148 110 66 8 2 2 1 0 0 0 0 0 0 0 0 0 0 0 0
"201" 201 0.0 274 148 47 26 3 2 0 0 0 0 0 0 0 0 0 0 0 0 0 0
"202" 202 0.0 468 15 10 4 2 1 0 0 0 0 0 0 0 0 0 0 0 0 0 0
"203" 203 0.00507614213198 470 16 11 3 0 0 0 0 0 0 0 0 0 0 0 0 0 0 0 0
"204" 204 0.113989637306 430 60 10 0 0 0 0 0 0 0 0 0 0 0 0 0 0 0 0 0
"205" 205 0.020725388601 272 165 49 12 1 1 0 0 0 0 0 0 0 0 0 0 0 0 0 0
"206" 206 0.0609137055838 203 112 81 48 16 14 11 7 3 2 1 1 1 0 0 0 0 0 0 0
"207" 207 0.0253807106599 254 245 1 0 0 0 0 0 0 0 0 0 0 0 0 0 0 0 0 0
"208" 208 0.227979274611 377 37 34 26 25 1 0 0 0 0 0 0 0 0 0 0 0 0 0 0
"209" 209 0.31976744186 332 106 20 14 13 9 3 1 1 1 0 0 0 0 0 0 0 0 0 0
"210" 210 0.031007751938 500 0 0 0 0 0 0 0 0 0 0 0 0 0 0 0 0 0 0 0
"211" 211 0.134615384615 168 128 103 91 7 3 0 0 0 0 0 0 0 0 0 0 0 0 0 0
"212" 212 0.441860465116 332 152 11 4 1 0 0 0 0 0 0 0 0 0 0 0 0 0 0 0
"213" 213 0.0253807106599 469 13 8 6 3 1 0 0 0 0 0 0 0 0 0 0 0 0 0 0
"214" 214 0.0348837209302 303 178 19 0 0 0 0 0 0 0 0 0 0 0 0 0 0 0 0 0
"215" 215 0.547263681592 438 49 5 4 3 1 0 0 0 0 0 0 0 0 0 0 0 0 0 0
"216" 216 0.0 416 62 17 5 0 0 0 0 0 0 0 0 0 0 0 0 0 0 0 0
"217" 217 0.0 283 167 23 14 12 1 0 0 0 0 0 0 0 0 0 0 0 0 0 0
"218" 218 0.379487179487 197 163 68 32 18 15 3 3 1 0 0 0 0 0 0 0 0 0 0 0
"219" 219 0.15503875969 322 72 46 18 10 9 8 7 5 2 1 0 0 0 0 0 0 0 0 0
"220" 220 0.00497512437811 467 16 12 3 2 0 0 0 0 0 0 0 0 0 0 0 0 0 0 0
"221" 221 0.379310344828 196 97 54 51 44 27 22 6 2 1 0 0 0 0 0 0 0 0 0 0
"222" 222 0.723214285714 111 101 98 82 65 30 5 5 2 1 0 0 0 0 0 0 0 0 0 0
"223" 223 0.394871794872 292 126 40 30 5 3 2 1 1 0 0 0 0 0 0 0 0 0 0 0
"224" 224 0.326923076923 496 4 0 0 0 0 0 0 0 0 0 0 0 0 0 0 0 0 0 0
"225" 225 0.108527131783 465 35 0 0 0 0 0 0 0 0 0 0 0 0 0 0 0 0 0 0
"226" 226 0.409282700422 500 0 0 0 0 0 0 0 0 0 0 0 0 0 0 0 0 0 0 0
"227" 227 0.214285714286 367 94 15 11 8 4 1 0 0 0 0 0 0 0 0 0 0 0 0 0
"228" 228 0.0172413793103 445 29 12 7 4 3 0 0 0 0 0 0 0 0 0 0 0 0 0 0
"229" 229 0.0342205323194 385 95 20 0 0 0 0 0 0 0 0 0 0 0 0 0 0 0 0 0
"230" 230 0.0 475 25 0 0 0 0 0 0 0 0 0 0 0 0 0 0 0 0 0 0
"231" 231 0.0 476 24 0 0 0 0 0 0 0 0 0 0 0 0 0 0 0 0 0 0
"232" 232 0.00632911392405 500 0 0 0 0 0 0 0 0 0 0 0 0 0 0 0 0 0 0 0
"233" 233 0.0116279069767 483 16 1 0 0 0 0 0 0 0 0 0 0 0 0 0 0 0 0 0
"234" 234 0.0143540669856 498 2 0 0 0 0 0 0 0 0 0 0 0 0 0 0 0 0 0 0
"235" 235 0.0188679245283 271 82 68 38 17 9 7 6 1 1 0 0 0 0 0 0 0 0 0 0
"236" 236 0.218390804598 221 148 52 18 17 16 13 6 3 2 2 1 1 0 0 0 0 0 0 0
"237" 237 0.0547263681592 496 2 1 1 0 0 0 0 0 0 0 0 0 0 0 0 0 0 0 0
"238" 238 0.304635761589 167 138 121 29 19 18 7 1 0 0 0 0 0 0 0 0 0 0 0 0
"239" 239 0.519230769231 500 0 0 0 0 0 0 0 0 0 0 0 0 0 0 0 0 0 0 0
"240" 240 0.314465408805 367 59 51 9 8 4 2 0 0 0 0 0 0 0 0 0 0 0 0 0
"241" 241 0.0 500 0 0 0 0 0 0 0 0 0 0 0 0 0 0 0 0 0 0 0
"242" 242 0.0172413793103 340 52 37 29 23 10 6 2 1 0 0 0 0 0 0 0 0 0 0 0
"243" 243 0.388392857143 184 173 63 46 16 8 8 2 0 0 0 0 0 0 0 0 0 0 0 0
"244" 244 0.386861313869 370 61 52 11 6 0 0 0 0 0 0 0 0 0 0 0 0 0 0 0
"245" 245 0.0152284263959 469 10 9 7 2 1 1 1 0 0 0 0 0 0 0 0 0 0 0 0
"246" 246 0.169230769231 170 117 76 69 66 2 0 0 0 0 0 0 0 0 0 0 0 0 0 0
"247" 247 0.707692307692 193 163 70 62 8 2 1 1 0 0 0 0 0 0 0 0 0 0 0 0
"248" 248 0.0662251655629 500 0 0 0 0 0 0 0 0 0 0 0 0 0 0 0 0 0 0 0
"249" 249 0.273255813953 214 80 63 62 47 22 5 4 1 1 1 0 0 0 0 0 0 0 0 0
"250" 250 0.010152284264 382 63 54 1 0 0 0 0 0 0 0 0 0 0 0 0 0 0 0 0
"251" 251 0.476793248945 258 102 79 53 8 0 0 0 0 0 0 0 0 0 0 0 0 0 0 0
"252" 252 0.147321428571 392 93 10 3 1 1 0 0 0 0 0 0 0 0 0 0 0 0 0 0
"253" 253 0.0 383 47 33 22 7 5 2 1 0 0 0 0 0 0 0 0 0 0 0 0
"254" 254 0.0 293 186 9 6 2 2 1 1 0 0 0 0 0 0 0 0 0 0 0 0
"255" 255 0.00574712643678 374 108 8 6 2 1 1 0 0 0 0 0 0 0 0 0 0 0 0 0
"256" 256 0.00581395348837 408 49 35 7 1 0 0 0 0 0 0 0 0 0 0 0 0 0 0 0
"257" 257 0.107692307692 279 213 8 0 0 0 0 0 0 0 0 0 0 0 0 0 0 0 0 0
"258" 258 0.0 240 139 114 5 1 1 0 0 0 0 0 0 0 0 0 0 0 0 0 0
"259" 259 0.0558375634518 280 143 61 10 4 1 1 0 0 0 0 0 0 0 0 0 0 0 0 0
"260" 260 0.261603375527 477 14 6 2 1 0 0 0 0 0 0 0 0 0 0 0 0 0 0 0
"261" 261 0.199004975124 198 100 73 56 25 21 9 9 6 3 0 0 0 0 0 0 0 0 0 0
"262" 262 0.245283018868 361 135 2 1 1 0 0 0 0 0 0 0 0 0 0 0 0 0 0 0
"263" 263 0.732142857143 477 14 4 3 2 0 0 0 0 0 0 0 0 0 0 0 0 0 0 0
"264" 264 0.6875 361 136 2 1 0 0 0 0 0 0 0 0 0 0 0 0 0 0 0 0
"265" 265 0.270042194093 218 142 86 36 16 2 0 0 0 0 0 0 0 0 0 0 0 0 0 0
"266" 266 0.658227848101 320 126 30 24 0 0 0 0 0 0 0 0 0 0 0 0 0 0 0 0
"267" 267 0.0355329949239 400 34 28 15 8 7 6 2 0 0 0 0 0 0 0 0 0 0 0 0
"268" 268 0.575892857143 458 33 4 4 1 0 0 0 0 0 0 0 0 0 0 0 0 0 0 0
"269" 269 0.302919708029 287 118 53 29 13 0 0 0 0 0 0 0 0 0 0 0 0 0 0 0
"270" 270 0.255230125523 444 53 3 0 0 0 0 0 0 0 0 0 0 0 0 0 0 0 0 0
"271" 271 0.413502109705 240 115 42 31 20 15 15 11 7 3 1 0 0 0 0 0 0 0 0 0
"272" 272 0.291479820628 290 75 71 52 6 2 2 1 1 0 0 0 0 0 0 0 0 0 0 0
"273" 273 0.114427860697 237 213 24 12 4 3 2 2 1 1 1 0 0 0 0 0 0 0 0 0
"274" 274 0.278145695364 481 8 8 1 1 1 0 0 0 0 0 0 0 0 0 0 0 0 0 0
"275" 275 0.00574712643678 322 139 28 10 1 0 0 0 0 0 0 0 0 0 0 0 0 0 0 0
"276" 276 0.0 232 206 62 0 0 0 0 0 0 0 0 0 0 0 0 0 0 0 0 0
"277" 277 0.440251572327 327 130 40 2 1 0 0 0 0 0 0 0 0 0 0 0 0 0 0 0
"278" 278 0.179104477612 125 113 113 64 26 19 15 8 7 6 3 1 0 0 0 0 0 0 0 0
"279" 279 0.00497512437811 199 151 56 43 31 15 3 2 0 0 0 0 0 0 0 0 0 0 0 0
"280" 280 0.0 499 1 0 0 0 0 0 0 0 0 0 0 0 0 0 0 0 0 0 0
"281" 281 0.290178571429 170 127 119 70 8 6 0 0 0 0 0 0 0 0 0 0 0 0 0 0
"282" 282 0.0077519379845 195 83 73 63 29 16 16 13 5 4 2 1 0 0 0 0 0 0 0 0
"283" 283 0.0 333 80 23 20 20 18 3 1 1 1 0 0 0 0 0 0 0 0 0 0
"284" 284 0.223350253807 204 172 43 29 20 18 10 4 0 0 0 0 0 0 0 0 0 0 0 0
"285" 285 0.164233576642 186 95 65 42 26 25 21 15 12 11 2 0 0 0 0 0 0 0 0 0
"286" 286 0.0919540229885 227 72 70 44 22 14 13 12 7 6 6 5 2 0 0 0 0 0 0 0
"287" 287 0.22009569378 263 129 73 20 5 4 2 2 1 1 0 0 0 0 0 0 0 0 0 0
"288" 288 0.473214285714 237 130 113 17 1 1 1 0 0 0 0 0 0 0 0 0 0 0 0 0
"289" 289 0.798206278027 500 0 0 0 0 0 0 0 0 0 0 0 0 0 0 0 0 0 0 0
"290" 290 0.340807174888 302 85 51 47 11 3 1 0 0 0 0 0 0 0 0 0 0 0 0 0
"291" 291 0.437086092715 302 172 18 7 1 0 0 0 0 0 0 0 0 0 0 0 0 0 0 0
"292" 292 0.114942528736 218 138 85 18 16 7 6 4 3 2 2 1 0 0 0 0 0 0 0 0
"293" 293 0.516556291391 230 172 69 26 2 1 0 0 0 0 0 0 0 0 0 0 0 0 0 0
"294" 294 0.631178707224 340 157 2 1 0 0 0 0 0 0 0 0 0 0 0 0 0 0 0 0
"295" 295 0.199004975124 209 118 100 36 23 7 4 2 1 0 0 0 0 0 0 0 0 0 0 0
"296" 296 0.573221757322 211 176 53 30 14 6 5 3 2 0 0 0 0 0 0 0 0 0 0 0
