"site" "RSA" "aa1" "aa2" "aa3" "aa4" "aa5" "aa6" "aa7" "aa8" "aa9" "aa10" "aa11" "aa12" "aa13" "aa14" "aa15" "aa16" "aa17" "aa18" "aa19" "aa20"
"0" 0 0.230769230769 500 0 0 0 0 0 0 0 0 0 0 0 0 0 0 0 0 0 0 0
"1" 1 0.558974358974 131 118 116 67 31 16 4 4 4 3 3 2 1 0 0 0 0 0 0 0
"2" 2 0.43654822335 83 80 77 63 52 46 32 30 28 4 2 2 1 0 0 0 0 0 0 0
"3" 3 0.071129707113 136 117 74 71 54 20 10 6 3 3 2 2 1 1 0 0 0 0 0 0
"4" 4 0.0697674418605 286 109 39 33 13 9 4 3 2 1 1 0 0 0 0 0 0 0 0 0
"5" 5 0.507692307692 187 111 88 53 23 12 8 6 4 3 2 2 1 0 0 0 0 0 0 0
"6" 6 0.0945273631841 453 28 10 3 2 2 1 1 0 0 0 0 0 0 0 0 0 0 0 0
"7" 7 0.0 291 59 50 44 41 3 3 3 1 1 1 1 1 1 0 0 0 0 0 0
"8" 8 0.447257383966 271 82 46 23 21 14 10 9 8 4 3 3 2 2 1 1 0 0 0 0
"9" 9 0.528846153846 156 126 68 42 42 15 13 9 7 6 5 3 3 2 2 1 0 0 0 0
"10" 10 0.134328358209 341 37 32 19 16 14 10 7 6 5 4 4 2 1 1 1 0 0 0 0
"11" 11 0.317991631799 243 139 39 24 18 15 12 3 2 2 2 1 0 0 0 0 0 0 0 0
"12" 12 0.615384615385 111 91 74 68 51 46 24 13 12 6 2 2 0 0 0 0 0 0 0 0
"13" 13 0.573839662447 317 148 13 12 4 3 2 1 0 0 0 0 0 0 0 0 0 0 0 0
"14" 14 0.772151898734 199 91 46 35 26 25 22 20 14 9 6 3 2 2 0 0 0 0 0 0
"15" 15 0.352678571429 144 139 117 38 29 19 7 4 1 1 1 0 0 0 0 0 0 0 0 0
"16" 16 0.0596330275229 105 74 58 52 46 30 29 28 22 15 12 10 7 6 5 1 0 0 0 0
"17" 17 0.120437956204 189 93 77 33 28 24 22 19 5 5 3 1 1 0 0 0 0 0 0 0
"18" 18 0.0 180 101 74 53 28 22 21 13 5 2 1 0 0 0 0 0 0 0 0 0
"19" 19 0.0 355 47 38 18 12 11 7 3 3 2 2 1 1 0 0 0 0 0 0 0
"20" 20 0.0 270 91 31 30 21 18 13 11 6 4 3 2 0 0 0 0 0 0 0 0
"21" 21 0.0 168 157 47 35 15 14 13 9 8 8 7 6 4 2 2 2 2 1 0 0
"22" 22 0.0 500 0 0 0 0 0 0 0 0 0 0 0 0 0 0 0 0 0 0 0
"23" 23 0.0696517412935 239 93 89 21 18 15 11 6 2 2 1 1 1 1 0 0 0 0 0 0
"24" 24 0.424870466321 337 74 32 21 9 5 5 4 4 4 2 2 1 0 0 0 0 0 0 0
"25" 25 0.527131782946 436 50 12 2 0 0 0 0 0 0 0 0 0 0 0 0 0 0 0 0
"26" 26 0.015503875969 300 97 66 26 4 4 2 1 0 0 0 0 0 0 0 0 0 0 0 0
"27" 27 0.115384615385 500 0 0 0 0 0 0 0 0 0 0 0 0 0 0 0 0 0 0 0
"28" 28 0.0295358649789 114 92 91 65 57 48 13 9 6 3 2 0 0 0 0 0 0 0 0 0
"29" 29 0.348837209302 263 64 42 29 28 17 16 12 6 6 5 5 3 2 1 1 0 0 0 0
"30" 30 0.343023255814 98 93 70 62 55 47 43 12 11 4 2 1 1 1 0 0 0 0 0 0
"31" 31 0.010152284264 315 45 40 23 19 17 15 10 4 4 3 2 2 1 0 0 0 0 0 0
"32" 32 0.00995024875622 355 62 49 13 6 6 3 3 2 1 0 0 0 0 0 0 0 0 0 0
"33" 33 0.608365019011 152 117 77 62 44 14 7 7 6 6 3 3 1 1 0 0 0 0 0 0
"34" 34 0.345991561181 109 78 62 46 43 26 25 21 21 18 14 14 13 5 2 2 1 0 0 0
"35" 35 0.0199004975124 240 105 40 33 27 19 11 9 7 7 1 1 0 0 0 0 0 0 0 0
"36" 36 0.573839662447 405 38 18 14 10 7 6 2 0 0 0 0 0 0 0 0 0 0 0 0
"37" 37 0.0547263681592 390 40 21 15 9 5 5 4 4 2 2 1 1 1 0 0 0 0 0 0
"38" 38 0.394230769231 483 15 1 1 0 0 0 0 0 0 0 0 0 0 0 0 0 0 0 0
"39" 39 0.705357142857 246 59 51 41 29 24 16 12 11 5 3 1 1 1 0 0 0 0 0 0
"40" 40 0.248730964467 351 49 42 24 17 7 4 2 2 1 1 0 0 0 0 0 0 0 0 0
"41" 41 0.396551724138 140 124 74 46 34 26 17 13 12 5 4 2 2 1 0 0 0 0 0 0
"42" 42 0.453488372093 95 70 69 65 40 33 31 21 20 18 18 12 7 1 0 0 0 0 0 0
"43" 43 0.401162790698 107 90 67 63 52 34 28 14 12 12 9 4 3 3 1 1 0 0 0 0
"44" 44 0.502538071066 196 56 49 49 44 35 34 10 6 6 4 3 3 2 2 1 0 0 0 0
"45" 45 0.295597484277 202 63 56 35 31 31 18 15 10 9 9 7 5 3 3 3 0 0 0 0
"46" 46 0.279069767442 134 74 68 64 43 40 17 14 12 10 8 6 5 2 2 1 0 0 0 0
"47" 47 0.680203045685 269 142 46 27 5 3 3 2 2 1 0 0 0 0 0 0 0 0 0 0
"48" 48 0.471153846154 497 2 1 0 0 0 0 0 0 0 0 0 0 0 0 0 0 0 0 0
"49" 49 0.0209205020921 114 99 77 34 33 25 23 19 15 12 12 10 9 8 6 4 0 0 0 0
"50" 50 0.466666666667 105 87 57 47 43 38 36 33 16 14 10 4 4 3 3 0 0 0 0 0
"51" 51 0.0 91 89 61 56 39 31 28 25 22 22 16 11 4 4 1 0 0 0 0 0
"52" 52 0.133928571429 145 143 70 47 20 17 17 10 10 6 4 4 3 2 1 1 0 0 0 0
"53" 53 0.21511627907 114 87 72 61 35 35 24 20 13 8 8 7 7 4 4 1 0 0 0 0
"54" 54 0.0172413793103 307 101 35 16 12 12 10 6 1 0 0 0 0 0 0 0 0 0 0 0
"55" 55 0.540178571429 116 90 73 63 39 28 28 24 16 10 6 3 2 1 1 0 0 0 0 0
"56" 56 0.239543726236 298 53 53 42 32 8 7 4 1 1 1 0 0 0 0 0 0 0 0 0
"57" 57 0.409282700422 500 0 0 0 0 0 0 0 0 0 0 0 0 0 0 0 0 0 0 0
"58" 58 0.0769230769231 195 170 49 17 16 14 12 9 8 2 2 1 1 1 1 1 1 0 0 0
"59" 59 0.0 98 72 71 65 51 42 36 26 12 12 8 4 2 1 0 0 0 0 0 0
"60" 60 0.0198675496689 139 112 66 58 47 21 16 14 14 6 4 2 1 0 0 0 0 0 0 0
"61" 61 0.00418410041841 234 47 40 37 31 25 18 16 15 13 9 5 5 2 2 1 0 0 0 0
"62" 62 0.00581395348837 124 116 88 47 33 27 22 9 7 6 6 5 3 3 2 1 1 0 0 0
"63" 63 0.0 112 101 74 57 53 52 22 12 6 6 3 1 1 0 0 0 0 0 0 0
"64" 64 0.0106382978723 131 107 93 49 24 20 15 15 15 13 7 6 3 1 1 0 0 0 0 0
"65" 65 0.419689119171 103 98 60 39 39 31 28 27 26 25 16 4 3 1 0 0 0 0 0 0
"66" 66 0.051724137931 125 94 66 43 41 32 28 25 10 10 9 5 4 3 3 1 1 0 0 0
"67" 67 0.298076923077 500 0 0 0 0 0 0 0 0 0 0 0 0 0 0 0 0 0 0 0
"68" 68 0.634615384615 405 91 2 1 1 0 0 0 0 0 0 0 0 0 0 0 0 0 0 0
"69" 69 0.165919282511 159 92 48 38 38 23 19 18 16 11 11 10 8 6 2 1 0 0 0 0
"70" 70 0.373056994819 197 89 88 48 19 10 8 8 7 7 6 5 5 1 1 1 0 0 0 0
"71" 71 0.637130801688 163 140 85 44 21 16 10 6 4 4 3 1 1 1 1 0 0 0 0 0
"72" 72 0.558375634518 141 101 57 53 42 34 16 14 11 9 7 6 4 4 1 0 0 0 0 0
"73" 73 0.543795620438 253 51 43 42 33 13 13 11 10 9 7 6 5 3 1 0 0 0 0 0
"74" 74 0.220125786164 147 118 60 47 44 23 20 15 14 5 2 2 1 1 1 0 0 0 0 0
"75" 75 0.26368159204 152 69 67 36 35 35 24 17 14 11 11 10 10 6 2 1 0 0 0 0
"76" 76 0.0780141843972 114 103 103 50 38 35 22 13 11 4 3 2 1 1 0 0 0 0 0 0
"77" 77 0.448905109489 132 114 57 44 38 36 22 17 14 8 5 4 4 2 2 1 0 0 0 0
"78" 78 0.66985645933 129 88 52 50 47 40 31 24 13 12 8 4 1 1 0 0 0 0 0 0
"79" 79 0.167300380228 100 94 71 54 48 46 36 22 19 3 3 1 1 1 1 0 0 0 0 0
"80" 80 0.00836820083682 244 66 44 43 25 16 15 13 12 9 4 3 3 1 1 1 0 0 0 0
"81" 81 0.461883408072 199 161 37 32 20 19 14 10 3 2 2 1 0 0 0 0 0 0 0 0
"82" 82 0.189743589744 136 104 93 68 47 25 9 5 4 3 2 2 1 1 0 0 0 0 0 0
"83" 83 0.0232558139535 343 84 40 14 9 5 4 1 0 0 0 0 0 0 0 0 0 0 0 0
"84" 84 0.313901345291 292 67 50 32 12 10 10 8 7 4 2 2 2 1 1 0 0 0 0 0
"85" 85 0.0 144 109 104 53 29 15 12 9 8 6 6 3 1 1 0 0 0 0 0 0
"86" 86 0.0149253731343 187 116 78 23 22 22 17 10 7 6 5 3 3 1 0 0 0 0 0 0
"87" 87 0.010152284264 294 89 86 7 7 6 4 3 2 1 1 0 0 0 0 0 0 0 0 0
"88" 88 0.00418410041841 257 164 68 4 3 1 1 1 1 0 0 0 0 0 0 0 0 0 0 0
"89" 89 0.0 344 75 34 13 13 7 4 3 2 2 1 1 1 0 0 0 0 0 0 0
"90" 90 0.0402298850575 168 148 98 48 12 8 6 5 3 3 1 0 0 0 0 0 0 0 0 0
"91" 91 0.145077720207 434 27 23 11 4 1 0 0 0 0 0 0 0 0 0 0 0 0 0 0
"92" 92 0.0 316 159 15 5 3 2 0 0 0 0 0 0 0 0 0 0 0 0 0 0
"93" 93 0.230769230769 182 79 57 40 29 21 15 14 12 10 7 7 6 6 5 4 4 2 0 0
"94" 94 0.150259067358 484 11 2 1 1 1 0 0 0 0 0 0 0 0 0 0 0 0 0 0
"95" 95 0.379562043796 120 66 66 65 61 39 32 25 8 8 4 4 2 0 0 0 0 0 0 0
"96" 96 0.638392857143 110 96 92 75 52 38 20 11 2 2 1 1 0 0 0 0 0 0 0 0
"97" 97 0.288321167883 228 129 36 29 26 25 10 8 7 2 0 0 0 0 0 0 0 0 0 0
"98" 98 0.0459770114943 211 159 38 17 16 15 12 10 6 4 2 2 2 2 2 1 1 0 0 0
"99" 99 0.507692307692 140 80 48 45 41 40 32 22 13 13 11 11 2 2 0 0 0 0 0 0
"100" 100 0.272321428571 108 94 66 64 49 32 31 28 13 5 4 3 2 1 0 0 0 0 0 0
"101" 101 0.0232558139535 122 85 66 64 55 51 29 10 5 4 3 3 2 1 0 0 0 0 0 0
"102" 102 0.332116788321 201 118 61 49 25 19 7 5 4 4 3 2 1 1 0 0 0 0 0 0
"103" 103 0.419642857143 165 112 90 61 20 19 9 8 4 4 4 2 2 0 0 0 0 0 0 0
"104" 104 0.03125 206 74 55 43 35 35 11 11 7 7 7 4 3 1 1 0 0 0 0 0
"105" 105 0.0 333 54 26 21 20 11 10 8 5 5 3 2 1 1 0 0 0 0 0 0
"106" 106 0.238532110092 198 123 40 36 25 19 19 12 8 7 4 3 3 2 1 0 0 0 0 0
"107" 107 0.474452554745 127 108 102 35 27 23 18 14 11 10 9 9 4 2 1 0 0 0 0 0
"108" 108 0.0229357798165 132 91 87 42 24 23 23 22 22 12 7 6 4 4 1 0 0 0 0 0
"109" 109 0.0696517412935 305 64 26 20 19 13 12 9 8 7 6 4 3 2 1 1 0 0 0 0
"110" 110 0.581395348837 152 75 69 60 44 31 31 15 11 5 3 2 2 0 0 0 0 0 0 0
"111" 111 0.232142857143 83 68 50 49 48 44 40 30 21 16 15 13 8 8 3 2 2 0 0 0
"112" 112 0.678756476684 237 72 64 53 28 17 9 8 6 3 1 1 1 0 0 0 0 0 0 0
"113" 113 0.428571428571 222 61 45 33 28 22 20 16 10 9 9 7 6 5 4 2 1 0 0 0
"114" 114 0.00497512437811 399 54 18 7 6 5 4 2 1 1 1 1 1 0 0 0 0 0 0 0
"115" 115 0.448905109489 272 88 33 20 20 19 16 8 6 6 5 4 1 1 1 0 0 0 0 0
"116" 116 0.642487046632 130 113 99 57 39 35 10 10 3 3 1 0 0 0 0 0 0 0 0 0
"117" 117 0.0232558139535 408 61 15 13 2 1 0 0 0 0 0 0 0 0 0 0 0 0 0 0
"118" 118 0.0114942528736 159 115 98 38 28 24 20 4 4 4 2 2 1 1 0 0 0 0 0 0
"119" 119 0.00497512437811 309 106 26 19 12 12 7 3 3 2 1 0 0 0 0 0 0 0 0 0
"120" 120 0.0 365 64 37 17 5 5 3 2 1 1 0 0 0 0 0 0 0 0 0 0
"121" 121 0.0 322 69 49 49 4 3 1 1 1 1 0 0 0 0 0 0 0 0 0 0
"122" 122 0.00418410041841 204 154 113 17 5 2 2 2 1 0 0 0 0 0 0 0 0 0 0 0
"123" 123 0.0 272 138 29 24 19 13 4 1 0 0 0 0 0 0 0 0 0 0 0 0
"124" 124 0.025641025641 224 168 75 14 8 5 5 1 0 0 0 0 0 0 0 0 0 0 0 0
"125" 125 0.227848101266 224 174 57 29 6 4 3 2 1 0 0 0 0 0 0 0 0 0 0 0
"126" 126 0.22869955157 324 40 32 26 25 18 11 6 5 3 3 3 1 1 1 1 0 0 0 0
"127" 127 0.538860103627 251 60 49 48 17 16 14 12 7 6 5 5 4 3 3 0 0 0 0 0
"128" 128 0.298507462687 82 82 81 75 59 38 34 17 12 7 5 4 2 2 0 0 0 0 0 0
"129" 129 0.805031446541 416 82 1 1 0 0 0 0 0 0 0 0 0 0 0 0 0 0 0 0
"130" 130 0.476923076923 286 83 61 26 16 8 6 5 5 2 1 1 0 0 0 0 0 0 0 0
"131" 131 0.147286821705 354 143 2 1 0 0 0 0 0 0 0 0 0 0 0 0 0 0 0 0
"132" 132 0.0229357798165 124 109 81 36 32 24 23 23 17 10 8 4 3 2 2 1 1 0 0 0
"133" 133 0.415384615385 245 73 69 33 23 19 19 10 3 2 2 1 1 0 0 0 0 0 0 0
"134" 134 0.22480620155 142 114 74 55 31 27 20 17 7 4 3 2 2 1 1 0 0 0 0 0
"135" 135 0.527131782946 160 133 120 32 15 12 11 7 6 2 1 1 0 0 0 0 0 0 0 0
"136" 136 0.330357142857 123 102 75 60 35 26 23 17 12 12 10 3 2 0 0 0 0 0 0 0
"137" 137 0.0 158 98 63 57 36 23 22 21 13 5 2 1 1 0 0 0 0 0 0 0
"138" 138 0.0813953488372 166 150 72 57 13 8 8 7 6 5 4 2 1 1 0 0 0 0 0 0
"139" 139 0.668393782383 128 86 78 71 59 29 17 10 7 6 3 2 1 1 1 1 0 0 0 0
"140" 140 0.481012658228 85 70 51 45 43 38 37 37 27 20 12 9 8 7 6 3 2 0 0 0
"141" 141 0.0 361 91 21 8 5 5 4 2 1 1 1 0 0 0 0 0 0 0 0 0
"142" 142 0.125 233 64 61 55 29 16 15 11 8 5 3 0 0 0 0 0 0 0 0 0
"143" 143 0.0 398 41 17 10 7 6 6 4 3 3 2 2 1 0 0 0 0 0 0 0
"144" 144 0.626794258373 93 64 52 52 51 43 38 34 33 17 10 9 3 1 0 0 0 0 0 0
"145" 145 0.516556291391 126 104 75 64 37 36 25 8 7 6 5 3 3 1 0 0 0 0 0 0
"146" 146 0.124378109453 339 57 39 37 15 3 3 2 2 1 1 1 0 0 0 0 0 0 0 0
"147" 147 0.678832116788 261 91 55 50 23 10 5 4 1 0 0 0 0 0 0 0 0 0 0 0
"148" 148 0.918660287081 330 170 0 0 0 0 0 0 0 0 0 0 0 0 0 0 0 0 0 0
"149" 149 0.109489051095 140 123 63 62 26 24 19 15 11 7 5 3 1 1 0 0 0 0 0 0
"150" 150 0.348717948718 93 65 54 49 41 38 28 27 26 26 18 13 9 6 5 2 0 0 0 0
"151" 151 0.191489361702 357 102 23 15 3 0 0 0 0 0 0 0 0 0 0 0 0 0 0 0
"152" 152 0.307984790875 426 21 16 13 10 10 2 1 1 0 0 0 0 0 0 0 0 0 0 0
"153" 153 0.147208121827 244 120 70 22 16 14 8 4 1 1 0 0 0 0 0 0 0 0 0 0
"154" 154 0.116591928251 365 29 24 18 17 11 10 9 7 6 2 1 1 0 0 0 0 0 0 0
"155" 155 0.279069767442 204 86 72 55 28 17 14 12 4 3 3 1 1 0 0 0 0 0 0 0
"156" 156 0.0 265 108 89 24 11 2 1 0 0 0 0 0 0 0 0 0 0 0 0 0
"157" 157 0.0443037974684 198 87 57 36 28 25 16 14 9 7 7 5 5 4 1 1 0 0 0 0
"158" 158 0.0232558139535 294 55 30 26 25 24 16 6 5 5 4 4 2 2 1 1 0 0 0 0
"159" 159 0.540697674419 126 92 82 45 39 33 28 26 8 8 3 3 3 2 1 1 0 0 0 0
"160" 160 0.556291390728 90 82 80 71 47 35 34 22 18 11 4 4 1 1 0 0 0 0 0 0
"161" 161 0.221153846154 495 4 1 0 0 0 0 0 0 0 0 0 0 0 0 0 0 0 0 0
"162" 162 0.528497409326 372 58 21 12 9 8 8 6 4 2 0 0 0 0 0 0 0 0 0 0
"163" 163 0.0 500 0 0 0 0 0 0 0 0 0 0 0 0 0 0 0 0 0 0 0
"164" 164 0.00497512437811 404 21 19 15 14 12 7 5 1 1 1 0 0 0 0 0 0 0 0 0
"165" 165 0.319391634981 199 156 74 28 21 8 7 2 1 1 1 1 1 0 0 0 0 0 0 0
"166" 166 0.370535714286 109 89 72 67 47 45 32 29 6 2 1 1 0 0 0 0 0 0 0 0
"167" 167 0.0 331 137 30 2 0 0 0 0 0 0 0 0 0 0 0 0 0 0 0 0
"168" 168 0.0149253731343 261 67 51 30 26 13 13 9 7 6 5 4 3 2 1 1 1 0 0 0
"169" 169 0.331606217617 173 133 74 40 32 24 10 8 3 2 1 0 0 0 0 0 0 0 0 0
"170" 170 0.131205673759 444 11 10 10 6 5 3 3 2 2 2 1 1 0 0 0 0 0 0 0
"171" 171 0.0 254 158 28 14 12 11 9 6 3 2 1 1 1 0 0 0 0 0 0 0
"172" 172 0.0662251655629 430 27 11 9 5 5 4 3 2 2 1 1 0 0 0 0 0 0 0 0
"173" 173 0.353846153846 163 75 69 44 44 27 26 20 12 12 3 3 2 0 0 0 0 0 0 0
"174" 174 0.125560538117 180 102 89 22 19 18 18 15 14 9 3 3 3 2 2 1 0 0 0 0
"175" 175 0.044776119403 323 32 25 24 22 16 15 14 10 5 4 4 4 1 1 0 0 0 0 0
"176" 176 0.204379562044 154 93 70 50 34 20 18 13 11 7 7 6 6 6 3 1 1 0 0 0
"177" 177 0.651282051282 100 72 64 63 54 39 38 32 20 6 4 4 3 1 0 0 0 0 0 0
"178" 178 0.452914798206 203 78 76 23 22 19 15 13 10 10 9 9 9 3 1 0 0 0 0 0
"179" 179 1.03797468354 221 77 64 47 43 11 11 11 9 5 1 0 0 0 0 0 0 0 0 0
