"site" "RSA" "aa1" "aa2" "aa3" "aa4" "aa5" "aa6" "aa7" "aa8" "aa9" "aa10" "aa11" "aa12" "aa13" "aa14" "aa15" "aa16" "aa17" "aa18" "aa19" "aa20"
"0" 0 0.805031446541 411 40 20 11 10 3 2 2 1 0 0 0 0 0 0 0 0 0 0 0
"1" 1 0.041825095057 416 84 0 0 0 0 0 0 0 0 0 0 0 0 0 0 0 0 0 0
"2" 2 0.0 481 17 2 0 0 0 0 0 0 0 0 0 0 0 0 0 0 0 0 0
"3" 3 0.0 494 2 2 1 1 0 0 0 0 0 0 0 0 0 0 0 0 0 0 0
"4" 4 0.0 291 208 1 0 0 0 0 0 0 0 0 0 0 0 0 0 0 0 0 0
"5" 5 0.0 355 117 24 2 2 0 0 0 0 0 0 0 0 0 0 0 0 0 0 0
"6" 6 0.041825095057 178 152 90 78 2 0 0 0 0 0 0 0 0 0 0 0 0 0 0 0
"7" 7 0.167300380228 239 156 49 46 9 1 0 0 0 0 0 0 0 0 0 0 0 0 0 0
"8" 8 0.158940397351 204 138 70 37 32 19 0 0 0 0 0 0 0 0 0 0 0 0 0 0
"9" 9 0.226277372263 222 88 46 43 33 26 21 11 5 2 2 1 0 0 0 0 0 0 0 0
"10" 10 0.77990430622 175 105 90 68 17 14 10 9 4 4 2 1 1 0 0 0 0 0 0 0
"11" 11 0.365384615385 476 10 6 5 2 1 0 0 0 0 0 0 0 0 0 0 0 0 0 0
"12" 12 0.139534883721 162 126 69 39 30 26 22 12 5 3 2 2 1 1 0 0 0 0 0 0
"13" 13 0.00581395348837 258 107 102 19 7 3 2 2 0 0 0 0 0 0 0 0 0 0 0 0
"14" 14 0.193798449612 144 81 64 53 39 35 34 29 12 3 3 2 1 0 0 0 0 0 0 0
"15" 15 0.348214285714 134 116 96 80 31 20 6 5 4 4 3 1 0 0 0 0 0 0 0 0
"16" 16 0.0045871559633 310 48 43 30 27 22 10 4 2 2 1 1 0 0 0 0 0 0 0 0
"17" 17 0.0 411 63 24 2 0 0 0 0 0 0 0 0 0 0 0 0 0 0 0 0
"18" 18 0.423357664234 126 125 81 62 31 27 14 13 10 7 2 2 0 0 0 0 0 0 0 0
"19" 19 0.0313901345291 194 86 86 35 33 28 15 13 4 4 1 1 0 0 0 0 0 0 0 0
"20" 20 0.00507614213198 435 33 12 10 7 1 1 1 0 0 0 0 0 0 0 0 0 0 0 0
"21" 21 0.046511627907 351 131 10 3 3 2 0 0 0 0 0 0 0 0 0 0 0 0 0 0
"22" 22 0.408759124088 199 170 52 48 9 6 5 4 3 2 2 0 0 0 0 0 0 0 0 0
"23" 23 0.0 500 0 0 0 0 0 0 0 0 0 0 0 0 0 0 0 0 0 0 0
"24" 24 0.0 470 30 0 0 0 0 0 0 0 0 0 0 0 0 0 0 0 0 0 0
"25" 25 0.508928571429 197 161 74 19 18 17 8 6 0 0 0 0 0 0 0 0 0 0 0 0
"26" 26 0.448430493274 215 196 38 24 23 2 1 1 0 0 0 0 0 0 0 0 0 0 0 0
"27" 27 0.105769230769 459 41 0 0 0 0 0 0 0 0 0 0 0 0 0 0 0 0 0 0
"28" 28 0.644230769231 500 0 0 0 0 0 0 0 0 0 0 0 0 0 0 0 0 0 0 0
"29" 29 0.175732217573 311 70 56 29 15 14 3 1 1 0 0 0 0 0 0 0 0 0 0 0
"30" 30 0.232142857143 372 89 13 11 4 3 2 2 1 1 1 1 0 0 0 0 0 0 0 0
"31" 31 0.186046511628 485 8 7 0 0 0 0 0 0 0 0 0 0 0 0 0 0 0 0 0
"32" 32 0.295620437956 376 86 13 8 7 7 1 1 1 0 0 0 0 0 0 0 0 0 0 0
"33" 33 0.0459770114943 275 126 33 22 13 10 7 7 3 2 1 1 0 0 0 0 0 0 0 0
"34" 34 0.189781021898 485 6 6 1 1 1 0 0 0 0 0 0 0 0 0 0 0 0 0 0
"35" 35 0.093023255814 495 3 2 0 0 0 0 0 0 0 0 0 0 0 0 0 0 0 0 0
"36" 36 0.0229885057471 217 149 112 8 6 6 2 0 0 0 0 0 0 0 0 0 0 0 0 0
"37" 37 0.383647798742 395 52 25 9 6 6 5 1 1 0 0 0 0 0 0 0 0 0 0 0
"38" 38 0.596899224806 215 156 35 32 15 14 12 10 5 3 2 1 0 0 0 0 0 0 0 0
"39" 39 0.350574712644 292 74 42 35 29 26 1 1 0 0 0 0 0 0 0 0 0 0 0 0
"40" 40 0.649006622517 445 50 4 1 0 0 0 0 0 0 0 0 0 0 0 0 0 0 0 0
"41" 41 0.78488372093 408 45 44 1 1 1 0 0 0 0 0 0 0 0 0 0 0 0 0 0
"42" 42 0.9375 485 8 5 1 1 0 0 0 0 0 0 0 0 0 0 0 0 0 0 0
"43" 43 1.28846153846 500 0 0 0 0 0 0 0 0 0 0 0 0 0 0 0 0 0 0 0
"44" 44 0.124031007752 402 60 7 7 6 6 5 3 2 1 1 0 0 0 0 0 0 0 0 0
"45" 45 0.601990049751 445 18 14 12 9 2 0 0 0 0 0 0 0 0 0 0 0 0 0 0
"46" 46 0.513307984791 398 29 24 21 11 7 4 2 2 2 0 0 0 0 0 0 0 0 0 0
"47" 47 0.093023255814 377 123 0 0 0 0 0 0 0 0 0 0 0 0 0 0 0 0 0 0
"48" 48 0.377906976744 476 12 9 3 0 0 0 0 0 0 0 0 0 0 0 0 0 0 0 0
"49" 49 0.422885572139 129 105 87 78 36 29 11 6 6 6 4 1 1 1 0 0 0 0 0 0
"50" 50 0.504464285714 206 125 103 27 20 12 5 1 1 0 0 0 0 0 0 0 0 0 0 0
"51" 51 0.0673575129534 396 93 8 1 1 1 0 0 0 0 0 0 0 0 0 0 0 0 0 0
"52" 52 0.0 375 33 24 24 17 14 4 3 2 2 2 0 0 0 0 0 0 0 0 0
"53" 53 0.417721518987 251 112 72 23 19 8 5 4 3 3 0 0 0 0 0 0 0 0 0 0
"54" 54 0.425641025641 312 74 38 35 14 11 8 7 1 0 0 0 0 0 0 0 0 0 0 0
"55" 55 0.00632911392405 360 103 33 2 1 1 0 0 0 0 0 0 0 0 0 0 0 0 0 0
"56" 56 0.240310077519 384 61 20 13 11 4 4 3 0 0 0 0 0 0 0 0 0 0 0 0
"57" 57 0.0 485 13 2 0 0 0 0 0 0 0 0 0 0 0 0 0 0 0 0 0
"58" 58 0.00995024875622 167 145 78 62 25 13 6 3 1 0 0 0 0 0 0 0 0 0 0 0
"59" 59 0.0077519379845 359 45 42 39 7 3 2 1 1 1 0 0 0 0 0 0 0 0 0 0
"60" 60 0.0 205 115 97 31 16 10 10 9 4 2 1 0 0 0 0 0 0 0 0 0
"61" 61 0.0 409 81 5 3 2 0 0 0 0 0 0 0 0 0 0 0 0 0 0 0
"62" 62 0.0 499 1 0 0 0 0 0 0 0 0 0 0 0 0 0 0 0 0 0 0
"63" 63 0.11320754717 331 113 17 15 14 3 3 3 1 0 0 0 0 0 0 0 0 0 0 0
"64" 64 0.0813953488372 190 158 84 65 2 1 0 0 0 0 0 0 0 0 0 0 0 0 0 0
"65" 65 0.470802919708 459 26 7 3 3 1 1 0 0 0 0 0 0 0 0 0 0 0 0 0
"66" 66 0.778242677824 499 1 0 0 0 0 0 0 0 0 0 0 0 0 0 0 0 0 0 0
"67" 67 0.240384615385 499 1 0 0 0 0 0 0 0 0 0 0 0 0 0 0 0 0 0 0
"68" 68 0.487179487179 390 41 18 11 11 8 7 4 4 4 2 0 0 0 0 0 0 0 0 0
"69" 69 0.0825688073394 388 34 30 20 15 4 3 3 2 1 0 0 0 0 0 0 0 0 0 0
"70" 70 0.031007751938 349 77 37 13 10 4 4 4 1 1 0 0 0 0 0 0 0 0 0 0
"71" 71 0.556291390728 309 91 48 20 11 7 6 5 2 1 0 0 0 0 0 0 0 0 0 0
"72" 72 0.0691823899371 288 211 1 0 0 0 0 0 0 0 0 0 0 0 0 0 0 0 0 0
"73" 73 0.0 164 139 114 49 14 12 4 2 2 0 0 0 0 0 0 0 0 0 0 0
"74" 74 0.37552742616 234 131 82 26 13 12 1 1 0 0 0 0 0 0 0 0 0 0 0 0
"75" 75 0.631178707224 200 93 66 54 34 29 8 5 4 2 2 1 1 1 0 0 0 0 0 0
"76" 76 0.108786610879 364 112 18 6 0 0 0 0 0 0 0 0 0 0 0 0 0 0 0 0
"77" 77 0.0845771144279 283 111 80 17 4 2 1 1 1 0 0 0 0 0 0 0 0 0 0 0
"78" 78 0.523316062176 260 115 75 15 11 7 6 5 3 3 0 0 0 0 0 0 0 0 0 0
"79" 79 0.413461538462 217 124 106 20 14 6 5 4 2 2 0 0 0 0 0 0 0 0 0 0
"80" 80 0.0406976744186 349 57 55 20 10 5 2 2 0 0 0 0 0 0 0 0 0 0 0 0
"81" 81 0.529801324503 252 141 59 21 9 6 5 4 2 1 0 0 0 0 0 0 0 0 0 0
"82" 82 0.46357615894 217 83 57 50 24 22 13 12 11 6 4 1 0 0 0 0 0 0 0 0
"83" 83 0.0199004975124 335 68 61 12 5 4 4 3 3 3 1 1 0 0 0 0 0 0 0 0
"84" 84 0.159574468085 229 109 71 30 18 13 12 7 6 1 1 1 1 1 0 0 0 0 0 0
"85" 85 0.746268656716 241 85 49 40 22 18 13 12 11 7 2 0 0 0 0 0 0 0 0 0
"86" 86 0.56976744186 173 100 82 49 29 24 22 7 6 6 1 1 0 0 0 0 0 0 0 0
"87" 87 0.365384615385 334 115 18 15 10 3 2 1 1 1 0 0 0 0 0 0 0 0 0 0
"88" 88 0.145695364238 146 113 62 59 58 35 20 2 2 1 1 1 0 0 0 0 0 0 0 0
"89" 89 0.0149253731343 357 108 10 7 7 4 3 2 2 0 0 0 0 0 0 0 0 0 0 0
"90" 90 0.505747126437 182 122 79 48 14 14 14 8 6 6 4 2 1 0 0 0 0 0 0 0
"91" 91 0.375 500 0 0 0 0 0 0 0 0 0 0 0 0 0 0 0 0 0 0 0
"92" 92 0.194092827004 284 150 54 8 2 2 0 0 0 0 0 0 0 0 0 0 0 0 0 0
"93" 93 0.0188679245283 357 89 35 14 4 1 0 0 0 0 0 0 0 0 0 0 0 0 0 0
"94" 94 0.0 247 225 28 0 0 0 0 0 0 0 0 0 0 0 0 0 0 0 0 0
"95" 95 0.0 267 111 97 25 0 0 0 0 0 0 0 0 0 0 0 0 0 0 0 0
"96" 96 0.0 382 80 25 12 1 0 0 0 0 0 0 0 0 0 0 0 0 0 0 0
"97" 97 0.0 402 95 1 1 1 0 0 0 0 0 0 0 0 0 0 0 0 0 0 0
"98" 98 0.0 424 39 35 2 0 0 0 0 0 0 0 0 0 0 0 0 0 0 0 0
"99" 99 0.0529801324503 379 69 31 21 0 0 0 0 0 0 0 0 0 0 0 0 0 0 0 0
"100" 100 0.0523255813953 280 50 50 38 19 15 12 9 9 8 7 1 1 1 0 0 0 0 0 0
"101" 101 0.410852713178 160 95 84 71 22 21 15 11 6 4 4 3 2 1 1 0 0 0 0 0
"102" 102 0.317880794702 185 135 132 22 10 5 3 3 2 1 1 1 0 0 0 0 0 0 0 0
"103" 103 0.467661691542 102 70 63 62 56 37 36 33 16 10 7 6 1 1 0 0 0 0 0 0
"104" 104 0.502392344498 215 102 97 69 13 3 1 0 0 0 0 0 0 0 0 0 0 0 0 0
"105" 105 0.384615384615 500 0 0 0 0 0 0 0 0 0 0 0 0 0 0 0 0 0 0 0
"106" 106 0.269230769231 500 0 0 0 0 0 0 0 0 0 0 0 0 0 0 0 0 0 0 0
"107" 107 0.121076233184 117 101 94 82 36 24 16 16 9 2 2 1 0 0 0 0 0 0 0 0
"108" 108 0.473214285714 194 146 58 47 15 14 12 6 5 2 1 0 0 0 0 0 0 0 0 0
"109" 109 0.46511627907 223 175 38 37 9 5 4 4 3 1 1 0 0 0 0 0 0 0 0 0
"110" 110 0.0 237 185 78 0 0 0 0 0 0 0 0 0 0 0 0 0 0 0 0 0
"111" 111 0.0 469 19 4 3 2 2 1 0 0 0 0 0 0 0 0 0 0 0 0 0
"112" 112 0.407960199005 181 160 71 59 10 7 4 3 2 2 1 0 0 0 0 0 0 0 0 0
"113" 113 0.165562913907 195 183 43 28 21 8 6 5 3 3 3 2 0 0 0 0 0 0 0 0
"114" 114 0.0 487 8 3 1 1 0 0 0 0 0 0 0 0 0 0 0 0 0 0 0
"115" 115 0.0845771144279 199 145 76 51 6 5 5 5 4 4 0 0 0 0 0 0 0 0 0 0
"116" 116 0.482587064677 232 163 86 5 4 3 3 3 1 0 0 0 0 0 0 0 0 0 0 0
"117" 117 0.201257861635 226 82 45 41 39 29 22 8 5 3 0 0 0 0 0 0 0 0 0 0
"118" 118 0.0298507462687 212 211 53 12 4 4 3 1 0 0 0 0 0 0 0 0 0 0 0 0
"119" 119 0.507462686567 321 101 36 16 13 5 4 3 1 0 0 0 0 0 0 0 0 0 0 0
"120" 120 0.784688995215 196 163 88 10 9 9 9 8 4 2 2 0 0 0 0 0 0 0 0 0
"121" 121 0.114832535885 102 95 53 48 38 28 26 25 20 18 15 11 10 6 3 1 1 0 0 0
"122" 122 0.269230769231 467 22 3 3 2 2 1 0 0 0 0 0 0 0 0 0 0 0 0 0
"123" 123 0.0229357798165 236 99 71 34 23 19 10 8 0 0 0 0 0 0 0 0 0 0 0 0
"124" 124 0.398009950249 346 75 16 15 15 13 6 6 4 2 1 1 0 0 0 0 0 0 0 0
"125" 125 0.310344827586 256 74 66 60 19 12 8 3 1 1 0 0 0 0 0 0 0 0 0 0
"126" 126 0.10447761194 243 76 53 44 34 11 11 10 7 5 4 2 0 0 0 0 0 0 0 0
"127" 127 0.125 500 0 0 0 0 0 0 0 0 0 0 0 0 0 0 0 0 0 0 0
"128" 128 0.162436548223 478 16 2 2 1 1 0 0 0 0 0 0 0 0 0 0 0 0 0 0
"129" 129 0.899371069182 404 60 35 1 0 0 0 0 0 0 0 0 0 0 0 0 0 0 0 0
"130" 130 0.290697674419 168 126 85 48 34 30 3 2 2 1 1 0 0 0 0 0 0 0 0 0
"131" 131 0.459119496855 226 94 80 54 29 8 6 2 1 0 0 0 0 0 0 0 0 0 0 0
"132" 132 0.3536121673 151 109 69 39 35 35 17 15 14 7 6 2 1 0 0 0 0 0 0 0
"133" 133 0.0 500 0 0 0 0 0 0 0 0 0 0 0 0 0 0 0 0 0 0 0
"134" 134 0.0077519379845 338 89 58 9 2 2 1 1 0 0 0 0 0 0 0 0 0 0 0 0
"135" 135 0.132450331126 166 136 60 52 41 29 6 3 3 3 1 0 0 0 0 0 0 0 0 0
"136" 136 0.00478468899522 477 10 5 4 3 1 0 0 0 0 0 0 0 0 0 0 0 0 0 0
"137" 137 0.322175732218 188 131 41 39 26 18 15 13 10 8 4 4 3 0 0 0 0 0 0 0
"138" 138 0.015503875969 364 110 14 6 3 2 1 0 0 0 0 0 0 0 0 0 0 0 0 0
"139" 139 0.125 498 2 0 0 0 0 0 0 0 0 0 0 0 0 0 0 0 0 0 0
"140" 140 0.782945736434 183 92 87 48 45 13 9 9 5 4 3 2 0 0 0 0 0 0 0 0
"141" 141 0.450777202073 227 157 58 29 10 8 5 2 1 1 1 1 0 0 0 0 0 0 0 0
"142" 142 0.182692307692 424 24 21 12 9 7 2 1 0 0 0 0 0 0 0 0 0 0 0 0
"143" 143 0.299578059072 260 141 22 19 15 13 13 6 6 4 1 0 0 0 0 0 0 0 0 0
"144" 144 0.343065693431 158 84 67 60 60 27 15 13 8 5 3 0 0 0 0 0 0 0 0 0
"145" 145 0.549668874172 400 39 25 17 6 4 3 2 2 1 1 0 0 0 0 0 0 0 0 0
"146" 146 0.109452736318 175 92 79 40 39 39 16 9 4 3 3 1 0 0 0 0 0 0 0 0
"147" 147 0.284974093264 377 72 27 9 5 4 3 2 1 0 0 0 0 0 0 0 0 0 0 0
"148" 148 0.361607142857 317 80 72 15 9 5 1 1 0 0 0 0 0 0 0 0 0 0 0 0
"149" 149 0.612440191388 379 62 21 9 8 5 5 3 3 2 2 1 0 0 0 0 0 0 0 0
"150" 150 0.09375 350 60 45 15 11 10 5 2 1 1 0 0 0 0 0 0 0 0 0 0
"151" 151 0.203980099502 206 157 131 4 1 1 0 0 0 0 0 0 0 0 0 0 0 0 0 0
"152" 152 0.494186046512 181 149 62 39 18 14 13 10 9 5 0 0 0 0 0 0 0 0 0 0
"153" 153 0.189054726368 347 92 35 17 7 1 1 0 0 0 0 0 0 0 0 0 0 0 0 0
"154" 154 0.00632911392405 371 61 26 20 17 3 2 0 0 0 0 0 0 0 0 0 0 0 0 0
"155" 155 0.255474452555 191 174 114 17 4 0 0 0 0 0 0 0 0 0 0 0 0 0 0 0
"156" 156 0.341085271318 120 115 83 72 35 34 23 14 4 0 0 0 0 0 0 0 0 0 0 0
"157" 157 0.0199004975124 491 5 1 1 1 1 0 0 0 0 0 0 0 0 0 0 0 0 0 0
"158" 158 0.00961538461538 500 0 0 0 0 0 0 0 0 0 0 0 0 0 0 0 0 0 0 0
"159" 159 0.291139240506 285 102 89 24 0 0 0 0 0 0 0 0 0 0 0 0 0 0 0 0
"160" 160 0.343065693431 238 58 49 46 31 20 19 10 10 9 5 2 2 1 0 0 0 0 0 0
"161" 161 0.0 449 45 6 0 0 0 0 0 0 0 0 0 0 0 0 0 0 0 0 0
"162" 162 0.0 462 38 0 0 0 0 0 0 0 0 0 0 0 0 0 0 0 0 0 0
"163" 163 0.348214285714 263 108 86 34 5 4 0 0 0 0 0 0 0 0 0 0 0 0 0 0
"164" 164 0.18023255814 148 86 73 55 53 30 23 8 7 6 4 3 2 1 1 0 0 0 0 0
"165" 165 0.0852713178295 487 4 4 3 1 1 0 0 0 0 0 0 0 0 0 0 0 0 0 0
"166" 166 0.403846153846 215 83 64 53 45 7 5 5 4 4 4 3 2 2 2 1 1 0 0 0
"167" 167 0.776371308017 161 111 66 52 33 31 18 15 7 5 1 0 0 0 0 0 0 0 0 0
"168" 168 0.577114427861 286 71 42 36 22 13 6 6 6 5 2 2 2 1 0 0 0 0 0 0
