"site" "RSA" "aa1" "aa2" "aa3" "aa4" "aa5" "aa6" "aa7" "aa8" "aa9" "aa10" "aa11" "aa12" "aa13" "aa14" "aa15" "aa16" "aa17" "aa18" "aa19" "aa20"
"0" 0 0.816513761468 118 100 92 53 38 28 17 13 10 8 7 6 5 2 2 1 0 0 0 0
"1" 1 0.384105960265 125 96 64 61 48 31 24 21 7 7 6 5 5 0 0 0 0 0 0 0
"2" 2 0.312820512821 105 72 67 62 61 36 31 17 13 10 9 6 3 3 2 1 1 1 0 0
"3" 3 0.0 228 164 49 33 10 6 5 2 1 1 1 0 0 0 0 0 0 0 0 0
"4" 4 0.121338912134 294 155 31 11 7 1 1 0 0 0 0 0 0 0 0 0 0 0 0 0
"5" 5 0.0 201 104 47 34 31 29 18 9 8 8 4 3 2 1 1 0 0 0 0 0
"6" 6 0.238341968912 114 99 84 80 27 24 21 16 11 5 5 5 3 3 2 1 0 0 0 0
"7" 7 0.0152284263959 188 97 60 42 41 34 15 7 5 4 4 2 1 0 0 0 0 0 0 0
"8" 8 0.0988372093023 85 78 63 51 41 34 33 26 22 13 10 10 9 7 6 5 4 3 0 0
"9" 9 0.320675105485 264 29 28 26 25 23 20 17 12 12 8 8 8 7 7 5 1 0 0 0
"10" 10 0.589743589744 287 153 16 10 9 6 5 5 5 2 2 0 0 0 0 0 0 0 0 0
"11" 11 0.576923076923 462 34 3 1 0 0 0 0 0 0 0 0 0 0 0 0 0 0 0 0
"12" 12 0.434108527132 181 74 63 57 46 40 18 6 5 4 3 2 1 0 0 0 0 0 0 0
"13" 13 0.74213836478 163 107 51 33 31 31 26 19 15 10 9 4 1 0 0 0 0 0 0 0
"14" 14 0.278606965174 148 50 47 43 40 40 31 20 20 19 15 11 11 2 1 1 1 0 0 0
"15" 15 0.269230769231 496 4 0 0 0 0 0 0 0 0 0 0 0 0 0 0 0 0 0 0
"16" 16 0.290697674419 118 113 50 50 40 33 32 22 10 8 7 5 5 3 2 1 1 0 0 0
"17" 17 0.0 198 85 59 41 32 27 22 18 12 3 2 1 0 0 0 0 0 0 0 0
"18" 18 0.354430379747 208 139 65 19 17 16 7 6 5 5 5 4 3 1 0 0 0 0 0 0
"19" 19 0.0 273 92 54 36 21 9 6 5 2 1 1 0 0 0 0 0 0 0 0 0
"20" 20 0.354430379747 165 152 43 39 25 21 20 10 8 8 4 1 1 1 1 1 0 0 0 0
"21" 21 0.0696517412935 347 123 12 9 4 1 1 1 1 1 0 0 0 0 0 0 0 0 0 0
"22" 22 0.196652719665 254 123 67 21 15 8 4 2 2 1 1 1 1 0 0 0 0 0 0 0
"23" 23 0.0984455958549 164 66 63 57 47 25 17 17 10 10 8 5 3 3 2 2 1 0 0 0
"24" 24 0.875647668394 84 70 65 58 49 45 43 33 17 14 12 8 1 1 0 0 0 0 0 0
"25" 25 0.183908045977 102 92 55 40 40 31 28 27 21 19 17 11 6 6 2 2 1 0 0 0
"26" 26 0.0 332 77 21 17 14 10 8 7 6 5 2 1 0 0 0 0 0 0 0 0
"27" 27 0.396226415094 223 56 40 33 28 23 23 15 14 13 9 9 8 3 2 1 0 0 0 0
"28" 28 0.573839662447 171 60 53 51 43 24 20 18 15 12 11 7 5 4 2 2 2 0 0 0
"29" 29 0.0 127 59 58 57 43 29 29 21 21 16 11 10 6 5 3 3 2 0 0 0
"30" 30 0.0 448 21 16 10 2 2 1 0 0 0 0 0 0 0 0 0 0 0 0 0
"31" 31 0.279069767442 143 125 92 31 23 19 16 14 12 7 5 4 4 3 2 0 0 0 0 0
"32" 32 0.0 92 86 82 65 41 28 15 15 13 12 10 10 9 9 8 3 2 0 0 0
"33" 33 0.0 222 135 49 39 15 15 11 5 5 2 1 1 0 0 0 0 0 0 0 0
"34" 34 0.0912408759124 142 137 53 47 25 16 15 12 11 10 9 8 6 6 2 1 0 0 0 0
"35" 35 0.031007751938 129 113 79 32 31 22 20 20 15 8 7 6 6 6 5 1 0 0 0 0
"36" 36 0.00497512437811 314 89 29 13 12 9 8 7 6 3 2 2 2 2 1 1 0 0 0 0
"37" 37 0.0126582278481 176 109 71 34 31 23 19 8 7 6 4 3 2 2 2 2 1 0 0 0
"38" 38 0.302325581395 187 148 55 41 22 14 11 7 6 3 2 1 1 1 1 0 0 0 0 0
"39" 39 0.278846153846 454 16 9 6 5 4 3 2 1 0 0 0 0 0 0 0 0 0 0 0
"40" 40 0.589285714286 124 101 77 48 46 37 18 13 10 7 6 5 3 2 1 1 1 0 0 0
"41" 41 0.485232067511 103 87 43 38 38 34 29 26 26 15 14 12 11 9 8 5 2 0 0 0
"42" 42 0.701923076923 500 0 0 0 0 0 0 0 0 0 0 0 0 0 0 0 0 0 0 0
"43" 43 0.238493723849 195 76 48 36 35 24 22 13 11 9 9 8 7 5 1 1 0 0 0 0
"44" 44 0.105769230769 500 0 0 0 0 0 0 0 0 0 0 0 0 0 0 0 0 0 0 0
"45" 45 0.0 201 144 116 23 6 3 3 1 1 1 1 0 0 0 0 0 0 0 0 0
"46" 46 0.511627906977 141 70 69 68 47 24 22 14 13 8 8 6 5 4 1 0 0 0 0 0
"47" 47 0.336538461538 491 7 1 1 0 0 0 0 0 0 0 0 0 0 0 0 0 0 0 0
"48" 48 0.046357615894 272 104 86 31 5 2 0 0 0 0 0 0 0 0 0 0 0 0 0 0
"49" 49 0.191387559809 91 78 62 45 41 32 27 25 23 20 14 11 10 9 7 4 1 0 0 0
"50" 50 0.0 230 96 67 24 20 17 14 9 7 5 3 3 2 2 1 0 0 0 0 0
"51" 51 0.11961722488 163 99 72 59 29 19 17 9 9 7 4 4 4 2 2 1 0 0 0 0
"52" 52 0.361313868613 167 65 55 52 37 33 27 19 18 6 6 5 4 3 2 1 0 0 0 0
"53" 53 0.00574712643678 234 137 33 31 22 18 9 4 4 3 2 1 1 1 0 0 0 0 0 0
"54" 54 0.121827411168 99 96 56 50 41 38 32 26 26 17 7 6 4 2 0 0 0 0 0 0
"55" 55 0.301886792453 365 41 29 25 11 9 9 4 2 2 1 1 1 0 0 0 0 0 0 0
"56" 56 0.663212435233 267 194 15 14 5 3 1 1 0 0 0 0 0 0 0 0 0 0 0 0
"57" 57 0.192468619247 152 147 61 36 32 19 17 17 9 4 3 2 1 0 0 0 0 0 0 0
"58" 58 0.0137614678899 270 68 53 52 16 14 9 7 7 2 1 1 0 0 0 0 0 0 0 0
"59" 59 0.0 140 114 88 58 33 28 14 12 12 1 0 0 0 0 0 0 0 0 0 0
"60" 60 0.139013452915 97 78 74 61 42 37 34 25 15 8 7 6 6 5 4 1 0 0 0 0
"61" 61 0.0 432 53 7 4 2 1 1 0 0 0 0 0 0 0 0 0 0 0 0 0
"62" 62 0.0 500 0 0 0 0 0 0 0 0 0 0 0 0 0 0 0 0 0 0 0
"63" 63 0.0103626943005 471 8 6 4 3 2 2 2 1 1 0 0 0 0 0 0 0 0 0 0
"64" 64 0.188284518828 138 108 94 62 31 28 26 8 2 1 1 1 0 0 0 0 0 0 0 0
"65" 65 0.488372093023 90 73 53 51 39 29 28 28 23 22 18 18 14 6 3 3 1 1 0 0
"66" 66 0.364341085271 105 54 50 48 45 44 43 20 19 18 16 9 8 8 6 5 2 0 0 0
"67" 67 0.201923076923 358 55 27 20 13 11 6 4 3 2 1 0 0 0 0 0 0 0 0 0
"68" 68 0.502564102564 133 76 64 42 41 40 36 26 24 7 5 4 1 1 0 0 0 0 0 0
"69" 69 0.298076923077 480 14 5 1 0 0 0 0 0 0 0 0 0 0 0 0 0 0 0 0
"70" 70 0.651162790698 102 86 71 66 49 27 22 18 14 13 11 11 8 2 0 0 0 0 0 0
"71" 71 0.173076923077 478 11 3 2 2 2 1 1 0 0 0 0 0 0 0 0 0 0 0 0
"72" 72 0.182692307692 500 0 0 0 0 0 0 0 0 0 0 0 0 0 0 0 0 0 0 0
"73" 73 0.35864978903 137 82 78 67 26 24 22 17 13 9 8 4 4 4 3 2 0 0 0 0
"74" 74 0.0198675496689 378 65 28 17 3 3 2 2 1 1 0 0 0 0 0 0 0 0 0 0
"75" 75 0.203045685279 150 96 48 46 42 35 20 19 11 7 5 5 4 3 3 3 2 1 0 0
"76" 76 0.406844106464 91 67 57 49 44 40 29 23 23 23 16 16 15 3 2 2 0 0 0 0
"77" 77 0.355769230769 497 3 0 0 0 0 0 0 0 0 0 0 0 0 0 0 0 0 0 0
"78" 78 0.573643410853 99 99 64 52 44 42 39 30 10 8 5 2 2 2 2 0 0 0 0 0
"79" 79 0.514767932489 138 86 69 37 37 36 36 21 12 10 5 5 2 2 1 1 1 1 0 0
"80" 80 0.100418410042 162 111 63 48 25 21 18 16 11 7 4 3 2 2 2 2 2 1 0 0
"81" 81 0.449612403101 149 79 51 44 32 29 29 25 19 17 6 5 5 4 2 2 1 1 0 0
"82" 82 0.124352331606 161 104 56 55 26 26 18 14 7 6 6 4 4 4 3 2 2 1 1 0
"83" 83 0.236607142857 152 88 60 36 34 25 19 17 13 12 10 9 8 7 4 3 2 1 0 0
"84" 84 0.235897435897 210 115 51 32 26 21 16 10 8 4 3 2 2 0 0 0 0 0 0 0
"85" 85 0.334728033473 244 158 80 6 4 2 2 1 1 1 1 0 0 0 0 0 0 0 0 0
"86" 86 0.587443946188 101 63 51 44 43 39 37 37 25 19 17 12 4 3 3 2 0 0 0 0
"87" 87 0.218905472637 278 39 34 28 28 19 17 14 10 8 7 4 3 3 3 2 2 1 0 0
"88" 88 0.552742616034 160 70 63 51 45 39 23 12 9 8 7 7 2 1 1 1 1 0 0 0
"89" 89 0.0 346 42 29 28 24 13 6 3 3 3 2 1 0 0 0 0 0 0 0 0
"90" 90 0.420512820513 228 93 49 28 21 21 13 13 11 11 6 3 1 1 1 0 0 0 0 0
"91" 91 0.324894514768 216 95 41 40 24 23 18 16 9 7 4 4 2 1 0 0 0 0 0 0
"92" 92 0.37106918239 216 163 64 42 7 4 3 1 0 0 0 0 0 0 0 0 0 0 0 0
"93" 93 0.0192307692308 490 5 2 1 1 1 0 0 0 0 0 0 0 0 0 0 0 0 0 0
"94" 94 0.0199004975124 240 55 49 49 28 20 19 14 10 5 4 3 2 1 1 0 0 0 0 0
"95" 95 0.0 268 48 48 38 34 33 8 5 5 3 2 2 2 1 1 1 1 0 0 0
"96" 96 0.0 316 130 17 15 9 4 3 2 2 2 0 0 0 0 0 0 0 0 0 0
"97" 97 0.0 118 117 92 85 41 25 6 5 3 3 3 2 0 0 0 0 0 0 0 0
"98" 98 0.062015503876 185 112 61 59 23 19 13 9 7 4 3 2 1 1 1 0 0 0 0 0
"99" 99 0.225641025641 117 115 96 67 25 20 16 14 11 7 4 3 3 1 1 0 0 0 0 0
"100" 100 0.635658914729 104 85 59 43 38 35 28 25 24 17 17 8 7 6 2 1 1 0 0 0
"101" 101 0.240384615385 476 8 7 3 2 1 1 1 1 0 0 0 0 0 0 0 0 0 0 0
"102" 102 0.654088050314 256 69 41 24 22 21 16 13 11 11 8 3 3 2 0 0 0 0 0 0
"103" 103 0.476923076923 214 143 100 14 9 6 5 3 3 2 1 0 0 0 0 0 0 0 0 0
"104" 104 0.156976744186 147 111 49 34 28 24 22 18 17 17 15 14 3 1 0 0 0 0 0 0
"105" 105 0.0 150 70 62 42 36 35 21 20 17 16 10 9 5 4 2 1 0 0 0 0
"106" 106 0.0961538461538 277 130 33 22 11 10 6 4 2 2 1 1 1 0 0 0 0 0 0 0
"107" 107 0.00662251655629 373 33 25 22 17 8 8 4 4 2 2 2 0 0 0 0 0 0 0 0
"108" 108 0.103139013453 88 76 56 54 44 40 34 27 24 20 18 7 5 4 3 0 0 0 0 0
"109" 109 0.0 308 128 45 9 4 3 1 1 1 0 0 0 0 0 0 0 0 0 0 0
"110" 110 0.0209205020921 221 180 38 30 17 7 3 2 1 1 0 0 0 0 0 0 0 0 0 0
"111" 111 0.0 283 72 44 37 24 17 6 5 4 4 2 1 1 0 0 0 0 0 0 0
"112" 112 0.0 171 129 113 22 15 13 12 9 7 3 3 2 1 0 0 0 0 0 0 0
"113" 113 0.0988372093023 185 140 46 39 22 19 15 14 9 4 3 2 1 1 0 0 0 0 0 0
"114" 114 0.252873563218 177 148 91 22 17 13 12 12 4 2 1 1 0 0 0 0 0 0 0 0
"115" 115 0.390804597701 111 107 81 44 32 28 27 21 16 14 6 5 3 2 2 1 0 0 0 0
"116" 116 0.0 127 79 62 58 57 53 23 23 7 5 3 1 1 1 0 0 0 0 0 0
"117" 117 0.403973509934 162 81 71 49 33 32 16 13 11 8 7 5 5 5 2 0 0 0 0 0
"118" 118 0.535460992908 105 104 85 41 37 32 28 25 20 10 10 2 1 0 0 0 0 0 0 0
"119" 119 0.089552238806 120 108 100 83 25 15 15 13 6 5 4 3 1 1 1 0 0 0 0 0
"120" 120 0.238341968912 177 71 54 41 36 29 23 16 16 10 9 7 6 2 2 1 0 0 0 0
"121" 121 0.413461538462 478 15 3 2 1 1 0 0 0 0 0 0 0 0 0 0 0 0 0 0
"122" 122 0.540084388186 179 139 38 34 22 20 14 13 12 9 8 5 2 2 2 1 0 0 0 0
"123" 123 0.157894736842 428 30 21 10 3 2 2 1 1 1 1 0 0 0 0 0 0 0 0 0
"124" 124 0.0 141 85 83 75 53 29 16 6 5 3 1 1 1 1 0 0 0 0 0 0
"125" 125 0.0172413793103 173 136 89 35 21 14 7 6 5 5 4 2 2 1 0 0 0 0 0 0
"126" 126 0.0 279 152 26 19 14 5 1 1 1 1 1 0 0 0 0 0 0 0 0 0
"127" 127 0.0 495 3 2 0 0 0 0 0 0 0 0 0 0 0 0 0 0 0 0 0
"128" 128 0.205357142857 220 78 54 54 30 20 19 14 5 2 1 1 1 1 0 0 0 0 0 0
"129" 129 0.0862068965517 189 131 74 58 15 14 7 7 3 2 0 0 0 0 0 0 0 0 0 0
"130" 130 0.380710659898 159 154 62 24 23 18 16 13 9 7 7 4 3 1 0 0 0 0 0 0
"131" 131 0.481865284974 114 70 50 48 44 36 24 21 21 17 16 9 8 7 5 5 4 1 0 0
"132" 132 0.0288461538462 500 0 0 0 0 0 0 0 0 0 0 0 0 0 0 0 0 0 0 0
"133" 133 0.238532110092 119 84 54 45 43 42 30 24 21 18 8 6 3 2 1 0 0 0 0 0
"134" 134 0.625641025641 118 81 77 62 55 36 19 17 14 10 6 3 2 0 0 0 0 0 0 0
"135" 135 0.0287356321839 221 40 33 33 28 25 22 21 19 17 12 8 7 7 4 2 1 0 0 0
"136" 136 0.0 207 73 40 32 32 27 20 18 16 11 8 7 5 2 1 1 0 0 0 0
"137" 137 0.544303797468 111 57 55 52 44 41 41 39 18 18 12 6 3 2 1 0 0 0 0 0
"138" 138 0.255813953488 85 63 57 53 50 36 31 29 24 17 11 11 11 10 6 4 1 1 0 0
"139" 139 0.0 222 81 43 42 17 16 16 15 15 12 12 5 2 1 1 0 0 0 0 0
"140" 140 0.129464285714 261 70 67 40 26 7 7 7 4 4 2 2 1 1 1 0 0 0 0 0
"141" 141 0.488372093023 97 76 72 57 50 43 34 25 14 13 5 5 3 2 2 2 0 0 0 0
"142" 142 0.138392857143 95 67 59 55 51 35 24 23 22 21 19 10 6 5 5 3 0 0 0 0
"143" 143 0.0192307692308 443 38 12 4 2 1 0 0 0 0 0 0 0 0 0 0 0 0 0 0
"144" 144 0.165562913907 303 50 37 34 19 19 12 10 5 5 2 1 1 1 1 0 0 0 0 0
"145" 145 0.721153846154 111 107 95 71 27 26 19 17 14 9 3 1 0 0 0 0 0 0 0 0
"146" 146 0.562913907285 132 96 58 51 51 47 35 19 3 3 2 2 1 0 0 0 0 0 0 0
"147" 147 0.0192307692308 494 4 1 1 0 0 0 0 0 0 0 0 0 0 0 0 0 0 0 0
"148" 148 0.64135021097 97 94 66 60 50 30 25 19 17 14 11 7 5 5 0 0 0 0 0 0
"149" 149 0.188679245283 270 51 39 39 38 28 7 6 5 5 3 3 2 2 1 1 0 0 0 0
"150" 150 0.700729927007 131 74 48 48 40 31 30 28 17 13 11 10 9 4 2 2 1 1 0 0
"151" 151 0.0993377483444 148 114 52 41 39 23 22 16 10 10 8 7 5 2 1 1 1 0 0 0
"152" 152 0.368613138686 135 81 63 55 34 25 19 15 12 12 12 11 9 7 6 2 1 1 0 0
"153" 153 0.0 217 77 44 40 28 25 16 12 10 7 7 5 4 4 2 1 1 0 0 0
"154" 154 0.236607142857 168 131 33 32 24 19 19 17 12 11 7 7 6 5 4 3 2 0 0 0
"155" 155 0.0 329 52 52 19 15 9 6 5 5 3 2 1 1 1 0 0 0 0 0 0
"156" 156 0.356589147287 129 74 69 47 33 32 26 20 16 12 11 10 7 7 4 3 0 0 0 0
"157" 157 0.523206751055 234 91 36 34 32 25 14 7 7 6 5 3 2 1 1 1 1 0 0 0
"158" 158 0.107594936709 380 48 33 27 6 4 1 1 0 0 0 0 0 0 0 0 0 0 0 0
"159" 159 0.0769230769231 496 3 1 0 0 0 0 0 0 0 0 0 0 0 0 0 0 0 0 0
"160" 160 0.367816091954 176 168 52 22 20 19 17 10 6 3 2 2 1 1 1 0 0 0 0 0
"161" 161 0.645569620253 118 108 76 35 31 27 24 22 15 14 10 7 7 3 2 1 0 0 0 0
