"site" "RSA" "aa1" "aa2" "aa3" "aa4" "aa5" "aa6" "aa7" "aa8" "aa9" "aa10" "aa11" "aa12" "aa13" "aa14" "aa15" "aa16" "aa17" "aa18" "aa19" "aa20"
"0" 0 0.740384615385 497 2 1 0 0 0 0 0 0 0 0 0 0 0 0 0 0 0 0 0
"1" 1 0.424870466321 474 12 9 4 1 0 0 0 0 0 0 0 0 0 0 0 0 0 0 0
"2" 2 0.124031007752 274 122 48 17 12 8 7 7 3 2 0 0 0 0 0 0 0 0 0 0
"3" 3 0.441964285714 231 105 51 50 48 7 6 2 0 0 0 0 0 0 0 0 0 0 0 0
"4" 4 0.209302325581 417 57 14 5 4 2 1 0 0 0 0 0 0 0 0 0 0 0 0 0
"5" 5 0.0 500 0 0 0 0 0 0 0 0 0 0 0 0 0 0 0 0 0 0 0
"6" 6 0.341772151899 390 78 28 1 1 1 1 0 0 0 0 0 0 0 0 0 0 0 0 0
"7" 7 0.573839662447 198 191 95 10 2 2 1 1 0 0 0 0 0 0 0 0 0 0 0 0
"8" 8 0.0964467005076 377 92 15 6 5 4 1 0 0 0 0 0 0 0 0 0 0 0 0 0
"9" 9 0.0543933054393 298 156 35 8 1 1 1 0 0 0 0 0 0 0 0 0 0 0 0 0
"10" 10 0.574712643678 342 65 49 29 7 5 2 1 0 0 0 0 0 0 0 0 0 0 0 0
"11" 11 0.659192825112 341 59 47 34 9 8 1 1 0 0 0 0 0 0 0 0 0 0 0 0
"12" 12 0.240506329114 239 145 54 23 13 10 10 2 2 1 1 0 0 0 0 0 0 0 0 0
"13" 13 0.139240506329 190 98 78 53 25 24 20 7 2 1 1 1 0 0 0 0 0 0 0 0
"14" 14 0.217054263566 227 173 58 19 14 5 2 1 1 0 0 0 0 0 0 0 0 0 0 0
"15" 15 0.677130044843 175 120 114 30 30 12 11 5 1 1 1 0 0 0 0 0 0 0 0 0
"16" 16 0.215189873418 125 106 82 62 45 37 17 11 5 5 3 1 1 0 0 0 0 0 0 0
"17" 17 0.124401913876 202 138 64 29 21 12 12 12 4 3 2 1 0 0 0 0 0 0 0 0
"18" 18 0.0639534883721 106 83 81 66 64 48 33 10 6 2 1 0 0 0 0 0 0 0 0 0
"19" 19 0.0344827586207 207 192 33 28 15 8 8 3 1 1 1 1 1 1 0 0 0 0 0 0
"20" 20 0.4375 195 117 65 41 31 15 11 9 6 5 2 1 1 1 0 0 0 0 0 0
"21" 21 0.590717299578 255 187 36 14 6 1 1 0 0 0 0 0 0 0 0 0 0 0 0 0
"22" 22 0.740384615385 478 22 0 0 0 0 0 0 0 0 0 0 0 0 0 0 0 0 0 0
"23" 23 0.115384615385 496 2 2 0 0 0 0 0 0 0 0 0 0 0 0 0 0 0 0 0
"24" 24 0.662447257384 275 77 70 32 22 15 8 1 0 0 0 0 0 0 0 0 0 0 0 0
"25" 25 0.33971291866 492 8 0 0 0 0 0 0 0 0 0 0 0 0 0 0 0 0 0 0
"26" 26 0.481012658228 216 182 65 24 12 1 0 0 0 0 0 0 0 0 0 0 0 0 0 0
"27" 27 0.633720930233 158 123 53 51 37 33 18 10 8 6 1 1 1 0 0 0 0 0 0 0
"28" 28 0.0673076923077 220 104 44 31 26 25 18 12 8 6 4 2 0 0 0 0 0 0 0 0
"29" 29 0.0817610062893 209 132 77 46 35 1 0 0 0 0 0 0 0 0 0 0 0 0 0 0
"30" 30 0.0820512820513 153 149 93 90 12 2 1 0 0 0 0 0 0 0 0 0 0 0 0 0
"31" 31 0.109452736318 111 97 95 58 40 31 18 16 9 8 7 4 2 2 1 1 0 0 0 0
"32" 32 0.294326241135 238 211 30 21 0 0 0 0 0 0 0 0 0 0 0 0 0 0 0 0
"33" 33 0.25 487 9 3 1 0 0 0 0 0 0 0 0 0 0 0 0 0 0 0 0
"34" 34 0.0497512437811 191 87 78 53 46 12 11 10 8 4 0 0 0 0 0 0 0 0 0 0
"35" 35 0.188284518828 438 16 16 10 6 5 4 3 1 1 0 0 0 0 0 0 0 0 0 0
"36" 36 0.586538461538 494 6 0 0 0 0 0 0 0 0 0 0 0 0 0 0 0 0 0 0
"37" 37 0.153284671533 148 110 58 52 43 36 26 20 6 1 0 0 0 0 0 0 0 0 0 0
"38" 38 0.438818565401 115 113 103 54 35 31 22 9 8 7 3 0 0 0 0 0 0 0 0 0
"39" 39 0.0116279069767 192 63 57 51 41 41 28 10 8 2 2 2 1 1 1 0 0 0 0 0
"40" 40 0.125 500 0 0 0 0 0 0 0 0 0 0 0 0 0 0 0 0 0 0 0
"41" 41 0.470852017937 445 24 14 13 4 0 0 0 0 0 0 0 0 0 0 0 0 0 0 0
"42" 42 0.046511627907 276 115 52 22 9 9 5 3 2 2 2 2 1 0 0 0 0 0 0 0
"43" 43 0.666666666667 490 5 4 1 0 0 0 0 0 0 0 0 0 0 0 0 0 0 0 0
"44" 44 0.721153846154 500 0 0 0 0 0 0 0 0 0 0 0 0 0 0 0 0 0 0 0
"45" 45 0.150627615063 245 197 58 0 0 0 0 0 0 0 0 0 0 0 0 0 0 0 0 0
"46" 46 0.622516556291 500 0 0 0 0 0 0 0 0 0 0 0 0 0 0 0 0 0 0 0
"47" 47 0.110266159696 451 44 5 0 0 0 0 0 0 0 0 0 0 0 0 0 0 0 0 0
"48" 48 0.174418604651 308 132 60 0 0 0 0 0 0 0 0 0 0 0 0 0 0 0 0 0
"49" 49 0.544041450777 202 172 42 32 24 23 3 1 1 0 0 0 0 0 0 0 0 0 0 0
"50" 50 0.22480620155 454 27 9 5 4 1 0 0 0 0 0 0 0 0 0 0 0 0 0 0
"51" 51 0.102564102564 167 152 71 37 31 20 9 6 3 2 1 1 0 0 0 0 0 0 0 0
"52" 52 0.371308016878 233 98 65 55 49 0 0 0 0 0 0 0 0 0 0 0 0 0 0 0
"53" 53 0.635897435897 174 129 121 35 19 19 2 1 0 0 0 0 0 0 0 0 0 0 0 0
"54" 54 0.333333333333 127 103 78 54 39 36 28 10 8 7 5 2 1 1 1 0 0 0 0 0
"55" 55 0.365384615385 500 0 0 0 0 0 0 0 0 0 0 0 0 0 0 0 0 0 0 0
"56" 56 0.224137931034 257 62 39 33 27 21 18 12 9 8 4 3 2 2 2 1 0 0 0 0
"57" 57 0.446700507614 271 64 58 46 37 8 6 4 4 1 1 0 0 0 0 0 0 0 0 0
"58" 58 0.0390070921986 213 95 42 38 25 23 19 13 7 6 5 4 4 3 2 1 0 0 0 0
"59" 59 0.291390728477 229 100 99 43 19 7 3 0 0 0 0 0 0 0 0 0 0 0 0 0
"60" 60 0.410714285714 206 104 89 51 27 19 3 1 0 0 0 0 0 0 0 0 0 0 0 0
"61" 61 0.665178571429 242 77 46 46 44 32 12 1 0 0 0 0 0 0 0 0 0 0 0 0
"62" 62 0.093023255814 175 169 63 26 19 16 10 7 5 4 2 2 1 1 0 0 0 0 0 0
"63" 63 0.0298507462687 395 30 19 15 13 8 7 5 5 1 1 1 0 0 0 0 0 0 0 0
"64" 64 0.155963302752 226 127 70 62 10 3 1 1 0 0 0 0 0 0 0 0 0 0 0 0
"65" 65 0.508928571429 286 69 57 25 22 14 9 9 3 2 2 1 1 0 0 0 0 0 0 0
"66" 66 0.0608365019011 174 146 71 50 23 21 15 0 0 0 0 0 0 0 0 0 0 0 0 0
"67" 67 0.0746268656716 239 131 85 24 10 8 1 1 1 0 0 0 0 0 0 0 0 0 0 0
"68" 68 0.34375 279 101 78 22 13 3 2 1 1 0 0 0 0 0 0 0 0 0 0 0
"69" 69 0.287179487179 437 62 1 0 0 0 0 0 0 0 0 0 0 0 0 0 0 0 0 0
"70" 70 0.0 314 82 63 21 14 5 1 0 0 0 0 0 0 0 0 0 0 0 0 0
"71" 71 0.632911392405 253 143 40 34 20 6 3 1 0 0 0 0 0 0 0 0 0 0 0 0
"72" 72 0.666666666667 453 27 11 5 2 2 0 0 0 0 0 0 0 0 0 0 0 0 0 0
"73" 73 0.06463878327 144 139 97 70 41 6 2 1 0 0 0 0 0 0 0 0 0 0 0 0
"74" 74 0.010152284264 241 164 33 28 8 7 6 5 4 2 1 1 0 0 0 0 0 0 0 0
"75" 75 0.591194968553 277 209 14 0 0 0 0 0 0 0 0 0 0 0 0 0 0 0 0 0
"76" 76 0.596153846154 500 0 0 0 0 0 0 0 0 0 0 0 0 0 0 0 0 0 0 0
"77" 77 0.0813953488372 420 53 27 0 0 0 0 0 0 0 0 0 0 0 0 0 0 0 0 0
"78" 78 0.46835443038 187 86 74 64 43 16 14 10 3 1 1 1 0 0 0 0 0 0 0 0
"79" 79 0.220183486239 186 180 39 30 23 15 14 5 2 2 1 1 1 1 0 0 0 0 0 0
"80" 80 0.756345177665 493 4 1 1 1 0 0 0 0 0 0 0 0 0 0 0 0 0 0 0
"81" 81 0.259414225941 253 213 22 3 2 2 2 1 1 1 0 0 0 0 0 0 0 0 0 0
"82" 82 0.666666666667 388 49 29 15 8 7 2 2 0 0 0 0 0 0 0 0 0 0 0 0
"83" 83 0.163461538462 500 0 0 0 0 0 0 0 0 0 0 0 0 0 0 0 0 0 0 0
"84" 84 0.010152284264 296 133 30 25 7 4 2 2 1 0 0 0 0 0 0 0 0 0 0 0
"85" 85 0.700421940928 376 54 44 15 7 2 2 0 0 0 0 0 0 0 0 0 0 0 0 0
"86" 86 0.556962025316 301 132 32 16 8 5 2 2 1 1 0 0 0 0 0 0 0 0 0 0
"87" 87 0.552742616034 324 80 75 12 5 1 1 1 1 0 0 0 0 0 0 0 0 0 0 0
"88" 88 0.403973509934 215 171 65 37 6 4 2 0 0 0 0 0 0 0 0 0 0 0 0 0
"89" 89 0.183035714286 350 98 22 15 7 2 2 1 1 1 1 0 0 0 0 0 0 0 0 0
"90" 90 0.113138686131 416 58 23 2 1 0 0 0 0 0 0 0 0 0 0 0 0 0 0 0
"91" 91 0.352678571429 374 41 37 23 11 10 4 0 0 0 0 0 0 0 0 0 0 0 0 0
"92" 92 0.165803108808 464 16 10 5 2 1 1 1 0 0 0 0 0 0 0 0 0 0 0 0
"93" 93 0.00497512437811 283 77 71 43 11 10 4 1 0 0 0 0 0 0 0 0 0 0 0 0
"94" 94 0.0203045685279 459 14 14 5 4 3 1 0 0 0 0 0 0 0 0 0 0 0 0 0
"95" 95 0.278481012658 259 131 77 14 7 6 3 3 0 0 0 0 0 0 0 0 0 0 0 0
"96" 96 0.110266159696 291 113 60 22 14 0 0 0 0 0 0 0 0 0 0 0 0 0 0 0
"97" 97 0.044776119403 287 64 56 34 31 11 8 5 2 1 1 0 0 0 0 0 0 0 0 0
"98" 98 0.354430379747 240 142 53 44 5 4 4 3 2 1 1 1 0 0 0 0 0 0 0 0
"99" 99 0.448430493274 197 115 52 47 33 22 18 7 5 3 1 0 0 0 0 0 0 0 0 0
"100" 100 0.131782945736 218 187 54 17 6 5 4 3 3 1 1 1 0 0 0 0 0 0 0 0
"101" 101 0.0 298 171 19 7 2 1 1 1 0 0 0 0 0 0 0 0 0 0 0 0
"102" 102 0.46357615894 185 133 102 39 20 13 6 1 1 0 0 0 0 0 0 0 0 0 0 0
"103" 103 0.801324503311 228 197 40 20 9 3 2 1 0 0 0 0 0 0 0 0 0 0 0 0
