"site" "RSA" "aa1" "aa2" "aa3" "aa4" "aa5" "aa6" "aa7" "aa8" "aa9" "aa10" "aa11" "aa12" "aa13" "aa14" "aa15" "aa16" "aa17" "aa18" "aa19" "aa20"
"0" 0 0.569037656904 180 52 49 42 29 25 22 21 19 19 18 14 6 4 0 0 0 0 0 0
"1" 1 0.343023255814 139 108 61 42 39 35 32 13 11 7 4 3 2 2 2 0 0 0 0 0
"2" 2 0.0 305 61 25 24 22 18 11 10 9 8 2 2 2 1 0 0 0 0 0 0
"3" 3 0.287179487179 130 101 72 53 28 26 20 15 14 8 8 8 7 5 3 1 1 0 0 0
"4" 4 0.526785714286 151 88 84 63 31 30 20 8 7 6 6 3 3 0 0 0 0 0 0 0
"5" 5 0.848101265823 123 107 98 61 53 29 9 7 6 5 1 1 0 0 0 0 0 0 0 0
"6" 6 0.282511210762 217 59 42 40 37 28 20 18 10 9 9 8 3 0 0 0 0 0 0 0
"7" 7 0.18407960199 402 23 21 18 10 5 4 4 3 3 2 2 1 1 1 0 0 0 0 0
"8" 8 0.226744186047 251 89 49 42 16 14 10 9 7 5 4 3 1 0 0 0 0 0 0 0
"9" 9 0.818652849741 208 174 55 30 14 6 5 5 1 1 1 0 0 0 0 0 0 0 0 0
"10" 10 0.357512953368 468 15 5 5 3 2 1 1 0 0 0 0 0 0 0 0 0 0 0 0
"11" 11 0.0 207 184 53 24 15 15 1 1 0 0 0 0 0 0 0 0 0 0 0 0
"12" 12 0.203045685279 220 200 16 12 8 7 6 6 6 5 5 3 2 2 1 1 0 0 0 0
"13" 13 0.424870466321 357 74 22 17 14 7 2 2 2 2 1 0 0 0 0 0 0 0 0 0
"14" 14 0.0149253731343 284 58 57 32 28 12 9 7 4 3 2 2 1 1 0 0 0 0 0 0
"15" 15 0.00836820083682 249 179 54 10 4 2 1 1 0 0 0 0 0 0 0 0 0 0 0 0
"16" 16 0.296511627907 148 80 75 58 52 26 18 14 10 6 3 3 3 1 1 1 1 0 0 0
"17" 17 0.409282700422 116 96 74 68 41 39 20 19 13 8 2 2 1 1 0 0 0 0 0 0
"18" 18 0.00354609929078 93 91 85 77 46 42 29 14 6 4 4 3 2 2 2 0 0 0 0 0
"19" 19 0.0543933054393 115 102 79 69 42 27 27 21 8 5 3 2 0 0 0 0 0 0 0 0
"20" 20 0.317948717949 151 99 61 61 41 37 13 9 8 8 7 2 2 1 0 0 0 0 0 0
"21" 21 0.28125 217 59 58 53 34 22 21 10 10 8 3 2 1 1 1 0 0 0 0 0
"22" 22 0.0 283 99 42 32 14 12 7 4 3 2 1 1 0 0 0 0 0 0 0 0
"23" 23 0.489451476793 161 99 95 57 18 16 14 12 9 6 4 4 3 2 0 0 0 0 0 0
"24" 24 0.678571428571 172 79 74 38 34 22 22 20 17 11 8 1 1 1 0 0 0 0 0 0
"25" 25 0.170984455959 202 83 57 43 29 19 16 15 11 9 6 4 4 1 1 0 0 0 0 0
"26" 26 0.723270440252 218 151 122 3 2 2 1 1 0 0 0 0 0 0 0 0 0 0 0 0
"27" 27 0.419708029197 128 123 47 35 34 24 23 18 16 13 11 10 7 4 3 2 2 0 0 0
"28" 28 0.107142857143 174 65 49 40 30 29 27 22 15 14 14 14 6 1 0 0 0 0 0 0
"29" 29 0.71511627907 118 104 85 68 34 28 24 19 6 5 4 3 2 0 0 0 0 0 0 0
"30" 30 0.432835820896 149 127 94 57 32 28 4 3 2 1 1 1 1 0 0 0 0 0 0 0
"31" 31 0.0566037735849 192 133 60 34 31 24 15 6 2 2 1 0 0 0 0 0 0 0 0 0
"32" 32 0.236607142857 110 78 75 70 43 28 28 21 15 12 7 6 4 3 0 0 0 0 0 0
"33" 33 0.232558139535 346 52 33 27 14 8 7 6 4 2 1 0 0 0 0 0 0 0 0 0
"34" 34 0.0152284263959 112 93 92 46 46 37 29 20 11 7 5 1 1 0 0 0 0 0 0 0
"35" 35 0.255813953488 152 105 82 71 22 18 14 12 8 6 5 3 2 0 0 0 0 0 0 0
"36" 36 0.0 198 98 74 55 29 13 7 7 5 4 3 3 2 1 1 0 0 0 0 0
"37" 37 0.218543046358 146 90 62 47 24 22 20 18 17 13 12 10 6 6 5 2 0 0 0 0
"38" 38 0.0331125827815 247 194 23 15 7 5 2 2 2 1 1 1 0 0 0 0 0 0 0 0
"39" 39 0.193798449612 110 92 62 54 48 47 31 15 14 13 8 3 2 1 0 0 0 0 0 0
"40" 40 0.290178571429 148 104 95 58 30 26 10 6 6 6 5 5 1 0 0 0 0 0 0 0
"41" 41 0.44776119403 139 68 66 56 52 50 26 13 12 7 4 3 2 1 1 0 0 0 0 0
"42" 42 0.698113207547 209 143 135 9 2 1 1 0 0 0 0 0 0 0 0 0 0 0 0 0
"43" 43 0.483443708609 139 103 101 96 26 8 7 5 5 4 4 1 1 0 0 0 0 0 0 0
"44" 44 0.471153846154 485 13 1 1 0 0 0 0 0 0 0 0 0 0 0 0 0 0 0 0
"45" 45 0.565693430657 98 88 87 62 46 42 34 10 7 6 6 5 3 3 3 0 0 0 0 0
"46" 46 0.614942528736 113 68 59 50 40 35 33 32 20 16 9 9 8 8 0 0 0 0 0 0
"47" 47 0.0860927152318 121 108 59 53 49 36 19 9 9 8 8 5 5 4 3 2 1 1 0 0
"48" 48 0.503311258278 102 89 64 49 46 41 36 26 22 14 6 2 2 1 0 0 0 0 0 0
"49" 49 0.186131386861 119 97 84 79 53 28 23 5 4 2 2 1 1 1 1 0 0 0 0 0
"50" 50 0.56345177665 199 89 69 38 31 31 26 8 5 1 1 1 1 0 0 0 0 0 0 0
"51" 51 0.134328358209 296 55 41 36 20 20 12 4 3 3 2 2 2 2 1 1 0 0 0 0
"52" 52 0.477611940299 98 87 79 65 61 32 31 16 13 8 5 3 2 0 0 0 0 0 0 0
"53" 53 0.0418410041841 210 206 54 27 1 1 1 0 0 0 0 0 0 0 0 0 0 0 0 0
"54" 54 0.400843881857 161 114 52 46 26 23 21 16 15 8 7 5 4 1 1 0 0 0 0 0
"55" 55 0.272321428571 234 87 53 40 27 18 12 12 7 4 4 1 1 0 0 0 0 0 0 0
"56" 56 0.233830845771 150 93 67 57 50 27 25 9 8 5 4 1 1 1 1 1 0 0 0 0
"57" 57 0.259067357513 408 39 26 17 10 0 0 0 0 0 0 0 0 0 0 0 0 0 0 0
"58" 58 0.760765550239 245 171 43 30 6 4 1 0 0 0 0 0 0 0 0 0 0 0 0 0
"59" 59 0.244525547445 128 96 95 41 33 31 26 23 9 7 3 2 2 2 2 0 0 0 0 0
"60" 60 0.0288461538462 500 0 0 0 0 0 0 0 0 0 0 0 0 0 0 0 0 0 0 0
"61" 61 0.0 201 135 46 40 34 29 4 4 3 2 1 1 0 0 0 0 0 0 0 0
"62" 62 0.00581395348837 106 94 79 78 67 45 10 7 6 6 1 1 0 0 0 0 0 0 0 0
"63" 63 0.00507614213198 119 100 77 63 53 43 31 6 3 2 2 1 0 0 0 0 0 0 0 0
"64" 64 0.136882129278 99 92 82 73 53 26 16 15 15 13 6 4 3 2 1 0 0 0 0 0
"65" 65 0.0728476821192 293 176 22 6 2 1 0 0 0 0 0 0 0 0 0 0 0 0 0 0
"66" 66 0.0410256410256 383 37 25 22 11 5 4 3 2 2 2 2 1 1 0 0 0 0 0 0
"67" 67 0.0602836879433 204 202 59 26 2 2 2 1 1 1 0 0 0 0 0 0 0 0 0 0
"68" 68 0.346153846154 430 49 13 3 2 1 1 1 0 0 0 0 0 0 0 0 0 0 0 0
"69" 69 0.18023255814 132 68 65 54 34 29 23 21 21 16 15 9 6 6 1 0 0 0 0 0
"70" 70 0.0 390 88 11 7 2 2 0 0 0 0 0 0 0 0 0 0 0 0 0 0
"71" 71 0.328467153285 104 70 69 58 51 43 33 18 15 14 11 5 4 3 1 1 0 0 0 0
"72" 72 0.0295358649789 186 82 49 34 33 27 27 18 17 7 5 4 3 3 2 2 1 0 0 0
"73" 73 0.0387596899225 407 84 8 1 0 0 0 0 0 0 0 0 0 0 0 0 0 0 0 0
"74" 74 0.516746411483 127 100 86 61 40 29 20 12 11 7 4 2 1 0 0 0 0 0 0 0
"75" 75 0.00518134715026 120 116 108 42 24 13 12 12 11 11 7 6 6 5 4 3 0 0 0 0
"76" 76 0.0355329949239 248 76 41 25 23 13 12 12 9 8 6 5 5 5 4 3 3 2 0 0
"77" 77 0.643410852713 95 93 92 63 43 22 19 16 11 10 10 9 9 8 0 0 0 0 0 0
"78" 78 0.313953488372 102 79 51 50 44 38 37 30 19 14 13 11 5 3 2 1 1 0 0 0
"79" 79 0.0666666666667 210 162 37 37 20 14 8 5 3 3 1 0 0 0 0 0 0 0 0 0
"80" 80 0.446540880503 195 108 36 35 33 19 19 14 13 9 7 7 3 1 1 0 0 0 0 0
"81" 81 0.379487179487 135 102 96 84 35 27 7 4 4 3 2 1 0 0 0 0 0 0 0 0
"82" 82 0.077519379845 246 235 13 4 2 0 0 0 0 0 0 0 0 0 0 0 0 0 0 0
"83" 83 0.170542635659 220 119 56 38 33 12 9 6 3 2 1 1 0 0 0 0 0 0 0 0
"84" 84 0.010152284264 192 75 59 52 37 29 23 17 11 4 1 0 0 0 0 0 0 0 0 0
"85" 85 0.212643678161 120 99 80 60 47 31 24 14 8 8 4 2 2 1 0 0 0 0 0 0
"86" 86 0.0 275 177 26 7 7 2 2 1 1 1 1 0 0 0 0 0 0 0 0 0
"87" 87 0.464435146444 187 91 53 52 52 23 16 10 8 4 4 0 0 0 0 0 0 0 0 0
"88" 88 0.00709219858156 187 123 56 49 26 22 10 7 6 4 3 3 2 1 1 0 0 0 0 0
"89" 89 0.611814345992 255 91 59 35 15 14 9 9 5 4 2 2 0 0 0 0 0 0 0 0
"90" 90 0.435233160622 137 86 58 47 45 37 22 13 13 10 8 7 7 4 3 3 0 0 0 0
"91" 91 0.0199004975124 202 49 44 37 33 30 26 25 18 17 13 3 2 1 0 0 0 0 0 0
"92" 92 0.322869955157 287 148 24 14 11 5 5 4 1 1 0 0 0 0 0 0 0 0 0 0
"93" 93 0.036496350365 137 106 60 47 34 29 19 18 14 12 11 8 3 1 1 0 0 0 0 0
"94" 94 0.22869955157 172 130 53 49 48 30 7 3 3 2 2 1 0 0 0 0 0 0 0 0
"95" 95 0.0 195 162 82 12 11 10 10 5 5 5 2 1 0 0 0 0 0 0 0 0
"96" 96 0.302919708029 172 164 82 19 16 14 10 7 6 4 3 2 1 0 0 0 0 0 0 0
"97" 97 0.0 177 131 83 68 23 5 5 4 2 1 1 0 0 0 0 0 0 0 0 0
"98" 98 0.28125 209 188 30 20 20 8 5 4 4 3 2 2 2 1 1 1 0 0 0 0
"99" 99 0.0480769230769 500 0 0 0 0 0 0 0 0 0 0 0 0 0 0 0 0 0 0 0
"100" 100 0.238578680203 127 84 78 48 38 34 32 24 20 5 4 2 1 1 1 1 0 0 0 0
"101" 101 0.0697674418605 173 142 78 69 11 7 5 5 3 3 2 2 0 0 0 0 0 0 0 0
"102" 102 0.25 117 91 86 59 45 26 19 16 15 15 7 2 1 1 0 0 0 0 0 0
"103" 103 0.564593301435 140 117 76 59 38 33 8 6 5 5 5 3 3 2 0 0 0 0 0 0
"104" 104 0.0574712643678 80 77 72 67 53 42 29 23 17 11 11 7 3 3 2 2 1 0 0 0
"105" 105 0.4 166 89 85 54 41 31 16 7 3 3 2 2 1 0 0 0 0 0 0 0
"106" 106 0.332116788321 93 74 52 51 39 34 32 26 25 19 17 14 11 8 3 2 0 0 0 0
"107" 107 0.459821428571 153 113 102 37 34 23 12 9 6 4 3 3 1 0 0 0 0 0 0 0
"108" 108 0.133720930233 199 144 52 44 28 8 6 6 5 4 2 1 1 0 0 0 0 0 0 0
"109" 109 0.00662251655629 284 148 55 5 2 2 2 1 1 0 0 0 0 0 0 0 0 0 0 0
"110" 110 0.34375 279 52 31 30 24 23 18 11 7 4 4 4 4 3 3 3 0 0 0 0
"111" 111 0.467153284672 206 105 84 30 23 18 13 10 5 3 2 1 0 0 0 0 0 0 0 0
"112" 112 0.266159695817 151 65 52 41 39 39 38 30 25 5 5 3 3 2 1 1 0 0 0 0
"113" 113 0.00418410041841 234 111 80 19 17 15 9 5 4 2 1 1 1 1 0 0 0 0 0 0
"114" 114 0.556962025316 131 112 54 44 40 33 26 15 14 10 9 6 2 2 1 1 0 0 0 0
"115" 115 0.622093023256 214 70 56 42 40 21 16 14 13 7 3 2 1 1 0 0 0 0 0 0
"116" 116 0.35401459854 108 64 59 53 48 40 37 22 19 15 15 10 6 4 0 0 0 0 0 0
"117" 117 0.534591194969 236 117 49 47 16 14 9 7 2 1 1 1 0 0 0 0 0 0 0 0
"118" 118 0.704379562044 189 76 58 50 45 27 17 10 8 7 7 5 1 0 0 0 0 0 0 0
"119" 119 0.605769230769 239 149 32 22 20 17 8 5 4 3 1 0 0 0 0 0 0 0 0 0
"120" 120 0.251655629139 133 85 80 43 41 39 28 15 9 7 4 4 4 2 2 2 2 0 0 0
"121" 121 0.0928270042194 258 143 44 19 12 7 7 6 4 0 0 0 0 0 0 0 0 0 0 0
"122" 122 0.10152284264 141 135 97 86 12 9 7 4 3 2 2 1 1 0 0 0 0 0 0 0
"123" 123 0.278846153846 154 119 61 46 31 28 19 16 10 8 4 3 1 0 0 0 0 0 0 0
"124" 124 0.093023255814 103 101 88 46 39 30 24 19 13 11 9 8 4 2 1 1 1 0 0 0
"125" 125 0.315602836879 425 37 11 5 4 4 3 3 3 2 1 1 1 0 0 0 0 0 0 0
"126" 126 0.031007751938 449 23 8 6 4 4 2 2 1 1 0 0 0 0 0 0 0 0 0 0
"127" 127 0.384105960265 86 72 56 53 49 49 47 31 17 17 9 6 4 3 1 0 0 0 0 0
"128" 128 0.627737226277 111 108 79 76 48 22 14 12 9 8 6 5 1 1 0 0 0 0 0 0
"129" 129 0.322869955157 88 70 68 43 39 39 36 27 21 15 14 12 10 7 4 2 2 2 1 0
"130" 130 0.529801324503 395 42 19 17 17 3 3 1 1 1 1 0 0 0 0 0 0 0 0 0
"131" 131 0.388601036269 118 81 69 49 33 27 24 23 21 13 13 11 9 3 2 2 1 1 0 0
"132" 132 0.810344827586 136 92 69 54 49 42 28 19 6 1 1 1 1 1 0 0 0 0 0 0
"133" 133 0.375634517766 193 85 74 39 30 16 13 12 10 10 5 4 4 2 1 1 1 0 0 0
"134" 134 0.759493670886 210 107 58 51 21 16 15 10 6 3 2 1 0 0 0 0 0 0 0 0
"135" 135 0.369230769231 125 86 76 69 47 44 18 18 6 5 3 1 1 1 0 0 0 0 0 0
"136" 136 0.569343065693 126 98 78 50 36 34 30 19 11 8 5 3 2 0 0 0 0 0 0 0
"137" 137 0.517857142857 250 89 56 24 23 19 15 11 6 2 2 2 1 0 0 0 0 0 0 0
"138" 138 0.214285714286 154 76 68 65 34 34 29 21 7 4 2 2 2 1 1 0 0 0 0 0
"139" 139 0.194029850746 120 101 76 57 36 36 28 13 10 10 7 4 1 1 0 0 0 0 0 0
"140" 140 0.357512953368 127 100 94 48 32 32 27 16 8 8 7 1 0 0 0 0 0 0 0 0
"141" 141 0.455357142857 187 99 61 47 46 13 13 9 8 6 4 4 2 1 0 0 0 0 0 0
"142" 142 0.213930348259 119 107 76 69 37 32 16 11 10 7 5 4 4 3 0 0 0 0 0 0
"143" 143 0.313953488372 153 110 83 67 30 18 13 10 7 5 1 1 1 1 0 0 0 0 0 0
"144" 144 0.641255605381 144 89 64 55 36 31 23 19 13 11 10 3 2 0 0 0 0 0 0 0
"145" 145 0.46835443038 114 98 88 58 38 36 27 19 7 6 4 2 1 1 1 0 0 0 0 0
"146" 146 0.184615384615 152 79 53 41 34 28 26 24 22 13 8 7 4 4 3 2 0 0 0 0
"147" 147 0.418604651163 162 102 84 33 30 26 16 14 11 5 4 3 3 3 2 2 0 0 0 0
"148" 148 0.3125 113 103 101 96 27 17 16 8 6 4 3 2 1 1 1 1 0 0 0 0
"149" 149 0.29197080292 160 69 67 43 39 34 28 28 11 6 5 3 2 2 1 1 1 0 0 0
"150" 150 0.117154811715 225 221 28 14 6 2 2 1 1 0 0 0 0 0 0 0 0 0 0 0
"151" 151 0.320675105485 245 109 41 24 21 15 14 9 7 6 3 2 2 1 1 0 0 0 0 0
"152" 152 0.528497409326 329 69 65 23 11 2 1 0 0 0 0 0 0 0 0 0 0 0 0 0
"153" 153 0.418604651163 179 92 80 32 29 28 25 9 9 5 4 4 3 1 0 0 0 0 0 0
"154" 154 0.424107142857 182 132 63 34 33 19 16 9 5 5 1 1 0 0 0 0 0 0 0 0
"155" 155 0.39896373057 136 80 79 47 34 27 23 22 20 18 6 2 2 2 1 1 0 0 0 0
"156" 156 0.0761421319797 387 71 23 6 6 4 1 1 1 0 0 0 0 0 0 0 0 0 0 0
"157" 157 0.503144654088 425 34 16 15 4 3 1 1 1 0 0 0 0 0 0 0 0 0 0 0
"158" 158 0.126582278481 182 109 69 37 35 30 16 8 4 3 2 2 1 1 1 0 0 0 0 0
"159" 159 0.0 189 104 56 53 41 14 12 9 7 7 4 3 1 0 0 0 0 0 0 0
"160" 160 0.746113989637 154 84 83 60 52 29 21 8 3 1 1 1 1 1 1 0 0 0 0 0
"161" 161 0.212927756654 107 90 70 50 47 39 24 19 16 12 12 5 4 3 1 1 0 0 0 0
"162" 162 0.0744680851064 252 113 31 29 29 12 10 9 6 5 2 1 1 0 0 0 0 0 0 0
"163" 163 0.0288461538462 500 0 0 0 0 0 0 0 0 0 0 0 0 0 0 0 0 0 0 0
"164" 164 0.0192307692308 266 97 43 33 22 15 8 7 5 4 0 0 0 0 0 0 0 0 0 0
"165" 165 0.0 182 87 69 56 22 21 18 12 6 5 5 4 3 3 3 3 1 0 0 0
"166" 166 0.0583941605839 179 125 97 24 22 18 16 9 3 2 2 2 1 0 0 0 0 0 0 0
"167" 167 0.0 361 67 45 17 4 3 2 1 0 0 0 0 0 0 0 0 0 0 0 0
"168" 168 0.0 362 40 27 26 26 6 4 3 3 2 1 0 0 0 0 0 0 0 0 0
"169" 169 0.0251572327044 218 123 105 22 9 8 7 5 1 1 1 0 0 0 0 0 0 0 0 0
"170" 170 0.208955223881 200 132 101 28 24 7 3 2 2 1 0 0 0 0 0 0 0 0 0 0
"171" 171 0.254464285714 202 99 46 45 36 25 14 12 9 6 3 2 1 0 0 0 0 0 0 0
"172" 172 0.0 142 90 82 42 39 37 32 16 7 5 4 3 1 0 0 0 0 0 0 0
"173" 173 0.0223214285714 166 120 108 41 29 12 9 6 5 3 1 0 0 0 0 0 0 0 0 0
"174" 174 0.0 312 132 18 15 7 4 3 3 2 2 1 1 0 0 0 0 0 0 0 0
"175" 175 0.124113475177 293 100 30 21 18 10 7 7 4 4 3 1 1 1 0 0 0 0 0 0
"176" 176 0.00448430493274 182 69 67 62 47 41 18 7 5 1 1 0 0 0 0 0 0 0 0 0
"177" 177 0.0480769230769 119 82 77 67 48 45 24 11 10 5 5 4 2 1 0 0 0 0 0 0
"178" 178 0.288321167883 142 114 86 41 23 20 19 16 13 10 10 3 2 1 0 0 0 0 0 0
"179" 179 0.761006289308 285 135 43 29 6 2 0 0 0 0 0 0 0 0 0 0 0 0 0 0
"180" 180 0.430463576159 170 118 59 49 47 25 19 8 3 1 1 0 0 0 0 0 0 0 0 0
"181" 181 0.748175182482 372 123 2 2 1 0 0 0 0 0 0 0 0 0 0 0 0 0 0 0
"182" 182 0.592039800995 133 129 104 42 38 28 11 8 4 2 1 0 0 0 0 0 0 0 0 0
"183" 183 0.200956937799 216 201 46 14 8 5 4 2 2 1 1 0 0 0 0 0 0 0 0 0
"184" 184 0.0518134715026 235 81 36 36 22 20 20 19 10 8 5 5 3 0 0 0 0 0 0 0
"185" 185 0.178832116788 262 159 25 18 17 6 6 3 2 1 1 0 0 0 0 0 0 0 0 0
"186" 186 0.0209205020921 211 187 84 3 3 2 2 2 2 2 1 1 0 0 0 0 0 0 0 0
"187" 187 0.0 215 86 71 49 24 21 16 8 7 1 1 1 0 0 0 0 0 0 0 0
"188" 188 0.0 244 62 52 37 34 32 30 3 2 2 1 1 0 0 0 0 0 0 0 0
"189" 189 0.372262773723 157 102 89 53 36 34 7 7 4 4 3 2 2 0 0 0 0 0 0 0
"190" 190 0.142335766423 364 67 26 24 18 1 0 0 0 0 0 0 0 0 0 0 0 0 0 0
"191" 191 0.721518987342 141 109 95 63 31 29 7 6 5 5 4 3 1 1 0 0 0 0 0 0
"192" 192 0.366279069767 124 92 88 49 41 30 30 24 11 5 3 1 1 1 0 0 0 0 0 0
"193" 193 0.290178571429 259 120 30 20 13 10 8 7 6 6 6 4 4 3 1 1 1 1 0 0
"194" 194 0.671794871795 202 86 68 68 46 12 5 4 2 2 2 2 1 0 0 0 0 0 0 0
"195" 195 0.295336787565 108 97 50 48 44 35 27 26 16 14 14 10 4 4 3 0 0 0 0 0
"196" 196 0.610062893082 461 9 9 6 5 4 3 2 1 0 0 0 0 0 0 0 0 0 0 0
"197" 197 0.173758865248 293 140 15 12 8 7 6 4 4 2 2 2 2 1 1 1 0 0 0 0
"198" 198 0.527426160338 150 94 68 49 36 35 19 12 11 10 9 6 1 0 0 0 0 0 0 0
"199" 199 0.367816091954 235 106 46 25 21 17 11 11 6 5 5 5 2 1 1 1 1 1 0 0
"200" 200 0.379310344828 111 98 97 49 44 29 27 26 7 4 2 2 2 1 1 0 0 0 0 0
"201" 201 0.379562043796 222 119 75 31 27 6 4 3 3 3 2 2 1 1 1 0 0 0 0 0
"202" 202 0.199004975124 169 72 69 65 45 16 16 15 10 10 5 3 2 2 1 0 0 0 0 0
"203" 203 0.581395348837 229 131 68 49 8 7 2 2 2 1 1 0 0 0 0 0 0 0 0 0
"204" 204 0.610062893082 274 52 48 36 32 12 12 9 8 7 3 3 2 2 0 0 0 0 0 0
