"site" "RSA" "aa1" "aa2" "aa3" "aa4" "aa5" "aa6" "aa7" "aa8" "aa9" "aa10" "aa11" "aa12" "aa13" "aa14" "aa15" "aa16" "aa17" "aa18" "aa19" "aa20"
"0" 0 0.805031446541 349 139 8 2 2 0 0 0 0 0 0 0 0 0 0 0 0 0 0 0
"1" 1 0.041825095057 500 0 0 0 0 0 0 0 0 0 0 0 0 0 0 0 0 0 0 0
"2" 2 0.0 498 2 0 0 0 0 0 0 0 0 0 0 0 0 0 0 0 0 0 0
"3" 3 0.0 495 5 0 0 0 0 0 0 0 0 0 0 0 0 0 0 0 0 0 0
"4" 4 0.0 488 9 3 0 0 0 0 0 0 0 0 0 0 0 0 0 0 0 0 0
"5" 5 0.0 455 31 7 5 1 1 0 0 0 0 0 0 0 0 0 0 0 0 0 0
"6" 6 0.041825095057 270 199 23 5 3 0 0 0 0 0 0 0 0 0 0 0 0 0 0 0
"7" 7 0.167300380228 422 43 21 14 0 0 0 0 0 0 0 0 0 0 0 0 0 0 0 0
"8" 8 0.158940397351 495 3 2 0 0 0 0 0 0 0 0 0 0 0 0 0 0 0 0 0
"9" 9 0.226277372263 225 124 49 48 41 7 3 2 1 0 0 0 0 0 0 0 0 0 0 0
"10" 10 0.77990430622 351 136 9 2 1 1 0 0 0 0 0 0 0 0 0 0 0 0 0 0
"11" 11 0.365384615385 500 0 0 0 0 0 0 0 0 0 0 0 0 0 0 0 0 0 0 0
"12" 12 0.139534883721 452 15 12 11 6 3 1 0 0 0 0 0 0 0 0 0 0 0 0 0
"13" 13 0.00581395348837 232 93 85 48 35 4 2 1 0 0 0 0 0 0 0 0 0 0 0 0
"14" 14 0.193798449612 323 77 59 13 9 9 8 2 0 0 0 0 0 0 0 0 0 0 0 0
"15" 15 0.348214285714 243 101 80 49 15 8 3 1 0 0 0 0 0 0 0 0 0 0 0 0
"16" 16 0.0045871559633 236 73 71 41 40 23 10 4 2 0 0 0 0 0 0 0 0 0 0 0
"17" 17 0.0 258 206 23 9 3 1 0 0 0 0 0 0 0 0 0 0 0 0 0 0
"18" 18 0.423357664234 119 95 89 76 74 16 12 11 7 1 0 0 0 0 0 0 0 0 0 0
"19" 19 0.0313901345291 172 137 101 41 26 8 6 4 3 1 1 0 0 0 0 0 0 0 0 0
"20" 20 0.00507614213198 221 130 63 54 16 10 6 0 0 0 0 0 0 0 0 0 0 0 0 0
"21" 21 0.046511627907 449 51 0 0 0 0 0 0 0 0 0 0 0 0 0 0 0 0 0 0
"22" 22 0.408759124088 163 100 82 78 39 32 5 1 0 0 0 0 0 0 0 0 0 0 0 0
"23" 23 0.0 500 0 0 0 0 0 0 0 0 0 0 0 0 0 0 0 0 0 0 0
"24" 24 0.0 497 3 0 0 0 0 0 0 0 0 0 0 0 0 0 0 0 0 0 0
"25" 25 0.508928571429 346 123 28 2 1 0 0 0 0 0 0 0 0 0 0 0 0 0 0 0
"26" 26 0.448430493274 345 76 47 25 7 0 0 0 0 0 0 0 0 0 0 0 0 0 0 0
"27" 27 0.105769230769 500 0 0 0 0 0 0 0 0 0 0 0 0 0 0 0 0 0 0 0
"28" 28 0.644230769231 500 0 0 0 0 0 0 0 0 0 0 0 0 0 0 0 0 0 0 0
"29" 29 0.175732217573 349 139 5 5 2 0 0 0 0 0 0 0 0 0 0 0 0 0 0 0
"30" 30 0.232142857143 458 15 14 9 4 0 0 0 0 0 0 0 0 0 0 0 0 0 0 0
"31" 31 0.186046511628 498 2 0 0 0 0 0 0 0 0 0 0 0 0 0 0 0 0 0 0
"32" 32 0.295620437956 460 14 13 7 3 2 1 0 0 0 0 0 0 0 0 0 0 0 0 0
"33" 33 0.0459770114943 448 48 3 1 0 0 0 0 0 0 0 0 0 0 0 0 0 0 0 0
"34" 34 0.189781021898 479 11 10 0 0 0 0 0 0 0 0 0 0 0 0 0 0 0 0 0
"35" 35 0.093023255814 500 0 0 0 0 0 0 0 0 0 0 0 0 0 0 0 0 0 0 0
"36" 36 0.0229885057471 403 51 46 0 0 0 0 0 0 0 0 0 0 0 0 0 0 0 0 0
"37" 37 0.383647798742 387 67 44 1 1 0 0 0 0 0 0 0 0 0 0 0 0 0 0 0
"38" 38 0.596899224806 449 38 13 0 0 0 0 0 0 0 0 0 0 0 0 0 0 0 0 0
"39" 39 0.350574712644 424 62 11 2 1 0 0 0 0 0 0 0 0 0 0 0 0 0 0 0
"40" 40 0.649006622517 488 12 0 0 0 0 0 0 0 0 0 0 0 0 0 0 0 0 0 0
"41" 41 0.78488372093 500 0 0 0 0 0 0 0 0 0 0 0 0 0 0 0 0 0 0 0
"42" 42 0.9375 500 0 0 0 0 0 0 0 0 0 0 0 0 0 0 0 0 0 0 0
"43" 43 1.28846153846 500 0 0 0 0 0 0 0 0 0 0 0 0 0 0 0 0 0 0 0
"44" 44 0.124031007752 309 91 21 20 19 11 10 8 7 2 2 0 0 0 0 0 0 0 0 0
"45" 45 0.601990049751 479 21 0 0 0 0 0 0 0 0 0 0 0 0 0 0 0 0 0 0
"46" 46 0.513307984791 431 39 30 0 0 0 0 0 0 0 0 0 0 0 0 0 0 0 0 0
"47" 47 0.093023255814 467 33 0 0 0 0 0 0 0 0 0 0 0 0 0 0 0 0 0 0
"48" 48 0.377906976744 204 130 124 21 19 2 0 0 0 0 0 0 0 0 0 0 0 0 0 0
"49" 49 0.422885572139 190 124 95 62 13 9 5 1 1 0 0 0 0 0 0 0 0 0 0 0
"50" 50 0.504464285714 372 69 43 10 3 2 1 0 0 0 0 0 0 0 0 0 0 0 0 0
"51" 51 0.0673575129534 256 243 1 0 0 0 0 0 0 0 0 0 0 0 0 0 0 0 0 0
"52" 52 0.0 466 17 9 3 2 2 1 0 0 0 0 0 0 0 0 0 0 0 0 0
"53" 53 0.417721518987 254 170 51 9 7 3 3 2 1 0 0 0 0 0 0 0 0 0 0 0
"54" 54 0.425641025641 294 107 87 6 3 2 1 0 0 0 0 0 0 0 0 0 0 0 0 0
"55" 55 0.00632911392405 440 59 1 0 0 0 0 0 0 0 0 0 0 0 0 0 0 0 0 0
"56" 56 0.240310077519 274 176 33 8 5 2 2 0 0 0 0 0 0 0 0 0 0 0 0 0
"57" 57 0.0 500 0 0 0 0 0 0 0 0 0 0 0 0 0 0 0 0 0 0 0
"58" 58 0.00995024875622 301 61 54 44 20 19 1 0 0 0 0 0 0 0 0 0 0 0 0 0
"59" 59 0.0077519379845 208 174 88 16 7 5 1 1 0 0 0 0 0 0 0 0 0 0 0 0
"60" 60 0.0 459 19 16 4 1 1 0 0 0 0 0 0 0 0 0 0 0 0 0 0
"61" 61 0.0 270 230 0 0 0 0 0 0 0 0 0 0 0 0 0 0 0 0 0 0
"62" 62 0.0 500 0 0 0 0 0 0 0 0 0 0 0 0 0 0 0 0 0 0 0
"63" 63 0.11320754717 375 79 23 17 4 1 1 0 0 0 0 0 0 0 0 0 0 0 0 0
"64" 64 0.0813953488372 369 117 14 0 0 0 0 0 0 0 0 0 0 0 0 0 0 0 0 0
"65" 65 0.470802919708 410 80 10 0 0 0 0 0 0 0 0 0 0 0 0 0 0 0 0 0
"66" 66 0.778242677824 500 0 0 0 0 0 0 0 0 0 0 0 0 0 0 0 0 0 0 0
"67" 67 0.240384615385 500 0 0 0 0 0 0 0 0 0 0 0 0 0 0 0 0 0 0 0
"68" 68 0.487179487179 439 50 4 3 1 1 1 1 0 0 0 0 0 0 0 0 0 0 0 0
"69" 69 0.0825688073394 347 73 51 17 8 3 1 0 0 0 0 0 0 0 0 0 0 0 0 0
"70" 70 0.031007751938 368 54 24 21 16 10 4 2 1 0 0 0 0 0 0 0 0 0 0 0
"71" 71 0.556291390728 262 166 34 15 10 8 2 1 1 1 0 0 0 0 0 0 0 0 0 0
"72" 72 0.0691823899371 407 93 0 0 0 0 0 0 0 0 0 0 0 0 0 0 0 0 0 0
"73" 73 0.0 298 84 71 28 14 3 2 0 0 0 0 0 0 0 0 0 0 0 0 0
"74" 74 0.37552742616 260 112 70 36 18 4 0 0 0 0 0 0 0 0 0 0 0 0 0 0
"75" 75 0.631178707224 319 164 10 4 2 1 0 0 0 0 0 0 0 0 0 0 0 0 0 0
"76" 76 0.108786610879 453 27 17 2 1 0 0 0 0 0 0 0 0 0 0 0 0 0 0 0
"77" 77 0.0845771144279 267 187 19 15 5 4 2 1 0 0 0 0 0 0 0 0 0 0 0 0
"78" 78 0.523316062176 239 194 39 17 7 3 1 0 0 0 0 0 0 0 0 0 0 0 0 0
"79" 79 0.413461538462 364 62 57 12 4 1 0 0 0 0 0 0 0 0 0 0 0 0 0 0
"80" 80 0.0406976744186 473 25 1 1 0 0 0 0 0 0 0 0 0 0 0 0 0 0 0 0
"81" 81 0.529801324503 303 112 49 29 7 0 0 0 0 0 0 0 0 0 0 0 0 0 0 0
"82" 82 0.46357615894 306 158 34 2 0 0 0 0 0 0 0 0 0 0 0 0 0 0 0 0
"83" 83 0.0199004975124 254 200 31 6 6 2 1 0 0 0 0 0 0 0 0 0 0 0 0 0
"84" 84 0.159574468085 301 57 44 29 23 17 14 8 6 1 0 0 0 0 0 0 0 0 0 0
"85" 85 0.746268656716 177 126 119 49 25 4 0 0 0 0 0 0 0 0 0 0 0 0 0 0
"86" 86 0.56976744186 309 98 58 32 2 1 0 0 0 0 0 0 0 0 0 0 0 0 0 0
"87" 87 0.365384615385 331 137 23 9 0 0 0 0 0 0 0 0 0 0 0 0 0 0 0 0
"88" 88 0.145695364238 302 120 31 28 16 1 1 1 0 0 0 0 0 0 0 0 0 0 0 0
"89" 89 0.0149253731343 500 0 0 0 0 0 0 0 0 0 0 0 0 0 0 0 0 0 0 0
"90" 90 0.505747126437 490 9 1 0 0 0 0 0 0 0 0 0 0 0 0 0 0 0 0 0
"91" 91 0.375 500 0 0 0 0 0 0 0 0 0 0 0 0 0 0 0 0 0 0 0
"92" 92 0.194092827004 443 29 28 0 0 0 0 0 0 0 0 0 0 0 0 0 0 0 0 0
"93" 93 0.0188679245283 327 139 18 13 2 1 0 0 0 0 0 0 0 0 0 0 0 0 0 0
"94" 94 0.0 428 46 26 0 0 0 0 0 0 0 0 0 0 0 0 0 0 0 0 0
"95" 95 0.0 396 89 15 0 0 0 0 0 0 0 0 0 0 0 0 0 0 0 0 0
"96" 96 0.0 473 13 8 3 2 1 0 0 0 0 0 0 0 0 0 0 0 0 0 0
"97" 97 0.0 461 28 5 2 2 1 1 0 0 0 0 0 0 0 0 0 0 0 0 0
"98" 98 0.0 416 84 0 0 0 0 0 0 0 0 0 0 0 0 0 0 0 0 0 0
"99" 99 0.0529801324503 492 6 2 0 0 0 0 0 0 0 0 0 0 0 0 0 0 0 0 0
"100" 100 0.0523255813953 270 176 18 12 11 6 3 2 2 0 0 0 0 0 0 0 0 0 0 0
"101" 101 0.410852713178 229 227 21 13 5 3 2 0 0 0 0 0 0 0 0 0 0 0 0 0
"102" 102 0.317880794702 426 61 10 2 1 0 0 0 0 0 0 0 0 0 0 0 0 0 0 0
"103" 103 0.467661691542 159 130 101 54 36 20 0 0 0 0 0 0 0 0 0 0 0 0 0 0
"104" 104 0.502392344498 500 0 0 0 0 0 0 0 0 0 0 0 0 0 0 0 0 0 0 0
"105" 105 0.384615384615 500 0 0 0 0 0 0 0 0 0 0 0 0 0 0 0 0 0 0 0
"106" 106 0.269230769231 500 0 0 0 0 0 0 0 0 0 0 0 0 0 0 0 0 0 0 0
"107" 107 0.121076233184 278 163 35 18 2 2 1 1 0 0 0 0 0 0 0 0 0 0 0 0
"108" 108 0.473214285714 261 173 64 1 1 0 0 0 0 0 0 0 0 0 0 0 0 0 0 0
"109" 109 0.46511627907 315 73 47 25 19 12 7 1 1 0 0 0 0 0 0 0 0 0 0 0
"110" 110 0.0 369 131 0 0 0 0 0 0 0 0 0 0 0 0 0 0 0 0 0 0
"111" 111 0.0 497 2 1 0 0 0 0 0 0 0 0 0 0 0 0 0 0 0 0 0
"112" 112 0.407960199005 248 131 104 6 5 4 1 1 0 0 0 0 0 0 0 0 0 0 0 0
"113" 113 0.165562913907 372 48 45 14 6 4 3 3 2 2 1 0 0 0 0 0 0 0 0 0
"114" 114 0.0 495 3 2 0 0 0 0 0 0 0 0 0 0 0 0 0 0 0 0 0
"115" 115 0.0845771144279 426 43 22 5 2 1 1 0 0 0 0 0 0 0 0 0 0 0 0 0
"116" 116 0.482587064677 219 182 86 7 3 3 0 0 0 0 0 0 0 0 0 0 0 0 0 0
"117" 117 0.201257861635 197 162 70 28 24 10 7 2 0 0 0 0 0 0 0 0 0 0 0 0
"118" 118 0.0298507462687 451 20 18 9 2 0 0 0 0 0 0 0 0 0 0 0 0 0 0 0
"119" 119 0.507462686567 362 87 27 23 1 0 0 0 0 0 0 0 0 0 0 0 0 0 0 0
"120" 120 0.784688995215 288 77 74 24 15 11 8 1 1 1 0 0 0 0 0 0 0 0 0 0
"121" 121 0.114832535885 270 95 72 20 17 12 8 4 1 1 0 0 0 0 0 0 0 0 0 0
"122" 122 0.269230769231 500 0 0 0 0 0 0 0 0 0 0 0 0 0 0 0 0 0 0 0
"123" 123 0.0229357798165 275 120 57 24 18 4 2 0 0 0 0 0 0 0 0 0 0 0 0 0
"124" 124 0.398009950249 307 154 17 17 3 2 0 0 0 0 0 0 0 0 0 0 0 0 0 0
"125" 125 0.310344827586 352 37 24 23 23 22 13 6 0 0 0 0 0 0 0 0 0 0 0 0
"126" 126 0.10447761194 272 135 27 20 19 11 7 4 2 1 1 1 0 0 0 0 0 0 0 0
"127" 127 0.125 500 0 0 0 0 0 0 0 0 0 0 0 0 0 0 0 0 0 0 0
"128" 128 0.162436548223 499 1 0 0 0 0 0 0 0 0 0 0 0 0 0 0 0 0 0 0
"129" 129 0.899371069182 326 87 81 3 3 0 0 0 0 0 0 0 0 0 0 0 0 0 0 0
"130" 130 0.290697674419 262 105 89 29 12 1 1 1 0 0 0 0 0 0 0 0 0 0 0 0
"131" 131 0.459119496855 221 197 63 16 2 1 0 0 0 0 0 0 0 0 0 0 0 0 0 0
"132" 132 0.3536121673 187 131 85 82 5 3 3 3 1 0 0 0 0 0 0 0 0 0 0 0
"133" 133 0.0 500 0 0 0 0 0 0 0 0 0 0 0 0 0 0 0 0 0 0 0
"134" 134 0.0077519379845 188 186 94 19 11 2 0 0 0 0 0 0 0 0 0 0 0 0 0 0
"135" 135 0.132450331126 378 52 35 15 7 6 6 1 0 0 0 0 0 0 0 0 0 0 0 0
"136" 136 0.00478468899522 499 1 0 0 0 0 0 0 0 0 0 0 0 0 0 0 0 0 0 0
"137" 137 0.322175732218 217 123 58 50 41 7 3 1 0 0 0 0 0 0 0 0 0 0 0 0
"138" 138 0.015503875969 449 48 3 0 0 0 0 0 0 0 0 0 0 0 0 0 0 0 0 0
"139" 139 0.125 476 24 0 0 0 0 0 0 0 0 0 0 0 0 0 0 0 0 0 0
"140" 140 0.782945736434 231 113 94 54 7 1 0 0 0 0 0 0 0 0 0 0 0 0 0 0
"141" 141 0.450777202073 357 124 12 2 2 1 1 1 0 0 0 0 0 0 0 0 0 0 0 0
"142" 142 0.182692307692 238 227 22 6 6 1 0 0 0 0 0 0 0 0 0 0 0 0 0 0
"143" 143 0.299578059072 351 139 7 2 1 0 0 0 0 0 0 0 0 0 0 0 0 0 0 0
"144" 144 0.343065693431 167 156 97 42 29 9 0 0 0 0 0 0 0 0 0 0 0 0 0 0
"145" 145 0.549668874172 353 58 39 33 7 6 2 2 0 0 0 0 0 0 0 0 0 0 0 0
"146" 146 0.109452736318 391 82 10 9 3 3 1 1 0 0 0 0 0 0 0 0 0 0 0 0
"147" 147 0.284974093264 490 9 1 0 0 0 0 0 0 0 0 0 0 0 0 0 0 0 0 0
"148" 148 0.361607142857 452 42 3 3 0 0 0 0 0 0 0 0 0 0 0 0 0 0 0 0
"149" 149 0.612440191388 384 69 18 14 11 2 2 0 0 0 0 0 0 0 0 0 0 0 0 0
"150" 150 0.09375 496 3 1 0 0 0 0 0 0 0 0 0 0 0 0 0 0 0 0 0
"151" 151 0.203980099502 310 121 57 8 4 0 0 0 0 0 0 0 0 0 0 0 0 0 0 0
"152" 152 0.494186046512 280 103 51 32 16 7 6 4 1 0 0 0 0 0 0 0 0 0 0 0
"153" 153 0.189054726368 374 64 32 16 13 1 0 0 0 0 0 0 0 0 0 0 0 0 0 0
"154" 154 0.00632911392405 261 186 47 5 1 0 0 0 0 0 0 0 0 0 0 0 0 0 0 0
"155" 155 0.255474452555 288 81 73 58 0 0 0 0 0 0 0 0 0 0 0 0 0 0 0 0
"156" 156 0.341085271318 308 117 25 21 15 7 6 1 0 0 0 0 0 0 0 0 0 0 0 0
"157" 157 0.0199004975124 487 11 2 0 0 0 0 0 0 0 0 0 0 0 0 0 0 0 0 0
"158" 158 0.00961538461538 500 0 0 0 0 0 0 0 0 0 0 0 0 0 0 0 0 0 0 0
"159" 159 0.291139240506 308 98 93 1 0 0 0 0 0 0 0 0 0 0 0 0 0 0 0 0
"160" 160 0.343065693431 232 120 54 35 25 13 12 7 1 1 0 0 0 0 0 0 0 0 0 0
"161" 161 0.0 281 204 15 0 0 0 0 0 0 0 0 0 0 0 0 0 0 0 0 0
"162" 162 0.0 500 0 0 0 0 0 0 0 0 0 0 0 0 0 0 0 0 0 0 0
"163" 163 0.348214285714 247 145 87 12 4 3 2 0 0 0 0 0 0 0 0 0 0 0 0 0
"164" 164 0.18023255814 209 106 64 48 26 16 9 9 9 3 1 0 0 0 0 0 0 0 0 0
"165" 165 0.0852713178295 498 2 0 0 0 0 0 0 0 0 0 0 0 0 0 0 0 0 0 0
"166" 166 0.403846153846 495 4 1 0 0 0 0 0 0 0 0 0 0 0 0 0 0 0 0 0
"167" 167 0.776371308017 256 65 60 59 41 17 1 1 0 0 0 0 0 0 0 0 0 0 0 0
"168" 168 0.577114427861 246 162 65 14 7 5 1 0 0 0 0 0 0 0 0 0 0 0 0 0
