"site" "RSA" "aa1" "aa2" "aa3" "aa4" "aa5" "aa6" "aa7" "aa8" "aa9" "aa10" "aa11" "aa12" "aa13" "aa14" "aa15" "aa16" "aa17" "aa18" "aa19" "aa20"
"0" 0 1.17054263566 500 0 0 0 0 0 0 0 0 0 0 0 0 0 0 0 0 0 0 0
"1" 1 0.273722627737 320 120 59 1 0 0 0 0 0 0 0 0 0 0 0 0 0 0 0 0
"2" 2 0.395348837209 227 226 14 13 9 7 2 2 0 0 0 0 0 0 0 0 0 0 0 0
"3" 3 0.0794979079498 273 172 30 19 4 2 0 0 0 0 0 0 0 0 0 0 0 0 0 0
"4" 4 0.0 235 145 92 28 0 0 0 0 0 0 0 0 0 0 0 0 0 0 0 0
"5" 5 0.0 476 16 3 2 1 1 1 0 0 0 0 0 0 0 0 0 0 0 0 0
"6" 6 0.0 408 60 22 9 1 0 0 0 0 0 0 0 0 0 0 0 0 0 0 0
"7" 7 0.0 353 117 25 2 2 1 0 0 0 0 0 0 0 0 0 0 0 0 0 0
"8" 8 0.0205128205128 479 14 7 0 0 0 0 0 0 0 0 0 0 0 0 0 0 0 0 0
"9" 9 0.00418410041841 257 186 30 12 11 4 0 0 0 0 0 0 0 0 0 0 0 0 0 0
"10" 10 0.253164556962 500 0 0 0 0 0 0 0 0 0 0 0 0 0 0 0 0 0 0 0
"11" 11 0.805970149254 240 174 51 25 9 1 0 0 0 0 0 0 0 0 0 0 0 0 0 0
"12" 12 0.389743589744 333 154 5 4 3 1 0 0 0 0 0 0 0 0 0 0 0 0 0 0
"13" 13 0.317307692308 500 0 0 0 0 0 0 0 0 0 0 0 0 0 0 0 0 0 0 0
"14" 14 0.264900662252 500 0 0 0 0 0 0 0 0 0 0 0 0 0 0 0 0 0 0 0
"15" 15 0.540084388186 382 61 16 16 15 9 1 0 0 0 0 0 0 0 0 0 0 0 0 0
"16" 16 0.708520179372 219 202 31 19 16 11 1 1 0 0 0 0 0 0 0 0 0 0 0 0
"17" 17 0.218543046358 261 122 60 30 25 2 0 0 0 0 0 0 0 0 0 0 0 0 0 0
"18" 18 0.0 235 215 44 5 1 0 0 0 0 0 0 0 0 0 0 0 0 0 0 0
"19" 19 0.379746835443 223 123 118 17 13 4 2 0 0 0 0 0 0 0 0 0 0 0 0 0
"20" 20 0.491071428571 170 86 83 48 44 37 31 1 0 0 0 0 0 0 0 0 0 0 0 0
"21" 21 0.0304568527919 198 183 106 5 2 2 2 2 0 0 0 0 0 0 0 0 0 0 0 0
"22" 22 0.0 224 187 36 24 10 9 8 1 1 0 0 0 0 0 0 0 0 0 0 0
"23" 23 0.285714285714 168 130 117 74 4 2 2 2 1 0 0 0 0 0 0 0 0 0 0 0
"24" 24 0.222627737226 324 91 46 15 13 5 2 2 2 0 0 0 0 0 0 0 0 0 0 0
"25" 25 0.0149253731343 331 106 41 18 4 0 0 0 0 0 0 0 0 0 0 0 0 0 0 0
"26" 26 0.138461538462 500 0 0 0 0 0 0 0 0 0 0 0 0 0 0 0 0 0 0 0
"27" 27 0.645348837209 200 176 120 2 2 0 0 0 0 0 0 0 0 0 0 0 0 0 0 0
"28" 28 0.124031007752 494 4 1 1 0 0 0 0 0 0 0 0 0 0 0 0 0 0 0 0
"29" 29 0.682119205298 500 0 0 0 0 0 0 0 0 0 0 0 0 0 0 0 0 0 0 0
"30" 30 0.0862944162437 353 124 7 6 5 2 1 1 1 0 0 0 0 0 0 0 0 0 0 0
"31" 31 0.125786163522 415 55 24 6 0 0 0 0 0 0 0 0 0 0 0 0 0 0 0 0
"32" 32 0.65625 498 2 0 0 0 0 0 0 0 0 0 0 0 0 0 0 0 0 0 0
"33" 33 0.553846153846 500 0 0 0 0 0 0 0 0 0 0 0 0 0 0 0 0 0 0 0
"34" 34 0.0459770114943 354 129 8 8 1 0 0 0 0 0 0 0 0 0 0 0 0 0 0 0
"35" 35 0.241071428571 228 116 48 45 16 16 15 6 6 2 1 1 0 0 0 0 0 0 0 0
"36" 36 0.0 232 165 37 26 17 10 8 3 2 0 0 0 0 0 0 0 0 0 0 0
"37" 37 0.0 370 93 24 7 4 1 1 0 0 0 0 0 0 0 0 0 0 0 0 0
"38" 38 0.0 241 90 68 53 18 11 9 5 3 1 1 0 0 0 0 0 0 0 0 0
"39" 39 0.0 486 12 2 0 0 0 0 0 0 0 0 0 0 0 0 0 0 0 0 0
"40" 40 0.0 444 50 3 2 1 0 0 0 0 0 0 0 0 0 0 0 0 0 0 0
"41" 41 0.106918238994 191 109 74 67 35 21 3 0 0 0 0 0 0 0 0 0 0 0 0 0
"42" 42 0.356589147287 323 108 29 27 9 2 2 0 0 0 0 0 0 0 0 0 0 0 0 0
"43" 43 0.697674418605 289 72 68 32 21 15 3 0 0 0 0 0 0 0 0 0 0 0 0 0
"44" 44 0.186311787072 468 31 1 0 0 0 0 0 0 0 0 0 0 0 0 0 0 0 0 0
"45" 45 0.0547263681592 422 45 16 13 3 1 0 0 0 0 0 0 0 0 0 0 0 0 0 0
"46" 46 0.528497409326 291 191 16 1 1 0 0 0 0 0 0 0 0 0 0 0 0 0 0 0
"47" 47 0.216730038023 376 65 30 22 5 1 1 0 0 0 0 0 0 0 0 0 0 0 0 0
"48" 48 0.0 235 164 78 13 5 4 1 0 0 0 0 0 0 0 0 0 0 0 0 0
"49" 49 0.247126436782 444 56 0 0 0 0 0 0 0 0 0 0 0 0 0 0 0 0 0 0
"50" 50 0.53642384106 259 155 86 0 0 0 0 0 0 0 0 0 0 0 0 0 0 0 0 0
"51" 51 0.0796019900498 260 117 68 46 6 3 0 0 0 0 0 0 0 0 0 0 0 0 0 0
"52" 52 0.155172413793 292 130 32 25 10 4 4 2 1 0 0 0 0 0 0 0 0 0 0 0
"53" 53 0.53164556962 375 109 16 0 0 0 0 0 0 0 0 0 0 0 0 0 0 0 0 0
"54" 54 0.189873417722 468 25 5 1 1 0 0 0 0 0 0 0 0 0 0 0 0 0 0 0
"55" 55 0.77358490566 500 0 0 0 0 0 0 0 0 0 0 0 0 0 0 0 0 0 0 0
"56" 56 0.152466367713 457 32 8 2 1 0 0 0 0 0 0 0 0 0 0 0 0 0 0 0
"57" 57 0.0632183908046 245 93 92 55 7 5 2 1 0 0 0 0 0 0 0 0 0 0 0 0
"58" 58 0.186046511628 324 73 53 26 16 7 1 0 0 0 0 0 0 0 0 0 0 0 0 0
"59" 59 0.0287356321839 477 12 7 2 1 1 0 0 0 0 0 0 0 0 0 0 0 0 0 0
"60" 60 0.0 500 0 0 0 0 0 0 0 0 0 0 0 0 0 0 0 0 0 0 0
"61" 61 0.015503875969 480 17 3 0 0 0 0 0 0 0 0 0 0 0 0 0 0 0 0 0
"62" 62 0.206278026906 240 129 76 27 14 8 6 0 0 0 0 0 0 0 0 0 0 0 0 0
"63" 63 0.0666666666667 336 116 21 13 8 5 1 0 0 0 0 0 0 0 0 0 0 0 0 0
"64" 64 0.015503875969 500 0 0 0 0 0 0 0 0 0 0 0 0 0 0 0 0 0 0 0
"65" 65 0.197718631179 492 5 3 0 0 0 0 0 0 0 0 0 0 0 0 0 0 0 0 0
"66" 66 0.134328358209 434 22 17 14 6 4 3 0 0 0 0 0 0 0 0 0 0 0 0 0
"67" 67 0.459915611814 426 28 21 21 4 0 0 0 0 0 0 0 0 0 0 0 0 0 0 0
"68" 68 0.147286821705 310 95 44 23 18 6 2 1 1 0 0 0 0 0 0 0 0 0 0 0
"69" 69 0.596026490066 206 162 127 5 0 0 0 0 0 0 0 0 0 0 0 0 0 0 0 0
"70" 70 0.605769230769 500 0 0 0 0 0 0 0 0 0 0 0 0 0 0 0 0 0 0 0
"71" 71 0.736434108527 500 0 0 0 0 0 0 0 0 0 0 0 0 0 0 0 0 0 0 0
"72" 72 0.322175732218 482 18 0 0 0 0 0 0 0 0 0 0 0 0 0 0 0 0 0 0
"73" 73 0.895348837209 500 0 0 0 0 0 0 0 0 0 0 0 0 0 0 0 0 0 0 0
"74" 74 0.673076923077 500 0 0 0 0 0 0 0 0 0 0 0 0 0 0 0 0 0 0 0
"75" 75 0.330357142857 328 114 28 13 5 5 3 2 1 1 0 0 0 0 0 0 0 0 0 0
"76" 76 0.297435897436 414 41 32 6 4 2 1 0 0 0 0 0 0 0 0 0 0 0 0 0
"77" 77 0.0529801324503 442 36 22 0 0 0 0 0 0 0 0 0 0 0 0 0 0 0 0 0
"78" 78 0.0 299 144 55 1 1 0 0 0 0 0 0 0 0 0 0 0 0 0 0 0
"79" 79 0.331606217617 171 108 104 60 34 16 5 1 1 0 0 0 0 0 0 0 0 0 0 0
"80" 80 0.511210762332 200 170 81 33 16 0 0 0 0 0 0 0 0 0 0 0 0 0 0 0
"81" 81 0.0152284263959 274 199 17 8 1 1 0 0 0 0 0 0 0 0 0 0 0 0 0 0
"82" 82 0.405063291139 292 114 91 1 1 1 0 0 0 0 0 0 0 0 0 0 0 0 0 0
"83" 83 0.689119170984 231 130 81 36 21 1 0 0 0 0 0 0 0 0 0 0 0 0 0 0
"84" 84 0.195402298851 490 3 3 2 1 1 0 0 0 0 0 0 0 0 0 0 0 0 0 0
"85" 85 0.211538461538 500 0 0 0 0 0 0 0 0 0 0 0 0 0 0 0 0 0 0 0
"86" 86 0.0077519379845 377 62 60 1 0 0 0 0 0 0 0 0 0 0 0 0 0 0 0 0
"87" 87 0.455696202532 229 127 82 51 9 2 0 0 0 0 0 0 0 0 0 0 0 0 0 0
"88" 88 0.0780141843972 231 131 78 55 2 1 1 1 0 0 0 0 0 0 0 0 0 0 0 0
"89" 89 0.00574712643678 272 214 12 1 1 0 0 0 0 0 0 0 0 0 0 0 0 0 0 0
"90" 90 0.010152284264 235 228 22 8 3 2 1 1 0 0 0 0 0 0 0 0 0 0 0 0
"91" 91 0.00995024875622 241 156 101 1 1 0 0 0 0 0 0 0 0 0 0 0 0 0 0 0
"92" 92 0.0 500 0 0 0 0 0 0 0 0 0 0 0 0 0 0 0 0 0 0 0
"93" 93 0.0526315789474 498 2 0 0 0 0 0 0 0 0 0 0 0 0 0 0 0 0 0 0
"94" 94 0.158940397351 297 64 56 25 24 9 9 8 4 3 1 0 0 0 0 0 0 0 0 0
"95" 95 0.303571428571 313 114 42 27 4 0 0 0 0 0 0 0 0 0 0 0 0 0 0 0
"96" 96 0.21897810219 253 216 29 1 1 0 0 0 0 0 0 0 0 0 0 0 0 0 0 0
"97" 97 0.14598540146 491 9 0 0 0 0 0 0 0 0 0 0 0 0 0 0 0 0 0 0
"98" 98 0.470198675497 402 85 6 4 3 0 0 0 0 0 0 0 0 0 0 0 0 0 0 0
"99" 99 0.642585551331 407 74 13 6 0 0 0 0 0 0 0 0 0 0 0 0 0 0 0 0
"100" 100 0.485355648536 296 106 65 14 10 5 4 0 0 0 0 0 0 0 0 0 0 0 0 0
"101" 101 0.736842105263 500 0 0 0 0 0 0 0 0 0 0 0 0 0 0 0 0 0 0 0
"102" 102 0.0625 251 191 30 14 10 2 1 1 0 0 0 0 0 0 0 0 0 0 0 0
"103" 103 0.476683937824 500 0 0 0 0 0 0 0 0 0 0 0 0 0 0 0 0 0 0 0
"104" 104 0.165803108808 353 93 16 13 9 7 6 2 1 0 0 0 0 0 0 0 0 0 0 0
"105" 105 0.409282700422 380 56 22 19 17 4 1 1 0 0 0 0 0 0 0 0 0 0 0 0
"106" 106 0.217573221757 496 2 1 1 0 0 0 0 0 0 0 0 0 0 0 0 0 0 0 0
"107" 107 0.00507614213198 237 200 42 17 4 0 0 0 0 0 0 0 0 0 0 0 0 0 0 0
"108" 108 0.0 486 13 1 0 0 0 0 0 0 0 0 0 0 0 0 0 0 0 0 0
"109" 109 0.243523316062 379 37 27 23 17 11 5 1 0 0 0 0 0 0 0 0 0 0 0 0
"110" 110 0.0126582278481 168 151 97 38 21 12 4 4 2 1 1 1 0 0 0 0 0 0 0 0
"111" 111 0.0 445 50 4 1 0 0 0 0 0 0 0 0 0 0 0 0 0 0 0 0
"112" 112 0.476793248945 456 35 8 1 0 0 0 0 0 0 0 0 0 0 0 0 0 0 0 0
"113" 113 0.205020920502 495 4 1 0 0 0 0 0 0 0 0 0 0 0 0 0 0 0 0 0
"114" 114 0.0232558139535 256 190 38 9 5 2 0 0 0 0 0 0 0 0 0 0 0 0 0 0
"115" 115 0.203980099502 457 31 10 2 0 0 0 0 0 0 0 0 0 0 0 0 0 0 0 0
"116" 116 0.538461538462 496 4 0 0 0 0 0 0 0 0 0 0 0 0 0 0 0 0 0 0
"117" 117 0.255605381166 201 121 114 52 3 3 2 2 1 1 0 0 0 0 0 0 0 0 0 0
"118" 118 0.615384615385 500 0 0 0 0 0 0 0 0 0 0 0 0 0 0 0 0 0 0 0
"119" 119 0.0172413793103 273 213 11 1 1 1 0 0 0 0 0 0 0 0 0 0 0 0 0 0
"120" 120 0.0769230769231 192 121 67 62 17 16 13 6 4 1 1 0 0 0 0 0 0 0 0 0
"121" 121 0.0 497 2 1 0 0 0 0 0 0 0 0 0 0 0 0 0 0 0 0 0
"122" 122 0.0 170 131 116 64 16 1 1 1 0 0 0 0 0 0 0 0 0 0 0 0
"123" 123 0.00497512437811 426 56 10 4 2 1 1 0 0 0 0 0 0 0 0 0 0 0 0 0
"124" 124 0.0 289 130 41 39 1 0 0 0 0 0 0 0 0 0 0 0 0 0 0 0
"125" 125 0.010152284264 410 75 8 4 2 1 0 0 0 0 0 0 0 0 0 0 0 0 0 0
"126" 126 0.0961538461538 500 0 0 0 0 0 0 0 0 0 0 0 0 0 0 0 0 0 0 0
"127" 127 0.00446428571429 491 9 0 0 0 0 0 0 0 0 0 0 0 0 0 0 0 0 0 0
"128" 128 0.209302325581 427 38 29 4 1 1 0 0 0 0 0 0 0 0 0 0 0 0 0 0
"129" 129 0.18407960199 323 73 48 35 7 6 4 2 2 0 0 0 0 0 0 0 0 0 0 0
"130" 130 0.571428571429 187 163 77 69 3 1 0 0 0 0 0 0 0 0 0 0 0 0 0 0
"131" 131 0.285714285714 385 68 29 5 5 4 3 1 0 0 0 0 0 0 0 0 0 0 0 0
"132" 132 0.26582278481 242 133 125 0 0 0 0 0 0 0 0 0 0 0 0 0 0 0 0 0
"133" 133 0.679324894515 325 74 48 23 12 11 6 1 0 0 0 0 0 0 0 0 0 0 0 0
"134" 134 0.511627906977 213 204 38 33 7 3 2 0 0 0 0 0 0 0 0 0 0 0 0 0
"135" 135 0.5 500 0 0 0 0 0 0 0 0 0 0 0 0 0 0 0 0 0 0 0
"136" 136 0.438818565401 203 159 132 5 1 0 0 0 0 0 0 0 0 0 0 0 0 0 0 0
"137" 137 0.145348837209 490 5 3 1 1 0 0 0 0 0 0 0 0 0 0 0 0 0 0 0
"138" 138 0.353233830846 251 123 80 37 5 3 1 0 0 0 0 0 0 0 0 0 0 0 0 0
"139" 139 0.440414507772 228 207 26 20 19 0 0 0 0 0 0 0 0 0 0 0 0 0 0 0
"140" 140 0.0344827586207 414 25 21 17 10 4 3 2 2 1 1 0 0 0 0 0 0 0 0 0
"141" 141 0.0229885057471 495 3 1 1 0 0 0 0 0 0 0 0 0 0 0 0 0 0 0 0
"142" 142 0.348214285714 378 106 4 3 3 3 1 1 1 0 0 0 0 0 0 0 0 0 0 0
"143" 143 0.408759124088 266 169 50 9 4 2 0 0 0 0 0 0 0 0 0 0 0 0 0 0
"144" 144 0.0403587443946 458 16 10 8 3 3 2 0 0 0 0 0 0 0 0 0 0 0 0 0
"145" 145 0.0 393 92 8 3 2 2 0 0 0 0 0 0 0 0 0 0 0 0 0 0
"146" 146 0.205128205128 246 91 66 56 18 10 10 3 0 0 0 0 0 0 0 0 0 0 0 0
"147" 147 0.15503875969 344 89 42 9 6 5 4 1 0 0 0 0 0 0 0 0 0 0 0 0
"148" 148 0.0172413793103 189 120 100 53 29 9 0 0 0 0 0 0 0 0 0 0 0 0 0 0
"149" 149 0.119402985075 198 167 111 12 9 1 1 1 0 0 0 0 0 0 0 0 0 0 0 0
"150" 150 0.602678571429 164 89 82 75 68 9 9 2 2 0 0 0 0 0 0 0 0 0 0 0
"151" 151 0.321428571429 429 21 20 17 7 3 3 0 0 0 0 0 0 0 0 0 0 0 0 0
"152" 152 0.0574712643678 457 31 12 0 0 0 0 0 0 0 0 0 0 0 0 0 0 0 0 0
"153" 153 0.831223628692 443 55 2 0 0 0 0 0 0 0 0 0 0 0 0 0 0 0 0 0
"154" 154 0.538860103627 247 122 110 18 2 1 0 0 0 0 0 0 0 0 0 0 0 0 0 0
"155" 155 0.0425531914894 415 82 2 1 0 0 0 0 0 0 0 0 0 0 0 0 0 0 0 0
"156" 156 0.575581395349 150 130 73 55 39 36 10 5 2 0 0 0 0 0 0 0 0 0 0 0
"157" 157 0.523076923077 288 95 61 39 8 6 3 0 0 0 0 0 0 0 0 0 0 0 0 0
"158" 158 0.0172413793103 368 81 30 9 6 4 2 0 0 0 0 0 0 0 0 0 0 0 0 0
"159" 159 0.0 275 156 69 0 0 0 0 0 0 0 0 0 0 0 0 0 0 0 0 0
"160" 160 0.0 399 86 9 4 1 1 0 0 0 0 0 0 0 0 0 0 0 0 0 0
"161" 161 0.0 421 70 9 0 0 0 0 0 0 0 0 0 0 0 0 0 0 0 0 0
"162" 162 0.00760456273764 500 0 0 0 0 0 0 0 0 0 0 0 0 0 0 0 0 0 0 0
"163" 163 0.0669642857143 485 13 2 0 0 0 0 0 0 0 0 0 0 0 0 0 0 0 0 0
"164" 164 0.0062893081761 371 85 44 0 0 0 0 0 0 0 0 0 0 0 0 0 0 0 0 0
"165" 165 0.241379310345 159 134 100 63 21 11 4 2 2 2 1 1 0 0 0 0 0 0 0 0
"166" 166 0.031914893617 500 0 0 0 0 0 0 0 0 0 0 0 0 0 0 0 0 0 0 0
"167" 167 0.131782945736 500 0 0 0 0 0 0 0 0 0 0 0 0 0 0 0 0 0 0 0
"168" 168 0.46192893401 351 149 0 0 0 0 0 0 0 0 0 0 0 0 0 0 0 0 0 0
"169" 169 0.865384615385 500 0 0 0 0 0 0 0 0 0 0 0 0 0 0 0 0 0 0 0
"170" 170 0.302325581395 365 67 37 15 10 5 1 0 0 0 0 0 0 0 0 0 0 0 0 0
"171" 171 0.75 500 0 0 0 0 0 0 0 0 0 0 0 0 0 0 0 0 0 0 0
"172" 172 0.442786069652 324 126 43 5 1 1 0 0 0 0 0 0 0 0 0 0 0 0 0 0
"173" 173 0.627906976744 480 11 9 0 0 0 0 0 0 0 0 0 0 0 0 0 0 0 0 0
"174" 174 0.193798449612 492 7 1 0 0 0 0 0 0 0 0 0 0 0 0 0 0 0 0 0
"175" 175 0.296511627907 474 26 0 0 0 0 0 0 0 0 0 0 0 0 0 0 0 0 0 0
"176" 176 0.100628930818 236 196 35 16 14 3 0 0 0 0 0 0 0 0 0 0 0 0 0 0
"177" 177 0.517857142857 476 17 7 0 0 0 0 0 0 0 0 0 0 0 0 0 0 0 0 0
"178" 178 0.243523316062 500 0 0 0 0 0 0 0 0 0 0 0 0 0 0 0 0 0 0 0
"179" 179 0.0077519379845 376 107 14 1 1 1 0 0 0 0 0 0 0 0 0 0 0 0 0 0
"180" 180 0.192825112108 455 26 14 3 1 1 0 0 0 0 0 0 0 0 0 0 0 0 0 0
"181" 181 0.502590673575 338 84 42 14 14 5 3 0 0 0 0 0 0 0 0 0 0 0 0 0
"182" 182 0.0659898477157 412 70 16 1 1 0 0 0 0 0 0 0 0 0 0 0 0 0 0 0
"183" 183 0.0 500 0 0 0 0 0 0 0 0 0 0 0 0 0 0 0 0 0 0 0
"184" 184 0.271317829457 452 42 2 1 1 1 1 0 0 0 0 0 0 0 0 0 0 0 0 0
"185" 185 0.291390728477 234 104 90 33 33 5 1 0 0 0 0 0 0 0 0 0 0 0 0 0
"186" 186 0.00507614213198 254 182 43 15 4 1 1 0 0 0 0 0 0 0 0 0 0 0 0 0
"187" 187 0.0693430656934 384 80 23 6 6 1 0 0 0 0 0 0 0 0 0 0 0 0 0 0
"188" 188 0.675105485232 329 60 53 46 4 3 2 2 1 0 0 0 0 0 0 0 0 0 0 0
"189" 189 0.117154811715 490 3 2 2 2 1 0 0 0 0 0 0 0 0 0 0 0 0 0 0
"190" 190 0.0 208 107 89 74 8 6 3 2 2 1 0 0 0 0 0 0 0 0 0 0
"191" 191 0.232558139535 472 21 7 0 0 0 0 0 0 0 0 0 0 0 0 0 0 0 0 0
"192" 192 0.549668874172 390 45 36 15 10 3 1 0 0 0 0 0 0 0 0 0 0 0 0 0
"193" 193 0.46835443038 307 158 14 11 7 1 1 1 0 0 0 0 0 0 0 0 0 0 0 0
"194" 194 0.208955223881 255 153 48 37 5 1 1 0 0 0 0 0 0 0 0 0 0 0 0 0
"195" 195 0.278846153846 500 0 0 0 0 0 0 0 0 0 0 0 0 0 0 0 0 0 0 0
"196" 196 0.60621761658 392 54 33 19 2 0 0 0 0 0 0 0 0 0 0 0 0 0 0 0
"197" 197 0.535864978903 285 156 23 16 10 5 3 2 0 0 0 0 0 0 0 0 0 0 0 0
"198" 198 0.31007751938 171 147 96 45 38 2 1 0 0 0 0 0 0 0 0 0 0 0 0 0
"199" 199 0.0077519379845 485 15 0 0 0 0 0 0 0 0 0 0 0 0 0 0 0 0 0 0
"200" 200 0.225165562914 416 33 28 22 1 0 0 0 0 0 0 0 0 0 0 0 0 0 0 0
"201" 201 0.540178571429 170 130 114 59 24 2 1 0 0 0 0 0 0 0 0 0 0 0 0 0
"202" 202 0.0398009950249 153 145 142 29 19 4 4 2 1 1 0 0 0 0 0 0 0 0 0 0
"203" 203 0.105839416058 445 40 13 2 0 0 0 0 0 0 0 0 0 0 0 0 0 0 0 0
"204" 204 0.0 202 115 104 73 4 2 0 0 0 0 0 0 0 0 0 0 0 0 0 0
"205" 205 0.0 493 4 2 1 0 0 0 0 0 0 0 0 0 0 0 0 0 0 0 0
"206" 206 0.0342205323194 385 96 10 7 1 1 0 0 0 0 0 0 0 0 0 0 0 0 0 0
"207" 207 0.125 500 0 0 0 0 0 0 0 0 0 0 0 0 0 0 0 0 0 0 0
"208" 208 0.0865384615385 344 156 0 0 0 0 0 0 0 0 0 0 0 0 0 0 0 0 0 0
"209" 209 0.549668874172 500 0 0 0 0 0 0 0 0 0 0 0 0 0 0 0 0 0 0 0
"210" 210 0.046511627907 328 107 57 5 2 1 0 0 0 0 0 0 0 0 0 0 0 0 0 0
"211" 211 0.241025641026 440 36 23 1 0 0 0 0 0 0 0 0 0 0 0 0 0 0 0 0
"212" 212 0.201923076923 429 26 24 14 6 1 0 0 0 0 0 0 0 0 0 0 0 0 0 0
"213" 213 0.708609271523 445 35 13 3 3 1 0 0 0 0 0 0 0 0 0 0 0 0 0 0
"214" 214 0.2 162 124 118 34 14 12 12 11 11 2 0 0 0 0 0 0 0 0 0 0
"215" 215 0.0077519379845 498 2 0 0 0 0 0 0 0 0 0 0 0 0 0 0 0 0 0 0
"216" 216 0.379310344828 482 17 1 0 0 0 0 0 0 0 0 0 0 0 0 0 0 0 0 0
"217" 217 0.354651162791 179 164 103 40 10 4 0 0 0 0 0 0 0 0 0 0 0 0 0 0
"218" 218 0.0167364016736 295 152 18 16 11 3 3 1 1 0 0 0 0 0 0 0 0 0 0 0
"219" 219 0.345991561181 482 17 1 0 0 0 0 0 0 0 0 0 0 0 0 0 0 0 0 0
"220" 220 0.699481865285 483 13 4 0 0 0 0 0 0 0 0 0 0 0 0 0 0 0 0 0
"221" 221 0.160337552743 464 29 5 1 1 0 0 0 0 0 0 0 0 0 0 0 0 0 0 0
"222" 222 0.573643410853 459 21 7 6 4 3 0 0 0 0 0 0 0 0 0 0 0 0 0 0
"223" 223 0.145077720207 457 30 11 1 1 0 0 0 0 0 0 0 0 0 0 0 0 0 0 0
"224" 224 0.00574712643678 499 1 0 0 0 0 0 0 0 0 0 0 0 0 0 0 0 0 0 0
"225" 225 0.0414507772021 436 64 0 0 0 0 0 0 0 0 0 0 0 0 0 0 0 0 0 0
"226" 226 0.0 500 0 0 0 0 0 0 0 0 0 0 0 0 0 0 0 0 0 0 0
"227" 227 0.0 280 161 34 23 1 1 0 0 0 0 0 0 0 0 0 0 0 0 0 0
"228" 228 0.0398009950249 376 111 8 3 1 1 0 0 0 0 0 0 0 0 0 0 0 0 0 0
"229" 229 0.0114942528736 469 16 14 1 0 0 0 0 0 0 0 0 0 0 0 0 0 0 0 0
"230" 230 0.173076923077 500 0 0 0 0 0 0 0 0 0 0 0 0 0 0 0 0 0 0 0
"231" 231 0.5 255 212 32 1 0 0 0 0 0 0 0 0 0 0 0 0 0 0 0 0
"232" 232 0.0697674418605 500 0 0 0 0 0 0 0 0 0 0 0 0 0 0 0 0 0 0 0
"233" 233 0.0 500 0 0 0 0 0 0 0 0 0 0 0 0 0 0 0 0 0 0 0
"234" 234 0.243781094527 261 96 73 59 7 2 1 1 0 0 0 0 0 0 0 0 0 0 0 0
"235" 235 0.434599156118 249 199 32 19 1 0 0 0 0 0 0 0 0 0 0 0 0 0 0 0
"236" 236 0.48427672956 322 55 36 32 19 12 11 8 3 2 0 0 0 0 0 0 0 0 0 0
"237" 237 0.191964285714 336 71 59 32 2 0 0 0 0 0 0 0 0 0 0 0 0 0 0 0
"238" 238 0.0167364016736 477 11 6 4 2 0 0 0 0 0 0 0 0 0 0 0 0 0 0 0
"239" 239 0.149425287356 147 140 68 58 30 26 17 10 2 2 0 0 0 0 0 0 0 0 0 0
"240" 240 0.492227979275 429 40 25 4 1 1 0 0 0 0 0 0 0 0 0 0 0 0 0 0
"241" 241 0.0 496 2 1 1 0 0 0 0 0 0 0 0 0 0 0 0 0 0 0 0
"242" 242 0.00507614213198 225 141 50 32 30 8 6 3 2 2 1 0 0 0 0 0 0 0 0 0
"243" 243 0.235897435897 476 17 7 0 0 0 0 0 0 0 0 0 0 0 0 0 0 0 0 0
"244" 244 0.0927152317881 270 230 0 0 0 0 0 0 0 0 0 0 0 0 0 0 0 0 0 0
"245" 245 0.273722627737 370 45 30 17 12 11 9 4 1 1 0 0 0 0 0 0 0 0 0 0
"246" 246 0.907692307692 339 160 1 0 0 0 0 0 0 0 0 0 0 0 0 0 0 0 0 0
