"site" "RSA" "aa1" "aa2" "aa3" "aa4" "aa5" "aa6" "aa7" "aa8" "aa9" "aa10" "aa11" "aa12" "aa13" "aa14" "aa15" "aa16" "aa17" "aa18" "aa19" "aa20"
"0" 0 0.652849740933 143 111 72 55 51 27 21 12 5 2 1 0 0 0 0 0 0 0 0 0
"1" 1 0.28102189781 211 159 60 38 15 14 1 1 1 0 0 0 0 0 0 0 0 0 0 0
"2" 2 0.450892857143 254 200 37 7 1 1 0 0 0 0 0 0 0 0 0 0 0 0 0 0
"3" 3 0.487046632124 202 77 72 40 39 25 17 14 10 2 1 1 0 0 0 0 0 0 0 0
"4" 4 0.0348258706468 273 165 26 16 14 4 2 0 0 0 0 0 0 0 0 0 0 0 0 0
"5" 5 0.051724137931 238 191 49 10 6 2 1 1 1 1 0 0 0 0 0 0 0 0 0 0
"6" 6 0.562737642586 214 126 80 57 11 6 3 1 1 1 0 0 0 0 0 0 0 0 0 0
"7" 7 0.385650224215 146 145 73 72 30 21 5 4 3 1 0 0 0 0 0 0 0 0 0 0
"8" 8 0.0 433 38 14 12 1 1 1 0 0 0 0 0 0 0 0 0 0 0 0 0
"9" 9 0.316455696203 203 151 61 57 11 10 4 3 0 0 0 0 0 0 0 0 0 0 0 0
"10" 10 0.44776119403 192 187 37 36 16 13 8 5 4 2 0 0 0 0 0 0 0 0 0 0
"11" 11 0.062015503876 433 33 26 3 2 1 1 1 0 0 0 0 0 0 0 0 0 0 0 0
"12" 12 0.258928571429 121 85 52 43 32 31 30 29 27 21 18 4 4 2 1 0 0 0 0 0
"13" 13 0.690582959641 252 144 46 13 12 9 8 6 5 3 2 0 0 0 0 0 0 0 0 0
"14" 14 0.503875968992 212 99 92 36 28 22 4 3 3 1 0 0 0 0 0 0 0 0 0 0
"15" 15 0.620535714286 243 164 46 21 11 11 3 1 0 0 0 0 0 0 0 0 0 0 0 0
"16" 16 0.507299270073 190 106 54 51 36 26 14 10 8 5 0 0 0 0 0 0 0 0 0 0
"17" 17 0.201520912548 210 148 114 12 9 3 2 1 1 0 0 0 0 0 0 0 0 0 0 0
"18" 18 0.487046632124 218 113 45 38 26 18 17 12 4 3 3 3 0 0 0 0 0 0 0 0
"19" 19 0.308035714286 176 167 101 31 11 7 3 2 1 1 0 0 0 0 0 0 0 0 0 0
"20" 20 0.0 213 200 38 19 15 10 4 1 0 0 0 0 0 0 0 0 0 0 0 0
"21" 21 0.0632183908046 181 75 63 39 26 24 22 20 14 12 7 5 5 4 3 0 0 0 0 0
"22" 22 0.495535714286 169 133 88 36 21 18 11 10 7 3 3 1 0 0 0 0 0 0 0 0
"23" 23 0.0662251655629 268 124 32 31 19 14 5 3 2 1 1 0 0 0 0 0 0 0 0 0
"24" 24 0.0 261 91 59 43 25 12 4 3 1 1 0 0 0 0 0 0 0 0 0 0
"25" 25 0.286919831224 139 128 95 83 31 7 7 4 2 2 1 1 0 0 0 0 0 0 0 0
"26" 26 0.527426160338 174 160 101 27 21 7 4 3 2 1 0 0 0 0 0 0 0 0 0 0
"27" 27 0.0 205 199 66 17 6 5 1 1 0 0 0 0 0 0 0 0 0 0 0 0
"28" 28 0.015503875969 454 38 3 2 1 1 1 0 0 0 0 0 0 0 0 0 0 0 0 0
"29" 29 0.326923076923 150 133 102 47 31 11 10 5 4 4 2 1 0 0 0 0 0 0 0 0
"30" 30 0.311926605505 215 94 68 43 40 18 11 6 4 1 0 0 0 0 0 0 0 0 0 0
"31" 31 0.461139896373 258 76 74 34 30 15 12 1 0 0 0 0 0 0 0 0 0 0 0 0
"32" 32 0.327586206897 277 64 62 60 24 7 3 1 1 1 0 0 0 0 0 0 0 0 0 0
"33" 33 0.254464285714 166 128 87 49 34 20 6 5 2 1 1 1 0 0 0 0 0 0 0 0
"34" 34 0.0348258706468 487 3 2 2 2 1 1 1 1 0 0 0 0 0 0 0 0 0 0 0
"35" 35 0.372093023256 475 22 2 1 0 0 0 0 0 0 0 0 0 0 0 0 0 0 0 0
"36" 36 0.459770114943 247 139 61 23 17 4 4 2 2 1 0 0 0 0 0 0 0 0 0 0
"37" 37 0.4375 283 146 29 21 13 7 1 0 0 0 0 0 0 0 0 0 0 0 0 0
"38" 38 0.0401785714286 278 126 71 20 2 2 1 0 0 0 0 0 0 0 0 0 0 0 0 0
"39" 39 0.029197080292 182 137 90 39 19 12 9 5 4 2 1 0 0 0 0 0 0 0 0 0
"40" 40 0.384615384615 284 159 16 11 11 8 6 4 1 0 0 0 0 0 0 0 0 0 0 0
"41" 41 0.0696517412935 315 44 33 28 24 14 12 9 7 6 3 2 2 1 0 0 0 0 0 0
"42" 42 0.0 272 95 35 34 16 15 13 6 4 3 3 2 1 1 0 0 0 0 0 0
"43" 43 0.211920529801 248 119 37 35 18 12 11 9 5 3 1 1 1 0 0 0 0 0 0 0
"44" 44 0.252873563218 128 113 107 56 37 28 18 8 4 1 0 0 0 0 0 0 0 0 0 0
"45" 45 0.0 466 33 1 0 0 0 0 0 0 0 0 0 0 0 0 0 0 0 0 0
"46" 46 0.00380228136882 159 126 72 56 18 14 13 12 11 11 4 4 0 0 0 0 0 0 0 0
"47" 47 0.350210970464 185 97 84 52 39 16 13 7 3 2 1 1 0 0 0 0 0 0 0 0
"48" 48 0.302564102564 148 103 49 43 41 31 17 16 14 13 11 11 3 0 0 0 0 0 0 0
"49" 49 0.0689655172414 143 98 84 39 29 26 25 15 9 8 7 5 4 3 2 2 1 0 0 0
"50" 50 0.00507614213198 135 113 57 41 40 33 23 22 18 14 3 1 0 0 0 0 0 0 0 0
"51" 51 0.221153846154 264 90 35 34 27 27 12 11 0 0 0 0 0 0 0 0 0 0 0 0
"52" 52 0.418604651163 266 72 43 27 26 24 14 12 8 6 2 0 0 0 0 0 0 0 0 0
"53" 53 0.211678832117 212 97 67 45 18 16 16 8 7 6 2 2 2 1 1 0 0 0 0 0
"54" 54 0.138686131387 351 83 22 13 8 8 7 5 3 0 0 0 0 0 0 0 0 0 0 0
"55" 55 0.294573643411 170 115 66 51 49 37 5 2 2 2 1 0 0 0 0 0 0 0 0 0
"56" 56 0.35761589404 273 73 65 58 15 8 4 2 1 1 0 0 0 0 0 0 0 0 0 0
"57" 57 0.177304964539 446 45 3 2 2 1 1 0 0 0 0 0 0 0 0 0 0 0 0 0
"58" 58 0.412408759124 247 128 93 27 2 2 1 0 0 0 0 0 0 0 0 0 0 0 0 0
"59" 59 0.543147208122 160 141 48 44 33 26 23 13 9 3 0 0 0 0 0 0 0 0 0 0
"60" 60 0.0710659898477 205 106 63 35 28 23 21 7 4 3 2 2 1 0 0 0 0 0 0 0
"61" 61 0.165562913907 226 92 47 41 41 25 10 8 3 3 2 1 1 0 0 0 0 0 0 0
"62" 62 0.503311258278 100 92 91 76 65 52 15 7 2 0 0 0 0 0 0 0 0 0 0 0
"63" 63 0.375634517766 183 142 72 66 30 2 2 1 1 1 0 0 0 0 0 0 0 0 0 0
"64" 64 0.0714285714286 223 124 47 45 22 17 12 6 3 1 0 0 0 0 0 0 0 0 0 0
"65" 65 0.591928251121 201 149 73 30 29 13 3 2 0 0 0 0 0 0 0 0 0 0 0 0
"66" 66 0.472573839662 199 155 47 31 21 18 13 10 3 2 1 0 0 0 0 0 0 0 0 0
"67" 67 0.0401785714286 206 72 69 52 21 20 18 17 15 3 3 2 1 1 0 0 0 0 0 0
"68" 68 0.446428571429 209 170 45 41 29 4 1 1 0 0 0 0 0 0 0 0 0 0 0 0
"69" 69 0.671794871795 231 75 69 53 36 28 4 3 1 0 0 0 0 0 0 0 0 0 0 0
"70" 70 0.518987341772 157 140 86 35 30 18 15 12 2 2 1 1 1 0 0 0 0 0 0 0
"71" 71 0.567307692308 500 0 0 0 0 0 0 0 0 0 0 0 0 0 0 0 0 0 0 0
"72" 72 0.144230769231 158 84 57 43 30 29 28 25 15 14 9 4 4 0 0 0 0 0 0 0
"73" 73 0.272321428571 261 121 90 14 9 4 1 0 0 0 0 0 0 0 0 0 0 0 0 0
"74" 74 0.642487046632 208 156 95 32 3 2 2 1 1 0 0 0 0 0 0 0 0 0 0 0
"75" 75 0.476793248945 110 99 97 75 51 46 7 3 3 3 2 2 1 1 0 0 0 0 0 0
"76" 76 0.0646766169154 466 28 2 2 1 1 0 0 0 0 0 0 0 0 0 0 0 0 0 0
"77" 77 0.590717299578 236 143 69 17 16 15 2 1 1 0 0 0 0 0 0 0 0 0 0 0
"78" 78 0.587155963303 181 176 82 22 17 10 5 4 2 1 0 0 0 0 0 0 0 0 0 0
"79" 79 0.116751269036 181 101 85 53 30 20 11 6 5 2 2 1 1 1 1 0 0 0 0 0
"80" 80 0.346715328467 338 60 34 26 23 7 4 3 2 1 1 1 0 0 0 0 0 0 0 0
"81" 81 0.620535714286 284 69 38 37 30 21 16 5 0 0 0 0 0 0 0 0 0 0 0 0
"82" 82 0.505703422053 227 100 89 33 20 15 10 2 2 1 1 0 0 0 0 0 0 0 0 0
"83" 83 0.127737226277 230 133 83 41 10 2 1 0 0 0 0 0 0 0 0 0 0 0 0 0
"84" 84 0.452914798206 251 98 42 34 27 17 12 7 7 3 2 0 0 0 0 0 0 0 0 0
"85" 85 0.495412844037 250 95 86 23 17 10 8 6 5 0 0 0 0 0 0 0 0 0 0 0
"86" 86 0.0574712643678 299 123 32 10 10 9 5 4 4 2 1 1 0 0 0 0 0 0 0 0
"87" 87 0.147321428571 455 30 8 6 1 0 0 0 0 0 0 0 0 0 0 0 0 0 0 0
"88" 88 0.517441860465 366 65 21 17 16 8 6 1 0 0 0 0 0 0 0 0 0 0 0 0
"89" 89 0.34375 260 83 49 44 36 7 7 6 3 3 1 1 0 0 0 0 0 0 0 0
"90" 90 0.0149253731343 491 5 2 1 1 0 0 0 0 0 0 0 0 0 0 0 0 0 0 0
"91" 91 0.130801687764 374 76 34 10 3 1 1 1 0 0 0 0 0 0 0 0 0 0 0 0
"92" 92 0.582089552239 215 95 84 36 26 22 13 7 2 0 0 0 0 0 0 0 0 0 0 0
"93" 93 0.111675126904 100 74 60 56 47 36 28 18 17 16 12 10 10 6 6 4 0 0 0 0
"94" 94 0.0 236 222 21 9 4 3 2 1 1 1 0 0 0 0 0 0 0 0 0 0
"95" 95 0.462025316456 102 89 63 61 57 53 48 25 2 0 0 0 0 0 0 0 0 0 0 0
"96" 96 0.269430051813 234 82 42 30 26 25 23 12 7 5 5 3 2 2 1 1 0 0 0 0
"97" 97 0.0 210 150 33 25 22 21 17 10 5 3 2 1 1 0 0 0 0 0 0 0
"98" 98 0.089552238806 462 19 8 5 2 2 1 1 0 0 0 0 0 0 0 0 0 0 0 0
"99" 99 0.440414507772 148 110 86 60 41 20 15 12 3 3 2 0 0 0 0 0 0 0 0 0
"100" 100 0.0632183908046 188 87 73 44 34 31 27 5 4 3 2 1 1 0 0 0 0 0 0 0
"101" 101 0.0 480 12 6 1 1 0 0 0 0 0 0 0 0 0 0 0 0 0 0 0
"102" 102 0.445595854922 345 71 35 23 11 6 4 2 2 1 0 0 0 0 0 0 0 0 0 0
"103" 103 0.548523206751 183 167 46 42 32 28 1 1 0 0 0 0 0 0 0 0 0 0 0 0
"104" 104 0.253588516746 290 113 67 26 4 0 0 0 0 0 0 0 0 0 0 0 0 0 0 0
"105" 105 0.0248756218905 351 43 31 23 17 12 8 5 5 5 0 0 0 0 0 0 0 0 0 0
"106" 106 0.137055837563 321 175 3 1 0 0 0 0 0 0 0 0 0 0 0 0 0 0 0 0
"107" 107 0.559748427673 417 57 11 8 6 1 0 0 0 0 0 0 0 0 0 0 0 0 0 0
"108" 108 0.201550387597 305 193 1 1 0 0 0 0 0 0 0 0 0 0 0 0 0 0 0 0
"109" 109 0.108527131783 438 60 2 0 0 0 0 0 0 0 0 0 0 0 0 0 0 0 0 0
"110" 110 0.738461538462 193 154 105 22 19 5 2 0 0 0 0 0 0 0 0 0 0 0 0 0
"111" 111 0.383720930233 348 126 13 6 3 2 1 1 0 0 0 0 0 0 0 0 0 0 0 0
"112" 112 0.0865384615385 486 6 5 1 1 1 0 0 0 0 0 0 0 0 0 0 0 0 0 0
"113" 113 0.3125 479 11 7 3 0 0 0 0 0 0 0 0 0 0 0 0 0 0 0 0
"114" 114 0.00662251655629 287 77 48 47 14 7 6 5 4 2 2 1 0 0 0 0 0 0 0 0
"115" 115 0.168776371308 260 157 30 22 10 9 5 5 1 1 0 0 0 0 0 0 0 0 0 0
"116" 116 0.0 498 1 1 0 0 0 0 0 0 0 0 0 0 0 0 0 0 0 0 0
"117" 117 0.0753138075314 210 178 29 29 20 15 6 5 3 3 1 1 0 0 0 0 0 0 0 0
"118" 118 0.0114068441065 366 89 31 9 3 2 0 0 0 0 0 0 0 0 0 0 0 0 0 0
"119" 119 0.243346007605 192 179 107 13 7 2 0 0 0 0 0 0 0 0 0 0 0 0 0 0
"120" 120 0.130801687764 214 190 49 24 18 3 1 1 0 0 0 0 0 0 0 0 0 0 0 0
"121" 121 0.0183486238532 191 127 44 35 28 24 21 19 7 3 1 0 0 0 0 0 0 0 0 0
"122" 122 0.168776371308 289 90 58 30 28 5 0 0 0 0 0 0 0 0 0 0 0 0 0 0
"123" 123 0.0 414 73 13 0 0 0 0 0 0 0 0 0 0 0 0 0 0 0 0 0
"124" 124 0.0362694300518 195 75 60 54 31 30 29 9 6 5 3 2 1 0 0 0 0 0 0 0
"125" 125 0.0228136882129 260 192 16 9 8 4 4 3 2 1 1 0 0 0 0 0 0 0 0 0
"126" 126 0.11961722488 194 137 136 20 4 3 3 2 1 0 0 0 0 0 0 0 0 0 0 0
"127" 127 0.036496350365 195 155 132 7 5 4 1 1 0 0 0 0 0 0 0 0 0 0 0 0
"128" 128 0.0836501901141 139 94 90 35 32 29 17 16 14 14 13 4 2 1 0 0 0 0 0 0
"129" 129 0.154228855721 260 147 33 14 12 12 5 5 3 3 3 2 1 0 0 0 0 0 0 0
"130" 130 0.0 498 1 1 0 0 0 0 0 0 0 0 0 0 0 0 0 0 0 0 0
"131" 131 0.147321428571 317 97 67 7 6 1 1 1 1 1 1 0 0 0 0 0 0 0 0 0
"132" 132 0.121338912134 279 218 1 1 1 0 0 0 0 0 0 0 0 0 0 0 0 0 0 0
"133" 133 0.116279069767 495 4 1 0 0 0 0 0 0 0 0 0 0 0 0 0 0 0 0 0
"134" 134 0.610465116279 323 66 43 43 16 7 1 1 0 0 0 0 0 0 0 0 0 0 0 0
"135" 135 0.596153846154 500 0 0 0 0 0 0 0 0 0 0 0 0 0 0 0 0 0 0 0
"136" 136 0.584615384615 185 111 60 55 34 26 15 4 4 3 3 0 0 0 0 0 0 0 0 0
"137" 137 0.569948186528 278 113 34 26 23 19 4 3 0 0 0 0 0 0 0 0 0 0 0 0
"138" 138 0.295620437956 209 135 88 20 17 13 11 6 1 0 0 0 0 0 0 0 0 0 0 0
"139" 139 0.616033755274 212 122 88 31 15 12 8 7 3 1 1 0 0 0 0 0 0 0 0 0
"140" 140 0.174107142857 205 76 75 35 28 25 20 18 8 5 3 2 0 0 0 0 0 0 0 0
"141" 141 0.062015503876 352 76 33 26 6 5 1 1 0 0 0 0 0 0 0 0 0 0 0 0
"142" 142 0.0852713178295 271 138 67 24 0 0 0 0 0 0 0 0 0 0 0 0 0 0 0 0
"143" 143 0.223214285714 255 104 72 20 15 15 12 4 2 1 0 0 0 0 0 0 0 0 0 0
"144" 144 0.415384615385 166 132 101 52 15 9 9 6 6 4 0 0 0 0 0 0 0 0 0 0
"145" 145 0.0 499 1 0 0 0 0 0 0 0 0 0 0 0 0 0 0 0 0 0 0
"146" 146 0.194029850746 210 125 68 62 17 12 6 0 0 0 0 0 0 0 0 0 0 0 0 0
"147" 147 0.563218390805 350 78 33 16 11 7 3 1 1 0 0 0 0 0 0 0 0 0 0 0
"148" 148 0.0077519379845 455 20 10 7 5 2 1 0 0 0 0 0 0 0 0 0 0 0 0 0
"149" 149 0.0 254 154 69 15 6 2 0 0 0 0 0 0 0 0 0 0 0 0 0 0
"150" 150 0.502109704641 272 121 68 30 4 2 2 1 0 0 0 0 0 0 0 0 0 0 0 0
"151" 151 0.248062015504 271 112 38 22 14 13 10 9 5 4 1 1 0 0 0 0 0 0 0 0
"152" 152 0.0 495 3 2 0 0 0 0 0 0 0 0 0 0 0 0 0 0 0 0 0
"153" 153 0.172185430464 219 127 95 17 15 8 5 3 3 3 2 1 1 1 0 0 0 0 0 0
"154" 154 0.564766839378 194 100 58 50 49 26 8 7 4 3 1 0 0 0 0 0 0 0 0 0
"155" 155 0.126903553299 290 100 63 23 5 4 3 2 2 2 2 2 1 1 0 0 0 0 0 0
"156" 156 0.0077519379845 497 2 1 0 0 0 0 0 0 0 0 0 0 0 0 0 0 0 0 0
"157" 157 0.596330275229 278 101 98 11 7 2 2 1 0 0 0 0 0 0 0 0 0 0 0 0
"158" 158 0.598837209302 208 152 52 30 25 24 5 2 1 1 0 0 0 0 0 0 0 0 0 0
"159" 159 0.491071428571 203 157 69 29 10 10 10 8 3 1 0 0 0 0 0 0 0 0 0 0
"160" 160 0.0646766169154 500 0 0 0 0 0 0 0 0 0 0 0 0 0 0 0 0 0 0 0
"161" 161 0.289308176101 471 8 7 6 3 2 2 1 0 0 0 0 0 0 0 0 0 0 0 0
"162" 162 0.0503144654088 291 140 35 15 11 4 2 1 1 0 0 0 0 0 0 0 0 0 0 0
"163" 163 0.00581395348837 314 180 3 3 0 0 0 0 0 0 0 0 0 0 0 0 0 0 0 0
"164" 164 0.114832535885 498 2 0 0 0 0 0 0 0 0 0 0 0 0 0 0 0 0 0 0
"165" 165 0.163522012579 221 149 51 15 13 13 13 11 9 4 1 0 0 0 0 0 0 0 0 0
"166" 166 0.10152284264 184 137 49 42 32 22 19 6 5 2 1 1 0 0 0 0 0 0 0 0
"167" 167 0.156934306569 474 16 5 2 2 1 0 0 0 0 0 0 0 0 0 0 0 0 0 0
"168" 168 0.00497512437811 481 8 5 4 1 1 0 0 0 0 0 0 0 0 0 0 0 0 0 0
"169" 169 0.0769230769231 244 125 86 12 10 8 3 3 3 2 2 1 1 0 0 0 0 0 0 0
"170" 170 0.0149253731343 451 19 17 7 3 2 1 0 0 0 0 0 0 0 0 0 0 0 0 0
"171" 171 0.0697674418605 282 78 66 19 14 13 11 5 5 3 2 1 1 0 0 0 0 0 0 0
"172" 172 0.0696517412935 237 130 68 47 8 5 4 1 0 0 0 0 0 0 0 0 0 0 0 0
"173" 173 0.148717948718 173 111 87 55 28 20 8 6 5 4 2 1 0 0 0 0 0 0 0 0
"174" 174 0.0418410041841 154 153 49 39 33 23 15 12 10 7 3 1 1 0 0 0 0 0 0 0
"175" 175 0.0 458 42 0 0 0 0 0 0 0 0 0 0 0 0 0 0 0 0 0 0
"176" 176 0.120689655172 327 118 21 12 9 8 4 1 0 0 0 0 0 0 0 0 0 0 0 0
"177" 177 0.0 484 10 2 2 1 1 0 0 0 0 0 0 0 0 0 0 0 0 0 0
"178" 178 0.117870722433 236 102 58 52 30 9 6 4 2 1 0 0 0 0 0 0 0 0 0 0
"179" 179 0.342205323194 313 89 70 23 3 1 1 0 0 0 0 0 0 0 0 0 0 0 0 0
"180" 180 0.46875 370 71 16 14 8 7 5 5 2 2 0 0 0 0 0 0 0 0 0 0
"181" 181 0.0761421319797 327 160 6 3 2 1 1 0 0 0 0 0 0 0 0 0 0 0 0 0
"182" 182 0.233830845771 145 143 110 50 17 15 6 5 3 3 2 1 0 0 0 0 0 0 0 0
"183" 183 0.692307692308 389 56 19 18 10 4 3 1 0 0 0 0 0 0 0 0 0 0 0 0
"184" 184 0.12582781457 126 112 107 64 18 17 16 15 12 6 5 2 0 0 0 0 0 0 0 0
"185" 185 0.396226415094 131 92 81 71 62 43 8 4 4 3 1 0 0 0 0 0 0 0 0 0
"186" 186 0.414507772021 268 82 44 43 25 16 15 5 2 0 0 0 0 0 0 0 0 0 0 0
"187" 187 0.434306569343 208 75 70 67 28 15 15 8 5 5 4 0 0 0 0 0 0 0 0 0
"188" 188 0.0 493 7 0 0 0 0 0 0 0 0 0 0 0 0 0 0 0 0 0 0
"189" 189 0.158227848101 274 86 69 26 24 14 3 2 2 0 0 0 0 0 0 0 0 0 0 0
"190" 190 0.222627737226 337 53 42 41 13 12 1 1 0 0 0 0 0 0 0 0 0 0 0 0
"191" 191 0.238805970149 307 90 60 25 5 4 4 3 1 1 0 0 0 0 0 0 0 0 0 0
"192" 192 0.0 457 41 2 0 0 0 0 0 0 0 0 0 0 0 0 0 0 0 0 0
"193" 193 0.430379746835 377 72 25 22 1 1 1 1 0 0 0 0 0 0 0 0 0 0 0 0
"194" 194 0.341085271318 289 102 52 18 16 12 4 3 2 1 1 0 0 0 0 0 0 0 0 0
"195" 195 0.108527131783 336 137 9 7 5 4 1 1 0 0 0 0 0 0 0 0 0 0 0 0
"196" 196 0.146443514644 193 111 73 49 36 32 3 2 1 0 0 0 0 0 0 0 0 0 0 0
"197" 197 0.341968911917 189 86 83 77 37 20 4 3 1 0 0 0 0 0 0 0 0 0 0 0
"198" 198 0.383419689119 271 167 22 13 10 10 4 2 1 0 0 0 0 0 0 0 0 0 0 0
"199" 199 0.0 492 6 1 1 0 0 0 0 0 0 0 0 0 0 0 0 0 0 0 0
"200" 200 0.41116751269 225 89 54 32 29 27 18 13 8 2 2 1 0 0 0 0 0 0 0 0
"201" 201 0.612403100775 203 178 51 32 14 9 8 3 1 1 0 0 0 0 0 0 0 0 0 0
"202" 202 0.392857142857 272 151 55 14 6 2 0 0 0 0 0 0 0 0 0 0 0 0 0 0
"203" 203 0.378109452736 194 167 97 25 12 3 1 1 0 0 0 0 0 0 0 0 0 0 0 0
"204" 204 0.751295336788 229 137 36 29 23 21 10 7 5 2 1 0 0 0 0 0 0 0 0 0
"205" 205 0.238372093023 203 160 60 24 19 9 9 8 5 1 1 1 0 0 0 0 0 0 0 0
"206" 206 0.283582089552 207 148 124 17 3 1 0 0 0 0 0 0 0 0 0 0 0 0 0 0
"207" 207 0.238410596026 272 165 18 16 11 7 6 2 1 1 1 0 0 0 0 0 0 0 0 0
"208" 208 0.665178571429 377 82 20 8 5 4 4 0 0 0 0 0 0 0 0 0 0 0 0 0
"209" 209 0.709821428571 339 72 57 19 5 4 4 0 0 0 0 0 0 0 0 0 0 0 0 0
"210" 210 0.105960264901 213 197 40 15 12 12 6 2 1 1 1 0 0 0 0 0 0 0 0 0
"211" 211 0.486692015209 206 147 69 30 24 13 7 3 1 0 0 0 0 0 0 0 0 0 0 0
"212" 212 0.341772151899 182 161 107 15 15 10 7 2 1 0 0 0 0 0 0 0 0 0 0 0
"213" 213 0.455958549223 205 200 62 22 5 3 1 1 1 0 0 0 0 0 0 0 0 0 0 0
"214" 214 0.00662251655629 406 70 12 12 0 0 0 0 0 0 0 0 0 0 0 0 0 0 0 0
"215" 215 0.488372093023 216 142 58 54 10 7 5 4 3 1 0 0 0 0 0 0 0 0 0 0
"216" 216 0.502487562189 336 53 51 23 15 7 5 4 4 2 0 0 0 0 0 0 0 0 0 0
"217" 217 0.131979695431 248 70 62 30 29 19 14 11 11 5 1 0 0 0 0 0 0 0 0 0
"218" 218 0.0779816513761 385 56 34 14 8 1 1 1 0 0 0 0 0 0 0 0 0 0 0 0
"219" 219 0.412556053812 238 126 67 32 23 6 5 2 1 0 0 0 0 0 0 0 0 0 0 0
"220" 220 0.298507462687 244 150 56 18 15 8 5 2 1 1 0 0 0 0 0 0 0 0 0 0
"221" 221 0.0 405 93 2 0 0 0 0 0 0 0 0 0 0 0 0 0 0 0 0 0
"222" 222 0.521897810219 161 137 60 52 42 31 11 4 1 1 0 0 0 0 0 0 0 0 0 0
"223" 223 0.378238341969 199 100 85 44 26 21 14 6 4 1 0 0 0 0 0 0 0 0 0 0
"224" 224 0.2 136 131 122 42 38 10 5 4 3 2 2 2 2 1 0 0 0 0 0 0
"225" 225 0.124378109453 492 6 2 0 0 0 0 0 0 0 0 0 0 0 0 0 0 0 0 0
"226" 226 0.546511627907 113 102 89 72 46 45 11 9 5 4 4 0 0 0 0 0 0 0 0 0
"227" 227 0.676616915423 308 89 40 34 15 5 3 3 2 1 0 0 0 0 0 0 0 0 0 0
"228" 228 0.120567375887 425 66 4 2 1 1 1 0 0 0 0 0 0 0 0 0 0 0 0 0
"229" 229 0.767441860465 279 118 44 23 10 10 8 6 1 1 0 0 0 0 0 0 0 0 0 0
