"site" "RSA" "aa1" "aa2" "aa3" "aa4" "aa5" "aa6" "aa7" "aa8" "aa9" "aa10" "aa11" "aa12" "aa13" "aa14" "aa15" "aa16" "aa17" "aa18" "aa19" "aa20"
"0" 0 0.324503311258 457 43 0 0 0 0 0 0 0 0 0 0 0 0 0 0 0 0 0 0
"1" 1 0.548076923077 500 0 0 0 0 0 0 0 0 0 0 0 0 0 0 0 0 0 0 0
"2" 2 0.569230769231 200 122 73 55 26 15 5 3 1 0 0 0 0 0 0 0 0 0 0 0
"3" 3 0.0 380 54 37 25 2 2 0 0 0 0 0 0 0 0 0 0 0 0 0 0
"4" 4 0.583941605839 235 88 73 30 27 12 10 8 6 4 4 2 1 0 0 0 0 0 0 0
"5" 5 0.451776649746 481 17 1 1 0 0 0 0 0 0 0 0 0 0 0 0 0 0 0 0
"6" 6 0.480769230769 500 0 0 0 0 0 0 0 0 0 0 0 0 0 0 0 0 0 0 0
"7" 7 0.459915611814 249 165 52 30 2 1 1 0 0 0 0 0 0 0 0 0 0 0 0 0
"8" 8 0.616352201258 415 26 23 19 8 4 2 1 1 1 0 0 0 0 0 0 0 0 0 0
"9" 9 0.062015503876 167 140 138 49 4 2 0 0 0 0 0 0 0 0 0 0 0 0 0 0
"10" 10 0.106918238994 197 63 63 62 49 20 19 18 4 3 1 1 0 0 0 0 0 0 0 0
"11" 11 0.476683937824 280 71 35 31 25 15 12 12 6 5 5 3 0 0 0 0 0 0 0 0
"12" 12 0.0502092050209 261 166 67 5 1 0 0 0 0 0 0 0 0 0 0 0 0 0 0 0
"13" 13 0.514767932489 201 83 72 46 25 21 18 18 8 4 2 1 1 0 0 0 0 0 0 0
"14" 14 0.0542635658915 431 64 4 1 0 0 0 0 0 0 0 0 0 0 0 0 0 0 0 0
"15" 15 0.220930232558 224 119 115 11 8 6 4 4 4 3 2 0 0 0 0 0 0 0 0 0
"16" 16 0.0 399 94 7 0 0 0 0 0 0 0 0 0 0 0 0 0 0 0 0 0
"17" 17 0.0172413793103 336 150 13 1 0 0 0 0 0 0 0 0 0 0 0 0 0 0 0 0
"18" 18 0.155172413793 187 133 67 31 26 22 19 4 2 2 2 2 2 1 0 0 0 0 0 0
"19" 19 0.704663212435 220 108 45 39 35 29 14 9 1 0 0 0 0 0 0 0 0 0 0 0
"20" 20 0.423076923077 310 85 34 24 18 18 7 4 0 0 0 0 0 0 0 0 0 0 0 0
"21" 21 0.426356589147 127 126 101 86 38 13 2 2 2 1 1 1 0 0 0 0 0 0 0 0
"22" 22 0.359832635983 90 89 72 66 46 43 30 20 16 14 4 3 3 3 1 0 0 0 0 0
"23" 23 0.535864978903 445 25 13 8 6 2 1 0 0 0 0 0 0 0 0 0 0 0 0 0
"24" 24 0.388392857143 279 113 65 17 10 4 3 3 2 2 1 1 0 0 0 0 0 0 0 0
"25" 25 0.0172413793103 277 136 56 10 5 3 3 3 3 2 1 1 0 0 0 0 0 0 0 0
"26" 26 0.329113924051 182 112 57 51 39 22 18 13 4 2 0 0 0 0 0 0 0 0 0 0
"27" 27 0.0845771144279 393 45 25 18 10 3 2 2 2 0 0 0 0 0 0 0 0 0 0 0
"28" 28 0.397350993377 205 126 67 44 17 15 14 5 4 2 1 0 0 0 0 0 0 0 0 0
"29" 29 0.471502590674 263 64 59 26 20 16 15 12 7 6 6 5 1 0 0 0 0 0 0 0
"30" 30 0.133079847909 314 174 8 2 1 1 0 0 0 0 0 0 0 0 0 0 0 0 0 0
"31" 31 0.603375527426 229 115 107 23 7 6 4 3 2 1 1 1 1 0 0 0 0 0 0 0
"32" 32 0.625 500 0 0 0 0 0 0 0 0 0 0 0 0 0 0 0 0 0 0 0
"33" 33 0.413502109705 388 105 5 2 0 0 0 0 0 0 0 0 0 0 0 0 0 0 0 0
"34" 34 0.041825095057 437 58 3 2 0 0 0 0 0 0 0 0 0 0 0 0 0 0 0 0
"35" 35 0.0114942528736 359 109 21 5 2 2 1 1 0 0 0 0 0 0 0 0 0 0 0 0
"36" 36 0.0 237 223 17 14 9 0 0 0 0 0 0 0 0 0 0 0 0 0 0 0
"37" 37 0.0 394 71 17 5 4 4 3 1 1 0 0 0 0 0 0 0 0 0 0 0
"38" 38 0.0 310 107 34 21 14 7 6 1 0 0 0 0 0 0 0 0 0 0 0 0
"39" 39 0.0 373 79 38 5 2 2 1 0 0 0 0 0 0 0 0 0 0 0 0 0
"40" 40 0.0304182509506 177 157 153 8 2 2 1 0 0 0 0 0 0 0 0 0 0 0 0 0
"41" 41 0.0503144654088 424 58 9 8 1 0 0 0 0 0 0 0 0 0 0 0 0 0 0 0
"42" 42 0.303482587065 386 101 9 4 0 0 0 0 0 0 0 0 0 0 0 0 0 0 0 0
"43" 43 0.0518134715026 178 173 94 33 12 7 2 1 0 0 0 0 0 0 0 0 0 0 0 0
"44" 44 0.430962343096 411 62 19 2 2 2 1 1 0 0 0 0 0 0 0 0 0 0 0 0
"45" 45 0.232558139535 216 142 132 7 3 0 0 0 0 0 0 0 0 0 0 0 0 0 0 0
"46" 46 0.715481171548 362 50 45 25 9 4 3 2 0 0 0 0 0 0 0 0 0 0 0 0
"47" 47 0.212643678161 138 122 106 65 30 25 4 4 3 1 1 1 0 0 0 0 0 0 0 0
"48" 48 0.100628930818 129 95 86 84 49 38 14 5 0 0 0 0 0 0 0 0 0 0 0 0
"49" 49 0.511627906977 136 127 93 59 43 36 3 1 1 1 0 0 0 0 0 0 0 0 0 0
"50" 50 0.0401785714286 165 123 88 39 20 17 15 13 12 4 4 0 0 0 0 0 0 0 0 0
"51" 51 0.010152284264 244 153 36 27 24 5 4 2 2 1 1 1 0 0 0 0 0 0 0 0
"52" 52 0.157360406091 325 59 42 20 14 11 8 7 5 4 3 2 0 0 0 0 0 0 0 0
"53" 53 0.294573643411 184 127 112 29 17 17 6 5 1 1 1 0 0 0 0 0 0 0 0 0
"54" 54 0.00418410041841 199 185 91 18 5 1 1 0 0 0 0 0 0 0 0 0 0 0 0 0
"55" 55 0.0 396 99 4 1 0 0 0 0 0 0 0 0 0 0 0 0 0 0 0 0
"56" 56 0.512820512821 150 104 93 47 36 23 13 12 11 5 2 2 1 1 0 0 0 0 0 0
"57" 57 0.277372262774 252 68 62 56 33 14 5 4 2 2 1 1 0 0 0 0 0 0 0 0
"58" 58 0.015503875969 268 127 74 17 10 4 0 0 0 0 0 0 0 0 0 0 0 0 0 0
"59" 59 0.495535714286 132 101 83 78 74 14 9 7 2 0 0 0 0 0 0 0 0 0 0 0
"60" 60 0.264248704663 134 91 88 57 44 40 30 6 4 2 2 1 1 0 0 0 0 0 0 0
"61" 61 0.0 471 11 10 3 2 2 1 0 0 0 0 0 0 0 0 0 0 0 0 0
"62" 62 0.255474452555 251 132 48 37 11 9 6 4 1 1 0 0 0 0 0 0 0 0 0 0
"63" 63 0.658227848101 393 53 34 15 3 1 1 0 0 0 0 0 0 0 0 0 0 0 0 0
"64" 64 0.268656716418 295 166 9 9 5 5 5 3 1 1 1 0 0 0 0 0 0 0 0 0
"65" 65 0.259615384615 446 54 0 0 0 0 0 0 0 0 0 0 0 0 0 0 0 0 0 0
"66" 66 0.0 348 142 7 2 1 0 0 0 0 0 0 0 0 0 0 0 0 0 0 0
"67" 67 0.133928571429 428 57 7 6 1 1 0 0 0 0 0 0 0 0 0 0 0 0 0 0
"68" 68 0.0114942528736 478 12 9 1 0 0 0 0 0 0 0 0 0 0 0 0 0 0 0 0
"69" 69 0.0 233 101 93 56 5 3 3 2 2 2 0 0 0 0 0 0 0 0 0 0
"70" 70 0.0 161 146 68 50 28 24 9 8 5 1 0 0 0 0 0 0 0 0 0 0
"71" 71 0.0 419 42 15 10 7 6 1 0 0 0 0 0 0 0 0 0 0 0 0 0
"72" 72 0.0 498 1 1 0 0 0 0 0 0 0 0 0 0 0 0 0 0 0 0 0
"73" 73 0.0229885057471 252 140 32 30 21 20 1 1 1 1 1 0 0 0 0 0 0 0 0 0
"74" 74 0.155440414508 250 206 37 4 1 1 1 0 0 0 0 0 0 0 0 0 0 0 0 0
"75" 75 0.205298013245 498 1 1 0 0 0 0 0 0 0 0 0 0 0 0 0 0 0 0 0
"76" 76 0.165919282511 199 77 61 57 55 25 11 10 2 2 1 0 0 0 0 0 0 0 0 0
"77" 77 0.560669456067 224 120 64 63 20 5 2 1 1 0 0 0 0 0 0 0 0 0 0 0
"78" 78 0.279069767442 252 90 89 33 20 11 3 2 0 0 0 0 0 0 0 0 0 0 0 0
"79" 79 0.0 281 203 8 5 1 1 1 0 0 0 0 0 0 0 0 0 0 0 0 0
"80" 80 0.203980099502 231 115 74 28 19 16 7 7 2 1 0 0 0 0 0 0 0 0 0 0
"81" 81 0.372093023256 389 66 17 15 4 3 3 2 1 0 0 0 0 0 0 0 0 0 0 0
"82" 82 0.00354609929078 166 161 146 8 7 6 2 2 1 1 0 0 0 0 0 0 0 0 0 0
"83" 83 0.0862944162437 220 178 66 29 3 2 1 1 0 0 0 0 0 0 0 0 0 0 0 0
"84" 84 0.610256410256 220 78 63 56 40 40 1 1 1 0 0 0 0 0 0 0 0 0 0 0
"85" 85 0.203488372093 238 155 105 2 0 0 0 0 0 0 0 0 0 0 0 0 0 0 0 0
"86" 86 0.421383647799 264 77 62 61 17 8 7 3 1 0 0 0 0 0 0 0 0 0 0 0
"87" 87 0.248175182482 388 40 31 14 14 6 2 2 1 1 1 0 0 0 0 0 0 0 0 0
"88" 88 0.675105485232 437 30 19 12 2 0 0 0 0 0 0 0 0 0 0 0 0 0 0 0
"89" 89 0.660714285714 263 153 73 6 5 0 0 0 0 0 0 0 0 0 0 0 0 0 0 0
"90" 90 0.346153846154 499 1 0 0 0 0 0 0 0 0 0 0 0 0 0 0 0 0 0 0
"91" 91 0.00961538461538 500 0 0 0 0 0 0 0 0 0 0 0 0 0 0 0 0 0 0 0
"92" 92 0.0 321 152 15 7 2 2 1 0 0 0 0 0 0 0 0 0 0 0 0 0
"93" 93 0.0384615384615 500 0 0 0 0 0 0 0 0 0 0 0 0 0 0 0 0 0 0 0
"94" 94 0.647798742138 178 92 81 69 31 17 12 8 6 2 2 1 1 0 0 0 0 0 0 0
"95" 95 0.0796019900498 245 109 80 31 27 7 1 0 0 0 0 0 0 0 0 0 0 0 0 0
"96" 96 0.446153846154 262 68 66 45 28 12 9 4 2 2 1 1 0 0 0 0 0 0 0 0
"97" 97 0.0304568527919 214 140 51 49 20 16 9 1 0 0 0 0 0 0 0 0 0 0 0 0
"98" 98 0.062893081761 273 103 56 38 15 6 4 2 2 1 0 0 0 0 0 0 0 0 0 0
"99" 99 0.0 186 184 80 45 2 2 1 0 0 0 0 0 0 0 0 0 0 0 0 0
"100" 100 0.0 219 193 67 14 4 3 0 0 0 0 0 0 0 0 0 0 0 0 0 0
"101" 101 0.077519379845 369 108 22 1 0 0 0 0 0 0 0 0 0 0 0 0 0 0 0 0
"102" 102 0.0103626943005 500 0 0 0 0 0 0 0 0 0 0 0 0 0 0 0 0 0 0 0
"103" 103 0.436781609195 326 116 27 15 5 5 3 1 1 1 0 0 0 0 0 0 0 0 0 0
"104" 104 0.656976744186 486 6 4 3 1 0 0 0 0 0 0 0 0 0 0 0 0 0 0 0
"105" 105 0.288321167883 245 102 81 43 21 6 1 1 0 0 0 0 0 0 0 0 0 0 0 0
"106" 106 0.598540145985 367 101 17 5 4 3 2 1 0 0 0 0 0 0 0 0 0 0 0 0
"107" 107 0.0348258706468 331 45 35 33 17 15 8 6 5 3 1 1 0 0 0 0 0 0 0 0
"108" 108 0.0 499 1 0 0 0 0 0 0 0 0 0 0 0 0 0 0 0 0 0 0
"109" 109 0.508928571429 227 194 47 18 13 1 0 0 0 0 0 0 0 0 0 0 0 0 0 0
"110" 110 0.124352331606 207 189 58 25 11 7 3 0 0 0 0 0 0 0 0 0 0 0 0 0
"111" 111 0.0 240 94 90 41 27 4 3 1 0 0 0 0 0 0 0 0 0 0 0 0
"112" 112 0.355769230769 500 0 0 0 0 0 0 0 0 0 0 0 0 0 0 0 0 0 0 0
"113" 113 0.0172413793103 486 9 3 2 0 0 0 0 0 0 0 0 0 0 0 0 0 0 0 0
"114" 114 0.164179104478 432 33 14 8 7 3 1 1 1 0 0 0 0 0 0 0 0 0 0 0
"115" 115 0.151898734177 406 72 9 4 2 2 2 2 1 0 0 0 0 0 0 0 0 0 0 0
"116" 116 0.71511627907 143 108 107 86 19 15 9 4 3 3 1 1 1 0 0 0 0 0 0 0
"117" 117 0.694300518135 394 72 8 8 7 6 2 2 1 0 0 0 0 0 0 0 0 0 0 0
"118" 118 0.482142857143 201 64 33 32 32 30 28 28 19 19 7 6 1 0 0 0 0 0 0 0
"119" 119 0.173076923077 450 31 16 2 1 0 0 0 0 0 0 0 0 0 0 0 0 0 0 0
"120" 120 0.0507614213198 127 122 111 46 37 25 21 5 4 2 0 0 0 0 0 0 0 0 0 0
"121" 121 0.0 472 26 1 1 0 0 0 0 0 0 0 0 0 0 0 0 0 0 0 0
"122" 122 0.254752851711 257 159 28 20 19 14 3 0 0 0 0 0 0 0 0 0 0 0 0 0
"123" 123 0.0474452554745 245 104 53 28 19 19 17 6 5 2 1 1 0 0 0 0 0 0 0 0
"124" 124 0.0 384 106 9 1 0 0 0 0 0 0 0 0 0 0 0 0 0 0 0 0
"125" 125 0.0199004975124 225 148 103 21 2 1 0 0 0 0 0 0 0 0 0 0 0 0 0 0
"126" 126 0.0 293 173 33 1 0 0 0 0 0 0 0 0 0 0 0 0 0 0 0 0
"127" 127 0.0 470 28 1 1 0 0 0 0 0 0 0 0 0 0 0 0 0 0 0 0
"128" 128 0.00507614213198 276 202 8 7 4 2 1 0 0 0 0 0 0 0 0 0 0 0 0 0
"129" 129 0.0673575129534 500 0 0 0 0 0 0 0 0 0 0 0 0 0 0 0 0 0 0 0
"130" 130 0.173076923077 268 210 17 3 1 1 0 0 0 0 0 0 0 0 0 0 0 0 0 0
"131" 131 0.721518987342 174 169 114 20 8 6 3 3 3 0 0 0 0 0 0 0 0 0 0 0
"132" 132 0.0961538461538 500 0 0 0 0 0 0 0 0 0 0 0 0 0 0 0 0 0 0 0
"133" 133 0.183908045977 226 148 48 27 26 12 4 3 2 2 2 0 0 0 0 0 0 0 0 0
"134" 134 0.0 392 88 12 4 2 2 0 0 0 0 0 0 0 0 0 0 0 0 0 0
"135" 135 0.204379562044 482 10 4 2 2 0 0 0 0 0 0 0 0 0 0 0 0 0 0 0
"136" 136 0.156950672646 363 100 8 7 6 3 3 3 2 2 2 1 0 0 0 0 0 0 0 0
"137" 137 0.258883248731 469 12 12 6 1 0 0 0 0 0 0 0 0 0 0 0 0 0 0 0
"138" 138 0.220930232558 141 82 49 46 41 36 32 15 12 11 9 7 5 5 4 3 2 0 0 0
"139" 139 0.385057471264 346 130 23 1 0 0 0 0 0 0 0 0 0 0 0 0 0 0 0 0
"140" 140 0.205128205128 275 55 40 36 35 20 16 10 5 3 3 2 0 0 0 0 0 0 0 0
"141" 141 0.507772020725 469 25 5 1 0 0 0 0 0 0 0 0 0 0 0 0 0 0 0 0
"142" 142 0.174129353234 145 113 88 82 32 19 11 6 2 1 1 0 0 0 0 0 0 0 0 0
"143" 143 0.591194968553 278 111 64 39 5 3 0 0 0 0 0 0 0 0 0 0 0 0 0 0
"144" 144 0.534482758621 309 67 37 27 24 12 12 10 1 1 0 0 0 0 0 0 0 0 0 0
"145" 145 0.278846153846 333 121 19 11 7 5 2 1 1 0 0 0 0 0 0 0 0 0 0 0
"146" 146 0.116788321168 247 118 47 42 42 2 1 1 0 0 0 0 0 0 0 0 0 0 0 0
"147" 147 0.384105960265 126 89 79 72 44 25 14 14 13 11 6 4 3 0 0 0 0 0 0 0
"148" 148 0.0747126436782 264 70 65 42 39 9 7 3 1 0 0 0 0 0 0 0 0 0 0 0
"149" 149 0.507772020725 216 119 57 46 44 8 8 1 1 0 0 0 0 0 0 0 0 0 0 0
"150" 150 0.357142857143 202 80 73 55 48 30 6 3 2 1 0 0 0 0 0 0 0 0 0 0
"151" 151 0.031007751938 169 83 72 40 37 25 23 18 13 6 6 4 3 1 0 0 0 0 0 0
"152" 152 0.0995024875622 310 74 56 13 13 12 8 5 3 2 1 1 1 1 0 0 0 0 0 0
"153" 153 0.160583941606 271 71 65 58 12 8 6 6 2 1 0 0 0 0 0 0 0 0 0 0
"154" 154 0.0995024875622 395 33 18 17 15 7 5 4 2 2 2 0 0 0 0 0 0 0 0 0
"155" 155 0.0 400 64 12 8 8 4 3 1 0 0 0 0 0 0 0 0 0 0 0 0
"156" 156 0.210762331839 323 77 41 32 8 8 7 2 1 1 0 0 0 0 0 0 0 0 0 0
"157" 157 0.077519379845 263 145 39 31 12 6 2 1 1 0 0 0 0 0 0 0 0 0 0 0
"158" 158 0.192468619247 420 21 19 19 13 5 2 1 0 0 0 0 0 0 0 0 0 0 0 0
"159" 159 0.116591928251 415 35 23 15 5 3 2 1 1 0 0 0 0 0 0 0 0 0 0 0
"160" 160 0.285171102662 381 65 15 8 8 8 5 3 2 2 2 1 0 0 0 0 0 0 0 0
"161" 161 0.18023255814 321 65 41 40 16 13 4 0 0 0 0 0 0 0 0 0 0 0 0 0
"162" 162 0.388601036269 333 144 11 6 5 1 0 0 0 0 0 0 0 0 0 0 0 0 0 0
"163" 163 0.625 320 105 35 31 3 2 2 1 1 0 0 0 0 0 0 0 0 0 0 0
"164" 164 0.468899521531 222 94 73 56 31 9 9 5 1 0 0 0 0 0 0 0 0 0 0 0
"165" 165 0.490384615385 198 189 112 1 0 0 0 0 0 0 0 0 0 0 0 0 0 0 0 0
"166" 166 0.191964285714 174 107 81 73 32 22 5 2 1 1 1 1 0 0 0 0 0 0 0 0
"167" 167 0.373563218391 286 99 58 33 7 6 4 4 2 1 0 0 0 0 0 0 0 0 0 0
"168" 168 0.23417721519 316 90 69 19 6 0 0 0 0 0 0 0 0 0 0 0 0 0 0 0
"169" 169 0.163522012579 247 183 53 5 4 3 2 1 1 1 0 0 0 0 0 0 0 0 0 0
"170" 170 0.821705426357 241 103 71 62 21 2 0 0 0 0 0 0 0 0 0 0 0 0 0 0
"171" 171 0.5 497 3 0 0 0 0 0 0 0 0 0 0 0 0 0 0 0 0 0 0
"172" 172 0.0248226950355 380 78 31 9 1 1 0 0 0 0 0 0 0 0 0 0 0 0 0 0
"173" 173 0.548523206751 174 82 65 57 55 40 22 2 2 1 0 0 0 0 0 0 0 0 0 0
"174" 174 0.465408805031 399 22 20 19 17 10 4 4 4 1 0 0 0 0 0 0 0 0 0 0
"175" 175 0.817307692308 500 0 0 0 0 0 0 0 0 0 0 0 0 0 0 0 0 0 0 0
"176" 176 0.344370860927 224 82 69 39 31 20 18 7 3 3 2 2 0 0 0 0 0 0 0 0
"177" 177 0.300518134715 211 113 59 43 22 20 15 9 8 0 0 0 0 0 0 0 0 0 0 0
"178" 178 0.127906976744 425 21 12 12 11 8 7 2 1 1 0 0 0 0 0 0 0 0 0 0
"179" 179 0.137055837563 362 76 23 20 12 7 0 0 0 0 0 0 0 0 0 0 0 0 0 0
"180" 180 0.308016877637 317 116 31 19 5 4 2 2 1 1 1 1 0 0 0 0 0 0 0 0
"181" 181 0.522012578616 292 145 52 4 3 2 1 1 0 0 0 0 0 0 0 0 0 0 0 0
"182" 182 0.384615384615 234 153 73 18 9 7 4 1 1 0 0 0 0 0 0 0 0 0 0 0
"183" 183 0.626436781609 307 106 48 19 10 7 3 0 0 0 0 0 0 0 0 0 0 0 0 0
"184" 184 0.668393782383 345 115 14 10 6 4 4 1 1 0 0 0 0 0 0 0 0 0 0 0
"185" 185 0.373056994819 190 105 70 64 47 9 5 3 3 2 1 1 0 0 0 0 0 0 0 0
"186" 186 0.0927152317881 428 60 7 4 1 0 0 0 0 0 0 0 0 0 0 0 0 0 0 0
"187" 187 0.510548523207 343 75 33 20 19 6 2 2 0 0 0 0 0 0 0 0 0 0 0 0
"188" 188 0.5 302 77 43 32 22 16 3 3 2 0 0 0 0 0 0 0 0 0 0 0
"189" 189 0.182509505703 217 171 65 17 14 9 3 2 1 1 0 0 0 0 0 0 0 0 0 0
"190" 190 0.401673640167 152 137 89 79 19 9 7 4 2 2 0 0 0 0 0 0 0 0 0 0
"191" 191 0.569536423841 272 78 47 46 40 11 2 2 2 0 0 0 0 0 0 0 0 0 0 0
"192" 192 0.607594936709 278 73 68 19 19 18 14 6 3 1 1 0 0 0 0 0 0 0 0 0
"193" 193 0.377990430622 181 120 96 25 17 16 12 8 7 6 5 2 2 1 1 1 0 0 0 0
"194" 194 0.907692307692 195 125 67 38 26 14 13 11 5 4 2 0 0 0 0 0 0 0 0 0
