"site" "RSA" "aa1" "aa2" "aa3" "aa4" "aa5" "aa6" "aa7" "aa8" "aa9" "aa10" "aa11" "aa12" "aa13" "aa14" "aa15" "aa16" "aa17" "aa18" "aa19" "aa20"
"0" 0 0.848623853211 355 49 20 19 15 13 8 7 6 3 2 2 1 0 0 0 0 0 0 0
"1" 1 0.517948717949 253 91 47 46 34 15 4 4 3 1 1 1 0 0 0 0 0 0 0 0
"2" 2 0.0583941605839 251 74 31 30 26 18 14 13 10 7 7 5 4 3 3 2 1 1 0 0
"3" 3 0.383647798742 112 99 89 81 54 28 13 13 3 3 2 2 1 0 0 0 0 0 0 0
"4" 4 0.443708609272 113 113 78 53 36 25 21 18 17 11 5 5 2 1 1 1 0 0 0 0
"5" 5 0.644230769231 425 69 2 2 1 1 0 0 0 0 0 0 0 0 0 0 0 0 0 0
"6" 6 0.0766423357664 170 145 38 28 20 18 14 13 13 10 10 6 6 5 2 1 1 0 0 0
"7" 7 0.317829457364 213 49 49 34 33 28 27 17 16 13 6 6 4 3 2 0 0 0 0 0
"8" 8 0.294573643411 97 64 57 51 45 34 32 31 23 17 15 9 8 6 5 4 2 0 0 0
"9" 9 0.424870466321 94 78 52 46 46 36 34 31 31 20 11 11 7 3 0 0 0 0 0 0
"10" 10 0.430493273543 138 99 44 44 38 35 31 30 16 9 4 3 3 3 2 1 0 0 0 0
"11" 11 0.0348258706468 268 67 62 39 32 12 3 3 3 2 2 2 2 2 1 0 0 0 0 0
"12" 12 0.043795620438 290 155 19 10 6 5 4 3 2 2 1 1 1 1 0 0 0 0 0 0
"13" 13 0.704402515723 201 84 57 55 27 22 22 21 6 3 2 0 0 0 0 0 0 0 0 0
"14" 14 0.137055837563 170 61 53 32 32 29 28 23 18 11 11 10 9 7 4 1 1 0 0 0
"15" 15 0.565693430657 186 160 55 41 27 10 8 3 3 2 2 2 1 0 0 0 0 0 0 0
"16" 16 0.126903553299 123 111 59 56 55 37 29 10 6 5 3 3 2 1 0 0 0 0 0 0
"17" 17 0.313953488372 138 131 103 31 28 20 13 12 8 7 5 2 1 1 0 0 0 0 0 0
"18" 18 0.142335766423 243 148 37 15 11 10 9 6 5 4 3 3 3 2 1 0 0 0 0 0
"19" 19 0.622009569378 295 37 34 29 22 21 18 17 15 6 5 1 0 0 0 0 0 0 0 0
"20" 20 0.414448669202 150 65 53 51 47 46 18 14 14 13 12 8 4 3 2 0 0 0 0 0
"21" 21 0.360465116279 131 83 53 43 35 29 22 22 20 13 12 11 10 7 6 2 1 0 0 0
"22" 22 0.789029535865 122 81 77 71 48 35 22 20 9 8 4 3 0 0 0 0 0 0 0 0
"23" 23 0.77033492823 101 90 81 47 35 34 33 20 16 11 11 6 6 5 4 0 0 0 0 0
"24" 24 0.178294573643 186 81 66 49 22 20 18 14 12 9 9 5 5 2 1 1 0 0 0 0
"25" 25 0.174107142857 78 77 53 48 45 36 29 21 20 18 14 13 10 9 8 8 7 6 0 0
"26" 26 0.00961538461538 328 111 56 2 1 1 1 0 0 0 0 0 0 0 0 0 0 0 0 0
"27" 27 0.00662251655629 370 69 18 18 5 5 4 3 2 2 1 1 1 1 0 0 0 0 0 0
"28" 28 0.0 216 170 81 24 3 2 1 1 1 1 0 0 0 0 0 0 0 0 0 0
"29" 29 0.0696517412935 230 80 53 41 21 18 12 11 9 7 4 4 3 3 2 1 1 0 0 0
"30" 30 0.0 129 129 104 83 27 11 9 4 2 1 1 0 0 0 0 0 0 0 0 0
"31" 31 0.0982142857143 193 128 51 40 35 31 16 3 2 1 0 0 0 0 0 0 0 0 0 0
"32" 32 0.0 190 146 71 48 19 6 6 5 4 3 1 1 0 0 0 0 0 0 0 0
"33" 33 0.182692307692 500 0 0 0 0 0 0 0 0 0 0 0 0 0 0 0 0 0 0 0
"34" 34 0.492227979275 247 99 51 50 17 11 11 6 4 2 1 1 0 0 0 0 0 0 0 0
"35" 35 0.0 255 127 39 32 27 7 6 3 3 1 0 0 0 0 0 0 0 0 0 0
"36" 36 0.295358649789 116 107 91 62 30 26 17 14 8 8 8 6 4 2 1 0 0 0 0 0
"37" 37 0.0 257 83 79 60 6 6 6 2 1 0 0 0 0 0 0 0 0 0 0 0
"38" 38 0.106598984772 117 117 92 52 28 24 21 15 8 6 5 5 5 4 1 0 0 0 0 0
"39" 39 0.0 313 66 42 36 24 15 2 1 1 0 0 0 0 0 0 0 0 0 0 0
"40" 40 0.122093023256 104 61 56 50 43 40 36 21 19 16 16 9 9 7 6 4 2 1 0 0
"41" 41 0.0 186 120 82 58 18 16 6 5 5 2 1 1 0 0 0 0 0 0 0 0
"42" 42 0.245033112583 126 64 48 45 43 40 38 35 26 14 11 4 4 2 0 0 0 0 0 0
"43" 43 0.131782945736 101 100 73 69 44 29 27 21 13 7 7 3 2 2 1 1 0 0 0 0
"44" 44 0.477678571429 80 75 65 60 42 39 28 27 21 18 14 11 10 7 2 1 0 0 0 0
"45" 45 0.695364238411 89 54 47 44 40 38 34 24 23 20 19 18 14 13 12 6 4 1 0 0
"46" 46 0.192307692308 500 0 0 0 0 0 0 0 0 0 0 0 0 0 0 0 0 0 0 0
"47" 47 0.241379310345 221 92 44 37 25 15 15 13 12 11 6 3 2 2 1 1 0 0 0 0
"48" 48 0.396226415094 218 215 63 2 1 1 0 0 0 0 0 0 0 0 0 0 0 0 0 0
"49" 49 0.605839416058 320 120 51 8 1 0 0 0 0 0 0 0 0 0 0 0 0 0 0 0
"50" 50 0.125523012552 98 98 76 63 47 35 27 15 13 11 7 7 2 1 0 0 0 0 0 0
"51" 51 0.771144278607 88 86 67 58 45 44 27 20 20 14 10 8 7 6 0 0 0 0 0 0
"52" 52 0.561181434599 221 166 37 29 18 14 9 3 1 1 1 0 0 0 0 0 0 0 0 0
"53" 53 0.242152466368 500 0 0 0 0 0 0 0 0 0 0 0 0 0 0 0 0 0 0 0
"54" 54 0.0 498 2 0 0 0 0 0 0 0 0 0 0 0 0 0 0 0 0 0 0
"55" 55 0.152482269504 205 55 50 35 27 26 24 23 10 9 8 8 7 5 5 2 1 0 0 0
"56" 56 0.0 111 103 78 58 34 28 27 16 12 9 8 7 5 3 1 0 0 0 0 0
"57" 57 0.308139534884 154 66 50 40 40 36 28 20 17 14 13 9 8 2 1 1 1 0 0 0
"58" 58 0.062015503876 255 172 39 24 8 1 1 0 0 0 0 0 0 0 0 0 0 0 0 0
"59" 59 0.455357142857 186 144 40 34 28 27 13 9 5 5 5 4 0 0 0 0 0 0 0 0
"60" 60 0.0228136882129 161 142 121 55 8 3 2 2 2 1 1 1 1 0 0 0 0 0 0 0
"61" 61 0.105769230769 156 112 56 52 30 27 17 16 14 13 4 2 1 0 0 0 0 0 0 0
"62" 62 0.174311926606 131 119 52 50 33 17 17 15 14 12 11 10 7 6 4 2 0 0 0 0
"63" 63 0.388059701493 207 102 64 43 19 11 10 10 8 6 4 4 3 3 3 2 1 0 0 0
"64" 64 0.062893081761 129 90 78 66 44 33 11 10 7 7 6 5 4 4 3 3 0 0 0 0
"65" 65 0.605839416058 112 73 66 50 45 31 27 27 22 19 15 10 1 1 1 0 0 0 0 0
"66" 66 0.0331125827815 386 79 18 6 4 3 2 1 1 0 0 0 0 0 0 0 0 0 0 0
"67" 67 0.197674418605 109 65 60 59 44 42 25 20 19 15 12 12 9 4 3 1 1 0 0 0
"68" 68 0.5 155 125 50 40 30 29 27 20 7 7 4 2 2 1 1 0 0 0 0 0
"69" 69 0.642857142857 130 80 72 57 39 37 27 14 14 11 11 7 1 0 0 0 0 0 0 0
"70" 70 0.551094890511 109 100 53 51 38 28 23 16 15 15 13 11 9 9 4 3 2 1 0 0
"71" 71 0.215384615385 85 64 49 47 39 37 31 23 23 20 19 16 15 12 6 5 5 4 0 0
"72" 72 0.497757847534 133 44 44 41 36 34 26 23 20 20 19 15 15 13 6 4 4 2 1 0
"73" 73 0.448905109489 101 86 81 78 30 22 21 16 11 11 11 9 6 5 4 3 3 2 0 0
"74" 74 0.209821428571 96 72 57 41 40 35 34 25 24 23 11 10 10 9 6 3 2 1 1 0
"75" 75 0.674418604651 136 86 80 62 40 35 24 12 5 5 4 3 3 2 1 1 1 0 0 0
"76" 76 0.576158940397 129 78 70 66 31 28 21 16 15 10 9 8 8 6 2 2 1 0 0 0
"77" 77 0.412408759124 142 87 47 41 39 29 25 16 13 12 9 9 9 7 5 5 4 1 0 0
"78" 78 0.615384615385 322 159 7 4 3 2 2 1 0 0 0 0 0 0 0 0 0 0 0 0
"79" 79 0.493670886076 103 80 62 47 40 36 25 22 19 18 13 9 8 6 5 4 3 0 0 0
"80" 80 0.295964125561 83 65 59 48 41 40 35 25 24 24 17 11 10 8 3 2 2 2 1 0
"81" 81 0.201923076923 131 67 66 52 36 27 22 19 18 17 16 9 9 5 2 2 1 1 0 0
"82" 82 0.519230769231 131 71 70 61 47 44 24 18 14 9 4 3 2 1 1 0 0 0 0 0
"83" 83 0.394160583942 269 49 35 30 27 26 19 14 11 8 5 3 2 1 1 0 0 0 0 0
"84" 84 0.046511627907 127 68 53 52 32 29 26 19 19 16 15 12 10 7 5 5 3 2 0 0
"85" 85 0.383084577114 130 109 83 43 37 28 25 10 8 6 6 5 4 3 2 1 0 0 0 0
"86" 86 0.352678571429 124 102 76 68 33 19 15 13 11 8 8 7 7 5 2 1 1 0 0 0
"87" 87 0.0 118 102 91 34 29 25 25 23 14 11 9 7 6 4 2 0 0 0 0 0
"88" 88 0.0896860986547 260 102 57 29 20 10 8 4 3 3 1 1 1 1 0 0 0 0 0 0
"89" 89 0.627737226277 126 92 69 47 41 40 31 30 6 5 4 4 3 1 1 0 0 0 0 0
"90" 90 0.0398009950249 173 71 61 53 33 25 25 15 10 8 7 6 5 3 2 2 1 0 0 0
"91" 91 0.0 125 100 83 77 57 16 16 7 6 6 2 2 2 1 0 0 0 0 0 0
"92" 92 0.0192307692308 149 100 92 57 36 28 25 5 3 2 1 1 1 0 0 0 0 0 0 0
"93" 93 0.339416058394 111 72 65 64 39 38 34 23 23 11 6 4 3 2 2 2 1 0 0 0
"94" 94 0.0 164 161 75 37 24 9 6 5 4 4 3 3 2 2 1 0 0 0 0 0
"95" 95 0.0 157 97 56 53 50 28 24 16 11 5 2 1 0 0 0 0 0 0 0 0
"96" 96 0.21897810219 186 76 72 47 35 31 23 8 6 5 5 2 1 1 1 1 0 0 0 0
"97" 97 0.271317829457 103 63 62 49 39 28 28 25 21 21 14 12 11 9 9 3 2 1 0 0
"98" 98 0.0232558139535 353 117 10 9 6 3 1 1 0 0 0 0 0 0 0 0 0 0 0 0
"99" 99 0.0149253731343 180 155 43 26 21 16 10 9 8 8 8 8 4 2 1 1 0 0 0 0
"100" 100 0.19170984456 383 67 19 6 5 5 3 3 2 2 2 1 1 1 0 0 0 0 0 0
"101" 101 0.114427860697 177 163 53 19 18 18 17 11 8 4 3 3 3 1 1 1 0 0 0 0
"102" 102 0.443708609272 216 52 52 44 36 32 30 22 6 6 2 2 0 0 0 0 0 0 0 0
"103" 103 0.350210970464 211 140 85 18 16 8 7 3 3 3 2 2 1 1 0 0 0 0 0 0
"104" 104 0.0 194 61 50 45 43 29 20 19 13 10 4 4 3 3 2 0 0 0 0 0
"105" 105 0.0480769230769 500 0 0 0 0 0 0 0 0 0 0 0 0 0 0 0 0 0 0 0
"106" 106 0.584821428571 121 78 58 44 42 41 28 24 23 18 11 8 2 1 1 0 0 0 0 0
"107" 107 0.0923076923077 78 67 61 56 38 35 32 26 23 19 18 17 10 6 6 6 2 0 0 0
"108" 108 0.0290697674419 117 79 54 47 34 31 28 25 19 19 17 12 8 4 3 3 0 0 0 0
"109" 109 0.0 134 90 80 76 22 22 17 16 11 11 7 7 2 2 2 1 0 0 0 0
"110" 110 0.368821292776 122 93 74 52 36 31 30 15 15 12 11 6 2 1 0 0 0 0 0 0
"111" 111 0.00507614213198 141 110 74 36 30 23 23 22 15 12 8 3 1 1 1 0 0 0 0 0
"112" 112 0.20207253886 100 88 52 51 45 43 32 31 24 24 8 1 1 0 0 0 0 0 0 0
"113" 113 0.0 319 44 35 33 31 20 13 4 1 0 0 0 0 0 0 0 0 0 0 0
"114" 114 0.310880829016 71 71 70 64 58 50 45 31 15 8 6 4 3 2 2 0 0 0 0 0
"115" 115 0.0 269 107 37 32 26 18 5 4 2 0 0 0 0 0 0 0 0 0 0 0
"116" 116 0.38578680203 160 74 71 60 60 29 8 7 6 6 5 4 4 3 3 0 0 0 0 0
"117" 117 0.340807174888 104 93 85 81 58 26 20 13 6 5 5 4 0 0 0 0 0 0 0 0
"118" 118 0.178294573643 161 92 60 41 23 19 18 18 15 14 9 8 7 7 4 3 1 0 0 0
"119" 119 0.20207253886 301 76 38 38 25 8 5 3 3 2 1 0 0 0 0 0 0 0 0 0
"120" 120 0.105769230769 500 0 0 0 0 0 0 0 0 0 0 0 0 0 0 0 0 0 0 0
"121" 121 0.173076923077 336 77 56 26 2 1 1 1 0 0 0 0 0 0 0 0 0 0 0 0
"122" 122 0.0348837209302 250 68 62 58 37 13 3 2 2 2 1 1 1 0 0 0 0 0 0 0
"123" 123 0.120437956204 125 95 78 71 24 24 16 14 12 10 9 8 6 4 2 2 0 0 0 0
"124" 124 0.00581395348837 288 96 66 33 5 4 4 2 1 1 0 0 0 0 0 0 0 0 0 0
"125" 125 0.0 259 104 72 40 12 11 1 1 0 0 0 0 0 0 0 0 0 0 0 0
"126" 126 0.0 238 234 17 11 0 0 0 0 0 0 0 0 0 0 0 0 0 0 0 0
"127" 127 0.00507614213198 108 96 95 70 56 31 16 12 6 5 3 1 1 0 0 0 0 0 0 0
"128" 128 0.0 188 107 64 42 22 20 18 15 5 4 3 3 3 3 2 1 0 0 0 0
"129" 129 0.0 364 103 30 2 1 0 0 0 0 0 0 0 0 0 0 0 0 0 0 0
"130" 130 0.0 286 125 67 8 6 2 1 1 1 1 1 1 0 0 0 0 0 0 0 0
"131" 131 0.00581395348837 193 140 69 36 17 16 8 5 4 3 3 2 2 1 1 0 0 0 0 0
"132" 132 0.0 109 75 75 62 60 56 49 6 3 2 2 1 0 0 0 0 0 0 0 0
"133" 133 0.0 297 196 3 2 2 0 0 0 0 0 0 0 0 0 0 0 0 0 0 0
"134" 134 0.00995024875622 160 96 68 55 31 19 15 13 10 10 10 5 4 2 1 1 0 0 0 0
"135" 135 0.162436548223 112 68 59 51 45 38 36 22 13 12 11 10 10 5 3 3 2 0 0 0
"136" 136 0.0673575129534 156 86 47 39 27 23 22 20 19 16 14 8 7 7 5 2 2 0 0 0
"137" 137 0.0 324 119 20 10 7 6 5 5 2 1 1 0 0 0 0 0 0 0 0 0
"138" 138 0.0646766169154 187 97 85 25 17 17 15 14 13 11 6 5 3 2 2 1 0 0 0 0
"139" 139 0.457364341085 133 82 52 46 46 33 26 22 17 11 9 7 5 4 3 2 2 0 0 0
"140" 140 0.252873563218 106 61 61 56 40 35 30 25 22 17 15 12 11 3 3 3 0 0 0 0
"141" 141 0.0199004975124 128 99 84 67 36 26 22 12 8 6 4 3 1 1 1 1 1 0 0 0
"142" 142 0.514767932489 229 61 43 41 21 18 18 18 13 11 8 6 5 3 2 2 1 0 0 0
"143" 143 0.827004219409 170 54 52 50 46 40 39 13 11 8 7 4 2 2 1 1 0 0 0 0
"144" 144 0.540145985401 95 92 76 61 35 28 27 25 23 13 6 5 5 4 2 2 1 0 0 0
"145" 145 0.615384615385 343 155 2 0 0 0 0 0 0 0 0 0 0 0 0 0 0 0 0 0
"146" 146 0.170542635659 193 50 49 48 35 19 17 16 16 14 14 10 5 4 4 4 2 0 0 0
"147" 147 0.124378109453 297 70 28 24 21 16 9 9 5 4 4 3 3 3 2 2 0 0 0 0
"148" 148 0.497890295359 112 104 73 70 57 33 24 9 6 5 3 3 1 0 0 0 0 0 0 0
"149" 149 0.384615384615 499 1 0 0 0 0 0 0 0 0 0 0 0 0 0 0 0 0 0 0
"150" 150 0.502564102564 456 10 10 8 4 4 3 2 2 1 0 0 0 0 0 0 0 0 0 0
"151" 151 0.0125786163522 120 108 104 60 41 40 11 5 4 3 2 1 1 0 0 0 0 0 0 0
"152" 152 0.323383084577 118 75 69 63 39 32 30 22 13 13 7 7 4 3 3 2 0 0 0 0
"153" 153 0.523206751055 153 122 70 69 44 13 7 6 5 4 2 2 1 1 1 0 0 0 0 0
"154" 154 0.291479820628 158 84 77 45 32 24 23 20 14 11 4 3 2 2 1 0 0 0 0 0
"155" 155 0.0963302752294 112 101 73 48 32 22 21 21 19 13 11 10 6 4 3 2 1 1 0 0
"156" 156 0.0 256 111 91 12 10 5 3 3 2 2 2 1 1 1 0 0 0 0 0 0
"157" 157 0.0 249 113 52 48 15 8 8 4 1 1 1 0 0 0 0 0 0 0 0 0
"158" 158 0.0077519379845 385 106 2 2 1 1 1 1 1 0 0 0 0 0 0 0 0 0 0 0
"159" 159 0.0 160 156 145 16 11 5 4 2 1 0 0 0 0 0 0 0 0 0 0 0
"160" 160 0.0331125827815 230 184 23 19 12 8 5 4 4 3 3 1 1 1 1 1 0 0 0 0
"161" 161 0.00574712643678 250 91 74 69 5 4 3 2 1 1 0 0 0 0 0 0 0 0 0 0
"162" 162 0.0 328 52 40 40 18 13 4 2 1 1 1 0 0 0 0 0 0 0 0 0
"163" 163 0.126903553299 92 90 72 61 40 35 24 23 19 13 9 9 6 2 2 2 1 0 0 0
"164" 164 0.144486692015 84 71 67 65 58 30 28 27 20 12 12 10 9 4 2 1 0 0 0 0
"165" 165 0.417040358744 275 85 59 31 18 10 7 5 4 4 2 0 0 0 0 0 0 0 0 0
"166" 166 0.615384615385 450 48 1 1 0 0 0 0 0 0 0 0 0 0 0 0 0 0 0 0
"167" 167 0.33908045977 120 59 56 54 38 35 33 30 25 22 16 8 2 1 1 0 0 0 0 0
"168" 168 0.251572327044 109 83 73 71 69 28 18 17 17 4 3 2 2 2 1 1 0 0 0 0
"169" 169 0.0229885057471 108 77 71 65 61 23 23 21 18 9 7 6 4 3 3 1 0 0 0 0
"170" 170 0.00497512437811 202 101 57 56 25 22 15 7 5 3 3 2 1 1 0 0 0 0 0 0
"171" 171 0.0 411 39 13 13 11 9 2 1 1 0 0 0 0 0 0 0 0 0 0 0
"172" 172 0.00995024875622 309 63 58 28 28 5 3 3 2 1 0 0 0 0 0 0 0 0 0 0
"173" 173 0.0569948186528 424 24 13 12 8 5 4 3 2 2 2 1 0 0 0 0 0 0 0 0
"174" 174 0.490494296578 142 114 82 47 37 17 14 14 9 9 6 5 2 1 1 0 0 0 0 0
"175" 175 0.492537313433 112 71 61 46 45 39 31 28 20 18 17 9 2 1 0 0 0 0 0 0
"176" 176 0.0 193 63 58 39 35 32 22 21 10 9 7 4 3 2 1 1 0 0 0 0
"177" 177 0.362694300518 132 74 53 46 44 41 27 26 19 16 9 6 3 2 1 1 0 0 0 0
"178" 178 0.443708609272 145 74 72 63 49 25 18 13 11 10 6 5 5 3 1 0 0 0 0 0
"179" 179 0.441860465116 105 82 56 49 41 26 24 21 19 16 13 12 12 10 6 4 4 0 0 0
"180" 180 0.046511627907 237 211 23 8 6 4 2 2 2 2 1 1 1 0 0 0 0 0 0 0
"181" 181 0.473214285714 152 77 75 67 35 25 12 11 10 9 8 7 5 4 3 0 0 0 0 0
"182" 182 0.0581395348837 89 80 47 45 43 37 26 25 22 20 18 15 14 6 6 4 3 0 0 0
"183" 183 0.129533678756 99 93 84 72 48 24 22 20 15 7 6 4 3 2 1 0 0 0 0 0
"184" 184 0.00497512437811 171 112 71 38 22 13 12 10 9 8 8 6 5 4 3 3 3 2 0 0
"185" 185 0.0923076923077 91 88 61 51 48 31 28 25 19 17 13 13 8 4 2 1 0 0 0 0
"186" 186 0.00574712643678 101 92 53 44 42 37 32 26 14 12 9 8 8 7 7 6 2 0 0 0
"187" 187 0.0172413793103 171 83 78 68 39 27 13 6 6 4 3 1 1 0 0 0 0 0 0 0
"188" 188 0.00917431192661 115 99 80 72 35 19 15 14 10 8 6 6 5 4 4 3 3 2 0 0
"189" 189 0.0581395348837 124 114 66 54 29 23 21 20 10 10 10 7 5 4 3 0 0 0 0 0
"190" 190 0.279792746114 148 81 55 42 39 30 29 19 17 9 8 8 5 5 4 1 0 0 0 0
"191" 191 0.713178294574 105 73 69 58 51 51 28 25 15 5 5 4 4 4 2 1 0 0 0 0
"192" 192 0.307692307692 497 3 0 0 0 0 0 0 0 0 0 0 0 0 0 0 0 0 0 0
"193" 193 0.317307692308 139 72 57 38 37 33 30 28 26 12 9 7 6 2 2 2 0 0 0 0
"194" 194 0.364016736402 144 70 65 44 41 32 29 18 15 13 8 5 5 5 4 1 1 0 0 0
"195" 195 0.258883248731 125 114 52 49 35 23 20 15 13 12 10 9 9 8 3 2 1 0 0 0
"196" 196 0.1875 114 101 52 44 42 38 34 28 13 6 6 5 4 4 4 3 1 1 0 0
"197" 197 0.362068965517 120 50 45 41 40 39 36 31 21 20 13 13 8 8 5 5 5 0 0 0
"198" 198 0.313901345291 105 100 80 43 40 27 26 16 14 14 14 8 6 5 2 0 0 0 0 0
"199" 199 0.298076923077 166 75 52 43 40 32 31 28 8 5 5 4 4 3 3 1 0 0 0 0
"200" 200 0.372093023256 116 65 63 41 38 32 29 24 22 21 21 15 4 4 2 2 1 0 0 0
"201" 201 0.31007751938 267 95 44 19 14 13 10 7 7 4 4 3 3 3 3 2 1 1 0 0
"202" 202 0.625 102 93 74 59 39 31 21 17 12 12 11 10 7 7 4 1 0 0 0 0
"203" 203 0.269230769231 460 24 3 3 3 2 1 1 1 1 1 0 0 0 0 0 0 0 0 0
"204" 204 0.596899224806 126 89 82 77 29 26 17 17 11 9 9 8 0 0 0 0 0 0 0 0
"205" 205 0.635220125786 179 59 57 49 42 26 26 19 17 10 7 5 2 1 1 0 0 0 0 0
"206" 206 0.225941422594 96 58 51 43 36 35 31 22 22 22 18 14 14 13 10 8 3 2 2 0
"207" 207 0.63503649635 81 72 65 62 55 38 36 32 18 15 8 7 7 3 1 0 0 0 0 0
"208" 208 0.572327044025 295 124 31 22 12 6 4 3 1 1 1 0 0 0 0 0 0 0 0 0
"209" 209 0.604651162791 285 57 32 28 26 26 20 15 5 5 1 0 0 0 0 0 0 0 0 0
"210" 210 0.294642857143 110 87 72 48 46 36 17 16 16 16 12 8 6 5 2 1 1 1 0 0
"211" 211 0.243781094527 130 87 65 62 33 33 18 14 12 10 8 7 6 5 4 4 2 0 0 0
"212" 212 0.461538461538 121 114 108 71 16 15 12 10 9 8 8 3 2 2 1 0 0 0 0 0
"213" 213 0.302325581395 143 91 89 45 29 26 20 16 14 10 6 4 3 2 1 1 0 0 0 0
"214" 214 0.0045871559633 155 86 44 37 34 31 25 22 19 10 8 7 7 6 4 3 1 1 0 0
"215" 215 0.10447761194 162 83 75 61 25 22 13 11 10 8 7 7 5 5 4 1 1 0 0 0
"216" 216 0.5625 124 84 58 52 47 39 24 19 19 12 9 5 3 2 1 1 1 0 0 0
"217" 217 0.109452736318 66 62 57 54 45 36 23 22 21 21 20 19 14 10 10 9 9 2 0 0
"218" 218 0.0 225 158 28 26 11 10 9 9 7 6 5 3 2 1 0 0 0 0 0 0
"219" 219 0.304932735426 127 88 82 44 37 29 20 20 11 10 7 6 6 5 3 3 2 0 0 0
"220" 220 0.479820627803 138 70 55 48 45 36 25 20 20 19 14 5 2 1 1 1 0 0 0 0
"221" 221 0.0384615384615 239 78 57 28 27 13 11 9 8 8 7 5 4 4 2 0 0 0 0 0
"222" 222 0.0 130 82 62 59 57 54 17 8 8 7 6 4 3 1 1 1 0 0 0 0
"223" 223 0.403587443946 103 91 81 66 41 31 22 18 17 12 9 7 1 1 0 0 0 0 0 0
"224" 224 0.428571428571 100 85 57 56 54 38 31 23 19 13 9 6 5 2 1 1 0 0 0 0
"225" 225 0.0 142 109 105 39 25 16 14 11 10 10 8 4 4 2 1 0 0 0 0 0
"226" 226 0.00418410041841 223 144 65 19 10 10 9 5 4 3 3 2 2 1 0 0 0 0 0 0
"227" 227 0.553571428571 134 92 67 52 30 29 26 22 21 8 7 5 3 2 1 1 0 0 0 0
"228" 228 0.243781094527 102 80 73 54 50 40 27 23 19 16 7 4 2 2 1 0 0 0 0 0
"229" 229 0.0 118 103 73 38 32 31 28 22 17 11 10 10 4 2 1 0 0 0 0 0
"230" 230 0.456204379562 91 77 76 64 61 38 25 20 19 9 7 4 3 2 2 1 1 0 0 0
"231" 231 0.457364341085 100 82 76 70 37 32 29 21 18 16 5 5 4 3 1 1 0 0 0 0
"232" 232 0.131782945736 392 55 13 9 8 5 5 3 2 2 2 1 1 1 1 0 0 0 0 0
"233" 233 0.189054726368 183 67 54 30 26 26 23 21 19 16 11 10 9 3 2 0 0 0 0 0
"234" 234 0.558139534884 180 99 61 39 25 22 18 14 12 11 8 7 3 1 0 0 0 0 0 0
"235" 235 0.808035714286 284 192 9 5 3 3 2 1 1 0 0 0 0 0 0 0 0 0 0 0
