"site" "RSA" "aa1" "aa2" "aa3" "aa4" "aa5" "aa6" "aa7" "aa8" "aa9" "aa10" "aa11" "aa12" "aa13" "aa14" "aa15" "aa16" "aa17" "aa18" "aa19" "aa20"
"0" 0 0.317880794702 2 0 0 0 0 0 0 0 0 0 0 0 0 0 0 0 0 0 0 0
"1" 1 0.00507614213198 2 1 1 0 0 0 0 0 0 0 0 0 0 0 0 0 0 0 0 0
"2" 2 0.0 2 1 1 0 0 0 0 0 0 0 0 0 0 0 0 0 0 0 0 0
"3" 3 0.10460251046 3 2 0 0 0 0 0 0 0 0 0 0 0 0 0 0 0 0 0 0
"4" 4 0.269035532995 2 1 1 1 1 0 0 0 0 0 0 0 0 0 0 0 0 0 0 0
"5" 5 0.709844559585 3 1 1 1 1 0 0 0 0 0 0 0 0 0 0 0 0 0 0 0
"6" 6 0.5 3 2 1 1 1 0 0 0 0 0 0 0 0 0 0 0 0 0 0 0
"7" 7 0.421524663677 4 2 1 1 1 1 0 0 0 0 0 0 0 0 0 0 0 0 0 0
"8" 8 0.0348258706468 6 1 1 1 1 0 0 0 0 0 0 0 0 0 0 0 0 0 0 0
"9" 9 0.403846153846 2 1 1 1 1 1 1 1 1 0 0 0 0 0 0 0 0 0 0 0
"10" 10 0.0174418604651 5 5 2 1 0 0 0 0 0 0 0 0 0 0 0 0 0 0 0 0
"11" 11 0.574358974359 9 4 2 2 2 1 1 1 1 0 0 0 0 0 0 0 0 0 0 0
"12" 12 0.459119496855 18 9 2 1 0 0 0 0 0 0 0 0 0 0 0 0 0 0 0 0
"13" 13 0.0232558139535 16 8 5 2 0 0 0 0 0 0 0 0 0 0 0 0 0 0 0 0
"14" 14 0.629464285714 23 9 9 8 4 2 1 1 0 0 0 0 0 0 0 0 0 0 0 0
"15" 15 0.28855721393 80 5 2 0 0 0 0 0 0 0 0 0 0 0 0 0 0 0 0 0
"16" 16 0.119496855346 79 3 2 1 1 1 0 0 0 0 0 0 0 0 0 0 0 0 0 0
"17" 17 0.704402515723 27 15 14 12 10 5 3 1 1 0 0 0 0 0 0 0 0 0 0 0
"18" 18 0.119402985075 88 1 0 0 0 0 0 0 0 0 0 0 0 0 0 0 0 0 0 0
"19" 19 0.522012578616 65 6 5 4 3 3 1 1 1 0 0 0 0 0 0 0 0 0 0 0
"20" 20 0.133079847909 86 3 0 0 0 0 0 0 0 0 0 0 0 0 0 0 0 0 0 0
"21" 21 0.355769230769 52 19 6 6 2 1 1 1 1 0 0 0 0 0 0 0 0 0 0 0
"22" 22 0.281368821293 65 8 4 3 3 2 1 1 1 1 0 0 0 0 0 0 0 0 0 0
"23" 23 0.559585492228 54 10 8 6 5 4 1 1 0 0 0 0 0 0 0 0 0 0 0 0
"24" 24 0.248062015504 81 4 1 1 1 1 0 0 0 0 0 0 0 0 0 0 0 0 0 0
"25" 25 0.0 89 1 0 0 0 0 0 0 0 0 0 0 0 0 0 0 0 0 0 0
"26" 26 0.352678571429 81 2 2 2 2 1 0 0 0 0 0 0 0 0 0 0 0 0 0 0
"27" 27 0.476793248945 83 3 1 1 1 1 0 0 0 0 0 0 0 0 0 0 0 0 0 0
"28" 28 0.0 40 19 8 6 6 5 4 2 0 0 0 0 0 0 0 0 0 0 0 0
"29" 29 0.0253807106599 76 6 5 2 1 0 0 0 0 0 0 0 0 0 0 0 0 0 0 0
"30" 30 0.0829015544041 84 3 1 1 1 0 0 0 0 0 0 0 0 0 0 0 0 0 0 0
"31" 31 0.0697674418605 55 14 10 5 2 1 1 1 1 0 0 0 0 0 0 0 0 0 0 0
"32" 32 0.495535714286 22 16 14 13 7 6 4 3 3 2 0 0 0 0 0 0 0 0 0 0
"33" 33 0.0116279069767 86 4 0 0 0 0 0 0 0 0 0 0 0 0 0 0 0 0 0 0
"34" 34 0.0045871559633 87 2 1 0 0 0 0 0 0 0 0 0 0 0 0 0 0 0 0 0
"35" 35 0.434599156118 52 8 7 5 5 5 4 1 1 1 1 0 0 0 0 0 0 0 0 0
"36" 36 0.407960199005 63 19 5 2 1 0 0 0 0 0 0 0 0 0 0 0 0 0 0 0
"37" 37 0.0191387559809 90 0 0 0 0 0 0 0 0 0 0 0 0 0 0 0 0 0 0 0
"38" 38 0.0334928229665 81 8 1 0 0 0 0 0 0 0 0 0 0 0 0 0 0 0 0 0
"39" 39 0.326424870466 28 26 16 13 5 1 1 0 0 0 0 0 0 0 0 0 0 0 0 0
"40" 40 0.599156118143 73 12 1 1 1 1 1 0 0 0 0 0 0 0 0 0 0 0 0 0
"41" 41 0.311004784689 90 0 0 0 0 0 0 0 0 0 0 0 0 0 0 0 0 0 0 0
"42" 42 0.0 88 1 1 0 0 0 0 0 0 0 0 0 0 0 0 0 0 0 0 0
"43" 43 0.124031007752 40 20 19 4 4 2 1 0 0 0 0 0 0 0 0 0 0 0 0 0
"44" 44 0.294573643411 42 34 13 1 0 0 0 0 0 0 0 0 0 0 0 0 0 0 0 0
"45" 45 0.102661596958 88 1 1 0 0 0 0 0 0 0 0 0 0 0 0 0 0 0 0 0
"46" 46 0.0229885057471 63 15 8 2 2 0 0 0 0 0 0 0 0 0 0 0 0 0 0 0
"47" 47 0.471794871795 31 30 12 6 6 4 1 0 0 0 0 0 0 0 0 0 0 0 0 0
"48" 48 0.369230769231 66 20 3 1 0 0 0 0 0 0 0 0 0 0 0 0 0 0 0 0
"49" 49 0.00497512437811 66 6 5 5 4 3 1 0 0 0 0 0 0 0 0 0 0 0 0 0
"50" 50 0.14358974359 87 1 1 1 0 0 0 0 0 0 0 0 0 0 0 0 0 0 0 0
"51" 51 0.441025641026 45 13 9 5 5 4 4 2 1 1 1 0 0 0 0 0 0 0 0 0
"52" 52 0.0232558139535 80 4 2 1 1 1 1 0 0 0 0 0 0 0 0 0 0 0 0 0
"53" 53 0.00995024875622 50 20 13 4 2 1 0 0 0 0 0 0 0 0 0 0 0 0 0 0
"54" 54 0.599156118143 51 17 15 4 2 1 0 0 0 0 0 0 0 0 0 0 0 0 0 0
"55" 55 0.603375527426 42 21 7 6 4 4 3 2 1 0 0 0 0 0 0 0 0 0 0 0
"56" 56 0.167464114833 18 17 6 4 3 2 2 1 1 1 1 1 1 0 0 0 0 0 0 0
"57" 57 0.471698113208 38 25 7 5 3 3 2 1 1 1 1 1 0 0 0 0 0 0 0 0
"58" 58 0.549107142857 39 19 8 5 3 3 3 2 2 1 1 1 1 0 0 0 0 0 0 0
"59" 59 0.114427860697 58 7 5 5 3 2 2 1 1 1 1 0 0 0 0 0 0 0 0 0
"60" 60 0.224215246637 30 20 16 4 4 3 3 2 2 1 1 1 1 1 0 0 0 0 0 0
"61" 61 0.815384615385 16 14 12 11 10 10 7 3 2 1 1 1 1 0 0 0 0 0 0 0
"62" 62 0.271523178808 37 13 11 4 3 3 3 3 3 3 1 1 1 0 0 0 0 0 0 0
"63" 63 0.0529801324503 43 14 12 11 4 3 1 1 0 0 0 0 0 0 0 0 0 0 0 0
"64" 64 0.00574712643678 33 28 22 4 2 1 0 0 0 0 0 0 0 0 0 0 0 0 0 0
"65" 65 0.0 55 6 5 5 4 4 4 3 2 1 1 0 0 0 0 0 0 0 0 0
"66" 66 0.325581395349 37 25 9 7 3 3 3 2 1 0 0 0 0 0 0 0 0 0 0 0
"67" 67 0.0298507462687 60 22 3 2 1 1 1 0 0 0 0 0 0 0 0 0 0 0 0 0
"68" 68 0.0149253731343 50 16 14 4 3 2 1 0 0 0 0 0 0 0 0 0 0 0 0 0
"69" 69 0.43795620438 31 15 11 9 8 6 4 2 1 1 1 1 0 0 0 0 0 0 0 0
"70" 70 0.419689119171 30 22 10 5 5 4 4 4 2 1 1 1 0 0 0 0 0 0 0 0
"71" 71 0.129353233831 48 15 12 3 1 1 1 1 1 1 0 0 0 0 0 0 0 0 0 0
"72" 72 0.682051282051 29 19 15 5 5 3 3 3 2 2 0 0 0 0 0 0 0 0 0 0
"73" 73 0.509933774834 24 21 7 6 6 5 4 4 3 2 2 1 1 0 0 0 0 0 0 0
"74" 74 0.0 28 28 10 5 2 2 1 1 1 1 0 0 0 0 0 0 0 0 0 0
"75" 75 0.220125786164 71 4 2 1 1 0 0 0 0 0 0 0 0 0 0 0 0 0 0 0
"76" 76 0.709821428571 39 10 4 3 2 2 2 1 0 0 0 0 0 0 0 0 0 0 0 0
"77" 77 0.549222797927 25 11 10 6 4 2 2 1 1 0 0 0 0 0 0 0 0 0 0 0
"78" 78 0.0152284263959 39 10 8 4 3 2 1 1 1 0 0 0 0 0 0 0 0 0 0 0
"79" 79 0.259124087591 43 12 7 5 3 1 1 1 0 0 0 0 0 0 0 0 0 0 0 0
"80" 80 0.517441860465 39 11 6 6 6 6 3 2 2 2 1 1 0 0 0 0 0 0 0 0
"81" 81 0.308139534884 60 8 5 4 3 3 2 1 1 1 1 0 0 0 0 0 0 0 0 0
"82" 82 0.0 64 15 8 1 1 1 0 0 0 0 0 0 0 0 0 0 0 0 0 0
"83" 83 0.332116788321 79 7 2 1 1 0 0 0 0 0 0 0 0 0 0 0 0 0 0 0
"84" 84 0.317948717949 86 4 0 0 0 0 0 0 0 0 0 0 0 0 0 0 0 0 0 0
"85" 85 0.0871794871795 79 8 2 1 0 0 0 0 0 0 0 0 0 0 0 0 0 0 0 0
"86" 86 0.00961538461538 74 14 2 0 0 0 0 0 0 0 0 0 0 0 0 0 0 0 0 0
"87" 87 0.00961538461538 90 0 0 0 0 0 0 0 0 0 0 0 0 0 0 0 0 0 0 0
"88" 88 0.0 89 1 0 0 0 0 0 0 0 0 0 0 0 0 0 0 0 0 0 0
"89" 89 0.00478468899522 76 6 5 1 1 1 0 0 0 0 0 0 0 0 0 0 0 0 0 0
"90" 90 0.0 33 28 11 5 4 3 3 2 1 0 0 0 0 0 0 0 0 0 0 0
"91" 91 0.0 89 1 0 0 0 0 0 0 0 0 0 0 0 0 0 0 0 0 0 0
"92" 92 0.0 90 0 0 0 0 0 0 0 0 0 0 0 0 0 0 0 0 0 0 0
"93" 93 0.0116279069767 48 21 9 3 2 2 2 2 1 0 0 0 0 0 0 0 0 0 0 0
"94" 94 0.00507614213198 51 17 10 6 2 1 1 1 1 0 0 0 0 0 0 0 0 0 0 0
"95" 95 0.00836820083682 86 3 1 0 0 0 0 0 0 0 0 0 0 0 0 0 0 0 0 0
"96" 96 0.0141843971631 89 1 0 0 0 0 0 0 0 0 0 0 0 0 0 0 0 0 0 0
"97" 97 0.152466367713 18 17 16 15 6 5 4 3 2 2 2 0 0 0 0 0 0 0 0 0
"98" 98 0.0 31 27 14 4 4 3 2 2 2 1 0 0 0 0 0 0 0 0 0 0
"99" 99 0.00917431192661 54 31 5 0 0 0 0 0 0 0 0 0 0 0 0 0 0 0 0 0
"100" 100 0.119205298013 44 13 13 10 7 1 1 1 0 0 0 0 0 0 0 0 0 0 0 0
"101" 101 0.308176100629 78 3 3 2 1 1 1 1 0 0 0 0 0 0 0 0 0 0 0 0
"102" 102 0.787564766839 36 12 8 8 5 5 4 4 4 2 0 0 0 0 0 0 0 0 0 0
"103" 103 0.153846153846 57 5 5 5 4 3 3 1 1 1 0 0 0 0 0 0 0 0 0 0
"104" 104 0.163461538462 67 4 4 3 2 2 2 2 1 1 1 1 0 0 0 0 0 0 0 0
"105" 105 0.548076923077 71 4 3 2 2 2 2 2 1 1 0 0 0 0 0 0 0 0 0 0
"106" 106 0.556053811659 37 14 11 6 5 3 3 2 2 2 1 1 1 1 0 0 0 0 0 0
"107" 107 0.11320754717 77 4 1 1 1 1 1 1 0 0 0 0 0 0 0 0 0 0 0 0
"108" 108 0.453488372093 35 20 6 5 4 4 4 3 2 2 1 1 0 0 0 0 0 0 0 0
"109" 109 0.423076923077 73 7 3 2 1 1 1 1 1 0 0 0 0 0 0 0 0 0 0 0
"110" 110 0.512953367876 31 27 16 6 3 2 1 1 1 1 1 0 0 0 0 0 0 0 0 0
"111" 111 0.0 65 12 11 2 0 0 0 0 0 0 0 0 0 0 0 0 0 0 0 0
"112" 112 0.108527131783 56 14 6 4 3 2 1 1 1 1 1 0 0 0 0 0 0 0 0 0
"113" 113 0.542600896861 27 15 14 14 7 5 4 2 1 1 0 0 0 0 0 0 0 0 0 0
"114" 114 0.196428571429 65 8 4 3 3 2 2 1 1 1 0 0 0 0 0 0 0 0 0 0
"115" 115 0.0 85 3 1 1 0 0 0 0 0 0 0 0 0 0 0 0 0 0 0 0
"116" 116 0.410256410256 28 27 11 10 4 3 2 2 1 1 1 0 0 0 0 0 0 0 0 0
"117" 117 0.704035874439 20 13 12 11 10 8 5 5 3 1 1 1 0 0 0 0 0 0 0 0
"118" 118 0.389534883721 23 20 14 9 9 7 5 2 1 0 0 0 0 0 0 0 0 0 0 0
"119" 119 0.117154811715 66 16 3 3 1 1 0 0 0 0 0 0 0 0 0 0 0 0 0 0
"120" 120 0.538461538462 85 1 1 1 1 1 0 0 0 0 0 0 0 0 0 0 0 0 0 0
"121" 121 0.238410596026 63 21 3 2 1 0 0 0 0 0 0 0 0 0 0 0 0 0 0 0
"122" 122 0.0627615062762 61 15 5 3 2 1 1 1 1 0 0 0 0 0 0 0 0 0 0 0
"123" 123 0.424107142857 48 27 10 1 1 1 1 1 0 0 0 0 0 0 0 0 0 0 0 0
"124" 124 0.316964285714 31 19 16 5 4 4 3 3 3 1 1 0 0 0 0 0 0 0 0 0
"125" 125 0.0 74 8 7 1 0 0 0 0 0 0 0 0 0 0 0 0 0 0 0 0
"126" 126 0.240506329114 74 9 5 2 0 0 0 0 0 0 0 0 0 0 0 0 0 0 0 0
"127" 127 0.556962025316 35 12 11 11 7 6 4 4 0 0 0 0 0 0 0 0 0 0 0 0
"128" 128 0.300448430493 24 20 16 14 7 3 2 1 1 1 1 0 0 0 0 0 0 0 0 0
"129" 129 0.0 79 8 2 1 0 0 0 0 0 0 0 0 0 0 0 0 0 0 0 0
"130" 130 0.14358974359 20 19 18 16 6 6 2 1 1 1 0 0 0 0 0 0 0 0 0 0
"131" 131 0.551569506726 27 26 14 6 5 5 5 1 1 0 0 0 0 0 0 0 0 0 0 0
"132" 132 0.15503875969 79 3 3 2 1 1 1 0 0 0 0 0 0 0 0 0 0 0 0 0
"133" 133 0.0 62 21 2 2 2 1 0 0 0 0 0 0 0 0 0 0 0 0 0 0
"134" 134 0.394230769231 27 18 12 10 8 7 4 2 1 1 0 0 0 0 0 0 0 0 0 0
"135" 135 0.626943005181 33 19 10 10 7 5 2 2 2 0 0 0 0 0 0 0 0 0 0 0
"136" 136 0.211678832117 59 12 7 4 4 2 1 1 0 0 0 0 0 0 0 0 0 0 0 0
"137" 137 0.832635983264 86 4 0 0 0 0 0 0 0 0 0 0 0 0 0 0 0 0 0 0
"138" 138 0.394230769231 90 0 0 0 0 0 0 0 0 0 0 0 0 0 0 0 0 0 0 0
"139" 139 0.258278145695 90 0 0 0 0 0 0 0 0 0 0 0 0 0 0 0 0 0 0 0
"140" 140 0.0 90 0 0 0 0 0 0 0 0 0 0 0 0 0 0 0 0 0 0 0
"141" 141 0.00354609929078 87 2 1 0 0 0 0 0 0 0 0 0 0 0 0 0 0 0 0 0
"142" 142 0.0 70 11 5 2 1 1 0 0 0 0 0 0 0 0 0 0 0 0 0 0
"143" 143 0.00354609929078 85 4 1 0 0 0 0 0 0 0 0 0 0 0 0 0 0 0 0 0
"144" 144 0.0 83 4 1 1 1 0 0 0 0 0 0 0 0 0 0 0 0 0 0 0
"145" 145 0.0 44 12 11 10 6 2 1 1 1 1 0 0 0 0 0 0 0 0 0 0
"146" 146 0.127737226277 52 10 7 6 3 2 2 2 1 1 1 0 0 0 0 0 0 0 0 0
"147" 147 0.0923076923077 19 18 16 6 4 4 2 2 1 1 1 0 0 0 0 0 0 0 0 0
"148" 148 0.62893081761 23 15 11 7 5 5 5 4 4 2 1 1 1 0 0 0 0 0 0 0
"149" 149 0.708520179372 26 15 10 10 8 6 5 4 1 1 1 1 1 0 0 0 0 0 0 0
"150" 150 0.355769230769 72 10 2 1 1 1 1 0 0 0 0 0 0 0 0 0 0 0 0 0
"151" 151 0.47533632287 46 11 7 6 5 4 2 2 1 1 1 0 0 0 0 0 0 0 0 0
"152" 152 0.044776119403 81 8 1 0 0 0 0 0 0 0 0 0 0 0 0 0 0 0 0 0
"153" 153 0.367713004484 24 15 15 9 8 6 3 2 2 1 1 1 1 1 1 0 0 0 0 0
"154" 154 0.172413793103 43 42 4 1 0 0 0 0 0 0 0 0 0 0 0 0 0 0 0 0
"155" 155 0.137931034483 26 15 11 9 5 5 4 3 3 3 2 2 2 0 0 0 0 0 0 0
"156" 156 0.238410596026 68 10 3 3 3 2 1 0 0 0 0 0 0 0 0 0 0 0 0 0
"157" 157 0.0232558139535 70 12 5 1 1 1 0 0 0 0 0 0 0 0 0 0 0 0 0 0
"158" 158 0.276729559748 47 34 5 3 1 0 0 0 0 0 0 0 0 0 0 0 0 0 0 0
"159" 159 0.405128205128 88 1 1 0 0 0 0 0 0 0 0 0 0 0 0 0 0 0 0 0
"160" 160 0.0179372197309 89 1 0 0 0 0 0 0 0 0 0 0 0 0 0 0 0 0 0 0
"161" 161 0.0932642487047 89 1 0 0 0 0 0 0 0 0 0 0 0 0 0 0 0 0 0 0
"162" 162 0.0102564102564 43 33 8 1 1 0 0 0 0 0 0 0 0 0 0 0 0 0 0 0
"163" 163 0.0 88 1 1 0 0 0 0 0 0 0 0 0 0 0 0 0 0 0 0 0
"164" 164 0.0152284263959 65 17 4 2 1 1 0 0 0 0 0 0 0 0 0 0 0 0 0 0
"165" 165 0.275229357798 61 11 11 2 2 1 1 1 0 0 0 0 0 0 0 0 0 0 0 0
"166" 166 0.5 29 21 7 5 5 3 3 3 3 2 2 2 1 1 1 1 0 0 0 0
"167" 167 0.451923076923 69 4 4 4 2 2 2 1 1 1 0 0 0 0 0 0 0 0 0 0
"168" 168 0.0529801324503 18 14 12 11 10 7 5 4 3 2 1 1 1 0 0 0 0 0 0 0
"169" 169 0.110266159696 42 11 8 6 5 5 3 3 3 3 1 0 0 0 0 0 0 0 0 0
"170" 170 0.0 87 2 1 0 0 0 0 0 0 0 0 0 0 0 0 0 0 0 0 0
"171" 171 0.0 59 18 13 0 0 0 0 0 0 0 0 0 0 0 0 0 0 0 0 0
"172" 172 0.0 71 8 5 4 2 0 0 0 0 0 0 0 0 0 0 0 0 0 0 0
"173" 173 0.00961538461538 73 12 1 1 1 1 1 0 0 0 0 0 0 0 0 0 0 0 0 0
"174" 174 0.0 56 12 10 5 3 2 1 1 0 0 0 0 0 0 0 0 0 0 0 0
"175" 175 0.0 90 0 0 0 0 0 0 0 0 0 0 0 0 0 0 0 0 0 0 0
"176" 176 0.0 89 1 0 0 0 0 0 0 0 0 0 0 0 0 0 0 0 0 0 0
"177" 177 0.191489361702 90 0 0 0 0 0 0 0 0 0 0 0 0 0 0 0 0 0 0 0
"178" 178 0.504464285714 90 0 0 0 0 0 0 0 0 0 0 0 0 0 0 0 0 0 0 0
"179" 179 0.186602870813 90 0 0 0 0 0 0 0 0 0 0 0 0 0 0 0 0 0 0 0
"180" 180 0.0232558139535 88 1 1 0 0 0 0 0 0 0 0 0 0 0 0 0 0 0 0 0
"181" 181 0.0190114068441 90 0 0 0 0 0 0 0 0 0 0 0 0 0 0 0 0 0 0 0
"182" 182 0.410646387833 90 0 0 0 0 0 0 0 0 0 0 0 0 0 0 0 0 0 0 0
"183" 183 0.477611940299 87 3 0 0 0 0 0 0 0 0 0 0 0 0 0 0 0 0 0 0
"184" 184 0.28102189781 47 20 8 6 3 3 2 1 0 0 0 0 0 0 0 0 0 0 0 0
"185" 185 0.0228136882129 87 2 1 0 0 0 0 0 0 0 0 0 0 0 0 0 0 0 0 0
"186" 186 0.304932735426 74 8 7 1 0 0 0 0 0 0 0 0 0 0 0 0 0 0 0 0
"187" 187 0.610256410256 87 2 1 0 0 0 0 0 0 0 0 0 0 0 0 0 0 0 0 0
"188" 188 0.295620437956 53 24 8 3 1 1 0 0 0 0 0 0 0 0 0 0 0 0 0 0
"189" 189 0.113138686131 90 0 0 0 0 0 0 0 0 0 0 0 0 0 0 0 0 0 0 0
"190" 190 0.584905660377 65 19 3 1 1 1 0 0 0 0 0 0 0 0 0 0 0 0 0 0
"191" 191 0.397321428571 53 29 4 2 2 0 0 0 0 0 0 0 0 0 0 0 0 0 0 0
"192" 192 0.00380228136882 88 2 0 0 0 0 0 0 0 0 0 0 0 0 0 0 0 0 0 0
"193" 193 0.00995024875622 50 20 18 1 1 0 0 0 0 0 0 0 0 0 0 0 0 0 0 0
"194" 194 0.425641025641 19 16 13 13 10 5 5 5 4 0 0 0 0 0 0 0 0 0 0 0
"195" 195 0.251282051282 71 11 2 2 2 1 1 0 0 0 0 0 0 0 0 0 0 0 0 0
"196" 196 0.0 51 32 5 1 1 0 0 0 0 0 0 0 0 0 0 0 0 0 0 0
"197" 197 0.0248226950355 58 20 10 1 1 0 0 0 0 0 0 0 0 0 0 0 0 0 0 0
"198" 198 0.379487179487 70 5 4 2 2 2 2 1 1 1 0 0 0 0 0 0 0 0 0 0
"199" 199 0.0 76 7 3 3 1 0 0 0 0 0 0 0 0 0 0 0 0 0 0 0
"200" 200 0.0 55 28 4 3 0 0 0 0 0 0 0 0 0 0 0 0 0 0 0 0
"201" 201 0.148717948718 75 14 1 0 0 0 0 0 0 0 0 0 0 0 0 0 0 0 0 0
"202" 202 0.0425531914894 90 0 0 0 0 0 0 0 0 0 0 0 0 0 0 0 0 0 0 0
"203" 203 0.450331125828 33 12 12 7 5 4 3 3 2 2 1 1 0 0 0 0 0 0 0 0
"204" 204 0.0982142857143 44 13 8 8 3 2 2 1 1 1 1 1 0 0 0 0 0 0 0 0
"205" 205 0.0 70 7 5 1 0 0 0 0 0 0 0 0 0 0 0 0 0 0 0 0
"206" 206 0.0923076923077 23 20 14 12 3 2 2 1 0 0 0 0 0 0 0 0 0 0 0 0
"207" 207 0.456204379562 23 15 15 7 5 3 3 2 1 0 0 0 0 0 0 0 0 0 0 0
"208" 208 0.0 49 8 4 3 1 1 1 0 0 0 0 0 0 0 0 0 0 0 0 0
"209" 209 0.046511627907 31 15 1 1 1 1 1 0 0 0 0 0 0 0 0 0 0 0 0 0
"210" 210 0.569506726457 12 11 8 6 3 2 2 2 1 1 1 1 0 0 0 0 0 0 0 0
"211" 211 0.410852713178 34 5 3 1 1 1 1 0 0 0 0 0 0 0 0 0 0 0 0 0
"212" 212 0.271523178808 35 6 1 0 0 0 0 0 0 0 0 0 0 0 0 0 0 0 0 0
