"site" "RSA" "aa1" "aa2" "aa3" "aa4" "aa5" "aa6" "aa7" "aa8" "aa9" "aa10" "aa11" "aa12" "aa13" "aa14" "aa15" "aa16" "aa17" "aa18" "aa19" "aa20"
"0" 0 0.848623853211 376 59 23 19 5 4 3 3 3 2 1 1 1 0 0 0 0 0 0 0
"1" 1 0.517948717949 374 81 29 13 2 1 0 0 0 0 0 0 0 0 0 0 0 0 0 0
"2" 2 0.0583941605839 241 98 43 40 28 17 7 7 4 3 3 3 2 2 2 0 0 0 0 0
"3" 3 0.383647798742 180 70 70 60 56 28 19 6 4 4 1 1 1 0 0 0 0 0 0 0
"4" 4 0.443708609272 146 102 98 32 31 30 25 19 12 2 1 1 1 0 0 0 0 0 0 0
"5" 5 0.644230769231 461 38 1 0 0 0 0 0 0 0 0 0 0 0 0 0 0 0 0 0
"6" 6 0.0766423357664 230 158 42 15 14 9 8 7 4 4 4 2 2 1 0 0 0 0 0 0
"7" 7 0.317829457364 332 38 32 19 17 16 14 9 8 5 4 3 2 1 0 0 0 0 0 0
"8" 8 0.294573643411 93 81 74 59 47 47 30 24 19 14 5 3 2 1 1 0 0 0 0 0
"9" 9 0.424870466321 93 79 54 47 38 36 35 31 28 18 17 17 5 2 0 0 0 0 0 0
"10" 10 0.430493273543 242 181 21 17 16 9 9 3 1 1 0 0 0 0 0 0 0 0 0 0
"11" 11 0.0348258706468 294 66 57 32 26 12 4 3 2 2 1 1 0 0 0 0 0 0 0 0
"12" 12 0.043795620438 465 29 5 1 0 0 0 0 0 0 0 0 0 0 0 0 0 0 0 0
"13" 13 0.704402515723 217 171 47 17 15 12 9 6 3 2 1 0 0 0 0 0 0 0 0 0
"14" 14 0.137055837563 256 71 58 29 14 13 12 12 11 8 6 5 2 2 1 0 0 0 0 0
"15" 15 0.565693430657 259 179 34 11 7 5 2 1 1 1 0 0 0 0 0 0 0 0 0 0
"16" 16 0.126903553299 173 117 86 75 31 7 4 2 1 1 1 1 1 0 0 0 0 0 0 0
"17" 17 0.313953488372 183 182 100 12 11 6 4 1 1 0 0 0 0 0 0 0 0 0 0 0
"18" 18 0.142335766423 280 108 63 21 15 7 2 1 1 1 1 0 0 0 0 0 0 0 0 0
"19" 19 0.622009569378 316 57 51 22 19 10 8 8 4 2 2 1 0 0 0 0 0 0 0 0
"20" 20 0.414448669202 187 162 48 31 30 20 9 6 5 1 1 0 0 0 0 0 0 0 0 0
"21" 21 0.360465116279 127 107 62 60 31 27 24 15 14 9 7 6 4 3 2 1 1 0 0 0
"22" 22 0.789029535865 130 104 93 56 40 26 17 12 11 9 1 1 0 0 0 0 0 0 0 0
"23" 23 0.77033492823 148 104 68 43 43 24 24 10 9 7 6 4 4 3 2 1 0 0 0 0
"24" 24 0.178294573643 353 67 54 13 5 3 2 2 1 0 0 0 0 0 0 0 0 0 0 0
"25" 25 0.174107142857 264 45 39 27 26 23 19 19 12 10 6 4 4 2 0 0 0 0 0 0
"26" 26 0.00961538461538 493 7 0 0 0 0 0 0 0 0 0 0 0 0 0 0 0 0 0 0
"27" 27 0.00662251655629 457 43 0 0 0 0 0 0 0 0 0 0 0 0 0 0 0 0 0 0
"28" 28 0.0 367 116 12 4 1 0 0 0 0 0 0 0 0 0 0 0 0 0 0 0
"29" 29 0.0696517412935 371 49 22 21 10 8 8 5 2 1 1 1 1 0 0 0 0 0 0 0
"30" 30 0.0 154 114 112 81 21 11 5 1 1 0 0 0 0 0 0 0 0 0 0 0
"31" 31 0.0982142857143 196 162 50 37 33 10 6 4 1 1 0 0 0 0 0 0 0 0 0 0
"32" 32 0.0 206 188 84 11 5 4 1 1 0 0 0 0 0 0 0 0 0 0 0 0
"33" 33 0.182692307692 500 0 0 0 0 0 0 0 0 0 0 0 0 0 0 0 0 0 0 0
"34" 34 0.492227979275 280 112 76 29 1 1 1 0 0 0 0 0 0 0 0 0 0 0 0 0
"35" 35 0.0 319 113 29 26 12 1 0 0 0 0 0 0 0 0 0 0 0 0 0 0
"36" 36 0.295358649789 186 85 74 58 34 21 13 13 5 4 3 2 1 1 0 0 0 0 0 0
"37" 37 0.0 395 47 28 25 3 2 0 0 0 0 0 0 0 0 0 0 0 0 0 0
"38" 38 0.106598984772 199 103 100 43 28 18 5 2 1 1 0 0 0 0 0 0 0 0 0 0
"39" 39 0.0 243 105 72 41 34 4 1 0 0 0 0 0 0 0 0 0 0 0 0 0
"40" 40 0.122093023256 102 99 84 84 32 24 23 12 12 9 7 5 2 2 1 1 1 0 0 0
"41" 41 0.0 331 80 44 28 13 2 1 1 0 0 0 0 0 0 0 0 0 0 0 0
"42" 42 0.245033112583 231 65 63 52 24 19 10 10 9 8 7 1 1 0 0 0 0 0 0 0
"43" 43 0.131782945736 166 79 74 73 60 28 8 5 3 2 1 1 0 0 0 0 0 0 0 0
"44" 44 0.477678571429 130 102 61 61 38 22 19 19 17 14 11 4 1 1 0 0 0 0 0 0
"45" 45 0.695364238411 128 80 60 59 40 25 20 20 15 15 9 8 6 5 5 2 2 1 0 0
"46" 46 0.192307692308 500 0 0 0 0 0 0 0 0 0 0 0 0 0 0 0 0 0 0 0
"47" 47 0.241379310345 326 65 44 25 14 9 7 3 2 2 1 1 1 0 0 0 0 0 0 0
"48" 48 0.396226415094 258 140 101 1 0 0 0 0 0 0 0 0 0 0 0 0 0 0 0 0
"49" 49 0.605839416058 408 46 36 8 2 0 0 0 0 0 0 0 0 0 0 0 0 0 0 0
"50" 50 0.125523012552 138 117 107 53 40 27 5 3 3 2 2 2 1 0 0 0 0 0 0 0
"51" 51 0.771144278607 123 98 71 70 49 35 20 14 6 6 4 4 0 0 0 0 0 0 0 0
"52" 52 0.561181434599 319 92 44 16 14 11 4 0 0 0 0 0 0 0 0 0 0 0 0 0
"53" 53 0.242152466368 500 0 0 0 0 0 0 0 0 0 0 0 0 0 0 0 0 0 0 0
"54" 54 0.0 500 0 0 0 0 0 0 0 0 0 0 0 0 0 0 0 0 0 0 0
"55" 55 0.152482269504 243 81 44 40 25 22 20 10 8 3 2 1 1 0 0 0 0 0 0 0
"56" 56 0.0 201 167 31 29 18 18 14 10 5 3 1 1 1 1 0 0 0 0 0 0
"57" 57 0.308139534884 150 51 51 45 44 37 32 32 19 14 12 8 3 1 1 0 0 0 0 0
"58" 58 0.062015503876 420 60 14 6 0 0 0 0 0 0 0 0 0 0 0 0 0 0 0 0
"59" 59 0.455357142857 227 181 23 23 15 7 6 5 5 3 2 2 1 0 0 0 0 0 0 0
"60" 60 0.0228136882129 234 160 81 25 0 0 0 0 0 0 0 0 0 0 0 0 0 0 0 0
"61" 61 0.105769230769 176 157 52 49 24 14 11 10 4 2 1 0 0 0 0 0 0 0 0 0
"62" 62 0.174311926606 292 53 23 22 22 17 16 16 12 8 7 7 5 0 0 0 0 0 0 0
"63" 63 0.388059701493 235 168 27 25 22 16 3 2 1 1 0 0 0 0 0 0 0 0 0 0
"64" 64 0.062893081761 222 125 87 28 13 12 6 3 2 1 1 0 0 0 0 0 0 0 0 0
"65" 65 0.605839416058 68 65 57 56 55 54 51 43 16 16 15 4 0 0 0 0 0 0 0 0
"66" 66 0.0331125827815 474 24 1 1 0 0 0 0 0 0 0 0 0 0 0 0 0 0 0 0
"67" 67 0.197674418605 215 102 70 41 18 14 13 9 8 6 3 1 0 0 0 0 0 0 0 0
"68" 68 0.5 197 133 80 55 9 7 5 3 3 2 2 2 1 1 0 0 0 0 0 0
"69" 69 0.642857142857 119 108 80 59 43 34 20 16 13 4 2 2 0 0 0 0 0 0 0 0
"70" 70 0.551094890511 238 87 59 42 17 16 12 9 8 8 3 1 0 0 0 0 0 0 0 0
"71" 71 0.215384615385 115 99 77 73 49 18 12 11 11 9 7 6 5 5 2 1 0 0 0 0
"72" 72 0.497757847534 135 92 76 60 43 22 13 13 9 9 8 6 5 4 3 1 1 0 0 0
"73" 73 0.448905109489 126 120 88 81 27 20 13 8 7 5 3 2 0 0 0 0 0 0 0 0
"74" 74 0.209821428571 159 79 62 54 52 22 16 15 9 8 7 7 5 3 1 1 0 0 0 0
"75" 75 0.674418604651 174 89 86 63 47 18 10 4 3 2 2 1 1 0 0 0 0 0 0 0
"76" 76 0.576158940397 208 116 85 37 22 18 10 3 1 0 0 0 0 0 0 0 0 0 0 0
"77" 77 0.412408759124 131 121 118 40 20 18 17 12 10 4 4 2 2 1 0 0 0 0 0 0
"78" 78 0.615384615385 294 188 13 5 0 0 0 0 0 0 0 0 0 0 0 0 0 0 0 0
"79" 79 0.493670886076 155 143 64 34 27 17 15 15 13 4 4 3 2 1 1 1 1 0 0 0
"80" 80 0.295964125561 107 90 59 56 45 37 29 23 12 9 8 8 8 3 3 2 1 0 0 0
"81" 81 0.201923076923 321 75 37 12 11 9 7 5 5 4 4 3 3 2 1 1 0 0 0 0
"82" 82 0.519230769231 241 59 58 55 30 22 15 8 7 3 2 0 0 0 0 0 0 0 0 0
"83" 83 0.394160583942 390 38 18 17 11 10 10 5 1 0 0 0 0 0 0 0 0 0 0 0
"84" 84 0.046511627907 213 75 74 29 19 16 14 11 11 11 8 6 5 4 2 2 0 0 0 0
"85" 85 0.383084577114 121 116 112 53 38 37 15 5 3 0 0 0 0 0 0 0 0 0 0 0
"86" 86 0.352678571429 139 84 71 65 43 26 18 17 11 9 7 6 3 1 0 0 0 0 0 0
"87" 87 0.0 202 111 79 31 25 19 19 5 3 3 2 1 0 0 0 0 0 0 0 0
"88" 88 0.0896860986547 246 190 24 13 9 8 6 3 1 0 0 0 0 0 0 0 0 0 0 0
"89" 89 0.627737226277 134 80 78 54 46 45 33 24 3 2 1 0 0 0 0 0 0 0 0 0
"90" 90 0.0398009950249 163 98 57 34 33 27 20 17 15 12 10 5 4 2 1 1 1 0 0 0
"91" 91 0.0 187 127 50 31 30 26 17 15 13 2 1 1 0 0 0 0 0 0 0 0
"92" 92 0.0192307692308 189 82 68 62 44 37 13 3 2 0 0 0 0 0 0 0 0 0 0 0
"93" 93 0.339416058394 93 82 77 77 54 35 34 18 10 6 6 4 2 1 1 0 0 0 0 0
"94" 94 0.0 350 64 55 14 9 4 2 2 0 0 0 0 0 0 0 0 0 0 0 0
"95" 95 0.0 361 51 30 16 14 10 8 5 3 1 1 0 0 0 0 0 0 0 0 0
"96" 96 0.21897810219 150 119 89 88 27 8 7 3 3 2 2 1 1 0 0 0 0 0 0 0
"97" 97 0.271317829457 96 68 50 44 44 33 30 26 26 19 19 19 12 11 2 1 0 0 0 0
"98" 98 0.0232558139535 260 240 0 0 0 0 0 0 0 0 0 0 0 0 0 0 0 0 0 0
"99" 99 0.0149253731343 354 91 26 12 6 5 2 2 1 1 0 0 0 0 0 0 0 0 0 0
"100" 100 0.19170984456 452 45 1 1 1 0 0 0 0 0 0 0 0 0 0 0 0 0 0 0
"101" 101 0.114427860697 225 213 25 10 8 6 4 3 2 2 1 1 0 0 0 0 0 0 0 0
"102" 102 0.443708609272 405 23 21 15 14 10 7 4 1 0 0 0 0 0 0 0 0 0 0 0
"103" 103 0.350210970464 437 39 24 0 0 0 0 0 0 0 0 0 0 0 0 0 0 0 0 0
"104" 104 0.0 339 50 34 25 20 19 4 4 2 1 1 1 0 0 0 0 0 0 0 0
"105" 105 0.0480769230769 500 0 0 0 0 0 0 0 0 0 0 0 0 0 0 0 0 0 0 0
"106" 106 0.584821428571 100 75 71 58 56 43 31 26 21 15 3 1 0 0 0 0 0 0 0 0
"107" 107 0.0923076923077 98 91 83 66 50 43 14 14 9 8 6 6 6 6 0 0 0 0 0 0
"108" 108 0.0290697674419 233 78 51 27 26 21 20 13 12 8 5 3 2 1 0 0 0 0 0 0
"109" 109 0.0 294 57 52 49 14 11 7 5 2 2 2 2 1 1 1 0 0 0 0 0
"110" 110 0.368821292776 122 110 62 52 48 38 30 10 9 9 4 3 2 1 0 0 0 0 0 0
"111" 111 0.00507614213198 270 115 55 13 13 10 10 6 5 2 1 0 0 0 0 0 0 0 0 0
"112" 112 0.20207253886 100 95 69 68 56 41 33 28 8 1 1 0 0 0 0 0 0 0 0 0
"113" 113 0.0 363 54 26 25 17 6 5 4 0 0 0 0 0 0 0 0 0 0 0 0
"114" 114 0.310880829016 118 104 72 66 38 35 27 20 14 3 1 1 1 0 0 0 0 0 0 0
"115" 115 0.0 254 224 12 7 3 0 0 0 0 0 0 0 0 0 0 0 0 0 0 0
"116" 116 0.38578680203 198 143 48 45 37 17 6 2 1 1 1 1 0 0 0 0 0 0 0 0
"117" 117 0.340807174888 132 109 101 80 40 27 8 3 0 0 0 0 0 0 0 0 0 0 0 0
"118" 118 0.178294573643 250 47 44 37 27 21 21 19 13 5 5 3 3 2 1 1 1 0 0 0
"119" 119 0.20207253886 427 29 25 14 3 1 1 0 0 0 0 0 0 0 0 0 0 0 0 0
"120" 120 0.105769230769 500 0 0 0 0 0 0 0 0 0 0 0 0 0 0 0 0 0 0 0
"121" 121 0.173076923077 422 56 15 7 0 0 0 0 0 0 0 0 0 0 0 0 0 0 0 0
"122" 122 0.0348837209302 284 62 62 47 40 3 2 0 0 0 0 0 0 0 0 0 0 0 0 0
"123" 123 0.120437956204 199 79 65 54 24 17 16 9 9 9 6 6 6 1 0 0 0 0 0 0
"124" 124 0.00581395348837 278 162 37 17 3 1 1 1 0 0 0 0 0 0 0 0 0 0 0 0
"125" 125 0.0 247 120 96 21 15 1 0 0 0 0 0 0 0 0 0 0 0 0 0 0
"126" 126 0.0 383 103 13 1 0 0 0 0 0 0 0 0 0 0 0 0 0 0 0 0
"127" 127 0.00507614213198 325 42 39 39 35 9 6 3 2 0 0 0 0 0 0 0 0 0 0 0
"128" 128 0.0 238 161 55 23 13 4 3 1 1 1 0 0 0 0 0 0 0 0 0 0
"129" 129 0.0 386 96 18 0 0 0 0 0 0 0 0 0 0 0 0 0 0 0 0 0
"130" 130 0.0 328 154 13 2 2 1 0 0 0 0 0 0 0 0 0 0 0 0 0 0
"131" 131 0.00581395348837 265 148 64 8 6 6 2 1 0 0 0 0 0 0 0 0 0 0 0 0
"132" 132 0.0 170 117 99 32 28 28 23 2 1 0 0 0 0 0 0 0 0 0 0 0
"133" 133 0.0 426 74 0 0 0 0 0 0 0 0 0 0 0 0 0 0 0 0 0 0
"134" 134 0.00995024875622 372 42 26 22 13 10 8 3 2 2 0 0 0 0 0 0 0 0 0 0
"135" 135 0.162436548223 123 122 61 58 45 36 13 12 9 8 7 3 2 1 0 0 0 0 0 0
"136" 136 0.0673575129534 186 109 74 68 14 11 11 9 6 5 3 2 1 1 0 0 0 0 0 0
"137" 137 0.0 458 32 9 1 0 0 0 0 0 0 0 0 0 0 0 0 0 0 0 0
"138" 138 0.0646766169154 378 39 30 22 9 7 6 3 2 2 1 1 0 0 0 0 0 0 0 0
"139" 139 0.457364341085 238 78 38 37 34 33 23 8 7 2 2 0 0 0 0 0 0 0 0 0
"140" 140 0.252873563218 286 58 52 20 20 18 12 10 9 6 5 3 1 0 0 0 0 0 0 0
"141" 141 0.0199004975124 171 164 79 46 16 12 11 1 0 0 0 0 0 0 0 0 0 0 0 0
"142" 142 0.514767932489 315 78 45 26 13 8 5 3 3 2 1 1 0 0 0 0 0 0 0 0
"143" 143 0.827004219409 238 143 38 26 18 17 13 4 2 1 0 0 0 0 0 0 0 0 0 0
"144" 144 0.540145985401 232 83 36 32 24 22 18 17 14 14 4 4 0 0 0 0 0 0 0 0
"145" 145 0.615384615385 345 155 0 0 0 0 0 0 0 0 0 0 0 0 0 0 0 0 0 0
"146" 146 0.170542635659 204 84 65 62 20 18 13 11 6 5 3 3 2 2 1 1 0 0 0 0
"147" 147 0.124378109453 448 23 9 7 5 4 2 1 1 0 0 0 0 0 0 0 0 0 0 0
"148" 148 0.497890295359 358 52 25 19 17 15 6 4 3 1 0 0 0 0 0 0 0 0 0 0
"149" 149 0.384615384615 500 0 0 0 0 0 0 0 0 0 0 0 0 0 0 0 0 0 0 0
"150" 150 0.502564102564 490 4 3 1 1 1 0 0 0 0 0 0 0 0 0 0 0 0 0 0
"151" 151 0.0125786163522 279 129 41 32 6 5 4 4 0 0 0 0 0 0 0 0 0 0 0 0
"152" 152 0.323383084577 169 138 79 35 18 16 12 11 10 4 3 2 2 1 0 0 0 0 0 0
"153" 153 0.523206751055 179 99 92 56 47 14 8 4 1 0 0 0 0 0 0 0 0 0 0 0
"154" 154 0.291479820628 200 111 44 34 26 23 22 17 13 7 3 0 0 0 0 0 0 0 0 0
"155" 155 0.0963302752294 138 102 87 62 41 19 16 10 6 4 4 4 3 2 1 1 0 0 0 0
"156" 156 0.0 237 149 108 5 1 0 0 0 0 0 0 0 0 0 0 0 0 0 0 0
"157" 157 0.0 267 102 102 26 1 1 1 0 0 0 0 0 0 0 0 0 0 0 0 0
"158" 158 0.0077519379845 301 199 0 0 0 0 0 0 0 0 0 0 0 0 0 0 0 0 0 0
"159" 159 0.0 189 185 110 8 2 2 2 1 1 0 0 0 0 0 0 0 0 0 0 0
"160" 160 0.0331125827815 309 146 21 12 4 3 3 1 1 0 0 0 0 0 0 0 0 0 0 0
"161" 161 0.00574712643678 206 134 99 57 2 1 1 0 0 0 0 0 0 0 0 0 0 0 0 0
"162" 162 0.0 372 76 33 12 5 2 0 0 0 0 0 0 0 0 0 0 0 0 0 0
"163" 163 0.126903553299 190 85 79 48 37 15 14 12 9 6 2 1 1 1 0 0 0 0 0 0
"164" 164 0.144486692015 136 123 122 38 14 12 11 10 10 10 5 5 2 2 0 0 0 0 0 0
"165" 165 0.417040358744 161 136 115 22 20 12 9 8 6 6 4 1 0 0 0 0 0 0 0 0
"166" 166 0.615384615385 489 11 0 0 0 0 0 0 0 0 0 0 0 0 0 0 0 0 0 0
"167" 167 0.33908045977 101 93 88 78 70 20 18 15 7 5 4 1 0 0 0 0 0 0 0 0
"168" 168 0.251572327044 153 126 68 61 47 21 12 4 2 2 2 1 1 0 0 0 0 0 0 0
"169" 169 0.0229885057471 214 67 60 47 45 42 17 5 2 1 0 0 0 0 0 0 0 0 0 0
"170" 170 0.00497512437811 300 87 30 30 25 12 11 2 2 1 0 0 0 0 0 0 0 0 0 0
"171" 171 0.0 487 8 3 1 1 0 0 0 0 0 0 0 0 0 0 0 0 0 0 0
"172" 172 0.00995024875622 388 59 31 13 3 3 2 1 0 0 0 0 0 0 0 0 0 0 0 0
"173" 173 0.0569948186528 482 16 1 1 0 0 0 0 0 0 0 0 0 0 0 0 0 0 0 0
"174" 174 0.490494296578 177 169 84 17 17 9 8 7 5 3 3 1 0 0 0 0 0 0 0 0
"175" 175 0.492537313433 108 78 76 47 39 36 30 30 24 13 9 5 2 2 1 0 0 0 0 0
"176" 176 0.0 214 68 51 50 31 28 24 17 12 2 1 1 1 0 0 0 0 0 0 0
"177" 177 0.362694300518 125 110 72 43 36 35 31 19 16 12 1 0 0 0 0 0 0 0 0 0
"178" 178 0.443708609272 173 105 96 52 46 18 2 2 2 2 1 1 0 0 0 0 0 0 0 0
"179" 179 0.441860465116 125 80 70 61 27 26 21 20 16 14 12 10 8 5 3 1 1 0 0 0
"180" 180 0.046511627907 261 239 0 0 0 0 0 0 0 0 0 0 0 0 0 0 0 0 0 0
"181" 181 0.473214285714 164 146 81 47 25 10 7 4 4 4 3 2 1 1 1 0 0 0 0 0
"182" 182 0.0581395348837 107 94 86 68 41 22 19 11 11 10 9 8 7 4 2 1 0 0 0 0
"183" 183 0.129533678756 209 92 60 30 27 26 22 17 6 3 3 3 2 0 0 0 0 0 0 0
"184" 184 0.00497512437811 197 178 24 22 17 15 14 13 7 5 4 3 1 0 0 0 0 0 0 0
"185" 185 0.0923076923077 121 103 92 47 43 19 15 14 11 10 8 6 5 4 2 0 0 0 0 0
"186" 186 0.00574712643678 89 82 82 75 56 39 35 11 10 8 5 4 3 1 0 0 0 0 0 0
"187" 187 0.0172413793103 241 186 35 18 9 8 3 0 0 0 0 0 0 0 0 0 0 0 0 0
"188" 188 0.00917431192661 144 132 96 51 51 5 5 4 4 3 2 2 1 0 0 0 0 0 0 0
"189" 189 0.0581395348837 197 161 29 29 22 22 11 6 5 5 4 3 3 3 0 0 0 0 0 0
"190" 190 0.279792746114 228 74 57 40 29 24 13 9 5 5 5 5 3 2 1 0 0 0 0 0
"191" 191 0.713178294574 182 75 62 46 28 24 24 20 18 8 7 4 1 1 0 0 0 0 0 0
"192" 192 0.307692307692 500 0 0 0 0 0 0 0 0 0 0 0 0 0 0 0 0 0 0 0
"193" 193 0.317307692308 215 70 65 42 36 28 16 9 7 5 3 2 1 1 0 0 0 0 0 0
"194" 194 0.364016736402 117 116 105 47 40 37 15 6 4 4 3 3 2 1 0 0 0 0 0 0
"195" 195 0.258883248731 288 55 41 22 18 16 16 14 11 7 6 3 1 1 1 0 0 0 0 0
"196" 196 0.1875 167 150 67 41 20 12 9 8 8 5 4 4 3 1 1 0 0 0 0 0
"197" 197 0.362068965517 117 92 63 48 38 29 22 20 17 15 12 9 9 4 3 1 1 0 0 0
"198" 198 0.313901345291 139 74 57 51 50 49 19 16 15 10 7 6 5 1 1 0 0 0 0 0
"199" 199 0.298076923077 150 75 67 64 55 40 13 9 6 6 4 4 3 2 1 1 0 0 0 0
"200" 200 0.372093023256 122 76 54 53 41 31 20 20 20 17 15 13 11 4 3 0 0 0 0 0
"201" 201 0.31007751938 298 126 18 15 15 9 7 7 1 1 1 1 1 0 0 0 0 0 0 0
"202" 202 0.625 233 50 49 45 39 26 14 13 11 7 4 3 3 1 1 1 0 0 0 0
"203" 203 0.269230769231 490 6 2 1 1 0 0 0 0 0 0 0 0 0 0 0 0 0 0 0
"204" 204 0.596899224806 137 127 88 74 24 12 10 9 9 6 3 1 0 0 0 0 0 0 0 0
"205" 205 0.635220125786 164 89 76 56 37 21 17 14 13 3 3 3 2 2 0 0 0 0 0 0
"206" 206 0.225941422594 113 68 57 56 44 38 24 22 19 11 10 10 10 6 4 4 2 1 1 0
"207" 207 0.63503649635 131 111 86 61 33 24 20 10 9 7 3 2 2 1 0 0 0 0 0 0
"208" 208 0.572327044025 248 167 42 22 13 6 1 1 0 0 0 0 0 0 0 0 0 0 0 0
"209" 209 0.604651162791 268 121 43 17 16 15 11 9 0 0 0 0 0 0 0 0 0 0 0 0
"210" 210 0.294642857143 89 83 80 67 61 39 28 17 9 6 6 4 4 3 2 1 1 0 0 0
"211" 211 0.243781094527 208 72 68 65 20 18 13 12 4 4 3 3 3 2 2 2 1 0 0 0
"212" 212 0.461538461538 137 116 97 77 31 20 13 2 2 2 1 1 1 0 0 0 0 0 0 0
"213" 213 0.302325581395 180 113 64 39 38 20 14 10 6 5 5 3 2 1 0 0 0 0 0 0
"214" 214 0.0045871559633 294 122 29 18 17 8 4 3 3 1 1 0 0 0 0 0 0 0 0 0
"215" 215 0.10447761194 158 103 90 46 31 26 19 9 8 4 3 2 1 0 0 0 0 0 0 0
"216" 216 0.5625 154 111 60 50 49 38 16 13 7 2 0 0 0 0 0 0 0 0 0 0
"217" 217 0.109452736318 72 71 68 56 40 37 22 20 17 17 15 14 14 12 12 11 2 0 0 0
"218" 218 0.0 218 208 29 15 13 12 3 1 1 0 0 0 0 0 0 0 0 0 0 0
"219" 219 0.304932735426 207 87 86 28 28 19 14 9 8 5 3 3 3 0 0 0 0 0 0 0
"220" 220 0.479820627803 132 95 72 58 34 28 27 14 13 12 12 1 1 1 0 0 0 0 0 0
"221" 221 0.0384615384615 299 87 46 32 15 6 5 4 3 2 1 0 0 0 0 0 0 0 0 0
"222" 222 0.0 172 113 79 68 41 11 8 3 2 1 1 1 0 0 0 0 0 0 0 0
"223" 223 0.403587443946 125 109 92 61 57 31 7 5 5 4 2 1 1 0 0 0 0 0 0 0
"224" 224 0.428571428571 112 111 64 61 53 46 22 12 9 4 2 2 1 1 0 0 0 0 0 0
"225" 225 0.0 134 122 96 95 19 8 8 5 4 3 2 2 1 1 0 0 0 0 0 0
"226" 226 0.00418410041841 243 207 43 5 1 1 0 0 0 0 0 0 0 0 0 0 0 0 0 0
"227" 227 0.553571428571 149 98 59 53 46 43 29 10 6 4 2 1 0 0 0 0 0 0 0 0
"228" 228 0.243781094527 114 92 83 70 62 29 19 14 8 3 3 3 0 0 0 0 0 0 0 0
"229" 229 0.0 95 68 67 58 49 48 41 29 13 13 11 6 2 0 0 0 0 0 0 0
"230" 230 0.456204379562 137 114 83 49 35 30 15 13 11 6 4 2 1 0 0 0 0 0 0 0
"231" 231 0.457364341085 141 77 68 53 45 43 36 11 9 7 6 2 1 1 0 0 0 0 0 0
"232" 232 0.131782945736 483 12 3 1 1 0 0 0 0 0 0 0 0 0 0 0 0 0 0 0
"233" 233 0.189054726368 231 70 49 48 25 18 13 12 11 10 9 2 1 1 0 0 0 0 0 0
"234" 234 0.558139534884 249 155 45 24 13 7 5 1 1 0 0 0 0 0 0 0 0 0 0 0
"235" 235 0.808035714286 380 103 6 4 3 1 1 1 1 0 0 0 0 0 0 0 0 0 0 0
