"site" "RSA" "aa1" "aa2" "aa3" "aa4" "aa5" "aa6" "aa7" "aa8" "aa9" "aa10" "aa11" "aa12" "aa13" "aa14" "aa15" "aa16" "aa17" "aa18" "aa19" "aa20"
"0" 0 0.324503311258 423 53 15 4 3 1 1 0 0 0 0 0 0 0 0 0 0 0 0 0
"1" 1 0.548076923077 500 0 0 0 0 0 0 0 0 0 0 0 0 0 0 0 0 0 0 0
"2" 2 0.569230769231 107 99 56 56 51 49 28 19 18 11 4 2 0 0 0 0 0 0 0 0
"3" 3 0.0 163 141 78 43 40 15 7 4 3 2 1 1 1 1 0 0 0 0 0 0
"4" 4 0.583941605839 146 59 49 43 36 36 30 24 20 17 15 12 11 1 1 0 0 0 0 0
"5" 5 0.451776649746 261 69 33 28 27 18 18 11 10 9 7 6 2 1 0 0 0 0 0 0
"6" 6 0.480769230769 499 1 0 0 0 0 0 0 0 0 0 0 0 0 0 0 0 0 0 0
"7" 7 0.459915611814 155 141 84 58 21 19 6 5 5 3 2 1 0 0 0 0 0 0 0 0
"8" 8 0.616352201258 211 50 50 43 31 25 24 21 10 9 8 7 5 5 1 0 0 0 0 0
"9" 9 0.062015503876 238 115 66 34 27 11 2 2 2 2 1 0 0 0 0 0 0 0 0 0
"10" 10 0.106918238994 185 71 53 42 37 28 25 13 11 7 6 6 5 4 3 2 1 1 0 0
"11" 11 0.476683937824 152 82 47 39 33 29 29 28 16 15 9 6 6 4 3 2 0 0 0 0
"12" 12 0.0502092050209 173 132 113 34 29 7 5 2 2 1 1 1 0 0 0 0 0 0 0 0
"13" 13 0.514767932489 103 78 72 46 44 40 31 22 16 16 7 6 6 5 5 3 0 0 0 0
"14" 14 0.0542635658915 324 64 47 38 10 4 3 2 2 2 1 1 1 1 0 0 0 0 0 0
"15" 15 0.220930232558 146 88 86 35 27 21 18 18 15 12 11 6 4 4 4 3 2 0 0 0
"16" 16 0.0 292 123 58 21 5 1 0 0 0 0 0 0 0 0 0 0 0 0 0 0
"17" 17 0.0172413793103 280 133 33 15 11 10 3 3 3 2 2 2 1 1 1 0 0 0 0 0
"18" 18 0.155172413793 130 78 57 47 35 24 22 22 18 13 12 11 11 11 9 0 0 0 0 0
"19" 19 0.704663212435 268 73 46 42 16 14 13 9 7 5 4 3 0 0 0 0 0 0 0 0
"20" 20 0.423076923077 299 113 22 19 16 10 9 3 3 3 2 1 0 0 0 0 0 0 0 0
"21" 21 0.426356589147 140 94 77 60 36 21 14 10 10 9 8 7 5 4 3 2 0 0 0 0
"22" 22 0.359832635983 172 70 45 41 40 36 28 15 13 7 7 7 5 5 4 3 2 0 0 0
"23" 23 0.535864978903 174 77 73 30 27 19 16 15 13 11 11 11 7 6 5 3 1 1 0 0
"24" 24 0.388392857143 159 109 46 45 25 23 16 15 15 15 7 6 5 4 4 3 3 0 0 0
"25" 25 0.0172413793103 149 71 67 57 34 31 18 17 12 12 11 11 4 3 2 1 0 0 0 0
"26" 26 0.329113924051 119 88 73 53 34 28 26 19 14 14 12 11 6 2 1 0 0 0 0 0
"27" 27 0.0845771144279 167 117 46 38 27 20 20 19 16 7 7 5 4 3 2 1 1 0 0 0
"28" 28 0.397350993377 117 110 84 63 40 27 22 15 7 7 3 2 1 1 1 0 0 0 0 0
"29" 29 0.471502590674 104 86 60 50 46 27 27 24 22 18 15 7 7 3 2 2 0 0 0 0
"30" 30 0.133079847909 175 168 95 31 9 8 3 3 3 3 1 1 0 0 0 0 0 0 0 0
"31" 31 0.603375527426 182 45 44 38 38 28 25 25 19 14 13 9 8 7 3 2 0 0 0 0
"32" 32 0.625 497 3 0 0 0 0 0 0 0 0 0 0 0 0 0 0 0 0 0 0
"33" 33 0.413502109705 306 70 28 23 20 19 15 4 3 3 3 2 2 1 1 0 0 0 0 0
"34" 34 0.041825095057 163 161 62 34 30 26 5 4 3 3 2 2 2 1 1 1 0 0 0 0
"35" 35 0.0114942528736 188 104 67 44 39 19 17 10 8 2 1 1 0 0 0 0 0 0 0 0
"36" 36 0.0 112 106 96 89 54 17 9 7 3 3 1 1 1 1 0 0 0 0 0 0
"37" 37 0.0 184 133 75 64 29 4 3 2 2 2 1 1 0 0 0 0 0 0 0 0
"38" 38 0.0 341 50 41 26 19 11 6 6 0 0 0 0 0 0 0 0 0 0 0 0
"39" 39 0.0 292 180 12 7 3 2 2 1 1 0 0 0 0 0 0 0 0 0 0 0
"40" 40 0.0304182509506 228 172 85 11 2 1 1 0 0 0 0 0 0 0 0 0 0 0 0 0
"41" 41 0.0503144654088 284 90 39 36 31 11 2 2 2 1 1 1 0 0 0 0 0 0 0 0
"42" 42 0.303482587065 236 175 39 33 5 3 3 2 2 1 1 0 0 0 0 0 0 0 0 0
"43" 43 0.0518134715026 138 123 112 66 18 16 9 7 7 1 1 1 1 0 0 0 0 0 0 0
"44" 44 0.430962343096 179 155 71 63 7 7 7 6 4 1 0 0 0 0 0 0 0 0 0 0
"45" 45 0.232558139535 170 143 98 49 29 6 3 1 1 0 0 0 0 0 0 0 0 0 0 0
"46" 46 0.715481171548 145 142 115 28 23 12 11 9 7 4 3 1 0 0 0 0 0 0 0 0
"47" 47 0.212643678161 188 61 61 43 37 33 31 15 8 7 6 5 2 1 1 1 0 0 0 0
"48" 48 0.100628930818 147 120 81 57 41 35 13 5 1 0 0 0 0 0 0 0 0 0 0 0
"49" 49 0.511627906977 128 102 68 63 47 42 14 11 9 4 4 3 3 2 0 0 0 0 0 0
"50" 50 0.0401785714286 179 77 57 42 40 21 21 21 12 12 8 3 2 2 1 1 1 0 0 0
"51" 51 0.010152284264 112 112 106 57 45 29 14 9 6 4 3 1 1 1 0 0 0 0 0 0
"52" 52 0.157360406091 118 90 45 43 35 33 26 24 22 21 11 10 10 6 4 2 0 0 0 0
"53" 53 0.294573643411 103 103 103 44 32 24 22 17 16 10 8 8 6 2 2 0 0 0 0 0
"54" 54 0.00418410041841 224 101 60 54 15 12 11 9 5 4 3 1 1 0 0 0 0 0 0 0
"55" 55 0.0 236 102 85 23 20 10 7 6 5 2 1 1 1 1 0 0 0 0 0 0
"56" 56 0.512820512821 135 72 63 45 40 34 26 23 20 14 13 7 4 4 0 0 0 0 0 0
"57" 57 0.277372262774 200 65 62 60 38 19 19 13 11 5 3 2 2 1 0 0 0 0 0 0
"58" 58 0.015503875969 188 90 67 62 42 18 15 7 6 2 1 1 1 0 0 0 0 0 0 0
"59" 59 0.495535714286 121 81 57 55 49 36 34 34 12 9 7 3 1 1 0 0 0 0 0 0
"60" 60 0.264248704663 125 89 61 53 50 50 28 11 9 5 4 4 4 3 2 1 1 0 0 0
"61" 61 0.0 295 81 29 24 22 16 12 8 4 3 2 2 1 1 0 0 0 0 0 0
"62" 62 0.255474452555 161 80 54 38 34 32 28 18 14 12 9 9 4 3 2 1 1 0 0 0
"63" 63 0.658227848101 142 110 55 44 34 30 28 24 8 8 6 6 2 2 1 0 0 0 0 0
"64" 64 0.268656716418 191 91 38 34 31 24 17 15 15 13 9 8 6 5 2 1 0 0 0 0
"65" 65 0.259615384615 393 106 1 0 0 0 0 0 0 0 0 0 0 0 0 0 0 0 0 0
"66" 66 0.0 179 141 58 49 27 18 15 6 2 2 1 1 1 0 0 0 0 0 0 0
"67" 67 0.133928571429 238 119 48 45 12 11 7 6 4 3 2 2 1 1 1 0 0 0 0 0
"68" 68 0.0114942528736 334 62 56 17 11 6 6 5 2 1 0 0 0 0 0 0 0 0 0 0
"69" 69 0.0 150 128 75 34 30 22 22 16 12 3 3 2 2 1 0 0 0 0 0 0
"70" 70 0.0 177 93 68 67 25 18 14 14 8 6 3 2 2 2 1 0 0 0 0 0
"71" 71 0.0 295 65 39 33 23 18 10 5 4 3 2 2 1 0 0 0 0 0 0 0
"72" 72 0.0 428 42 22 6 1 1 0 0 0 0 0 0 0 0 0 0 0 0 0 0
"73" 73 0.0229885057471 134 95 87 86 29 24 14 13 7 4 3 2 1 1 0 0 0 0 0 0
"74" 74 0.155440414508 255 113 35 27 27 25 8 7 2 1 0 0 0 0 0 0 0 0 0 0
"75" 75 0.205298013245 438 20 13 9 8 3 3 3 2 1 0 0 0 0 0 0 0 0 0 0
"76" 76 0.165919282511 130 95 95 53 36 22 17 13 12 8 6 3 2 2 2 2 1 1 0 0
"77" 77 0.560669456067 138 93 83 80 62 17 11 8 3 3 1 1 0 0 0 0 0 0 0 0
"78" 78 0.279069767442 232 94 80 34 30 9 9 4 3 3 1 1 0 0 0 0 0 0 0 0
"79" 79 0.0 240 186 22 16 13 5 5 5 3 3 1 1 0 0 0 0 0 0 0 0
"80" 80 0.203980099502 151 123 64 43 23 22 21 14 12 11 8 5 1 1 1 0 0 0 0 0
"81" 81 0.372093023256 152 105 57 46 43 30 24 18 12 9 2 1 1 0 0 0 0 0 0 0
"82" 82 0.00354609929078 123 95 87 45 34 31 28 18 9 8 7 7 3 3 1 1 0 0 0 0
"83" 83 0.0862944162437 154 150 70 57 18 11 11 8 6 4 3 2 2 1 1 1 1 0 0 0
"84" 84 0.610256410256 134 91 75 68 36 36 27 7 7 5 4 3 2 2 2 1 0 0 0 0
"85" 85 0.203488372093 190 109 95 39 36 13 6 5 3 2 1 1 0 0 0 0 0 0 0 0
"86" 86 0.421383647799 330 59 43 21 20 12 11 2 2 0 0 0 0 0 0 0 0 0 0 0
"87" 87 0.248175182482 149 146 60 26 20 19 19 17 11 9 8 8 6 2 0 0 0 0 0 0
"88" 88 0.675105485232 240 100 50 40 35 14 6 6 3 3 2 1 0 0 0 0 0 0 0 0
"89" 89 0.660714285714 200 125 64 40 34 20 10 3 1 1 1 1 0 0 0 0 0 0 0 0
"90" 90 0.346153846154 459 33 5 2 1 0 0 0 0 0 0 0 0 0 0 0 0 0 0 0
"91" 91 0.00961538461538 500 0 0 0 0 0 0 0 0 0 0 0 0 0 0 0 0 0 0 0
"92" 92 0.0 255 127 30 24 13 12 9 7 6 5 3 3 2 2 1 1 0 0 0 0
"93" 93 0.0384615384615 500 0 0 0 0 0 0 0 0 0 0 0 0 0 0 0 0 0 0 0
"94" 94 0.647798742138 193 82 75 37 32 28 18 12 7 6 5 3 2 0 0 0 0 0 0 0
"95" 95 0.0796019900498 132 127 105 60 36 12 9 8 6 2 1 1 1 0 0 0 0 0 0 0
"96" 96 0.446153846154 144 79 75 69 38 31 14 14 8 8 7 5 4 4 0 0 0 0 0 0
"97" 97 0.0304568527919 119 110 108 60 35 28 23 10 3 2 1 1 0 0 0 0 0 0 0 0
"98" 98 0.062893081761 129 89 87 42 36 29 19 17 16 12 5 4 4 3 3 3 1 1 0 0
"99" 99 0.0 230 114 73 58 7 5 3 2 2 2 2 2 0 0 0 0 0 0 0 0
"100" 100 0.0 142 84 81 77 57 31 19 4 3 2 0 0 0 0 0 0 0 0 0 0
"101" 101 0.077519379845 261 188 20 20 3 3 2 1 1 1 0 0 0 0 0 0 0 0 0 0
"102" 102 0.0103626943005 491 3 2 2 1 1 0 0 0 0 0 0 0 0 0 0 0 0 0 0
"103" 103 0.436781609195 255 90 30 21 17 15 14 14 11 10 8 6 3 3 2 1 0 0 0 0
"104" 104 0.656976744186 333 47 35 27 18 11 10 7 7 5 0 0 0 0 0 0 0 0 0 0
"105" 105 0.288321167883 193 92 67 53 32 24 17 6 6 5 4 1 0 0 0 0 0 0 0 0
"106" 106 0.598540145985 242 63 52 34 28 22 21 14 12 6 2 1 1 1 1 0 0 0 0 0
"107" 107 0.0348258706468 101 101 77 56 34 33 26 19 18 9 6 5 5 4 4 2 0 0 0 0
"108" 108 0.0 378 52 31 23 7 3 2 1 1 1 1 0 0 0 0 0 0 0 0 0
"109" 109 0.508928571429 179 142 93 25 22 9 6 4 4 4 3 3 3 1 1 1 0 0 0 0
"110" 110 0.124352331606 186 94 50 39 38 24 14 12 12 9 9 6 4 2 1 0 0 0 0 0
"111" 111 0.0 177 79 65 65 56 39 9 3 3 2 1 1 0 0 0 0 0 0 0 0
"112" 112 0.355769230769 499 1 0 0 0 0 0 0 0 0 0 0 0 0 0 0 0 0 0 0
"113" 113 0.0172413793103 377 53 29 27 7 5 2 0 0 0 0 0 0 0 0 0 0 0 0 0
"114" 114 0.164179104478 194 144 68 37 13 10 10 7 6 2 2 2 1 1 1 1 1 0 0 0
"115" 115 0.151898734177 340 82 21 15 8 7 6 5 4 3 3 3 2 1 0 0 0 0 0 0
"116" 116 0.71511627907 137 80 79 53 49 35 23 20 8 6 3 3 3 1 0 0 0 0 0 0
"117" 117 0.694300518135 209 75 54 42 41 39 29 4 4 2 1 0 0 0 0 0 0 0 0 0
"118" 118 0.482142857143 86 86 60 58 55 38 26 19 17 17 15 14 5 4 0 0 0 0 0 0
"119" 119 0.173076923077 394 51 27 9 7 6 4 1 1 0 0 0 0 0 0 0 0 0 0 0
"120" 120 0.0507614213198 166 137 53 36 19 15 12 11 11 10 9 8 7 3 2 1 0 0 0 0
"121" 121 0.0 276 56 51 40 23 16 15 8 6 5 3 1 0 0 0 0 0 0 0 0
"122" 122 0.254752851711 135 126 121 34 30 19 10 9 7 6 1 1 1 0 0 0 0 0 0 0
"123" 123 0.0474452554745 110 91 78 54 45 33 26 18 17 14 5 3 3 2 1 0 0 0 0 0
"124" 124 0.0 312 120 31 18 7 4 3 2 1 1 1 0 0 0 0 0 0 0 0 0
"125" 125 0.0199004975124 196 152 62 22 22 10 10 6 4 4 4 2 2 2 2 0 0 0 0 0
"126" 126 0.0 241 132 81 14 9 8 7 2 2 2 1 1 0 0 0 0 0 0 0 0
"127" 127 0.0 266 154 39 29 5 2 2 2 1 0 0 0 0 0 0 0 0 0 0 0
"128" 128 0.00507614213198 187 179 89 16 6 5 5 4 3 2 2 1 1 0 0 0 0 0 0 0
"129" 129 0.0673575129534 471 20 5 3 1 0 0 0 0 0 0 0 0 0 0 0 0 0 0 0
"130" 130 0.173076923077 254 96 30 28 20 18 16 15 11 6 2 2 1 1 0 0 0 0 0 0
"131" 131 0.721518987342 168 132 70 43 22 19 14 10 10 10 1 1 0 0 0 0 0 0 0 0
"132" 132 0.0961538461538 484 7 6 2 1 0 0 0 0 0 0 0 0 0 0 0 0 0 0 0
"133" 133 0.183908045977 105 99 94 45 45 37 28 18 14 11 2 2 0 0 0 0 0 0 0 0
"134" 134 0.0 187 83 64 63 43 27 17 5 5 3 2 1 0 0 0 0 0 0 0 0
"135" 135 0.204379562044 397 24 20 20 12 8 8 4 2 2 2 1 0 0 0 0 0 0 0 0
"136" 136 0.156950672646 189 107 52 33 33 24 12 11 10 9 6 6 3 3 1 1 0 0 0 0
"137" 137 0.258883248731 240 82 64 61 33 10 6 2 2 0 0 0 0 0 0 0 0 0 0 0
"138" 138 0.220930232558 75 71 66 54 47 47 23 20 19 18 18 9 9 9 9 6 0 0 0 0
"139" 139 0.385057471264 179 131 84 25 22 17 10 9 7 6 5 2 1 1 1 0 0 0 0 0
"140" 140 0.205128205128 196 69 67 36 27 25 24 22 11 7 6 5 2 2 1 0 0 0 0 0
"141" 141 0.507772020725 305 89 41 24 11 7 6 5 5 4 1 1 1 0 0 0 0 0 0 0
"142" 142 0.174129353234 170 74 62 60 46 30 16 15 13 8 3 2 1 0 0 0 0 0 0 0
"143" 143 0.591194968553 273 84 54 45 30 7 4 3 0 0 0 0 0 0 0 0 0 0 0 0
"144" 144 0.534482758621 206 74 45 38 36 29 20 17 14 12 4 3 2 0 0 0 0 0 0 0
"145" 145 0.278846153846 240 100 40 21 20 11 11 11 10 9 7 7 4 4 3 2 0 0 0 0
"146" 146 0.116788321168 206 146 59 27 27 25 3 3 1 1 1 1 0 0 0 0 0 0 0 0
"147" 147 0.384105960265 91 85 69 43 41 40 38 29 19 12 10 8 8 5 1 1 0 0 0 0
"148" 148 0.0747126436782 151 77 77 71 40 26 14 13 9 6 5 4 3 2 1 1 0 0 0 0
"149" 149 0.507772020725 184 106 52 48 36 31 11 10 5 5 5 4 2 1 0 0 0 0 0 0
"150" 150 0.357142857143 135 97 81 49 39 30 28 9 7 6 5 4 4 3 2 1 0 0 0 0
"151" 151 0.031007751938 185 62 46 41 38 27 18 18 17 16 11 8 6 5 1 1 0 0 0 0
"152" 152 0.0995024875622 137 88 85 51 38 32 14 11 11 9 9 6 5 2 1 1 0 0 0 0
"153" 153 0.160583941606 151 86 79 57 42 19 15 14 11 7 5 3 3 3 2 2 1 0 0 0
"154" 154 0.0995024875622 119 95 49 44 42 37 27 27 21 18 9 5 4 3 0 0 0 0 0 0
"155" 155 0.0 141 70 69 49 46 40 32 27 12 9 2 1 1 1 0 0 0 0 0 0
"156" 156 0.210762331839 163 103 83 57 21 17 12 12 9 9 5 3 2 2 1 1 0 0 0 0
"157" 157 0.077519379845 176 137 25 24 22 19 19 16 15 12 10 7 6 6 3 2 1 0 0 0
"158" 158 0.192468619247 221 78 45 41 39 18 17 14 11 7 4 2 2 1 0 0 0 0 0 0
"159" 159 0.116591928251 185 93 66 42 28 16 15 12 11 7 6 6 5 4 3 1 0 0 0 0
"160" 160 0.285171102662 110 107 46 44 41 27 25 24 16 16 13 7 6 5 5 4 3 1 0 0
"161" 161 0.18023255814 189 61 59 56 38 35 16 14 10 9 6 3 2 1 1 0 0 0 0 0
"162" 162 0.388601036269 152 119 76 28 26 16 16 15 14 10 9 5 5 4 3 1 1 0 0 0
"163" 163 0.625 138 122 61 50 42 40 13 13 11 4 2 1 1 1 1 0 0 0 0 0
"164" 164 0.468899521531 167 83 52 47 45 39 23 10 8 7 7 5 3 2 1 1 0 0 0 0
"165" 165 0.490384615385 300 128 31 24 5 5 4 2 1 0 0 0 0 0 0 0 0 0 0 0
"166" 166 0.191964285714 98 83 80 49 46 43 23 21 15 10 7 6 6 4 4 4 1 0 0 0
"167" 167 0.373563218391 93 82 69 65 50 28 25 20 18 18 15 5 5 4 1 1 1 0 0 0
"168" 168 0.23417721519 132 116 75 70 18 13 12 11 9 9 7 7 5 5 4 3 2 2 0 0
"169" 169 0.163522012579 249 115 83 21 9 5 4 4 2 2 2 1 1 1 1 0 0 0 0 0
"170" 170 0.821705426357 238 136 41 38 21 14 2 2 2 2 1 1 1 1 0 0 0 0 0 0
"171" 171 0.5 467 33 0 0 0 0 0 0 0 0 0 0 0 0 0 0 0 0 0 0
"172" 172 0.0248226950355 269 69 66 62 12 10 4 4 2 1 1 0 0 0 0 0 0 0 0 0
"173" 173 0.548523206751 114 87 81 46 31 31 29 25 23 17 7 3 3 1 1 1 0 0 0 0
"174" 174 0.465408805031 275 57 30 28 25 24 21 17 10 5 3 2 2 1 0 0 0 0 0 0
"175" 175 0.817307692308 499 1 0 0 0 0 0 0 0 0 0 0 0 0 0 0 0 0 0 0
"176" 176 0.344370860927 83 71 53 47 47 44 25 24 24 23 15 14 10 8 7 4 1 0 0 0
"177" 177 0.300518134715 146 116 45 37 28 21 21 16 16 15 12 8 6 6 2 2 2 1 0 0
"178" 178 0.127906976744 121 89 67 57 31 23 22 21 16 10 9 7 6 6 6 4 2 2 1 0
"179" 179 0.137055837563 197 156 49 24 17 16 8 8 6 5 4 3 3 2 2 0 0 0 0 0
"180" 180 0.308016877637 168 133 45 30 28 23 22 12 12 10 9 4 2 1 1 0 0 0 0 0
"181" 181 0.522012578616 204 145 64 27 23 19 5 5 3 2 2 1 0 0 0 0 0 0 0 0
"182" 182 0.384615384615 128 98 93 31 26 25 25 22 12 7 7 7 5 5 3 3 2 1 0 0
"183" 183 0.626436781609 129 120 81 40 33 30 19 19 8 6 5 4 3 3 0 0 0 0 0 0
"184" 184 0.668393782383 165 121 60 46 37 27 15 14 9 2 2 1 1 0 0 0 0 0 0 0
"185" 185 0.373056994819 132 89 63 54 53 32 23 21 8 5 5 4 4 3 2 1 1 0 0 0
"186" 186 0.0927152317881 166 104 102 38 30 24 13 7 4 3 2 2 2 1 1 1 0 0 0 0
"187" 187 0.510548523207 156 106 54 36 34 33 27 18 17 7 6 3 1 1 1 0 0 0 0 0
"188" 188 0.5 198 89 50 40 28 28 14 14 13 12 5 4 3 2 0 0 0 0 0 0
"189" 189 0.182509505703 190 125 47 28 21 20 15 12 11 10 9 5 4 2 1 0 0 0 0 0
"190" 190 0.401673640167 116 86 86 52 46 31 26 26 10 6 5 5 3 1 1 0 0 0 0 0
"191" 191 0.569536423841 108 106 82 50 43 30 17 16 13 12 10 4 3 2 2 1 1 0 0 0
"192" 192 0.607594936709 180 71 69 45 37 21 16 14 11 8 8 6 5 5 3 1 0 0 0 0
"193" 193 0.377990430622 128 52 38 36 36 34 30 26 23 18 18 17 14 10 7 5 4 4 0 0
"194" 194 0.907692307692 144 102 47 44 39 33 29 24 17 12 4 2 1 1 1 0 0 0 0 0
