"site" "RSA" "aa1" "aa2" "aa3" "aa4" "aa5" "aa6" "aa7" "aa8" "aa9" "aa10" "aa11" "aa12" "aa13" "aa14" "aa15" "aa16" "aa17" "aa18" "aa19" "aa20"
"0" 0 0.790697674419 335 98 46 8 5 4 2 1 1 0 0 0 0 0 0 0 0 0 0 0
"1" 1 0.34375 207 132 25 25 24 23 22 15 12 4 3 3 3 2 0 0 0 0 0 0
"2" 2 0.601990049751 165 96 62 35 35 32 24 15 8 7 7 6 5 3 0 0 0 0 0 0
"3" 3 0.267857142857 229 112 67 48 12 9 9 5 3 2 1 1 1 1 0 0 0 0 0 0
"4" 4 0.20802919708 159 97 60 52 47 33 13 12 8 7 5 3 2 2 0 0 0 0 0 0
"5" 5 0.0 213 208 33 14 9 9 8 4 1 1 0 0 0 0 0 0 0 0 0 0
"6" 6 0.0 325 105 57 6 2 2 2 1 0 0 0 0 0 0 0 0 0 0 0 0
"7" 7 0.0 184 177 65 21 18 11 7 6 5 3 2 1 0 0 0 0 0 0 0 0
"8" 8 0.031007751938 244 84 63 34 20 16 12 11 7 4 3 1 1 0 0 0 0 0 0 0
"9" 9 0.0 370 44 38 16 12 6 5 4 2 2 1 0 0 0 0 0 0 0 0 0
"10" 10 0.101265822785 181 109 86 48 31 18 9 5 3 3 3 3 1 0 0 0 0 0 0 0
"11" 11 0.0251572327044 169 89 76 59 45 33 11 5 4 4 3 2 0 0 0 0 0 0 0 0
"12" 12 0.0777202072539 86 83 79 62 53 24 22 17 16 14 12 10 8 5 4 3 2 0 0 0
"13" 13 0.0 429 68 1 1 1 0 0 0 0 0 0 0 0 0 0 0 0 0 0 0
"14" 14 0.14367816092 178 71 39 31 31 30 27 23 19 18 9 7 6 5 4 2 0 0 0 0
"15" 15 0.614349775785 78 75 55 53 45 40 30 26 23 22 17 13 10 6 3 2 2 0 0 0
"16" 16 0.470802919708 130 105 81 28 25 24 22 20 18 18 12 9 3 2 2 1 0 0 0 0
"17" 17 0.538461538462 265 221 9 2 1 1 1 0 0 0 0 0 0 0 0 0 0 0 0 0
"18" 18 0.0995024875622 254 80 67 30 19 19 16 8 2 2 1 1 1 0 0 0 0 0 0 0
"19" 19 0.294416243655 117 92 59 50 44 38 20 16 13 13 10 8 7 6 5 2 0 0 0 0
"20" 20 0.629139072848 138 104 79 58 46 23 12 12 10 9 7 2 0 0 0 0 0 0 0 0
"21" 21 0.303571428571 104 83 66 57 42 38 29 23 12 10 10 10 9 4 2 1 0 0 0 0
"22" 22 0.0 141 126 116 32 28 15 13 8 8 4 4 3 2 0 0 0 0 0 0 0
"23" 23 0.157360406091 131 114 65 52 30 28 16 12 11 9 9 9 5 4 2 2 1 0 0 0
"24" 24 0.238410596026 125 80 58 47 39 38 36 24 22 13 6 6 4 2 0 0 0 0 0 0
"25" 25 0.0656934306569 102 74 50 45 34 32 27 21 20 19 19 17 14 11 9 4 1 1 0 0
"26" 26 0.0 268 93 78 29 24 3 2 1 1 1 0 0 0 0 0 0 0 0 0 0
"27" 27 0.607142857143 127 95 66 55 53 36 19 18 9 9 5 4 2 2 0 0 0 0 0 0
"28" 28 0.667883211679 110 93 66 54 47 36 29 17 15 11 8 8 4 2 0 0 0 0 0 0
"29" 29 0.409282700422 116 42 41 39 38 35 30 29 27 23 16 16 15 12 8 6 4 3 0 0
"30" 30 0.182692307692 500 0 0 0 0 0 0 0 0 0 0 0 0 0 0 0 0 0 0 0
"31" 31 0.0669456066946 251 102 31 30 29 22 11 8 4 3 3 2 2 1 1 0 0 0 0 0
"32" 32 0.0928270042194 144 60 54 53 44 41 36 23 19 15 3 3 2 1 1 1 0 0 0 0
"33" 33 0.293532338308 398 71 14 7 5 3 1 1 0 0 0 0 0 0 0 0 0 0 0 0
"34" 34 0.0114942528736 140 87 61 54 49 47 30 7 6 5 4 4 2 2 1 1 0 0 0 0
"35" 35 0.0288461538462 338 105 40 8 2 2 2 1 1 1 0 0 0 0 0 0 0 0 0 0
"36" 36 0.41116751269 117 79 62 56 35 34 31 28 17 13 9 8 6 2 1 1 1 0 0 0
"37" 37 0.215189873418 94 93 78 73 35 34 27 14 13 9 9 7 6 5 3 0 0 0 0 0
"38" 38 0.540229885057 124 79 77 60 35 30 26 22 16 14 10 4 2 1 0 0 0 0 0 0
"39" 39 0.223880597015 186 92 85 74 15 12 8 7 6 4 3 3 2 1 1 1 0 0 0 0
"40" 40 0.573604060914 131 115 96 58 35 25 18 6 5 4 4 3 0 0 0 0 0 0 0 0
"41" 41 0.0314465408805 256 77 41 29 29 28 11 7 7 4 4 3 2 1 1 0 0 0 0 0
"42" 42 0.482558139535 251 80 55 42 20 16 10 10 7 3 2 2 2 0 0 0 0 0 0 0
"43" 43 0.286919831224 217 129 38 25 22 15 15 10 10 7 3 3 2 2 1 1 0 0 0 0
"44" 44 0.596412556054 227 164 26 19 16 15 9 8 7 4 3 2 0 0 0 0 0 0 0 0
"45" 45 0.154811715481 136 107 71 64 61 19 12 12 8 7 2 1 0 0 0 0 0 0 0 0
"46" 46 0.0 372 90 13 10 6 3 2 1 1 1 1 0 0 0 0 0 0 0 0 0
"47" 47 0.304932735426 341 74 32 10 9 7 4 4 4 4 3 3 2 1 1 1 0 0 0 0
"48" 48 0.439461883408 114 108 72 69 39 34 19 18 10 5 3 3 2 2 2 0 0 0 0 0
"49" 49 0.0717703349282 379 43 25 22 12 8 3 3 1 1 1 1 1 0 0 0 0 0 0 0
"50" 50 0.0684410646388 253 82 43 34 33 15 12 9 6 5 3 2 2 1 0 0 0 0 0 0
"51" 51 0.382775119617 105 79 66 52 45 35 32 28 16 14 10 6 5 3 2 1 1 0 0 0
"52" 52 0.59585492228 165 75 40 35 33 25 21 21 20 19 16 13 9 6 1 1 0 0 0 0
"53" 53 0.228855721393 91 84 79 70 45 42 30 25 24 5 3 1 1 0 0 0 0 0 0 0
"54" 54 0.582278481013 164 92 58 57 35 27 18 12 10 5 5 5 4 4 2 1 1 0 0 0
"55" 55 0.705357142857 172 118 49 36 30 23 22 13 13 8 6 5 4 1 0 0 0 0 0 0
"56" 56 0.507299270073 117 77 74 51 38 36 30 25 25 11 5 4 4 1 1 1 0 0 0 0
"57" 57 0.823899371069 451 42 6 1 0 0 0 0 0 0 0 0 0 0 0 0 0 0 0 0
"58" 58 0.355648535565 86 81 67 59 52 47 36 27 15 12 6 6 4 1 1 0 0 0 0 0
"59" 59 0.10460251046 306 50 45 35 26 16 12 4 2 2 2 0 0 0 0 0 0 0 0 0
"60" 60 0.482051282051 162 156 54 46 27 17 12 8 7 4 4 2 1 0 0 0 0 0 0 0
"61" 61 0.413461538462 129 121 50 38 33 30 27 21 14 12 8 6 5 2 2 1 1 0 0 0
"62" 62 0.238805970149 159 128 95 46 25 21 12 5 3 3 1 1 1 0 0 0 0 0 0 0
"63" 63 0.0 183 59 55 49 34 24 21 19 13 11 10 9 6 5 2 0 0 0 0 0
"64" 64 0.40414507772 150 85 50 39 37 33 23 22 18 15 9 7 6 4 2 0 0 0 0 0
"65" 65 0.138075313808 103 91 86 60 49 26 23 20 12 8 8 6 5 1 1 1 0 0 0 0
"66" 66 0.0248756218905 237 86 27 26 24 23 20 19 8 6 6 5 4 3 2 2 1 1 0 0
"67" 67 0.165562913907 253 84 66 28 19 14 10 10 8 4 2 1 1 0 0 0 0 0 0 0
"68" 68 0.523178807947 158 106 63 52 22 22 20 18 14 10 5 5 2 1 1 1 0 0 0 0
"69" 69 0.0769230769231 467 25 2 2 2 1 1 0 0 0 0 0 0 0 0 0 0 0 0 0
"70" 70 0.220125786164 147 116 94 45 34 18 12 10 7 6 5 4 2 0 0 0 0 0 0 0
"71" 71 0.0 190 114 35 33 31 25 23 15 13 12 4 3 2 0 0 0 0 0 0 0
"72" 72 0.0761421319797 92 82 81 64 50 28 20 18 15 11 10 9 6 6 3 3 1 1 0 0
"73" 73 0.0 411 18 16 14 14 8 6 4 2 2 2 1 1 1 0 0 0 0 0 0
"74" 74 0.0 145 120 104 75 24 12 8 6 3 2 1 0 0 0 0 0 0 0 0 0
"75" 75 0.0 355 51 39 14 11 8 7 7 2 2 1 1 1 1 0 0 0 0 0 0
"76" 76 0.0106382978723 471 24 3 2 0 0 0 0 0 0 0 0 0 0 0 0 0 0 0 0
"77" 77 0.03125 178 165 37 35 33 19 14 6 4 3 2 2 1 1 0 0 0 0 0 0
"78" 78 0.0 500 0 0 0 0 0 0 0 0 0 0 0 0 0 0 0 0 0 0 0
"79" 79 0.491071428571 220 196 32 12 9 9 5 4 3 3 3 3 1 0 0 0 0 0 0 0
"80" 80 0.25 295 128 31 29 12 4 1 0 0 0 0 0 0 0 0 0 0 0 0 0
"81" 81 0.0 257 145 67 19 4 3 1 1 1 1 1 0 0 0 0 0 0 0 0 0
"82" 82 0.0456852791878 143 80 67 60 34 30 20 20 19 11 4 3 3 2 2 1 1 0 0 0
"83" 83 0.494186046512 244 86 49 28 22 19 11 10 7 7 5 4 3 2 2 1 0 0 0 0
"84" 84 0.326996197719 150 85 76 61 31 27 24 12 10 8 6 6 2 1 1 0 0 0 0 0
"85" 85 0.00961538461538 344 76 52 9 5 5 5 2 1 1 0 0 0 0 0 0 0 0 0 0
"86" 86 0.474452554745 92 85 68 48 35 34 26 26 20 14 13 11 10 8 7 3 0 0 0 0
"87" 87 0.569620253165 237 52 38 36 34 25 21 19 15 15 4 2 1 1 0 0 0 0 0 0
"88" 88 0.114427860697 181 85 50 32 29 25 20 15 12 11 9 7 6 5 5 3 3 2 0 0
"89" 89 0.0203045685279 119 72 67 54 37 25 25 22 16 16 13 13 8 5 5 3 0 0 0 0
"90" 90 0.163461538462 500 0 0 0 0 0 0 0 0 0 0 0 0 0 0 0 0 0 0 0
"91" 91 0.31007751938 230 59 45 37 32 18 16 14 10 9 8 6 5 5 3 3 0 0 0 0
"92" 92 0.540697674419 169 167 47 45 19 14 10 9 7 5 4 3 1 0 0 0 0 0 0 0
"93" 93 0.176165803109 140 135 96 37 34 26 7 6 5 5 5 3 1 0 0 0 0 0 0 0
"94" 94 0.0440251572327 78 46 45 40 38 37 35 35 31 25 20 19 19 10 8 5 5 2 2 0
"95" 95 0.668161434978 137 80 71 68 58 57 11 9 4 2 2 1 0 0 0 0 0 0 0 0
"96" 96 0.691983122363 174 103 87 55 32 25 13 4 2 2 1 1 1 0 0 0 0 0 0 0
"97" 97 0.0993377483444 273 125 59 11 9 8 4 3 3 2 2 1 0 0 0 0 0 0 0 0
"98" 98 0.457364341085 172 88 62 26 25 25 25 14 13 10 10 8 8 6 4 2 2 0 0 0
"99" 99 0.748427672956 123 68 53 51 48 46 32 25 18 15 15 3 3 0 0 0 0 0 0 0
"100" 100 0.461538461538 500 0 0 0 0 0 0 0 0 0 0 0 0 0 0 0 0 0 0 0
"101" 101 0.110465116279 116 86 78 70 47 36 22 16 12 6 5 5 1 0 0 0 0 0 0 0
"102" 102 0.0 185 132 38 34 26 25 13 13 9 8 8 4 4 1 0 0 0 0 0 0
"103" 103 0.0839416058394 153 59 45 43 42 39 36 19 18 11 10 9 5 5 4 1 1 0 0 0
"104" 104 0.240384615385 317 127 15 10 10 7 4 3 3 1 1 1 1 0 0 0 0 0 0 0
"105" 105 0.367875647668 183 91 50 49 30 26 22 13 10 10 5 4 4 2 1 0 0 0 0 0
"106" 106 0.139303482587 169 151 69 52 23 12 6 5 5 3 2 2 1 0 0 0 0 0 0 0
"107" 107 0.093023255814 220 159 90 16 4 3 3 2 1 1 1 0 0 0 0 0 0 0 0 0
"108" 108 0.568965517241 216 63 60 54 27 24 24 10 9 6 4 3 0 0 0 0 0 0 0 0
"109" 109 0.413793103448 150 81 60 54 33 31 31 14 11 11 8 6 5 4 1 0 0 0 0 0
"110" 110 0.379310344828 97 86 69 57 41 33 32 25 17 11 9 7 6 3 3 2 2 0 0 0
"111" 111 0.451923076923 144 93 70 58 35 32 28 21 7 4 2 2 2 1 1 0 0 0 0 0
"112" 112 0.448905109489 154 96 94 67 27 16 16 9 8 7 4 1 1 0 0 0 0 0 0 0
"113" 113 0.0512820512821 369 61 26 15 9 9 3 3 2 1 1 1 0 0 0 0 0 0 0 0
"114" 114 0.0 106 96 84 67 45 21 19 11 11 10 10 9 4 3 3 1 0 0 0 0
"115" 115 0.0 166 134 69 47 21 17 15 12 9 6 3 1 0 0 0 0 0 0 0 0
"116" 116 0.157894736842 207 167 37 32 15 14 8 5 5 3 2 2 1 1 1 0 0 0 0 0
"117" 117 0.134615384615 222 85 78 30 27 18 9 7 6 5 5 3 2 1 1 1 0 0 0 0
"118" 118 0.0 338 149 5 4 2 1 1 0 0 0 0 0 0 0 0 0 0 0 0 0
"119" 119 0.502590673575 101 90 68 59 42 32 30 29 14 12 11 8 3 1 0 0 0 0 0 0
"120" 120 0.105769230769 251 92 51 28 18 12 10 9 8 7 7 3 2 1 1 0 0 0 0 0
"121" 121 0.553459119497 249 113 39 33 16 12 12 10 6 3 2 2 1 1 1 0 0 0 0 0
"122" 122 0.575892857143 189 112 51 33 23 20 19 17 16 13 4 2 1 0 0 0 0 0 0 0
"123" 123 0.174418604651 99 86 83 39 29 25 24 24 23 20 12 9 7 7 4 4 3 2 0 0
"124" 124 0.015503875969 403 64 28 1 1 1 1 1 0 0 0 0 0 0 0 0 0 0 0 0
"125" 125 0.573839662447 169 116 58 35 27 25 21 17 10 7 5 5 4 1 0 0 0 0 0 0
"126" 126 0.507772020725 181 95 50 45 36 35 26 12 6 6 5 1 1 1 0 0 0 0 0 0
"127" 127 0.09375 154 130 64 56 31 16 15 14 8 5 3 1 1 1 1 0 0 0 0 0
"128" 128 0.0964467005076 335 36 21 21 16 14 11 10 8 8 7 6 5 1 1 0 0 0 0 0
"129" 129 0.713080168776 214 97 42 39 35 15 15 15 8 7 4 4 2 1 1 1 0 0 0 0
"130" 130 0.243781094527 132 95 66 52 49 44 26 22 3 2 2 2 2 2 1 0 0 0 0 0
"131" 131 0.0354609929078 455 10 9 6 6 5 5 1 1 1 1 0 0 0 0 0 0 0 0 0
"132" 132 0.0418410041841 397 89 4 4 3 2 1 0 0 0 0 0 0 0 0 0 0 0 0 0
"133" 133 0.518987341772 140 96 72 42 33 30 19 15 15 12 11 6 4 3 2 0 0 0 0 0
"134" 134 0.685534591195 141 123 110 46 31 20 19 5 3 1 1 0 0 0 0 0 0 0 0 0
"135" 135 0.629464285714 117 77 77 66 63 40 18 13 13 9 6 1 0 0 0 0 0 0 0 0
"136" 136 0.290178571429 116 106 82 64 44 29 23 12 5 5 5 4 3 2 0 0 0 0 0 0
"137" 137 0.169154228856 302 53 51 14 13 10 10 8 7 7 6 5 5 4 3 2 0 0 0 0
"138" 138 0.390804597701 135 98 57 48 42 31 28 22 17 12 7 1 1 1 0 0 0 0 0 0
"139" 139 0.741721854305 133 83 72 50 42 30 27 15 13 13 12 4 4 2 0 0 0 0 0 0
"140" 140 0.430962343096 165 100 67 61 20 14 13 11 10 8 8 8 5 3 3 2 2 0 0 0
"141" 141 0.651162790698 99 75 60 56 55 25 25 24 19 17 15 13 6 6 3 2 0 0 0 0
"142" 142 0.145695364238 115 55 50 49 49 35 30 27 20 16 15 11 11 6 6 2 2 1 0 0
"143" 143 0.692307692308 127 102 95 72 26 19 17 15 11 10 2 2 1 1 0 0 0 0 0 0
"144" 144 0.390728476821 125 92 59 49 37 30 29 27 17 16 7 6 2 2 1 1 0 0 0 0
"145" 145 0.147321428571 76 75 53 47 44 44 32 32 28 20 17 9 6 6 4 4 2 1 0 0
"146" 146 0.599156118143 105 78 77 72 44 43 25 19 11 8 7 4 3 2 2 0 0 0 0 0
"147" 147 0.794326241135 160 123 70 47 29 18 17 10 7 6 5 3 3 1 1 0 0 0 0 0
"148" 148 0.335025380711 154 140 80 30 21 15 13 13 12 9 5 3 2 2 1 0 0 0 0 0
"149" 149 0.406844106464 383 73 18 5 4 4 3 3 2 1 1 1 1 1 0 0 0 0 0 0
