"site" "RSA" "aa1" "aa2" "aa3" "aa4" "aa5" "aa6" "aa7" "aa8" "aa9" "aa10" "aa11" "aa12" "aa13" "aa14" "aa15" "aa16" "aa17" "aa18" "aa19" "aa20"
"0" 0 0.704641350211 285 74 58 23 17 12 10 6 5 5 3 1 1 0 0 0 0 0 0 0
"1" 1 0.0288461538462 494 3 2 1 0 0 0 0 0 0 0 0 0 0 0 0 0 0 0 0
"2" 2 0.105769230769 129 86 51 47 34 33 27 26 25 10 9 7 5 4 4 2 1 0 0 0
"3" 3 0.00574712643678 180 162 60 29 28 14 11 5 4 3 2 1 1 0 0 0 0 0 0 0
"4" 4 0.0203045685279 173 108 55 42 25 19 17 16 13 13 8 6 2 1 1 1 0 0 0 0
"5" 5 0.0 126 116 57 51 41 38 25 17 15 6 3 2 2 1 0 0 0 0 0 0
"6" 6 0.139896373057 198 79 66 48 26 21 14 12 11 7 4 4 3 2 2 2 1 0 0 0
"7" 7 0.0 284 151 55 7 3 0 0 0 0 0 0 0 0 0 0 0 0 0 0 0
"8" 8 0.333333333333 201 64 62 52 52 18 12 10 10 6 6 4 1 1 1 0 0 0 0 0
"9" 9 0.287179487179 131 128 101 94 18 7 4 4 4 3 3 2 1 0 0 0 0 0 0 0
"10" 10 0.201550387597 169 103 95 49 16 14 12 10 9 9 4 4 3 2 1 0 0 0 0 0
"11" 11 0.629464285714 244 120 23 21 21 18 16 10 10 6 4 4 3 0 0 0 0 0 0 0
"12" 12 0.143497757848 270 82 29 29 20 15 13 12 11 6 6 4 2 1 0 0 0 0 0 0
"13" 13 0.0 315 134 43 5 2 1 0 0 0 0 0 0 0 0 0 0 0 0 0 0
"14" 14 0.476793248945 205 90 63 59 42 9 9 6 5 3 3 3 2 1 0 0 0 0 0 0
"15" 15 0.152284263959 163 133 67 23 22 18 18 13 10 10 9 6 5 1 1 1 0 0 0 0
"16" 16 0.0 389 95 7 5 3 1 0 0 0 0 0 0 0 0 0 0 0 0 0 0
"17" 17 0.276785714286 137 96 72 46 36 25 24 18 8 8 7 7 6 4 4 2 0 0 0 0
"18" 18 0.410852713178 121 94 72 53 47 39 24 21 7 7 6 4 4 1 0 0 0 0 0 0
"19" 19 0.0387596899225 381 76 23 5 5 4 3 2 1 0 0 0 0 0 0 0 0 0 0 0
"20" 20 0.384615384615 499 1 0 0 0 0 0 0 0 0 0 0 0 0 0 0 0 0 0 0
"21" 21 0.0387596899225 334 143 13 4 3 1 1 1 0 0 0 0 0 0 0 0 0 0 0 0
"22" 22 0.413793103448 110 99 70 61 35 29 23 20 17 12 6 6 5 3 1 1 1 1 0 0
"23" 23 0.031007751938 271 109 59 34 18 5 2 2 0 0 0 0 0 0 0 0 0 0 0 0
"24" 24 0.0 234 120 75 62 4 3 1 1 0 0 0 0 0 0 0 0 0 0 0 0
"25" 25 0.0 256 75 45 38 25 15 14 9 6 5 4 3 3 1 1 0 0 0 0 0
"26" 26 0.015503875969 286 137 62 6 4 4 1 0 0 0 0 0 0 0 0 0 0 0 0 0
"27" 27 0.149253731343 200 63 55 42 38 33 19 17 10 6 6 5 3 2 1 0 0 0 0 0
"28" 28 0.647321428571 245 111 54 47 18 9 7 4 2 1 1 1 0 0 0 0 0 0 0 0
"29" 29 1.29807692308 235 153 43 31 17 14 4 1 1 1 0 0 0 0 0 0 0 0 0 0
"30" 30 0.653846153846 439 33 20 3 2 2 1 0 0 0 0 0 0 0 0 0 0 0 0 0
"31" 31 0.396551724138 159 90 49 45 39 31 24 16 16 11 6 5 4 3 1 1 0 0 0 0
"32" 32 0.302325581395 120 118 58 36 31 28 27 18 17 15 12 10 3 2 2 2 1 0 0 0
"33" 33 0.536496350365 420 49 9 6 6 3 3 2 1 1 0 0 0 0 0 0 0 0 0 0
"34" 34 0.224770642202 234 91 53 31 18 12 9 8 7 7 6 5 4 4 4 4 2 1 0 0
"35" 35 0.093023255814 156 90 65 53 48 20 19 18 11 10 6 3 1 0 0 0 0 0 0 0
"36" 36 0.378238341969 129 78 66 55 55 45 40 21 4 4 1 1 1 0 0 0 0 0 0 0
"37" 37 0.295597484277 92 84 56 53 53 47 32 18 17 16 15 13 3 1 0 0 0 0 0 0
"38" 38 0.540697674419 219 89 79 27 25 17 11 10 8 7 4 2 1 1 0 0 0 0 0 0
"39" 39 0.14367816092 89 88 77 42 38 35 33 28 19 12 11 9 8 5 3 2 1 0 0 0
"40" 40 0.0 155 85 68 41 34 29 29 17 9 8 7 7 4 3 3 1 0 0 0 0
"41" 41 0.415178571429 125 104 80 53 30 28 17 16 13 8 7 6 5 4 4 0 0 0 0 0
"42" 42 0.375 243 115 49 24 16 10 9 9 8 5 4 2 2 2 1 1 0 0 0 0
"43" 43 0.0 146 129 94 55 32 28 14 1 1 0 0 0 0 0 0 0 0 0 0 0
"44" 44 0.197247706422 135 74 65 60 52 20 17 16 13 12 11 9 5 4 2 2 2 1 0 0
"45" 45 0.723076923077 90 63 62 54 54 47 45 38 20 7 7 5 4 1 1 1 1 0 0 0
"46" 46 0.077519379845 376 45 36 13 12 9 4 2 1 1 1 0 0 0 0 0 0 0 0 0
"47" 47 0.0862068965517 204 162 78 45 4 3 2 1 1 0 0 0 0 0 0 0 0 0 0 0
"48" 48 0.788079470199 290 68 65 23 19 10 7 6 5 4 2 1 0 0 0 0 0 0 0 0
"49" 49 0.172588832487 215 88 77 53 18 9 8 7 6 4 4 4 3 2 1 1 0 0 0 0
"50" 50 0.364779874214 399 51 26 8 8 3 2 1 1 1 0 0 0 0 0 0 0 0 0 0
"51" 51 0.0172413793103 322 102 31 24 9 6 4 2 0 0 0 0 0 0 0 0 0 0 0 0
"52" 52 0.0275229357798 244 73 64 48 29 20 11 6 3 1 1 0 0 0 0 0 0 0 0 0
"53" 53 0.0077519379845 221 219 29 27 2 1 1 0 0 0 0 0 0 0 0 0 0 0 0 0
"54" 54 0.147679324895 170 139 70 53 21 15 8 6 5 3 2 2 2 2 1 1 0 0 0 0
"55" 55 0.0 210 133 89 47 19 2 0 0 0 0 0 0 0 0 0 0 0 0 0 0
"56" 56 0.142335766423 281 88 38 29 23 22 9 8 2 0 0 0 0 0 0 0 0 0 0 0
"57" 57 0.0913705583756 135 69 67 63 36 28 22 18 15 14 9 6 5 4 3 2 2 1 1 0
"58" 58 0.153846153846 500 0 0 0 0 0 0 0 0 0 0 0 0 0 0 0 0 0 0 0
"59" 59 0.234449760766 315 70 43 42 18 6 3 1 1 1 0 0 0 0 0 0 0 0 0 0
"60" 60 0.399239543726 252 82 36 31 27 26 10 9 9 7 5 3 2 1 0 0 0 0 0 0
"61" 61 0.505747126437 196 138 52 35 31 17 13 8 5 2 2 1 0 0 0 0 0 0 0 0
"62" 62 0.0401785714286 261 143 57 11 5 4 4 4 3 3 2 1 1 1 0 0 0 0 0 0
"63" 63 0.0 294 65 51 49 15 10 8 3 2 2 1 0 0 0 0 0 0 0 0 0
"64" 64 0.244525547445 184 159 37 32 22 17 10 9 6 6 5 5 3 2 1 1 1 0 0 0
"65" 65 0.310344827586 155 128 71 43 27 21 17 16 12 6 1 1 1 1 0 0 0 0 0 0
"66" 66 0.0 178 105 76 42 36 25 11 6 6 3 3 3 2 2 1 1 0 0 0 0
"67" 67 0.169642857143 80 78 70 67 52 43 21 21 18 15 11 9 7 3 2 2 1 0 0 0
"68" 68 0.68992248062 81 68 68 68 64 34 28 26 21 18 12 10 2 0 0 0 0 0 0 0
"69" 69 0.218905472637 128 99 55 49 26 26 24 18 16 13 13 12 9 7 4 1 0 0 0 0
"70" 70 0.403846153846 497 3 0 0 0 0 0 0 0 0 0 0 0 0 0 0 0 0 0 0
"71" 71 0.0459770114943 206 108 102 40 24 10 6 3 1 0 0 0 0 0 0 0 0 0 0 0
"72" 72 0.388601036269 230 143 32 29 17 16 9 7 7 4 3 1 1 1 0 0 0 0 0 0
"73" 73 0.178707224335 352 32 26 18 15 14 10 10 9 8 5 1 0 0 0 0 0 0 0 0
"74" 74 0.0 460 19 7 5 4 3 1 1 0 0 0 0 0 0 0 0 0 0 0 0
"75" 75 0.0103626943005 216 159 49 23 22 15 9 3 2 1 1 0 0 0 0 0 0 0 0 0
"76" 76 0.0133928571429 330 34 29 24 23 19 15 11 8 3 2 1 1 0 0 0 0 0 0 0
"77" 77 0.0 311 168 8 4 3 2 2 1 1 0 0 0 0 0 0 0 0 0 0 0
"78" 78 0.214285714286 123 98 86 65 64 22 10 8 7 5 4 3 3 1 1 0 0 0 0 0
"79" 79 0.385057471264 160 71 60 49 41 33 27 27 13 6 5 5 3 0 0 0 0 0 0 0
"80" 80 0.0995024875622 205 62 60 33 31 19 17 13 12 10 10 9 8 7 2 1 1 0 0 0
"81" 81 0.302325581395 202 61 60 28 28 25 20 18 15 10 10 9 7 6 1 0 0 0 0 0
"82" 82 0.314465408805 192 78 54 43 25 25 24 19 15 8 5 4 3 2 2 1 0 0 0 0
"83" 83 0.418604651163 124 119 60 40 36 31 27 21 13 12 9 8 0 0 0 0 0 0 0 0
"84" 84 0.274611398964 300 52 36 34 18 16 11 7 6 5 3 3 3 3 1 1 1 0 0 0
"85" 85 0.785714285714 131 97 92 50 30 26 19 11 10 9 9 8 6 1 1 0 0 0 0 0
"86" 86 0.678571428571 97 96 92 59 34 29 23 19 18 16 7 4 3 2 1 0 0 0 0 0
"87" 87 0.556485355649 84 82 77 65 46 33 24 22 21 14 9 8 8 7 0 0 0 0 0 0
"88" 88 0.248803827751 213 82 68 24 21 17 17 13 12 8 7 6 4 3 2 1 1 1 0 0
"89" 89 0.0253807106599 202 97 82 26 24 22 20 7 6 4 3 2 2 1 1 1 0 0 0 0
"90" 90 0.284974093264 420 23 12 11 11 6 4 4 3 2 1 1 1 1 0 0 0 0 0 0
"91" 91 0.0210970464135 115 94 72 44 40 25 21 19 19 12 12 8 7 4 4 2 1 1 0 0
"92" 92 0.587591240876 140 125 76 52 40 21 18 16 6 2 1 1 1 1 0 0 0 0 0 0
"93" 93 0.457399103139 147 97 74 49 47 43 31 6 3 3 0 0 0 0 0 0 0 0 0 0
"94" 94 0.0753138075314 407 37 26 10 5 4 2 2 2 2 1 1 1 0 0 0 0 0 0 0
"95" 95 0.761627906977 178 101 77 68 55 13 4 3 1 0 0 0 0 0 0 0 0 0 0 0
"96" 96 0.0689655172414 205 129 89 25 14 13 8 5 4 3 3 1 1 0 0 0 0 0 0 0
"97" 97 0.251572327044 228 179 19 19 16 15 6 4 4 3 2 2 2 1 0 0 0 0 0 0
"98" 98 0.00418410041841 286 190 12 4 3 3 1 1 0 0 0 0 0 0 0 0 0 0 0 0
"99" 99 0.0 264 103 47 31 22 14 7 4 4 3 1 0 0 0 0 0 0 0 0 0
"100" 100 0.0126582278481 209 120 112 30 13 6 2 2 2 1 1 1 1 0 0 0 0 0 0 0
"101" 101 0.0384615384615 250 102 72 18 16 10 8 5 4 4 4 2 2 1 1 1 0 0 0 0
"102" 102 0.00632911392405 270 166 21 17 9 8 4 3 1 1 0 0 0 0 0 0 0 0 0 0
"103" 103 0.441605839416 116 96 86 59 34 30 27 24 14 12 1 1 0 0 0 0 0 0 0 0
"104" 104 0.269430051813 136 96 88 68 57 30 12 5 4 2 1 1 0 0 0 0 0 0 0 0
"105" 105 0.0 181 156 67 42 26 8 5 5 3 2 2 1 1 1 0 0 0 0 0 0
"106" 106 0.0 312 88 69 9 8 7 2 1 1 1 1 1 0 0 0 0 0 0 0 0
"107" 107 0.0401785714286 201 58 56 47 42 38 27 14 7 3 2 2 1 1 1 0 0 0 0 0
"108" 108 0.0 155 121 113 43 25 12 11 6 4 4 3 2 1 0 0 0 0 0 0 0
"109" 109 0.0 145 119 88 80 11 11 10 10 7 6 5 3 2 1 1 1 0 0 0 0
"110" 110 0.332116788321 203 154 39 32 20 19 14 9 4 3 2 1 0 0 0 0 0 0 0 0
"111" 111 0.0620437956204 172 132 79 39 32 24 5 4 4 3 2 2 1 1 0 0 0 0 0 0
"112" 112 0.142131979695 154 91 70 49 48 37 14 14 5 4 4 3 3 2 2 0 0 0 0 0
"113" 113 0.387596899225 184 135 62 35 20 19 17 12 8 2 2 2 2 0 0 0 0 0 0 0
"114" 114 0.178571428571 121 85 69 62 43 29 27 13 12 12 10 7 4 3 2 1 0 0 0 0
"115" 115 0.192307692308 500 0 0 0 0 0 0 0 0 0 0 0 0 0 0 0 0 0 0 0
"116" 116 0.046511627907 271 215 14 0 0 0 0 0 0 0 0 0 0 0 0 0 0 0 0 0
"117" 117 0.370860927152 185 160 35 33 29 28 8 7 6 5 2 2 0 0 0 0 0 0 0 0
"118" 118 0.0366972477064 176 176 74 46 13 10 2 1 1 1 0 0 0 0 0 0 0 0 0 0
"119" 119 0.0 403 56 15 11 6 5 2 1 1 0 0 0 0 0 0 0 0 0 0 0
"120" 120 0.0474452554745 257 168 39 16 8 4 3 2 2 1 0 0 0 0 0 0 0 0 0 0
"121" 121 0.00581395348837 243 240 10 4 1 1 1 0 0 0 0 0 0 0 0 0 0 0 0 0
"122" 122 0.160337552743 239 91 56 45 23 12 11 6 5 3 3 2 2 1 1 0 0 0 0 0
"123" 123 0.115384615385 500 0 0 0 0 0 0 0 0 0 0 0 0 0 0 0 0 0 0 0
"124" 124 0.375 284 120 62 14 7 7 2 2 2 0 0 0 0 0 0 0 0 0 0 0
"125" 125 0.459119496855 174 91 77 47 40 28 13 10 6 4 3 2 2 2 1 0 0 0 0 0
"126" 126 0.836538461538 491 4 3 1 1 0 0 0 0 0 0 0 0 0 0 0 0 0 0 0
"127" 127 0.406976744186 195 82 64 63 38 17 11 7 6 5 3 2 2 2 1 1 1 0 0 0
"128" 128 0.442307692308 303 143 16 8 6 5 4 4 4 3 3 1 0 0 0 0 0 0 0 0
"129" 129 0.389743589744 313 50 44 32 24 18 7 5 4 2 1 0 0 0 0 0 0 0 0 0
"130" 130 0.126903553299 251 115 78 12 7 5 4 4 4 4 4 4 3 2 1 1 1 0 0 0
"131" 131 0.362068965517 183 87 68 67 30 20 19 8 6 4 3 3 1 1 0 0 0 0 0 0
"132" 132 0.21875 143 101 81 42 33 27 22 11 10 9 7 4 4 2 1 1 1 1 0 0
"133" 133 0.0 357 83 31 21 5 1 1 1 0 0 0 0 0 0 0 0 0 0 0 0
"134" 134 0.172413793103 165 114 55 53 30 20 16 12 11 8 6 4 3 3 0 0 0 0 0 0
"135" 135 0.503649635036 136 118 108 34 32 18 17 10 10 6 4 2 2 1 1 1 0 0 0 0
"136" 136 0.0574162679426 272 131 53 20 16 6 1 1 0 0 0 0 0 0 0 0 0 0 0 0
"137" 137 0.0 172 83 79 53 32 24 17 12 12 8 3 2 1 1 1 0 0 0 0 0
"138" 138 0.547445255474 144 115 98 46 45 12 10 7 6 3 3 3 3 2 2 1 0 0 0 0
"139" 139 0.438818565401 126 114 105 50 32 22 11 10 10 8 6 4 1 1 0 0 0 0 0 0
"140" 140 0.00574712643678 277 60 32 24 23 22 16 12 8 7 6 4 4 2 2 1 0 0 0 0
"141" 141 0.102564102564 144 62 45 45 43 42 32 23 23 20 10 4 3 2 1 1 0 0 0 0
"142" 142 0.403100775194 118 96 74 55 44 35 23 14 11 10 9 5 5 1 0 0 0 0 0 0
"143" 143 0.112107623318 125 106 62 58 40 34 22 13 13 10 8 3 3 1 1 1 0 0 0 0
"144" 144 0.0609137055838 139 81 72 62 36 33 19 15 14 8 7 4 4 2 2 2 0 0 0 0
"145" 145 0.532846715328 98 84 77 74 37 35 26 23 20 9 7 4 2 2 1 1 0 0 0 0
"146" 146 0.455696202532 114 107 106 40 25 23 21 17 13 11 8 5 4 3 2 1 0 0 0 0
"147" 147 0.0 141 111 81 43 38 23 20 11 7 6 6 4 2 2 2 2 1 0 0 0
"148" 148 0.281609195402 109 89 60 48 36 31 26 25 23 10 9 8 7 6 6 5 2 0 0 0
"149" 149 0.748717948718 214 56 56 54 52 23 12 10 10 9 1 1 1 1 0 0 0 0 0 0
"150" 150 0.0871559633028 150 96 88 41 26 20 12 12 11 10 8 8 7 5 3 2 1 0 0 0
"151" 151 0.384105960265 109 87 85 54 48 40 32 10 10 5 4 4 3 3 2 2 2 0 0 0
"152" 152 0.446428571429 216 48 39 36 32 27 22 22 19 12 7 6 5 4 3 2 0 0 0 0
"153" 153 0.704663212435 114 95 77 76 39 35 21 14 11 10 5 2 1 0 0 0 0 0 0 0
"154" 154 0.477678571429 148 108 68 51 50 25 13 12 8 6 6 2 1 1 1 0 0 0 0 0
"155" 155 0.0 272 53 22 20 17 17 17 14 13 12 12 11 8 5 3 2 1 1 0 0
"156" 156 0.48275862069 234 73 57 28 25 23 19 14 11 7 4 2 1 1 1 0 0 0 0 0
"157" 157 0.53488372093 207 59 58 52 46 24 19 12 8 5 4 3 1 1 1 0 0 0 0 0
"158" 158 0.116071428571 138 85 55 50 31 28 25 21 19 16 9 9 7 3 2 1 1 0 0 0
"159" 159 0.0387596899225 434 32 30 3 1 0 0 0 0 0 0 0 0 0 0 0 0 0 0 0
"160" 160 0.776371308017 232 75 48 38 31 23 15 11 8 8 4 2 2 2 1 0 0 0 0 0
"161" 161 0.717488789238 148 106 83 45 32 18 18 18 11 7 7 3 2 1 1 0 0 0 0 0
"162" 162 0.129353233831 133 114 73 51 28 28 20 15 11 7 6 5 5 2 1 1 0 0 0 0
"163" 163 0.365384615385 326 172 1 1 0 0 0 0 0 0 0 0 0 0 0 0 0 0 0 0
"164" 164 0.100775193798 276 202 7 3 3 3 2 2 1 1 0 0 0 0 0 0 0 0 0 0
"165" 165 0.276729559748 250 76 67 23 21 18 13 12 8 4 3 3 2 0 0 0 0 0 0 0
"166" 166 0.206896551724 123 107 79 31 26 25 22 13 12 12 11 9 7 7 5 4 4 3 0 0
"167" 167 0.549107142857 177 101 65 49 42 19 19 12 10 4 1 1 0 0 0 0 0 0 0 0
"168" 168 0.0804597701149 153 54 48 47 41 41 38 22 21 9 7 6 4 3 2 2 1 1 0 0
"169" 169 0.0 146 70 70 63 43 43 20 14 11 5 4 3 3 2 1 1 1 0 0 0
"170" 170 0.328467153285 196 71 60 54 48 19 14 11 7 6 5 3 3 2 1 0 0 0 0 0
"171" 171 0.299107142857 198 139 92 27 17 13 4 3 2 1 1 1 1 1 0 0 0 0 0 0
"172" 172 0.0 174 74 54 51 31 28 22 17 16 9 8 7 5 2 2 0 0 0 0 0
"173" 173 0.20253164557 124 89 56 46 39 32 20 19 17 11 10 9 9 8 7 3 1 0 0 0
"174" 174 0.605839416058 182 64 62 45 38 24 23 19 16 9 8 3 3 3 1 0 0 0 0 0
"175" 175 0.358208955224 158 139 62 26 24 23 16 12 8 7 7 6 5 4 3 0 0 0 0 0
"176" 176 0.375 478 6 6 3 3 2 2 0 0 0 0 0 0 0 0 0 0 0 0 0
"177" 177 0.357664233577 160 139 75 45 42 28 5 2 2 1 1 0 0 0 0 0 0 0 0 0
"178" 178 0.0199004975124 183 183 109 11 7 4 2 1 0 0 0 0 0 0 0 0 0 0 0 0
"179" 179 0.295597484277 195 164 62 18 16 11 8 6 5 4 4 3 2 1 1 0 0 0 0 0
"180" 180 0.126436781609 182 155 88 21 16 12 11 8 4 3 0 0 0 0 0 0 0 0 0 0
"181" 181 0.35632183908 203 120 55 26 25 24 18 11 6 5 2 2 1 1 1 0 0 0 0 0
"182" 182 0.0153846153846 164 141 54 45 29 22 13 12 10 5 1 1 1 1 1 0 0 0 0 0
"183" 183 0.071129707113 296 90 45 35 10 9 5 4 2 1 1 1 1 0 0 0 0 0 0 0
"184" 184 0.0 426 53 10 4 2 1 1 1 1 1 0 0 0 0 0 0 0 0 0 0
"185" 185 0.0697674418605 276 74 70 54 11 8 3 1 1 1 1 0 0 0 0 0 0 0 0 0
"186" 186 0.105769230769 500 0 0 0 0 0 0 0 0 0 0 0 0 0 0 0 0 0 0 0
"187" 187 0.125 496 3 1 0 0 0 0 0 0 0 0 0 0 0 0 0 0 0 0 0
"188" 188 0.0804597701149 117 84 67 63 61 54 22 15 13 2 2 0 0 0 0 0 0 0 0 0
"189" 189 0.273255813953 292 57 52 19 19 16 9 9 9 7 5 4 1 1 0 0 0 0 0 0
"190" 190 0.331395348837 177 77 68 40 39 28 18 16 15 10 8 4 0 0 0 0 0 0 0 0
"191" 191 0.0377358490566 261 114 43 39 18 10 9 6 0 0 0 0 0 0 0 0 0 0 0 0
"192" 192 0.37984496124 196 87 47 33 30 29 22 18 15 11 5 4 2 1 0 0 0 0 0 0
"193" 193 0.150259067358 199 139 53 29 22 22 10 8 4 3 3 3 2 2 1 0 0 0 0 0
"194" 194 0.0 195 175 62 25 20 12 4 3 2 1 1 0 0 0 0 0 0 0 0 0
"195" 195 0.0542635658915 375 87 10 8 7 6 3 2 2 0 0 0 0 0 0 0 0 0 0 0
"196" 196 0.318407960199 182 90 85 41 30 17 10 8 7 6 6 6 5 5 1 1 0 0 0 0
"197" 197 0.0 283 82 45 43 20 20 4 2 1 0 0 0 0 0 0 0 0 0 0 0
"198" 198 0.0183486238532 440 13 8 7 7 5 5 4 4 3 1 1 1 1 0 0 0 0 0 0
"199" 199 0.526315789474 135 121 69 44 34 29 12 11 10 6 5 5 4 4 3 3 3 2 0 0
"200" 200 0.044776119403 240 41 33 31 26 25 23 20 17 15 9 8 5 4 3 0 0 0 0 0
"201" 201 0.336538461538 497 2 1 0 0 0 0 0 0 0 0 0 0 0 0 0 0 0 0 0
"202" 202 0.0 256 235 8 1 0 0 0 0 0 0 0 0 0 0 0 0 0 0 0 0
"203" 203 0.0880829015544 400 49 16 16 8 4 3 3 1 0 0 0 0 0 0 0 0 0 0 0
"204" 204 0.0 498 2 0 0 0 0 0 0 0 0 0 0 0 0 0 0 0 0 0 0
"205" 205 0.0 248 104 104 15 13 11 2 2 1 0 0 0 0 0 0 0 0 0 0 0
"206" 206 0.0585774058577 325 47 34 25 24 22 8 4 3 2 2 1 1 1 1 0 0 0 0 0
"207" 207 0.0344827586207 144 124 80 65 58 6 5 5 4 3 2 2 1 1 0 0 0 0 0 0
"208" 208 0.269230769231 234 99 67 48 26 23 2 1 0 0 0 0 0 0 0 0 0 0 0 0
"209" 209 0.298013245033 167 84 81 59 36 31 10 10 9 3 3 3 2 1 1 0 0 0 0 0
"210" 210 0.307692307692 127 117 56 37 34 28 27 25 13 12 10 10 3 1 0 0 0 0 0 0
"211" 211 0.0253807106599 115 62 57 55 49 48 46 28 22 6 5 4 2 1 0 0 0 0 0 0
"212" 212 0.146443514644 169 110 56 39 34 28 20 14 8 5 4 3 3 3 2 1 1 0 0 0
"213" 213 0.679324894515 163 88 65 52 44 31 17 16 6 5 4 4 1 1 1 1 1 0 0 0
"214" 214 0.172185430464 168 149 48 28 27 16 14 11 10 9 9 4 3 2 1 1 0 0 0 0
"215" 215 0.821428571429 104 91 86 85 39 36 24 20 6 5 2 1 1 0 0 0 0 0 0 0
"216" 216 0.415384615385 216 112 67 21 19 19 17 13 8 4 3 1 0 0 0 0 0 0 0 0
"217" 217 0.176100628931 213 102 65 36 24 16 9 8 7 7 6 2 1 1 1 1 1 0 0 0
"218" 218 0.290178571429 251 96 53 40 17 15 7 5 5 3 3 2 2 1 0 0 0 0 0 0
"219" 219 0.438818565401 103 89 80 52 52 32 21 16 14 13 13 7 4 2 2 0 0 0 0 0
"220" 220 0.148288973384 148 117 65 52 31 21 19 13 12 6 5 3 3 3 1 1 0 0 0 0
"221" 221 0.0 167 94 86 37 33 19 13 13 11 9 6 6 4 1 1 0 0 0 0 0
"222" 222 0.481751824818 217 146 52 30 17 16 6 4 4 2 2 1 1 1 1 0 0 0 0 0
"223" 223 0.0542635658915 228 96 67 30 19 15 14 11 6 5 4 2 1 1 1 0 0 0 0 0
"224" 224 0.00507614213198 147 101 92 29 27 22 17 13 13 8 7 6 6 5 5 2 0 0 0 0
"225" 225 0.0977011494253 140 104 79 72 22 17 17 14 12 10 8 4 1 0 0 0 0 0 0 0
"226" 226 0.433035714286 219 109 48 35 35 20 11 6 6 3 3 2 2 1 0 0 0 0 0 0
"227" 227 0.0 405 55 37 2 1 0 0 0 0 0 0 0 0 0 0 0 0 0 0 0
"228" 228 0.0 170 167 97 25 16 12 10 1 1 1 0 0 0 0 0 0 0 0 0 0
"229" 229 0.354651162791 118 113 96 39 37 36 26 12 7 6 5 2 2 1 0 0 0 0 0 0
"230" 230 0.282296650718 216 119 67 41 12 10 9 8 8 7 2 1 0 0 0 0 0 0 0 0
"231" 231 0.19391634981 230 168 31 19 19 16 7 3 3 3 1 0 0 0 0 0 0 0 0 0
"232" 232 0.553571428571 175 62 59 52 41 36 30 8 8 8 6 6 6 3 0 0 0 0 0 0
"233" 233 0.388601036269 222 82 39 38 36 20 14 12 10 9 7 5 4 2 0 0 0 0 0 0
"234" 234 0.543726235741 154 103 50 48 44 33 21 17 10 6 5 3 3 2 1 0 0 0 0 0
"235" 235 0.714285714286 139 112 53 45 42 28 25 24 13 6 5 4 1 1 1 1 0 0 0 0
"236" 236 0.223880597015 210 75 47 44 41 15 13 12 11 11 6 4 4 3 2 1 1 0 0 0
"237" 237 0.0609137055838 268 84 28 23 20 19 14 10 9 7 7 6 5 0 0 0 0 0 0 0
"238" 238 0.410852713178 141 74 69 53 30 30 20 20 19 15 15 6 5 2 1 0 0 0 0 0
"239" 239 0.583732057416 142 131 58 53 30 19 15 15 14 11 6 4 1 1 0 0 0 0 0 0
"240" 240 0.164179104478 281 84 63 20 11 10 6 6 6 3 3 2 2 1 1 1 0 0 0 0
"241" 241 0.403973509934 114 108 83 61 39 20 19 17 12 6 5 5 5 3 2 1 0 0 0 0
"242" 242 0.607594936709 274 50 44 32 20 19 15 15 12 8 6 5 0 0 0 0 0 0 0 0
"243" 243 0.596153846154 399 101 0 0 0 0 0 0 0 0 0 0 0 0 0 0 0 0 0 0
"244" 244 0.691542288557 155 104 74 45 36 33 14 12 7 6 4 3 3 2 1 1 0 0 0 0
