"site" "RSA" "aa1" "aa2" "aa3" "aa4" "aa5" "aa6" "aa7" "aa8" "aa9" "aa10" "aa11" "aa12" "aa13" "aa14" "aa15" "aa16" "aa17" "aa18" "aa19" "aa20"
"0" 0 0.740384615385 494 3 1 1 1 0 0 0 0 0 0 0 0 0 0 0 0 0 0 0
"1" 1 0.424870466321 395 32 22 20 12 11 3 2 1 1 1 0 0 0 0 0 0 0 0 0
"2" 2 0.124031007752 206 128 50 32 22 20 20 7 5 3 2 2 2 1 0 0 0 0 0 0
"3" 3 0.441964285714 142 114 83 74 48 25 8 4 1 1 0 0 0 0 0 0 0 0 0 0
"4" 4 0.209302325581 279 116 32 24 14 13 13 3 2 2 1 1 0 0 0 0 0 0 0 0
"5" 5 0.0 500 0 0 0 0 0 0 0 0 0 0 0 0 0 0 0 0 0 0 0
"6" 6 0.341772151899 366 86 37 3 2 2 1 1 1 1 0 0 0 0 0 0 0 0 0 0
"7" 7 0.573839662447 178 149 84 31 24 16 9 5 2 1 1 0 0 0 0 0 0 0 0 0
"8" 8 0.0964467005076 334 116 27 9 4 4 2 2 1 1 0 0 0 0 0 0 0 0 0 0
"9" 9 0.0543933054393 317 114 49 12 2 2 2 1 1 0 0 0 0 0 0 0 0 0 0 0
"10" 10 0.574712643678 282 93 49 47 10 7 6 4 2 0 0 0 0 0 0 0 0 0 0 0
"11" 11 0.659192825112 239 90 59 42 25 23 12 4 2 2 1 1 0 0 0 0 0 0 0 0
"12" 12 0.240506329114 222 77 55 52 49 15 11 8 6 3 1 1 0 0 0 0 0 0 0 0
"13" 13 0.139240506329 172 106 44 42 38 28 27 17 9 6 5 3 2 1 0 0 0 0 0 0
"14" 14 0.217054263566 212 127 71 43 21 8 7 5 3 1 1 1 0 0 0 0 0 0 0 0
"15" 15 0.677130044843 161 105 69 64 28 20 20 12 10 4 3 2 1 1 0 0 0 0 0 0
"16" 16 0.215189873418 205 70 54 50 39 31 16 14 10 5 3 1 1 1 0 0 0 0 0 0
"17" 17 0.124401913876 214 83 63 30 29 28 14 14 13 5 4 2 1 0 0 0 0 0 0 0
"18" 18 0.0639534883721 126 114 58 56 44 38 35 9 9 5 2 2 1 1 0 0 0 0 0 0
"19" 19 0.0344827586207 174 145 63 33 24 10 9 9 8 7 6 3 3 3 2 1 0 0 0 0
"20" 20 0.4375 160 97 57 53 34 29 28 10 9 8 7 7 1 0 0 0 0 0 0 0
"21" 21 0.590717299578 212 172 57 22 17 6 5 5 1 1 1 1 0 0 0 0 0 0 0 0
"22" 22 0.740384615385 462 38 0 0 0 0 0 0 0 0 0 0 0 0 0 0 0 0 0 0
"23" 23 0.115384615385 484 13 3 0 0 0 0 0 0 0 0 0 0 0 0 0 0 0 0 0
"24" 24 0.662447257384 217 80 77 34 33 27 12 9 5 2 1 1 1 1 0 0 0 0 0 0
"25" 25 0.33971291866 471 26 2 1 0 0 0 0 0 0 0 0 0 0 0 0 0 0 0 0
"26" 26 0.481012658228 229 143 65 40 13 7 1 1 1 0 0 0 0 0 0 0 0 0 0 0
"27" 27 0.633720930233 112 110 96 36 35 34 26 20 8 7 4 3 3 3 2 1 0 0 0 0
"28" 28 0.0673076923077 261 49 44 33 25 24 18 17 9 6 6 4 2 1 1 0 0 0 0 0
"29" 29 0.0817610062893 142 135 110 78 34 1 0 0 0 0 0 0 0 0 0 0 0 0 0 0
"30" 30 0.0820512820513 157 155 100 39 18 15 10 4 1 1 0 0 0 0 0 0 0 0 0 0
"31" 31 0.109452736318 185 69 66 45 34 31 19 12 12 9 7 3 3 2 2 1 0 0 0 0
"32" 32 0.294326241135 246 134 70 49 1 0 0 0 0 0 0 0 0 0 0 0 0 0 0 0
"33" 33 0.25 464 32 3 1 0 0 0 0 0 0 0 0 0 0 0 0 0 0 0 0
"34" 34 0.0497512437811 176 88 68 51 49 27 12 11 7 5 3 2 1 0 0 0 0 0 0 0
"35" 35 0.188284518828 425 21 19 12 10 6 3 1 1 1 1 0 0 0 0 0 0 0 0 0
"36" 36 0.586538461538 483 17 0 0 0 0 0 0 0 0 0 0 0 0 0 0 0 0 0 0
"37" 37 0.153284671533 103 78 73 62 61 44 35 24 13 3 2 1 1 0 0 0 0 0 0 0
"38" 38 0.438818565401 95 85 80 54 37 36 30 26 21 18 7 5 3 2 1 0 0 0 0 0
"39" 39 0.0116279069767 135 70 58 58 49 43 33 25 8 6 4 3 2 2 2 2 0 0 0 0
"40" 40 0.125 500 0 0 0 0 0 0 0 0 0 0 0 0 0 0 0 0 0 0 0
"41" 41 0.470852017937 390 49 30 17 10 4 0 0 0 0 0 0 0 0 0 0 0 0 0 0
"42" 42 0.046511627907 194 142 50 34 28 12 11 7 6 5 3 3 1 1 1 1 1 0 0 0
"43" 43 0.666666666667 442 26 25 6 1 0 0 0 0 0 0 0 0 0 0 0 0 0 0 0
"44" 44 0.721153846154 497 3 0 0 0 0 0 0 0 0 0 0 0 0 0 0 0 0 0 0
"45" 45 0.150627615063 233 176 90 1 0 0 0 0 0 0 0 0 0 0 0 0 0 0 0 0
"46" 46 0.622516556291 499 1 0 0 0 0 0 0 0 0 0 0 0 0 0 0 0 0 0 0
"47" 47 0.110266159696 429 61 6 2 1 1 0 0 0 0 0 0 0 0 0 0 0 0 0 0
"48" 48 0.174418604651 276 152 70 2 0 0 0 0 0 0 0 0 0 0 0 0 0 0 0 0
"49" 49 0.544041450777 184 116 94 33 32 24 14 2 1 0 0 0 0 0 0 0 0 0 0 0
"50" 50 0.22480620155 283 85 63 30 14 4 4 4 3 2 2 2 1 1 1 1 0 0 0 0
"51" 51 0.102564102564 210 80 68 44 34 15 15 12 5 4 3 2 2 2 2 1 1 0 0 0
"52" 52 0.371308016878 228 74 72 68 51 5 1 1 0 0 0 0 0 0 0 0 0 0 0 0
"53" 53 0.635897435897 167 98 94 51 29 26 18 10 3 2 1 1 0 0 0 0 0 0 0 0
"54" 54 0.333333333333 135 90 54 47 42 38 25 17 14 10 9 9 6 3 1 0 0 0 0 0
"55" 55 0.365384615385 498 2 0 0 0 0 0 0 0 0 0 0 0 0 0 0 0 0 0 0
"56" 56 0.224137931034 192 68 46 46 29 22 18 17 15 12 11 8 6 5 3 1 1 0 0 0
"57" 57 0.446700507614 225 66 64 55 29 19 15 11 8 5 3 0 0 0 0 0 0 0 0 0
"58" 58 0.0390070921986 192 75 67 42 35 20 19 11 10 7 5 4 4 3 3 2 1 0 0 0
"59" 59 0.291390728477 236 100 51 48 40 12 6 4 3 0 0 0 0 0 0 0 0 0 0 0
"60" 60 0.410714285714 207 113 66 48 35 9 7 5 3 3 2 2 0 0 0 0 0 0 0 0
"61" 61 0.665178571429 198 86 55 51 33 30 21 19 3 2 1 1 0 0 0 0 0 0 0 0
"62" 62 0.093023255814 144 127 69 35 28 26 25 12 11 9 8 3 2 1 0 0 0 0 0 0
"63" 63 0.0298507462687 369 28 22 22 18 15 8 7 5 3 1 1 1 0 0 0 0 0 0 0
"64" 64 0.155963302752 171 110 88 45 43 16 10 8 5 3 1 0 0 0 0 0 0 0 0 0
"65" 65 0.508928571429 228 98 61 38 20 19 15 8 7 2 2 1 1 0 0 0 0 0 0 0
"66" 66 0.0608365019011 169 120 67 52 36 34 15 5 1 1 0 0 0 0 0 0 0 0 0 0
"67" 67 0.0746268656716 228 139 60 31 24 10 3 2 1 1 1 0 0 0 0 0 0 0 0 0
"68" 68 0.34375 221 119 79 27 26 8 7 4 3 2 2 1 1 0 0 0 0 0 0 0
"69" 69 0.287179487179 439 50 4 2 2 2 1 0 0 0 0 0 0 0 0 0 0 0 0 0
"70" 70 0.0 274 84 54 33 16 12 11 5 3 3 3 2 0 0 0 0 0 0 0 0
"71" 71 0.632911392405 188 131 46 44 39 17 10 10 8 4 2 1 0 0 0 0 0 0 0 0
"72" 72 0.666666666667 393 26 25 17 16 16 4 2 1 0 0 0 0 0 0 0 0 0 0 0
"73" 73 0.06463878327 176 147 67 67 32 6 2 1 1 1 0 0 0 0 0 0 0 0 0 0
"74" 74 0.010152284264 168 153 49 42 19 18 15 11 9 6 4 3 1 1 1 0 0 0 0 0
"75" 75 0.591194968553 226 219 38 5 5 4 2 1 0 0 0 0 0 0 0 0 0 0 0 0
"76" 76 0.596153846154 500 0 0 0 0 0 0 0 0 0 0 0 0 0 0 0 0 0 0 0
"77" 77 0.0813953488372 420 43 34 3 0 0 0 0 0 0 0 0 0 0 0 0 0 0 0 0
"78" 78 0.46835443038 251 76 67 42 28 16 11 3 2 1 1 1 1 0 0 0 0 0 0 0
"79" 79 0.220183486239 176 119 44 37 26 23 18 14 10 9 8 5 4 3 3 1 0 0 0 0
"80" 80 0.756345177665 458 18 7 6 3 3 2 2 1 0 0 0 0 0 0 0 0 0 0 0
"81" 81 0.259414225941 216 176 43 19 14 9 7 7 3 2 1 1 1 1 0 0 0 0 0 0
"82" 82 0.666666666667 245 77 55 41 38 20 15 6 2 1 0 0 0 0 0 0 0 0 0 0
"83" 83 0.163461538462 500 0 0 0 0 0 0 0 0 0 0 0 0 0 0 0 0 0 0 0
"84" 84 0.010152284264 313 111 27 25 8 6 4 4 1 1 0 0 0 0 0 0 0 0 0 0
"85" 85 0.700421940928 266 91 54 26 23 16 11 5 4 3 1 0 0 0 0 0 0 0 0 0
"86" 86 0.556962025316 265 90 61 36 11 8 7 7 6 5 2 1 1 0 0 0 0 0 0 0
"87" 87 0.552742616034 336 69 46 12 12 8 7 4 2 1 1 1 1 0 0 0 0 0 0 0
"88" 88 0.403973509934 193 159 82 36 10 10 7 2 1 0 0 0 0 0 0 0 0 0 0 0
"89" 89 0.183035714286 332 103 18 15 14 10 5 2 1 0 0 0 0 0 0 0 0 0 0 0
"90" 90 0.113138686131 280 100 65 42 11 1 1 0 0 0 0 0 0 0 0 0 0 0 0 0
"91" 91 0.352678571429 355 41 36 35 10 9 4 4 3 2 1 0 0 0 0 0 0 0 0 0
"92" 92 0.165803108808 345 51 39 19 18 16 6 4 2 0 0 0 0 0 0 0 0 0 0 0
"93" 93 0.00497512437811 303 71 56 24 12 12 9 6 3 2 1 1 0 0 0 0 0 0 0 0
"94" 94 0.0203045685279 434 28 8 8 8 7 7 0 0 0 0 0 0 0 0 0 0 0 0 0
"95" 95 0.278481012658 234 97 77 60 19 7 6 0 0 0 0 0 0 0 0 0 0 0 0 0
"96" 96 0.110266159696 281 101 71 25 22 0 0 0 0 0 0 0 0 0 0 0 0 0 0 0
"97" 97 0.044776119403 312 44 38 28 18 15 14 14 9 3 2 1 1 1 0 0 0 0 0 0
"98" 98 0.354430379747 216 98 79 67 11 11 6 4 4 1 1 1 1 0 0 0 0 0 0 0
"99" 99 0.448430493274 144 102 73 57 46 20 17 12 10 10 3 3 3 0 0 0 0 0 0 0
"100" 100 0.131782945736 264 106 74 17 10 9 7 5 3 2 1 1 1 0 0 0 0 0 0 0
"101" 101 0.0 276 172 17 15 10 3 3 1 1 1 1 0 0 0 0 0 0 0 0 0
"102" 102 0.46357615894 178 91 86 53 43 27 19 2 1 0 0 0 0 0 0 0 0 0 0 0
"103" 103 0.801324503311 220 150 55 27 25 10 6 3 2 2 0 0 0 0 0 0 0 0 0 0
