"site" "RSA" "aa1" "aa2" "aa3" "aa4" "aa5" "aa6" "aa7" "aa8" "aa9" "aa10" "aa11" "aa12" "aa13" "aa14" "aa15" "aa16" "aa17" "aa18" "aa19" "aa20"
"0" 0 0.805031446541 268 78 51 42 29 12 8 7 4 1 0 0 0 0 0 0 0 0 0 0
"1" 1 0.041825095057 368 101 10 9 4 3 2 2 1 0 0 0 0 0 0 0 0 0 0 0
"2" 2 0.0 209 102 67 55 26 19 6 5 4 2 2 1 1 1 0 0 0 0 0 0
"3" 3 0.0 323 70 52 13 12 7 5 5 4 2 2 2 2 1 0 0 0 0 0 0
"4" 4 0.0 129 129 113 57 36 20 11 2 2 1 0 0 0 0 0 0 0 0 0 0
"5" 5 0.0 272 90 47 34 22 16 7 4 3 2 1 1 1 0 0 0 0 0 0 0
"6" 6 0.041825095057 183 153 64 48 39 7 4 2 0 0 0 0 0 0 0 0 0 0 0 0
"7" 7 0.167300380228 196 120 68 39 28 23 8 6 5 3 1 1 1 1 0 0 0 0 0 0
"8" 8 0.158940397351 242 71 52 51 34 28 9 5 3 3 1 1 0 0 0 0 0 0 0 0
"9" 9 0.226277372263 107 104 69 49 45 30 30 19 14 12 7 5 5 3 1 0 0 0 0 0
"10" 10 0.77990430622 109 98 78 76 43 25 20 15 12 9 8 4 1 1 1 0 0 0 0 0
"11" 11 0.365384615385 411 38 23 8 6 6 4 4 0 0 0 0 0 0 0 0 0 0 0 0
"12" 12 0.139534883721 91 82 53 48 41 37 34 19 19 16 15 15 11 7 4 4 3 1 0 0
"13" 13 0.00581395348837 171 143 38 37 27 26 20 10 8 8 5 4 3 0 0 0 0 0 0 0
"14" 14 0.193798449612 84 77 68 62 59 51 17 15 11 11 10 10 9 6 6 3 1 0 0 0
"15" 15 0.348214285714 111 67 65 63 61 54 18 15 14 9 8 8 4 2 1 0 0 0 0 0
"16" 16 0.0045871559633 85 84 80 52 47 44 23 22 20 16 13 5 4 2 1 1 1 0 0 0
"17" 17 0.0 284 149 18 12 11 9 7 3 3 3 1 0 0 0 0 0 0 0 0 0
"18" 18 0.423357664234 125 111 48 43 32 27 26 15 15 13 12 9 8 7 6 3 0 0 0 0
"19" 19 0.0313901345291 99 89 63 55 42 30 28 25 21 10 9 8 5 5 5 3 2 1 0 0
"20" 20 0.00507614213198 127 100 61 58 32 25 22 18 15 14 12 10 2 2 1 1 0 0 0 0
"21" 21 0.046511627907 216 139 67 24 16 15 6 4 3 2 2 2 1 1 1 1 0 0 0 0
"22" 22 0.408759124088 215 77 64 46 22 15 14 14 10 7 6 3 3 2 1 1 0 0 0 0
"23" 23 0.0 477 23 0 0 0 0 0 0 0 0 0 0 0 0 0 0 0 0 0 0
"24" 24 0.0 161 76 71 63 59 35 10 9 6 4 4 2 0 0 0 0 0 0 0 0
"25" 25 0.508928571429 158 113 50 46 35 27 20 17 9 9 6 5 3 1 1 0 0 0 0 0
"26" 26 0.448430493274 171 76 71 62 50 16 13 10 9 7 4 3 3 2 1 1 1 0 0 0
"27" 27 0.105769230769 275 153 14 13 10 8 5 5 3 3 3 3 2 1 1 1 0 0 0 0
"28" 28 0.644230769231 499 1 0 0 0 0 0 0 0 0 0 0 0 0 0 0 0 0 0 0
"29" 29 0.175732217573 217 95 31 25 24 21 17 15 12 11 10 9 6 3 2 1 1 0 0 0
"30" 30 0.232142857143 130 76 75 60 57 23 14 13 13 12 10 7 3 3 3 1 0 0 0 0
"31" 31 0.186046511628 277 144 65 5 3 2 1 1 1 1 0 0 0 0 0 0 0 0 0 0
"32" 32 0.295620437956 171 84 52 33 33 29 26 22 14 10 9 7 3 3 2 2 0 0 0 0
"33" 33 0.0459770114943 113 70 54 47 46 40 33 21 19 15 14 13 6 4 3 1 1 0 0 0
"34" 34 0.189781021898 318 71 45 18 14 6 6 5 5 5 3 2 1 1 0 0 0 0 0 0
"35" 35 0.093023255814 240 105 42 26 22 19 9 7 7 5 4 4 3 3 2 1 1 0 0 0
"36" 36 0.0229885057471 145 114 110 59 14 13 11 11 7 4 4 3 3 2 0 0 0 0 0 0
"37" 37 0.383647798742 171 138 88 30 27 23 6 4 3 3 3 2 2 0 0 0 0 0 0 0
"38" 38 0.596899224806 169 61 60 36 23 22 21 21 21 20 13 10 8 7 3 2 1 1 1 0
"39" 39 0.350574712644 140 100 74 37 33 22 21 17 16 15 9 5 5 2 2 1 1 0 0 0
"40" 40 0.649006622517 136 99 70 65 43 21 20 15 9 7 6 3 2 2 1 1 0 0 0 0
"41" 41 0.78488372093 129 100 94 55 41 20 16 15 14 8 5 2 1 0 0 0 0 0 0 0
"42" 42 0.9375 300 59 48 39 26 12 7 3 2 2 1 1 0 0 0 0 0 0 0 0
"43" 43 1.28846153846 500 0 0 0 0 0 0 0 0 0 0 0 0 0 0 0 0 0 0 0
"44" 44 0.124031007752 166 62 44 42 27 23 21 20 18 18 17 13 10 7 4 3 3 1 1 0
"45" 45 0.601990049751 170 139 68 36 27 18 17 8 8 3 2 1 1 1 1 0 0 0 0 0
"46" 46 0.513307984791 135 102 65 38 36 24 21 19 17 11 9 8 5 4 3 1 1 1 0 0
"47" 47 0.093023255814 301 84 36 29 20 7 6 4 3 3 3 2 1 1 0 0 0 0 0 0
"48" 48 0.377906976744 251 74 43 33 21 21 18 14 10 7 3 2 2 1 0 0 0 0 0 0
"49" 49 0.422885572139 112 69 66 37 36 28 28 25 22 20 17 11 9 6 6 4 4 0 0 0
"50" 50 0.504464285714 108 95 65 58 57 37 24 20 17 10 7 1 1 0 0 0 0 0 0 0
"51" 51 0.0673575129534 239 82 48 21 20 18 14 13 11 8 8 8 7 2 1 0 0 0 0 0
"52" 52 0.0 286 40 38 31 25 17 13 10 7 6 6 5 5 4 3 3 1 0 0 0
"53" 53 0.417721518987 205 97 44 33 27 18 16 14 11 10 6 6 4 3 2 2 1 1 0 0
"54" 54 0.425641025641 183 73 61 55 41 40 16 10 7 5 4 2 1 1 1 0 0 0 0 0
"55" 55 0.00632911392405 185 161 52 23 18 14 11 9 8 6 5 4 3 1 0 0 0 0 0 0
"56" 56 0.240310077519 219 58 52 39 28 27 16 14 12 10 7 6 4 3 2 2 1 0 0 0
"57" 57 0.0 400 83 17 0 0 0 0 0 0 0 0 0 0 0 0 0 0 0 0 0
"58" 58 0.00995024875622 249 58 50 43 34 27 11 9 7 3 3 2 1 1 1 1 0 0 0 0
"59" 59 0.0077519379845 145 129 56 41 29 26 25 19 9 9 4 3 3 1 1 0 0 0 0 0
"60" 60 0.0 232 54 39 38 34 27 17 15 13 7 6 6 4 3 3 2 0 0 0 0
"61" 61 0.0 287 142 17 16 10 8 5 4 3 3 2 2 1 0 0 0 0 0 0 0
"62" 62 0.0 400 58 22 12 3 3 2 0 0 0 0 0 0 0 0 0 0 0 0 0
"63" 63 0.11320754717 202 173 52 23 8 8 7 5 5 4 3 3 3 2 1 1 0 0 0 0
"64" 64 0.0813953488372 140 121 112 58 18 17 9 6 5 5 4 3 2 0 0 0 0 0 0 0
"65" 65 0.470802919708 288 57 41 38 26 16 10 7 4 4 2 2 2 2 1 0 0 0 0 0
"66" 66 0.778242677824 426 64 3 2 2 1 1 1 0 0 0 0 0 0 0 0 0 0 0 0
"67" 67 0.240384615385 439 27 24 4 3 2 1 0 0 0 0 0 0 0 0 0 0 0 0 0
"68" 68 0.487179487179 156 119 56 37 24 24 20 14 11 10 10 8 6 5 0 0 0 0 0 0
"69" 69 0.0825688073394 254 53 39 35 33 12 11 11 11 11 10 5 5 4 4 1 1 0 0 0
"70" 70 0.031007751938 229 124 60 16 13 10 8 8 7 7 5 5 3 2 1 1 1 0 0 0
"71" 71 0.556291390728 188 82 58 44 34 32 27 13 10 6 2 2 1 1 0 0 0 0 0 0
"72" 72 0.0691823899371 168 80 61 56 34 26 13 12 9 9 6 6 5 5 4 3 2 1 0 0
"73" 73 0.0 191 86 52 52 27 21 19 14 12 6 6 5 2 2 2 1 1 1 0 0
"74" 74 0.37552742616 157 116 76 40 33 29 14 13 8 6 4 2 1 1 0 0 0 0 0 0
"75" 75 0.631178707224 82 66 60 47 37 37 30 29 21 18 18 17 12 9 8 5 3 1 0 0
"76" 76 0.108786610879 245 60 37 37 27 24 18 15 14 11 4 2 2 2 1 1 0 0 0 0
"77" 77 0.0845771144279 187 93 84 49 23 22 9 8 7 7 4 2 2 1 1 1 0 0 0 0
"78" 78 0.523316062176 102 95 58 53 51 40 22 21 21 17 5 5 5 4 1 0 0 0 0 0
"79" 79 0.413461538462 163 63 56 42 33 29 23 20 15 11 10 9 8 7 4 4 3 0 0 0
"80" 80 0.0406976744186 205 103 41 33 27 22 16 13 9 9 9 6 4 2 1 0 0 0 0 0
"81" 81 0.529801324503 166 84 65 46 42 18 17 16 15 10 9 4 3 2 2 1 0 0 0 0
"82" 82 0.46357615894 178 68 52 49 36 27 21 17 12 9 9 7 5 5 2 2 1 0 0 0
"83" 83 0.0199004975124 191 79 49 38 27 17 17 17 13 12 8 8 6 5 5 5 3 0 0 0
"84" 84 0.159574468085 127 103 78 44 28 19 18 12 11 10 10 9 8 7 7 4 3 2 0 0
"85" 85 0.746268656716 212 61 48 41 35 25 21 17 16 6 6 5 4 2 1 0 0 0 0 0
"86" 86 0.56976744186 120 85 70 60 38 31 22 17 16 11 10 8 4 4 3 1 0 0 0 0
"87" 87 0.365384615385 255 167 18 11 11 9 8 7 5 5 4 0 0 0 0 0 0 0 0 0
"88" 88 0.145695364238 86 85 60 57 51 45 27 23 21 10 9 8 6 5 4 3 0 0 0 0
"89" 89 0.0149253731343 345 66 32 16 10 10 9 5 3 1 1 1 1 0 0 0 0 0 0 0
"90" 90 0.505747126437 104 85 49 43 33 30 29 28 21 21 19 19 9 5 4 1 0 0 0 0
"91" 91 0.375 496 4 0 0 0 0 0 0 0 0 0 0 0 0 0 0 0 0 0 0
"92" 92 0.194092827004 111 78 66 61 58 48 42 9 8 7 2 2 2 2 2 2 0 0 0 0
"93" 93 0.0188679245283 259 63 53 45 38 10 9 6 5 4 3 2 1 1 1 0 0 0 0 0
"94" 94 0.0 307 114 50 17 5 4 1 1 1 0 0 0 0 0 0 0 0 0 0 0
"95" 95 0.0 273 106 41 28 22 13 4 3 3 2 2 2 1 0 0 0 0 0 0 0
"96" 96 0.0 150 141 120 54 15 11 4 2 2 1 0 0 0 0 0 0 0 0 0 0
"97" 97 0.0 217 198 42 15 13 7 3 2 2 1 0 0 0 0 0 0 0 0 0 0
"98" 98 0.0 221 186 43 30 5 5 4 3 1 1 1 0 0 0 0 0 0 0 0 0
"99" 99 0.0529801324503 334 86 36 9 8 6 5 4 3 3 2 1 1 1 1 0 0 0 0 0
"100" 100 0.0523255813953 231 92 30 20 20 19 17 14 13 11 9 8 7 4 2 1 1 1 0 0
"101" 101 0.410852713178 117 84 65 55 43 26 24 18 17 12 12 8 4 4 4 3 3 1 0 0
"102" 102 0.317880794702 108 102 57 51 44 42 26 20 19 13 7 3 3 2 1 1 1 0 0 0
"103" 103 0.467661691542 86 72 61 58 55 48 36 24 16 12 12 5 5 4 3 2 1 0 0 0
"104" 104 0.502392344498 150 100 98 70 17 14 12 9 6 6 6 4 2 2 2 1 1 0 0 0
"105" 105 0.384615384615 499 1 0 0 0 0 0 0 0 0 0 0 0 0 0 0 0 0 0 0
"106" 106 0.269230769231 496 1 1 1 1 0 0 0 0 0 0 0 0 0 0 0 0 0 0 0
"107" 107 0.121076233184 87 61 59 47 46 35 27 26 23 17 17 16 12 8 7 6 4 2 0 0
"108" 108 0.473214285714 168 70 63 36 35 28 23 21 16 14 7 7 4 3 3 1 1 0 0 0
"109" 109 0.46511627907 128 92 77 55 46 39 17 13 8 6 5 4 4 4 1 1 0 0 0 0
"110" 110 0.0 158 113 90 74 23 17 9 6 4 2 1 1 1 1 0 0 0 0 0 0
"111" 111 0.0 263 72 34 28 22 17 15 13 10 9 9 2 1 1 1 1 1 1 0 0
"112" 112 0.407960199005 136 90 86 71 32 16 13 12 12 9 6 6 5 4 1 1 0 0 0 0
"113" 113 0.165562913907 102 75 60 60 46 35 31 18 17 13 12 12 10 5 2 2 0 0 0 0
"114" 114 0.0 158 135 47 44 32 25 18 16 10 8 5 1 1 0 0 0 0 0 0 0
"115" 115 0.0845771144279 142 75 41 39 36 32 27 26 18 15 10 10 10 8 8 2 1 0 0 0
"116" 116 0.482587064677 197 152 74 23 14 12 11 7 5 3 1 1 0 0 0 0 0 0 0 0
"117" 117 0.201257861635 219 63 54 44 33 27 17 17 13 10 2 1 0 0 0 0 0 0 0 0
"118" 118 0.0298507462687 249 107 72 29 15 13 10 3 1 1 0 0 0 0 0 0 0 0 0 0
"119" 119 0.507462686567 165 98 72 53 37 17 15 12 9 6 5 4 3 2 1 1 0 0 0 0
"120" 120 0.784688995215 127 126 115 38 27 18 14 10 8 7 4 4 1 1 0 0 0 0 0 0
"121" 121 0.114832535885 130 101 45 40 39 29 23 22 16 11 10 8 7 6 6 5 1 1 0 0
"122" 122 0.269230769231 407 65 9 7 3 3 3 2 1 0 0 0 0 0 0 0 0 0 0 0
"123" 123 0.0229357798165 161 86 56 53 42 34 27 10 8 7 6 5 3 1 1 0 0 0 0 0
"124" 124 0.398009950249 176 94 45 40 36 36 22 14 10 9 6 4 4 2 1 1 0 0 0 0
"125" 125 0.310344827586 109 100 84 61 39 34 31 15 13 4 3 2 2 1 1 1 0 0 0 0
"126" 126 0.10447761194 83 82 72 61 46 44 28 26 13 8 8 7 6 5 4 3 3 1 0 0
"127" 127 0.125 494 2 1 1 1 1 0 0 0 0 0 0 0 0 0 0 0 0 0 0
"128" 128 0.162436548223 233 83 64 39 32 12 10 6 6 5 3 3 2 1 1 0 0 0 0 0
"129" 129 0.899371069182 380 80 33 5 2 0 0 0 0 0 0 0 0 0 0 0 0 0 0 0
"130" 130 0.290697674419 116 105 61 59 35 22 22 21 17 13 13 8 7 1 0 0 0 0 0 0
"131" 131 0.459119496855 150 128 105 45 36 7 7 6 5 4 3 1 1 1 1 0 0 0 0 0
"132" 132 0.3536121673 135 87 43 38 36 27 25 22 21 16 14 10 9 7 6 2 1 1 0 0
"133" 133 0.0 490 9 1 0 0 0 0 0 0 0 0 0 0 0 0 0 0 0 0 0
"134" 134 0.0077519379845 218 86 69 32 22 18 18 15 7 4 3 2 2 2 1 1 0 0 0 0
"135" 135 0.132450331126 153 85 46 39 28 28 25 19 18 14 13 11 9 5 2 2 2 1 0 0
"136" 136 0.00478468899522 250 69 53 26 15 14 14 13 13 9 6 6 4 3 3 1 1 0 0 0
"137" 137 0.322175732218 167 60 57 47 32 27 23 21 14 13 13 10 7 4 3 1 1 0 0 0
"138" 138 0.015503875969 140 73 46 40 36 34 27 23 17 16 12 9 9 7 5 3 2 1 0 0
"139" 139 0.125 498 1 1 0 0 0 0 0 0 0 0 0 0 0 0 0 0 0 0 0
"140" 140 0.782945736434 147 68 68 50 49 21 21 20 15 12 11 10 3 2 2 1 0 0 0 0
"141" 141 0.450777202073 153 96 70 57 30 24 20 10 10 9 7 6 4 2 2 0 0 0 0 0
"142" 142 0.182692307692 433 22 14 7 5 4 4 3 3 2 1 1 1 0 0 0 0 0 0 0
"143" 143 0.299578059072 217 105 33 31 28 17 16 9 9 8 7 6 6 4 3 1 0 0 0 0
"144" 144 0.343065693431 64 62 60 55 42 41 39 35 29 13 12 10 10 8 8 7 4 1 0 0
"145" 145 0.549668874172 182 88 68 65 50 13 12 12 4 2 2 1 1 0 0 0 0 0 0 0
"146" 146 0.109452736318 96 92 72 67 33 27 21 19 17 14 9 8 7 6 5 4 2 1 0 0
"147" 147 0.284974093264 101 90 62 47 46 45 26 21 18 18 10 7 4 3 2 0 0 0 0 0
"148" 148 0.361607142857 171 91 60 55 45 29 15 14 9 6 2 2 1 0 0 0 0 0 0 0
"149" 149 0.612440191388 206 79 54 28 25 24 17 17 14 12 6 5 5 5 1 1 1 0 0 0
"150" 150 0.09375 87 84 78 72 43 35 25 22 22 10 6 5 4 3 2 2 0 0 0 0
"151" 151 0.203980099502 155 150 117 17 9 8 8 8 5 5 5 4 3 3 2 1 0 0 0 0
"152" 152 0.494186046512 137 93 76 42 41 37 18 18 16 7 5 5 2 2 1 0 0 0 0 0
"153" 153 0.189054726368 146 131 79 52 20 12 10 10 8 8 8 6 5 4 1 0 0 0 0 0
"154" 154 0.00632911392405 131 88 67 60 35 27 20 18 12 9 9 7 5 5 3 3 1 0 0 0
"155" 155 0.255474452555 221 112 100 13 12 8 8 7 5 4 3 3 2 1 1 0 0 0 0 0
"156" 156 0.341085271318 124 88 88 49 40 32 17 14 13 11 7 5 5 4 3 0 0 0 0 0
"157" 157 0.0199004975124 226 56 41 40 31 29 19 17 9 8 7 4 4 3 2 2 1 1 0 0
"158" 158 0.00961538461538 391 100 9 0 0 0 0 0 0 0 0 0 0 0 0 0 0 0 0 0
"159" 159 0.291139240506 176 129 63 43 28 17 9 9 7 6 6 3 3 1 0 0 0 0 0 0
"160" 160 0.343065693431 114 95 83 45 44 28 24 15 12 12 9 7 4 4 2 2 0 0 0 0
"161" 161 0.0 256 90 54 24 19 16 12 9 7 5 4 1 1 1 1 0 0 0 0 0
"162" 162 0.0 356 66 46 18 6 4 1 1 1 1 0 0 0 0 0 0 0 0 0 0
"163" 163 0.348214285714 166 96 72 66 21 18 14 8 7 7 7 6 4 3 2 2 1 0 0 0
"164" 164 0.18023255814 91 74 48 45 43 41 31 28 27 17 15 12 12 9 3 2 1 1 0 0
"165" 165 0.0852713178295 321 82 28 17 15 11 8 6 5 4 3 0 0 0 0 0 0 0 0 0
"166" 166 0.403846153846 120 111 71 64 35 19 17 11 9 9 8 7 6 4 3 2 2 2 0 0
"167" 167 0.776371308017 106 106 89 44 36 27 21 16 12 12 7 7 7 3 2 2 2 1 0 0
"168" 168 0.577114427861 220 63 45 26 21 21 19 17 13 11 10 9 8 8 4 3 2 0 0 0
