"site" "RSA" "aa1" "aa2" "aa3" "aa4" "aa5" "aa6" "aa7" "aa8" "aa9" "aa10" "aa11" "aa12" "aa13" "aa14" "aa15" "aa16" "aa17" "aa18" "aa19" "aa20"
"0" 0 0.279816513761 12 8 6 3 1 0 0 0 0 0 0 0 0 0 0 0 0 0 0 0
"1" 1 0.42194092827 17 6 6 2 1 0 0 0 0 0 0 0 0 0 0 0 0 0 0 0
"2" 2 0.385057471264 9 6 5 3 3 3 2 2 0 0 0 0 0 0 0 0 0 0 0 0
"3" 3 0.511494252874 14 11 5 3 2 1 1 1 0 0 0 0 0 0 0 0 0 0 0 0
"4" 4 0.476793248945 21 8 4 2 1 1 1 0 0 0 0 0 0 0 0 0 0 0 0 0
"5" 5 0.383928571429 9 7 6 5 3 3 2 2 1 0 0 0 0 0 0 0 0 0 0 0
"6" 6 0.317991631799 12 5 5 4 2 2 1 1 1 1 1 1 1 1 1 0 0 0 0 0
"7" 7 0.675496688742 17 10 8 2 1 1 0 0 0 0 0 0 0 0 0 0 0 0 0 0
"8" 8 0.258620689655 13 12 9 2 2 1 1 1 0 0 0 0 0 0 0 0 0 0 0 0
"9" 9 0.481012658228 33 3 2 2 0 0 0 0 0 0 0 0 0 0 0 0 0 0 0 0
"10" 10 0.423076923077 44 6 1 1 1 0 0 0 0 0 0 0 0 0 0 0 0 0 0 0
"11" 11 0.0288461538462 56 0 0 0 0 0 0 0 0 0 0 0 0 0 0 0 0 0 0 0
"12" 12 0.35401459854 17 7 7 5 4 4 3 3 2 1 1 1 1 0 0 0 0 0 0 0
"13" 13 0.0646766169154 19 15 14 5 1 1 1 0 0 0 0 0 0 0 0 0 0 0 0 0
"14" 14 0.0304568527919 18 13 6 5 3 2 2 2 2 1 1 1 1 0 0 0 0 0 0 0
"15" 15 0.177215189873 22 14 11 10 1 1 0 0 0 0 0 0 0 0 0 0 0 0 0 0
"16" 16 0.00497512437811 36 11 8 1 1 1 1 1 0 0 0 0 0 0 0 0 0 0 0 0
"17" 17 0.0728476821192 19 13 10 7 4 3 2 1 1 0 0 0 0 0 0 0 0 0 0 0
"18" 18 0.0239234449761 60 1 0 0 0 0 0 0 0 0 0 0 0 0 0 0 0 0 0 0
"19" 19 0.635897435897 11 11 7 7 5 4 3 3 3 2 2 1 1 1 0 0 0 0 0 0
"20" 20 0.0529801324503 56 5 0 0 0 0 0 0 0 0 0 0 0 0 0 0 0 0 0 0
"21" 21 0.569230769231 12 10 8 7 5 4 4 2 2 2 2 1 1 1 0 0 0 0 0 0
"22" 22 0.0993377483444 16 16 12 10 4 2 1 0 0 0 0 0 0 0 0 0 0 0 0 0
"23" 23 0.0 35 17 4 2 2 1 0 0 0 0 0 0 0 0 0 0 0 0 0 0
"24" 24 0.510548523207 19 16 10 6 4 2 1 1 1 1 0 0 0 0 0 0 0 0 0 0
"25" 25 0.0639534883721 47 10 3 1 0 0 0 0 0 0 0 0 0 0 0 0 0 0 0 0
"26" 26 0.377483443709 17 13 7 6 6 5 2 2 1 1 1 0 0 0 0 0 0 0 0 0
"27" 27 0.00917431192661 59 1 1 0 0 0 0 0 0 0 0 0 0 0 0 0 0 0 0 0
"28" 28 0.405128205128 18 12 6 6 4 4 3 3 2 2 1 0 0 0 0 0 0 0 0 0
"29" 29 0.0 51 7 2 1 0 0 0 0 0 0 0 0 0 0 0 0 0 0 0 0
"30" 30 0.0205128205128 27 13 11 6 3 1 0 0 0 0 0 0 0 0 0 0 0 0 0 0
"31" 31 0.0 27 24 10 0 0 0 0 0 0 0 0 0 0 0 0 0 0 0 0 0
"32" 32 0.0 34 26 1 0 0 0 0 0 0 0 0 0 0 0 0 0 0 0 0 0
"33" 33 0.00497512437811 47 5 4 2 1 1 1 0 0 0 0 0 0 0 0 0 0 0 0 0
"34" 34 0.0 61 0 0 0 0 0 0 0 0 0 0 0 0 0 0 0 0 0 0 0
"35" 35 0.451476793249 47 3 2 2 1 1 1 1 1 0 0 0 0 0 0 0 0 0 0 0
"36" 36 0.33971291866 1 1 1 0 0 0 0 0 0 0 0 0 0 0 0 0 0 0 0 0
"37" 37 0.190114068441 2 0 0 0 0 0 0 0 0 0 0 0 0 0 0 0 0 0 0 0
"38" 38 0.311787072243 2 0 0 0 0 0 0 0 0 0 0 0 0 0 0 0 0 0 0 0
"39" 39 0.302325581395 27 6 6 4 4 3 2 2 1 1 1 0 0 0 0 0 0 0 0 0
"40" 40 0.596412556054 32 3 2 1 1 1 1 0 0 0 0 0 0 0 0 0 0 0 0 0
"41" 41 0.730569948187 2 2 2 1 1 1 1 1 0 0 0 0 0 0 0 0 0 0 0 0
"42" 42 0.502092050209 3 2 2 1 1 1 1 1 0 0 0 0 0 0 0 0 0 0 0 0
"43" 43 0.899371069182 15 13 6 5 4 3 1 1 1 1 1 0 0 0 0 0 0 0 0 0
"44" 44 0.649635036496 10 8 7 6 5 5 4 3 3 2 2 1 1 1 0 0 0 0 0 0
"45" 45 0.138461538462 14 10 6 6 5 4 4 2 2 2 2 1 0 0 0 0 0 0 0 0
"46" 46 0.53164556962 10 10 8 6 5 4 4 4 1 1 1 1 0 0 0 0 0 0 0 0
"47" 47 0.21897810219 28 17 4 4 2 1 1 1 0 0 0 0 0 0 0 0 0 0 0 0
"48" 48 0.0710659898477 33 11 6 5 4 1 1 0 0 0 0 0 0 0 0 0 0 0 0 0
"49" 49 0.0062893081761 61 0 0 0 0 0 0 0 0 0 0 0 0 0 0 0 0 0 0 0
"50" 50 0.0 48 4 4 3 1 1 0 0 0 0 0 0 0 0 0 0 0 0 0 0
"51" 51 0.0 51 7 2 1 0 0 0 0 0 0 0 0 0 0 0 0 0 0 0 0
"52" 52 0.0 40 6 5 5 2 1 1 1 0 0 0 0 0 0 0 0 0 0 0 0
"53" 53 0.0 36 19 5 1 0 0 0 0 0 0 0 0 0 0 0 0 0 0 0 0
"54" 54 0.0 61 0 0 0 0 0 0 0 0 0 0 0 0 0 0 0 0 0 0 0
"55" 55 0.0 61 0 0 0 0 0 0 0 0 0 0 0 0 0 0 0 0 0 0 0
"56" 56 0.0288461538462 61 0 0 0 0 0 0 0 0 0 0 0 0 0 0 0 0 0 0 0
"57" 57 0.089552238806 60 1 0 0 0 0 0 0 0 0 0 0 0 0 0 0 0 0 0 0
"58" 58 0.470930232558 61 0 0 0 0 0 0 0 0 0 0 0 0 0 0 0 0 0 0 0
"59" 59 0.0822784810127 61 0 0 0 0 0 0 0 0 0 0 0 0 0 0 0 0 0 0 0
"60" 60 0.273255813953 50 7 3 1 0 0 0 0 0 0 0 0 0 0 0 0 0 0 0 0
"61" 61 0.0062893081761 34 9 6 5 3 2 2 0 0 0 0 0 0 0 0 0 0 0 0 0
"62" 62 0.222797927461 34 13 7 5 2 0 0 0 0 0 0 0 0 0 0 0 0 0 0 0
"63" 63 0.215384615385 61 0 0 0 0 0 0 0 0 0 0 0 0 0 0 0 0 0 0 0
"64" 64 0.0 39 8 7 6 1 0 0 0 0 0 0 0 0 0 0 0 0 0 0 0
"65" 65 0.0596026490066 23 10 9 7 7 4 1 0 0 0 0 0 0 0 0 0 0 0 0 0
"66" 66 0.611607142857 20 16 14 3 2 2 1 1 1 1 0 0 0 0 0 0 0 0 0 0
"67" 67 0.396624472574 61 0 0 0 0 0 0 0 0 0 0 0 0 0 0 0 0 0 0 0
"68" 68 0.0 39 12 10 0 0 0 0 0 0 0 0 0 0 0 0 0 0 0 0 0
"69" 69 0.493723849372 44 11 3 2 1 0 0 0 0 0 0 0 0 0 0 0 0 0 0 0
"70" 70 0.0 36 13 3 2 2 2 1 1 1 0 0 0 0 0 0 0 0 0 0 0
"71" 71 0.0717488789238 42 6 5 3 2 1 1 1 0 0 0 0 0 0 0 0 0 0 0 0
"72" 72 0.564853556485 29 7 6 6 5 2 2 1 1 1 1 0 0 0 0 0 0 0 0 0
"73" 73 0.0582959641256 13 8 7 6 4 4 4 3 3 3 3 3 0 0 0 0 0 0 0 0
"74" 74 0.0 59 2 0 0 0 0 0 0 0 0 0 0 0 0 0 0 0 0 0 0
"75" 75 0.0621761658031 45 12 2 1 1 0 0 0 0 0 0 0 0 0 0 0 0 0 0 0
"76" 76 0.535864978903 34 13 4 4 4 1 1 0 0 0 0 0 0 0 0 0 0 0 0 0
"77" 77 0.125475285171 21 17 11 3 3 2 1 1 1 0 0 0 0 0 0 0 0 0 0 0
"78" 78 0.0384615384615 58 1 1 0 0 0 0 0 0 0 0 0 0 0 0 0 0 0 0 0
"79" 79 0.0 29 12 11 5 4 0 0 0 0 0 0 0 0 0 0 0 0 0 0 0
"80" 80 0.0 47 8 3 3 0 0 0 0 0 0 0 0 0 0 0 0 0 0 0 0
"81" 81 0.0 31 15 12 2 1 0 0 0 0 0 0 0 0 0 0 0 0 0 0 0
"82" 82 0.0 50 7 4 0 0 0 0 0 0 0 0 0 0 0 0 0 0 0 0 0
"83" 83 0.0 32 8 6 6 5 2 1 1 0 0 0 0 0 0 0 0 0 0 0 0
"84" 84 0.0 59 2 0 0 0 0 0 0 0 0 0 0 0 0 0 0 0 0 0 0
"85" 85 0.020725388601 61 0 0 0 0 0 0 0 0 0 0 0 0 0 0 0 0 0 0 0
"86" 86 0.0 61 0 0 0 0 0 0 0 0 0 0 0 0 0 0 0 0 0 0 0
"87" 87 0.0 61 0 0 0 0 0 0 0 0 0 0 0 0 0 0 0 0 0 0 0
"88" 88 0.0 60 1 0 0 0 0 0 0 0 0 0 0 0 0 0 0 0 0 0 0
"89" 89 0.259124087591 61 0 0 0 0 0 0 0 0 0 0 0 0 0 0 0 0 0 0 0
"90" 90 0.240384615385 59 1 0 0 0 0 0 0 0 0 0 0 0 0 0 0 0 0 0 0
"91" 91 0.891191709845 19 11 10 4 4 4 2 2 2 1 1 1 0 0 0 0 0 0 0 0
"92" 92 0.522321428571 18 16 15 5 2 2 2 1 0 0 0 0 0 0 0 0 0 0 0 0
"93" 93 0.0459770114943 39 15 3 2 1 1 0 0 0 0 0 0 0 0 0 0 0 0 0 0
"94" 94 0.209302325581 26 17 11 3 2 2 0 0 0 0 0 0 0 0 0 0 0 0 0 0
"95" 95 0.384615384615 28 26 5 1 1 0 0 0 0 0 0 0 0 0 0 0 0 0 0 0
"96" 96 0.0518134715026 32 21 5 1 1 0 0 0 0 0 0 0 0 0 0 0 0 0 0 0
"97" 97 0.685534591195 13 12 11 6 4 2 2 1 0 0 0 0 0 0 0 0 0 0 0 0
"98" 98 0.71875 23 15 2 1 0 0 0 0 0 0 0 0 0 0 0 0 0 0 0 0
"99" 99 0.625 11 9 1 1 1 1 0 0 0 0 0 0 0 0 0 0 0 0 0 0
"100" 100 0.238410596026 26 22 7 3 2 1 0 0 0 0 0 0 0 0 0 0 0 0 0 0
"101" 101 0.521276595745 34 27 0 0 0 0 0 0 0 0 0 0 0 0 0 0 0 0 0 0
"102" 102 0.129533678756 60 1 0 0 0 0 0 0 0 0 0 0 0 0 0 0 0 0 0 0
"103" 103 0.0251046025105 34 22 2 2 1 0 0 0 0 0 0 0 0 0 0 0 0 0 0 0
"104" 104 0.0 60 1 0 0 0 0 0 0 0 0 0 0 0 0 0 0 0 0 0 0
"105" 105 0.188340807175 15 11 11 10 7 4 2 1 0 0 0 0 0 0 0 0 0 0 0 0
"106" 106 0.0 57 3 1 0 0 0 0 0 0 0 0 0 0 0 0 0 0 0 0 0
"107" 107 0.0 61 0 0 0 0 0 0 0 0 0 0 0 0 0 0 0 0 0 0 0
"108" 108 0.00961538461538 60 1 0 0 0 0 0 0 0 0 0 0 0 0 0 0 0 0 0 0
"109" 109 0.00418410041841 61 0 0 0 0 0 0 0 0 0 0 0 0 0 0 0 0 0 0 0
"110" 110 0.0114068441065 61 0 0 0 0 0 0 0 0 0 0 0 0 0 0 0 0 0 0 0
"111" 111 0.00995024875622 35 26 0 0 0 0 0 0 0 0 0 0 0 0 0 0 0 0 0 0
"112" 112 0.128205128205 47 13 1 0 0 0 0 0 0 0 0 0 0 0 0 0 0 0 0 0
"113" 113 0.0232558139535 61 0 0 0 0 0 0 0 0 0 0 0 0 0 0 0 0 0 0 0
"114" 114 0.529069767442 60 1 0 0 0 0 0 0 0 0 0 0 0 0 0 0 0 0 0 0
"115" 115 0.32735426009 36 10 6 3 2 2 1 1 0 0 0 0 0 0 0 0 0 0 0 0
"116" 116 0.6875 23 23 7 4 2 2 0 0 0 0 0 0 0 0 0 0 0 0 0 0
"117" 117 0.490566037736 53 8 0 0 0 0 0 0 0 0 0 0 0 0 0 0 0 0 0 0
"118" 118 0.0950570342205 51 6 4 0 0 0 0 0 0 0 0 0 0 0 0 0 0 0 0 0
"119" 119 0.15503875969 24 11 10 6 5 2 2 1 0 0 0 0 0 0 0 0 0 0 0 0
"120" 120 0.533632286996 17 7 7 7 6 5 4 1 1 1 0 0 0 0 0 0 0 0 0 0
"121" 121 0.0430622009569 36 17 5 1 1 1 0 0 0 0 0 0 0 0 0 0 0 0 0 0
"122" 122 0.00380228136882 49 6 5 1 0 0 0 0 0 0 0 0 0 0 0 0 0 0 0 0
"123" 123 0.206278026906 28 12 8 6 5 1 1 0 0 0 0 0 0 0 0 0 0 0 0 0
"124" 124 0.0 60 1 0 0 0 0 0 0 0 0 0 0 0 0 0 0 0 0 0 0
"125" 125 0.125475285171 50 2 2 2 2 1 1 1 0 0 0 0 0 0 0 0 0 0 0 0
"126" 126 0.295336787565 37 15 4 2 1 1 1 0 0 0 0 0 0 0 0 0 0 0 0 0
"127" 127 0.0 61 0 0 0 0 0 0 0 0 0 0 0 0 0 0 0 0 0 0 0
"128" 128 0.0 31 29 1 0 0 0 0 0 0 0 0 0 0 0 0 0 0 0 0 0
"129" 129 0.0430622009569 29 18 4 3 2 2 2 1 0 0 0 0 0 0 0 0 0 0 0 0
"130" 130 0.447257383966 16 15 12 4 4 3 2 2 2 1 0 0 0 0 0 0 0 0 0 0
"131" 131 0.138392857143 60 1 0 0 0 0 0 0 0 0 0 0 0 0 0 0 0 0 0 0
"132" 132 0.0 61 0 0 0 0 0 0 0 0 0 0 0 0 0 0 0 0 0 0 0
"133" 133 0.0 55 3 1 1 1 0 0 0 0 0 0 0 0 0 0 0 0 0 0 0
"134" 134 0.547085201794 22 10 8 4 4 4 3 2 1 1 1 1 0 0 0 0 0 0 0 0
"135" 135 0.209302325581 43 5 4 4 2 2 1 0 0 0 0 0 0 0 0 0 0 0 0 0
"136" 136 0.0 30 17 13 1 0 0 0 0 0 0 0 0 0 0 0 0 0 0 0 0
"137" 137 0.274611398964 24 6 6 5 5 3 3 2 2 2 1 1 0 0 0 0 0 0 0 0
"138" 138 0.602649006623 21 13 6 4 3 3 2 2 2 1 1 1 1 0 0 0 0 0 0 0
"139" 139 0.363636363636 20 13 5 5 5 4 3 1 1 1 1 1 0 0 0 0 0 0 0 0
"140" 140 0.167364016736 50 4 2 1 1 1 1 0 0 0 0 0 0 0 0 0 0 0 0 0
"141" 141 0.512820512821 40 5 4 2 2 1 1 1 1 0 0 0 0 0 0 0 0 0 0 0
"142" 142 0.392405063291 8 3 3 2 2 2 1 0 0 0 0 0 0 0 0 0 0 0 0 0
"143" 143 0.0248756218905 25 20 5 5 2 1 1 1 0 0 0 0 0 0 0 0 0 0 0 0
"144" 144 0.0673575129534 31 10 10 7 1 1 1 0 0 0 0 0 0 0 0 0 0 0 0 0
"145" 145 0.0 10 7 6 6 5 5 5 4 3 3 2 1 1 1 0 0 0 0 0 0
"146" 146 0.318407960199 2 1 1 0 0 0 0 0 0 0 0 0 0 0 0 0 0 0 0 0
"147" 147 0.518134715026 11 9 9 9 6 5 3 3 3 1 1 0 0 0 0 0 0 0 0 0
"148" 148 0.112820512821 35 12 6 2 2 1 1 0 0 0 0 0 0 0 0 0 0 0 0 0
"149" 149 0.0 11 7 7 4 2 1 1 1 0 0 0 0 0 0 0 0 0 0 0 0
"150" 150 0.0 36 13 12 0 0 0 0 0 0 0 0 0 0 0 0 0 0 0 0 0
"151" 151 0.0 55 4 2 0 0 0 0 0 0 0 0 0 0 0 0 0 0 0 0 0
"152" 152 0.0 21 17 13 6 3 1 0 0 0 0 0 0 0 0 0 0 0 0 0 0
"153" 153 0.0 61 0 0 0 0 0 0 0 0 0 0 0 0 0 0 0 0 0 0 0
"154" 154 0.0430622009569 61 0 0 0 0 0 0 0 0 0 0 0 0 0 0 0 0 0 0 0
"155" 155 0.0264900662252 61 0 0 0 0 0 0 0 0 0 0 0 0 0 0 0 0 0 0 0
"156" 156 0.0 61 0 0 0 0 0 0 0 0 0 0 0 0 0 0 0 0 0 0 0
"157" 157 0.0 61 0 0 0 0 0 0 0 0 0 0 0 0 0 0 0 0 0 0 0
"158" 158 0.0 61 0 0 0 0 0 0 0 0 0 0 0 0 0 0 0 0 0 0 0
"159" 159 0.00380228136882 56 3 1 1 0 0 0 0 0 0 0 0 0 0 0 0 0 0 0 0
"160" 160 0.0192307692308 61 0 0 0 0 0 0 0 0 0 0 0 0 0 0 0 0 0 0 0
"161" 161 0.0 61 0 0 0 0 0 0 0 0 0 0 0 0 0 0 0 0 0 0 0
"162" 162 0.010152284264 58 3 0 0 0 0 0 0 0 0 0 0 0 0 0 0 0 0 0 0
"163" 163 0.0189873417722 31 11 9 3 3 2 1 1 0 0 0 0 0 0 0 0 0 0 0 0
"164" 164 0.00961538461538 29 15 8 4 2 2 1 0 0 0 0 0 0 0 0 0 0 0 0 0
"165" 165 0.0152091254753 28 16 9 7 1 0 0 0 0 0 0 0 0 0 0 0 0 0 0 0
"166" 166 0.00995024875622 56 3 2 0 0 0 0 0 0 0 0 0 0 0 0 0 0 0 0 0
"167" 167 0.291139240506 39 18 2 1 1 0 0 0 0 0 0 0 0 0 0 0 0 0 0 0
"168" 168 0.125 51 3 3 2 1 0 0 0 0 0 0 0 0 0 0 0 0 0 0 0
"169" 169 0.041825095057 45 4 2 2 2 2 1 1 1 0 0 0 0 0 0 0 0 0 0 0
"170" 170 0.794701986755 1 1 0 0 0 0 0 0 0 0 0 0 0 0 0 0 0 0 0 0
"171" 171 0.567307692308 1 1 0 0 0 0 0 0 0 0 0 0 0 0 0 0 0 0 0 0
"172" 172 0.518987341772 23 12 7 4 4 3 3 2 1 1 1 0 0 0 0 0 0 0 0 0
"173" 173 0.189781021898 23 16 5 5 4 3 1 1 1 1 1 0 0 0 0 0 0 0 0 0
"174" 174 0.0380228136882 45 16 0 0 0 0 0 0 0 0 0 0 0 0 0 0 0 0 0 0
"175" 175 0.447257383966 25 17 5 4 2 2 2 2 1 1 0 0 0 0 0 0 0 0 0 0
"176" 176 0.00662251655629 58 2 1 0 0 0 0 0 0 0 0 0 0 0 0 0 0 0 0 0
"177" 177 0.0 40 13 4 2 2 0 0 0 0 0 0 0 0 0 0 0 0 0 0 0
"178" 178 0.0 60 1 0 0 0 0 0 0 0 0 0 0 0 0 0 0 0 0 0 0
"179" 179 0.0 61 0 0 0 0 0 0 0 0 0 0 0 0 0 0 0 0 0 0 0
"180" 180 0.0 61 0 0 0 0 0 0 0 0 0 0 0 0 0 0 0 0 0 0 0
"181" 181 0.0 33 28 0 0 0 0 0 0 0 0 0 0 0 0 0 0 0 0 0 0
"182" 182 0.0 60 1 0 0 0 0 0 0 0 0 0 0 0 0 0 0 0 0 0 0
"183" 183 0.0 59 2 0 0 0 0 0 0 0 0 0 0 0 0 0 0 0 0 0 0
"184" 184 0.00574712643678 17 16 13 12 3 0 0 0 0 0 0 0 0 0 0 0 0 0 0 0
"185" 185 0.0820512820513 45 8 3 3 1 1 0 0 0 0 0 0 0 0 0 0 0 0 0 0
"186" 186 0.0062893081761 61 0 0 0 0 0 0 0 0 0 0 0 0 0 0 0 0 0 0 0
"187" 187 0.0993377483444 19 13 12 8 4 2 1 1 1 0 0 0 0 0 0 0 0 0 0 0
"188" 188 0.564102564103 19 19 4 4 3 3 2 2 2 1 1 1 0 0 0 0 0 0 0 0
"189" 189 0.00574712643678 40 12 6 2 1 0 0 0 0 0 0 0 0 0 0 0 0 0 0 0
"190" 190 0.389937106918 53 3 3 2 0 0 0 0 0 0 0 0 0 0 0 0 0 0 0 0
"191" 191 0.0602836879433 61 0 0 0 0 0 0 0 0 0 0 0 0 0 0 0 0 0 0 0
"192" 192 0.0 60 1 0 0 0 0 0 0 0 0 0 0 0 0 0 0 0 0 0 0
"193" 193 0.313901345291 27 12 7 4 3 3 2 2 1 0 0 0 0 0 0 0 0 0 0 0
"194" 194 0.26582278481 60 1 0 0 0 0 0 0 0 0 0 0 0 0 0 0 0 0 0 0
"195" 195 0.0 55 2 2 1 1 0 0 0 0 0 0 0 0 0 0 0 0 0 0 0
"196" 196 0.00418410041841 52 9 0 0 0 0 0 0 0 0 0 0 0 0 0 0 0 0 0 0
"197" 197 0.544303797468 18 18 7 6 5 4 2 1 0 0 0 0 0 0 0 0 0 0 0 0
"198" 198 0.201923076923 23 16 9 4 4 2 1 1 1 0 0 0 0 0 0 0 0 0 0 0
"199" 199 0.0 61 0 0 0 0 0 0 0 0 0 0 0 0 0 0 0 0 0 0 0
"200" 200 0.0746268656716 58 3 0 0 0 0 0 0 0 0 0 0 0 0 0 0 0 0 0 0
"201" 201 0.346153846154 59 1 1 0 0 0 0 0 0 0 0 0 0 0 0 0 0 0 0 0
"202" 202 0.803571428571 16 16 7 6 5 3 3 2 1 1 1 0 0 0 0 0 0 0 0 0
"203" 203 0.152482269504 58 1 1 1 0 0 0 0 0 0 0 0 0 0 0 0 0 0 0 0
"204" 204 0.544642857143 19 15 7 5 4 2 2 1 1 1 1 1 1 1 0 0 0 0 0 0
"205" 205 0.410852713178 19 12 9 5 4 4 3 1 1 1 1 1 0 0 0 0 0 0 0 0
"206" 206 0.110266159696 46 8 7 0 0 0 0 0 0 0 0 0 0 0 0 0 0 0 0 0
"207" 207 0.0 61 0 0 0 0 0 0 0 0 0 0 0 0 0 0 0 0 0 0 0
"208" 208 0.0 45 10 5 1 0 0 0 0 0 0 0 0 0 0 0 0 0 0 0 0
"209" 209 0.0696202531646 23 18 13 4 1 1 1 0 0 0 0 0 0 0 0 0 0 0 0 0
"210" 210 0.293532338308 29 10 8 4 3 2 1 1 1 1 1 0 0 0 0 0 0 0 0 0
"211" 211 0.124378109453 60 1 0 0 0 0 0 0 0 0 0 0 0 0 0 0 0 0 0 0
"212" 212 0.00507614213198 25 14 12 9 1 0 0 0 0 0 0 0 0 0 0 0 0 0 0 0
"213" 213 0.42194092827 27 8 7 4 3 3 2 2 2 1 1 1 0 0 0 0 0 0 0 0
"214" 214 0.738461538462 13 11 10 6 5 4 3 3 2 2 1 1 0 0 0 0 0 0 0 0
"215" 215 0.182741116751 9 6 3 3 2 2 2 1 1 1 1 1 0 0 0 0 0 0 0 0
"216" 216 0.777372262774 13 9 6 6 5 3 3 3 2 2 2 1 1 1 1 0 0 0 0 0
"217" 217 0.143540669856 12 9 4 4 4 4 3 2 2 2 1 1 1 1 0 0 0 0 0 0
"218" 218 0.402298850575 8 8 6 4 3 3 2 2 2 1 1 1 1 0 0 0 0 0 0 0
"219" 219 0.576923076923 16 9 9 3 3 2 2 2 1 0 0 0 0 0 0 0 0 0 0 0
"220" 220 0.699481865285 24 5 4 3 2 2 1 1 1 1 1 1 0 0 0 0 0 0 0 0
"221" 221 0.238341968912 9 9 7 6 5 5 4 3 2 1 1 1 1 0 0 0 0 0 0 0
"222" 222 0.310218978102 7 4 4 3 3 2 2 1 1 1 0 0 0 0 0 0 0 0 0 0
"223" 223 0.010152284264 23 4 3 2 1 1 0 0 0 0 0 0 0 0 0 0 0 0 0 0
"224" 224 0.0248756218905 60 1 0 0 0 0 0 0 0 0 0 0 0 0 0 0 0 0 0 0
"225" 225 0.00507614213198 33 28 0 0 0 0 0 0 0 0 0 0 0 0 0 0 0 0 0 0
"226" 226 0.0143540669856 54 4 2 1 0 0 0 0 0 0 0 0 0 0 0 0 0 0 0 0
"227" 227 0.00574712643678 49 7 2 1 1 1 0 0 0 0 0 0 0 0 0 0 0 0 0 0
"228" 228 0.0 61 0 0 0 0 0 0 0 0 0 0 0 0 0 0 0 0 0 0 0
"229" 229 0.295336787565 18 15 7 7 7 3 3 1 0 0 0 0 0 0 0 0 0 0 0 0
"230" 230 0.41059602649 35 7 7 5 3 1 1 1 1 0 0 0 0 0 0 0 0 0 0 0
"231" 231 0.0310880829016 61 0 0 0 0 0 0 0 0 0 0 0 0 0 0 0 0 0 0 0
"232" 232 0.566037735849 20 9 8 5 5 5 4 3 1 1 0 0 0 0 0 0 0 0 0 0
"233" 233 0.255230125523 61 0 0 0 0 0 0 0 0 0 0 0 0 0 0 0 0 0 0 0
"234" 234 0.0746268656716 44 15 1 1 0 0 0 0 0 0 0 0 0 0 0 0 0 0 0 0
"235" 235 0.75 16 10 8 6 4 2 2 2 2 2 2 1 1 0 0 0 0 0 0 0
"236" 236 0.482142857143 24 8 7 5 4 4 3 2 2 1 1 0 0 0 0 0 0 0 0 0
"237" 237 0.0430622009569 54 2 2 1 1 1 0 0 0 0 0 0 0 0 0 0 0 0 0 0
"238" 238 0.0 60 1 0 0 0 0 0 0 0 0 0 0 0 0 0 0 0 0 0 0
"239" 239 0.291139240506 30 16 6 4 2 2 1 0 0 0 0 0 0 0 0 0 0 0 0 0
"240" 240 0.0062893081761 54 5 1 1 0 0 0 0 0 0 0 0 0 0 0 0 0 0 0 0
"241" 241 0.379464285714 33 8 7 3 2 2 1 1 1 1 1 1 0 0 0 0 0 0 0 0
"242" 242 0.203980099502 17 13 11 4 3 3 3 2 1 1 1 1 1 0 0 0 0 0 0 0
"243" 243 0.0149253731343 38 22 1 0 0 0 0 0 0 0 0 0 0 0 0 0 0 0 0 0
"244" 244 0.388059701493 15 12 9 8 6 3 3 2 1 1 0 0 0 0 0 0 0 0 0 0
"245" 245 0.526785714286 18 17 9 4 4 3 2 2 1 1 0 0 0 0 0 0 0 0 0 0
"246" 246 0.062015503876 49 6 3 2 1 0 0 0 0 0 0 0 0 0 0 0 0 0 0 0
"247" 247 0.0172413793103 29 22 2 2 2 1 1 1 0 0 0 0 0 0 0 0 0 0 0 0
"248" 248 0.544303797468 28 6 6 5 4 3 3 2 2 1 0 0 0 0 0 0 0 0 0 0
"249" 249 0.798449612403 15 11 8 7 5 4 2 2 2 2 1 0 0 0 0 0 0 0 0 0
"250" 250 0.191860465116 18 7 7 5 5 3 3 3 2 1 1 1 1 1 1 1 0 0 0 0
"251" 251 0.350993377483 27 10 6 4 4 3 2 2 2 1 0 0 0 0 0 0 0 0 0 0
"252" 252 0.0 3 2 2 2 1 1 0 0 0 0 0 0 0 0 0 0 0 0 0 0
"253" 253 0.340807174888 13 7 5 5 4 3 3 2 2 2 2 2 2 1 1 1 1 0 0 0
"254" 254 0.632124352332 28 7 6 6 3 3 2 2 1 1 1 0 0 0 0 0 0 0 0 0
"255" 255 0.247148288973 6 2 2 1 1 0 0 0 0 0 0 0 0 0 0 0 0 0 0 0
"256" 256 0.051724137931 26 18 9 4 1 1 1 1 0 0 0 0 0 0 0 0 0 0 0 0
"257" 257 0.236607142857 24 8 7 6 5 3 2 2 1 1 1 1 0 0 0 0 0 0 0 0
"258" 258 0.233502538071 33 10 7 6 3 2 0 0 0 0 0 0 0 0 0 0 0 0 0 0
"259" 259 0.299578059072 50 9 1 1 0 0 0 0 0 0 0 0 0 0 0 0 0 0 0 0
"260" 260 0.409282700422 29 18 7 3 1 1 1 1 0 0 0 0 0 0 0 0 0 0 0 0
"261" 261 0.166666666667 41 10 6 4 0 0 0 0 0 0 0 0 0 0 0 0 0 0 0 0
"262" 262 0.751196172249 25 15 8 3 2 2 1 1 1 1 1 1 0 0 0 0 0 0 0 0
"263" 263 0.413461538462 53 6 1 1 0 0 0 0 0 0 0 0 0 0 0 0 0 0 0 0
"264" 264 0.251046025105 57 4 0 0 0 0 0 0 0 0 0 0 0 0 0 0 0 0 0 0
"265" 265 0.424870466321 59 1 1 0 0 0 0 0 0 0 0 0 0 0 0 0 0 0 0 0
"266" 266 0.124401913876 61 0 0 0 0 0 0 0 0 0 0 0 0 0 0 0 0 0 0 0
"267" 267 0.251655629139 58 1 1 1 0 0 0 0 0 0 0 0 0 0 0 0 0 0 0 0
"268" 268 0.0760456273764 61 0 0 0 0 0 0 0 0 0 0 0 0 0 0 0 0 0 0 0
"269" 269 0.726235741445 35 25 1 0 0 0 0 0 0 0 0 0 0 0 0 0 0 0 0 0
"270" 270 0.00418410041841 57 3 1 0 0 0 0 0 0 0 0 0 0 0 0 0 0 0 0 0
"271" 271 0.0 50 7 4 0 0 0 0 0 0 0 0 0 0 0 0 0 0 0 0 0
"272" 272 0.0728476821192 32 25 2 1 1 0 0 0 0 0 0 0 0 0 0 0 0 0 0 0
"273" 273 0.395348837209 34 27 0 0 0 0 0 0 0 0 0 0 0 0 0 0 0 0 0 0
"274" 274 0.125523012552 60 1 0 0 0 0 0 0 0 0 0 0 0 0 0 0 0 0 0 0
"275" 275 0.00574712643678 35 12 6 5 3 0 0 0 0 0 0 0 0 0 0 0 0 0 0 0
"276" 276 0.333333333333 21 20 7 5 3 2 1 1 1 0 0 0 0 0 0 0 0 0 0 0
"277" 277 0.325892857143 37 19 3 1 1 0 0 0 0 0 0 0 0 0 0 0 0 0 0 0
"278" 278 0.0 61 0 0 0 0 0 0 0 0 0 0 0 0 0 0 0 0 0 0 0
"279" 279 0.0 24 21 9 4 2 1 0 0 0 0 0 0 0 0 0 0 0 0 0 0
"280" 280 0.428571428571 15 13 13 11 5 3 1 0 0 0 0 0 0 0 0 0 0 0 0 0
"281" 281 0.10460251046 29 24 5 3 0 0 0 0 0 0 0 0 0 0 0 0 0 0 0 0
"282" 282 0.0 54 7 0 0 0 0 0 0 0 0 0 0 0 0 0 0 0 0 0 0
"283" 283 0.0 55 3 1 1 0 0 0 0 0 0 0 0 0 0 0 0 0 0 0 0
"284" 284 0.503649635036 24 10 9 4 4 3 2 1 1 1 0 0 0 0 0 0 0 0 0 0
"285" 285 0.292307692308 17 17 10 5 4 1 1 1 1 1 1 0 0 0 0 0 0 0 0 0
"286" 286 0.0398009950249 53 3 2 0 0 0 0 0 0 0 0 0 0 0 0 0 0 0 0 0
"287" 287 0.596153846154 15 3 2 2 0 0 0 0 0 0 0 0 0 0 0 0 0 0 0 0
"288" 288 0.238805970149 11 2 1 1 0 0 0 0 0 0 0 0 0 0 0 0 0 0 0 0
"289" 289 0.609137055838 3 2 1 0 0 0 0 0 0 0 0 0 0 0 0 0 0 0 0 0
