"site" "RSA" "aa1" "aa2" "aa3" "aa4" "aa5" "aa6" "aa7" "aa8" "aa9" "aa10" "aa11" "aa12" "aa13" "aa14" "aa15" "aa16" "aa17" "aa18" "aa19" "aa20"
"0" 0 0.0275229357798 292 90 80 24 6 4 2 1 1 0 0 0 0 0 0 0 0 0 0 0
"1" 1 0.0615384615385 499 1 0 0 0 0 0 0 0 0 0 0 0 0 0 0 0 0 0 0
"2" 2 0.0 353 77 22 21 19 3 2 2 1 0 0 0 0 0 0 0 0 0 0 0
"3" 3 0.00574712643678 342 152 4 2 0 0 0 0 0 0 0 0 0 0 0 0 0 0 0 0
"4" 4 0.00995024875622 352 112 17 12 3 1 1 1 1 0 0 0 0 0 0 0 0 0 0 0
"5" 5 0.0550458715596 413 57 15 11 2 1 1 0 0 0 0 0 0 0 0 0 0 0 0 0
"6" 6 0.115384615385 500 0 0 0 0 0 0 0 0 0 0 0 0 0 0 0 0 0 0 0
"7" 7 0.134328358209 495 3 1 1 0 0 0 0 0 0 0 0 0 0 0 0 0 0 0 0
"8" 8 0.0251572327044 250 127 39 32 14 13 12 6 5 1 1 0 0 0 0 0 0 0 0 0
"9" 9 0.201923076923 500 0 0 0 0 0 0 0 0 0 0 0 0 0 0 0 0 0 0 0
"10" 10 0.0232558139535 489 11 0 0 0 0 0 0 0 0 0 0 0 0 0 0 0 0 0 0
"11" 11 0.144230769231 500 0 0 0 0 0 0 0 0 0 0 0 0 0 0 0 0 0 0 0
"12" 12 0.0970464135021 174 123 79 55 35 33 1 0 0 0 0 0 0 0 0 0 0 0 0 0
"13" 13 0.336538461538 284 116 65 34 1 0 0 0 0 0 0 0 0 0 0 0 0 0 0 0
"14" 14 0.133720930233 156 113 111 58 33 15 9 3 2 0 0 0 0 0 0 0 0 0 0 0
"15" 15 0.0358744394619 186 100 100 46 44 19 3 2 0 0 0 0 0 0 0 0 0 0 0 0
"16" 16 0.0 346 149 3 2 0 0 0 0 0 0 0 0 0 0 0 0 0 0 0 0
"17" 17 0.245535714286 149 134 107 52 31 17 3 3 3 1 0 0 0 0 0 0 0 0 0 0
"18" 18 0.171532846715 121 102 87 45 43 20 17 13 12 11 10 7 5 3 2 1 1 0 0 0
"19" 19 0.0 360 78 24 22 10 2 2 1 1 0 0 0 0 0 0 0 0 0 0 0
"20" 20 0.224137931034 409 64 11 11 5 0 0 0 0 0 0 0 0 0 0 0 0 0 0 0
"21" 21 0.71875 225 178 54 34 4 4 1 0 0 0 0 0 0 0 0 0 0 0 0 0
"22" 22 0.378238341969 347 37 35 34 14 12 8 4 4 2 2 1 0 0 0 0 0 0 0 0
"23" 23 0.300380228137 298 163 24 10 4 1 0 0 0 0 0 0 0 0 0 0 0 0 0 0
"24" 24 0.538461538462 500 0 0 0 0 0 0 0 0 0 0 0 0 0 0 0 0 0 0 0
"25" 25 0.0609137055838 178 154 33 33 31 27 26 12 5 1 0 0 0 0 0 0 0 0 0 0
"26" 26 0.106918238994 355 78 40 21 2 2 1 1 0 0 0 0 0 0 0 0 0 0 0 0
"27" 27 0.277511961722 241 234 8 6 5 4 2 0 0 0 0 0 0 0 0 0 0 0 0 0
"28" 28 0.010152284264 491 5 3 1 0 0 0 0 0 0 0 0 0 0 0 0 0 0 0 0
"29" 29 0.0596026490066 426 62 6 5 1 0 0 0 0 0 0 0 0 0 0 0 0 0 0 0
"30" 30 0.0290697674419 395 31 23 16 10 8 5 5 3 3 1 0 0 0 0 0 0 0 0 0
"31" 31 0.182692307692 205 177 75 43 0 0 0 0 0 0 0 0 0 0 0 0 0 0 0 0
"32" 32 0.435233160622 404 83 5 3 2 1 1 1 0 0 0 0 0 0 0 0 0 0 0 0
"33" 33 0.224770642202 286 126 22 21 19 15 4 4 1 1 1 0 0 0 0 0 0 0 0 0
"34" 34 0.0460251046025 383 26 24 24 17 13 9 2 1 1 0 0 0 0 0 0 0 0 0 0
"35" 35 0.200729927007 365 115 9 6 4 1 0 0 0 0 0 0 0 0 0 0 0 0 0 0
"36" 36 0.325581395349 236 167 46 23 15 8 4 1 0 0 0 0 0 0 0 0 0 0 0 0
"37" 37 0.0542635658915 347 56 35 21 17 16 7 1 0 0 0 0 0 0 0 0 0 0 0 0
"38" 38 0.183486238532 210 177 59 29 25 0 0 0 0 0 0 0 0 0 0 0 0 0 0 0
"39" 39 0.742616033755 449 31 9 6 3 2 0 0 0 0 0 0 0 0 0 0 0 0 0 0
"40" 40 0.633928571429 182 155 107 47 4 2 1 1 1 0 0 0 0 0 0 0 0 0 0 0
"41" 41 0.647321428571 404 59 37 0 0 0 0 0 0 0 0 0 0 0 0 0 0 0 0 0
"42" 42 0.267441860465 328 105 33 21 8 5 0 0 0 0 0 0 0 0 0 0 0 0 0 0
"43" 43 0.710691823899 410 55 22 5 4 2 1 1 0 0 0 0 0 0 0 0 0 0 0 0
"44" 44 0.233830845771 418 18 17 13 12 5 4 3 3 3 2 1 1 0 0 0 0 0 0 0
"45" 45 0.0 500 0 0 0 0 0 0 0 0 0 0 0 0 0 0 0 0 0 0 0
"46" 46 0.477611940299 454 39 7 0 0 0 0 0 0 0 0 0 0 0 0 0 0 0 0 0
"47" 47 0.473214285714 394 28 20 20 16 12 5 4 1 0 0 0 0 0 0 0 0 0 0 0
"48" 48 0.0 370 53 28 24 19 3 2 1 0 0 0 0 0 0 0 0 0 0 0 0
"49" 49 0.383966244726 354 56 35 22 15 10 7 1 0 0 0 0 0 0 0 0 0 0 0 0
"50" 50 0.430463576159 364 106 18 10 2 0 0 0 0 0 0 0 0 0 0 0 0 0 0 0
"51" 51 0.292775665399 478 12 8 1 1 0 0 0 0 0 0 0 0 0 0 0 0 0 0 0
"52" 52 0.111675126904 193 96 66 37 32 26 15 12 10 6 3 2 1 1 0 0 0 0 0 0
"53" 53 0.316062176166 282 102 59 41 9 4 1 1 1 0 0 0 0 0 0 0 0 0 0 0
"54" 54 0.518987341772 331 146 19 3 1 0 0 0 0 0 0 0 0 0 0 0 0 0 0 0
"55" 55 0.0673076923077 500 0 0 0 0 0 0 0 0 0 0 0 0 0 0 0 0 0 0 0
"56" 56 0.348214285714 332 101 35 18 5 3 3 2 1 0 0 0 0 0 0 0 0 0 0 0
"57" 57 0.223880597015 286 120 55 19 10 6 2 1 1 0 0 0 0 0 0 0 0 0 0 0
"58" 58 0.0574712643678 390 41 39 15 9 3 2 1 0 0 0 0 0 0 0 0 0 0 0 0
"59" 59 0.327044025157 274 120 29 22 15 11 10 8 6 5 0 0 0 0 0 0 0 0 0 0
"60" 60 0.290155440415 418 47 25 5 4 1 0 0 0 0 0 0 0 0 0 0 0 0 0 0
"61" 61 0.776785714286 310 94 43 27 20 3 3 0 0 0 0 0 0 0 0 0 0 0 0 0
"62" 62 0.206896551724 202 165 33 33 18 18 17 7 3 2 1 1 0 0 0 0 0 0 0 0
"63" 63 0.0290697674419 403 40 15 12 10 9 7 3 1 0 0 0 0 0 0 0 0 0 0 0
"64" 64 0.182741116751 217 164 104 7 6 2 0 0 0 0 0 0 0 0 0 0 0 0 0 0
"65" 65 0.403846153846 335 94 34 22 6 6 3 0 0 0 0 0 0 0 0 0 0 0 0 0
"66" 66 0.126903553299 418 42 9 8 6 5 5 3 3 1 0 0 0 0 0 0 0 0 0 0
"67" 67 0.0 482 4 4 4 3 2 1 0 0 0 0 0 0 0 0 0 0 0 0 0
"68" 68 0.481012658228 383 70 25 14 6 2 0 0 0 0 0 0 0 0 0 0 0 0 0 0
"69" 69 0.59375 350 103 15 11 10 6 4 1 0 0 0 0 0 0 0 0 0 0 0 0
"70" 70 0.204379562044 371 41 28 19 17 11 7 3 2 1 0 0 0 0 0 0 0 0 0 0
"71" 71 0.0199004975124 500 0 0 0 0 0 0 0 0 0 0 0 0 0 0 0 0 0 0 0
"72" 72 0.346153846154 463 15 10 3 3 3 2 1 0 0 0 0 0 0 0 0 0 0 0 0
"73" 73 0.459915611814 228 111 46 41 33 28 7 5 1 0 0 0 0 0 0 0 0 0 0 0
"74" 74 0.751295336788 244 144 66 46 0 0 0 0 0 0 0 0 0 0 0 0 0 0 0 0
"75" 75 0.367875647668 246 184 36 24 8 1 1 0 0 0 0 0 0 0 0 0 0 0 0 0
"76" 76 0.00632911392405 500 0 0 0 0 0 0 0 0 0 0 0 0 0 0 0 0 0 0 0
"77" 77 0.53125 380 119 1 0 0 0 0 0 0 0 0 0 0 0 0 0 0 0 0 0
"78" 78 0.594890510949 378 42 34 27 11 5 2 1 0 0 0 0 0 0 0 0 0 0 0 0
"79" 79 0.00961538461538 500 0 0 0 0 0 0 0 0 0 0 0 0 0 0 0 0 0 0 0
"80" 80 0.00418410041841 497 3 0 0 0 0 0 0 0 0 0 0 0 0 0 0 0 0 0 0
"81" 81 0.0 322 95 31 29 21 1 1 0 0 0 0 0 0 0 0 0 0 0 0 0
"82" 82 0.0 499 1 0 0 0 0 0 0 0 0 0 0 0 0 0 0 0 0 0 0
"83" 83 0.0518134715026 226 120 100 52 2 0 0 0 0 0 0 0 0 0 0 0 0 0 0 0
"84" 84 0.0288461538462 500 0 0 0 0 0 0 0 0 0 0 0 0 0 0 0 0 0 0 0
"85" 85 0.0 458 39 2 1 0 0 0 0 0 0 0 0 0 0 0 0 0 0 0 0
"86" 86 0.0251572327044 261 230 8 1 0 0 0 0 0 0 0 0 0 0 0 0 0 0 0 0
"87" 87 0.204379562044 426 39 20 11 3 1 0 0 0 0 0 0 0 0 0 0 0 0 0 0
"88" 88 0.0523255813953 279 88 49 41 26 10 7 0 0 0 0 0 0 0 0 0 0 0 0 0
"89" 89 0.235632183908 247 238 5 3 3 1 1 1 1 0 0 0 0 0 0 0 0 0 0 0
"90" 90 0.333333333333 237 91 64 39 32 23 13 1 0 0 0 0 0 0 0 0 0 0 0 0
"91" 91 0.0179372197309 438 38 24 0 0 0 0 0 0 0 0 0 0 0 0 0 0 0 0 0
"92" 92 0.0 310 135 25 16 5 5 3 1 0 0 0 0 0 0 0 0 0 0 0 0
"93" 93 0.495535714286 242 229 13 12 2 1 1 0 0 0 0 0 0 0 0 0 0 0 0 0
"94" 94 0.131782945736 171 136 61 46 36 24 13 9 2 2 0 0 0 0 0 0 0 0 0 0
"95" 95 0.0 500 0 0 0 0 0 0 0 0 0 0 0 0 0 0 0 0 0 0 0
"96" 96 0.245535714286 412 21 21 14 11 5 5 4 3 2 2 0 0 0 0 0 0 0 0 0
"97" 97 0.602678571429 200 134 112 37 17 0 0 0 0 0 0 0 0 0 0 0 0 0 0 0
"98" 98 0.0710659898477 454 46 0 0 0 0 0 0 0 0 0 0 0 0 0 0 0 0 0 0
"99" 99 0.0149253731343 497 2 1 0 0 0 0 0 0 0 0 0 0 0 0 0 0 0 0 0
"100" 100 0.696428571429 440 51 4 3 1 1 0 0 0 0 0 0 0 0 0 0 0 0 0 0
"101" 101 0.700892857143 383 79 23 8 4 3 0 0 0 0 0 0 0 0 0 0 0 0 0 0
"102" 102 0.311787072243 484 9 4 2 1 0 0 0 0 0 0 0 0 0 0 0 0 0 0 0
"103" 103 0.538461538462 500 0 0 0 0 0 0 0 0 0 0 0 0 0 0 0 0 0 0 0
"104" 104 0.130801687764 500 0 0 0 0 0 0 0 0 0 0 0 0 0 0 0 0 0 0 0
"105" 105 0.553459119497 444 50 4 1 1 0 0 0 0 0 0 0 0 0 0 0 0 0 0 0
"106" 106 0.0507614213198 342 143 6 4 3 2 0 0 0 0 0 0 0 0 0 0 0 0 0 0
"107" 107 0.300518134715 330 170 0 0 0 0 0 0 0 0 0 0 0 0 0 0 0 0 0 0
"108" 108 0.311787072243 407 55 12 8 8 6 2 1 1 0 0 0 0 0 0 0 0 0 0 0
"109" 109 0.0 371 66 32 20 10 1 0 0 0 0 0 0 0 0 0 0 0 0 0 0
"110" 110 0.00507614213198 361 134 3 1 1 0 0 0 0 0 0 0 0 0 0 0 0 0 0 0
"111" 111 0.0615384615385 160 156 142 42 0 0 0 0 0 0 0 0 0 0 0 0 0 0 0 0
"112" 112 0.010152284264 173 165 160 2 0 0 0 0 0 0 0 0 0 0 0 0 0 0 0 0
"113" 113 0.517857142857 289 198 4 4 3 1 1 0 0 0 0 0 0 0 0 0 0 0 0 0
"114" 114 0.0459770114943 182 120 76 68 17 17 14 5 1 0 0 0 0 0 0 0 0 0 0 0
"115" 115 0.383419689119 209 189 78 14 5 4 1 0 0 0 0 0 0 0 0 0 0 0 0 0
"116" 116 0.443037974684 227 115 61 58 23 6 5 3 1 1 0 0 0 0 0 0 0 0 0 0
"117" 117 0.611398963731 242 160 88 6 3 1 0 0 0 0 0 0 0 0 0 0 0 0 0 0
"118" 118 0.298850574713 210 177 73 28 7 5 0 0 0 0 0 0 0 0 0 0 0 0 0 0
"119" 119 0.0 499 1 0 0 0 0 0 0 0 0 0 0 0 0 0 0 0 0 0 0
"120" 120 0.247706422018 186 133 114 57 9 1 0 0 0 0 0 0 0 0 0 0 0 0 0 0
"121" 121 0.397321428571 394 65 14 11 6 5 4 1 0 0 0 0 0 0 0 0 0 0 0 0
"122" 122 0.197080291971 170 114 62 51 44 37 12 7 3 0 0 0 0 0 0 0 0 0 0 0
"123" 123 0.00497512437811 412 54 9 6 5 5 4 4 1 0 0 0 0 0 0 0 0 0 0 0
"124" 124 0.255813953488 438 45 16 1 0 0 0 0 0 0 0 0 0 0 0 0 0 0 0 0
"125" 125 0.0384615384615 325 82 38 31 12 8 4 0 0 0 0 0 0 0 0 0 0 0 0 0
"126" 126 0.13503649635 251 123 72 25 24 2 2 1 0 0 0 0 0 0 0 0 0 0 0 0
"127" 127 0.204379562044 500 0 0 0 0 0 0 0 0 0 0 0 0 0 0 0 0 0 0 0
"128" 128 0.0355329949239 410 85 3 1 1 0 0 0 0 0 0 0 0 0 0 0 0 0 0 0
"129" 129 0.00632911392405 286 214 0 0 0 0 0 0 0 0 0 0 0 0 0 0 0 0 0 0
"130" 130 0.483443708609 491 6 2 1 0 0 0 0 0 0 0 0 0 0 0 0 0 0 0 0
"131" 131 0.551724137931 475 12 11 2 0 0 0 0 0 0 0 0 0 0 0 0 0 0 0 0
"132" 132 0.411392405063 481 19 0 0 0 0 0 0 0 0 0 0 0 0 0 0 0 0 0 0
"133" 133 0.394230769231 500 0 0 0 0 0 0 0 0 0 0 0 0 0 0 0 0 0 0 0
"134" 134 0.0581395348837 268 78 78 39 18 7 7 2 2 1 0 0 0 0 0 0 0 0 0 0
"135" 135 0.186046511628 369 60 43 8 7 4 3 3 2 1 0 0 0 0 0 0 0 0 0 0
"136" 136 0.0570342205323 483 11 6 0 0 0 0 0 0 0 0 0 0 0 0 0 0 0 0 0
"137" 137 0.0622009569378 154 153 105 40 23 15 4 3 2 1 0 0 0 0 0 0 0 0 0 0
"138" 138 0.467661691542 384 43 43 25 5 0 0 0 0 0 0 0 0 0 0 0 0 0 0 0
"139" 139 0.540229885057 201 112 98 29 19 18 10 6 4 3 0 0 0 0 0 0 0 0 0 0
"140" 140 0.523012552301 167 161 73 41 20 15 11 8 4 0 0 0 0 0 0 0 0 0 0 0
"141" 141 0.292307692308 378 117 4 1 0 0 0 0 0 0 0 0 0 0 0 0 0 0 0 0
"142" 142 0.433962264151 500 0 0 0 0 0 0 0 0 0 0 0 0 0 0 0 0 0 0 0
"143" 143 0.100628930818 500 0 0 0 0 0 0 0 0 0 0 0 0 0 0 0 0 0 0 0
"144" 144 0.708860759494 305 143 49 3 0 0 0 0 0 0 0 0 0 0 0 0 0 0 0 0
"145" 145 0.447674418605 500 0 0 0 0 0 0 0 0 0 0 0 0 0 0 0 0 0 0 0
"146" 146 0.710691823899 294 86 47 43 30 0 0 0 0 0 0 0 0 0 0 0 0 0 0 0
"147" 147 0.394230769231 500 0 0 0 0 0 0 0 0 0 0 0 0 0 0 0 0 0 0 0
"148" 148 0.319796954315 455 45 0 0 0 0 0 0 0 0 0 0 0 0 0 0 0 0 0 0
"149" 149 0.0253164556962 270 230 0 0 0 0 0 0 0 0 0 0 0 0 0 0 0 0 0 0
"150" 150 0.352331606218 174 143 131 43 6 3 0 0 0 0 0 0 0 0 0 0 0 0 0 0
"151" 151 0.561181434599 210 168 59 33 22 4 2 2 0 0 0 0 0 0 0 0 0 0 0 0
"152" 152 0.352331606218 481 19 0 0 0 0 0 0 0 0 0 0 0 0 0 0 0 0 0 0
"153" 153 0.432692307692 500 0 0 0 0 0 0 0 0 0 0 0 0 0 0 0 0 0 0 0
"154" 154 0.0769230769231 498 2 0 0 0 0 0 0 0 0 0 0 0 0 0 0 0 0 0 0
"155" 155 0.674107142857 455 45 0 0 0 0 0 0 0 0 0 0 0 0 0 0 0 0 0 0
"156" 156 0.129353233831 500 0 0 0 0 0 0 0 0 0 0 0 0 0 0 0 0 0 0 0
"157" 157 0.365019011407 448 36 10 4 1 1 0 0 0 0 0 0 0 0 0 0 0 0 0 0
"158" 158 0.385650224215 449 47 4 0 0 0 0 0 0 0 0 0 0 0 0 0 0 0 0 0
"159" 159 0.120437956204 412 44 21 16 4 2 1 0 0 0 0 0 0 0 0 0 0 0 0 0
"160" 160 0.627906976744 195 152 53 50 36 12 1 1 0 0 0 0 0 0 0 0 0 0 0 0
"161" 161 0.0569948186528 229 185 65 8 8 2 1 1 1 0 0 0 0 0 0 0 0 0 0 0
"162" 162 0.0 193 161 120 20 2 1 1 1 1 0 0 0 0 0 0 0 0 0 0 0
"163" 163 0.287179487179 286 81 61 36 35 1 0 0 0 0 0 0 0 0 0 0 0 0 0 0
"164" 164 0.665178571429 448 37 10 4 1 0 0 0 0 0 0 0 0 0 0 0 0 0 0 0
"165" 165 0.705357142857 427 64 3 3 1 1 1 0 0 0 0 0 0 0 0 0 0 0 0 0
"166" 166 0.0581395348837 415 51 17 8 3 3 2 1 0 0 0 0 0 0 0 0 0 0 0 0
"167" 167 0.0 499 1 0 0 0 0 0 0 0 0 0 0 0 0 0 0 0 0 0 0
"168" 168 0.443708609272 191 127 103 48 22 9 0 0 0 0 0 0 0 0 0 0 0 0 0 0
"169" 169 0.31223628692 307 98 68 21 4 2 0 0 0 0 0 0 0 0 0 0 0 0 0 0
"170" 170 0.0766423357664 163 161 109 25 14 12 12 4 0 0 0 0 0 0 0 0 0 0 0 0
"171" 171 0.0796019900498 500 0 0 0 0 0 0 0 0 0 0 0 0 0 0 0 0 0 0 0
"172" 172 0.459821428571 257 136 64 31 5 4 1 1 1 0 0 0 0 0 0 0 0 0 0 0
"173" 173 0.0919540229885 202 124 121 24 15 5 5 4 0 0 0 0 0 0 0 0 0 0 0 0
"174" 174 0.0666666666667 388 52 18 17 6 6 6 4 2 1 0 0 0 0 0 0 0 0 0 0
"175" 175 0.334862385321 273 137 45 30 14 1 0 0 0 0 0 0 0 0 0 0 0 0 0 0
"176" 176 0.594936708861 284 89 65 37 21 4 0 0 0 0 0 0 0 0 0 0 0 0 0 0
"177" 177 0.174887892377 134 132 111 72 25 15 4 3 2 1 1 0 0 0 0 0 0 0 0 0
"178" 178 0.186046511628 316 174 6 2 2 0 0 0 0 0 0 0 0 0 0 0 0 0 0 0
"179" 179 0.470852017937 186 135 91 65 22 1 0 0 0 0 0 0 0 0 0 0 0 0 0 0
"180" 180 0.301886792453 233 125 84 42 14 1 1 0 0 0 0 0 0 0 0 0 0 0 0 0
"181" 181 0.0348258706468 262 117 56 26 17 11 7 2 2 0 0 0 0 0 0 0 0 0 0 0
"182" 182 0.109452736318 337 157 3 2 1 0 0 0 0 0 0 0 0 0 0 0 0 0 0 0
"183" 183 0.455958549223 246 105 71 54 22 2 0 0 0 0 0 0 0 0 0 0 0 0 0 0
"184" 184 0.125523012552 425 34 15 14 4 2 2 2 1 1 0 0 0 0 0 0 0 0 0 0
"185" 185 0.00380228136882 270 150 56 16 7 1 0 0 0 0 0 0 0 0 0 0 0 0 0 0
"186" 186 0.503311258278 371 124 4 1 0 0 0 0 0 0 0 0 0 0 0 0 0 0 0 0
"187" 187 0.651785714286 175 140 108 63 9 3 2 0 0 0 0 0 0 0 0 0 0 0 0 0
"188" 188 0.329113924051 303 83 37 33 20 11 8 2 1 1 1 0 0 0 0 0 0 0 0 0
"189" 189 0.615384615385 500 0 0 0 0 0 0 0 0 0 0 0 0 0 0 0 0 0 0 0
"190" 190 0.15969581749 207 147 132 13 1 0 0 0 0 0 0 0 0 0 0 0 0 0 0 0
"191" 191 0.179104477612 373 125 1 1 0 0 0 0 0 0 0 0 0 0 0 0 0 0 0 0
"192" 192 0.077519379845 427 59 8 4 1 1 0 0 0 0 0 0 0 0 0 0 0 0 0 0
"193" 193 0.487179487179 160 123 97 66 44 8 1 1 0 0 0 0 0 0 0 0 0 0 0 0
"194" 194 0.0402298850575 246 151 103 0 0 0 0 0 0 0 0 0 0 0 0 0 0 0 0 0
"195" 195 0.405128205128 500 0 0 0 0 0 0 0 0 0 0 0 0 0 0 0 0 0 0 0
"196" 196 0.0288461538462 483 17 0 0 0 0 0 0 0 0 0 0 0 0 0 0 0 0 0 0
"197" 197 0.408071748879 422 69 7 2 0 0 0 0 0 0 0 0 0 0 0 0 0 0 0 0
"198" 198 0.29197080292 467 22 11 0 0 0 0 0 0 0 0 0 0 0 0 0 0 0 0 0
"199" 199 0.616580310881 493 2 2 2 1 0 0 0 0 0 0 0 0 0 0 0 0 0 0 0
"200" 200 0.243654822335 154 128 128 56 29 2 1 1 1 0 0 0 0 0 0 0 0 0 0 0
"201" 201 0.488789237668 220 162 53 37 19 3 3 2 1 0 0 0 0 0 0 0 0 0 0 0
"202" 202 0.414507772021 466 21 6 4 2 1 0 0 0 0 0 0 0 0 0 0 0 0 0 0
"203" 203 0.0229885057471 464 27 2 2 2 1 1 1 0 0 0 0 0 0 0 0 0 0 0 0
"204" 204 0.0456273764259 186 113 64 39 25 21 20 14 10 5 1 1 1 0 0 0 0 0 0 0
"205" 205 0.333333333333 342 88 27 14 8 7 6 3 3 2 0 0 0 0 0 0 0 0 0 0
"206" 206 0.295336787565 301 124 58 15 1 1 0 0 0 0 0 0 0 0 0 0 0 0 0 0
"207" 207 0.00574712643678 244 118 50 33 28 11 11 4 1 0 0 0 0 0 0 0 0 0 0 0
"208" 208 0.37552742616 166 146 73 34 31 15 11 6 5 4 4 2 2 1 0 0 0 0 0 0
"209" 209 0.683937823834 182 176 75 35 20 5 3 2 1 1 0 0 0 0 0 0 0 0 0 0
"210" 210 0.203980099502 242 107 92 48 8 2 1 0 0 0 0 0 0 0 0 0 0 0 0 0
"211" 211 0.00497512437811 217 166 54 31 16 10 3 2 1 0 0 0 0 0 0 0 0 0 0 0
"212" 212 0.576923076923 300 131 47 22 0 0 0 0 0 0 0 0 0 0 0 0 0 0 0 0
"213" 213 0.807692307692 500 0 0 0 0 0 0 0 0 0 0 0 0 0 0 0 0 0 0 0
"214" 214 0.10447761194 162 123 123 83 6 1 1 1 0 0 0 0 0 0 0 0 0 0 0 0
"215" 215 0.881856540084 500 0 0 0 0 0 0 0 0 0 0 0 0 0 0 0 0 0 0 0
