"site" "RSA" "aa1" "aa2" "aa3" "aa4" "aa5" "aa6" "aa7" "aa8" "aa9" "aa10" "aa11" "aa12" "aa13" "aa14" "aa15" "aa16" "aa17" "aa18" "aa19" "aa20"
"0" 0 1.05128205128 291 99 88 10 8 2 1 1 0 0 0 0 0 0 0 0 0 0 0 0
"1" 1 0.651162790698 475 24 1 0 0 0 0 0 0 0 0 0 0 0 0 0 0 0 0 0
"2" 2 0.483443708609 272 66 65 64 12 11 5 3 1 1 0 0 0 0 0 0 0 0 0 0
"3" 3 0.53164556962 162 137 118 40 13 7 6 5 5 4 3 0 0 0 0 0 0 0 0 0
"4" 4 0.209302325581 298 80 41 32 27 15 3 2 1 1 0 0 0 0 0 0 0 0 0 0
"5" 5 0.403041825095 464 36 0 0 0 0 0 0 0 0 0 0 0 0 0 0 0 0 0 0
"6" 6 0.616352201258 217 81 64 38 34 34 18 7 4 2 1 0 0 0 0 0 0 0 0 0
"7" 7 0.37984496124 176 139 80 46 24 23 5 4 1 1 1 0 0 0 0 0 0 0 0 0
"8" 8 0.0077519379845 495 5 0 0 0 0 0 0 0 0 0 0 0 0 0 0 0 0 0 0
"9" 9 0.5 299 80 59 54 4 2 1 1 0 0 0 0 0 0 0 0 0 0 0 0
"10" 10 0.472868217054 274 79 78 27 15 11 10 5 1 0 0 0 0 0 0 0 0 0 0 0
"11" 11 0.0995024875622 496 2 1 1 0 0 0 0 0 0 0 0 0 0 0 0 0 0 0 0
"12" 12 0.670886075949 402 69 15 7 5 1 1 0 0 0 0 0 0 0 0 0 0 0 0 0
"13" 13 0.637130801688 356 69 35 33 7 0 0 0 0 0 0 0 0 0 0 0 0 0 0 0
"14" 14 0.365384615385 500 0 0 0 0 0 0 0 0 0 0 0 0 0 0 0 0 0 0 0
"15" 15 0.230769230769 166 89 68 68 53 40 13 3 0 0 0 0 0 0 0 0 0 0 0 0
"16" 16 0.266159695817 296 102 50 43 4 1 1 1 1 1 0 0 0 0 0 0 0 0 0 0
"17" 17 0.0 265 103 97 30 3 1 1 0 0 0 0 0 0 0 0 0 0 0 0 0
"18" 18 0.183544303797 373 48 19 18 10 9 8 4 4 2 2 1 1 1 0 0 0 0 0 0
"19" 19 0.010152284264 464 31 5 0 0 0 0 0 0 0 0 0 0 0 0 0 0 0 0 0
"20" 20 0.676923076923 484 15 1 0 0 0 0 0 0 0 0 0 0 0 0 0 0 0 0 0
"21" 21 0.701923076923 472 28 0 0 0 0 0 0 0 0 0 0 0 0 0 0 0 0 0 0
"22" 22 0.277372262774 299 64 54 36 32 7 5 2 1 0 0 0 0 0 0 0 0 0 0 0
"23" 23 0.0817610062893 221 218 51 5 3 1 1 0 0 0 0 0 0 0 0 0 0 0 0 0
"24" 24 0.0 281 219 0 0 0 0 0 0 0 0 0 0 0 0 0 0 0 0 0 0
"25" 25 0.379746835443 224 130 97 26 10 9 3 1 0 0 0 0 0 0 0 0 0 0 0 0
"26" 26 0.0114942528736 446 54 0 0 0 0 0 0 0 0 0 0 0 0 0 0 0 0 0 0
"27" 27 0.304568527919 171 164 68 40 33 13 9 2 0 0 0 0 0 0 0 0 0 0 0 0
"28" 28 0.383419689119 181 178 55 42 37 5 1 1 0 0 0 0 0 0 0 0 0 0 0 0
"29" 29 0.318407960199 466 24 4 2 1 1 1 1 0 0 0 0 0 0 0 0 0 0 0 0
"30" 30 0.476821192053 277 134 44 34 4 3 3 1 0 0 0 0 0 0 0 0 0 0 0 0
"31" 31 0.459770114943 429 39 8 8 7 5 2 1 1 0 0 0 0 0 0 0 0 0 0 0
"32" 32 0.350993377483 433 34 14 8 7 2 1 1 0 0 0 0 0 0 0 0 0 0 0 0
"33" 33 0.818565400844 240 169 59 14 9 6 3 0 0 0 0 0 0 0 0 0 0 0 0 0
"34" 34 0.558139534884 230 121 63 59 11 11 2 2 1 0 0 0 0 0 0 0 0 0 0 0
"35" 35 0.5 500 0 0 0 0 0 0 0 0 0 0 0 0 0 0 0 0 0 0 0
"36" 36 0.864978902954 386 74 15 15 4 2 2 1 1 0 0 0 0 0 0 0 0 0 0 0
"37" 37 0.789473684211 176 163 70 34 22 12 6 6 5 3 2 1 0 0 0 0 0 0 0 0
"38" 38 0.548076923077 457 43 0 0 0 0 0 0 0 0 0 0 0 0 0 0 0 0 0 0
"39" 39 0.473684210526 114 104 100 75 30 22 18 13 7 6 4 3 2 1 1 0 0 0 0 0
"40" 40 0.116279069767 345 122 12 6 6 5 2 1 1 0 0 0 0 0 0 0 0 0 0 0
"41" 41 0.413502109705 174 98 68 45 43 21 20 19 6 4 2 0 0 0 0 0 0 0 0 0
"42" 42 0.0229885057471 492 6 1 1 0 0 0 0 0 0 0 0 0 0 0 0 0 0 0 0
"43" 43 0.278145695364 197 46 43 43 36 34 31 23 22 11 7 6 1 0 0 0 0 0 0 0
"44" 44 0.010152284264 370 128 1 1 0 0 0 0 0 0 0 0 0 0 0 0 0 0 0 0
"45" 45 0.0977011494253 149 113 111 51 29 15 14 5 5 3 2 2 1 0 0 0 0 0 0 0
"46" 46 0.0 444 56 0 0 0 0 0 0 0 0 0 0 0 0 0 0 0 0 0 0
"47" 47 0.255813953488 324 51 38 22 21 15 15 10 4 0 0 0 0 0 0 0 0 0 0 0
"48" 48 0.020725388601 493 3 2 2 0 0 0 0 0 0 0 0 0 0 0 0 0 0 0 0
"49" 49 0.137055837563 189 139 82 48 17 8 7 5 2 2 1 0 0 0 0 0 0 0 0 0
"50" 50 0.0460251046025 311 165 9 6 6 1 1 1 0 0 0 0 0 0 0 0 0 0 0 0
"51" 51 0.406976744186 186 142 55 45 19 19 19 10 4 1 0 0 0 0 0 0 0 0 0 0
"52" 52 0.509615384615 500 0 0 0 0 0 0 0 0 0 0 0 0 0 0 0 0 0 0 0
"53" 53 0.507692307692 172 143 94 36 19 16 12 3 2 2 1 0 0 0 0 0 0 0 0 0
"54" 54 0.569343065693 194 80 73 63 60 13 5 4 3 2 1 1 1 0 0 0 0 0 0 0
"55" 55 0.174129353234 256 162 37 29 12 4 0 0 0 0 0 0 0 0 0 0 0 0 0 0
"56" 56 0.535714285714 172 103 81 51 26 25 16 15 7 4 0 0 0 0 0 0 0 0 0 0
"57" 57 0.248704663212 238 133 86 19 9 5 4 4 2 0 0 0 0 0 0 0 0 0 0 0
"58" 58 0.439461883408 121 93 68 66 63 45 23 10 4 3 2 2 0 0 0 0 0 0 0 0
"59" 59 0.0542635658915 490 3 2 2 1 1 1 0 0 0 0 0 0 0 0 0 0 0 0 0
"60" 60 0.433962264151 186 87 59 43 36 27 24 14 9 8 4 3 0 0 0 0 0 0 0 0
"61" 61 0.198675496689 192 119 77 55 29 16 7 3 2 0 0 0 0 0 0 0 0 0 0 0
"62" 62 0.511627906977 121 120 107 44 42 17 15 13 11 6 3 1 0 0 0 0 0 0 0 0
"63" 63 0.44976076555 419 44 16 9 6 3 2 1 0 0 0 0 0 0 0 0 0 0 0 0
"64" 64 0.487179487179 225 104 78 42 26 18 2 2 2 1 0 0 0 0 0 0 0 0 0 0
"65" 65 0.051724137931 299 178 9 7 5 2 0 0 0 0 0 0 0 0 0 0 0 0 0 0
"66" 66 0.339285714286 156 110 96 76 36 13 8 2 2 1 0 0 0 0 0 0 0 0 0 0
"67" 67 0.0977011494253 498 1 1 0 0 0 0 0 0 0 0 0 0 0 0 0 0 0 0 0
"68" 68 0.0566037735849 265 139 58 35 3 0 0 0 0 0 0 0 0 0 0 0 0 0 0 0
"69" 69 0.481171548117 311 183 6 0 0 0 0 0 0 0 0 0 0 0 0 0 0 0 0 0
"70" 70 0.201149425287 396 37 19 17 14 8 4 3 2 0 0 0 0 0 0 0 0 0 0 0
"71" 71 0.586497890295 240 169 65 15 7 2 2 0 0 0 0 0 0 0 0 0 0 0 0 0
"72" 72 0.482558139535 204 72 71 42 40 28 18 8 7 4 3 2 1 0 0 0 0 0 0 0
"73" 73 0.426778242678 325 162 8 4 1 0 0 0 0 0 0 0 0 0 0 0 0 0 0 0
"74" 74 0.337209302326 137 85 82 50 43 20 19 18 18 15 8 3 2 0 0 0 0 0 0 0
"75" 75 0.0798479087452 246 172 51 26 3 2 0 0 0 0 0 0 0 0 0 0 0 0 0 0
"76" 76 0.218543046358 193 92 42 36 36 29 19 16 9 8 8 7 3 2 0 0 0 0 0 0
"77" 77 0.0574712643678 469 11 11 9 0 0 0 0 0 0 0 0 0 0 0 0 0 0 0 0
"78" 78 0.502487562189 167 147 67 36 33 32 10 3 3 1 1 0 0 0 0 0 0 0 0 0
"79" 79 0.336787564767 311 68 36 33 30 14 7 1 0 0 0 0 0 0 0 0 0 0 0 0
"80" 80 0.111675126904 460 30 7 1 1 1 0 0 0 0 0 0 0 0 0 0 0 0 0 0
"81" 81 0.488789237668 239 81 53 37 34 28 9 8 6 3 1 1 0 0 0 0 0 0 0 0
"82" 82 0.572327044025 493 3 2 1 1 0 0 0 0 0 0 0 0 0 0 0 0 0 0 0
"83" 83 0.174358974359 496 4 0 0 0 0 0 0 0 0 0 0 0 0 0 0 0 0 0 0
"84" 84 0.816964285714 491 6 3 0 0 0 0 0 0 0 0 0 0 0 0 0 0 0 0 0
"85" 85 0.367875647668 496 3 1 0 0 0 0 0 0 0 0 0 0 0 0 0 0 0 0 0
"86" 86 0.754716981132 474 21 1 1 1 1 1 0 0 0 0 0 0 0 0 0 0 0 0 0
"87" 87 0.735099337748 489 7 3 1 0 0 0 0 0 0 0 0 0 0 0 0 0 0 0 0
"88" 88 0.437810945274 323 141 31 2 2 1 0 0 0 0 0 0 0 0 0 0 0 0 0 0
"89" 89 0.465408805031 246 118 55 37 21 12 9 2 0 0 0 0 0 0 0 0 0 0 0 0
"90" 90 0.350993377483 168 94 48 46 44 35 32 19 9 2 2 1 0 0 0 0 0 0 0 0
"91" 91 0.354066985646 136 108 78 60 37 30 28 8 7 3 2 2 1 0 0 0 0 0 0 0
"92" 92 0.0597014925373 212 149 98 20 18 2 1 0 0 0 0 0 0 0 0 0 0 0 0 0
"93" 93 0.12582781457 250 86 85 35 17 13 7 4 3 0 0 0 0 0 0 0 0 0 0 0
"94" 94 0.0149253731343 394 73 24 6 1 1 1 0 0 0 0 0 0 0 0 0 0 0 0 0
"95" 95 0.305699481865 446 27 19 5 2 1 0 0 0 0 0 0 0 0 0 0 0 0 0 0
"96" 96 0.818652849741 109 103 81 53 49 49 38 9 4 2 2 1 0 0 0 0 0 0 0 0
"97" 97 0.727678571429 149 126 119 55 20 13 11 4 2 1 0 0 0 0 0 0 0 0 0 0
"98" 98 0.663461538462 500 0 0 0 0 0 0 0 0 0 0 0 0 0 0 0 0 0 0 0
"99" 99 0.584821428571 205 60 48 47 45 36 26 9 7 5 5 4 2 1 0 0 0 0 0 0
"100" 100 0.496688741722 165 103 90 60 31 23 8 6 4 3 3 2 2 0 0 0 0 0 0 0
"101" 101 0.153284671533 135 90 54 52 39 28 26 23 14 11 9 6 6 5 2 0 0 0 0 0
"102" 102 0.459821428571 312 87 24 21 18 16 12 4 2 2 1 1 0 0 0 0 0 0 0 0
"103" 103 0.544041450777 174 90 80 26 26 23 20 18 14 14 7 6 2 0 0 0 0 0 0 0
"104" 104 0.0746268656716 331 53 27 23 16 14 13 11 4 3 2 1 1 1 0 0 0 0 0 0
"105" 105 0.367875647668 272 172 21 9 8 8 5 3 1 1 0 0 0 0 0 0 0 0 0 0
"106" 106 0.169811320755 452 46 2 0 0 0 0 0 0 0 0 0 0 0 0 0 0 0 0 0
"107" 107 0.641509433962 230 108 84 37 20 11 6 3 1 0 0 0 0 0 0 0 0 0 0 0
"108" 108 0.455958549223 479 13 3 2 1 1 1 0 0 0 0 0 0 0 0 0 0 0 0 0
"109" 109 0.581395348837 281 70 70 41 27 4 3 3 1 0 0 0 0 0 0 0 0 0 0 0
"110" 110 0.527131782946 224 157 41 40 17 13 4 3 1 0 0 0 0 0 0 0 0 0 0 0
"111" 111 0.124378109453 463 18 14 3 1 1 0 0 0 0 0 0 0 0 0 0 0 0 0 0
"112" 112 0.325581395349 164 96 90 48 29 26 16 15 6 6 3 1 0 0 0 0 0 0 0 0
"113" 113 0.406976744186 159 124 112 30 27 23 11 8 4 1 1 0 0 0 0 0 0 0 0 0
"114" 114 0.42600896861 167 119 86 61 41 6 6 5 3 3 2 1 0 0 0 0 0 0 0 0
"115" 115 0.0304568527919 436 36 16 8 3 1 0 0 0 0 0 0 0 0 0 0 0 0 0 0
"116" 116 0.451476793249 148 130 85 54 36 18 9 6 5 4 3 1 1 0 0 0 0 0 0 0
"117" 117 0.495535714286 220 67 62 53 28 26 21 18 3 1 1 0 0 0 0 0 0 0 0 0
"118" 118 0.188340807175 199 155 81 22 13 12 8 4 4 2 0 0 0 0 0 0 0 0 0 0
"119" 119 0.234309623431 398 76 26 0 0 0 0 0 0 0 0 0 0 0 0 0 0 0 0 0
"120" 120 0.523316062176 148 124 100 82 22 8 7 3 2 2 2 0 0 0 0 0 0 0 0 0
"121" 121 0.476821192053 261 54 53 48 40 21 8 7 3 2 1 1 1 0 0 0 0 0 0 0
"122" 122 0.644230769231 500 0 0 0 0 0 0 0 0 0 0 0 0 0 0 0 0 0 0 0
"123" 123 0.485232067511 394 45 25 13 8 4 4 3 2 1 1 0 0 0 0 0 0 0 0 0
"124" 124 0.455357142857 277 67 55 31 22 16 11 7 5 3 3 2 1 0 0 0 0 0 0 0
"125" 125 0.00574712643678 487 11 2 0 0 0 0 0 0 0 0 0 0 0 0 0 0 0 0 0
"126" 126 0.169154228856 194 115 98 33 17 12 12 6 6 3 2 1 1 0 0 0 0 0 0 0
"127" 127 0.0 365 83 24 18 6 2 2 0 0 0 0 0 0 0 0 0 0 0 0 0
"128" 128 0.0747126436782 203 81 63 59 36 18 13 10 5 4 3 2 1 1 1 0 0 0 0 0
"129" 129 0.0 341 53 51 20 12 6 5 5 2 2 2 1 0 0 0 0 0 0 0 0
"130" 130 0.0689655172414 158 85 81 59 42 35 8 7 5 4 4 4 3 3 1 1 0 0 0 0
"131" 131 0.225165562914 193 89 64 48 45 26 11 6 6 5 3 1 1 1 1 0 0 0 0 0
"132" 132 0.147286821705 287 173 13 12 6 5 2 1 1 0 0 0 0 0 0 0 0 0 0 0
"133" 133 0.730769230769 264 78 47 38 22 20 18 7 4 1 1 0 0 0 0 0 0 0 0 0
"134" 134 0.343023255814 260 106 41 35 24 17 9 5 1 1 1 0 0 0 0 0 0 0 0 0
"135" 135 0.339285714286 172 114 61 50 49 14 13 13 8 5 1 0 0 0 0 0 0 0 0 0
"136" 136 0.134529147982 413 22 21 10 10 9 4 4 3 2 2 0 0 0 0 0 0 0 0 0
"137" 137 0.0114942528736 312 96 51 25 11 4 1 0 0 0 0 0 0 0 0 0 0 0 0 0
"138" 138 0.28855721393 211 93 68 42 40 24 5 5 4 4 2 1 1 0 0 0 0 0 0 0
"139" 139 0.47533632287 290 61 47 32 30 25 8 3 3 1 0 0 0 0 0 0 0 0 0 0
"140" 140 0.197674418605 252 165 51 28 2 1 1 0 0 0 0 0 0 0 0 0 0 0 0 0
"141" 141 0.379746835443 388 71 19 14 5 2 1 0 0 0 0 0 0 0 0 0 0 0 0 0
"142" 142 0.282051282051 498 1 1 0 0 0 0 0 0 0 0 0 0 0 0 0 0 0 0 0
"143" 143 0.410852713178 203 134 103 25 24 11 0 0 0 0 0 0 0 0 0 0 0 0 0 0
"144" 144 1.23255813953 299 139 62 0 0 0 0 0 0 0 0 0 0 0 0 0 0 0 0 0
