"site" "RSA" "aa1" "aa2" "aa3" "aa4" "aa5" "aa6" "aa7" "aa8" "aa9" "aa10" "aa11" "aa12" "aa13" "aa14" "aa15" "aa16" "aa17" "aa18" "aa19" "aa20"
"0" 0 0.883408071749 2 0 0 0 0 0 0 0 0 0 0 0 0 0 0 0 0 0 0 0
"1" 1 0.759615384615 1 1 0 0 0 0 0 0 0 0 0 0 0 0 0 0 0 0 0 0
"2" 2 0.336538461538 3 1 1 0 0 0 0 0 0 0 0 0 0 0 0 0 0 0 0 0
"3" 3 0.114427860697 18 16 6 2 0 0 0 0 0 0 0 0 0 0 0 0 0 0 0 0
"4" 4 0.276785714286 24 13 4 3 2 1 1 1 0 0 0 0 0 0 0 0 0 0 0 0
"5" 5 0.678571428571 13 13 7 6 5 2 2 2 1 1 0 0 0 0 0 0 0 0 0 0
"6" 6 0.193798449612 17 14 8 4 3 2 1 1 1 1 1 0 0 0 0 0 0 0 0 0
"7" 7 0.0 28 21 8 1 0 0 0 0 0 0 0 0 0 0 0 0 0 0 0 0
"8" 8 0.383211678832 23 12 5 4 3 2 2 2 1 1 1 1 1 0 0 0 0 0 0 0
"9" 9 0.387596899225 18 7 6 5 5 4 3 3 3 2 1 1 1 0 0 0 0 0 0 0
"10" 10 0.177304964539 46 11 2 1 1 0 0 0 0 0 0 0 0 0 0 0 0 0 0 0
"11" 11 0.0696517412935 62 2 2 0 0 0 0 0 0 0 0 0 0 0 0 0 0 0 0 0
"12" 12 0.609489051095 15 10 8 6 6 5 5 3 2 2 2 1 1 0 0 0 0 0 0 0
"13" 13 0.723214285714 67 0 0 0 0 0 0 0 0 0 0 0 0 0 0 0 0 0 0 0
"14" 14 0.481865284974 67 0 0 0 0 0 0 0 0 0 0 0 0 0 0 0 0 0 0 0
"15" 15 0.194029850746 33 23 4 3 2 1 1 0 0 0 0 0 0 0 0 0 0 0 0 0
"16" 16 0.586538461538 43 6 4 4 3 3 2 1 1 0 0 0 0 0 0 0 0 0 0 0
"17" 17 0.816143497758 15 11 9 5 4 4 3 3 3 3 2 1 1 1 1 1 0 0 0 0
"18" 18 0.240384615385 55 7 3 1 1 1 0 0 0 0 0 0 0 0 0 0 0 0 0 0
"19" 19 0.217616580311 69 0 0 0 0 0 0 0 0 0 0 0 0 0 0 0 0 0 0 0
"20" 20 0.482587064677 26 15 13 7 3 2 1 1 1 0 0 0 0 0 0 0 0 0 0 0
"21" 21 0.610465116279 65 4 0 0 0 0 0 0 0 0 0 0 0 0 0 0 0 0 0 0
"22" 22 0.0728476821192 51 10 4 2 1 1 0 0 0 0 0 0 0 0 0 0 0 0 0 0
"23" 23 0.427860696517 16 11 9 9 7 6 5 1 1 1 1 0 0 0 0 0 0 0 0 0
"24" 24 0.726368159204 35 13 11 3 2 1 1 1 1 0 0 0 0 0 0 0 0 0 0 0
"25" 25 0.655172413793 18 17 12 10 4 3 2 2 0 0 0 0 0 0 0 0 0 0 0 0
"26" 26 0.0862068965517 27 16 5 5 4 2 2 1 1 1 1 0 0 0 0 0 0 0 0 0
"27" 27 0.427672955975 37 6 5 4 3 3 3 2 2 1 1 0 0 0 0 0 0 0 0 0
"28" 28 0.647321428571 20 18 12 5 3 3 3 1 1 1 1 1 0 0 0 0 0 0 0 0
"29" 29 0.751295336788 19 12 9 7 5 4 3 3 2 1 1 1 1 1 0 0 0 0 0 0
"30" 30 0.283582089552 15 9 7 7 6 6 6 3 2 2 2 1 1 1 0 0 0 0 0 0
"31" 31 0.526785714286 13 12 9 7 6 6 3 3 3 2 1 1 1 1 1 0 0 0 0 0
"32" 32 0.0769230769231 26 20 7 5 4 3 2 2 0 0 0 0 0 0 0 0 0 0 0 0
"33" 33 0.258928571429 18 11 11 9 7 3 3 2 2 1 1 1 0 0 0 0 0 0 0 0
"34" 34 0.0 35 15 10 3 2 2 1 1 0 0 0 0 0 0 0 0 0 0 0 0
"35" 35 0.0574712643678 13 8 8 6 6 5 4 4 4 4 3 1 1 1 1 0 0 0 0 0
"36" 36 0.00507614213198 32 18 6 5 4 3 1 0 0 0 0 0 0 0 0 0 0 0 0 0
"37" 37 0.169154228856 17 16 10 7 4 3 3 2 2 2 1 1 1 0 0 0 0 0 0 0
"38" 38 0.0 41 6 6 5 4 4 2 1 0 0 0 0 0 0 0 0 0 0 0 0
"39" 39 0.37552742616 43 26 0 0 0 0 0 0 0 0 0 0 0 0 0 0 0 0 0 0
"40" 40 0.25 44 14 5 2 2 1 1 0 0 0 0 0 0 0 0 0 0 0 0 0
"41" 41 0.394230769231 21 16 14 10 2 2 2 1 1 0 0 0 0 0 0 0 0 0 0 0
"42" 42 0.0 52 7 3 3 2 1 1 0 0 0 0 0 0 0 0 0 0 0 0 0
"43" 43 0.0 46 17 4 2 0 0 0 0 0 0 0 0 0 0 0 0 0 0 0 0
"44" 44 0.0 26 18 17 3 3 2 0 0 0 0 0 0 0 0 0 0 0 0 0 0
"45" 45 0.0 52 9 8 0 0 0 0 0 0 0 0 0 0 0 0 0 0 0 0 0
"46" 46 0.0 69 0 0 0 0 0 0 0 0 0 0 0 0 0 0 0 0 0 0 0
"47" 47 0.0547263681592 35 11 9 4 4 1 1 1 1 1 0 0 0 0 0 0 0 0 0 0
"48" 48 0.301418439716 20 14 9 7 6 4 2 1 1 1 1 1 1 0 0 0 0 0 0 0
"49" 49 0.00574712643678 38 13 9 4 2 1 1 1 0 0 0 0 0 0 0 0 0 0 0 0
"50" 50 0.0 44 14 6 2 1 1 1 0 0 0 0 0 0 0 0 0 0 0 0 0
"51" 51 0.410714285714 18 16 12 10 3 2 1 1 1 1 1 1 1 1 0 0 0 0 0 0
"52" 52 0.375912408759 27 11 6 5 5 4 4 3 1 1 1 1 0 0 0 0 0 0 0 0
"53" 53 0.00574712643678 45 14 5 2 2 1 0 0 0 0 0 0 0 0 0 0 0 0 0 0
"54" 54 0.0 62 2 2 2 1 0 0 0 0 0 0 0 0 0 0 0 0 0 0 0
"55" 55 0.279069767442 12 10 9 8 5 4 4 4 2 2 2 1 1 1 1 0 0 0 0 0
"56" 56 0.164179104478 31 9 7 5 4 4 4 2 1 1 1 0 0 0 0 0 0 0 0 0
"57" 57 0.217054263566 34 18 5 3 2 2 1 1 1 1 0 0 0 0 0 0 0 0 0 0
"58" 58 0.108808290155 48 8 5 5 1 1 0 0 0 0 0 0 0 0 0 0 0 0 0 0
"59" 59 0.691823899371 33 8 7 5 4 3 2 1 1 1 1 0 0 0 0 0 0 0 0 0
"60" 60 0.594890510949 11 9 8 8 8 6 6 4 4 2 2 0 0 0 0 0 0 0 0 0
"61" 61 0.104651162791 18 18 16 6 4 4 1 1 0 0 0 0 0 0 0 0 0 0 0 0
"62" 62 0.240310077519 14 9 8 8 6 5 4 4 3 2 1 1 1 1 1 1 0 0 0 0
"63" 63 0.0794979079498 26 20 9 4 2 2 2 2 1 1 0 0 0 0 0 0 0 0 0 0
"64" 64 0.354651162791 23 11 8 5 4 4 3 2 2 2 2 2 1 0 0 0 0 0 0 0
"65" 65 0.40251572327 13 11 11 8 8 5 4 2 2 1 1 1 1 1 0 0 0 0 0 0
"66" 66 0.422885572139 18 9 6 5 5 5 3 3 3 2 2 2 2 1 1 1 1 0 0 0
"67" 67 0.155172413793 27 9 8 7 6 5 3 3 1 0 0 0 0 0 0 0 0 0 0 0
"68" 68 0.519379844961 13 12 8 7 7 6 5 3 2 2 2 1 1 0 0 0 0 0 0 0
"69" 69 0.263392857143 60 9 0 0 0 0 0 0 0 0 0 0 0 0 0 0 0 0 0 0
"70" 70 0.115384615385 68 1 0 0 0 0 0 0 0 0 0 0 0 0 0 0 0 0 0 0
"71" 71 0.240310077519 27 12 8 6 5 4 2 2 1 1 1 0 0 0 0 0 0 0 0 0
"72" 72 0.434306569343 16 11 6 6 5 4 3 3 3 3 2 2 2 2 1 0 0 0 0 0
"73" 73 0.0747126436782 42 9 5 5 4 3 1 0 0 0 0 0 0 0 0 0 0 0 0 0
"74" 74 0.488372093023 17 14 11 5 4 3 2 2 2 2 2 1 1 1 1 1 0 0 0 0
"75" 75 0.660714285714 19 15 13 6 5 4 3 1 1 1 1 0 0 0 0 0 0 0 0 0
"76" 76 0.490384615385 62 2 2 2 1 0 0 0 0 0 0 0 0 0 0 0 0 0 0 0
"77" 77 0.25 22 17 16 8 3 2 1 0 0 0 0 0 0 0 0 0 0 0 0 0
"78" 78 0.325892857143 31 10 9 5 4 3 2 1 1 1 1 1 0 0 0 0 0 0 0 0
"79" 79 0.0 27 17 17 5 2 1 0 0 0 0 0 0 0 0 0 0 0 0 0 0
"80" 80 0.0 40 9 7 4 3 3 2 1 0 0 0 0 0 0 0 0 0 0 0 0
"81" 81 0.262773722628 18 13 9 5 5 4 3 3 2 2 2 1 1 1 0 0 0 0 0 0
"82" 82 0.0 27 20 15 3 2 2 0 0 0 0 0 0 0 0 0 0 0 0 0 0
"83" 83 0.368613138686 17 11 10 9 5 5 3 3 2 1 1 1 1 0 0 0 0 0 0 0
"84" 84 0.0480769230769 65 2 1 1 0 0 0 0 0 0 0 0 0 0 0 0 0 0 0 0
"85" 85 0.100628930818 21 16 11 7 6 2 2 1 1 1 1 0 0 0 0 0 0 0 0 0
"86" 86 0.044776119403 34 9 9 8 5 2 1 1 0 0 0 0 0 0 0 0 0 0 0 0
"87" 87 0.233576642336 42 12 4 3 2 2 2 1 1 0 0 0 0 0 0 0 0 0 0 0
"88" 88 0.0480769230769 21 18 8 7 4 4 1 1 1 1 1 1 1 0 0 0 0 0 0 0
"89" 89 0.0 38 24 5 2 0 0 0 0 0 0 0 0 0 0 0 0 0 0 0 0
"90" 90 0.223880597015 68 1 0 0 0 0 0 0 0 0 0 0 0 0 0 0 0 0 0 0
"91" 91 0.100775193798 22 15 7 7 6 4 3 2 1 1 1 0 0 0 0 0 0 0 0 0
"92" 92 0.0 44 21 3 1 0 0 0 0 0 0 0 0 0 0 0 0 0 0 0 0
"93" 93 0.214285714286 69 0 0 0 0 0 0 0 0 0 0 0 0 0 0 0 0 0 0 0
"94" 94 0.361313868613 69 0 0 0 0 0 0 0 0 0 0 0 0 0 0 0 0 0 0 0
"95" 95 0.0646766169154 32 21 10 3 2 1 0 0 0 0 0 0 0 0 0 0 0 0 0 0
"96" 96 0.0 61 3 3 2 0 0 0 0 0 0 0 0 0 0 0 0 0 0 0 0
"97" 97 0.00995024875622 67 1 1 0 0 0 0 0 0 0 0 0 0 0 0 0 0 0 0 0
"98" 98 0.430769230769 69 0 0 0 0 0 0 0 0 0 0 0 0 0 0 0 0 0 0 0
"99" 99 0.044776119403 31 23 7 7 1 0 0 0 0 0 0 0 0 0 0 0 0 0 0 0
"100" 100 0.00497512437811 43 9 8 2 2 1 1 1 1 1 0 0 0 0 0 0 0 0 0 0
"101" 101 0.107623318386 48 10 6 4 1 0 0 0 0 0 0 0 0 0 0 0 0 0 0 0
"102" 102 0.178832116788 52 9 3 1 1 1 1 1 0 0 0 0 0 0 0 0 0 0 0 0
"103" 103 0.00995024875622 41 28 0 0 0 0 0 0 0 0 0 0 0 0 0 0 0 0 0 0
"104" 104 0.0 63 6 0 0 0 0 0 0 0 0 0 0 0 0 0 0 0 0 0 0
"105" 105 0.0288461538462 66 3 0 0 0 0 0 0 0 0 0 0 0 0 0 0 0 0 0 0
"106" 106 0.0 53 15 1 0 0 0 0 0 0 0 0 0 0 0 0 0 0 0 0 0
"107" 107 0.0 66 3 0 0 0 0 0 0 0 0 0 0 0 0 0 0 0 0 0 0
"108" 108 0.168604651163 60 8 1 0 0 0 0 0 0 0 0 0 0 0 0 0 0 0 0 0
"109" 109 0.213930348259 18 9 7 6 5 5 3 3 3 3 2 2 1 1 1 0 0 0 0 0
"110" 110 0.0 63 4 1 1 0 0 0 0 0 0 0 0 0 0 0 0 0 0 0 0
"111" 111 0.167883211679 29 21 7 6 2 1 1 1 1 0 0 0 0 0 0 0 0 0 0 0
"112" 112 0.22480620155 18 11 9 8 8 3 3 3 2 2 1 1 0 0 0 0 0 0 0 0
"113" 113 0.0380228136882 25 20 6 6 5 3 2 1 1 0 0 0 0 0 0 0 0 0 0 0
"114" 114 0.252873563218 46 17 3 1 1 1 0 0 0 0 0 0 0 0 0 0 0 0 0 0
"115" 115 0.473214285714 18 16 13 8 5 4 2 1 1 1 0 0 0 0 0 0 0 0 0 0
"116" 116 0.178294573643 25 13 13 6 5 3 3 1 0 0 0 0 0 0 0 0 0 0 0 0
"117" 117 0.0298507462687 25 22 15 5 1 1 0 0 0 0 0 0 0 0 0 0 0 0 0 0
"118" 118 0.596899224806 29 16 13 2 2 2 1 1 1 1 1 0 0 0 0 0 0 0 0 0
"119" 119 0.846153846154 47 11 8 1 1 1 0 0 0 0 0 0 0 0 0 0 0 0 0 0
"120" 120 0.255813953488 44 10 5 4 2 2 2 0 0 0 0 0 0 0 0 0 0 0 0 0
"121" 121 0.616033755274 23 13 10 8 4 2 2 2 2 1 1 1 0 0 0 0 0 0 0 0
"122" 122 0.093023255814 31 23 12 2 1 0 0 0 0 0 0 0 0 0 0 0 0 0 0 0
"123" 123 0.260089686099 32 16 10 2 2 1 1 1 1 1 1 1 0 0 0 0 0 0 0 0
"124" 124 0.0203045685279 32 26 11 0 0 0 0 0 0 0 0 0 0 0 0 0 0 0 0 0
"125" 125 0.0646766169154 28 24 11 3 1 1 1 0 0 0 0 0 0 0 0 0 0 0 0 0
"126" 126 0.00518134715026 57 12 0 0 0 0 0 0 0 0 0 0 0 0 0 0 0 0 0 0
"127" 127 0.139534883721 68 1 0 0 0 0 0 0 0 0 0 0 0 0 0 0 0 0 0 0
"128" 128 0.332116788321 69 0 0 0 0 0 0 0 0 0 0 0 0 0 0 0 0 0 0 0
"129" 129 0.535864978903 69 0 0 0 0 0 0 0 0 0 0 0 0 0 0 0 0 0 0 0
"130" 130 0.122093023256 69 0 0 0 0 0 0 0 0 0 0 0 0 0 0 0 0 0 0 0
"131" 131 0.28488372093 53 5 5 3 2 1 0 0 0 0 0 0 0 0 0 0 0 0 0 0
"132" 132 0.761006289308 68 1 0 0 0 0 0 0 0 0 0 0 0 0 0 0 0 0 0 0
"133" 133 0.682692307692 57 8 2 1 1 0 0 0 0 0 0 0 0 0 0 0 0 0 0 0
"134" 134 0.1592039801 55 4 3 2 2 1 1 1 0 0 0 0 0 0 0 0 0 0 0 0
"135" 135 0.204379562044 69 0 0 0 0 0 0 0 0 0 0 0 0 0 0 0 0 0 0 0
"136" 136 0.410852713178 16 12 12 10 8 2 1 1 1 1 1 1 1 1 1 0 0 0 0 0
"137" 137 0.0497512437811 43 10 9 4 2 1 0 0 0 0 0 0 0 0 0 0 0 0 0 0
"138" 138 0.0 54 7 6 1 1 0 0 0 0 0 0 0 0 0 0 0 0 0 0 0
"139" 139 0.042194092827 66 3 0 0 0 0 0 0 0 0 0 0 0 0 0 0 0 0 0 0
"140" 140 0.163498098859 51 5 4 3 2 2 1 1 0 0 0 0 0 0 0 0 0 0 0 0
"141" 141 0.0 64 4 1 0 0 0 0 0 0 0 0 0 0 0 0 0 0 0 0 0
"142" 142 0.0 65 2 1 1 0 0 0 0 0 0 0 0 0 0 0 0 0 0 0 0
"143" 143 0.459854014599 40 7 5 4 3 2 2 1 1 1 1 1 1 0 0 0 0 0 0 0
"144" 144 0.132183908046 25 11 11 9 5 4 2 1 1 0 0 0 0 0 0 0 0 0 0 0
"145" 145 0.0 69 0 0 0 0 0 0 0 0 0 0 0 0 0 0 0 0 0 0 0
"146" 146 0.394230769231 69 0 0 0 0 0 0 0 0 0 0 0 0 0 0 0 0 0 0 0
"147" 147 0.0288461538462 59 8 2 0 0 0 0 0 0 0 0 0 0 0 0 0 0 0 0 0
"148" 148 0.496350364964 7 7 6 6 5 5 5 5 4 3 3 3 3 2 2 1 1 1 0 0
"149" 149 0.261538461538 67 2 0 0 0 0 0 0 0 0 0 0 0 0 0 0 0 0 0 0
"150" 150 0.200956937799 69 0 0 0 0 0 0 0 0 0 0 0 0 0 0 0 0 0 0 0
"151" 151 0.0985401459854 69 0 0 0 0 0 0 0 0 0 0 0 0 0 0 0 0 0 0 0
"152" 152 0.3536121673 29 15 9 5 5 3 2 1 0 0 0 0 0 0 0 0 0 0 0 0
"153" 153 0.0288461538462 43 14 10 2 0 0 0 0 0 0 0 0 0 0 0 0 0 0 0 0
"154" 154 0.572139303483 69 0 0 0 0 0 0 0 0 0 0 0 0 0 0 0 0 0 0 0
"155" 155 0.627615062762 21 17 15 9 3 1 1 1 1 0 0 0 0 0 0 0 0 0 0 0
"156" 156 0.316062176166 64 3 1 1 0 0 0 0 0 0 0 0 0 0 0 0 0 0 0 0
"157" 157 0.173076923077 30 30 7 2 0 0 0 0 0 0 0 0 0 0 0 0 0 0 0 0
"158" 158 0.177664974619 41 22 3 3 0 0 0 0 0 0 0 0 0 0 0 0 0 0 0 0
"159" 159 0.0796019900498 50 19 0 0 0 0 0 0 0 0 0 0 0 0 0 0 0 0 0 0
"160" 160 0.0995024875622 51 13 4 1 0 0 0 0 0 0 0 0 0 0 0 0 0 0 0 0
"161" 161 0.282700421941 69 0 0 0 0 0 0 0 0 0 0 0 0 0 0 0 0 0 0 0
"162" 162 0.308035714286 59 10 0 0 0 0 0 0 0 0 0 0 0 0 0 0 0 0 0 0
"163" 163 0.630769230769 69 0 0 0 0 0 0 0 0 0 0 0 0 0 0 0 0 0 0 0
"164" 164 0.435406698565 69 0 0 0 0 0 0 0 0 0 0 0 0 0 0 0 0 0 0 0
"165" 165 0.0747126436782 55 11 1 1 1 0 0 0 0 0 0 0 0 0 0 0 0 0 0 0
"166" 166 0.63503649635 30 8 6 5 4 4 4 3 2 1 1 1 0 0 0 0 0 0 0 0
"167" 167 0.627906976744 46 9 5 4 3 1 1 0 0 0 0 0 0 0 0 0 0 0 0 0
"168" 168 0.093023255814 56 7 2 1 1 1 1 0 0 0 0 0 0 0 0 0 0 0 0 0
"169" 169 0.673076923077 66 1 1 1 0 0 0 0 0 0 0 0 0 0 0 0 0 0 0 0
"170" 170 0.182692307692 54 13 1 1 0 0 0 0 0 0 0 0 0 0 0 0 0 0 0 0
"171" 171 0.00574712643678 50 15 2 1 1 0 0 0 0 0 0 0 0 0 0 0 0 0 0 0
"172" 172 0.0384615384615 17 11 10 9 9 2 2 2 2 2 1 1 1 0 0 0 0 0 0 0
"173" 173 0.34375 23 9 8 7 7 4 4 3 2 1 1 0 0 0 0 0 0 0 0 0
"174" 174 0.031007751938 63 5 1 0 0 0 0 0 0 0 0 0 0 0 0 0 0 0 0 0
"175" 175 0.0 36 25 7 1 0 0 0 0 0 0 0 0 0 0 0 0 0 0 0 0
"176" 176 0.481751824818 14 12 12 9 9 5 4 2 1 1 0 0 0 0 0 0 0 0 0 0
"177" 177 0.386861313869 36 10 6 4 3 3 2 2 2 1 0 0 0 0 0 0 0 0 0 0
"178" 178 0.124031007752 41 13 4 4 3 3 1 0 0 0 0 0 0 0 0 0 0 0 0 0
"179" 179 0.409282700422 48 16 1 1 1 1 0 0 0 0 0 0 0 0 0 0 0 0 0 0
"180" 180 0.627906976744 29 10 7 6 3 3 3 1 1 1 1 1 1 1 0 0 0 0 0 0
"181" 181 0.722627737226 15 11 7 7 6 6 3 3 3 3 2 1 1 0 0 0 0 0 0 0
"182" 182 0.22480620155 23 19 11 4 2 2 2 1 1 1 1 1 1 0 0 0 0 0 0 0
"183" 183 0.314465408805 35 16 8 3 3 2 1 1 0 0 0 0 0 0 0 0 0 0 0 0
"184" 184 0.885167464115 36 12 4 2 2 2 2 1 1 1 1 1 1 1 0 0 0 0 0 0
"185" 185 0.631178707224 18 12 11 9 6 4 3 1 1 1 1 0 0 0 0 0 0 0 0 0
"186" 186 0.199004975124 20 13 9 8 7 4 3 2 1 1 1 0 0 0 0 0 0 0 0 0
"187" 187 0.569620253165 39 7 4 4 2 2 2 2 1 1 1 1 0 0 0 0 0 0 0 0
"188" 188 0.0172413793103 51 15 3 0 0 0 0 0 0 0 0 0 0 0 0 0 0 0 0 0
"189" 189 0.0223214285714 69 0 0 0 0 0 0 0 0 0 0 0 0 0 0 0 0 0 0 0
"190" 190 0.0 52 15 1 1 0 0 0 0 0 0 0 0 0 0 0 0 0 0 0 0
"191" 191 0.0892857142857 69 0 0 0 0 0 0 0 0 0 0 0 0 0 0 0 0 0 0 0
"192" 192 0.0 46 14 5 4 0 0 0 0 0 0 0 0 0 0 0 0 0 0 0 0
"193" 193 0.434306569343 34 18 9 3 2 2 1 0 0 0 0 0 0 0 0 0 0 0 0 0
"194" 194 0.192052980132 28 15 13 6 5 2 0 0 0 0 0 0 0 0 0 0 0 0 0 0
"195" 195 0.164179104478 55 6 3 2 2 1 0 0 0 0 0 0 0 0 0 0 0 0 0 0
"196" 196 0.584821428571 25 20 13 4 2 2 2 1 0 0 0 0 0 0 0 0 0 0 0 0
"197" 197 0.138392857143 32 23 7 5 2 0 0 0 0 0 0 0 0 0 0 0 0 0 0 0
"198" 198 0.0 35 30 2 1 1 0 0 0 0 0 0 0 0 0 0 0 0 0 0 0
"199" 199 0.361607142857 17 13 10 8 7 6 3 1 1 1 1 1 0 0 0 0 0 0 0 0
"200" 200 0.375 50 13 2 1 1 1 1 0 0 0 0 0 0 0 0 0 0 0 0 0
"201" 201 0.0 58 10 1 0 0 0 0 0 0 0 0 0 0 0 0 0 0 0 0 0
"202" 202 0.139303482587 54 9 5 1 0 0 0 0 0 0 0 0 0 0 0 0 0 0 0 0
"203" 203 0.705357142857 23 20 12 3 2 2 2 1 1 1 1 1 0 0 0 0 0 0 0 0
"204" 204 0.124031007752 40 5 4 4 4 3 3 2 2 1 1 0 0 0 0 0 0 0 0 0
"205" 205 0.269230769231 53 7 4 2 1 1 1 0 0 0 0 0 0 0 0 0 0 0 0 0
"206" 206 0.0387596899225 47 15 4 1 1 1 0 0 0 0 0 0 0 0 0 0 0 0 0 0
"207" 207 0.269430051813 61 2 2 1 1 1 1 0 0 0 0 0 0 0 0 0 0 0 0 0
"208" 208 0.164179104478 32 16 7 4 4 2 1 1 1 1 0 0 0 0 0 0 0 0 0 0
"209" 209 0.0 53 15 1 0 0 0 0 0 0 0 0 0 0 0 0 0 0 0 0 0
"210" 210 0.0149253731343 47 22 0 0 0 0 0 0 0 0 0 0 0 0 0 0 0 0 0 0
"211" 211 0.00995024875622 69 0 0 0 0 0 0 0 0 0 0 0 0 0 0 0 0 0 0 0
"212" 212 0.145077720207 69 0 0 0 0 0 0 0 0 0 0 0 0 0 0 0 0 0 0 0
"213" 213 0.389743589744 67 1 1 0 0 0 0 0 0 0 0 0 0 0 0 0 0 0 0 0
"214" 214 0.092050209205 55 13 1 0 0 0 0 0 0 0 0 0 0 0 0 0 0 0 0 0
"215" 215 0.522012578616 23 17 15 6 4 3 1 0 0 0 0 0 0 0 0 0 0 0 0 0
"216" 216 0.273631840796 20 16 12 5 4 3 3 2 2 1 1 0 0 0 0 0 0 0 0 0
"217" 217 0.589285714286 30 18 7 7 2 1 1 1 1 1 0 0 0 0 0 0 0 0 0 0
"218" 218 0.170542635659 16 10 9 7 7 6 4 3 2 2 1 0 0 0 0 0 0 0 0 0
"219" 219 0.0497512437811 38 19 4 3 3 2 0 0 0 0 0 0 0 0 0 0 0 0 0 0
"220" 220 0.510948905109 23 20 8 4 2 2 2 2 1 1 1 1 1 1 0 0 0 0 0 0
"221" 221 0.227678571429 32 11 7 7 6 2 1 1 1 1 0 0 0 0 0 0 0 0 0 0
"222" 222 0.0 65 2 1 1 0 0 0 0 0 0 0 0 0 0 0 0 0 0 0 0
"223" 223 0.183908045977 63 4 1 1 0 0 0 0 0 0 0 0 0 0 0 0 0 0 0 0
"224" 224 0.598540145985 13 12 10 9 6 5 4 4 2 1 1 1 1 0 0 0 0 0 0 0
"225" 225 0.321167883212 16 15 13 12 4 3 2 2 1 1 0 0 0 0 0 0 0 0 0 0
"226" 226 0.00574712643678 24 22 9 9 1 1 1 1 1 0 0 0 0 0 0 0 0 0 0 0
"227" 227 0.557692307692 19 15 13 8 6 2 2 2 1 1 0 0 0 0 0 0 0 0 0 0
"228" 228 0.653846153846 55 4 4 2 1 1 1 1 0 0 0 0 0 0 0 0 0 0 0 0
"229" 229 0.580291970803 56 5 2 2 1 1 1 1 0 0 0 0 0 0 0 0 0 0 0 0
"230" 230 0.132183908046 38 14 7 3 2 2 1 1 1 0 0 0 0 0 0 0 0 0 0 0
"231" 231 0.295597484277 19 12 8 8 8 6 4 2 1 1 0 0 0 0 0 0 0 0 0 0
"232" 232 0.0199004975124 26 17 15 9 2 0 0 0 0 0 0 0 0 0 0 0 0 0 0 0
"233" 233 0.03125 69 0 0 0 0 0 0 0 0 0 0 0 0 0 0 0 0 0 0 0
"234" 234 0.0077519379845 53 5 4 4 2 1 0 0 0 0 0 0 0 0 0 0 0 0 0 0
"235" 235 0.152317880795 69 0 0 0 0 0 0 0 0 0 0 0 0 0 0 0 0 0 0 0
"236" 236 0.163461538462 69 0 0 0 0 0 0 0 0 0 0 0 0 0 0 0 0 0 0 0
"237" 237 0.605128205128 32 25 7 2 1 1 1 0 0 0 0 0 0 0 0 0 0 0 0 0
"238" 238 0.133027522936 31 29 8 1 0 0 0 0 0 0 0 0 0 0 0 0 0 0 0 0
"239" 239 0.348837209302 40 12 4 4 3 3 2 1 0 0 0 0 0 0 0 0 0 0 0 0
"240" 240 0.373134328358 40 6 6 4 3 3 2 2 1 1 1 0 0 0 0 0 0 0 0 0
"241" 241 0.71875 31 20 6 3 2 2 2 2 1 0 0 0 0 0 0 0 0 0 0 0
"242" 242 0.507299270073 32 14 14 5 2 1 1 0 0 0 0 0 0 0 0 0 0 0 0 0
"243" 243 0.0 33 19 10 7 0 0 0 0 0 0 0 0 0 0 0 0 0 0 0 0
"244" 244 0.413502109705 30 10 8 7 4 3 2 1 1 1 1 1 0 0 0 0 0 0 0 0
"245" 245 0.170542635659 23 17 6 5 4 3 3 3 1 1 1 1 1 0 0 0 0 0 0 0
"246" 246 0.0077519379845 33 22 7 5 1 1 0 0 0 0 0 0 0 0 0 0 0 0 0 0
"247" 247 0.0387596899225 63 2 1 1 1 1 0 0 0 0 0 0 0 0 0 0 0 0 0 0
"248" 248 0.589285714286 35 15 4 4 3 3 2 1 1 1 0 0 0 0 0 0 0 0 0 0
"249" 249 0.162790697674 47 5 5 3 2 2 2 1 1 1 0 0 0 0 0 0 0 0 0 0
"250" 250 0.221153846154 69 0 0 0 0 0 0 0 0 0 0 0 0 0 0 0 0 0 0 0
"251" 251 0.00574712643678 65 4 0 0 0 0 0 0 0 0 0 0 0 0 0 0 0 0 0 0
"252" 252 0.19170984456 62 6 1 0 0 0 0 0 0 0 0 0 0 0 0 0 0 0 0 0
"253" 253 0.285171102662 29 10 9 8 8 2 2 1 0 0 0 0 0 0 0 0 0 0 0 0
"254" 254 0.0 62 5 1 1 0 0 0 0 0 0 0 0 0 0 0 0 0 0 0 0
"255" 255 0.0198675496689 67 2 0 0 0 0 0 0 0 0 0 0 0 0 0 0 0 0 0 0
"256" 256 0.0 28 13 8 7 5 4 3 1 0 0 0 0 0 0 0 0 0 0 0 0
"257" 257 0.134615384615 60 9 0 0 0 0 0 0 0 0 0 0 0 0 0 0 0 0 0 0
"258" 258 0.147286821705 49 6 4 3 3 2 1 1 0 0 0 0 0 0 0 0 0 0 0 0
"259" 259 0.0 53 9 3 3 1 0 0 0 0 0 0 0 0 0 0 0 0 0 0 0
"260" 260 0.0290697674419 62 6 1 0 0 0 0 0 0 0 0 0 0 0 0 0 0 0 0 0
"261" 261 0.641148325359 55 6 4 2 1 1 0 0 0 0 0 0 0 0 0 0 0 0 0 0
"262" 262 0.523178807947 56 6 2 2 2 1 0 0 0 0 0 0 0 0 0 0 0 0 0 0
"263" 263 0.0697674418605 34 17 10 3 2 2 1 0 0 0 0 0 0 0 0 0 0 0 0 0
"264" 264 0.527426160338 18 17 14 6 3 2 2 2 1 1 1 1 1 0 0 0 0 0 0 0
"265" 265 0.387596899225 28 10 8 7 6 6 2 1 1 0 0 0 0 0 0 0 0 0 0 0
"266" 266 0.00497512437811 46 7 6 4 2 2 1 1 0 0 0 0 0 0 0 0 0 0 0 0
"267" 267 0.414507772021 69 0 0 0 0 0 0 0 0 0 0 0 0 0 0 0 0 0 0 0
"268" 268 0.0199004975124 37 26 3 2 1 0 0 0 0 0 0 0 0 0 0 0 0 0 0 0
"269" 269 0.17880794702 48 19 2 0 0 0 0 0 0 0 0 0 0 0 0 0 0 0 0 0
"270" 270 0.0746268656716 45 20 4 0 0 0 0 0 0 0 0 0 0 0 0 0 0 0 0 0
"271" 271 0.557213930348 7 4 2 1 1 0 0 0 0 0 0 0 0 0 0 0 0 0 0 0
"272" 272 0.258620689655 5 3 3 1 1 0 0 0 0 0 0 0 0 0 0 0 0 0 0 0
"273" 273 0.350574712644 3 1 1 1 0 0 0 0 0 0 0 0 0 0 0 0 0 0 0 0
"274" 274 0.824817518248 1 1 1 1 0 0 0 0 0 0 0 0 0 0 0 0 0 0 0 0
"275" 275 1.0 2 0 0 0 0 0 0 0 0 0 0 0 0 0 0 0 0 0 0 0
