"site" "RSA" "aa1" "aa2" "aa3" "aa4" "aa5" "aa6" "aa7" "aa8" "aa9" "aa10" "aa11" "aa12" "aa13" "aa14" "aa15" "aa16" "aa17" "aa18" "aa19" "aa20"
"0" 0 0.79274611399 203 128 85 68 11 5 0 0 0 0 0 0 0 0 0 0 0 0 0 0
"1" 1 0.593908629442 223 150 52 36 22 6 6 4 1 0 0 0 0 0 0 0 0 0 0 0
"2" 2 0.611398963731 251 160 47 20 14 5 2 1 0 0 0 0 0 0 0 0 0 0 0 0
"3" 3 0.43023255814 249 135 34 22 21 20 13 5 1 0 0 0 0 0 0 0 0 0 0 0
"4" 4 0.512437810945 191 103 78 58 30 20 11 6 2 1 0 0 0 0 0 0 0 0 0 0
"5" 5 0.548223350254 317 57 55 31 22 6 4 4 2 1 1 0 0 0 0 0 0 0 0 0
"6" 6 0.403973509934 317 50 45 42 16 14 6 3 3 3 1 0 0 0 0 0 0 0 0 0
"7" 7 0.410256410256 206 90 67 61 22 20 14 8 8 2 1 1 0 0 0 0 0 0 0 0
"8" 8 0.502564102564 238 103 52 31 24 20 16 8 4 2 1 1 0 0 0 0 0 0 0 0
"9" 9 0.410852713178 189 84 53 45 39 27 27 15 14 3 2 1 1 0 0 0 0 0 0 0
"10" 10 0.567164179104 135 103 89 71 45 38 9 5 3 2 0 0 0 0 0 0 0 0 0 0
"11" 11 0.418439716312 186 173 110 12 9 6 2 1 1 0 0 0 0 0 0 0 0 0 0 0
"12" 12 0.271523178808 141 118 101 50 28 26 22 10 2 1 1 0 0 0 0 0 0 0 0 0
"13" 13 0.497890295359 122 119 98 41 37 33 11 11 11 9 7 1 0 0 0 0 0 0 0 0
"14" 14 0.422018348624 344 37 31 31 27 14 12 3 1 0 0 0 0 0 0 0 0 0 0 0
"15" 15 0.10447761194 400 73 10 9 3 2 1 1 1 0 0 0 0 0 0 0 0 0 0 0
"16" 16 0.436781609195 237 156 35 22 16 14 13 3 3 1 0 0 0 0 0 0 0 0 0 0
"17" 17 0.549107142857 289 80 71 27 19 8 2 2 1 1 0 0 0 0 0 0 0 0 0 0
"18" 18 0.709821428571 330 52 37 34 13 13 8 6 4 2 1 0 0 0 0 0 0 0 0 0
"19" 19 0.450777202073 145 107 78 76 29 27 14 8 7 7 2 0 0 0 0 0 0 0 0 0
"20" 20 0.465408805031 491 7 1 1 0 0 0 0 0 0 0 0 0 0 0 0 0 0 0 0
"21" 21 0.125 205 94 92 38 33 11 10 5 4 2 2 2 1 1 0 0 0 0 0 0
"22" 22 0.26359832636 401 85 13 1 0 0 0 0 0 0 0 0 0 0 0 0 0 0 0 0
"23" 23 0.301255230126 456 34 5 1 1 1 1 1 0 0 0 0 0 0 0 0 0 0 0 0
"24" 24 0.526785714286 190 114 51 43 32 21 16 12 8 7 6 0 0 0 0 0 0 0 0 0
"25" 25 0.464135021097 136 126 103 49 31 24 14 7 5 3 2 0 0 0 0 0 0 0 0 0
"26" 26 0.402985074627 487 5 3 2 1 1 1 0 0 0 0 0 0 0 0 0 0 0 0 0
"27" 27 0.627906976744 298 88 44 37 14 13 4 2 0 0 0 0 0 0 0 0 0 0 0 0
"28" 28 0.497757847534 411 54 19 6 4 2 2 2 0 0 0 0 0 0 0 0 0 0 0 0
"29" 29 0.736434108527 273 112 34 24 20 17 6 6 5 3 0 0 0 0 0 0 0 0 0 0
"30" 30 0.618834080717 172 100 92 66 25 18 7 5 5 4 3 3 0 0 0 0 0 0 0 0
"31" 31 0.561181434599 123 116 100 50 34 30 25 9 5 4 2 1 1 0 0 0 0 0 0 0
"32" 32 0.132075471698 490 8 2 0 0 0 0 0 0 0 0 0 0 0 0 0 0 0 0 0
"33" 33 0.441605839416 238 107 61 50 18 14 5 4 2 1 0 0 0 0 0 0 0 0 0 0
"34" 34 0.175732217573 419 26 25 15 9 2 2 1 1 0 0 0 0 0 0 0 0 0 0 0
"35" 35 0.0 365 64 33 22 11 3 2 0 0 0 0 0 0 0 0 0 0 0 0 0
"36" 36 0.0141843971631 212 112 108 27 18 13 2 2 2 2 1 1 0 0 0 0 0 0 0 0
"37" 37 0.0 299 117 25 16 11 10 8 6 6 2 0 0 0 0 0 0 0 0 0 0
"38" 38 0.00961538461538 265 173 59 2 1 0 0 0 0 0 0 0 0 0 0 0 0 0 0 0
"39" 39 0.0189873417722 468 22 7 3 0 0 0 0 0 0 0 0 0 0 0 0 0 0 0 0
"40" 40 0.430463576159 279 125 40 18 18 6 6 3 2 1 1 1 0 0 0 0 0 0 0 0
"41" 41 0.40414507772 212 105 71 45 15 14 10 5 5 5 4 4 2 2 1 0 0 0 0 0
"42" 42 0.23178807947 148 93 93 84 35 32 10 4 1 0 0 0 0 0 0 0 0 0 0 0
"43" 43 0.551094890511 133 132 46 36 34 32 27 23 6 6 6 4 4 4 3 2 2 0 0 0
"44" 44 0.166666666667 121 75 74 51 45 38 38 22 16 11 6 1 1 1 0 0 0 0 0 0
"45" 45 0.364779874214 198 129 81 28 26 17 16 4 1 0 0 0 0 0 0 0 0 0 0 0
"46" 46 0.0 259 103 60 44 17 6 4 4 1 1 1 0 0 0 0 0 0 0 0 0
"47" 47 0.294642857143 150 116 73 57 36 25 18 9 6 4 3 2 1 0 0 0 0 0 0 0
"48" 48 0.748175182482 226 99 60 54 40 8 8 3 2 0 0 0 0 0 0 0 0 0 0 0
"49" 49 0.1592039801 479 11 4 4 1 1 0 0 0 0 0 0 0 0 0 0 0 0 0 0
"50" 50 0.28488372093 240 98 81 65 9 4 2 1 0 0 0 0 0 0 0 0 0 0 0 0
"51" 51 0.538461538462 500 0 0 0 0 0 0 0 0 0 0 0 0 0 0 0 0 0 0 0
"52" 52 0.124378109453 146 139 112 61 28 3 3 2 2 2 1 1 0 0 0 0 0 0 0 0
"53" 53 0.459821428571 218 161 48 37 10 9 7 5 2 2 1 0 0 0 0 0 0 0 0 0
"54" 54 0.534591194969 243 84 78 55 12 11 10 3 3 1 0 0 0 0 0 0 0 0 0 0
"55" 55 0.384615384615 500 0 0 0 0 0 0 0 0 0 0 0 0 0 0 0 0 0 0 0
"56" 56 0.290178571429 203 197 55 26 9 6 3 1 0 0 0 0 0 0 0 0 0 0 0 0
"57" 57 0.089552238806 208 128 73 31 18 18 13 9 2 0 0 0 0 0 0 0 0 0 0 0
"58" 58 0.255230125523 264 163 36 15 13 3 3 2 1 0 0 0 0 0 0 0 0 0 0 0
"59" 59 0.333333333333 172 141 95 55 16 12 3 3 1 1 1 0 0 0 0 0 0 0 0 0
"60" 60 0.0765550239234 304 99 37 35 18 2 2 2 1 0 0 0 0 0 0 0 0 0 0 0
"61" 61 0.251824817518 170 145 49 44 26 17 14 12 10 7 4 2 0 0 0 0 0 0 0 0
"62" 62 0.0769230769231 478 20 2 0 0 0 0 0 0 0 0 0 0 0 0 0 0 0 0 0
"63" 63 0.293103448276 153 139 47 26 25 25 19 19 15 15 5 4 3 2 1 1 1 0 0 0
"64" 64 0.0 483 6 5 5 1 0 0 0 0 0 0 0 0 0 0 0 0 0 0 0
"65" 65 0.0102564102564 176 140 91 53 23 15 1 1 0 0 0 0 0 0 0 0 0 0 0 0
"66" 66 0.0 227 81 68 45 25 18 13 10 10 1 1 1 0 0 0 0 0 0 0 0
"67" 67 0.0114942528736 152 135 75 53 35 27 9 8 3 1 1 1 0 0 0 0 0 0 0 0
"68" 68 0.0659898477157 153 151 96 63 9 8 8 4 3 2 1 1 1 0 0 0 0 0 0 0
"69" 69 0.622009569378 293 78 59 47 7 5 4 4 1 1 1 0 0 0 0 0 0 0 0 0
"70" 70 0.720930232558 370 76 24 15 6 4 4 1 0 0 0 0 0 0 0 0 0 0 0 0
"71" 71 0.150259067358 472 13 8 3 2 1 1 0 0 0 0 0 0 0 0 0 0 0 0 0
"72" 72 0.616915422886 178 141 67 65 28 13 5 3 0 0 0 0 0 0 0 0 0 0 0 0
"73" 73 0.517948717949 192 90 71 41 34 28 13 9 9 9 4 0 0 0 0 0 0 0 0 0
"74" 74 0.0 189 119 104 52 13 11 8 2 1 1 0 0 0 0 0 0 0 0 0 0
"75" 75 0.169154228856 199 102 72 55 31 19 13 6 2 1 0 0 0 0 0 0 0 0 0 0
"76" 76 0.403973509934 155 146 67 63 45 9 7 5 3 0 0 0 0 0 0 0 0 0 0 0
"77" 77 0.149425287356 217 107 64 30 27 13 10 9 9 5 5 2 1 1 0 0 0 0 0 0
"78" 78 0.0 206 110 80 21 17 14 11 10 10 8 8 2 2 1 0 0 0 0 0 0
"79" 79 0.345291479821 202 130 65 36 30 8 7 7 7 5 1 1 1 0 0 0 0 0 0 0
"80" 80 0.41825095057 389 75 13 11 7 4 1 0 0 0 0 0 0 0 0 0 0 0 0 0
"81" 81 0.0 324 159 12 4 1 0 0 0 0 0 0 0 0 0 0 0 0 0 0 0
"82" 82 0.0 208 97 53 44 39 18 13 10 6 4 3 2 2 1 0 0 0 0 0 0
"83" 83 0.295336787565 124 113 83 51 48 24 20 13 6 6 6 4 1 1 0 0 0 0 0 0
"84" 84 0.373563218391 446 22 20 7 4 1 0 0 0 0 0 0 0 0 0 0 0 0 0 0
"85" 85 0.0995024875622 475 9 5 3 3 2 1 1 1 0 0 0 0 0 0 0 0 0 0 0
"86" 86 0.513392857143 302 81 37 28 20 15 8 5 3 1 0 0 0 0 0 0 0 0 0 0
"87" 87 0.0 290 179 28 3 0 0 0 0 0 0 0 0 0 0 0 0 0 0 0 0
"88" 88 0.379464285714 217 211 32 17 10 7 3 2 1 0 0 0 0 0 0 0 0 0 0 0
"89" 89 0.200956937799 440 32 12 12 2 1 1 0 0 0 0 0 0 0 0 0 0 0 0 0
"90" 90 0.0 208 133 47 38 27 21 18 3 3 2 0 0 0 0 0 0 0 0 0 0
"91" 91 0.0355329949239 333 66 57 19 10 10 3 1 1 0 0 0 0 0 0 0 0 0 0 0
"92" 92 0.00507614213198 268 192 11 8 8 5 4 2 1 1 0 0 0 0 0 0 0 0 0 0
"93" 93 0.0253164556962 358 51 46 23 21 1 0 0 0 0 0 0 0 0 0 0 0 0 0 0
"94" 94 0.0 270 93 80 34 19 3 1 0 0 0 0 0 0 0 0 0 0 0 0 0
"95" 95 0.0478468899522 363 95 21 10 4 3 2 1 1 0 0 0 0 0 0 0 0 0 0 0
"96" 96 0.106463878327 259 96 65 33 19 9 5 4 3 2 2 1 1 1 0 0 0 0 0 0
"97" 97 0.557692307692 500 0 0 0 0 0 0 0 0 0 0 0 0 0 0 0 0 0 0 0
"98" 98 0.0189873417722 470 16 8 6 0 0 0 0 0 0 0 0 0 0 0 0 0 0 0 0
"99" 99 0.384615384615 150 130 112 62 20 19 5 1 1 0 0 0 0 0 0 0 0 0 0 0
"100" 100 0.0576923076923 213 162 43 38 27 14 2 1 0 0 0 0 0 0 0 0 0 0 0 0
"101" 101 0.0287356321839 311 104 46 17 16 2 1 1 1 1 0 0 0 0 0 0 0 0 0 0
"102" 102 0.363228699552 251 85 58 35 18 10 10 7 7 7 4 3 3 2 0 0 0 0 0 0
"103" 103 0.100775193798 113 98 96 94 21 21 14 14 13 6 5 4 1 0 0 0 0 0 0 0
"104" 104 0.0697674418605 493 7 0 0 0 0 0 0 0 0 0 0 0 0 0 0 0 0 0 0
"105" 105 0.229885057471 199 92 52 32 31 28 26 14 11 4 3 2 2 1 1 1 1 0 0 0
"106" 106 0.486607142857 126 110 76 46 38 31 30 19 14 5 3 2 0 0 0 0 0 0 0 0
"107" 107 0.476923076923 235 70 62 62 33 17 11 4 2 1 1 1 1 0 0 0 0 0 0 0
"108" 108 0.283018867925 123 90 77 69 68 25 18 10 9 8 1 1 1 0 0 0 0 0 0 0
"109" 109 0.857142857143 495 3 2 0 0 0 0 0 0 0 0 0 0 0 0 0 0 0 0 0
"110" 110 0.477611940299 92 88 69 60 38 34 33 30 20 13 8 5 5 3 2 0 0 0 0 0
"111" 111 0.442307692308 500 0 0 0 0 0 0 0 0 0 0 0 0 0 0 0 0 0 0 0
"112" 112 0.756218905473 389 56 28 15 7 3 2 0 0 0 0 0 0 0 0 0 0 0 0 0
"113" 113 0.269035532995 203 84 63 32 29 28 25 16 10 4 3 1 1 1 0 0 0 0 0 0
"114" 114 0.148717948718 311 165 12 7 2 2 1 0 0 0 0 0 0 0 0 0 0 0 0 0
"115" 115 0.523076923077 224 159 61 20 17 9 7 2 1 0 0 0 0 0 0 0 0 0 0 0
"116" 116 0.234042553191 258 124 57 33 12 8 2 2 2 1 1 0 0 0 0 0 0 0 0 0
"117" 117 0.0199004975124 152 134 90 78 13 9 8 5 5 3 2 1 0 0 0 0 0 0 0 0
"118" 118 0.393034825871 235 55 51 41 31 25 23 19 11 4 4 1 0 0 0 0 0 0 0 0
"119" 119 0.358851674641 163 106 57 45 32 24 21 14 13 13 7 2 2 1 0 0 0 0 0 0
"120" 120 0.0 343 90 19 19 11 9 4 2 1 1 1 0 0 0 0 0 0 0 0 0
"121" 121 0.375912408759 172 109 90 58 32 18 6 5 4 2 2 1 1 0 0 0 0 0 0 0
"122" 122 0.528497409326 171 69 60 46 38 38 36 18 10 7 5 2 0 0 0 0 0 0 0 0
"123" 123 0.0609137055838 250 203 27 10 6 2 1 1 0 0 0 0 0 0 0 0 0 0 0 0
"124" 124 0.205673758865 210 178 72 12 8 8 3 3 3 2 1 0 0 0 0 0 0 0 0 0
"125" 125 0.456066945607 346 70 32 28 10 8 4 1 1 0 0 0 0 0 0 0 0 0 0 0
"126" 126 0.497890295359 345 75 51 14 10 4 1 0 0 0 0 0 0 0 0 0 0 0 0 0
"127" 127 0.0622009569378 288 190 20 1 1 0 0 0 0 0 0 0 0 0 0 0 0 0 0 0
"128" 128 0.423841059603 224 94 48 41 32 22 19 16 3 1 0 0 0 0 0 0 0 0 0 0
"129" 129 0.615894039735 391 65 19 11 7 4 3 0 0 0 0 0 0 0 0 0 0 0 0 0
"130" 130 0.0398009950249 268 119 37 21 16 10 8 7 5 4 3 2 0 0 0 0 0 0 0 0
"131" 131 0.0199004975124 487 10 1 1 1 0 0 0 0 0 0 0 0 0 0 0 0 0 0 0
"132" 132 0.413461538462 179 135 59 48 28 25 10 10 4 2 0 0 0 0 0 0 0 0 0 0
"133" 133 0.59375 301 61 61 28 17 14 6 4 3 3 2 0 0 0 0 0 0 0 0 0
"134" 134 0.178899082569 270 136 52 26 13 2 1 0 0 0 0 0 0 0 0 0 0 0 0 0
"135" 135 0.433962264151 169 132 80 28 26 22 22 12 7 2 0 0 0 0 0 0 0 0 0 0
"136" 136 0.614349775785 334 119 20 19 6 2 0 0 0 0 0 0 0 0 0 0 0 0 0 0
"137" 137 0.607142857143 265 130 37 35 14 12 5 2 0 0 0 0 0 0 0 0 0 0 0 0
"138" 138 0.430656934307 124 117 110 79 23 23 18 5 1 0 0 0 0 0 0 0 0 0 0 0
"139" 139 0.20802919708 319 145 13 8 7 4 3 1 0 0 0 0 0 0 0 0 0 0 0 0
"140" 140 0.228855721393 184 83 82 31 25 21 17 16 11 7 7 6 5 5 0 0 0 0 0 0
"141" 141 0.212435233161 331 58 41 35 13 7 4 3 3 2 2 1 0 0 0 0 0 0 0 0
"142" 142 0.0988372093023 265 71 63 24 20 17 15 13 4 3 3 1 1 0 0 0 0 0 0 0
"143" 143 0.0 293 161 35 8 1 1 1 0 0 0 0 0 0 0 0 0 0 0 0 0
"144" 144 0.0253164556962 196 108 83 57 27 24 3 1 1 0 0 0 0 0 0 0 0 0 0 0
"145" 145 0.0892857142857 118 115 106 43 35 33 26 14 5 2 2 1 0 0 0 0 0 0 0 0
"146" 146 0.0 419 40 33 7 1 0 0 0 0 0 0 0 0 0 0 0 0 0 0 0
"147" 147 0.00512820512821 197 110 64 47 29 24 20 4 3 2 0 0 0 0 0 0 0 0 0 0
"148" 148 0.0 428 45 21 4 2 0 0 0 0 0 0 0 0 0 0 0 0 0 0 0
"149" 149 0.0137614678899 237 113 55 41 25 11 8 4 2 1 1 1 1 0 0 0 0 0 0 0
"150" 150 0.0535714285714 196 184 41 26 18 13 6 5 3 3 2 2 1 0 0 0 0 0 0 0
"151" 151 0.0179372197309 351 84 47 12 3 3 0 0 0 0 0 0 0 0 0 0 0 0 0 0
"152" 152 0.0172413793103 362 55 42 16 14 9 2 0 0 0 0 0 0 0 0 0 0 0 0 0
"153" 153 0.19391634981 237 185 55 10 5 3 2 1 1 1 0 0 0 0 0 0 0 0 0 0
"154" 154 0.133333333333 168 133 45 34 32 29 29 16 6 4 1 1 1 1 0 0 0 0 0 0
"155" 155 0.0 162 147 112 34 16 14 11 3 1 0 0 0 0 0 0 0 0 0 0 0
"156" 156 0.0 267 96 80 54 2 1 0 0 0 0 0 0 0 0 0 0 0 0 0 0
"157" 157 0.334928229665 177 137 102 33 15 13 8 8 7 0 0 0 0 0 0 0 0 0 0 0
"158" 158 0.105960264901 284 115 49 21 21 6 3 1 0 0 0 0 0 0 0 0 0 0 0 0
"159" 159 0.686046511628 253 72 61 53 28 13 11 3 3 2 1 0 0 0 0 0 0 0 0 0
"160" 160 0.0964467005076 251 83 49 28 28 21 19 11 6 1 1 1 1 0 0 0 0 0 0 0
"161" 161 0.0 217 104 71 53 27 13 5 4 2 2 2 0 0 0 0 0 0 0 0 0
"162" 162 0.233183856502 204 165 42 31 24 21 11 2 0 0 0 0 0 0 0 0 0 0 0 0
"163" 163 0.350993377483 194 118 109 39 14 10 6 3 3 3 1 0 0 0 0 0 0 0 0 0
"164" 164 0.0 222 174 42 39 7 5 4 3 2 1 1 0 0 0 0 0 0 0 0 0
"165" 165 0.0567375886525 491 6 2 1 0 0 0 0 0 0 0 0 0 0 0 0 0 0 0 0
"166" 166 0.662447257384 237 108 83 39 25 5 1 1 1 0 0 0 0 0 0 0 0 0 0 0
"167" 167 0.463503649635 135 125 91 35 29 28 20 17 7 6 5 2 0 0 0 0 0 0 0 0
"168" 168 0.423076923077 500 0 0 0 0 0 0 0 0 0 0 0 0 0 0 0 0 0 0 0
"169" 169 0.170403587444 197 168 50 28 18 14 9 9 2 1 1 1 1 1 0 0 0 0 0 0
"170" 170 0.725738396624 487 5 2 2 2 1 1 0 0 0 0 0 0 0 0 0 0 0 0 0
"171" 171 0.0114942528736 411 42 19 14 6 3 3 1 1 0 0 0 0 0 0 0 0 0 0 0
"172" 172 0.151162790698 297 126 17 17 13 8 7 5 4 2 2 2 0 0 0 0 0 0 0 0
"173" 173 0.0 162 131 122 29 28 22 3 2 1 0 0 0 0 0 0 0 0 0 0 0
"174" 174 0.124401913876 186 135 75 71 29 2 1 1 0 0 0 0 0 0 0 0 0 0 0 0
"175" 175 0.0 443 57 0 0 0 0 0 0 0 0 0 0 0 0 0 0 0 0 0 0
"176" 176 0.184397163121 233 107 91 40 11 10 5 2 1 0 0 0 0 0 0 0 0 0 0 0
"177" 177 0.0 200 158 62 50 15 5 4 2 2 2 0 0 0 0 0 0 0 0 0 0
"178" 178 0.0380228136882 250 248 2 0 0 0 0 0 0 0 0 0 0 0 0 0 0 0 0 0
"179" 179 0.125 110 109 101 72 55 27 10 6 4 2 2 2 0 0 0 0 0 0 0 0
"180" 180 0.38578680203 332 89 24 22 12 6 6 4 1 1 1 1 1 0 0 0 0 0 0 0
"181" 181 0.870813397129 189 155 70 25 16 13 13 12 4 3 0 0 0 0 0 0 0 0 0 0
"182" 182 0.59585492228 208 158 56 43 16 7 4 3 3 2 0 0 0 0 0 0 0 0 0 0
"183" 183 0.25 177 122 84 58 26 18 12 2 1 0 0 0 0 0 0 0 0 0 0 0
"184" 184 0.597014925373 137 94 83 81 71 13 10 7 2 1 1 0 0 0 0 0 0 0 0 0
"185" 185 0.238805970149 403 28 19 15 10 7 6 5 4 1 1 1 0 0 0 0 0 0 0 0
"186" 186 0.441605839416 377 66 25 18 13 1 0 0 0 0 0 0 0 0 0 0 0 0 0 0
"187" 187 0.430051813472 312 126 45 7 5 2 1 1 1 0 0 0 0 0 0 0 0 0 0 0
"188" 188 0.109452736318 215 110 92 42 28 7 3 3 0 0 0 0 0 0 0 0 0 0 0 0
"189" 189 0.414507772021 284 73 49 40 23 20 5 4 2 0 0 0 0 0 0 0 0 0 0 0
"190" 190 0.0229885057471 199 149 49 41 38 22 2 0 0 0 0 0 0 0 0 0 0 0 0 0
"191" 191 0.197674418605 325 92 35 23 9 6 3 3 3 1 0 0 0 0 0 0 0 0 0 0
"192" 192 0.0 196 187 115 2 0 0 0 0 0 0 0 0 0 0 0 0 0 0 0 0
"193" 193 0.43023255814 368 67 30 14 13 5 1 1 1 0 0 0 0 0 0 0 0 0 0 0
"194" 194 0.266666666667 254 143 80 22 1 0 0 0 0 0 0 0 0 0 0 0 0 0 0 0
"195" 195 0.321167883212 123 100 96 69 24 20 18 17 16 12 3 2 0 0 0 0 0 0 0 0
"196" 196 0.486607142857 175 162 99 55 5 4 0 0 0 0 0 0 0 0 0 0 0 0 0 0
"197" 197 0.191860465116 361 112 14 6 4 1 1 1 0 0 0 0 0 0 0 0 0 0 0 0
"198" 198 0.0199004975124 334 84 80 2 0 0 0 0 0 0 0 0 0 0 0 0 0 0 0 0
"199" 199 0.25 195 160 54 46 23 7 5 4 3 2 1 0 0 0 0 0 0 0 0 0
"200" 200 0.367713004484 229 128 87 32 8 5 5 5 1 0 0 0 0 0 0 0 0 0 0 0
"201" 201 0.175182481752 205 110 76 64 18 10 9 7 1 0 0 0 0 0 0 0 0 0 0 0
"202" 202 0.102661596958 313 111 53 9 5 4 4 1 0 0 0 0 0 0 0 0 0 0 0 0
"203" 203 0.521897810219 135 115 103 52 20 19 17 16 13 10 0 0 0 0 0 0 0 0 0 0
"204" 204 0.354066985646 205 106 98 62 9 8 7 5 0 0 0 0 0 0 0 0 0 0 0 0
"205" 205 0.0769230769231 294 115 66 21 3 1 0 0 0 0 0 0 0 0 0 0 0 0 0 0
"206" 206 0.0761421319797 192 106 95 45 24 10 7 6 5 5 2 2 1 0 0 0 0 0 0 0
"207" 207 0.311258278146 190 121 108 28 28 14 6 3 1 1 0 0 0 0 0 0 0 0 0 0
"208" 208 0.394871794872 117 115 105 31 28 26 26 24 14 11 2 1 0 0 0 0 0 0 0 0
"209" 209 0.149253731343 216 93 68 57 27 15 13 5 2 1 1 1 1 0 0 0 0 0 0 0
"210" 210 0.493670886076 432 26 23 10 4 2 1 1 1 0 0 0 0 0 0 0 0 0 0 0
"211" 211 0.716417910448 215 189 66 17 6 4 3 0 0 0 0 0 0 0 0 0 0 0 0 0
"212" 212 0.835443037975 178 152 81 58 15 12 4 0 0 0 0 0 0 0 0 0 0 0 0 0
