"site" "RSA" "aa1" "aa2" "aa3" "aa4" "aa5" "aa6" "aa7" "aa8" "aa9" "aa10" "aa11" "aa12" "aa13" "aa14" "aa15" "aa16" "aa17" "aa18" "aa19" "aa20"
"0" 0 1.17054263566 441 31 17 9 2 0 0 0 0 0 0 0 0 0 0 0 0 0 0 0
"1" 1 0.273722627737 150 125 86 55 41 17 9 9 5 3 0 0 0 0 0 0 0 0 0 0
"2" 2 0.395348837209 310 73 34 30 22 11 5 3 3 3 2 2 1 1 0 0 0 0 0 0
"3" 3 0.0794979079498 155 116 76 66 39 11 10 7 7 7 3 2 1 0 0 0 0 0 0 0
"4" 4 0.0 252 84 82 52 12 10 4 3 1 0 0 0 0 0 0 0 0 0 0 0
"5" 5 0.0 421 42 18 15 3 1 0 0 0 0 0 0 0 0 0 0 0 0 0 0
"6" 6 0.0 256 99 59 37 33 6 4 2 2 2 0 0 0 0 0 0 0 0 0 0
"7" 7 0.0 259 171 43 10 5 4 3 2 1 1 1 0 0 0 0 0 0 0 0 0
"8" 8 0.0205128205128 321 154 10 10 2 2 1 0 0 0 0 0 0 0 0 0 0 0 0 0
"9" 9 0.00418410041841 339 96 28 16 9 6 3 1 1 1 0 0 0 0 0 0 0 0 0 0
"10" 10 0.253164556962 496 4 0 0 0 0 0 0 0 0 0 0 0 0 0 0 0 0 0 0
"11" 11 0.805970149254 309 62 42 26 22 21 11 6 1 0 0 0 0 0 0 0 0 0 0 0
"12" 12 0.389743589744 206 127 56 45 28 15 9 6 3 3 2 0 0 0 0 0 0 0 0 0
"13" 13 0.317307692308 500 0 0 0 0 0 0 0 0 0 0 0 0 0 0 0 0 0 0 0
"14" 14 0.264900662252 469 24 4 2 1 0 0 0 0 0 0 0 0 0 0 0 0 0 0 0
"15" 15 0.540084388186 237 122 48 30 17 14 12 7 6 5 1 1 0 0 0 0 0 0 0 0
"16" 16 0.708520179372 182 113 92 47 44 9 5 4 2 1 1 0 0 0 0 0 0 0 0 0
"17" 17 0.218543046358 288 78 36 36 23 21 6 5 4 3 0 0 0 0 0 0 0 0 0 0
"18" 18 0.0 213 200 31 15 14 14 5 5 2 1 0 0 0 0 0 0 0 0 0 0
"19" 19 0.379746835443 157 79 78 73 51 31 25 5 1 0 0 0 0 0 0 0 0 0 0 0
"20" 20 0.491071428571 247 73 72 40 38 13 5 4 3 2 1 1 1 0 0 0 0 0 0 0
"21" 21 0.0304568527919 214 94 59 56 50 10 8 3 2 1 1 1 1 0 0 0 0 0 0 0
"22" 22 0.0 224 90 54 25 23 23 20 13 10 9 5 2 2 0 0 0 0 0 0 0
"23" 23 0.285714285714 187 50 45 44 44 33 29 27 14 11 8 5 2 1 0 0 0 0 0 0
"24" 24 0.222627737226 372 27 20 16 15 15 14 5 4 4 4 2 1 1 0 0 0 0 0 0
"25" 25 0.0149253731343 289 52 52 51 42 9 3 1 1 0 0 0 0 0 0 0 0 0 0 0
"26" 26 0.138461538462 500 0 0 0 0 0 0 0 0 0 0 0 0 0 0 0 0 0 0 0
"27" 27 0.645348837209 107 79 67 66 59 38 31 25 7 6 6 6 3 0 0 0 0 0 0 0
"28" 28 0.124031007752 252 170 25 12 10 9 9 3 3 3 2 1 1 0 0 0 0 0 0 0
"29" 29 0.682119205298 487 4 3 2 2 2 0 0 0 0 0 0 0 0 0 0 0 0 0 0
"30" 30 0.0862944162437 156 93 82 46 30 26 18 17 10 7 6 3 3 2 1 0 0 0 0 0
"31" 31 0.125786163522 133 130 99 56 51 14 7 6 2 1 1 0 0 0 0 0 0 0 0 0
"32" 32 0.65625 211 69 54 36 31 30 26 12 7 6 6 5 4 2 1 0 0 0 0 0
"33" 33 0.553846153846 397 42 27 9 9 6 6 2 1 1 0 0 0 0 0 0 0 0 0 0
"34" 34 0.0459770114943 210 129 58 26 25 12 11 8 8 7 4 1 1 0 0 0 0 0 0 0
"35" 35 0.241071428571 199 130 52 33 33 26 9 5 5 3 2 2 1 0 0 0 0 0 0 0
"36" 36 0.0 289 74 73 19 14 11 6 4 3 3 1 1 1 1 0 0 0 0 0 0
"37" 37 0.0 292 80 40 32 26 12 10 8 0 0 0 0 0 0 0 0 0 0 0 0
"38" 38 0.0 193 115 89 30 25 25 10 6 4 1 1 1 0 0 0 0 0 0 0 0
"39" 39 0.0 348 82 34 21 10 4 1 0 0 0 0 0 0 0 0 0 0 0 0 0
"40" 40 0.0 410 43 21 17 5 3 1 0 0 0 0 0 0 0 0 0 0 0 0 0
"41" 41 0.106918238994 188 158 60 50 27 14 2 1 0 0 0 0 0 0 0 0 0 0 0 0
"42" 42 0.356589147287 199 125 45 41 29 27 10 4 4 3 3 3 3 2 2 0 0 0 0 0
"43" 43 0.697674418605 115 105 101 78 71 14 12 2 2 0 0 0 0 0 0 0 0 0 0 0
"44" 44 0.186311787072 288 189 18 4 1 0 0 0 0 0 0 0 0 0 0 0 0 0 0 0
"45" 45 0.0547263681592 256 129 70 28 8 6 3 0 0 0 0 0 0 0 0 0 0 0 0 0
"46" 46 0.528497409326 197 142 127 17 11 4 1 1 0 0 0 0 0 0 0 0 0 0 0 0
"47" 47 0.216730038023 428 26 12 7 6 5 5 4 3 2 1 1 0 0 0 0 0 0 0 0
"48" 48 0.0 293 116 31 30 18 6 5 1 0 0 0 0 0 0 0 0 0 0 0 0
"49" 49 0.247126436782 157 143 127 40 26 3 1 1 1 1 0 0 0 0 0 0 0 0 0 0
"50" 50 0.53642384106 155 114 111 37 32 27 13 8 2 1 0 0 0 0 0 0 0 0 0 0
"51" 51 0.0796019900498 327 53 41 25 19 18 9 4 3 1 0 0 0 0 0 0 0 0 0 0
"52" 52 0.155172413793 282 78 42 20 16 14 12 12 12 4 4 3 1 0 0 0 0 0 0 0
"53" 53 0.53164556962 294 100 53 20 16 7 4 3 2 1 0 0 0 0 0 0 0 0 0 0
"54" 54 0.189873417722 181 150 55 39 30 8 7 7 6 6 3 3 2 1 1 1 0 0 0 0
"55" 55 0.77358490566 250 101 81 30 21 11 3 2 1 0 0 0 0 0 0 0 0 0 0 0
"56" 56 0.152466367713 192 88 86 35 25 17 17 15 10 4 3 3 2 1 1 1 0 0 0 0
"57" 57 0.0632183908046 146 79 73 67 43 32 26 15 7 3 3 2 2 1 1 0 0 0 0 0
"58" 58 0.186046511628 230 98 80 39 20 19 10 2 1 1 0 0 0 0 0 0 0 0 0 0
"59" 59 0.0287356321839 333 85 31 23 19 3 3 1 1 1 0 0 0 0 0 0 0 0 0 0
"60" 60 0.0 500 0 0 0 0 0 0 0 0 0 0 0 0 0 0 0 0 0 0 0
"61" 61 0.015503875969 447 16 14 12 6 3 2 0 0 0 0 0 0 0 0 0 0 0 0 0
"62" 62 0.206278026906 150 116 85 42 34 32 24 12 5 0 0 0 0 0 0 0 0 0 0 0
"63" 63 0.0666666666667 177 127 87 35 24 19 11 10 3 3 2 1 1 0 0 0 0 0 0 0
"64" 64 0.015503875969 356 67 36 21 15 3 2 0 0 0 0 0 0 0 0 0 0 0 0 0
"65" 65 0.197718631179 240 92 35 27 19 18 17 16 9 8 8 7 2 1 1 0 0 0 0 0
"66" 66 0.134328358209 233 79 61 37 35 24 11 5 5 4 2 1 1 1 1 0 0 0 0 0
"67" 67 0.459915611814 220 87 39 37 36 32 31 7 4 3 2 1 1 0 0 0 0 0 0 0
"68" 68 0.147286821705 120 78 56 48 47 47 32 30 19 18 2 1 1 1 0 0 0 0 0 0
"69" 69 0.596026490066 230 98 64 58 14 11 9 8 3 2 1 1 1 0 0 0 0 0 0 0
"70" 70 0.605769230769 500 0 0 0 0 0 0 0 0 0 0 0 0 0 0 0 0 0 0 0
"71" 71 0.736434108527 263 232 3 2 0 0 0 0 0 0 0 0 0 0 0 0 0 0 0 0
"72" 72 0.322175732218 336 128 13 11 11 1 0 0 0 0 0 0 0 0 0 0 0 0 0 0
"73" 73 0.895348837209 332 141 10 10 4 2 1 0 0 0 0 0 0 0 0 0 0 0 0 0
"74" 74 0.673076923077 495 5 0 0 0 0 0 0 0 0 0 0 0 0 0 0 0 0 0 0
"75" 75 0.330357142857 160 120 51 45 38 19 18 10 9 7 6 5 5 4 1 1 1 0 0 0
"76" 76 0.297435897436 144 78 61 48 42 35 27 20 12 10 9 9 4 1 0 0 0 0 0 0
"77" 77 0.0529801324503 169 113 54 47 37 28 26 8 7 3 3 2 2 1 0 0 0 0 0 0
"78" 78 0.0 176 75 57 56 43 27 27 11 8 7 3 2 2 2 2 1 1 0 0 0
"79" 79 0.331606217617 137 84 55 41 39 30 29 22 14 13 13 11 9 2 1 0 0 0 0 0
"80" 80 0.511210762332 169 79 68 48 36 34 29 12 9 5 4 3 3 1 0 0 0 0 0 0
"81" 81 0.0152284263959 105 77 69 62 54 44 31 23 19 7 6 1 1 1 0 0 0 0 0 0
"82" 82 0.405063291139 183 73 70 47 45 27 24 15 7 4 2 1 1 1 0 0 0 0 0 0
"83" 83 0.689119170984 255 87 85 35 13 8 8 4 3 2 0 0 0 0 0 0 0 0 0 0
"84" 84 0.195402298851 163 142 46 30 27 24 22 18 17 8 3 0 0 0 0 0 0 0 0 0
"85" 85 0.211538461538 500 0 0 0 0 0 0 0 0 0 0 0 0 0 0 0 0 0 0 0
"86" 86 0.0077519379845 406 69 13 8 3 1 0 0 0 0 0 0 0 0 0 0 0 0 0 0
"87" 87 0.455696202532 204 93 79 56 33 30 2 2 1 0 0 0 0 0 0 0 0 0 0 0
"88" 88 0.0780141843972 150 103 95 90 42 11 4 2 2 1 0 0 0 0 0 0 0 0 0 0
"89" 89 0.00574712643678 210 169 63 39 10 5 2 1 1 0 0 0 0 0 0 0 0 0 0 0
"90" 90 0.010152284264 166 127 102 44 20 19 12 5 2 1 1 1 0 0 0 0 0 0 0 0
"91" 91 0.00995024875622 178 126 94 47 18 11 10 10 2 2 1 1 0 0 0 0 0 0 0 0
"92" 92 0.0 498 1 1 0 0 0 0 0 0 0 0 0 0 0 0 0 0 0 0 0
"93" 93 0.0526315789474 495 4 1 0 0 0 0 0 0 0 0 0 0 0 0 0 0 0 0 0
"94" 94 0.158940397351 322 42 42 20 17 15 10 9 9 5 3 2 2 2 0 0 0 0 0 0
"95" 95 0.303571428571 163 123 90 52 32 23 14 1 1 1 0 0 0 0 0 0 0 0 0 0
"96" 96 0.21897810219 313 65 39 32 24 9 7 5 4 1 1 0 0 0 0 0 0 0 0 0
"97" 97 0.14598540146 386 47 17 15 15 5 4 3 3 2 2 1 0 0 0 0 0 0 0 0
"98" 98 0.470198675497 157 84 83 63 56 16 11 11 8 5 4 2 0 0 0 0 0 0 0 0
"99" 99 0.642585551331 146 120 78 72 56 9 8 7 2 1 1 0 0 0 0 0 0 0 0 0
"100" 100 0.485355648536 101 91 91 80 57 35 14 14 14 2 1 0 0 0 0 0 0 0 0 0
"101" 101 0.736842105263 324 154 10 9 2 1 0 0 0 0 0 0 0 0 0 0 0 0 0 0
"102" 102 0.0625 168 91 71 58 18 18 16 15 10 10 8 8 6 1 1 1 0 0 0 0
"103" 103 0.476683937824 359 77 49 5 3 3 2 1 1 0 0 0 0 0 0 0 0 0 0 0
"104" 104 0.165803108808 217 182 22 20 16 11 10 8 6 2 2 2 1 1 0 0 0 0 0 0
"105" 105 0.409282700422 241 103 44 37 27 20 14 7 3 2 2 0 0 0 0 0 0 0 0 0
"106" 106 0.217573221757 315 42 38 37 32 17 13 2 1 1 1 1 0 0 0 0 0 0 0 0
"107" 107 0.00507614213198 148 82 80 47 43 39 26 14 7 5 4 4 1 0 0 0 0 0 0 0
"108" 108 0.0 454 45 1 0 0 0 0 0 0 0 0 0 0 0 0 0 0 0 0 0
"109" 109 0.243523316062 195 125 107 41 10 8 5 4 2 2 1 0 0 0 0 0 0 0 0 0
"110" 110 0.0126582278481 224 77 60 47 33 21 9 8 7 6 4 2 1 1 0 0 0 0 0 0
"111" 111 0.0 323 84 43 21 12 5 4 4 2 1 1 0 0 0 0 0 0 0 0 0
"112" 112 0.476793248945 187 141 96 26 13 12 9 6 5 4 1 0 0 0 0 0 0 0 0 0
"113" 113 0.205020920502 196 138 53 49 17 11 8 6 5 5 4 3 3 1 1 0 0 0 0 0
"114" 114 0.0232558139535 108 88 68 54 53 50 42 23 6 6 1 1 0 0 0 0 0 0 0 0
"115" 115 0.203980099502 430 18 13 10 8 5 4 4 3 2 1 1 1 0 0 0 0 0 0 0
"116" 116 0.538461538462 183 124 103 41 21 9 6 5 3 2 2 1 0 0 0 0 0 0 0 0
"117" 117 0.255605381166 123 109 60 45 38 35 30 16 13 10 7 5 5 1 1 1 1 0 0 0
"118" 118 0.615384615385 500 0 0 0 0 0 0 0 0 0 0 0 0 0 0 0 0 0 0 0
"119" 119 0.0172413793103 295 84 57 20 11 11 8 6 5 1 1 1 0 0 0 0 0 0 0 0
"120" 120 0.0769230769231 109 82 63 48 44 35 31 22 21 17 12 11 4 1 0 0 0 0 0 0
"121" 121 0.0 441 36 9 7 7 0 0 0 0 0 0 0 0 0 0 0 0 0 0 0
"122" 122 0.0 176 113 74 66 58 5 5 3 0 0 0 0 0 0 0 0 0 0 0 0
"123" 123 0.00497512437811 234 136 80 19 10 8 8 4 1 0 0 0 0 0 0 0 0 0 0 0
"124" 124 0.0 223 111 92 58 8 3 3 1 1 0 0 0 0 0 0 0 0 0 0 0
"125" 125 0.010152284264 435 44 13 3 2 2 1 0 0 0 0 0 0 0 0 0 0 0 0 0
"126" 126 0.0961538461538 500 0 0 0 0 0 0 0 0 0 0 0 0 0 0 0 0 0 0 0
"127" 127 0.00446428571429 392 30 28 17 16 9 6 1 1 0 0 0 0 0 0 0 0 0 0 0
"128" 128 0.209302325581 363 62 40 17 8 6 2 1 1 0 0 0 0 0 0 0 0 0 0 0
"129" 129 0.18407960199 331 82 26 19 18 14 7 2 1 0 0 0 0 0 0 0 0 0 0 0
"130" 130 0.571428571429 223 146 31 27 25 21 10 7 4 4 1 1 0 0 0 0 0 0 0 0
"131" 131 0.285714285714 277 71 57 38 30 7 6 5 4 2 2 1 0 0 0 0 0 0 0 0
"132" 132 0.26582278481 170 154 74 58 16 11 10 4 3 0 0 0 0 0 0 0 0 0 0 0
"133" 133 0.679324894515 329 80 29 26 23 6 3 2 1 1 0 0 0 0 0 0 0 0 0 0
"134" 134 0.511627906977 176 136 84 27 19 18 13 11 9 3 2 2 0 0 0 0 0 0 0 0
"135" 135 0.5 280 220 0 0 0 0 0 0 0 0 0 0 0 0 0 0 0 0 0 0
"136" 136 0.438818565401 208 152 78 25 17 11 3 2 2 1 1 0 0 0 0 0 0 0 0 0
"137" 137 0.145348837209 232 81 69 23 21 14 13 12 9 8 5 5 5 2 1 0 0 0 0 0
"138" 138 0.353233830846 165 85 58 51 37 34 31 20 10 3 2 2 1 1 0 0 0 0 0 0
"139" 139 0.440414507772 122 97 75 74 54 51 8 7 4 4 2 1 1 0 0 0 0 0 0 0
"140" 140 0.0344827586207 231 80 64 39 25 24 11 5 5 4 3 3 2 2 1 1 0 0 0 0
"141" 141 0.0229885057471 221 79 67 50 41 11 9 7 7 4 3 1 0 0 0 0 0 0 0 0
"142" 142 0.348214285714 344 72 47 18 11 3 3 2 0 0 0 0 0 0 0 0 0 0 0 0
"143" 143 0.408759124088 202 97 70 63 38 19 6 2 2 1 0 0 0 0 0 0 0 0 0 0
"144" 144 0.0403587443946 242 209 16 10 7 6 4 3 1 1 1 0 0 0 0 0 0 0 0 0
"145" 145 0.0 452 31 4 4 3 3 1 1 1 0 0 0 0 0 0 0 0 0 0 0
"146" 146 0.205128205128 196 90 61 45 45 31 19 6 5 1 1 0 0 0 0 0 0 0 0 0
"147" 147 0.15503875969 234 110 75 35 14 11 7 6 5 2 1 0 0 0 0 0 0 0 0 0
"148" 148 0.0172413793103 340 62 35 28 9 8 7 4 3 3 1 0 0 0 0 0 0 0 0 0
"149" 149 0.119402985075 325 82 26 26 16 14 5 3 2 1 0 0 0 0 0 0 0 0 0 0
"150" 150 0.602678571429 163 99 91 73 28 11 10 7 6 5 4 2 1 0 0 0 0 0 0 0
"151" 151 0.321428571429 181 84 76 65 36 22 17 13 3 1 1 1 0 0 0 0 0 0 0 0
"152" 152 0.0574712643678 444 42 6 4 2 1 1 0 0 0 0 0 0 0 0 0 0 0 0 0
"153" 153 0.831223628692 273 147 38 15 14 8 3 1 1 0 0 0 0 0 0 0 0 0 0 0
"154" 154 0.538860103627 279 63 56 41 23 21 7 5 4 1 0 0 0 0 0 0 0 0 0 0
"155" 155 0.0425531914894 347 76 59 14 4 0 0 0 0 0 0 0 0 0 0 0 0 0 0 0
"156" 156 0.575581395349 114 68 68 55 39 37 29 25 20 17 16 10 2 0 0 0 0 0 0 0
"157" 157 0.523076923077 112 107 95 76 43 17 14 14 11 8 1 1 1 0 0 0 0 0 0 0
"158" 158 0.0172413793103 381 37 34 22 10 5 5 5 1 0 0 0 0 0 0 0 0 0 0 0
"159" 159 0.0 223 157 103 9 5 1 1 1 0 0 0 0 0 0 0 0 0 0 0 0
"160" 160 0.0 221 211 42 12 8 3 2 1 0 0 0 0 0 0 0 0 0 0 0 0
"161" 161 0.0 299 197 4 0 0 0 0 0 0 0 0 0 0 0 0 0 0 0 0 0
"162" 162 0.00760456273764 420 68 5 5 1 1 0 0 0 0 0 0 0 0 0 0 0 0 0 0
"163" 163 0.0669642857143 457 24 9 6 3 1 0 0 0 0 0 0 0 0 0 0 0 0 0 0
"164" 164 0.0062893081761 431 40 23 3 2 1 0 0 0 0 0 0 0 0 0 0 0 0 0 0
"165" 165 0.241379310345 119 118 84 56 35 15 15 11 11 10 7 6 5 4 3 1 0 0 0 0
"166" 166 0.031914893617 423 47 22 6 1 1 0 0 0 0 0 0 0 0 0 0 0 0 0 0
"167" 167 0.131782945736 389 62 36 8 3 1 1 0 0 0 0 0 0 0 0 0 0 0 0 0
"168" 168 0.46192893401 178 97 86 57 14 14 13 12 8 8 5 4 2 2 0 0 0 0 0 0
"169" 169 0.865384615385 333 163 4 0 0 0 0 0 0 0 0 0 0 0 0 0 0 0 0 0
"170" 170 0.302325581395 408 40 26 9 6 4 3 2 1 1 0 0 0 0 0 0 0 0 0 0
"171" 171 0.75 500 0 0 0 0 0 0 0 0 0 0 0 0 0 0 0 0 0 0 0
"172" 172 0.442786069652 303 76 64 25 14 11 3 1 1 1 1 0 0 0 0 0 0 0 0 0
"173" 173 0.627906976744 349 44 38 27 17 12 5 3 2 1 1 1 0 0 0 0 0 0 0 0
"174" 174 0.193798449612 370 51 43 17 10 3 3 1 1 1 0 0 0 0 0 0 0 0 0 0
"175" 175 0.296511627907 362 130 7 1 0 0 0 0 0 0 0 0 0 0 0 0 0 0 0 0
"176" 176 0.100628930818 232 63 48 47 38 20 17 16 13 3 3 0 0 0 0 0 0 0 0 0
"177" 177 0.517857142857 426 46 27 1 0 0 0 0 0 0 0 0 0 0 0 0 0 0 0 0
"178" 178 0.243523316062 409 36 31 9 5 3 3 2 1 1 0 0 0 0 0 0 0 0 0 0
"179" 179 0.0077519379845 325 90 28 21 20 12 1 1 1 1 0 0 0 0 0 0 0 0 0 0
"180" 180 0.192825112108 306 62 59 34 29 6 3 1 0 0 0 0 0 0 0 0 0 0 0 0
"181" 181 0.502590673575 242 111 71 29 14 12 7 6 6 1 1 0 0 0 0 0 0 0 0 0
"182" 182 0.0659898477157 260 109 63 34 17 7 4 2 2 1 1 0 0 0 0 0 0 0 0 0
"183" 183 0.0 484 15 1 0 0 0 0 0 0 0 0 0 0 0 0 0 0 0 0 0
"184" 184 0.271317829457 300 138 30 14 9 3 2 2 1 1 0 0 0 0 0 0 0 0 0 0
"185" 185 0.291390728477 145 134 89 44 27 22 10 10 10 4 4 1 0 0 0 0 0 0 0 0
"186" 186 0.00507614213198 171 158 99 42 10 9 6 2 2 1 0 0 0 0 0 0 0 0 0 0
"187" 187 0.0693430656934 187 174 84 30 8 5 5 3 1 1 1 1 0 0 0 0 0 0 0 0
"188" 188 0.675105485232 212 93 67 55 41 13 9 4 3 2 1 0 0 0 0 0 0 0 0 0
"189" 189 0.117154811715 449 14 11 10 7 3 2 1 1 1 1 0 0 0 0 0 0 0 0 0
"190" 190 0.0 418 21 17 14 14 6 6 3 1 0 0 0 0 0 0 0 0 0 0 0
"191" 191 0.232558139535 478 12 7 2 1 0 0 0 0 0 0 0 0 0 0 0 0 0 0 0
"192" 192 0.549668874172 230 125 44 33 30 15 9 8 3 2 1 0 0 0 0 0 0 0 0 0
"193" 193 0.46835443038 234 154 75 16 7 5 3 2 2 1 1 0 0 0 0 0 0 0 0 0
"194" 194 0.208955223881 470 9 8 4 3 2 2 1 1 0 0 0 0 0 0 0 0 0 0 0
"195" 195 0.278846153846 500 0 0 0 0 0 0 0 0 0 0 0 0 0 0 0 0 0 0 0
"196" 196 0.60621761658 178 173 38 37 26 20 18 5 4 1 0 0 0 0 0 0 0 0 0 0
"197" 197 0.535864978903 136 81 74 64 51 34 34 13 10 3 0 0 0 0 0 0 0 0 0 0
"198" 198 0.31007751938 178 67 59 57 44 32 27 18 4 3 3 3 3 1 1 0 0 0 0 0
"199" 199 0.0077519379845 497 2 1 0 0 0 0 0 0 0 0 0 0 0 0 0 0 0 0 0
"200" 200 0.225165562914 292 59 48 36 22 15 13 4 4 4 3 0 0 0 0 0 0 0 0 0
"201" 201 0.540178571429 164 90 83 59 43 28 13 6 5 4 2 1 1 1 0 0 0 0 0 0
"202" 202 0.0398009950249 320 79 46 19 11 10 7 4 2 1 1 0 0 0 0 0 0 0 0 0
"203" 203 0.105839416058 345 130 9 7 5 2 1 1 0 0 0 0 0 0 0 0 0 0 0 0
"204" 204 0.0 244 193 30 22 7 2 1 1 0 0 0 0 0 0 0 0 0 0 0 0
"205" 205 0.0 475 21 2 1 1 0 0 0 0 0 0 0 0 0 0 0 0 0 0 0
"206" 206 0.0342205323194 346 77 40 14 8 6 4 2 1 1 1 0 0 0 0 0 0 0 0 0
"207" 207 0.125 403 61 26 8 1 1 0 0 0 0 0 0 0 0 0 0 0 0 0 0
"208" 208 0.0865384615385 276 110 102 5 4 3 0 0 0 0 0 0 0 0 0 0 0 0 0 0
"209" 209 0.549668874172 475 10 8 2 2 1 1 1 0 0 0 0 0 0 0 0 0 0 0 0
"210" 210 0.046511627907 195 149 71 23 21 18 17 2 1 1 1 1 0 0 0 0 0 0 0 0
"211" 211 0.241025641026 304 132 46 13 5 0 0 0 0 0 0 0 0 0 0 0 0 0 0 0
"212" 212 0.201923076923 389 46 27 14 12 8 4 0 0 0 0 0 0 0 0 0 0 0 0 0
"213" 213 0.708609271523 331 103 39 15 8 2 1 1 0 0 0 0 0 0 0 0 0 0 0 0
"214" 214 0.2 100 93 90 43 38 37 33 31 13 11 5 2 2 1 1 0 0 0 0 0
"215" 215 0.0077519379845 424 75 1 0 0 0 0 0 0 0 0 0 0 0 0 0 0 0 0 0
"216" 216 0.379310344828 206 105 91 48 19 13 7 7 2 2 0 0 0 0 0 0 0 0 0 0
"217" 217 0.354651162791 162 147 102 55 14 6 6 2 1 1 1 1 1 1 0 0 0 0 0 0
"218" 218 0.0167364016736 167 84 81 73 35 15 14 11 10 4 2 2 2 0 0 0 0 0 0 0
"219" 219 0.345991561181 245 109 95 23 13 11 2 1 1 0 0 0 0 0 0 0 0 0 0 0
"220" 220 0.699481865285 434 17 15 13 13 4 2 1 1 0 0 0 0 0 0 0 0 0 0 0
"221" 221 0.160337552743 185 171 52 36 21 16 9 4 3 1 1 1 0 0 0 0 0 0 0 0
"222" 222 0.573643410853 240 191 26 20 19 3 1 0 0 0 0 0 0 0 0 0 0 0 0 0
"223" 223 0.145077720207 135 131 96 70 27 16 12 6 3 2 2 0 0 0 0 0 0 0 0 0
"224" 224 0.00574712643678 262 177 59 2 0 0 0 0 0 0 0 0 0 0 0 0 0 0 0 0
"225" 225 0.0414507772021 307 192 1 0 0 0 0 0 0 0 0 0 0 0 0 0 0 0 0 0
"226" 226 0.0 500 0 0 0 0 0 0 0 0 0 0 0 0 0 0 0 0 0 0 0
"227" 227 0.0 287 182 16 7 3 2 1 1 1 0 0 0 0 0 0 0 0 0 0 0
"228" 228 0.0398009950249 284 138 31 27 7 6 6 1 0 0 0 0 0 0 0 0 0 0 0 0
"229" 229 0.0114942528736 142 113 65 63 49 33 21 6 4 3 1 0 0 0 0 0 0 0 0 0
"230" 230 0.173076923077 385 88 12 10 3 1 1 0 0 0 0 0 0 0 0 0 0 0 0 0
"231" 231 0.5 258 152 36 15 11 9 9 5 3 2 0 0 0 0 0 0 0 0 0 0
"232" 232 0.0697674418605 256 90 63 13 13 13 11 10 8 6 6 3 3 2 2 1 0 0 0 0
"233" 233 0.0 464 33 3 0 0 0 0 0 0 0 0 0 0 0 0 0 0 0 0 0
"234" 234 0.243781094527 129 106 100 50 32 27 25 16 10 2 2 1 0 0 0 0 0 0 0 0
"235" 235 0.434599156118 190 147 80 27 20 14 12 6 2 1 1 0 0 0 0 0 0 0 0 0
"236" 236 0.48427672956 173 95 69 57 46 32 9 8 7 2 1 1 0 0 0 0 0 0 0 0
"237" 237 0.191964285714 188 91 83 73 43 14 4 1 1 1 1 0 0 0 0 0 0 0 0 0
"238" 238 0.0167364016736 448 15 14 11 5 2 2 2 1 0 0 0 0 0 0 0 0 0 0 0
"239" 239 0.149425287356 264 55 30 29 28 24 13 13 11 9 9 6 5 3 1 0 0 0 0 0
"240" 240 0.492227979275 346 57 42 20 16 7 5 2 2 1 1 1 0 0 0 0 0 0 0 0
"241" 241 0.0 405 39 26 17 3 2 2 2 2 1 1 0 0 0 0 0 0 0 0 0
"242" 242 0.00507614213198 249 61 45 40 30 19 16 11 8 7 6 2 2 2 1 1 0 0 0 0
"243" 243 0.235897435897 223 136 76 37 8 7 5 4 2 1 1 0 0 0 0 0 0 0 0 0
"244" 244 0.0927152317881 373 102 11 8 4 2 0 0 0 0 0 0 0 0 0 0 0 0 0 0
"245" 245 0.273722627737 136 94 62 42 39 27 24 22 17 12 11 7 6 1 0 0 0 0 0 0
"246" 246 0.907692307692 318 109 39 23 6 4 1 0 0 0 0 0 0 0 0 0 0 0 0 0
