"site" "RSA" "aa1" "aa2" "aa3" "aa4" "aa5" "aa6" "aa7" "aa8" "aa9" "aa10" "aa11" "aa12" "aa13" "aa14" "aa15" "aa16" "aa17" "aa18" "aa19" "aa20"
"0" 0 0.645348837209 152 69 53 36 34 31 20 16 15 14 13 13 12 11 3 3 3 2 0 0
"1" 1 0.451923076923 495 2 1 1 1 0 0 0 0 0 0 0 0 0 0 0 0 0 0 0
"2" 2 0.788461538462 498 2 0 0 0 0 0 0 0 0 0 0 0 0 0 0 0 0 0 0
"3" 3 0.743119266055 115 91 56 50 48 40 25 19 13 12 12 8 5 2 2 2 0 0 0 0
"4" 4 0.519379844961 113 73 51 44 30 25 24 21 16 16 16 14 14 13 11 10 5 4 0 0
"5" 5 0.0993377483444 185 88 68 39 24 17 12 11 10 10 8 7 6 4 3 3 3 2 0 0
"6" 6 0.704641350211 172 101 73 55 36 21 13 8 7 6 5 1 1 1 0 0 0 0 0 0
"7" 7 0.187943262411 125 59 56 50 43 36 24 24 21 16 16 13 10 4 2 1 0 0 0 0
"8" 8 0.0829015544041 149 82 77 43 30 28 20 19 12 10 9 9 5 4 1 1 1 0 0 0
"9" 9 0.533632286996 103 89 74 39 38 26 26 26 24 20 19 7 6 2 1 0 0 0 0 0
"10" 10 0.362869198312 90 81 72 62 45 39 37 18 14 11 11 6 6 5 1 1 1 0 0 0
"11" 11 0.0 182 79 74 45 34 27 16 12 9 7 5 4 2 2 1 1 0 0 0 0
"12" 12 0.0137614678899 109 80 71 42 39 36 30 24 16 14 9 8 8 7 4 2 1 0 0 0
"13" 13 0.259067357513 112 106 72 62 43 29 18 18 18 9 5 2 2 2 1 1 0 0 0 0
"14" 14 0.0761421319797 125 71 44 43 40 40 35 27 22 18 7 6 6 6 5 3 2 0 0 0
"15" 15 0.0 386 84 8 8 8 5 1 0 0 0 0 0 0 0 0 0 0 0 0 0
"16" 16 0.174904942966 97 73 61 51 40 31 29 26 23 19 15 11 8 5 4 3 3 1 0 0
"17" 17 0.424107142857 250 71 65 38 21 15 8 8 7 4 4 4 2 1 1 1 0 0 0 0
"18" 18 0.0714285714286 219 93 51 35 17 16 14 13 12 10 6 4 3 2 2 2 1 0 0 0
"19" 19 0.0077519379845 352 110 10 9 7 6 4 1 1 0 0 0 0 0 0 0 0 0 0 0
"20" 20 0.243781094527 125 106 85 83 36 23 10 9 7 4 4 3 2 1 1 1 0 0 0 0
"21" 21 0.358208955224 150 143 87 29 24 23 12 7 6 6 6 5 1 1 0 0 0 0 0 0
"22" 22 0.0 236 229 16 12 2 2 1 1 1 0 0 0 0 0 0 0 0 0 0 0
"23" 23 0.212927756654 119 107 66 45 32 32 32 28 14 9 7 4 2 2 1 0 0 0 0 0
"24" 24 0.679324894515 132 72 53 46 43 43 35 32 15 13 9 4 1 1 1 0 0 0 0 0
"25" 25 0.464285714286 88 69 65 49 45 40 38 24 21 13 11 8 8 6 6 5 3 1 0 0
"26" 26 0.307692307692 455 43 2 0 0 0 0 0 0 0 0 0 0 0 0 0 0 0 0 0
"27" 27 0.0 179 139 59 52 15 14 9 7 7 6 6 2 2 1 1 1 0 0 0 0
"28" 28 0.0 348 23 22 20 17 16 14 12 9 5 4 4 2 1 1 1 1 0 0 0
"29" 29 0.0188679245283 446 35 6 3 3 2 1 1 1 1 1 0 0 0 0 0 0 0 0 0
"30" 30 0.0355329949239 183 101 67 47 32 17 13 9 8 4 4 3 3 3 2 2 1 1 0 0
"31" 31 0.0 485 10 5 0 0 0 0 0 0 0 0 0 0 0 0 0 0 0 0 0
"32" 32 0.0 477 17 6 0 0 0 0 0 0 0 0 0 0 0 0 0 0 0 0 0
"33" 33 0.0 261 102 65 29 12 8 6 5 5 3 1 1 1 1 0 0 0 0 0 0
"34" 34 0.0 207 85 71 51 29 9 9 8 8 7 5 4 3 2 1 1 0 0 0 0
"35" 35 0.0 94 71 68 51 44 39 35 26 18 16 14 11 6 3 2 2 0 0 0 0
"36" 36 0.174358974359 136 131 102 47 30 14 7 7 7 6 4 3 3 2 1 0 0 0 0 0
"37" 37 0.158974358974 85 70 63 60 52 44 25 18 18 16 11 11 10 7 4 3 2 1 0 0
"38" 38 0.666666666667 162 139 52 29 23 20 18 18 16 7 5 5 3 1 1 1 0 0 0 0
"39" 39 0.435233160622 88 82 63 49 46 31 31 30 25 23 16 9 4 2 1 0 0 0 0 0
"40" 40 0.0 412 37 15 14 10 6 2 1 1 1 1 0 0 0 0 0 0 0 0 0
"41" 41 0.35761589404 96 62 52 47 41 41 40 36 27 22 18 8 4 3 3 0 0 0 0 0
"42" 42 0.316091954023 103 98 68 60 40 34 27 24 11 10 10 9 2 1 1 1 1 0 0 0
"43" 43 0.238805970149 196 81 57 54 26 22 13 10 10 7 7 6 4 4 3 0 0 0 0 0
"44" 44 0.0769230769231 392 57 44 7 0 0 0 0 0 0 0 0 0 0 0 0 0 0 0 0
"45" 45 0.310218978102 246 142 18 12 11 10 10 9 9 7 5 5 5 5 4 1 1 0 0 0
"46" 46 0.00961538461538 418 49 30 3 0 0 0 0 0 0 0 0 0 0 0 0 0 0 0 0
"47" 47 0.0813397129187 257 87 51 33 27 17 9 6 4 3 3 2 1 0 0 0 0 0 0 0
"48" 48 0.0 261 112 60 18 16 8 8 6 5 3 2 1 0 0 0 0 0 0 0 0
"49" 49 0.174311926606 108 102 63 42 42 32 24 20 18 15 13 6 6 3 3 2 1 0 0 0
"50" 50 0.0948905109489 136 85 52 52 31 28 23 22 18 9 8 7 7 7 6 5 4 0 0 0
"51" 51 0.330543933054 68 61 55 51 48 43 27 23 22 20 17 15 15 9 7 7 6 6 0 0
"52" 52 0.255605381166 120 85 64 58 37 25 19 18 13 12 10 8 6 6 6 6 5 2 0 0
"53" 53 0.57805907173 110 94 55 41 41 39 30 28 21 21 6 5 4 3 2 0 0 0 0 0
"54" 54 0.682692307692 354 130 8 5 1 1 1 0 0 0 0 0 0 0 0 0 0 0 0 0
"55" 55 0.12582781457 139 88 48 40 30 27 19 19 15 15 14 10 10 8 8 5 4 1 0 0
"56" 56 0.565891472868 88 83 56 54 39 35 35 26 20 17 16 14 10 4 2 1 0 0 0 0
"57" 57 0.482558139535 161 65 46 40 34 29 26 26 23 16 16 9 4 3 1 1 0 0 0 0
"58" 58 0.119402985075 162 64 57 54 45 29 18 15 14 10 9 7 5 4 3 2 2 0 0 0
"59" 59 0.0717703349282 248 95 61 49 18 9 4 4 4 3 2 2 1 0 0 0 0 0 0 0
"60" 60 0.00961538461538 329 121 35 11 3 1 0 0 0 0 0 0 0 0 0 0 0 0 0 0
"61" 61 0.0357142857143 227 95 52 47 20 19 11 8 7 5 3 2 1 1 1 1 0 0 0 0
"62" 62 0.147208121827 79 72 55 53 52 42 29 21 20 19 15 15 11 6 5 3 2 1 0 0
"63" 63 0.0264900662252 214 154 36 24 16 15 10 10 7 5 3 2 2 1 1 0 0 0 0 0
"64" 64 0.0 217 178 65 17 9 6 5 3 0 0 0 0 0 0 0 0 0 0 0 0
"65" 65 0.0746268656716 160 117 62 23 20 19 18 17 12 12 11 10 10 3 3 3 0 0 0 0
"66" 66 0.598214285714 81 66 60 47 43 43 37 19 19 18 18 15 11 10 8 3 2 0 0 0
"67" 67 0.471794871795 159 72 61 40 37 29 28 19 15 11 11 7 5 4 2 0 0 0 0 0
"68" 68 0.113924050633 153 139 60 28 28 19 17 16 9 7 7 6 3 3 2 2 1 0 0 0
"69" 69 0.384615384615 500 0 0 0 0 0 0 0 0 0 0 0 0 0 0 0 0 0 0 0
"70" 70 0.930656934307 260 61 43 41 37 29 19 4 1 1 1 1 1 1 0 0 0 0 0 0
"71" 71 0.278606965174 173 58 57 53 38 38 17 13 9 9 9 7 5 4 4 4 2 0 0 0
"72" 72 0.65625 130 62 55 55 38 37 30 27 19 18 16 8 2 1 1 1 0 0 0 0
"73" 73 0.317307692308 91 87 86 67 30 27 25 23 15 14 12 11 5 4 2 1 0 0 0 0
"74" 74 0.64135021097 151 94 91 53 31 24 20 11 11 6 6 1 1 0 0 0 0 0 0 0
"75" 75 0.137931034483 122 113 55 50 39 37 17 17 12 9 7 7 5 5 3 2 0 0 0 0
"76" 76 0.0152091254753 191 127 76 31 18 10 10 10 6 6 6 3 3 2 1 0 0 0 0 0
"77" 77 0.451476793249 159 80 62 56 32 31 18 14 14 11 7 6 5 2 2 1 0 0 0 0
"78" 78 0.341968911917 139 116 82 48 47 37 10 7 5 3 2 2 1 1 0 0 0 0 0 0
"79" 79 0.0 172 134 67 30 28 22 12 9 7 7 5 3 2 1 1 0 0 0 0 0
"80" 80 0.0 111 108 63 47 45 26 26 25 17 12 12 3 3 2 0 0 0 0 0 0
"81" 81 0.0 260 135 37 16 16 10 9 7 6 2 1 1 0 0 0 0 0 0 0 0
"82" 82 0.0 199 71 63 50 47 26 21 13 5 2 1 1 1 0 0 0 0 0 0 0
"83" 83 0.0 315 112 32 14 11 9 4 3 0 0 0 0 0 0 0 0 0 0 0 0
"84" 84 0.0348837209302 268 157 36 14 7 7 4 2 1 1 1 1 1 0 0 0 0 0 0 0
"85" 85 0.0199004975124 137 110 71 54 52 22 19 9 8 5 5 4 2 2 0 0 0 0 0 0
"86" 86 0.0132450331126 187 155 63 31 25 23 4 3 3 3 2 1 0 0 0 0 0 0 0 0
"87" 87 0.0 250 97 51 35 30 17 9 4 2 2 1 1 1 0 0 0 0 0 0 0
"88" 88 0.113924050633 342 77 30 24 7 7 3 3 3 2 1 1 0 0 0 0 0 0 0 0
"89" 89 0.533678756477 158 116 72 44 29 20 18 11 9 7 7 4 3 1 1 0 0 0 0 0
"90" 90 0.366972477064 151 123 54 52 27 26 25 15 8 5 5 5 4 0 0 0 0 0 0 0
"91" 91 0.0 201 179 47 20 19 9 6 4 3 3 3 3 3 0 0 0 0 0 0 0
"92" 92 0.00581395348837 227 98 71 61 7 6 6 6 5 4 4 1 1 1 1 1 0 0 0 0
"93" 93 0.307692307692 178 81 48 47 28 22 20 20 19 15 10 6 2 1 1 1 1 0 0 0
"94" 94 0.116279069767 91 70 58 46 34 30 27 25 25 23 21 11 10 9 7 6 4 3 0 0
"95" 95 0.0 143 124 47 39 39 33 15 13 11 11 10 9 2 2 1 1 0 0 0 0
"96" 96 0.0964467005076 80 58 57 49 48 41 38 27 23 20 16 13 10 8 5 5 1 1 0 0
"97" 97 0.577981651376 137 91 87 63 25 19 17 15 15 11 7 6 4 1 1 1 0 0 0 0
"98" 98 0.296577946768 121 114 106 56 35 22 16 9 8 5 3 3 1 1 0 0 0 0 0 0
"99" 99 0.211538461538 359 79 14 12 9 8 8 4 4 1 1 1 0 0 0 0 0 0 0 0
"100" 100 0.0 372 35 34 19 15 12 3 3 3 3 1 0 0 0 0 0 0 0 0 0
"101" 101 0.251572327044 156 131 63 47 35 20 15 14 4 4 3 3 3 1 1 0 0 0 0 0
"102" 102 0.0401459854015 252 58 47 23 21 17 15 15 14 10 9 8 7 4 0 0 0 0 0 0
"103" 103 0.00632911392405 179 86 56 52 43 33 20 12 8 3 3 2 1 1 1 0 0 0 0 0
"104" 104 0.00574712643678 154 71 66 41 41 40 35 11 10 8 6 5 4 3 3 2 0 0 0 0
"105" 105 0.0 177 76 71 50 34 23 22 20 10 5 4 4 3 1 0 0 0 0 0 0
"106" 106 0.0 422 42 25 7 3 1 0 0 0 0 0 0 0 0 0 0 0 0 0 0
"107" 107 0.00446428571429 326 62 43 22 17 10 7 5 2 1 1 1 1 1 1 0 0 0 0 0
"108" 108 0.210256410256 238 140 35 25 23 16 9 4 3 2 2 2 1 0 0 0 0 0 0 0
"109" 109 0.5 101 97 72 44 27 25 25 25 22 21 18 10 5 4 3 1 0 0 0 0
"110" 110 0.174358974359 118 94 63 57 42 40 23 9 8 8 8 7 6 6 5 3 2 1 0 0
"111" 111 0.154811715481 157 116 62 59 22 21 21 11 9 8 4 2 2 2 2 1 1 0 0 0
"112" 112 0.481012658228 134 80 49 47 42 37 28 23 18 12 10 7 6 2 2 1 1 1 0 0
"113" 113 0.139072847682 281 103 33 29 16 14 6 5 3 3 3 1 1 1 1 0 0 0 0 0
"114" 114 0.746835443038 132 103 89 84 51 22 8 6 3 1 1 0 0 0 0 0 0 0 0 0
"115" 115 0.0 237 120 94 15 10 7 3 3 3 3 2 1 1 1 0 0 0 0 0 0
"116" 116 0.0580357142857 99 74 73 48 35 32 32 25 20 18 9 8 7 7 4 4 4 1 0 0
"117" 117 0.523206751055 156 81 76 60 36 32 14 11 9 6 6 5 4 2 2 0 0 0 0 0
"118" 118 0.410646387833 277 52 50 34 23 19 18 10 7 4 2 2 2 0 0 0 0 0 0 0
"119" 119 0.0 313 70 24 19 16 14 11 10 6 4 3 3 3 2 1 1 0 0 0 0
"120" 120 0.385650224215 157 109 68 46 28 27 12 9 8 8 7 6 5 5 5 0 0 0 0 0
"121" 121 0.593023255814 227 59 44 38 37 19 19 18 14 7 6 4 3 3 1 1 0 0 0 0
"122" 122 0.463503649635 123 95 66 50 38 23 21 19 12 10 8 8 7 7 4 3 3 3 0 0
"123" 123 0.673076923077 494 6 0 0 0 0 0 0 0 0 0 0 0 0 0 0 0 0 0 0
"124" 124 0.105263157895 259 84 61 41 20 14 4 4 3 2 2 2 1 1 1 1 0 0 0 0
"125" 125 0.205357142857 171 76 33 32 32 31 28 24 22 20 9 8 4 3 3 2 1 1 0 0
"126" 126 0.172413793103 307 45 44 18 16 13 11 11 8 8 6 5 4 2 1 1 0 0 0 0
"127" 127 0.241379310345 208 76 58 34 24 23 15 14 13 11 8 4 4 3 3 1 1 0 0 0
"128" 128 0.316091954023 192 104 55 43 34 33 7 6 6 6 5 3 3 1 1 1 0 0 0 0
"129" 129 0.385057471264 89 64 64 44 39 29 27 25 20 20 19 17 16 11 9 6 1 0 0 0
"130" 130 0.388601036269 198 149 42 38 21 17 11 10 9 4 1 0 0 0 0 0 0 0 0 0
"131" 131 0.0880829015544 281 64 55 22 15 13 12 9 7 6 5 5 3 2 1 0 0 0 0 0
"132" 132 0.401785714286 180 69 66 54 44 31 25 13 6 4 3 2 1 1 1 0 0 0 0 0
"133" 133 0.346715328467 120 92 75 61 39 39 21 14 14 8 8 4 3 1 1 0 0 0 0 0
"134" 134 0.0316455696203 131 114 54 54 53 30 19 15 9 5 5 5 5 1 0 0 0 0 0 0
"135" 135 0.139240506329 220 80 71 29 24 21 18 10 6 5 4 4 3 2 2 1 0 0 0 0
"136" 136 0.620253164557 115 97 77 54 51 37 18 17 16 8 4 3 1 1 1 0 0 0 0 0
"137" 137 0.0746268656716 222 66 48 34 30 24 18 13 9 7 6 6 5 4 4 4 0 0 0 0
"138" 138 0.0183486238532 288 47 38 29 20 13 10 9 8 7 7 7 7 6 2 1 1 0 0 0
"139" 139 0.379746835443 143 113 74 64 25 17 17 11 9 7 6 4 3 3 3 1 0 0 0 0
"140" 140 0.434977578475 192 78 75 42 40 16 12 11 11 10 6 4 2 1 0 0 0 0 0 0
"141" 141 0.0 234 182 36 31 9 3 2 1 1 1 0 0 0 0 0 0 0 0 0 0
"142" 142 0.152284263959 130 93 57 37 32 27 25 20 19 15 12 11 10 5 4 2 1 0 0 0
"143" 143 0.518134715026 106 93 62 60 56 27 22 20 16 14 8 5 5 3 2 1 0 0 0 0
"144" 144 0.424107142857 151 103 73 52 37 30 14 11 9 5 4 3 2 2 2 1 1 0 0 0
"145" 145 0.229927007299 236 176 49 17 11 5 3 1 1 1 0 0 0 0 0 0 0 0 0 0
"146" 146 0.352201257862 197 106 68 50 24 16 8 8 7 6 4 3 2 1 0 0 0 0 0 0
"147" 147 0.57399103139 171 106 65 41 40 26 17 14 11 9 0 0 0 0 0 0 0 0 0 0
"148" 148 0.217616580311 156 112 56 53 35 21 14 14 9 8 6 6 3 3 2 1 1 0 0 0
"149" 149 0.0390070921986 147 147 50 43 25 20 15 13 12 10 4 3 3 2 2 2 1 1 0 0
"150" 150 0.338912133891 145 133 66 46 46 19 18 7 7 6 3 2 1 1 0 0 0 0 0 0
"151" 151 0.433035714286 157 75 73 51 35 30 19 18 16 10 6 5 2 2 1 0 0 0 0 0
"152" 152 0.020725388601 240 66 47 38 23 22 12 10 9 8 8 5 4 4 1 1 1 1 0 0
"153" 153 0.218274111675 183 122 90 27 19 13 13 10 8 6 3 2 2 1 1 0 0 0 0 0
"154" 154 0.625 331 157 6 3 2 1 0 0 0 0 0 0 0 0 0 0 0 0 0 0
"155" 155 0.71875 126 126 73 41 36 32 31 13 8 4 3 3 2 1 1 0 0 0 0 0
