"site" "RSA" "aa1" "aa2" "aa3" "aa4" "aa5" "aa6" "aa7" "aa8" "aa9" "aa10" "aa11" "aa12" "aa13" "aa14" "aa15" "aa16" "aa17" "aa18" "aa19" "aa20"
"0" 0 0.720207253886 228 174 51 19 15 9 4 0 0 0 0 0 0 0 0 0 0 0 0 0
"1" 1 0.600896860987 124 108 85 55 39 38 27 19 5 0 0 0 0 0 0 0 0 0 0 0
"2" 2 0.627906976744 132 129 110 96 11 9 5 4 3 1 0 0 0 0 0 0 0 0 0 0
"3" 3 0.562189054726 182 121 50 37 36 21 19 17 14 2 1 0 0 0 0 0 0 0 0 0
"4" 4 0.291390728477 148 134 63 43 35 33 32 9 2 1 0 0 0 0 0 0 0 0 0 0
"5" 5 0.389121338912 289 104 41 23 16 14 5 3 3 2 0 0 0 0 0 0 0 0 0 0
"6" 6 0.393034825871 181 116 53 51 46 34 11 3 2 2 1 0 0 0 0 0 0 0 0 0
"7" 7 0.548523206751 190 110 81 46 27 18 12 9 5 2 0 0 0 0 0 0 0 0 0 0
"8" 8 0.569948186528 167 111 86 50 34 23 17 7 3 1 1 0 0 0 0 0 0 0 0 0
"9" 9 0.175732217573 348 49 28 24 16 15 11 4 4 1 0 0 0 0 0 0 0 0 0 0
"10" 10 0.407960199005 183 133 80 46 24 12 11 6 2 2 1 0 0 0 0 0 0 0 0 0
"11" 11 0.410852713178 180 123 57 42 29 25 24 11 5 3 1 0 0 0 0 0 0 0 0 0
"12" 12 0.240384615385 153 115 77 60 44 18 17 7 5 3 1 0 0 0 0 0 0 0 0 0
"13" 13 0.00961538461538 263 55 49 49 29 23 16 8 5 1 1 1 0 0 0 0 0 0 0 0
"14" 14 0.373563218391 130 103 97 69 34 25 23 8 6 5 0 0 0 0 0 0 0 0 0 0
"15" 15 0.124031007752 206 89 87 62 20 18 6 6 2 1 1 1 1 0 0 0 0 0 0 0
"16" 16 0.15503875969 190 143 83 26 23 17 6 4 2 2 2 1 1 0 0 0 0 0 0 0
"17" 17 0.170542635659 498 1 1 0 0 0 0 0 0 0 0 0 0 0 0 0 0 0 0 0
"18" 18 0.340101522843 186 69 57 46 40 34 32 14 11 4 2 2 2 1 0 0 0 0 0 0
"19" 19 0.0596026490066 484 8 5 2 1 0 0 0 0 0 0 0 0 0 0 0 0 0 0 0
"20" 20 0.236286919831 433 26 12 7 7 7 6 1 1 0 0 0 0 0 0 0 0 0 0 0
"21" 21 0.267441860465 349 48 33 22 21 8 7 6 4 1 1 0 0 0 0 0 0 0 0 0
"22" 22 0.395348837209 172 130 63 59 17 14 13 9 7 6 5 2 2 1 0 0 0 0 0 0
"23" 23 0.0862068965517 113 113 108 89 74 1 1 1 0 0 0 0 0 0 0 0 0 0 0 0
"24" 24 0.0 389 81 21 7 2 0 0 0 0 0 0 0 0 0 0 0 0 0 0 0
"25" 25 0.169811320755 232 87 51 34 27 27 24 10 5 2 1 0 0 0 0 0 0 0 0 0
"26" 26 0.182741116751 106 106 72 51 36 23 21 21 20 20 11 6 4 2 1 0 0 0 0 0
"27" 27 0.116071428571 121 99 75 45 41 38 25 14 13 11 10 2 2 1 1 1 1 0 0 0
"28" 28 0.014598540146 336 70 25 22 19 18 3 2 2 2 1 0 0 0 0 0 0 0 0 0
"29" 29 0.0114942528736 245 95 73 57 8 8 7 4 1 1 1 0 0 0 0 0 0 0 0 0
"30" 30 0.0168776371308 249 116 50 30 19 17 10 4 3 2 0 0 0 0 0 0 0 0 0 0
"31" 31 0.0 168 76 72 62 44 35 26 4 4 3 3 2 1 0 0 0 0 0 0 0
"32" 32 0.00995024875622 257 117 97 20 3 2 1 1 1 1 0 0 0 0 0 0 0 0 0 0
"33" 33 0.089552238806 467 15 8 3 3 3 1 0 0 0 0 0 0 0 0 0 0 0 0 0
"34" 34 0.0 166 107 76 66 45 38 1 1 0 0 0 0 0 0 0 0 0 0 0 0
"35" 35 0.00574712643678 423 58 7 6 5 1 0 0 0 0 0 0 0 0 0 0 0 0 0 0
"36" 36 0.0493273542601 235 217 30 7 4 3 2 1 1 0 0 0 0 0 0 0 0 0 0 0
"37" 37 0.267942583732 182 72 51 46 43 39 30 25 7 2 2 1 0 0 0 0 0 0 0 0
"38" 38 0.0077519379845 215 142 44 40 23 19 13 2 1 1 0 0 0 0 0 0 0 0 0 0
"39" 39 0.0794701986755 363 69 26 22 11 3 2 2 1 1 0 0 0 0 0 0 0 0 0 0
"40" 40 0.548523206751 238 71 47 46 45 25 15 10 2 1 0 0 0 0 0 0 0 0 0 0
"41" 41 0.291479820628 298 49 48 27 18 14 14 12 9 5 3 2 1 0 0 0 0 0 0 0
"42" 42 0.0862944162437 231 133 56 36 28 7 5 2 2 0 0 0 0 0 0 0 0 0 0 0
"43" 43 0.311258278146 255 77 72 59 27 6 1 1 1 1 0 0 0 0 0 0 0 0 0 0
"44" 44 0.53488372093 175 145 123 27 11 8 5 3 2 1 0 0 0 0 0 0 0 0 0 0
"45" 45 0.714285714286 229 120 100 36 11 3 1 0 0 0 0 0 0 0 0 0 0 0 0 0
"46" 46 0.53164556962 169 115 97 60 40 8 6 4 1 0 0 0 0 0 0 0 0 0 0 0
"47" 47 0.219730941704 255 130 38 36 11 9 7 4 3 3 2 2 0 0 0 0 0 0 0 0
"48" 48 0.0380228136882 273 205 19 1 1 1 0 0 0 0 0 0 0 0 0 0 0 0 0 0
"49" 49 0.738396624473 155 100 83 53 49 42 8 6 2 1 1 0 0 0 0 0 0 0 0 0
"50" 50 0.192307692308 489 8 2 1 0 0 0 0 0 0 0 0 0 0 0 0 0 0 0 0
"51" 51 0.238578680203 192 161 45 37 31 17 8 4 2 1 1 1 0 0 0 0 0 0 0 0
"52" 52 0.675126903553 202 127 62 49 21 17 9 6 3 2 1 1 0 0 0 0 0 0 0 0
"53" 53 0.20725388601 197 110 73 42 32 25 9 6 4 1 1 0 0 0 0 0 0 0 0 0
"54" 54 0.00632911392405 325 92 75 3 2 2 1 0 0 0 0 0 0 0 0 0 0 0 0 0
"55" 55 0.293103448276 116 116 59 53 50 45 20 12 11 5 4 3 3 2 1 0 0 0 0 0
"56" 56 0.528735632184 307 95 82 6 5 4 1 0 0 0 0 0 0 0 0 0 0 0 0 0
"57" 57 0.167883211679 356 56 44 18 16 9 1 0 0 0 0 0 0 0 0 0 0 0 0 0
"58" 58 0.010152284264 224 142 46 22 20 19 13 5 3 3 2 1 0 0 0 0 0 0 0 0
"59" 59 0.232704402516 238 188 42 22 6 3 1 0 0 0 0 0 0 0 0 0 0 0 0 0
"60" 60 0.755274261603 404 28 22 21 13 6 4 2 0 0 0 0 0 0 0 0 0 0 0 0
"61" 61 0.160714285714 298 70 52 29 28 7 7 4 4 1 0 0 0 0 0 0 0 0 0 0
"62" 62 0.0762331838565 421 32 17 11 10 8 1 0 0 0 0 0 0 0 0 0 0 0 0 0
"63" 63 0.298076923077 500 0 0 0 0 0 0 0 0 0 0 0 0 0 0 0 0 0 0 0
"64" 64 0.55230125523 232 223 18 9 5 4 3 2 1 1 1 1 0 0 0 0 0 0 0 0
"65" 65 0.701492537313 215 178 39 25 18 13 6 6 0 0 0 0 0 0 0 0 0 0 0 0
"66" 66 0.0397350993377 246 182 26 23 19 3 1 0 0 0 0 0 0 0 0 0 0 0 0 0
"67" 67 0.0794979079498 143 133 112 29 28 27 10 8 5 4 1 0 0 0 0 0 0 0 0 0
"68" 68 0.269503546099 361 65 31 22 8 7 6 0 0 0 0 0 0 0 0 0 0 0 0 0
"69" 69 0.0839416058394 200 71 69 53 46 27 12 10 9 3 0 0 0 0 0 0 0 0 0 0
"70" 70 0.0865384615385 500 0 0 0 0 0 0 0 0 0 0 0 0 0 0 0 0 0 0 0
"71" 71 0.0769230769231 245 233 17 2 2 1 0 0 0 0 0 0 0 0 0 0 0 0 0 0
"72" 72 0.457711442786 161 143 80 71 23 9 6 3 2 1 1 0 0 0 0 0 0 0 0 0
"73" 73 0.0232558139535 434 52 12 2 0 0 0 0 0 0 0 0 0 0 0 0 0 0 0 0
"74" 74 0.0564102564103 150 141 101 35 33 24 5 5 4 1 1 0 0 0 0 0 0 0 0 0
"75" 75 0.212643678161 151 128 115 42 23 18 12 5 2 2 1 1 0 0 0 0 0 0 0 0
"76" 76 0.309644670051 250 80 66 52 19 12 11 9 1 0 0 0 0 0 0 0 0 0 0 0
"77" 77 0.251824817518 373 92 22 7 4 2 0 0 0 0 0 0 0 0 0 0 0 0 0 0
"78" 78 0.140684410646 446 17 16 10 6 3 1 1 0 0 0 0 0 0 0 0 0 0 0 0
"79" 79 0.305439330544 324 61 40 32 17 13 5 4 2 2 0 0 0 0 0 0 0 0 0 0
"80" 80 0.270440251572 300 96 60 22 8 6 4 4 0 0 0 0 0 0 0 0 0 0 0 0
"81" 81 0.093023255814 249 221 23 7 0 0 0 0 0 0 0 0 0 0 0 0 0 0 0 0
"82" 82 0.331838565022 241 118 63 19 19 18 6 6 3 2 2 1 1 1 0 0 0 0 0 0
"83" 83 0.410852713178 212 67 66 57 44 28 8 6 5 5 1 1 0 0 0 0 0 0 0 0
"84" 84 0.134328358209 301 66 58 55 7 4 3 3 2 1 0 0 0 0 0 0 0 0 0 0
"85" 85 0.138461538462 278 85 76 45 7 3 2 1 1 1 1 0 0 0 0 0 0 0 0 0
"86" 86 0.648535564854 145 80 61 50 48 27 23 20 16 15 7 5 3 0 0 0 0 0 0 0
"87" 87 0.46511627907 154 147 85 31 22 18 13 11 9 5 3 2 0 0 0 0 0 0 0 0
"88" 88 0.309623430962 269 106 53 24 19 12 9 4 2 2 0 0 0 0 0 0 0 0 0 0
"89" 89 0.383966244726 199 140 126 22 7 6 0 0 0 0 0 0 0 0 0 0 0 0 0 0
"90" 90 0.492227979275 255 148 43 18 18 8 7 2 1 0 0 0 0 0 0 0 0 0 0 0
"91" 91 0.523206751055 206 101 58 38 34 15 14 14 13 3 2 2 0 0 0 0 0 0 0 0
"92" 92 0.186311787072 192 172 69 46 6 6 5 2 1 1 0 0 0 0 0 0 0 0 0 0
"93" 93 0.337552742616 153 105 99 95 28 6 4 3 2 2 1 1 1 0 0 0 0 0 0 0
"94" 94 0.466367713004 328 97 33 14 9 9 8 2 0 0 0 0 0 0 0 0 0 0 0 0
"95" 95 0.578680203046 133 133 66 63 49 34 22 0 0 0 0 0 0 0 0 0 0 0 0 0
"96" 96 0.284518828452 269 193 34 3 1 0 0 0 0 0 0 0 0 0 0 0 0 0 0 0
"97" 97 0.109452736318 497 1 1 1 0 0 0 0 0 0 0 0 0 0 0 0 0 0 0 0
"98" 98 0.480769230769 493 3 2 1 1 0 0 0 0 0 0 0 0 0 0 0 0 0 0 0
"99" 99 0.846153846154 497 3 0 0 0 0 0 0 0 0 0 0 0 0 0 0 0 0 0 0
"100" 100 0.126436781609 355 142 2 1 0 0 0 0 0 0 0 0 0 0 0 0 0 0 0 0
"101" 101 0.383419689119 327 160 5 4 3 1 0 0 0 0 0 0 0 0 0 0 0 0 0 0
"102" 102 0.481751824818 437 29 23 4 4 3 0 0 0 0 0 0 0 0 0 0 0 0 0 0
"103" 103 0.602870813397 162 125 97 72 19 14 5 5 1 0 0 0 0 0 0 0 0 0 0 0
"104" 104 0.696202531646 190 151 69 65 18 2 2 1 1 1 0 0 0 0 0 0 0 0 0 0
"105" 105 0.37668161435 188 98 90 81 16 13 8 4 2 0 0 0 0 0 0 0 0 0 0 0
"106" 106 0.36820083682 194 122 68 50 29 16 14 5 1 1 0 0 0 0 0 0 0 0 0 0
"107" 107 0.663120567376 182 118 91 45 26 18 11 6 2 1 0 0 0 0 0 0 0 0 0 0
"108" 108 0.408759124088 184 112 102 56 26 10 5 4 1 0 0 0 0 0 0 0 0 0 0 0
"109" 109 0.269961977186 287 194 16 2 1 0 0 0 0 0 0 0 0 0 0 0 0 0 0 0
"110" 110 0.171548117155 285 67 51 35 23 21 11 3 2 1 1 0 0 0 0 0 0 0 0 0
"111" 111 0.418604651163 279 118 54 28 10 6 4 1 0 0 0 0 0 0 0 0 0 0 0 0
"112" 112 0.0192307692308 498 2 0 0 0 0 0 0 0 0 0 0 0 0 0 0 0 0 0 0
"113" 113 0.0923076923077 116 96 62 48 38 37 29 27 21 18 4 2 2 0 0 0 0 0 0 0
"114" 114 0.139303482587 256 83 39 36 31 25 14 6 4 2 2 2 0 0 0 0 0 0 0 0
"115" 115 0.279069767442 348 68 35 33 10 6 0 0 0 0 0 0 0 0 0 0 0 0 0 0
"116" 116 0.0132450331126 492 6 2 0 0 0 0 0 0 0 0 0 0 0 0 0 0 0 0 0
"117" 117 0.105769230769 150 112 90 71 37 11 10 6 5 5 2 1 0 0 0 0 0 0 0 0
"118" 118 0.0673076923077 215 158 55 53 9 6 1 1 1 1 0 0 0 0 0 0 0 0 0 0
"119" 119 0.162790697674 194 125 57 54 25 19 11 8 4 1 1 1 0 0 0 0 0 0 0 0
"120" 120 0.062015503876 373 74 25 9 8 6 3 2 0 0 0 0 0 0 0 0 0 0 0 0
"121" 121 0.163461538462 254 194 17 11 9 9 2 1 1 1 1 0 0 0 0 0 0 0 0 0
"122" 122 0.170542635659 177 164 58 52 25 12 5 3 3 1 0 0 0 0 0 0 0 0 0 0
"123" 123 0.116279069767 139 88 83 76 59 20 13 11 4 3 2 1 1 0 0 0 0 0 0 0
"124" 124 0.0529801324503 230 139 121 5 5 0 0 0 0 0 0 0 0 0 0 0 0 0 0 0
"125" 125 0.0696517412935 271 48 46 44 40 23 10 9 3 3 2 1 0 0 0 0 0 0 0 0
"126" 126 0.411392405063 172 138 115 29 17 11 6 5 3 2 1 1 0 0 0 0 0 0 0 0
"127" 127 0.55230125523 430 60 9 1 0 0 0 0 0 0 0 0 0 0 0 0 0 0 0 0
"128" 128 0.0172413793103 327 137 36 0 0 0 0 0 0 0 0 0 0 0 0 0 0 0 0 0
"129" 129 0.0 479 7 5 3 2 2 1 1 0 0 0 0 0 0 0 0 0 0 0 0
"130" 130 0.100628930818 436 22 16 15 4 3 2 2 0 0 0 0 0 0 0 0 0 0 0 0
"131" 131 0.129353233831 398 76 7 5 4 4 3 1 1 1 0 0 0 0 0 0 0 0 0 0
"132" 132 0.0621761658031 290 85 60 35 7 6 3 3 3 2 2 2 1 1 0 0 0 0 0 0
"133" 133 0.0 251 171 48 24 4 2 0 0 0 0 0 0 0 0 0 0 0 0 0 0
"134" 134 0.0 426 38 17 11 8 0 0 0 0 0 0 0 0 0 0 0 0 0 0 0
"135" 135 0.0109489051095 219 184 49 27 9 6 2 2 1 1 0 0 0 0 0 0 0 0 0 0
"136" 136 0.0 178 176 81 35 14 4 3 2 2 2 1 1 1 0 0 0 0 0 0 0
"137" 137 0.043795620438 240 201 30 17 12 0 0 0 0 0 0 0 0 0 0 0 0 0 0 0
"138" 138 0.0248756218905 475 11 6 3 3 1 1 0 0 0 0 0 0 0 0 0 0 0 0 0
"139" 139 0.0 260 100 65 49 9 6 3 2 2 1 1 1 1 0 0 0 0 0 0 0
"140" 140 0.015503875969 343 104 27 10 7 3 2 2 1 1 0 0 0 0 0 0 0 0 0 0
"141" 141 0.0 500 0 0 0 0 0 0 0 0 0 0 0 0 0 0 0 0 0 0 0
"142" 142 0.103448275862 209 135 110 14 8 7 4 4 3 3 1 1 1 0 0 0 0 0 0 0
"143" 143 0.0384615384615 500 0 0 0 0 0 0 0 0 0 0 0 0 0 0 0 0 0 0 0
"144" 144 0.518987341772 235 88 76 31 22 22 19 2 2 2 1 0 0 0 0 0 0 0 0 0
"145" 145 0.211538461538 184 88 56 48 36 29 26 13 12 4 1 1 1 1 0 0 0 0 0 0
"146" 146 0.658914728682 340 97 26 10 9 8 7 1 1 1 0 0 0 0 0 0 0 0 0 0
"147" 147 0.736434108527 196 154 73 43 25 5 3 1 0 0 0 0 0 0 0 0 0 0 0 0
"148" 148 0.434977578475 297 50 44 34 33 18 15 4 3 2 0 0 0 0 0 0 0 0 0 0
"149" 149 0.222627737226 218 108 47 45 31 21 18 6 4 2 0 0 0 0 0 0 0 0 0 0
"150" 150 0.151785714286 254 86 65 32 20 15 12 8 6 1 1 0 0 0 0 0 0 0 0 0
"151" 151 0.00836820083682 227 162 110 1 0 0 0 0 0 0 0 0 0 0 0 0 0 0 0 0
"152" 152 0.5 168 149 42 38 32 22 16 14 12 4 3 0 0 0 0 0 0 0 0 0
"153" 153 0.211538461538 468 18 10 2 1 1 0 0 0 0 0 0 0 0 0 0 0 0 0 0
"154" 154 0.124378109453 342 54 42 21 8 7 6 5 4 4 4 2 1 0 0 0 0 0 0 0
"155" 155 0.451923076923 200 117 73 38 31 19 15 4 2 1 0 0 0 0 0 0 0 0 0 0
"156" 156 0.292307692308 197 148 105 18 13 10 2 1 1 1 1 1 1 1 0 0 0 0 0 0
"157" 157 0.0 461 16 11 10 2 0 0 0 0 0 0 0 0 0 0 0 0 0 0 0
"158" 158 0.223350253807 213 211 24 20 16 8 4 1 1 1 1 0 0 0 0 0 0 0 0 0
"159" 159 0.406976744186 122 119 108 71 54 12 4 4 4 1 1 0 0 0 0 0 0 0 0 0
"160" 160 0.409282700422 232 80 68 50 25 23 10 8 2 2 0 0 0 0 0 0 0 0 0 0
"161" 161 0.0203045685279 150 126 84 71 47 18 3 1 0 0 0 0 0 0 0 0 0 0 0 0
"162" 162 0.44769874477 372 76 34 13 3 2 0 0 0 0 0 0 0 0 0 0 0 0 0 0
"163" 163 0.763713080169 180 146 93 29 23 17 4 3 2 2 1 0 0 0 0 0 0 0 0 0
"164" 164 0.370860927152 151 100 96 65 52 10 7 6 6 4 1 1 1 0 0 0 0 0 0 0
"165" 165 0.238341968912 176 137 74 70 30 8 2 1 1 1 0 0 0 0 0 0 0 0 0 0
"166" 166 0.230769230769 500 0 0 0 0 0 0 0 0 0 0 0 0 0 0 0 0 0 0 0
"167" 167 0.52736318408 325 85 43 38 5 2 1 1 0 0 0 0 0 0 0 0 0 0 0 0
"168" 168 0.270072992701 386 53 27 16 15 1 1 1 0 0 0 0 0 0 0 0 0 0 0 0
"169" 169 0.0192307692308 500 0 0 0 0 0 0 0 0 0 0 0 0 0 0 0 0 0 0 0
"170" 170 0.044776119403 500 0 0 0 0 0 0 0 0 0 0 0 0 0 0 0 0 0 0 0
"171" 171 0.235741444867 473 18 6 2 1 0 0 0 0 0 0 0 0 0 0 0 0 0 0 0
"172" 172 0.2466367713 210 153 47 39 29 9 6 4 2 1 0 0 0 0 0 0 0 0 0 0
"173" 173 0.0673076923077 500 0 0 0 0 0 0 0 0 0 0 0 0 0 0 0 0 0 0 0
"174" 174 0.171548117155 310 152 24 7 4 2 1 0 0 0 0 0 0 0 0 0 0 0 0 0
"175" 175 0.589743589744 183 129 121 35 15 6 5 3 2 1 0 0 0 0 0 0 0 0 0 0
"176" 176 0.0 293 66 47 38 25 11 8 4 4 2 1 1 0 0 0 0 0 0 0 0
"177" 177 0.0662251655629 216 126 49 33 17 15 13 11 8 8 3 1 0 0 0 0 0 0 0 0
"178" 178 0.155172413793 191 187 69 18 9 7 7 6 2 1 1 1 1 0 0 0 0 0 0 0
"179" 179 0.394618834081 188 152 90 37 24 6 1 1 1 0 0 0 0 0 0 0 0 0 0 0
"180" 180 0.0961538461538 203 134 112 24 11 7 5 4 0 0 0 0 0 0 0 0 0 0 0 0
"181" 181 0.248730964467 340 36 34 25 19 18 12 9 5 1 1 0 0 0 0 0 0 0 0 0
"182" 182 0.319796954315 244 177 35 25 7 5 2 1 1 1 1 1 0 0 0 0 0 0 0 0
"183" 183 0.299492385787 155 58 53 48 42 38 34 23 15 11 8 8 4 3 0 0 0 0 0 0
"184" 184 0.326996197719 231 210 23 13 12 11 0 0 0 0 0 0 0 0 0 0 0 0 0 0
"185" 185 0.200729927007 356 34 26 20 17 17 10 6 6 4 3 1 0 0 0 0 0 0 0 0
"186" 186 0.201550387597 242 129 62 24 17 10 9 3 1 1 1 1 0 0 0 0 0 0 0 0
"187" 187 0.124031007752 269 75 40 31 28 27 17 5 3 2 1 1 1 0 0 0 0 0 0 0
"188" 188 0.235741444867 225 204 46 13 5 4 2 1 0 0 0 0 0 0 0 0 0 0 0 0
"189" 189 0.326359832636 113 99 81 61 38 36 35 10 9 6 5 5 1 1 0 0 0 0 0 0
"190" 190 0.240384615385 324 68 42 34 14 10 4 2 1 1 0 0 0 0 0 0 0 0 0 0
"191" 191 0.287356321839 182 117 47 42 31 29 19 10 9 9 3 2 0 0 0 0 0 0 0 0
"192" 192 0.266159695817 368 51 47 27 6 1 0 0 0 0 0 0 0 0 0 0 0 0 0 0
"193" 193 0.305699481865 197 73 66 65 35 28 24 5 4 1 1 1 0 0 0 0 0 0 0 0
"194" 194 0.610465116279 179 119 89 54 19 16 12 11 1 0 0 0 0 0 0 0 0 0 0 0
"195" 195 0.193798449612 135 119 55 43 35 25 21 21 12 7 7 5 4 4 3 2 2 0 0 0
"196" 196 0.53164556962 198 150 48 37 25 21 7 5 3 2 2 1 1 0 0 0 0 0 0 0
"197" 197 0.605769230769 236 80 72 40 23 20 12 5 3 3 2 1 1 1 1 0 0 0 0 0
"198" 198 0.733944954128 184 137 104 50 16 3 2 1 1 1 1 0 0 0 0 0 0 0 0 0
"199" 199 0.81592039801 500 0 0 0 0 0 0 0 0 0 0 0 0 0 0 0 0 0 0 0
"200" 200 0.276729559748 99 77 74 51 36 33 32 27 22 19 16 6 5 3 0 0 0 0 0 0
"201" 201 0.621761658031 256 96 49 41 27 17 9 4 1 0 0 0 0 0 0 0 0 0 0 0
"202" 202 0.723270440252 478 18 4 0 0 0 0 0 0 0 0 0 0 0 0 0 0 0 0 0
"203" 203 0.329113924051 89 77 66 64 54 46 42 24 22 13 2 1 0 0 0 0 0 0 0 0
"204" 204 0.733333333333 250 80 39 34 26 22 15 15 9 5 5 0 0 0 0 0 0 0 0 0
"205" 205 0.350574712644 172 63 59 42 33 28 21 18 17 16 8 7 6 4 4 1 1 0 0 0
"206" 206 0.631578947368 300 115 41 20 6 6 5 4 2 1 0 0 0 0 0 0 0 0 0 0
"207" 207 0.756345177665 175 120 89 82 11 10 8 2 2 1 0 0 0 0 0 0 0 0 0 0
"208" 208 0.568527918782 206 86 83 51 37 14 12 7 3 1 0 0 0 0 0 0 0 0 0 0
"209" 209 0.270114942529 104 76 68 51 49 36 31 29 28 18 4 2 2 1 1 0 0 0 0 0
"210" 210 0.350993377483 223 56 41 35 28 21 18 17 10 9 9 7 7 7 6 3 3 0 0 0
"211" 211 0.265957446809 290 61 47 21 21 19 18 9 5 3 2 1 1 1 1 0 0 0 0 0
"212" 212 0.408256880734 204 74 68 45 40 36 14 14 2 2 1 0 0 0 0 0 0 0 0 0
"213" 213 0.238578680203 90 67 65 46 45 36 31 28 28 25 13 8 7 5 2 2 1 1 0 0
"214" 214 0.170542635659 227 89 87 43 28 11 8 3 2 1 1 0 0 0 0 0 0 0 0 0
"215" 215 0.0896860986547 149 91 71 39 36 34 26 15 13 11 8 6 1 0 0 0 0 0 0 0
"216" 216 0.488372093023 226 122 53 41 24 16 7 4 3 2 1 1 0 0 0 0 0 0 0 0
"217" 217 0.0114942528736 298 155 19 14 5 4 2 2 1 0 0 0 0 0 0 0 0 0 0 0
"218" 218 0.226744186047 141 118 64 64 52 17 13 7 6 5 3 3 2 2 2 1 0 0 0 0
"219" 219 0.193798449612 130 112 99 81 32 20 12 4 4 3 2 1 0 0 0 0 0 0 0 0
"220" 220 0.310344827586 208 158 36 19 19 19 16 7 5 5 3 2 2 1 0 0 0 0 0 0
"221" 221 0.0 500 0 0 0 0 0 0 0 0 0 0 0 0 0 0 0 0 0 0 0
"222" 222 0.115384615385 104 84 49 44 44 38 37 26 25 24 10 4 4 3 2 1 1 0 0 0
"223" 223 0.323383084577 306 45 41 27 17 16 16 10 6 4 4 3 2 2 1 0 0 0 0 0
"224" 224 0.442528735632 111 96 65 47 47 35 18 14 12 10 9 9 8 8 5 4 1 1 0 0
"225" 225 0.0927152317881 417 83 0 0 0 0 0 0 0 0 0 0 0 0 0 0 0 0 0 0
"226" 226 0.0114068441065 293 136 55 11 5 0 0 0 0 0 0 0 0 0 0 0 0 0 0 0
"227" 227 0.119496855346 258 110 87 14 10 9 6 2 1 1 1 1 0 0 0 0 0 0 0 0
"228" 228 0.171548117155 116 70 68 62 59 23 18 16 15 15 13 10 9 6 0 0 0 0 0 0
"229" 229 0.165803108808 129 97 80 48 46 28 24 18 14 7 7 2 0 0 0 0 0 0 0 0
"230" 230 0.0 391 95 13 1 0 0 0 0 0 0 0 0 0 0 0 0 0 0 0 0
"231" 231 0.0 304 66 37 21 20 19 14 8 8 1 1 1 0 0 0 0 0 0 0 0
"232" 232 0.0802919708029 224 107 84 41 21 11 4 3 2 1 1 1 0 0 0 0 0 0 0 0
"233" 233 0.0948905109489 163 88 76 74 29 21 11 11 8 7 4 4 2 1 1 0 0 0 0 0
"234" 234 0.0 258 206 12 10 8 3 1 1 1 0 0 0 0 0 0 0 0 0 0 0
"235" 235 0.0275229357798 198 138 56 44 33 13 10 5 2 1 0 0 0 0 0 0 0 0 0 0
"236" 236 0.0 232 87 43 37 34 32 20 11 3 1 0 0 0 0 0 0 0 0 0 0
"237" 237 0.0137614678899 307 71 50 50 19 2 1 0 0 0 0 0 0 0 0 0 0 0 0 0
"238" 238 0.0179372197309 396 95 4 2 2 1 0 0 0 0 0 0 0 0 0 0 0 0 0 0
"239" 239 0.0 273 214 9 4 0 0 0 0 0 0 0 0 0 0 0 0 0 0 0 0
"240" 240 0.346153846154 500 0 0 0 0 0 0 0 0 0 0 0 0 0 0 0 0 0 0 0
"241" 241 0.109489051095 277 134 59 13 8 6 1 1 1 0 0 0 0 0 0 0 0 0 0 0
"242" 242 0.430379746835 152 68 67 62 50 43 32 13 8 3 2 0 0 0 0 0 0 0 0 0
"243" 243 0.567307692308 500 0 0 0 0 0 0 0 0 0 0 0 0 0 0 0 0 0 0 0
"244" 244 0.852713178295 263 146 70 13 5 2 1 0 0 0 0 0 0 0 0 0 0 0 0 0
"245" 245 0.367875647668 163 120 115 46 32 12 6 3 2 1 0 0 0 0 0 0 0 0 0 0
"246" 246 0.370558375635 242 144 84 13 12 4 1 0 0 0 0 0 0 0 0 0 0 0 0 0
"247" 247 0.211009174312 118 91 88 78 53 39 9 8 5 5 3 1 1 1 0 0 0 0 0 0
"248" 248 0.0228136882129 401 40 28 21 5 2 2 1 0 0 0 0 0 0 0 0 0 0 0 0
"249" 249 0.709302325581 134 123 93 43 31 29 18 11 10 8 0 0 0 0 0 0 0 0 0 0
"250" 250 0.221153846154 206 190 57 45 1 1 0 0 0 0 0 0 0 0 0 0 0 0 0 0
"251" 251 0.21511627907 225 88 42 38 27 24 19 13 5 4 4 3 3 2 1 1 1 0 0 0
"252" 252 0.568965517241 360 93 17 11 7 5 3 3 1 0 0 0 0 0 0 0 0 0 0 0
"253" 253 0.165803108808 158 82 77 72 47 29 11 9 8 4 3 0 0 0 0 0 0 0 0 0
"254" 254 0.0 343 85 61 4 3 2 1 1 0 0 0 0 0 0 0 0 0 0 0 0
"255" 255 0.251773049645 165 84 72 48 44 33 18 18 10 5 3 0 0 0 0 0 0 0 0 0
"256" 256 0.529197080292 167 135 65 45 29 28 14 8 7 2 0 0 0 0 0 0 0 0 0 0
"257" 257 0.320675105485 303 87 32 28 17 15 9 4 1 1 1 1 1 0 0 0 0 0 0 0
"258" 258 0.0 364 91 16 11 8 5 2 2 1 0 0 0 0 0 0 0 0 0 0 0
"259" 259 0.294573643411 132 109 103 40 36 34 29 8 2 2 2 1 1 1 0 0 0 0 0 0
"260" 260 0.654008438819 183 150 113 18 17 7 7 3 2 0 0 0 0 0 0 0 0 0 0 0
"261" 261 0.60103626943 156 108 79 63 37 34 9 5 4 3 2 0 0 0 0 0 0 0 0 0
"262" 262 0.178571428571 314 120 40 18 4 2 1 1 0 0 0 0 0 0 0 0 0 0 0 0
"263" 263 0.201923076923 500 0 0 0 0 0 0 0 0 0 0 0 0 0 0 0 0 0 0 0
"264" 264 0.635220125786 196 75 63 43 39 30 30 12 6 4 2 0 0 0 0 0 0 0 0 0
"265" 265 0.341772151899 257 118 66 37 12 5 2 2 1 0 0 0 0 0 0 0 0 0 0 0
"266" 266 0.031007751938 276 141 68 12 3 0 0 0 0 0 0 0 0 0 0 0 0 0 0 0
"267" 267 0.0753138075314 286 136 27 24 9 7 6 2 2 1 0 0 0 0 0 0 0 0 0 0
"268" 268 0.393305439331 377 93 19 9 1 1 0 0 0 0 0 0 0 0 0 0 0 0 0 0
"269" 269 0.291139240506 275 73 69 25 22 18 8 4 2 1 1 1 1 0 0 0 0 0 0 0
"270" 270 0.0961538461538 500 0 0 0 0 0 0 0 0 0 0 0 0 0 0 0 0 0 0 0
"271" 271 0.0387596899225 353 72 41 18 9 4 2 1 0 0 0 0 0 0 0 0 0 0 0 0
"272" 272 0.570921985816 227 145 36 33 23 13 7 6 5 2 2 1 0 0 0 0 0 0 0 0
"273" 273 0.00662251655629 443 29 14 7 3 3 1 0 0 0 0 0 0 0 0 0 0 0 0 0
"274" 274 0.117948717949 99 90 61 60 53 32 26 19 16 15 12 7 4 4 1 1 0 0 0 0
"275" 275 0.0919540229885 149 132 98 74 16 6 5 5 4 4 3 2 1 1 0 0 0 0 0 0
"276" 276 0.308457711443 188 81 63 61 53 30 16 5 2 1 0 0 0 0 0 0 0 0 0 0
"277" 277 0.29197080292 100 88 79 69 53 33 17 13 13 12 10 6 4 2 1 0 0 0 0 0
"278" 278 0.125 139 133 49 37 33 28 24 21 9 7 4 4 4 4 2 1 1 0 0 0
"279" 279 0.366972477064 195 180 75 17 16 4 4 3 3 1 1 1 0 0 0 0 0 0 0 0
"280" 280 0.240384615385 181 99 90 51 31 20 10 9 3 2 2 2 0 0 0 0 0 0 0 0
"281" 281 0.105769230769 230 164 51 22 18 5 4 2 1 1 1 1 0 0 0 0 0 0 0 0
"282" 282 0.15503875969 259 65 40 35 22 18 14 11 10 8 6 6 4 1 1 0 0 0 0 0
"283" 283 0.481171548117 210 153 43 41 26 12 10 3 1 1 0 0 0 0 0 0 0 0 0 0
"284" 284 0.14367816092 121 78 72 72 68 47 16 14 6 5 1 0 0 0 0 0 0 0 0 0
"285" 285 0.313432835821 213 148 84 36 10 3 2 2 1 1 0 0 0 0 0 0 0 0 0 0
"286" 286 0.367816091954 208 110 40 36 28 28 24 14 4 3 3 2 0 0 0 0 0 0 0 0
"287" 287 0.517412935323 178 131 77 47 26 9 8 7 6 6 3 2 0 0 0 0 0 0 0 0
"288" 288 0.32319391635 225 83 79 41 17 13 13 12 5 5 4 3 0 0 0 0 0 0 0 0
"289" 289 0.626943005181 198 95 73 67 19 15 12 9 6 3 2 1 0 0 0 0 0 0 0 0
"290" 290 0.71875 187 114 35 34 24 22 18 17 17 14 12 6 0 0 0 0 0 0 0 0
"291" 291 0.659898477157 229 171 36 36 7 7 5 4 4 1 0 0 0 0 0 0 0 0 0 0
