"site" "RSA" "aa1" "aa2" "aa3" "aa4" "aa5" "aa6" "aa7" "aa8" "aa9" "aa10" "aa11" "aa12" "aa13" "aa14" "aa15" "aa16" "aa17" "aa18" "aa19" "aa20"
"0" 0 0.79274611399 131 129 119 71 12 11 11 10 3 2 1 0 0 0 0 0 0 0 0 0
"1" 1 0.593908629442 171 167 56 40 32 18 10 4 1 1 0 0 0 0 0 0 0 0 0 0
"2" 2 0.611398963731 196 159 67 32 19 15 5 4 2 1 0 0 0 0 0 0 0 0 0 0
"3" 3 0.43023255814 169 135 50 46 34 29 24 6 4 2 1 0 0 0 0 0 0 0 0 0
"4" 4 0.512437810945 159 91 84 54 41 30 11 9 9 5 4 3 0 0 0 0 0 0 0 0
"5" 5 0.548223350254 253 66 60 50 33 12 9 6 5 5 1 0 0 0 0 0 0 0 0 0
"6" 6 0.403973509934 237 72 58 33 21 19 17 16 11 10 6 0 0 0 0 0 0 0 0 0
"7" 7 0.410256410256 164 93 87 33 30 25 23 16 12 11 5 1 0 0 0 0 0 0 0 0
"8" 8 0.502564102564 178 115 78 41 23 17 16 10 6 5 5 5 1 0 0 0 0 0 0 0
"9" 9 0.410852713178 164 71 56 50 35 27 21 20 19 18 11 7 1 0 0 0 0 0 0 0
"10" 10 0.567164179104 128 105 77 73 57 33 7 7 4 4 3 1 1 0 0 0 0 0 0 0
"11" 11 0.418439716312 150 147 105 30 19 17 12 6 5 3 3 2 1 0 0 0 0 0 0 0
"12" 12 0.271523178808 113 101 65 55 51 45 30 16 12 6 3 2 1 0 0 0 0 0 0 0
"13" 13 0.497890295359 133 119 94 37 30 21 15 15 12 11 10 1 1 1 0 0 0 0 0 0
"14" 14 0.422018348624 205 70 62 48 43 28 12 10 8 5 3 3 3 0 0 0 0 0 0 0
"15" 15 0.10447761194 321 118 22 8 8 6 6 5 5 1 0 0 0 0 0 0 0 0 0 0
"16" 16 0.436781609195 198 119 73 38 19 18 18 10 4 2 1 0 0 0 0 0 0 0 0 0
"17" 17 0.549107142857 228 116 86 22 19 14 6 5 2 1 1 0 0 0 0 0 0 0 0 0
"18" 18 0.709821428571 172 118 60 52 35 17 13 10 9 9 2 2 1 0 0 0 0 0 0 0
"19" 19 0.450777202073 189 71 69 54 41 22 16 13 8 5 4 4 2 2 0 0 0 0 0 0
"20" 20 0.465408805031 487 6 5 1 1 0 0 0 0 0 0 0 0 0 0 0 0 0 0 0
"21" 21 0.125 155 124 67 54 43 18 11 9 7 5 5 1 1 0 0 0 0 0 0 0
"22" 22 0.26359832636 333 83 58 7 6 5 3 3 1 1 0 0 0 0 0 0 0 0 0 0
"23" 23 0.301255230126 394 68 12 10 5 4 2 2 1 1 1 0 0 0 0 0 0 0 0 0
"24" 24 0.526785714286 150 90 59 46 33 31 30 20 18 8 7 6 1 1 0 0 0 0 0 0
"25" 25 0.464135021097 125 120 88 48 30 29 18 18 13 4 4 1 1 1 0 0 0 0 0 0
"26" 26 0.402985074627 423 20 15 11 9 9 6 2 2 2 1 0 0 0 0 0 0 0 0 0
"27" 27 0.627906976744 232 70 69 49 21 18 15 8 6 6 3 3 0 0 0 0 0 0 0 0
"28" 28 0.497757847534 369 60 30 24 7 4 3 2 1 0 0 0 0 0 0 0 0 0 0 0
"29" 29 0.736434108527 284 91 25 24 21 16 14 13 7 4 1 0 0 0 0 0 0 0 0 0
"30" 30 0.618834080717 126 114 107 81 30 14 6 6 6 5 3 1 1 0 0 0 0 0 0 0
"31" 31 0.561181434599 159 104 89 30 29 22 19 17 16 5 4 3 1 1 1 0 0 0 0 0
"32" 32 0.132075471698 458 33 7 2 0 0 0 0 0 0 0 0 0 0 0 0 0 0 0 0
"33" 33 0.441605839416 247 76 73 46 20 18 9 5 5 1 0 0 0 0 0 0 0 0 0 0
"34" 34 0.175732217573 360 46 32 30 11 10 4 3 2 2 0 0 0 0 0 0 0 0 0 0
"35" 35 0.0 339 68 55 15 12 5 4 1 1 0 0 0 0 0 0 0 0 0 0 0
"36" 36 0.0141843971631 154 114 82 50 47 15 15 8 5 4 4 1 1 0 0 0 0 0 0 0
"37" 37 0.0 309 75 42 38 10 9 5 4 3 2 2 1 0 0 0 0 0 0 0 0
"38" 38 0.00961538461538 277 140 76 2 2 1 1 1 0 0 0 0 0 0 0 0 0 0 0 0
"39" 39 0.0189873417722 395 60 31 10 4 0 0 0 0 0 0 0 0 0 0 0 0 0 0 0
"40" 40 0.430463576159 290 94 43 24 20 10 8 4 2 2 2 1 0 0 0 0 0 0 0 0
"41" 41 0.40414507772 187 101 72 63 11 10 10 9 8 7 7 6 6 2 1 0 0 0 0 0
"42" 42 0.23178807947 132 130 94 52 46 22 20 2 2 0 0 0 0 0 0 0 0 0 0 0
"43" 43 0.551094890511 111 97 72 51 41 32 20 16 14 10 9 8 7 4 3 2 2 1 0 0
"44" 44 0.166666666667 127 65 63 52 39 36 30 26 24 18 7 6 5 1 1 0 0 0 0 0
"45" 45 0.364779874214 190 181 56 22 18 18 11 3 1 0 0 0 0 0 0 0 0 0 0 0
"46" 46 0.0 198 120 57 46 23 18 11 10 6 4 4 2 1 0 0 0 0 0 0 0
"47" 47 0.294642857143 124 88 78 61 46 29 21 15 14 8 8 3 3 1 1 0 0 0 0 0
"48" 48 0.748175182482 197 138 64 48 32 7 4 4 3 2 1 0 0 0 0 0 0 0 0 0
"49" 49 0.1592039801 450 26 10 7 4 1 1 1 0 0 0 0 0 0 0 0 0 0 0 0
"50" 50 0.28488372093 219 82 72 62 21 20 10 5 3 3 2 1 0 0 0 0 0 0 0 0
"51" 51 0.538461538462 500 0 0 0 0 0 0 0 0 0 0 0 0 0 0 0 0 0 0 0
"52" 52 0.124378109453 141 119 75 66 53 10 9 5 5 5 3 2 2 2 2 1 0 0 0 0
"53" 53 0.459821428571 247 110 74 25 15 8 7 3 3 2 2 2 1 1 0 0 0 0 0 0
"54" 54 0.534591194969 225 105 67 56 16 10 9 5 4 2 1 0 0 0 0 0 0 0 0 0
"55" 55 0.384615384615 500 0 0 0 0 0 0 0 0 0 0 0 0 0 0 0 0 0 0 0
"56" 56 0.290178571429 211 162 40 38 25 10 7 3 2 1 1 0 0 0 0 0 0 0 0 0
"57" 57 0.089552238806 173 118 81 28 24 24 23 16 9 2 2 0 0 0 0 0 0 0 0 0
"58" 58 0.255230125523 266 125 47 27 11 7 6 4 2 2 1 1 1 0 0 0 0 0 0 0
"59" 59 0.333333333333 162 144 77 72 12 10 9 6 4 3 1 0 0 0 0 0 0 0 0 0
"60" 60 0.0765550239234 281 106 46 32 25 3 3 2 1 1 0 0 0 0 0 0 0 0 0 0
"61" 61 0.251824817518 177 102 60 38 36 18 16 16 14 8 7 6 2 0 0 0 0 0 0 0
"62" 62 0.0769230769231 460 30 9 1 0 0 0 0 0 0 0 0 0 0 0 0 0 0 0 0
"63" 63 0.293103448276 169 119 44 41 35 20 17 15 13 9 5 3 2 2 2 2 2 0 0 0
"64" 64 0.0 460 25 13 2 0 0 0 0 0 0 0 0 0 0 0 0 0 0 0 0
"65" 65 0.0102564102564 138 136 133 36 29 27 1 0 0 0 0 0 0 0 0 0 0 0 0 0
"66" 66 0.0 145 88 75 52 40 30 26 23 8 6 3 2 2 0 0 0 0 0 0 0
"67" 67 0.0114942528736 156 154 41 39 32 31 20 9 5 4 4 2 2 1 0 0 0 0 0 0
"68" 68 0.0659898477157 137 130 100 57 26 11 10 7 6 6 3 3 2 2 0 0 0 0 0 0
"69" 69 0.622009569378 199 87 82 37 17 13 11 11 11 9 8 6 4 3 2 0 0 0 0 0
"70" 70 0.720930232558 347 71 28 22 12 10 7 2 1 0 0 0 0 0 0 0 0 0 0 0
"71" 71 0.150259067358 437 21 15 14 8 3 1 1 0 0 0 0 0 0 0 0 0 0 0 0
"72" 72 0.616915422886 153 143 99 36 27 22 16 3 1 0 0 0 0 0 0 0 0 0 0 0
"73" 73 0.517948717949 200 61 58 40 39 29 25 25 9 7 6 1 0 0 0 0 0 0 0 0
"74" 74 0.0 174 118 82 50 38 15 10 6 3 2 1 1 0 0 0 0 0 0 0 0
"75" 75 0.169154228856 144 112 95 46 40 28 14 8 6 3 3 1 0 0 0 0 0 0 0 0
"76" 76 0.403973509934 122 84 82 73 58 26 20 14 11 6 1 1 1 1 0 0 0 0 0 0
"77" 77 0.149425287356 173 132 64 27 22 19 17 16 10 8 5 4 1 1 1 0 0 0 0 0
"78" 78 0.0 213 92 87 19 17 17 15 13 13 6 5 2 1 0 0 0 0 0 0 0
"79" 79 0.345291479821 176 98 85 64 31 15 14 11 4 2 0 0 0 0 0 0 0 0 0 0
"80" 80 0.41825095057 297 106 23 21 16 14 9 6 4 3 1 0 0 0 0 0 0 0 0 0
"81" 81 0.0 300 169 18 13 0 0 0 0 0 0 0 0 0 0 0 0 0 0 0 0
"82" 82 0.0 193 86 49 40 26 23 21 21 19 9 4 4 3 1 1 0 0 0 0 0
"83" 83 0.295336787565 137 99 93 61 30 26 23 14 5 3 3 3 2 1 0 0 0 0 0 0
"84" 84 0.373563218391 357 47 28 24 19 19 3 2 1 0 0 0 0 0 0 0 0 0 0 0
"85" 85 0.0995024875622 437 16 15 12 8 4 4 2 2 0 0 0 0 0 0 0 0 0 0 0
"86" 86 0.513392857143 242 60 46 36 26 23 22 20 13 9 3 0 0 0 0 0 0 0 0 0
"87" 87 0.0 276 180 34 8 2 0 0 0 0 0 0 0 0 0 0 0 0 0 0 0
"88" 88 0.379464285714 219 165 37 27 14 13 8 7 3 3 3 1 0 0 0 0 0 0 0 0
"89" 89 0.200956937799 358 60 35 31 6 5 3 2 0 0 0 0 0 0 0 0 0 0 0 0
"90" 90 0.0 235 85 54 34 33 30 22 4 3 0 0 0 0 0 0 0 0 0 0 0
"91" 91 0.0355329949239 300 99 44 27 15 6 4 2 1 1 1 0 0 0 0 0 0 0 0 0
"92" 92 0.00507614213198 235 207 17 17 10 6 4 2 2 0 0 0 0 0 0 0 0 0 0 0
"93" 93 0.0253164556962 294 72 65 36 31 2 0 0 0 0 0 0 0 0 0 0 0 0 0 0
"94" 94 0.0 197 137 98 42 19 5 1 1 0 0 0 0 0 0 0 0 0 0 0 0
"95" 95 0.0478468899522 312 99 28 20 20 10 3 3 2 2 1 0 0 0 0 0 0 0 0 0
"96" 96 0.106463878327 147 84 76 75 47 26 12 11 8 4 3 2 2 2 1 0 0 0 0 0
"97" 97 0.557692307692 499 1 0 0 0 0 0 0 0 0 0 0 0 0 0 0 0 0 0 0
"98" 98 0.0189873417722 442 34 17 4 2 1 0 0 0 0 0 0 0 0 0 0 0 0 0 0
"99" 99 0.384615384615 131 130 115 55 30 14 12 8 3 1 1 0 0 0 0 0 0 0 0 0
"100" 100 0.0576923076923 196 135 55 54 30 21 3 2 2 1 1 0 0 0 0 0 0 0 0 0
"101" 101 0.0287356321839 251 118 42 38 34 9 4 2 1 1 0 0 0 0 0 0 0 0 0 0
"102" 102 0.363228699552 218 70 47 42 26 19 19 17 17 10 10 3 1 1 0 0 0 0 0 0
"103" 103 0.100775193798 127 84 81 75 49 21 14 10 8 6 6 6 5 3 2 2 1 0 0 0
"104" 104 0.0697674418605 466 32 2 0 0 0 0 0 0 0 0 0 0 0 0 0 0 0 0 0
"105" 105 0.229885057471 162 73 46 42 35 33 27 27 26 13 4 4 3 2 2 1 0 0 0 0
"106" 106 0.486607142857 110 93 61 57 47 41 32 24 15 9 6 2 2 1 0 0 0 0 0 0
"107" 107 0.476923076923 254 47 45 42 34 31 30 9 4 2 1 1 0 0 0 0 0 0 0 0
"108" 108 0.283018867925 103 91 88 68 58 27 25 19 12 4 3 1 1 0 0 0 0 0 0 0
"109" 109 0.857142857143 477 20 2 1 0 0 0 0 0 0 0 0 0 0 0 0 0 0 0 0
"110" 110 0.477611940299 80 70 62 60 57 55 32 22 15 12 11 8 7 4 4 1 0 0 0 0
"111" 111 0.442307692308 500 0 0 0 0 0 0 0 0 0 0 0 0 0 0 0 0 0 0 0
"112" 112 0.756218905473 276 76 51 28 27 23 12 5 2 0 0 0 0 0 0 0 0 0 0 0
"113" 113 0.269035532995 195 84 46 44 36 31 28 14 8 5 4 3 2 0 0 0 0 0 0 0
"114" 114 0.148717948718 195 181 73 11 11 11 6 3 3 2 2 1 1 0 0 0 0 0 0 0
"115" 115 0.523076923077 150 143 89 52 28 14 10 7 6 1 0 0 0 0 0 0 0 0 0 0
"116" 116 0.234042553191 252 79 76 34 20 14 9 7 7 1 1 0 0 0 0 0 0 0 0 0
"117" 117 0.0199004975124 160 100 89 83 17 12 8 8 6 6 4 4 3 0 0 0 0 0 0 0
"118" 118 0.393034825871 162 84 44 38 37 35 35 22 15 15 11 2 0 0 0 0 0 0 0 0
"119" 119 0.358851674641 116 90 55 41 41 35 31 30 20 19 13 8 1 0 0 0 0 0 0 0
"120" 120 0.0 313 77 31 29 22 7 7 4 4 2 2 1 1 0 0 0 0 0 0 0
"121" 121 0.375912408759 112 108 101 64 38 22 14 11 10 9 4 3 2 2 0 0 0 0 0 0
"122" 122 0.528497409326 117 98 46 46 43 29 28 26 25 19 15 8 0 0 0 0 0 0 0 0
"123" 123 0.0609137055838 238 190 35 18 5 4 4 3 1 1 1 0 0 0 0 0 0 0 0 0
"124" 124 0.205673758865 160 153 84 26 22 13 12 12 8 5 3 1 1 0 0 0 0 0 0 0
"125" 125 0.456066945607 269 69 64 44 25 13 9 5 1 1 0 0 0 0 0 0 0 0 0 0
"126" 126 0.497890295359 275 100 54 33 26 9 2 1 0 0 0 0 0 0 0 0 0 0 0 0
"127" 127 0.0622009569378 222 210 62 4 1 1 0 0 0 0 0 0 0 0 0 0 0 0 0 0
"128" 128 0.423841059603 187 71 67 51 42 37 17 9 7 5 3 2 1 1 0 0 0 0 0 0
"129" 129 0.615894039735 249 150 28 27 18 15 9 4 0 0 0 0 0 0 0 0 0 0 0 0
"130" 130 0.0398009950249 198 126 40 29 22 17 14 13 10 9 8 7 5 2 0 0 0 0 0 0
"131" 131 0.0199004975124 458 35 3 2 1 1 0 0 0 0 0 0 0 0 0 0 0 0 0 0
"132" 132 0.413461538462 268 67 65 21 20 19 16 6 5 4 4 4 1 0 0 0 0 0 0 0
"133" 133 0.59375 149 122 66 55 25 20 19 17 16 5 3 3 0 0 0 0 0 0 0 0
"134" 134 0.178899082569 204 171 50 38 21 8 5 2 1 0 0 0 0 0 0 0 0 0 0 0
"135" 135 0.433962264151 160 158 81 34 20 15 12 10 8 1 1 0 0 0 0 0 0 0 0 0
"136" 136 0.614349775785 296 118 42 17 16 5 3 2 1 0 0 0 0 0 0 0 0 0 0 0
"137" 137 0.607142857143 210 157 43 36 32 11 6 2 2 1 0 0 0 0 0 0 0 0 0 0
"138" 138 0.430656934307 127 104 91 61 37 31 27 17 4 1 0 0 0 0 0 0 0 0 0 0
"139" 139 0.20802919708 279 142 22 12 12 10 8 5 5 3 2 0 0 0 0 0 0 0 0 0
"140" 140 0.228855721393 128 103 88 33 29 26 24 22 14 9 8 4 4 4 2 1 1 0 0 0
"141" 141 0.212435233161 257 120 34 33 19 14 11 4 3 2 2 1 0 0 0 0 0 0 0 0
"142" 142 0.0988372093023 185 91 44 36 29 29 22 18 15 12 9 5 2 2 1 0 0 0 0 0
"143" 143 0.0 229 174 67 14 9 2 2 2 1 0 0 0 0 0 0 0 0 0 0 0
"144" 144 0.0253164556962 177 81 75 61 42 28 18 17 1 0 0 0 0 0 0 0 0 0 0 0
"145" 145 0.0892857142857 119 104 99 60 48 18 16 14 11 4 3 2 1 1 0 0 0 0 0 0
"146" 146 0.0 360 63 56 8 4 4 3 1 1 0 0 0 0 0 0 0 0 0 0 0
"147" 147 0.00512820512821 157 122 100 34 31 16 9 9 7 6 3 2 2 1 1 0 0 0 0 0
"148" 148 0.0 387 49 42 17 4 1 0 0 0 0 0 0 0 0 0 0 0 0 0 0
"149" 149 0.0137614678899 153 125 89 19 19 18 18 17 11 10 10 9 2 0 0 0 0 0 0 0
"150" 150 0.0535714285714 219 134 63 37 18 7 5 4 4 3 2 1 1 1 1 0 0 0 0 0
"151" 151 0.0179372197309 347 61 48 12 10 6 4 4 2 2 2 1 1 0 0 0 0 0 0 0
"152" 152 0.0172413793103 284 77 66 40 19 8 3 2 1 0 0 0 0 0 0 0 0 0 0 0
"153" 153 0.19391634981 219 145 92 9 9 8 6 4 4 3 1 0 0 0 0 0 0 0 0 0
"154" 154 0.133333333333 120 110 53 48 48 39 23 19 16 15 4 3 2 0 0 0 0 0 0 0
"155" 155 0.0 180 133 76 32 29 28 12 7 2 1 0 0 0 0 0 0 0 0 0 0
"156" 156 0.0 150 127 110 91 15 3 1 1 1 1 0 0 0 0 0 0 0 0 0 0
"157" 157 0.334928229665 126 123 71 67 39 22 19 16 8 4 3 1 1 0 0 0 0 0 0 0
"158" 158 0.105960264901 206 99 79 41 37 16 9 5 2 2 2 2 0 0 0 0 0 0 0 0
"159" 159 0.686046511628 187 82 61 58 52 30 8 7 5 5 4 1 0 0 0 0 0 0 0 0
"160" 160 0.0964467005076 205 74 65 40 26 25 20 16 11 7 3 3 2 1 1 1 0 0 0 0
"161" 161 0.0 184 85 78 49 30 22 17 11 10 7 6 1 0 0 0 0 0 0 0 0
"162" 162 0.233183856502 205 95 80 42 36 19 15 3 2 1 1 1 0 0 0 0 0 0 0 0
"163" 163 0.350993377483 145 139 94 63 19 13 9 6 4 4 1 1 1 1 0 0 0 0 0 0
"164" 164 0.0 187 124 69 52 15 12 10 9 9 4 4 2 1 1 1 0 0 0 0 0
"165" 165 0.0567375886525 427 34 13 6 5 4 4 3 2 2 0 0 0 0 0 0 0 0 0 0
"166" 166 0.662447257384 209 149 45 34 27 10 9 7 5 4 1 0 0 0 0 0 0 0 0 0
"167" 167 0.463503649635 149 87 67 64 51 16 14 13 11 11 11 4 2 0 0 0 0 0 0 0
"168" 168 0.423076923077 500 0 0 0 0 0 0 0 0 0 0 0 0 0 0 0 0 0 0 0
"169" 169 0.170403587444 148 128 69 54 22 20 15 10 8 7 6 5 3 2 1 1 1 0 0 0
"170" 170 0.725738396624 455 12 11 6 4 4 3 2 2 1 0 0 0 0 0 0 0 0 0 0
"171" 171 0.0114942528736 360 48 45 18 9 6 5 4 2 2 1 0 0 0 0 0 0 0 0 0
"172" 172 0.151162790698 166 164 53 26 20 19 18 12 11 3 3 3 2 0 0 0 0 0 0 0
"173" 173 0.0 122 117 114 71 55 12 3 1 1 1 1 1 1 0 0 0 0 0 0 0
"174" 174 0.124401913876 138 125 123 78 21 10 4 1 0 0 0 0 0 0 0 0 0 0 0 0
"175" 175 0.0 411 88 1 0 0 0 0 0 0 0 0 0 0 0 0 0 0 0 0 0
"176" 176 0.184397163121 247 103 72 25 24 19 4 2 1 1 1 1 0 0 0 0 0 0 0 0
"177" 177 0.0 219 112 60 43 21 16 8 6 5 5 3 2 0 0 0 0 0 0 0 0
"178" 178 0.0380228136882 274 222 4 0 0 0 0 0 0 0 0 0 0 0 0 0 0 0 0 0
"179" 179 0.125 130 110 80 59 47 34 20 5 3 3 3 3 1 1 1 0 0 0 0 0
"180" 180 0.38578680203 292 55 46 37 21 10 8 7 7 7 4 3 1 1 1 0 0 0 0 0
"181" 181 0.870813397129 190 108 45 41 40 33 21 14 4 2 1 1 0 0 0 0 0 0 0 0
"182" 182 0.59585492228 176 146 52 45 39 16 6 5 5 4 3 2 1 0 0 0 0 0 0 0
"183" 183 0.25 138 135 106 47 23 21 16 8 4 1 1 0 0 0 0 0 0 0 0 0
"184" 184 0.597014925373 138 112 72 68 56 16 15 8 7 5 2 1 0 0 0 0 0 0 0 0
"185" 185 0.238805970149 347 54 37 19 9 8 7 5 5 4 2 1 1 1 0 0 0 0 0 0
"186" 186 0.441605839416 284 90 44 34 24 6 6 6 2 2 1 1 0 0 0 0 0 0 0 0
"187" 187 0.430051813472 314 113 47 9 8 5 3 1 0 0 0 0 0 0 0 0 0 0 0 0
"188" 188 0.109452736318 166 143 78 57 33 10 7 5 1 0 0 0 0 0 0 0 0 0 0 0
"189" 189 0.414507772021 294 58 48 36 23 16 10 8 4 3 0 0 0 0 0 0 0 0 0 0
"190" 190 0.0229885057471 147 114 100 59 40 37 2 1 0 0 0 0 0 0 0 0 0 0 0 0
"191" 191 0.197674418605 271 74 55 39 17 12 10 8 7 5 1 1 0 0 0 0 0 0 0 0
"192" 192 0.0 222 173 94 9 2 0 0 0 0 0 0 0 0 0 0 0 0 0 0 0
"193" 193 0.43023255814 320 93 26 23 15 11 5 3 2 1 1 0 0 0 0 0 0 0 0 0
"194" 194 0.266666666667 238 153 71 24 10 3 1 0 0 0 0 0 0 0 0 0 0 0 0 0
"195" 195 0.321167883212 139 77 71 48 38 31 24 22 20 17 5 4 2 1 1 0 0 0 0 0
"196" 196 0.486607142857 189 153 66 47 27 8 3 3 3 1 0 0 0 0 0 0 0 0 0 0
"197" 197 0.191860465116 294 139 18 12 12 9 8 4 2 1 1 0 0 0 0 0 0 0 0 0
"198" 198 0.0199004975124 244 117 102 14 13 7 2 1 0 0 0 0 0 0 0 0 0 0 0 0
"199" 199 0.25 141 105 98 62 30 17 14 12 12 7 1 1 0 0 0 0 0 0 0 0
"200" 200 0.367713004484 165 164 69 30 20 17 12 10 4 4 4 1 0 0 0 0 0 0 0 0
"201" 201 0.175182481752 195 105 81 26 22 17 17 14 12 4 4 3 0 0 0 0 0 0 0 0
"202" 202 0.102661596958 217 153 72 25 9 9 4 4 3 2 1 1 0 0 0 0 0 0 0 0
"203" 203 0.521897810219 161 113 95 24 20 19 19 18 16 12 1 1 1 0 0 0 0 0 0 0
"204" 204 0.354066985646 155 138 93 51 19 17 12 9 2 1 1 1 1 0 0 0 0 0 0 0
"205" 205 0.0769230769231 293 107 54 28 12 2 1 1 1 1 0 0 0 0 0 0 0 0 0 0
"206" 206 0.0761421319797 201 86 49 42 40 39 10 9 7 6 3 3 2 1 1 1 0 0 0 0
"207" 207 0.311258278146 123 114 109 85 20 18 14 5 5 3 2 1 1 0 0 0 0 0 0 0
"208" 208 0.394871794872 100 94 83 64 40 27 27 20 19 18 5 3 0 0 0 0 0 0 0 0
"209" 209 0.149253731343 174 77 67 54 43 31 14 11 10 7 5 2 2 1 1 1 0 0 0 0
"210" 210 0.493670886076 321 59 47 17 10 9 9 8 7 5 3 2 2 1 0 0 0 0 0 0
"211" 211 0.716417910448 169 161 89 46 8 8 5 4 4 3 2 1 0 0 0 0 0 0 0 0
"212" 212 0.835443037975 152 105 91 57 32 25 21 5 4 4 1 1 1 1 0 0 0 0 0 0
