"site" "RSA" "aa1" "aa2" "aa3" "aa4" "aa5" "aa6" "aa7" "aa8" "aa9" "aa10" "aa11" "aa12" "aa13" "aa14" "aa15" "aa16" "aa17" "aa18" "aa19" "aa20"
"0" 0 0.353211009174 214 102 49 44 43 39 6 2 1 0 0 0 0 0 0 0 0 0 0 0
"1" 1 0.0 421 73 6 0 0 0 0 0 0 0 0 0 0 0 0 0 0 0 0 0
"2" 2 0.133720930233 298 110 51 22 13 2 2 1 1 0 0 0 0 0 0 0 0 0 0 0
"3" 3 0.00961538461538 500 0 0 0 0 0 0 0 0 0 0 0 0 0 0 0 0 0 0 0
"4" 4 0.462686567164 353 135 11 1 0 0 0 0 0 0 0 0 0 0 0 0 0 0 0 0
"5" 5 0.14367816092 471 22 6 1 0 0 0 0 0 0 0 0 0 0 0 0 0 0 0 0
"6" 6 0.383928571429 262 146 45 21 11 8 3 2 1 1 0 0 0 0 0 0 0 0 0 0
"7" 7 0.108527131783 447 52 1 0 0 0 0 0 0 0 0 0 0 0 0 0 0 0 0 0
"8" 8 0.304568527919 494 5 1 0 0 0 0 0 0 0 0 0 0 0 0 0 0 0 0 0
"9" 9 0.00961538461538 495 3 2 0 0 0 0 0 0 0 0 0 0 0 0 0 0 0 0 0
"10" 10 0.304597701149 226 192 41 12 9 7 7 6 0 0 0 0 0 0 0 0 0 0 0 0
"11" 11 0.0 188 144 135 21 8 1 1 1 1 0 0 0 0 0 0 0 0 0 0 0
"12" 12 0.350210970464 223 120 104 29 22 1 1 0 0 0 0 0 0 0 0 0 0 0 0 0
"13" 13 0.341968911917 422 38 14 11 7 6 1 1 0 0 0 0 0 0 0 0 0 0 0 0
"14" 14 0.195402298851 312 120 28 17 12 5 3 2 1 0 0 0 0 0 0 0 0 0 0 0
"15" 15 0.538116591928 473 12 6 4 3 1 1 0 0 0 0 0 0 0 0 0 0 0 0 0
"16" 16 0.519230769231 500 0 0 0 0 0 0 0 0 0 0 0 0 0 0 0 0 0 0 0
"17" 17 0.401162790698 228 174 59 16 11 6 5 1 0 0 0 0 0 0 0 0 0 0 0 0
"18" 18 0.451776649746 172 161 39 37 35 19 12 10 5 4 2 2 1 1 0 0 0 0 0 0
"19" 19 0.720207253886 196 93 84 55 34 24 11 3 0 0 0 0 0 0 0 0 0 0 0 0
"20" 20 0.712820512821 217 111 93 40 25 8 4 1 1 0 0 0 0 0 0 0 0 0 0 0
"21" 21 0.125 500 0 0 0 0 0 0 0 0 0 0 0 0 0 0 0 0 0 0 0
"22" 22 0.0962343096234 402 62 18 7 5 4 2 0 0 0 0 0 0 0 0 0 0 0 0 0
"23" 23 0.457364341085 235 203 17 16 14 10 3 2 0 0 0 0 0 0 0 0 0 0 0 0
"24" 24 0.0137614678899 149 116 93 54 46 33 4 4 1 0 0 0 0 0 0 0 0 0 0 0
"25" 25 0.337552742616 256 176 20 19 11 9 4 3 1 1 0 0 0 0 0 0 0 0 0 0
"26" 26 0.0 243 243 11 3 0 0 0 0 0 0 0 0 0 0 0 0 0 0 0 0
"27" 27 0.308035714286 393 51 30 14 9 2 1 0 0 0 0 0 0 0 0 0 0 0 0 0
"28" 28 0.0 445 53 2 0 0 0 0 0 0 0 0 0 0 0 0 0 0 0 0 0
"29" 29 0.295597484277 422 28 24 14 8 3 1 0 0 0 0 0 0 0 0 0 0 0 0 0
"30" 30 0.434977578475 222 179 47 24 15 5 3 3 2 0 0 0 0 0 0 0 0 0 0 0
"31" 31 0.0203045685279 327 103 52 7 4 3 3 1 0 0 0 0 0 0 0 0 0 0 0 0
"32" 32 0.0348258706468 447 50 1 1 1 0 0 0 0 0 0 0 0 0 0 0 0 0 0 0
"33" 33 0.658031088083 105 94 78 78 49 45 23 18 9 1 0 0 0 0 0 0 0 0 0 0
"34" 34 0.476683937824 298 129 39 17 16 1 0 0 0 0 0 0 0 0 0 0 0 0 0 0
"35" 35 0.101265822785 443 22 16 14 1 1 1 1 1 0 0 0 0 0 0 0 0 0 0 0
"36" 36 0.622009569378 119 114 103 58 52 22 18 9 5 0 0 0 0 0 0 0 0 0 0 0
"37" 37 0.459302325581 249 101 75 35 28 8 2 2 0 0 0 0 0 0 0 0 0 0 0 0
"38" 38 0.413461538462 500 0 0 0 0 0 0 0 0 0 0 0 0 0 0 0 0 0 0 0
"39" 39 0.310880829016 129 117 73 63 57 29 16 6 4 4 2 0 0 0 0 0 0 0 0 0
"40" 40 0.284768211921 401 52 13 9 6 4 4 4 3 2 1 1 0 0 0 0 0 0 0 0
"41" 41 0.0203045685279 396 32 27 20 17 6 1 1 0 0 0 0 0 0 0 0 0 0 0 0
"42" 42 0.031007751938 426 63 9 1 1 0 0 0 0 0 0 0 0 0 0 0 0 0 0 0
"43" 43 0.0 225 153 112 7 2 1 0 0 0 0 0 0 0 0 0 0 0 0 0 0
"44" 44 0.0307692307692 340 157 2 1 0 0 0 0 0 0 0 0 0 0 0 0 0 0 0 0
"45" 45 0.0384615384615 500 0 0 0 0 0 0 0 0 0 0 0 0 0 0 0 0 0 0 0
"46" 46 0.0348837209302 215 147 119 10 7 2 0 0 0 0 0 0 0 0 0 0 0 0 0 0
"47" 47 0.196202531646 424 27 11 10 8 8 5 4 3 0 0 0 0 0 0 0 0 0 0 0
"48" 48 0.0348258706468 372 100 8 7 5 3 2 2 1 0 0 0 0 0 0 0 0 0 0 0
"49" 49 0.447674418605 336 77 37 28 13 4 3 2 0 0 0 0 0 0 0 0 0 0 0 0
"50" 50 0.00574712643678 264 156 49 18 8 2 2 1 0 0 0 0 0 0 0 0 0 0 0 0
"51" 51 0.453488372093 194 141 106 29 10 7 5 4 3 1 0 0 0 0 0 0 0 0 0 0
"52" 52 0.512953367876 338 161 1 0 0 0 0 0 0 0 0 0 0 0 0 0 0 0 0 0
"53" 53 0.280334728033 210 203 50 36 1 0 0 0 0 0 0 0 0 0 0 0 0 0 0 0
"54" 54 0.40414507772 422 51 26 1 0 0 0 0 0 0 0 0 0 0 0 0 0 0 0 0
"55" 55 0.71897810219 342 145 11 1 1 0 0 0 0 0 0 0 0 0 0 0 0 0 0 0
"56" 56 0.475285171103 259 115 90 18 12 3 2 1 0 0 0 0 0 0 0 0 0 0 0 0
"57" 57 0.129186602871 408 39 38 7 4 3 1 0 0 0 0 0 0 0 0 0 0 0 0 0
"58" 58 0.0 335 122 40 2 1 0 0 0 0 0 0 0 0 0 0 0 0 0 0 0
"59" 59 0.232558139535 254 173 55 8 8 1 1 0 0 0 0 0 0 0 0 0 0 0 0 0
"60" 60 0.0114942528736 382 37 36 32 9 2 1 1 0 0 0 0 0 0 0 0 0 0 0 0
"61" 61 0.451923076923 242 190 43 17 3 2 1 1 1 0 0 0 0 0 0 0 0 0 0 0
"62" 62 0.0203045685279 301 184 7 6 1 1 0 0 0 0 0 0 0 0 0 0 0 0 0 0
"63" 63 0.403100775194 202 111 64 32 26 24 15 6 6 6 4 2 1 1 0 0 0 0 0 0
"64" 64 0.295597484277 291 126 48 24 6 2 2 1 0 0 0 0 0 0 0 0 0 0 0 0
"65" 65 0.424107142857 464 19 11 3 1 1 1 0 0 0 0 0 0 0 0 0 0 0 0 0
"66" 66 0.245033112583 149 77 77 56 46 36 25 18 12 3 1 0 0 0 0 0 0 0 0 0
"67" 67 0.0497512437811 307 191 2 0 0 0 0 0 0 0 0 0 0 0 0 0 0 0 0 0
"68" 68 0.496350364964 239 107 40 31 27 25 18 10 1 1 1 0 0 0 0 0 0 0 0 0
"69" 69 0.169154228856 273 222 3 1 1 0 0 0 0 0 0 0 0 0 0 0 0 0 0 0
"70" 70 0.0523255813953 415 85 0 0 0 0 0 0 0 0 0 0 0 0 0 0 0 0 0 0
"71" 71 0.0410256410256 431 40 22 7 0 0 0 0 0 0 0 0 0 0 0 0 0 0 0 0
"72" 72 0.0 202 110 53 47 40 25 14 8 1 0 0 0 0 0 0 0 0 0 0 0
"73" 73 0.134615384615 120 111 100 70 36 24 12 10 9 3 3 2 0 0 0 0 0 0 0 0
"74" 74 0.511210762332 311 77 39 29 22 13 5 3 1 0 0 0 0 0 0 0 0 0 0 0
"75" 75 0.0443037974684 332 82 56 8 7 4 4 2 2 1 1 1 0 0 0 0 0 0 0 0
"76" 76 0.556962025316 356 70 60 14 0 0 0 0 0 0 0 0 0 0 0 0 0 0 0 0
"77" 77 0.496124031008 411 52 36 1 0 0 0 0 0 0 0 0 0 0 0 0 0 0 0 0
"78" 78 0.519230769231 500 0 0 0 0 0 0 0 0 0 0 0 0 0 0 0 0 0 0 0
"79" 79 0.305699481865 320 55 54 30 19 15 5 1 1 0 0 0 0 0 0 0 0 0 0 0
"80" 80 0.396226415094 447 40 6 6 1 0 0 0 0 0 0 0 0 0 0 0 0 0 0 0
"81" 81 0.00574712643678 348 145 4 2 1 0 0 0 0 0 0 0 0 0 0 0 0 0 0 0
"82" 82 0.0102564102564 411 73 7 5 3 1 0 0 0 0 0 0 0 0 0 0 0 0 0 0
"83" 83 0.00497512437811 271 167 54 4 3 1 0 0 0 0 0 0 0 0 0 0 0 0 0 0
"84" 84 0.0535714285714 498 2 0 0 0 0 0 0 0 0 0 0 0 0 0 0 0 0 0 0
"85" 85 0.21897810219 387 49 24 21 16 2 1 0 0 0 0 0 0 0 0 0 0 0 0 0
"86" 86 0.341085271318 271 224 5 0 0 0 0 0 0 0 0 0 0 0 0 0 0 0 0 0
"87" 87 0.350574712644 309 126 18 15 13 10 3 2 1 1 1 1 0 0 0 0 0 0 0 0
"88" 88 0.800995024876 498 1 1 0 0 0 0 0 0 0 0 0 0 0 0 0 0 0 0 0
"89" 89 0.324503311258 434 32 28 3 3 0 0 0 0 0 0 0 0 0 0 0 0 0 0 0
"90" 90 0.748344370861 473 14 5 5 2 1 0 0 0 0 0 0 0 0 0 0 0 0 0 0
"91" 91 0.436046511628 228 156 81 34 1 0 0 0 0 0 0 0 0 0 0 0 0 0 0 0
"92" 92 0.142335766423 431 56 11 2 0 0 0 0 0 0 0 0 0 0 0 0 0 0 0 0
"93" 93 0.848623853211 410 81 7 2 0 0 0 0 0 0 0 0 0 0 0 0 0 0 0 0
"94" 94 0.317307692308 500 0 0 0 0 0 0 0 0 0 0 0 0 0 0 0 0 0 0 0
"95" 95 0.115384615385 500 0 0 0 0 0 0 0 0 0 0 0 0 0 0 0 0 0 0 0
"96" 96 0.0334928229665 296 94 64 18 12 9 7 0 0 0 0 0 0 0 0 0 0 0 0 0
"97" 97 0.384937238494 307 143 29 11 5 3 2 0 0 0 0 0 0 0 0 0 0 0 0 0
"98" 98 0.0114942528736 189 130 99 45 17 13 7 0 0 0 0 0 0 0 0 0 0 0 0 0
"99" 99 0.313901345291 120 114 87 76 52 33 11 5 1 1 0 0 0 0 0 0 0 0 0 0
"100" 100 0.0192307692308 500 0 0 0 0 0 0 0 0 0 0 0 0 0 0 0 0 0 0 0
"101" 101 0.516746411483 500 0 0 0 0 0 0 0 0 0 0 0 0 0 0 0 0 0 0 0
"102" 102 0.109195402299 390 108 1 1 0 0 0 0 0 0 0 0 0 0 0 0 0 0 0 0
"103" 103 0.186528497409 455 34 9 2 0 0 0 0 0 0 0 0 0 0 0 0 0 0 0 0
"104" 104 0.0 486 14 0 0 0 0 0 0 0 0 0 0 0 0 0 0 0 0 0 0
"105" 105 0.0114942528736 345 105 23 13 8 5 1 0 0 0 0 0 0 0 0 0 0 0 0 0
"106" 106 0.0 270 230 0 0 0 0 0 0 0 0 0 0 0 0 0 0 0 0 0 0
"107" 107 0.290178571429 251 199 31 14 3 2 0 0 0 0 0 0 0 0 0 0 0 0 0 0
"108" 108 0.0 475 9 7 6 2 1 0 0 0 0 0 0 0 0 0 0 0 0 0 0
"109" 109 0.189655172414 253 94 93 53 5 2 0 0 0 0 0 0 0 0 0 0 0 0 0 0
"110" 110 0.473214285714 184 157 119 12 11 5 4 3 3 1 1 0 0 0 0 0 0 0 0 0
"111" 111 0.282700421941 319 75 47 36 11 7 2 2 1 0 0 0 0 0 0 0 0 0 0 0
"112" 112 0.426160337553 207 158 80 23 22 3 2 2 2 1 0 0 0 0 0 0 0 0 0 0
"113" 113 0.52466367713 266 124 91 6 4 4 3 1 1 0 0 0 0 0 0 0 0 0 0 0
"114" 114 0.512953367876 434 53 6 4 3 0 0 0 0 0 0 0 0 0 0 0 0 0 0 0
"115" 115 0.605769230769 500 0 0 0 0 0 0 0 0 0 0 0 0 0 0 0 0 0 0 0
"116" 116 0.598214285714 279 64 46 42 38 17 5 4 3 2 0 0 0 0 0 0 0 0 0 0
"117" 117 0.131782945736 192 112 109 44 36 3 2 1 1 0 0 0 0 0 0 0 0 0 0 0
"118" 118 0.0609137055838 167 137 65 40 40 35 7 6 3 0 0 0 0 0 0 0 0 0 0 0
"119" 119 0.134715025907 117 109 83 74 70 28 13 3 1 1 1 0 0 0 0 0 0 0 0 0
"120" 120 0.0 196 159 106 18 7 6 5 2 1 0 0 0 0 0 0 0 0 0 0 0
"121" 121 0.0697674418605 210 197 55 15 10 8 2 2 1 0 0 0 0 0 0 0 0 0 0 0
"122" 122 0.0 492 6 2 0 0 0 0 0 0 0 0 0 0 0 0 0 0 0 0 0
"123" 123 0.434306569343 230 80 64 57 21 20 18 4 3 1 1 1 0 0 0 0 0 0 0 0
"124" 124 0.0251572327044 499 1 0 0 0 0 0 0 0 0 0 0 0 0 0 0 0 0 0 0
"125" 125 0.459854014599 212 137 66 32 19 14 8 7 4 1 0 0 0 0 0 0 0 0 0 0
"126" 126 0.259067357513 489 4 3 2 1 1 0 0 0 0 0 0 0 0 0 0 0 0 0 0
"127" 127 0.446540880503 257 96 48 41 25 16 14 2 1 0 0 0 0 0 0 0 0 0 0 0
"128" 128 0.489539748954 481 8 7 2 1 1 0 0 0 0 0 0 0 0 0 0 0 0 0 0
"129" 129 0.0172413793103 222 129 44 40 34 11 9 6 4 1 0 0 0 0 0 0 0 0 0 0
"130" 130 0.089552238806 500 0 0 0 0 0 0 0 0 0 0 0 0 0 0 0 0 0 0 0
"131" 131 0.540084388186 339 67 61 17 12 3 1 0 0 0 0 0 0 0 0 0 0 0 0 0
"132" 132 0.148288973384 409 55 18 11 7 0 0 0 0 0 0 0 0 0 0 0 0 0 0 0
"133" 133 0.0355329949239 492 7 1 0 0 0 0 0 0 0 0 0 0 0 0 0 0 0 0 0
"134" 134 0.522988505747 191 138 126 24 9 4 2 2 1 1 1 1 0 0 0 0 0 0 0 0
"135" 135 0.593155893536 210 130 76 27 20 11 10 8 6 2 0 0 0 0 0 0 0 0 0 0
"136" 136 0.586497890295 304 194 2 0 0 0 0 0 0 0 0 0 0 0 0 0 0 0 0 0
"137" 137 0.153846153846 367 73 57 3 0 0 0 0 0 0 0 0 0 0 0 0 0 0 0 0
"138" 138 0.414448669202 388 49 37 11 4 3 2 2 1 1 1 1 0 0 0 0 0 0 0 0
"139" 139 0.0 411 29 23 19 10 8 0 0 0 0 0 0 0 0 0 0 0 0 0 0
"140" 140 0.015503875969 250 123 105 19 2 1 0 0 0 0 0 0 0 0 0 0 0 0 0 0
"141" 141 0.0 472 20 3 2 2 1 0 0 0 0 0 0 0 0 0 0 0 0 0 0
"142" 142 0.0 394 106 0 0 0 0 0 0 0 0 0 0 0 0 0 0 0 0 0 0
"143" 143 0.0576923076923 500 0 0 0 0 0 0 0 0 0 0 0 0 0 0 0 0 0 0 0
"144" 144 0.0348837209302 225 213 26 14 7 6 3 2 2 2 0 0 0 0 0 0 0 0 0 0
"145" 145 0.145695364238 249 210 32 5 3 1 0 0 0 0 0 0 0 0 0 0 0 0 0 0
"146" 146 0.0597014925373 391 47 31 9 7 6 5 2 1 1 0 0 0 0 0 0 0 0 0 0
"147" 147 0.453488372093 219 131 67 34 12 11 9 9 7 1 0 0 0 0 0 0 0 0 0 0
"148" 148 0.00507614213198 483 16 1 0 0 0 0 0 0 0 0 0 0 0 0 0 0 0 0 0
"149" 149 0.28488372093 212 126 59 57 29 6 5 3 3 0 0 0 0 0 0 0 0 0 0 0
"150" 150 0.464114832536 215 126 99 29 6 6 5 5 3 2 2 1 1 0 0 0 0 0 0 0
"151" 151 0.241379310345 318 164 10 7 1 0 0 0 0 0 0 0 0 0 0 0 0 0 0 0
"152" 152 0.347150259067 462 30 8 0 0 0 0 0 0 0 0 0 0 0 0 0 0 0 0 0
"153" 153 0.740932642487 286 164 34 16 0 0 0 0 0 0 0 0 0 0 0 0 0 0 0 0
"154" 154 0.337748344371 196 142 95 30 28 5 4 0 0 0 0 0 0 0 0 0 0 0 0 0
"155" 155 0.104651162791 404 52 16 10 7 4 3 3 1 0 0 0 0 0 0 0 0 0 0 0
"156" 156 0.0 339 156 3 2 0 0 0 0 0 0 0 0 0 0 0 0 0 0 0 0
"157" 157 0.046357615894 362 112 12 9 4 1 0 0 0 0 0 0 0 0 0 0 0 0 0 0
"158" 158 0.0 473 13 13 1 0 0 0 0 0 0 0 0 0 0 0 0 0 0 0 0
"159" 159 0.261467889908 170 126 55 53 39 20 19 7 7 4 0 0 0 0 0 0 0 0 0 0
"160" 160 0.0045871559633 263 149 42 31 8 2 2 2 1 0 0 0 0 0 0 0 0 0 0 0
"161" 161 0.48730964467 130 89 64 46 35 31 29 20 17 16 12 6 4 1 0 0 0 0 0 0
"162" 162 0.370860927152 300 129 53 9 4 2 2 1 0 0 0 0 0 0 0 0 0 0 0 0
"163" 163 0.615969581749 328 114 30 15 5 2 2 2 1 1 0 0 0 0 0 0 0 0 0 0
"164" 164 0.168604651163 262 135 62 20 6 6 3 3 1 1 1 0 0 0 0 0 0 0 0 0
"165" 165 0.19730941704 232 59 53 51 32 30 11 9 8 7 7 1 0 0 0 0 0 0 0 0
"166" 166 0.576158940397 259 195 25 15 3 2 1 0 0 0 0 0 0 0 0 0 0 0 0 0
"167" 167 0.320675105485 428 33 21 15 2 1 0 0 0 0 0 0 0 0 0 0 0 0 0 0
"168" 168 0.0459770114943 249 132 56 50 6 4 3 0 0 0 0 0 0 0 0 0 0 0 0 0
"169" 169 0.0913705583756 480 9 6 4 1 0 0 0 0 0 0 0 0 0 0 0 0 0 0 0
"170" 170 0.0 348 83 27 26 13 2 1 0 0 0 0 0 0 0 0 0 0 0 0 0
"171" 171 0.108527131783 424 57 18 1 0 0 0 0 0 0 0 0 0 0 0 0 0 0 0 0
"172" 172 0.767932489451 346 57 45 40 10 1 1 0 0 0 0 0 0 0 0 0 0 0 0 0
"173" 173 0.126582278481 331 80 75 11 1 1 1 0 0 0 0 0 0 0 0 0 0 0 0 0
"174" 174 0.476923076923 494 3 2 1 0 0 0 0 0 0 0 0 0 0 0 0 0 0 0 0
"175" 175 0.494252873563 470 19 8 3 0 0 0 0 0 0 0 0 0 0 0 0 0 0 0 0
"176" 176 0.336538461538 500 0 0 0 0 0 0 0 0 0 0 0 0 0 0 0 0 0 0 0
"177" 177 0.336787564767 448 47 4 1 0 0 0 0 0 0 0 0 0 0 0 0 0 0 0 0
"178" 178 0.213930348259 281 138 29 27 16 3 3 1 1 1 0 0 0 0 0 0 0 0 0 0
"179" 179 0.0 470 16 12 2 0 0 0 0 0 0 0 0 0 0 0 0 0 0 0 0
"180" 180 0.00512820512821 489 6 3 2 0 0 0 0 0 0 0 0 0 0 0 0 0 0 0 0
"181" 181 0.0 221 188 80 8 2 1 0 0 0 0 0 0 0 0 0 0 0 0 0 0
"182" 182 0.0178571428571 262 230 8 0 0 0 0 0 0 0 0 0 0 0 0 0 0 0 0 0
"183" 183 0.00574712643678 497 2 1 0 0 0 0 0 0 0 0 0 0 0 0 0 0 0 0 0
"184" 184 0.176165803109 212 135 79 25 17 16 12 2 2 0 0 0 0 0 0 0 0 0 0 0
"185" 185 0.188340807175 188 183 53 19 17 14 11 8 4 1 1 1 0 0 0 0 0 0 0 0
"186" 186 0.502538071066 151 128 72 65 23 17 14 14 7 5 2 1 1 0 0 0 0 0 0 0
"187" 187 0.173076923077 170 95 61 55 33 32 31 11 6 5 1 0 0 0 0 0 0 0 0 0
"188" 188 0.299578059072 369 111 17 3 0 0 0 0 0 0 0 0 0 0 0 0 0 0 0 0
"189" 189 0.562737642586 185 178 92 22 10 5 3 3 2 0 0 0 0 0 0 0 0 0 0 0
"190" 190 0.372093023256 190 151 51 39 35 29 3 1 1 0 0 0 0 0 0 0 0 0 0 0
"191" 191 0.25 183 109 93 55 26 17 10 4 3 0 0 0 0 0 0 0 0 0 0 0
"192" 192 0.620253164557 302 90 61 22 15 4 3 2 1 0 0 0 0 0 0 0 0 0 0 0
"193" 193 0.373134328358 265 129 42 21 20 10 5 5 2 1 0 0 0 0 0 0 0 0 0 0
"194" 194 0.465517241379 161 145 96 70 16 6 3 1 1 1 0 0 0 0 0 0 0 0 0 0
"195" 195 0.455357142857 106 101 81 68 65 39 24 7 4 4 1 0 0 0 0 0 0 0 0 0
"196" 196 0.496124031008 339 71 43 17 14 5 5 5 1 0 0 0 0 0 0 0 0 0 0 0
"197" 197 0.535885167464 192 112 89 43 23 12 7 7 6 5 2 1 1 0 0 0 0 0 0 0
"198" 198 0.604060913706 174 124 105 44 36 7 4 1 1 1 1 1 1 0 0 0 0 0 0 0
"199" 199 0.627906976744 426 25 15 14 10 8 2 0 0 0 0 0 0 0 0 0 0 0 0 0
"200" 200 0.720207253886 420 26 18 15 10 8 2 1 0 0 0 0 0 0 0 0 0 0 0 0
"201" 201 0.815602836879 88 76 71 64 62 61 55 17 2 2 1 1 0 0 0 0 0 0 0 0
