"site" "RSA" "aa1" "aa2" "aa3" "aa4" "aa5" "aa6" "aa7" "aa8" "aa9" "aa10" "aa11" "aa12" "aa13" "aa14" "aa15" "aa16" "aa17" "aa18" "aa19" "aa20"
"0" 0 0.459770114943 113 89 56 47 32 28 25 22 22 17 13 12 8 6 4 4 2 0 0 0
"1" 1 0.219730941704 112 95 58 50 46 28 26 23 20 20 10 6 5 1 0 0 0 0 0 0
"2" 2 0.0 379 39 33 26 18 4 1 0 0 0 0 0 0 0 0 0 0 0 0 0
"3" 3 0.218390804598 120 88 84 37 32 27 23 19 16 15 13 9 9 7 1 0 0 0 0 0
"4" 4 0.0 330 149 11 5 2 1 1 1 0 0 0 0 0 0 0 0 0 0 0 0
"5" 5 0.396551724138 84 83 83 64 61 34 26 20 16 15 6 3 3 1 1 0 0 0 0 0
"6" 6 0.0 238 140 31 23 22 22 7 7 5 3 1 1 0 0 0 0 0 0 0 0
"7" 7 0.590717299578 149 110 63 50 34 24 21 17 12 9 4 3 2 2 0 0 0 0 0 0
"8" 8 0.375 474 23 2 1 0 0 0 0 0 0 0 0 0 0 0 0 0 0 0 0
"9" 9 0.922279792746 232 105 65 36 23 16 8 5 4 4 2 0 0 0 0 0 0 0 0 0
"10" 10 0.503875968992 106 83 66 65 33 29 22 19 18 16 11 11 9 6 4 2 0 0 0 0
"11" 11 0.576923076923 489 11 0 0 0 0 0 0 0 0 0 0 0 0 0 0 0 0 0 0
"12" 12 0.0574712643678 102 84 54 51 46 37 27 19 16 14 13 11 8 7 7 2 2 0 0 0
"13" 13 0.397350993377 98 89 77 63 50 38 27 14 13 9 9 5 4 3 1 0 0 0 0 0
"14" 14 0.144230769231 499 1 0 0 0 0 0 0 0 0 0 0 0 0 0 0 0 0 0 0
"15" 15 0.35632183908 109 94 69 68 35 29 28 15 14 11 10 8 7 2 1 0 0 0 0 0
"16" 16 0.0 145 110 97 60 45 24 8 3 2 2 1 1 1 1 0 0 0 0 0 0
"17" 17 0.261603375527 113 107 83 52 42 29 26 22 12 6 3 2 2 1 0 0 0 0 0 0
"18" 18 0.00418410041841 195 122 119 14 12 9 8 5 4 3 3 2 1 1 1 1 0 0 0 0
"19" 19 0.446428571429 127 105 72 63 62 23 12 11 9 5 5 4 1 1 0 0 0 0 0 0
"20" 20 0.0 222 111 72 35 17 13 9 6 6 3 3 2 1 0 0 0 0 0 0 0
"21" 21 0.589147286822 175 111 62 53 35 22 11 10 5 3 3 3 2 2 1 1 1 0 0 0
"22" 22 0.35761589404 112 85 52 51 51 34 26 26 16 15 8 5 5 5 4 3 2 0 0 0
"23" 23 0.410714285714 243 54 36 30 29 26 24 22 14 6 4 4 3 2 2 1 0 0 0 0
"24" 24 0.695364238411 106 101 94 86 32 25 23 13 8 6 5 1 0 0 0 0 0 0 0 0
"25" 25 0.258928571429 104 96 83 62 42 36 24 9 9 8 7 6 5 5 3 1 0 0 0 0
"26" 26 0.308176100629 340 38 31 21 21 13 13 10 5 4 2 1 1 0 0 0 0 0 0 0
"27" 27 0.0 358 43 28 22 17 13 7 5 3 2 1 1 0 0 0 0 0 0 0 0
"28" 28 0.151162790698 147 90 78 75 19 17 16 15 14 10 7 5 3 2 2 0 0 0 0 0
"29" 29 0.0 194 137 99 22 20 11 4 3 3 2 2 1 1 1 0 0 0 0 0 0
"30" 30 0.298013245033 115 93 69 53 37 29 21 18 17 17 8 7 6 5 4 1 0 0 0 0
"31" 31 0.12927756654 278 171 22 20 3 3 1 1 1 0 0 0 0 0 0 0 0 0 0 0
"32" 32 0.446428571429 133 76 70 51 41 39 25 19 16 11 10 3 3 1 1 1 0 0 0 0
"33" 33 0.00507614213198 205 90 86 56 17 12 9 6 6 5 4 1 1 1 1 0 0 0 0 0
"34" 34 0.317829457364 107 82 72 71 58 23 21 19 14 8 7 4 4 3 3 2 2 0 0 0
"35" 35 0.413461538462 498 2 0 0 0 0 0 0 0 0 0 0 0 0 0 0 0 0 0 0
"36" 36 0.102564102564 166 88 75 56 44 22 11 10 6 5 5 4 3 1 1 1 1 1 0 0
"37" 37 0.377483443709 129 75 60 56 39 33 26 25 15 9 9 8 8 4 2 2 0 0 0 0
"38" 38 0.465408805031 206 193 27 23 19 16 7 3 3 1 1 1 0 0 0 0 0 0 0 0
"39" 39 0.594871794872 327 77 18 17 16 13 11 10 6 3 2 0 0 0 0 0 0 0 0 0
"40" 40 0.170542635659 120 119 109 37 29 26 15 13 12 8 8 2 1 1 0 0 0 0 0 0
"41" 41 0.330357142857 124 86 59 57 50 50 48 8 6 4 3 2 2 1 0 0 0 0 0 0
"42" 42 0.153284671533 198 195 25 20 18 16 15 3 3 2 1 1 1 1 1 0 0 0 0 0
"43" 43 0.0 433 28 26 6 4 3 0 0 0 0 0 0 0 0 0 0 0 0 0 0
"44" 44 0.0 167 165 98 27 10 8 7 5 5 3 2 2 1 0 0 0 0 0 0 0
"45" 45 0.0 423 50 14 4 2 2 1 1 1 1 1 0 0 0 0 0 0 0 0 0
"46" 46 0.0 200 104 63 47 35 26 17 6 1 1 0 0 0 0 0 0 0 0 0 0
"47" 47 0.0 205 75 62 47 30 20 14 14 12 9 8 2 2 0 0 0 0 0 0 0
"48" 48 0.321428571429 362 39 25 20 13 9 8 6 5 5 3 2 1 1 1 0 0 0 0 0
"49" 49 0.393305439331 239 78 67 35 23 21 12 8 4 4 3 3 1 1 1 0 0 0 0 0
"50" 50 0.298076923077 489 4 4 2 1 0 0 0 0 0 0 0 0 0 0 0 0 0 0 0
"51" 51 0.341968911917 210 66 58 50 43 29 16 12 6 4 2 1 1 1 1 0 0 0 0 0
"52" 52 0.53488372093 146 98 74 59 50 18 15 9 7 7 6 5 3 2 1 0 0 0 0 0
"53" 53 0.720930232558 123 67 52 44 41 36 34 31 24 19 12 7 5 2 2 1 0 0 0 0
"54" 54 0.54358974359 277 87 75 38 7 5 4 2 2 1 1 1 0 0 0 0 0 0 0 0
"55" 55 0.480769230769 500 0 0 0 0 0 0 0 0 0 0 0 0 0 0 0 0 0 0 0
"56" 56 0.0886075949367 489 6 5 0 0 0 0 0 0 0 0 0 0 0 0 0 0 0 0 0
"57" 57 0.563218390805 138 78 72 68 36 33 31 17 13 7 3 2 1 1 0 0 0 0 0 0
"58" 58 0.145695364238 286 53 42 24 22 17 14 14 8 4 4 3 3 3 2 1 0 0 0 0
"59" 59 0.0077519379845 183 133 79 72 20 7 2 1 1 1 1 0 0 0 0 0 0 0 0 0
"60" 60 0.153846153846 500 0 0 0 0 0 0 0 0 0 0 0 0 0 0 0 0 0 0 0
"61" 61 0.465408805031 392 69 16 8 6 6 1 1 1 0 0 0 0 0 0 0 0 0 0 0
"62" 62 0.0478468899522 372 28 26 25 13 12 7 6 3 2 2 2 1 1 0 0 0 0 0 0
"63" 63 0.0376569037657 192 176 34 32 24 10 8 5 5 5 3 3 1 1 1 0 0 0 0 0
"64" 64 0.230769230769 160 109 85 81 39 11 9 3 2 1 0 0 0 0 0 0 0 0 0 0
"65" 65 0.327044025157 259 89 26 26 23 19 18 13 8 6 4 3 2 2 1 1 0 0 0 0
"66" 66 0.523012552301 141 129 62 32 28 28 23 16 15 9 9 4 4 0 0 0 0 0 0 0
"67" 67 0.784810126582 425 30 19 15 6 3 2 0 0 0 0 0 0 0 0 0 0 0 0 0
"68" 68 0.37552742616 102 82 76 56 56 44 28 20 13 10 7 3 1 1 1 0 0 0 0 0
"69" 69 0.348837209302 176 110 72 34 32 23 18 17 8 3 2 2 2 1 0 0 0 0 0 0
"70" 70 0.0191387559809 424 20 17 9 5 5 4 4 3 3 1 1 1 1 1 1 0 0 0 0
"71" 71 0.00961538461538 477 12 10 1 0 0 0 0 0 0 0 0 0 0 0 0 0 0 0 0
"72" 72 0.062015503876 311 60 32 25 24 14 10 6 5 4 4 2 1 1 1 0 0 0 0 0
"73" 73 0.276729559748 166 75 72 56 34 21 17 15 14 8 7 7 4 2 1 1 0 0 0 0
"74" 74 0.78488372093 200 88 49 49 48 32 18 6 4 2 2 2 0 0 0 0 0 0 0 0
"75" 75 0.305699481865 225 72 59 59 19 19 15 11 6 6 3 2 1 1 1 1 0 0 0 0
"76" 76 0.763392857143 161 155 78 38 28 25 8 5 1 1 0 0 0 0 0 0 0 0 0 0
"77" 77 0.373563218391 207 99 51 43 39 23 6 6 5 5 4 4 3 3 1 1 0 0 0 0
"78" 78 0.0547445255474 262 105 87 19 5 5 5 4 3 2 1 1 1 0 0 0 0 0 0 0
"79" 79 0.0478468899522 266 83 53 25 24 17 16 5 2 2 2 2 1 1 1 0 0 0 0 0
"80" 80 0.0172413793103 110 81 56 52 52 47 25 24 16 10 10 6 4 3 2 1 1 0 0 0
"81" 81 0.0 498 2 0 0 0 0 0 0 0 0 0 0 0 0 0 0 0 0 0 0
"82" 82 0.0 409 35 28 19 5 2 1 1 0 0 0 0 0 0 0 0 0 0 0 0
"83" 83 0.045871559633 396 71 8 5 4 3 3 3 2 2 1 1 1 0 0 0 0 0 0 0
"84" 84 0.0288461538462 500 0 0 0 0 0 0 0 0 0 0 0 0 0 0 0 0 0 0 0
"85" 85 0.169230769231 145 136 66 45 41 29 14 14 3 3 1 1 1 1 0 0 0 0 0 0
"86" 86 0.0114942528736 115 83 82 64 38 26 23 19 11 10 8 6 6 5 2 1 1 0 0 0
"87" 87 0.649789029536 155 68 43 42 37 35 22 21 20 17 15 15 4 3 2 1 0 0 0 0
"88" 88 0.046511627907 254 193 31 9 7 3 1 1 1 0 0 0 0 0 0 0 0 0 0 0
"89" 89 0.300518134715 387 40 34 31 4 2 1 1 0 0 0 0 0 0 0 0 0 0 0 0
"90" 90 0.607142857143 183 157 63 33 29 15 5 5 4 2 2 1 1 0 0 0 0 0 0 0
"91" 91 0.676923076923 212 60 50 41 36 30 26 14 14 13 2 1 1 0 0 0 0 0 0 0
"92" 92 0.0 498 1 1 0 0 0 0 0 0 0 0 0 0 0 0 0 0 0 0 0
"93" 93 0.235632183908 141 113 72 54 37 22 18 10 10 8 5 4 3 2 1 0 0 0 0 0
"94" 94 0.0 309 143 12 10 6 6 3 3 2 2 1 1 1 1 0 0 0 0 0 0
"95" 95 0.637130801688 127 89 71 62 30 28 19 18 15 14 11 9 5 1 1 0 0 0 0 0
"96" 96 0.259615384615 487 9 4 0 0 0 0 0 0 0 0 0 0 0 0 0 0 0 0 0
"97" 97 0.456953642384 142 109 102 34 32 22 18 14 11 7 4 3 1 1 0 0 0 0 0 0
"98" 98 0.221757322176 251 81 40 40 37 12 9 9 6 5 4 3 2 1 0 0 0 0 0 0
"99" 99 0.594936708861 124 89 83 52 41 36 27 12 10 8 6 5 3 2 2 0 0 0 0 0
"100" 100 0.0621761658031 203 87 48 26 25 23 18 17 14 11 9 5 4 3 3 2 2 0 0 0
"101" 101 0.53642384106 214 124 75 22 19 17 6 6 5 5 2 2 1 1 1 0 0 0 0 0
"102" 102 0.298507462687 227 73 40 37 27 25 25 18 11 7 4 3 1 1 1 0 0 0 0 0
"103" 103 0.0 160 133 61 51 42 17 14 12 5 3 1 1 0 0 0 0 0 0 0 0
"104" 104 0.151898734177 207 107 69 54 22 16 7 7 5 2 1 1 1 1 0 0 0 0 0 0
"105" 105 0.044776119403 437 36 11 8 4 2 1 1 0 0 0 0 0 0 0 0 0 0 0 0
"106" 106 0.238578680203 120 91 72 62 32 28 23 19 17 16 7 5 5 3 0 0 0 0 0 0
"107" 107 0.317307692308 500 0 0 0 0 0 0 0 0 0 0 0 0 0 0 0 0 0 0 0
"108" 108 0.74213836478 397 60 29 10 2 1 1 0 0 0 0 0 0 0 0 0 0 0 0 0
"109" 109 0.122093023256 192 72 58 52 36 24 22 12 10 9 6 3 3 1 0 0 0 0 0 0
"110" 110 0.172185430464 224 165 33 27 15 11 9 5 4 2 2 2 1 0 0 0 0 0 0 0
"111" 111 0.0 300 47 42 33 20 15 11 11 8 6 3 3 1 0 0 0 0 0 0 0
"112" 112 0.252873563218 139 110 79 49 37 27 19 15 8 5 5 3 2 2 0 0 0 0 0 0
"113" 113 0.403846153846 499 1 0 0 0 0 0 0 0 0 0 0 0 0 0 0 0 0 0 0
"114" 114 0.20802919708 143 131 50 49 48 22 17 15 14 4 3 3 1 0 0 0 0 0 0 0
"115" 115 0.0264900662252 290 176 22 6 2 1 1 1 1 0 0 0 0 0 0 0 0 0 0 0
"116" 116 0.0 164 123 99 47 36 9 9 5 3 2 2 1 0 0 0 0 0 0 0 0
"117" 117 0.0 166 129 118 40 38 3 2 2 1 1 0 0 0 0 0 0 0 0 0 0
"118" 118 0.0 87 84 71 45 45 40 38 32 18 15 15 4 3 3 0 0 0 0 0 0
"119" 119 0.0239234449761 280 130 34 32 8 7 6 2 1 0 0 0 0 0 0 0 0 0 0 0
"120" 120 0.333333333333 149 121 55 38 28 24 16 16 15 12 9 7 5 3 1 1 0 0 0 0
"121" 121 0.163461538462 483 9 3 3 1 1 0 0 0 0 0 0 0 0 0 0 0 0 0 0
"122" 122 0.484304932735 172 75 69 35 31 31 25 24 16 10 5 3 3 1 0 0 0 0 0 0
"123" 123 0.0103626943005 414 44 20 14 3 2 1 1 1 0 0 0 0 0 0 0 0 0 0 0
"124" 124 0.238341968912 180 97 48 30 29 26 25 23 20 8 5 3 3 1 1 1 0 0 0 0
"125" 125 0.218905472637 248 74 63 33 32 19 14 6 6 3 2 0 0 0 0 0 0 0 0 0
"126" 126 0.144230769231 467 22 8 2 1 0 0 0 0 0 0 0 0 0 0 0 0 0 0 0
"127" 127 0.561181434599 94 91 81 40 34 32 29 29 28 15 12 7 6 1 1 0 0 0 0 0
"128" 128 0.240384615385 314 102 31 17 8 6 6 5 3 3 2 1 1 1 0 0 0 0 0 0
"129" 129 0.896373056995 284 97 43 34 19 10 9 3 1 0 0 0 0 0 0 0 0 0 0 0
"130" 130 0.412790697674 246 122 47 23 11 10 10 6 6 5 4 3 2 2 1 1 1 0 0 0
"131" 131 0.607142857143 135 103 71 69 48 38 26 4 3 2 1 0 0 0 0 0 0 0 0 0
"132" 132 0.316964285714 144 98 73 60 30 29 19 17 13 6 4 3 2 1 1 0 0 0 0 0
"133" 133 0.0 207 177 65 14 12 7 6 4 2 2 1 1 1 1 0 0 0 0 0 0
"134" 134 0.378109452736 152 96 59 34 31 29 25 19 14 12 10 10 5 2 1 1 0 0 0 0
"135" 135 0.455696202532 153 75 71 39 38 29 18 15 12 11 11 11 7 5 2 2 1 0 0 0
"136" 136 0.203488372093 170 103 51 50 43 24 21 11 10 6 5 4 1 1 0 0 0 0 0 0
"137" 137 0.0 498 1 1 0 0 0 0 0 0 0 0 0 0 0 0 0 0 0 0 0
"138" 138 0.379487179487 309 52 50 29 22 14 11 10 3 0 0 0 0 0 0 0 0 0 0 0
"139" 139 0.0 224 92 83 66 12 8 5 3 3 2 2 0 0 0 0 0 0 0 0 0
"140" 140 0.432692307692 500 0 0 0 0 0 0 0 0 0 0 0 0 0 0 0 0 0 0 0
"141" 141 0.591194968553 228 133 70 34 9 9 7 5 3 1 1 0 0 0 0 0 0 0 0 0
"142" 142 0.248175182482 122 114 104 22 22 19 18 17 16 16 8 7 6 5 4 0 0 0 0 0
"143" 143 0.138364779874 71 70 67 49 40 39 37 25 22 20 20 15 15 6 2 2 0 0 0 0
"144" 144 0.0 251 181 23 11 11 9 3 3 2 2 1 1 1 1 0 0 0 0 0 0
"145" 145 0.101265822785 489 10 1 0 0 0 0 0 0 0 0 0 0 0 0 0 0 0 0 0
"146" 146 0.0865384615385 494 5 1 0 0 0 0 0 0 0 0 0 0 0 0 0 0 0 0 0
"147" 147 0.362068965517 153 98 70 49 37 34 18 15 13 3 3 3 3 1 0 0 0 0 0 0
"148" 148 0.00507614213198 414 26 16 15 12 6 3 2 2 2 1 1 0 0 0 0 0 0 0 0
"149" 149 0.278846153846 142 106 85 32 28 24 14 14 12 11 10 10 6 2 2 1 1 0 0 0
"150" 150 0.592039800995 86 73 60 53 49 48 29 24 22 20 10 6 6 5 5 3 1 0 0 0
"151" 151 0.296511627907 360 52 24 16 11 7 7 6 6 5 3 2 1 0 0 0 0 0 0 0
"152" 152 0.917948717949 382 61 37 18 1 1 0 0 0 0 0 0 0 0 0 0 0 0 0 0
