"site" "RSA" "aa1" "aa2" "aa3" "aa4" "aa5" "aa6" "aa7" "aa8" "aa9" "aa10" "aa11" "aa12" "aa13" "aa14" "aa15" "aa16" "aa17" "aa18" "aa19" "aa20"
"0" 0 1.08609271523 283 113 46 22 18 11 2 2 2 1 0 0 0 0 0 0 0 0 0 0
"1" 1 0.669642857143 108 104 103 89 25 23 23 11 4 3 2 1 1 1 1 1 0 0 0 0
"2" 2 0.114427860697 407 30 20 17 6 5 5 4 2 2 1 1 0 0 0 0 0 0 0 0
"3" 3 0.517412935323 154 80 46 42 37 31 29 28 10 10 9 8 6 4 3 3 0 0 0 0
"4" 4 0.5625 180 94 73 63 30 25 12 9 7 5 2 0 0 0 0 0 0 0 0 0
"5" 5 0.575892857143 165 139 47 39 37 25 13 10 9 5 5 2 2 1 1 0 0 0 0 0
"6" 6 0.183856502242 146 85 73 65 47 21 20 10 10 7 5 4 3 2 1 1 0 0 0 0
"7" 7 0.257383966245 263 85 36 28 24 20 16 7 7 5 5 2 1 1 0 0 0 0 0 0
"8" 8 0.412556053812 190 74 45 42 30 25 24 19 17 11 7 5 4 3 2 2 0 0 0 0
"9" 9 0.294642857143 234 76 63 44 31 19 6 6 5 4 3 3 2 1 1 1 1 0 0 0
"10" 10 0.010152284264 191 185 29 20 15 14 11 8 7 6 4 4 4 2 0 0 0 0 0 0
"11" 11 0.475285171103 155 100 85 49 34 18 18 16 12 5 2 2 2 1 1 0 0 0 0 0
"12" 12 0.53125 100 100 86 48 42 38 26 25 18 6 6 3 1 1 0 0 0 0 0 0
"13" 13 0.062015503876 108 61 57 39 34 31 29 24 24 20 15 14 12 11 9 8 2 2 0 0
"14" 14 0.0376569037657 249 52 36 25 25 24 22 21 12 11 8 4 4 3 3 1 0 0 0 0
"15" 15 0.317880794702 125 104 60 53 45 28 25 20 11 10 9 5 3 2 0 0 0 0 0 0
"16" 16 0.651741293532 186 102 40 32 31 23 18 17 17 15 9 3 2 2 1 1 1 0 0 0
"17" 17 0.246861924686 189 177 36 33 16 10 8 6 6 5 3 3 3 2 2 1 0 0 0 0
"18" 18 0.150259067358 162 114 60 29 26 23 22 19 15 8 7 7 2 2 2 1 1 0 0 0
"19" 19 0.651282051282 178 123 50 29 28 20 20 18 14 8 3 3 3 3 0 0 0 0 0 0
"20" 20 0.728205128205 307 177 4 4 2 2 2 1 1 0 0 0 0 0 0 0 0 0 0 0
"21" 21 0.331606217617 162 75 71 49 45 33 23 18 14 7 2 1 0 0 0 0 0 0 0 0
"22" 22 0.278846153846 433 65 1 1 0 0 0 0 0 0 0 0 0 0 0 0 0 0 0 0
"23" 23 0.188284518828 207 81 72 43 24 20 14 12 8 7 4 4 1 1 1 1 0 0 0 0
"24" 24 0.044776119403 344 81 13 12 11 11 10 7 5 4 1 1 0 0 0 0 0 0 0 0
"25" 25 0.290155440415 305 48 43 42 14 11 10 8 8 4 2 1 1 1 1 1 0 0 0 0
"26" 26 0.0988593155894 266 63 56 34 28 10 7 6 6 6 5 4 4 2 2 1 0 0 0 0
"27" 27 0.607655502392 94 90 61 61 50 47 29 26 23 9 6 3 1 0 0 0 0 0 0 0
"28" 28 0.1875 136 101 69 67 48 21 11 9 8 7 7 6 5 3 2 0 0 0 0 0
"29" 29 0.194029850746 95 68 67 46 46 41 32 24 20 15 14 14 11 5 2 0 0 0 0 0
"30" 30 0.388185654008 326 40 28 24 23 21 12 10 7 4 2 2 1 0 0 0 0 0 0 0
"31" 31 0.35632183908 96 94 68 58 54 32 24 24 15 13 7 6 4 4 1 0 0 0 0 0
"32" 32 0.046511627907 311 73 28 23 22 11 10 9 3 3 3 2 1 1 0 0 0 0 0 0
"33" 33 0.540084388186 157 91 91 52 41 24 13 8 8 7 3 2 1 1 1 0 0 0 0 0
"34" 34 0.449612403101 95 80 67 59 50 33 24 14 14 14 13 11 8 8 5 3 2 0 0 0
"35" 35 0.10447761194 117 64 62 44 42 37 35 21 20 18 10 9 7 5 4 3 2 0 0 0
"36" 36 0.413461538462 497 2 1 0 0 0 0 0 0 0 0 0 0 0 0 0 0 0 0 0
"37" 37 0.259414225941 287 60 35 29 25 16 14 9 8 7 6 2 2 0 0 0 0 0 0 0
"38" 38 0.629464285714 85 65 65 60 52 46 29 26 19 11 10 8 8 7 5 3 1 0 0 0
"39" 39 0.218905472637 156 100 80 61 23 20 19 7 6 6 5 4 4 4 3 1 1 0 0 0
"40" 40 0.446540880503 362 39 28 21 18 14 11 2 2 2 1 0 0 0 0 0 0 0 0 0
"41" 41 0.586497890295 277 107 62 15 12 10 5 4 4 2 2 0 0 0 0 0 0 0 0 0
"42" 42 0.667883211679 277 75 42 39 14 14 13 10 6 5 5 0 0 0 0 0 0 0 0 0
"43" 43 0.410714285714 224 101 70 24 19 15 10 10 9 9 5 2 1 1 0 0 0 0 0 0
"44" 44 0.0507614213198 182 155 41 27 25 14 13 12 7 6 5 5 4 2 1 1 0 0 0 0
"45" 45 0.238805970149 194 116 64 36 32 22 13 7 3 3 3 3 2 2 0 0 0 0 0 0
"46" 46 0.507772020725 171 56 55 54 43 30 23 17 15 13 12 4 3 3 1 0 0 0 0 0
"47" 47 0.18407960199 130 98 60 42 42 27 23 18 15 10 8 8 5 4 4 4 2 0 0 0
"48" 48 0.0507614213198 145 118 55 38 31 25 19 16 13 11 10 9 4 4 2 0 0 0 0 0
"49" 49 0.507772020725 131 100 60 47 33 30 25 25 18 15 6 4 3 2 1 0 0 0 0 0
"50" 50 0.598214285714 266 46 44 40 28 16 13 13 8 7 7 6 4 1 1 0 0 0 0 0
"51" 51 0.269961977186 204 179 33 20 13 10 9 8 8 7 3 2 2 2 0 0 0 0 0 0
"52" 52 0.217616580311 114 114 84 47 32 17 17 14 11 11 10 8 6 5 3 3 2 2 0 0
"53" 53 0.741721854305 108 72 61 58 55 49 26 20 18 14 5 4 4 3 3 0 0 0 0 0
"54" 54 0.46875 102 100 89 46 38 26 25 20 16 16 6 5 4 3 1 1 1 1 0 0
"55" 55 0.875 371 52 33 7 7 6 5 4 4 3 3 2 1 1 1 0 0 0 0 0
"56" 56 0.412408759124 96 63 56 56 33 33 27 24 21 18 18 16 11 10 9 6 2 1 0 0
"57" 57 0.55023923445 81 65 54 51 47 45 42 40 26 22 13 7 4 2 1 0 0 0 0 0
"58" 58 0.248756218905 247 72 46 31 26 24 18 12 9 8 5 2 0 0 0 0 0 0 0 0
"59" 59 0.443037974684 180 89 58 41 25 22 18 18 17 10 6 5 4 2 2 2 1 0 0 0
"60" 60 0.209125475285 130 81 75 46 42 29 20 19 16 13 8 7 5 4 3 1 1 0 0 0
"61" 61 0.507772020725 213 63 55 41 33 21 19 19 18 10 3 2 2 1 0 0 0 0 0 0
"62" 62 0.165803108808 98 93 55 52 50 44 31 20 16 10 8 7 5 5 3 2 1 0 0 0
"63" 63 0.150627615063 207 66 51 45 39 22 17 13 12 9 5 4 3 2 2 2 1 0 0 0
"64" 64 0.247148288973 175 86 62 55 47 24 11 9 9 9 4 2 2 2 1 1 1 0 0 0
"65" 65 0.43654822335 131 109 56 45 38 35 32 22 10 9 5 3 2 1 1 1 0 0 0 0
"66" 66 0.137931034483 112 105 49 42 35 34 30 26 15 14 11 10 8 4 3 1 1 0 0 0
"67" 67 0.105769230769 435 28 13 6 6 5 4 2 1 0 0 0 0 0 0 0 0 0 0 0
"68" 68 0.433035714286 122 110 83 56 38 24 17 16 10 7 6 4 3 1 1 1 1 0 0 0
"69" 69 0.295358649789 111 104 101 41 36 33 15 14 9 8 6 6 5 3 3 3 1 1 0 0
"70" 70 0.0152284263959 189 75 52 51 40 19 18 15 10 9 9 5 4 2 2 0 0 0 0 0
"71" 71 0.402985074627 318 56 46 36 14 7 4 4 3 3 3 3 2 1 0 0 0 0 0 0
"72" 72 0.746835443038 145 110 73 61 34 29 15 8 6 5 4 3 2 2 1 1 1 0 0 0
"73" 73 0.299270072993 135 69 67 51 38 35 32 26 10 10 6 6 5 5 3 2 0 0 0 0
"74" 74 0.40414507772 255 142 34 29 14 12 8 2 2 2 0 0 0 0 0 0 0 0 0 0
"75" 75 0.622641509434 134 72 65 65 48 35 19 17 14 8 7 6 6 3 1 0 0 0 0 0
"76" 76 0.303482587065 120 88 69 37 27 27 22 22 21 20 20 15 6 5 1 0 0 0 0 0
"77" 77 0.362694300518 142 122 71 53 42 24 21 8 5 4 3 3 2 0 0 0 0 0 0 0
"78" 78 0.629464285714 188 69 52 45 28 22 21 19 17 8 8 6 4 4 4 3 1 1 0 0
"79" 79 0.192893401015 142 85 74 68 59 23 16 11 8 6 4 2 1 1 0 0 0 0 0 0
"80" 80 0.341772151899 185 117 51 39 30 19 14 11 10 8 6 3 2 2 1 1 1 0 0 0
"81" 81 0.514598540146 142 85 76 51 36 26 20 15 15 14 13 4 3 0 0 0 0 0 0 0
"82" 82 0.232558139535 112 103 76 74 57 18 11 10 10 7 6 6 5 2 1 1 1 0 0 0
"83" 83 0.0125523012552 410 35 28 9 7 3 3 2 2 1 0 0 0 0 0 0 0 0 0 0
"84" 84 0.502242152466 139 79 67 60 43 32 22 20 15 8 7 4 2 1 1 0 0 0 0 0
"85" 85 0.626865671642 162 93 61 49 45 32 24 11 10 6 4 1 1 1 0 0 0 0 0 0
"86" 86 0.230125523013 111 82 63 52 43 31 29 23 21 19 9 5 4 4 3 1 0 0 0 0
"87" 87 0.0310880829016 493 2 1 1 1 1 1 0 0 0 0 0 0 0 0 0 0 0 0 0
"88" 88 0.357512953368 108 75 62 46 46 44 29 25 25 17 9 5 5 1 1 1 1 0 0 0
"89" 89 0.336787564767 196 68 47 37 28 22 21 20 18 14 14 10 4 1 0 0 0 0 0 0
"90" 90 0.722488038278 361 90 37 3 3 2 1 1 1 1 0 0 0 0 0 0 0 0 0 0
"91" 91 0.436046511628 188 102 47 42 28 26 22 17 15 8 2 2 1 0 0 0 0 0 0 0
"92" 92 0.384615384615 492 8 0 0 0 0 0 0 0 0 0 0 0 0 0 0 0 0 0 0
"93" 93 0.308016877637 103 91 83 46 43 30 25 21 16 12 10 5 5 4 3 2 1 0 0 0
"94" 94 0.0253807106599 372 55 28 9 6 6 5 4 4 4 3 2 1 1 0 0 0 0 0 0
"95" 95 0.0596026490066 178 162 33 27 22 20 19 11 10 8 4 2 2 1 1 0 0 0 0 0
"96" 96 0.167512690355 164 47 44 37 31 29 28 24 22 18 15 12 10 10 5 3 1 0 0 0
"97" 97 0.548523206751 143 143 75 44 26 18 17 10 10 7 4 2 1 0 0 0 0 0 0 0
"98" 98 0.0153846153846 244 69 64 48 13 10 9 9 7 7 6 6 3 2 1 1 1 0 0 0
"99" 99 0.203980099502 234 84 31 29 28 18 13 11 11 11 10 10 3 3 2 1 1 0 0 0
"100" 100 0.313868613139 227 71 47 27 25 24 18 15 14 13 8 5 2 2 1 1 0 0 0 0
"101" 101 0.251824817518 94 91 65 61 44 41 30 22 17 10 9 5 5 4 2 0 0 0 0 0
"102" 102 0.0862068965517 97 81 56 44 40 32 31 28 19 19 13 12 10 7 6 4 1 0 0 0
"103" 103 0.093023255814 204 65 55 35 23 19 14 13 12 10 9 9 9 8 8 7 0 0 0 0
"104" 104 0.666666666667 109 95 63 61 30 29 28 20 20 16 11 8 5 2 2 1 0 0 0 0
"105" 105 0.625 130 71 53 53 43 32 28 22 21 21 8 6 6 2 2 1 1 0 0 0
"106" 106 0.641791044776 119 90 65 65 47 24 18 16 16 8 7 7 6 6 3 2 1 0 0 0
"107" 107 0.557692307692 471 27 2 0 0 0 0 0 0 0 0 0 0 0 0 0 0 0 0 0
"108" 108 0.535714285714 230 45 39 35 31 28 24 22 16 7 6 4 4 4 2 2 1 0 0 0
"109" 109 0.790697674419 273 79 55 40 28 7 6 4 3 2 1 1 1 0 0 0 0 0 0 0
"110" 110 0.378109452736 211 62 48 40 31 19 15 13 11 10 10 10 7 6 4 2 1 0 0 0
"111" 111 0.401162790698 231 45 37 35 33 29 26 24 12 10 6 5 2 1 1 1 1 1 0 0
"112" 112 0.341968911917 159 96 61 53 35 24 19 17 13 7 7 4 4 1 0 0 0 0 0 0
"113" 113 0.616071428571 177 107 66 35 32 26 16 16 15 4 2 2 1 1 0 0 0 0 0 0
"114" 114 0.473214285714 133 94 80 42 30 27 23 22 21 9 6 4 2 2 2 2 1 0 0 0
"115" 115 0.0398009950249 244 89 30 22 17 16 15 13 12 11 11 5 5 4 3 3 0 0 0 0
"116" 116 0.361313868613 178 71 43 36 26 23 22 18 17 17 14 12 8 8 4 3 0 0 0 0
"117" 117 0.550387596899 170 103 37 31 25 22 21 20 19 13 13 8 7 7 4 0 0 0 0 0
"118" 118 0.0862944162437 95 94 66 60 43 26 20 20 18 17 14 8 8 6 4 1 0 0 0 0
"119" 119 0.566964285714 153 78 52 41 34 32 28 28 18 12 9 7 3 2 2 1 0 0 0 0
"120" 120 0.611607142857 144 116 59 30 23 22 22 21 20 16 9 7 6 5 0 0 0 0 0 0
"121" 121 0.430962343096 286 77 37 27 16 11 10 8 8 4 4 3 3 2 2 2 0 0 0 0
"122" 122 0.119170984456 426 14 14 12 10 6 4 4 4 3 1 1 1 0 0 0 0 0 0 0
"123" 123 0.691542288557 132 83 78 46 37 36 19 18 16 11 7 7 6 3 1 0 0 0 0 0
"124" 124 0.512953367876 92 83 79 68 52 33 31 25 14 8 7 6 2 0 0 0 0 0 0 0
"125" 125 0.528846153846 484 15 1 0 0 0 0 0 0 0 0 0 0 0 0 0 0 0 0 0
"126" 126 0.341968911917 107 98 93 61 38 27 21 19 15 12 7 1 1 0 0 0 0 0 0 0
"127" 127 0.182692307692 464 26 5 2 1 1 1 0 0 0 0 0 0 0 0 0 0 0 0 0
"128" 128 0.267857142857 93 93 62 61 40 31 24 24 14 13 10 10 6 6 5 4 3 1 0 0
"129" 129 0.0355329949239 332 102 19 10 9 7 5 5 5 3 2 1 0 0 0 0 0 0 0 0
"130" 130 0.174358974359 256 45 45 45 25 16 15 12 11 8 6 5 4 4 3 0 0 0 0 0
"131" 131 0.263392857143 208 99 54 48 37 24 6 5 5 4 3 2 2 1 1 1 0 0 0 0
"132" 132 0.625641025641 225 85 62 26 22 21 19 12 10 9 7 2 0 0 0 0 0 0 0 0
"133" 133 0.0401785714286 237 72 66 48 17 15 10 7 6 5 5 4 3 3 1 1 0 0 0 0
"134" 134 0.0753138075314 325 42 34 33 26 15 7 3 3 3 2 2 2 1 1 1 0 0 0 0
"135" 135 0.116751269036 169 109 73 56 23 22 12 7 6 6 6 4 3 2 1 1 0 0 0 0
"136" 136 0.46511627907 148 100 44 40 38 36 16 15 13 13 13 10 6 5 2 1 0 0 0 0
"137" 137 0.355329949239 172 67 55 47 39 37 30 18 8 7 5 3 3 3 2 2 2 0 0 0
"138" 138 0.335443037975 106 103 66 64 54 32 25 16 10 8 8 3 2 1 1 1 0 0 0 0
"139" 139 0.383720930233 200 193 41 16 11 7 7 5 5 4 3 3 2 1 1 1 0 0 0 0
"140" 140 0.891191709845 200 174 93 10 5 4 3 3 3 3 1 1 0 0 0 0 0 0 0 0
"141" 141 1.04635761589 218 119 50 48 46 6 5 3 2 1 1 1 0 0 0 0 0 0 0 0
