"site" "RSA" "aa1" "aa2" "aa3" "aa4" "aa5" "aa6" "aa7" "aa8" "aa9" "aa10" "aa11" "aa12" "aa13" "aa14" "aa15" "aa16" "aa17" "aa18" "aa19" "aa20"
"0" 0 0.842767295597 151 92 63 52 38 33 18 15 12 8 7 7 2 1 1 0 0 0 0 0
"1" 1 0.122093023256 121 99 71 57 35 29 22 20 18 9 8 7 2 1 1 0 0 0 0 0
"2" 2 0.360465116279 287 52 35 19 18 14 14 13 13 9 8 6 5 4 3 0 0 0 0 0
"3" 3 0.147208121827 207 78 71 61 23 12 10 7 6 5 5 4 3 2 2 2 1 1 0 0
"4" 4 0.556291390728 193 150 63 28 23 18 12 6 3 2 1 1 0 0 0 0 0 0 0 0
"5" 5 0.223880597015 149 91 88 56 39 18 14 12 6 6 6 5 4 4 2 0 0 0 0 0
"6" 6 0.00995024875622 310 70 30 23 15 13 10 7 6 5 3 3 2 2 1 0 0 0 0 0
"7" 7 0.322869955157 134 97 76 65 36 30 17 16 8 7 6 4 3 1 0 0 0 0 0 0
"8" 8 0.409282700422 131 112 83 53 33 30 13 11 10 6 5 5 4 2 1 1 0 0 0 0
"9" 9 0.197718631179 127 108 87 33 30 30 29 16 15 13 6 6 0 0 0 0 0 0 0 0
"10" 10 0.101265822785 127 96 58 37 24 23 20 20 19 15 14 13 12 10 10 2 0 0 0 0
"11" 11 0.632286995516 154 89 77 50 47 29 23 12 11 4 2 1 1 0 0 0 0 0 0 0
"12" 12 0.34375 184 120 67 57 29 17 7 6 6 5 1 1 0 0 0 0 0 0 0 0
"13" 13 0.742616033755 317 109 27 12 11 6 5 5 4 4 0 0 0 0 0 0 0 0 0 0
"14" 14 0.286919831224 183 68 57 56 44 31 24 14 12 4 3 2 2 0 0 0 0 0 0 0
"15" 15 0.266423357664 112 73 67 56 44 36 32 25 15 9 9 5 5 4 4 2 2 0 0 0
"16" 16 0.0627615062762 161 144 59 34 23 18 14 14 10 10 5 4 2 1 1 0 0 0 0 0
"17" 17 0.100775193798 192 107 91 58 18 10 6 6 4 3 2 1 1 1 0 0 0 0 0 0
"18" 18 0.0174418604651 340 87 51 6 5 4 2 2 1 1 1 0 0 0 0 0 0 0 0 0
"19" 19 0.00507614213198 347 65 26 21 13 12 8 2 1 1 1 1 1 1 0 0 0 0 0 0
"20" 20 0.0174418604651 343 83 28 20 8 7 6 3 1 1 0 0 0 0 0 0 0 0 0 0
"21" 21 0.0 261 149 48 20 9 9 3 1 0 0 0 0 0 0 0 0 0 0 0 0
"22" 22 0.0114068441065 251 116 40 25 24 14 13 11 3 2 1 0 0 0 0 0 0 0 0 0
"23" 23 0.274611398964 276 58 48 40 24 19 17 8 3 2 1 1 1 1 1 0 0 0 0 0
"24" 24 0.441064638783 165 102 81 60 33 25 11 8 4 3 3 2 2 1 0 0 0 0 0 0
"25" 25 0.53642384106 245 93 51 44 33 8 7 5 4 4 3 2 1 0 0 0 0 0 0 0
"26" 26 0.188284518828 250 148 31 27 15 7 7 7 3 2 1 1 1 0 0 0 0 0 0 0
"27" 27 0.0 410 53 33 2 1 1 0 0 0 0 0 0 0 0 0 0 0 0 0 0
"28" 28 0.337552742616 150 127 88 41 28 17 12 11 9 6 3 3 2 2 1 0 0 0 0 0
"29" 29 0.0547263681592 185 160 91 18 16 14 7 5 1 1 1 1 0 0 0 0 0 0 0 0
"30" 30 0.0 235 64 51 40 37 19 19 16 4 4 4 3 2 1 1 0 0 0 0 0
"31" 31 0.217054263566 151 79 57 43 38 31 27 17 17 15 13 6 3 1 1 1 0 0 0 0
"32" 32 0.461139896373 133 66 61 54 38 36 35 27 22 10 6 4 3 2 1 1 1 0 0 0
"33" 33 0.196428571429 77 71 69 68 47 47 31 18 15 14 14 11 9 5 3 1 0 0 0 0
"34" 34 0.317307692308 484 14 1 1 0 0 0 0 0 0 0 0 0 0 0 0 0 0 0 0
"35" 35 0.0149253731343 195 115 63 62 21 19 12 8 1 1 1 1 1 0 0 0 0 0 0 0
"36" 36 0.287179487179 119 116 98 50 43 28 17 11 8 6 2 2 0 0 0 0 0 0 0 0
"37" 37 0.0574712643678 302 71 39 18 16 12 11 10 9 6 3 1 1 1 0 0 0 0 0 0
"38" 38 0.0045871559633 239 138 32 26 23 17 11 5 3 2 2 2 0 0 0 0 0 0 0 0
"39" 39 0.0646766169154 383 34 19 14 10 9 9 5 5 4 4 3 1 0 0 0 0 0 0 0
"40" 40 0.0 214 179 31 24 21 18 6 3 3 1 0 0 0 0 0 0 0 0 0 0
"41" 41 0.00961538461538 209 100 66 43 33 29 11 4 2 1 1 1 0 0 0 0 0 0 0 0
"42" 42 0.0259067357513 244 114 79 32 20 3 2 2 2 1 1 0 0 0 0 0 0 0 0 0
"43" 43 0.158940397351 155 106 84 67 61 14 7 2 1 1 1 1 0 0 0 0 0 0 0 0
"44" 44 0.0 194 104 100 24 17 15 15 8 8 6 5 2 1 1 0 0 0 0 0 0
"45" 45 0.0 179 144 126 21 8 7 3 3 3 2 1 1 1 1 0 0 0 0 0 0
"46" 46 0.325688073394 140 111 84 46 25 21 17 15 12 8 5 5 4 2 2 2 1 0 0 0
"47" 47 0.273255813953 254 93 34 30 20 18 13 11 9 5 4 4 2 1 1 1 0 0 0 0
"48" 48 0.367816091954 184 111 64 36 24 16 15 15 15 7 5 4 2 1 1 0 0 0 0 0
"49" 49 0.27802690583 75 63 62 60 50 46 40 39 24 11 11 10 3 2 2 1 1 0 0 0
"50" 50 0.596153846154 444 34 6 4 3 3 3 2 1 0 0 0 0 0 0 0 0 0 0 0
"51" 51 0.401913875598 106 93 57 57 54 38 20 19 18 17 10 3 2 2 1 1 1 1 0 0
"52" 52 0.725388601036 221 142 54 36 30 5 4 3 2 1 1 1 0 0 0 0 0 0 0 0
"53" 53 0.105960264901 170 101 39 36 35 31 28 17 15 6 6 6 5 3 2 0 0 0 0 0
"54" 54 0.0232558139535 156 98 73 40 27 18 16 13 12 11 11 8 7 3 3 2 1 1 0 0
"55" 55 0.174129353234 142 130 42 30 26 25 25 21 20 17 13 3 3 1 1 1 0 0 0 0
"56" 56 0.37106918239 140 101 50 47 32 31 28 26 9 9 9 8 5 2 1 1 1 0 0 0
"57" 57 0.0229885057471 118 69 38 38 36 36 30 24 23 20 19 15 10 9 5 4 3 3 0 0
"58" 58 0.372093023256 179 169 54 24 18 17 13 11 10 2 1 1 1 0 0 0 0 0 0 0
"59" 59 0.120689655172 104 82 46 46 43 41 38 33 22 12 10 6 5 5 3 2 2 0 0 0
"60" 60 0.53488372093 174 141 71 43 17 16 9 8 6 6 3 3 1 1 1 0 0 0 0 0
"61" 61 0.238341968912 115 89 82 74 49 25 17 16 8 7 7 4 3 2 2 0 0 0 0 0
"62" 62 0.0 94 65 61 53 50 42 39 30 20 17 13 9 6 1 0 0 0 0 0 0
"63" 63 0.131782945736 194 80 68 47 30 17 13 12 9 9 6 4 3 3 2 2 1 0 0 0
"64" 64 0.631178707224 159 137 55 33 22 22 18 15 10 8 6 5 5 3 1 1 0 0 0 0
"65" 65 0.11004784689 273 47 44 40 23 21 17 14 7 5 3 2 2 1 1 0 0 0 0 0
"66" 66 0.0 270 115 59 19 17 8 7 3 1 1 0 0 0 0 0 0 0 0 0 0
"67" 67 0.162790697674 166 131 55 47 27 20 18 16 11 3 2 2 1 1 0 0 0 0 0 0
"68" 68 0.139534883721 175 113 104 44 21 11 11 4 3 3 2 2 2 2 1 1 1 0 0 0
"69" 69 0.0 206 93 66 57 51 18 3 2 2 2 0 0 0 0 0 0 0 0 0 0
"70" 70 0.171532846715 182 138 100 37 13 9 6 6 2 2 2 1 1 1 0 0 0 0 0 0
"71" 71 0.620437956204 155 118 88 38 22 21 20 15 7 6 6 2 1 1 0 0 0 0 0 0
"72" 72 0.0384615384615 468 32 0 0 0 0 0 0 0 0 0 0 0 0 0 0 0 0 0 0
"73" 73 0.0077519379845 391 61 29 6 4 3 3 1 1 1 0 0 0 0 0 0 0 0 0 0
"74" 74 0.51572327044 155 103 97 51 42 21 12 8 4 3 2 1 1 0 0 0 0 0 0 0
"75" 75 0.538461538462 248 54 33 30 25 23 22 19 16 11 8 5 5 1 0 0 0 0 0 0
"76" 76 0.0316455696203 233 197 38 25 2 2 1 1 1 0 0 0 0 0 0 0 0 0 0 0
"77" 77 0.0298507462687 365 41 37 26 11 8 6 4 2 0 0 0 0 0 0 0 0 0 0 0
"78" 78 0.0 283 109 66 16 12 5 4 2 1 1 1 0 0 0 0 0 0 0 0 0
"79" 79 0.0348258706468 207 112 55 40 37 16 13 12 6 2 0 0 0 0 0 0 0 0 0 0
"80" 80 0.0 262 130 57 43 3 2 1 1 1 0 0 0 0 0 0 0 0 0 0 0
"81" 81 0.020725388601 156 127 58 46 45 37 20 5 2 2 1 1 0 0 0 0 0 0 0 0
"82" 82 0.0 376 38 23 14 13 12 11 5 4 2 1 1 0 0 0 0 0 0 0 0
"83" 83 0.0062893081761 243 119 78 45 13 1 1 0 0 0 0 0 0 0 0 0 0 0 0 0
"84" 84 0.380753138075 287 89 38 28 23 16 6 4 2 2 1 1 1 1 1 0 0 0 0 0
"85" 85 0.545871559633 272 85 57 33 27 8 5 5 3 2 2 1 0 0 0 0 0 0 0 0
"86" 86 0.031007751938 102 100 93 73 46 39 22 8 6 4 4 2 1 0 0 0 0 0 0 0
"87" 87 0.041825095057 269 107 31 20 18 18 16 7 6 4 2 1 1 0 0 0 0 0 0 0
"88" 88 0.341085271318 129 112 81 34 25 25 23 22 15 10 7 5 4 3 3 2 0 0 0 0
"89" 89 0.267441860465 126 72 72 60 49 48 24 14 13 10 5 4 3 0 0 0 0 0 0 0
"90" 90 0.0943396226415 87 80 71 45 42 34 24 24 22 19 17 15 9 5 3 2 1 0 0 0
"91" 91 0.544642857143 169 169 52 30 20 17 12 10 8 5 5 2 1 0 0 0 0 0 0 0
"92" 92 0.408071748879 119 85 73 68 40 25 24 18 13 10 8 6 4 2 2 2 1 0 0 0
"93" 93 0.0 349 59 33 22 9 8 6 5 3 3 1 1 1 0 0 0 0 0 0 0
"94" 94 0.192468619247 170 74 69 42 36 29 29 27 9 5 3 2 2 1 1 1 0 0 0 0
"95" 95 0.540178571429 132 108 64 52 44 43 14 12 8 7 7 4 3 1 1 0 0 0 0 0
"96" 96 0.174358974359 113 73 55 51 46 28 25 23 21 17 12 11 9 8 4 2 2 0 0 0
"97" 97 0.0 373 47 29 22 11 6 5 3 2 2 0 0 0 0 0 0 0 0 0 0
"98" 98 0.162790697674 102 82 66 60 57 34 25 15 15 12 11 8 7 2 2 1 1 0 0 0
"99" 99 0.267441860465 130 100 79 43 28 22 19 17 15 11 10 7 7 6 5 1 0 0 0 0
"100" 100 0.0 130 99 79 57 57 22 16 11 9 7 6 4 2 1 0 0 0 0 0 0
"101" 101 0.197247706422 139 93 66 54 32 27 17 11 11 10 10 9 7 6 4 2 2 0 0 0
"102" 102 0.689781021898 86 77 72 51 47 44 38 26 21 20 6 4 4 3 1 0 0 0 0 0
"103" 103 0.217054263566 346 90 17 13 8 6 5 4 3 2 2 2 1 1 0 0 0 0 0 0
"104" 104 0.134615384615 499 1 0 0 0 0 0 0 0 0 0 0 0 0 0 0 0 0 0 0
"105" 105 0.0387596899225 314 153 33 0 0 0 0 0 0 0 0 0 0 0 0 0 0 0 0 0
"106" 106 0.302564102564 149 142 74 42 40 29 8 8 4 2 2 0 0 0 0 0 0 0 0 0
"107" 107 0.0137614678899 372 34 30 28 11 11 3 3 2 2 2 1 1 0 0 0 0 0 0 0
"108" 108 0.0 279 89 46 28 25 15 9 2 2 2 2 1 0 0 0 0 0 0 0 0
"109" 109 0.0295358649789 189 153 61 34 15 13 13 8 7 3 2 1 1 0 0 0 0 0 0 0
"110" 110 0.010152284264 175 102 65 58 25 20 17 16 10 6 2 2 1 1 0 0 0 0 0 0
"111" 111 0.0357142857143 197 175 51 24 12 10 8 7 7 4 2 2 1 0 0 0 0 0 0 0
"112" 112 0.115384615385 500 0 0 0 0 0 0 0 0 0 0 0 0 0 0 0 0 0 0 0
"113" 113 0.0769230769231 467 18 8 4 2 1 0 0 0 0 0 0 0 0 0 0 0 0 0 0
"114" 114 0.495535714286 144 108 66 50 26 22 21 20 13 10 7 5 3 2 2 1 0 0 0 0
"115" 115 0.556737588652 253 87 36 34 24 20 17 12 6 6 4 1 0 0 0 0 0 0 0 0
"116" 116 0.00497512437811 217 91 35 33 32 21 20 17 15 8 4 2 2 1 1 1 0 0 0 0
"117" 117 0.195402298851 179 88 40 37 33 28 19 17 14 12 10 7 5 5 3 3 0 0 0 0
"118" 118 0.513392857143 157 135 49 45 25 19 15 13 11 11 10 7 1 1 1 0 0 0 0 0
"119" 119 0.0348837209302 90 77 56 53 47 30 22 20 19 19 15 14 13 10 7 6 1 1 0 0
"120" 120 0.00574712643678 269 60 40 37 27 14 14 12 7 5 4 4 3 2 2 0 0 0 0 0
"121" 121 0.421524663677 178 118 84 28 25 14 12 10 8 7 5 4 3 2 2 0 0 0 0 0
"122" 122 0.178899082569 128 110 72 59 24 24 23 14 13 8 6 5 5 4 2 2 1 0 0 0
"123" 123 0.0 345 48 25 19 19 14 13 6 5 4 1 1 0 0 0 0 0 0 0 0
"124" 124 0.261627906977 116 108 66 56 25 24 24 15 12 12 11 10 9 5 4 3 0 0 0 0
"125" 125 0.633928571429 168 80 79 44 39 30 15 13 8 6 5 4 3 2 2 1 1 0 0 0
"126" 126 0.419708029197 90 81 77 60 49 40 35 24 20 10 4 3 2 2 2 1 0 0 0 0
"127" 127 0.643410852713 366 134 0 0 0 0 0 0 0 0 0 0 0 0 0 0 0 0 0 0
"128" 128 0.0804597701149 265 60 57 39 21 14 12 12 8 5 3 2 2 0 0 0 0 0 0 0
"129" 129 0.182389937107 94 87 77 49 45 31 27 20 19 13 11 9 7 6 4 1 0 0 0 0
"130" 130 0.0 392 50 18 16 13 4 4 1 1 1 0 0 0 0 0 0 0 0 0 0
"131" 131 0.0 199 76 65 45 33 23 19 18 12 8 1 1 0 0 0 0 0 0 0 0
"132" 132 0.0192307692308 342 129 18 6 5 0 0 0 0 0 0 0 0 0 0 0 0 0 0 0
"133" 133 0.0239234449761 407 32 31 21 5 3 1 0 0 0 0 0 0 0 0 0 0 0 0 0
"134" 134 0.0199004975124 172 172 74 41 19 11 3 3 3 1 1 0 0 0 0 0 0 0 0 0
"135" 135 0.0673076923077 500 0 0 0 0 0 0 0 0 0 0 0 0 0 0 0 0 0 0 0
"136" 136 0.0348258706468 141 117 77 43 30 29 15 14 13 8 5 4 2 1 1 0 0 0 0 0
"137" 137 0.0697674418605 224 77 70 52 34 16 9 8 4 2 2 2 0 0 0 0 0 0 0 0
"138" 138 0.100628930818 151 146 85 63 36 8 3 2 2 2 1 1 0 0 0 0 0 0 0 0
"139" 139 0.0627802690583 230 65 48 34 27 24 23 18 11 6 5 4 3 2 0 0 0 0 0 0
"140" 140 0.291390728477 148 96 69 59 59 22 20 8 7 6 3 3 0 0 0 0 0 0 0 0
"141" 141 0.0804597701149 116 106 102 98 25 12 11 11 5 3 3 2 2 2 1 1 0 0 0 0
"142" 142 0.610256410256 158 109 48 46 22 18 18 17 12 12 12 12 10 3 2 1 0 0 0 0
"143" 143 0.705583756345 151 104 77 46 44 24 21 13 7 6 3 1 1 1 1 0 0 0 0 0
"144" 144 0.225941422594 284 56 45 19 18 13 12 11 9 8 6 5 4 4 4 2 0 0 0 0
"145" 145 0.538461538462 425 72 2 1 0 0 0 0 0 0 0 0 0 0 0 0 0 0 0 0
"146" 146 0.153846153846 492 6 1 1 0 0 0 0 0 0 0 0 0 0 0 0 0 0 0 0
"147" 147 0.399239543726 196 98 93 60 11 9 6 6 6 5 5 3 2 0 0 0 0 0 0 0
"148" 148 0.464135021097 94 74 65 51 50 38 36 32 12 10 9 9 7 7 6 0 0 0 0 0
"149" 149 0.183908045977 101 87 85 55 46 33 28 18 9 7 7 7 6 3 3 3 2 0 0 0
"150" 150 0.224215246637 222 51 49 47 26 21 20 15 13 9 8 7 4 3 3 1 1 0 0 0
"151" 151 0.0865384615385 488 4 3 3 2 0 0 0 0 0 0 0 0 0 0 0 0 0 0 0
"152" 152 0.492700729927 223 56 43 37 31 26 20 17 15 11 7 7 2 2 2 1 0 0 0 0
"153" 153 0.471153846154 498 2 0 0 0 0 0 0 0 0 0 0 0 0 0 0 0 0 0 0
"154" 154 0.611398963731 154 110 88 43 38 25 10 9 8 6 3 2 2 2 0 0 0 0 0 0
"155" 155 0.75 151 95 77 48 28 19 19 18 13 13 12 3 2 1 1 0 0 0 0 0
"156" 156 0.317829457364 162 71 60 48 45 28 20 11 10 10 7 6 5 5 4 3 3 2 0 0
"157" 157 0.0288461538462 139 101 97 60 38 30 13 6 5 3 3 2 1 1 1 0 0 0 0 0
"158" 158 0.414507772021 163 86 82 35 34 32 29 12 7 5 4 4 2 2 2 1 0 0 0 0
"159" 159 0.42600896861 144 133 95 31 25 12 12 10 7 7 7 6 6 2 2 1 0 0 0 0
"160" 160 0.109452736318 207 99 42 34 32 30 23 9 7 6 4 3 2 1 1 0 0 0 0 0
"161" 161 0.144278606965 137 134 61 54 33 26 14 8 7 6 5 4 3 3 2 2 1 0 0 0
"162" 162 0.364238410596 134 106 64 48 40 21 21 14 12 10 8 6 5 4 4 3 0 0 0 0
"163" 163 0.0880829015544 104 91 91 59 37 27 26 23 20 8 5 3 3 1 1 1 0 0 0 0
"164" 164 0.0077519379845 313 40 37 26 18 11 10 9 9 7 7 5 4 2 2 0 0 0 0 0
"165" 165 0.348258706468 165 132 62 50 20 16 13 10 8 8 5 4 2 2 2 1 0 0 0 0
"166" 166 0.116279069767 109 85 76 63 43 38 21 13 12 7 6 5 5 4 4 3 3 3 0 0
"167" 167 0.0149253731343 107 99 95 80 53 27 14 11 4 3 3 2 1 1 0 0 0 0 0 0
"168" 168 0.191964285714 173 85 64 32 28 26 20 20 12 12 8 6 4 4 3 2 1 0 0 0
"169" 169 0.674418604651 186 76 62 53 40 20 20 18 7 7 5 3 2 1 0 0 0 0 0 0
"170" 170 0.046511627907 443 31 19 5 1 1 0 0 0 0 0 0 0 0 0 0 0 0 0 0
"171" 171 0.259615384615 500 0 0 0 0 0 0 0 0 0 0 0 0 0 0 0 0 0 0 0
"172" 172 0.031007751938 355 124 12 6 2 1 0 0 0 0 0 0 0 0 0 0 0 0 0 0
"173" 173 0.313901345291 152 102 55 44 39 25 22 20 10 9 9 5 3 3 2 0 0 0 0 0
"174" 174 0.0 383 70 13 12 4 4 3 3 3 3 1 1 0 0 0 0 0 0 0 0
"175" 175 0.0149253731343 147 134 84 55 32 18 18 10 1 1 0 0 0 0 0 0 0 0 0 0
"176" 176 0.0229885057471 396 27 26 10 9 8 8 7 3 2 2 1 1 0 0 0 0 0 0 0
"177" 177 0.0 229 81 51 41 39 21 19 6 4 3 2 2 1 1 0 0 0 0 0 0
"178" 178 0.120535714286 183 158 130 7 6 6 3 2 2 1 1 1 0 0 0 0 0 0 0 0
"179" 179 0.0316455696203 168 136 72 35 34 34 6 5 4 3 1 1 1 0 0 0 0 0 0 0
"180" 180 0.0 159 107 86 75 39 17 7 4 3 3 0 0 0 0 0 0 0 0 0 0
"181" 181 0.0566037735849 354 48 31 30 22 8 3 3 1 0 0 0 0 0 0 0 0 0 0 0
"182" 182 0.0919540229885 201 73 69 52 21 20 17 15 9 8 6 3 2 2 1 1 0 0 0 0
"183" 183 0.441964285714 219 120 37 31 20 19 12 10 9 9 8 5 1 0 0 0 0 0 0 0
"184" 184 0.0497512437811 201 62 57 36 32 28 17 14 14 11 7 6 5 3 2 2 2 1 0 0
"185" 185 0.0 251 198 31 10 9 1 0 0 0 0 0 0 0 0 0 0 0 0 0 0
"186" 186 0.430379746835 182 133 99 18 18 13 11 7 6 4 3 3 2 1 0 0 0 0 0 0
"187" 187 0.357664233577 193 130 49 45 25 15 10 8 7 7 7 2 2 0 0 0 0 0 0 0
"188" 188 0.0 276 39 36 30 28 18 18 15 11 11 7 6 3 1 1 0 0 0 0 0
"189" 189 0.0639534883721 182 156 70 43 14 11 6 6 5 3 1 1 1 1 0 0 0 0 0 0
"190" 190 0.607142857143 159 71 68 59 52 43 15 10 9 6 4 3 1 0 0 0 0 0 0 0
"191" 191 0.364341085271 90 67 54 53 51 45 26 22 21 13 11 11 10 10 9 4 2 1 0 0
"192" 192 0.0298507462687 322 118 19 18 9 5 2 2 1 1 1 1 1 0 0 0 0 0 0 0
"193" 193 0.496124031008 141 94 81 65 52 40 10 6 5 3 1 1 1 0 0 0 0 0 0 0
"194" 194 0.0812182741117 248 57 52 44 35 18 14 10 8 4 3 3 2 1 1 0 0 0 0 0
"195" 195 0.0 163 136 124 33 13 12 8 4 2 2 1 1 1 0 0 0 0 0 0 0
"196" 196 0.0 230 186 50 7 7 7 4 4 3 1 1 0 0 0 0 0 0 0 0 0
"197" 197 0.0152284263959 207 120 47 31 28 25 20 14 4 3 1 0 0 0 0 0 0 0 0 0
"198" 198 0.0 384 65 42 5 2 1 1 0 0 0 0 0 0 0 0 0 0 0 0 0
"199" 199 0.0710659898477 243 153 54 31 7 3 3 2 2 1 1 0 0 0 0 0 0 0 0 0
"200" 200 0.0288461538462 463 12 9 7 3 3 1 1 1 0 0 0 0 0 0 0 0 0 0 0
"201" 201 0.0 267 115 101 16 1 0 0 0 0 0 0 0 0 0 0 0 0 0 0 0
"202" 202 0.0 500 0 0 0 0 0 0 0 0 0 0 0 0 0 0 0 0 0 0 0
"203" 203 0.282051282051 213 197 50 12 11 3 3 3 3 1 1 1 1 1 0 0 0 0 0 0
"204" 204 0.235632183908 84 79 58 47 46 38 30 29 28 18 17 13 9 2 1 1 0 0 0 0
"205" 205 0.0116279069767 256 127 63 44 5 2 2 1 0 0 0 0 0 0 0 0 0 0 0 0
"206" 206 0.0880829015544 159 120 42 28 26 23 20 19 19 13 12 6 4 4 2 2 1 0 0 0
"207" 207 0.0 431 51 9 4 1 1 1 1 1 0 0 0 0 0 0 0 0 0 0 0
"208" 208 0.0134529147982 255 63 42 34 25 22 17 17 13 5 4 2 1 0 0 0 0 0 0 0
"209" 209 0.0659898477157 311 61 42 38 18 12 6 5 3 1 1 1 1 0 0 0 0 0 0 0
"210" 210 0.00497512437811 185 132 72 39 18 12 12 9 8 7 2 2 1 1 0 0 0 0 0 0
"211" 211 0.120689655172 235 177 14 14 13 11 9 7 7 6 6 1 0 0 0 0 0 0 0 0
"212" 212 0.0 277 65 63 46 13 11 7 7 6 3 1 1 0 0 0 0 0 0 0 0
"213" 213 0.129186602871 234 67 60 33 27 25 21 10 6 6 3 3 3 2 0 0 0 0 0 0
"214" 214 0.0880829015544 187 81 64 34 26 23 21 21 10 9 8 7 4 2 2 1 0 0 0 0
"215" 215 0.0077519379845 168 78 56 55 36 29 23 13 10 8 8 7 5 3 1 0 0 0 0 0
"216" 216 0.0418410041841 247 63 46 41 33 27 17 13 4 2 2 1 1 1 1 1 0 0 0 0
"217" 217 0.307692307692 443 49 4 1 1 1 1 0 0 0 0 0 0 0 0 0 0 0 0 0
"218" 218 0.446700507614 300 100 41 15 11 8 7 7 4 2 2 1 1 1 0 0 0 0 0 0
"219" 219 0.313953488372 100 84 61 48 35 34 27 21 16 15 15 14 7 7 6 5 5 0 0 0
"220" 220 0.625 164 109 60 47 38 37 37 3 2 2 1 0 0 0 0 0 0 0 0 0
"221" 221 0.673076923077 500 0 0 0 0 0 0 0 0 0 0 0 0 0 0 0 0 0 0 0
"222" 222 0.928229665072 216 110 60 33 31 19 14 8 5 2 1 1 0 0 0 0 0 0 0 0
"223" 223 0.253807106599 205 70 37 35 29 28 26 12 11 9 9 8 7 6 3 2 2 1 0 0
"224" 224 0.295597484277 223 94 79 33 26 24 10 4 2 2 1 1 1 0 0 0 0 0 0 0
"225" 225 0.476793248945 76 73 72 50 45 45 40 25 18 15 12 11 6 6 3 2 1 0 0 0
"226" 226 0.108786610879 224 107 68 43 26 9 8 3 3 2 2 2 1 1 1 0 0 0 0 0
"227" 227 0.0387596899225 148 130 128 23 20 17 10 6 4 4 3 2 2 2 1 0 0 0 0 0
"228" 228 0.143459915612 140 133 76 50 28 26 16 15 10 2 2 1 1 0 0 0 0 0 0 0
"229" 229 0.25641025641 269 81 32 22 21 17 17 13 9 9 3 2 2 1 1 1 0 0 0 0
"230" 230 0.00418410041841 235 226 19 14 2 1 1 1 1 0 0 0 0 0 0 0 0 0 0 0
"231" 231 0.218905472637 189 115 71 62 16 14 9 7 5 4 3 1 1 1 1 1 0 0 0 0
"232" 232 0.612403100775 153 131 112 31 22 22 11 7 4 3 2 1 1 0 0 0 0 0 0 0
"233" 233 0.651785714286 108 87 61 44 43 32 28 27 26 24 9 6 4 1 0 0 0 0 0 0
"234" 234 0.174418604651 126 91 69 64 60 34 20 12 11 4 2 1 1 1 1 1 1 1 0 0
"235" 235 0.663461538462 500 0 0 0 0 0 0 0 0 0 0 0 0 0 0 0 0 0 0 0
"236" 236 0.419689119171 126 84 64 47 41 39 26 16 13 10 9 8 8 7 1 1 0 0 0 0
"237" 237 0.269035532995 308 53 47 22 20 10 10 9 6 6 5 3 1 0 0 0 0 0 0 0
"238" 238 0.412408759124 154 92 49 45 45 25 20 18 15 13 7 6 4 4 1 1 1 0 0 0
"239" 239 0.116279069767 137 107 58 55 51 42 25 7 5 3 3 2 2 2 1 0 0 0 0 0
"240" 240 0.0 453 24 19 2 1 1 0 0 0 0 0 0 0 0 0 0 0 0 0 0
"241" 241 0.00574712643678 167 86 57 30 28 25 21 18 16 14 14 7 5 5 4 2 1 0 0 0
"242" 242 0.441605839416 182 92 81 60 41 16 7 5 4 4 3 3 1 1 0 0 0 0 0 0
"243" 243 0.22869955157 167 68 65 49 36 31 21 15 13 13 7 6 5 2 1 1 0 0 0 0
"244" 244 0.0114068441065 209 120 62 24 21 18 15 6 6 4 4 3 3 2 2 1 0 0 0 0
"245" 245 0.229357798165 91 71 69 57 54 50 28 17 17 13 9 8 7 5 2 2 0 0 0 0
"246" 246 0.46511627907 186 96 86 34 34 24 12 11 5 4 4 1 1 1 1 0 0 0 0 0
"247" 247 0.142857142857 203 112 53 30 28 15 15 10 9 9 8 3 2 2 1 0 0 0 0 0
"248" 248 0.00574712643678 187 99 61 53 44 20 16 9 3 2 2 1 1 1 1 0 0 0 0 0
"249" 249 0.504464285714 151 80 76 43 33 24 22 13 12 12 11 8 6 3 3 1 1 1 0 0
"250" 250 0.483443708609 176 93 62 36 25 25 24 16 14 12 7 4 3 2 1 0 0 0 0 0
"251" 251 0.0961538461538 440 29 20 5 3 2 1 0 0 0 0 0 0 0 0 0 0 0 0 0
"252" 252 0.505747126437 236 73 57 52 17 16 13 10 8 8 4 2 2 1 1 0 0 0 0 0
"253" 253 0.0114068441065 254 87 80 39 22 5 4 3 2 2 1 1 0 0 0 0 0 0 0 0
"254" 254 0.0188679245283 190 129 70 35 19 15 10 8 6 6 5 4 1 1 1 0 0 0 0 0
"255" 255 0.182692307692 303 75 34 24 23 16 6 5 5 5 2 1 1 0 0 0 0 0 0 0
"256" 256 0.584821428571 229 92 43 37 29 19 19 17 9 5 1 0 0 0 0 0 0 0 0 0
"257" 257 0.669642857143 172 106 90 47 33 27 15 6 3 1 0 0 0 0 0 0 0 0 0 0
"258" 258 0.0717703349282 371 24 19 17 14 13 12 6 5 5 4 3 3 2 1 1 0 0 0 0
"259" 259 0.0331125827815 176 171 41 20 20 20 12 10 7 7 5 4 3 3 1 0 0 0 0 0
"260" 260 0.112970711297 218 51 41 35 31 31 26 15 12 11 7 6 5 4 3 2 1 1 0 0
"261" 261 0.535885167464 204 65 58 40 30 24 23 17 16 13 5 2 2 1 0 0 0 0 0 0
