"site" "RSA" "aa1" "aa2" "aa3" "aa4" "aa5" "aa6" "aa7" "aa8" "aa9" "aa10" "aa11" "aa12" "aa13" "aa14" "aa15" "aa16" "aa17" "aa18" "aa19" "aa20"
"0" 0 0.646788990826 388 89 18 5 0 0 0 0 0 0 0 0 0 0 0 0 0 0 0 0
"1" 1 0.515695067265 390 72 19 11 6 2 0 0 0 0 0 0 0 0 0 0 0 0 0 0
"2" 2 0.53488372093 215 99 95 66 21 4 0 0 0 0 0 0 0 0 0 0 0 0 0 0
"3" 3 0.0203045685279 459 20 17 2 1 1 0 0 0 0 0 0 0 0 0 0 0 0 0 0
"4" 4 0.130801687764 183 137 126 48 3 2 1 0 0 0 0 0 0 0 0 0 0 0 0 0
"5" 5 0.0 382 47 41 21 5 3 1 0 0 0 0 0 0 0 0 0 0 0 0 0
"6" 6 0.0 496 3 1 0 0 0 0 0 0 0 0 0 0 0 0 0 0 0 0 0
"7" 7 0.0 416 34 30 16 2 1 1 0 0 0 0 0 0 0 0 0 0 0 0 0
"8" 8 0.0 441 57 2 0 0 0 0 0 0 0 0 0 0 0 0 0 0 0 0 0
"9" 9 0.0 500 0 0 0 0 0 0 0 0 0 0 0 0 0 0 0 0 0 0 0
"10" 10 0.129533678756 201 129 96 55 15 2 1 1 0 0 0 0 0 0 0 0 0 0 0 0
"11" 11 0.317307692308 159 153 93 52 29 14 0 0 0 0 0 0 0 0 0 0 0 0 0 0
"12" 12 0.643410852713 500 0 0 0 0 0 0 0 0 0 0 0 0 0 0 0 0 0 0 0
"13" 13 0.0114942528736 139 128 125 58 50 0 0 0 0 0 0 0 0 0 0 0 0 0 0 0
"14" 14 0.221153846154 500 0 0 0 0 0 0 0 0 0 0 0 0 0 0 0 0 0 0 0
"15" 15 0.0632911392405 449 19 14 13 5 0 0 0 0 0 0 0 0 0 0 0 0 0 0 0
"16" 16 0.122093023256 165 102 100 43 40 36 7 5 1 1 0 0 0 0 0 0 0 0 0 0
"17" 17 0.0886075949367 312 115 29 17 16 5 3 3 0 0 0 0 0 0 0 0 0 0 0 0
"18" 18 0.00497512437811 401 74 18 2 2 1 1 1 0 0 0 0 0 0 0 0 0 0 0 0
"19" 19 0.0 412 45 23 13 6 1 0 0 0 0 0 0 0 0 0 0 0 0 0 0
"20" 20 0.10152284264 159 103 59 49 40 23 21 13 11 8 6 6 1 1 0 0 0 0 0 0
"21" 21 0.00662251655629 307 193 0 0 0 0 0 0 0 0 0 0 0 0 0 0 0 0 0 0
"22" 22 0.155893536122 303 82 71 23 12 5 2 1 1 0 0 0 0 0 0 0 0 0 0 0
"23" 23 0.232558139535 218 120 96 62 4 0 0 0 0 0 0 0 0 0 0 0 0 0 0 0
"24" 24 0.482558139535 215 138 49 41 23 15 7 5 4 2 1 0 0 0 0 0 0 0 0 0
"25" 25 0.615384615385 499 1 0 0 0 0 0 0 0 0 0 0 0 0 0 0 0 0 0 0
"26" 26 0.387596899225 312 103 47 29 5 4 0 0 0 0 0 0 0 0 0 0 0 0 0 0
"27" 27 0.334728033473 347 114 32 5 2 0 0 0 0 0 0 0 0 0 0 0 0 0 0 0
"28" 28 0.138364779874 438 16 16 14 13 3 0 0 0 0 0 0 0 0 0 0 0 0 0 0
"29" 29 0.644230769231 396 103 1 0 0 0 0 0 0 0 0 0 0 0 0 0 0 0 0 0
"30" 30 0.580357142857 386 103 11 0 0 0 0 0 0 0 0 0 0 0 0 0 0 0 0 0
"31" 31 0.285171102662 485 7 4 4 0 0 0 0 0 0 0 0 0 0 0 0 0 0 0 0
"32" 32 0.472081218274 330 77 55 36 2 0 0 0 0 0 0 0 0 0 0 0 0 0 0 0
"33" 33 0.301886792453 281 131 37 17 14 10 5 2 2 1 0 0 0 0 0 0 0 0 0 0
"34" 34 0.744186046512 272 139 80 8 1 0 0 0 0 0 0 0 0 0 0 0 0 0 0 0
"35" 35 0.454022988506 225 181 67 13 6 3 2 2 1 0 0 0 0 0 0 0 0 0 0 0
"36" 36 0.326359832636 267 127 53 38 8 3 3 1 0 0 0 0 0 0 0 0 0 0 0 0
"37" 37 0.39896373057 400 77 14 6 2 1 0 0 0 0 0 0 0 0 0 0 0 0 0 0
"38" 38 0.4 259 171 38 17 13 1 1 0 0 0 0 0 0 0 0 0 0 0 0 0
"39" 39 0.121673003802 295 95 41 30 17 10 6 4 2 0 0 0 0 0 0 0 0 0 0 0
"40" 40 0.490066225166 229 144 58 22 22 18 4 3 0 0 0 0 0 0 0 0 0 0 0 0
"41" 41 0.0697674418605 189 145 39 37 29 25 13 12 3 3 2 1 1 1 0 0 0 0 0 0
"42" 42 0.533333333333 310 77 71 20 13 3 2 2 2 0 0 0 0 0 0 0 0 0 0 0
"43" 43 0.17816091954 121 119 107 63 24 21 16 9 8 7 4 1 0 0 0 0 0 0 0 0
"44" 44 0.610091743119 375 59 35 21 10 0 0 0 0 0 0 0 0 0 0 0 0 0 0 0
"45" 45 0.258620689655 195 139 137 23 6 0 0 0 0 0 0 0 0 0 0 0 0 0 0 0
"46" 46 0.554404145078 208 145 140 7 0 0 0 0 0 0 0 0 0 0 0 0 0 0 0 0
"47" 47 0.634615384615 466 34 0 0 0 0 0 0 0 0 0 0 0 0 0 0 0 0 0 0
"48" 48 0.20253164557 412 88 0 0 0 0 0 0 0 0 0 0 0 0 0 0 0 0 0 0
"49" 49 0.452830188679 292 168 28 6 3 2 1 0 0 0 0 0 0 0 0 0 0 0 0 0
"50" 50 0.0344827586207 500 0 0 0 0 0 0 0 0 0 0 0 0 0 0 0 0 0 0 0
"51" 51 0.241025641026 315 82 37 31 19 6 3 3 3 1 0 0 0 0 0 0 0 0 0 0
"52" 52 0.00497512437811 390 32 30 26 10 4 3 2 2 1 0 0 0 0 0 0 0 0 0 0
"53" 53 0.134615384615 132 105 99 69 32 26 18 17 1 1 0 0 0 0 0 0 0 0 0 0
"54" 54 0.0 367 44 36 21 18 10 4 0 0 0 0 0 0 0 0 0 0 0 0 0
"55" 55 0.237588652482 178 136 131 39 11 4 1 0 0 0 0 0 0 0 0 0 0 0 0 0
"56" 56 0.0310880829016 364 85 19 19 8 3 1 1 0 0 0 0 0 0 0 0 0 0 0 0
"57" 57 0.0290697674419 497 2 1 0 0 0 0 0 0 0 0 0 0 0 0 0 0 0 0 0
"58" 58 0.0387596899225 352 126 14 3 3 1 1 0 0 0 0 0 0 0 0 0 0 0 0 0
"59" 59 0.0576923076923 500 0 0 0 0 0 0 0 0 0 0 0 0 0 0 0 0 0 0 0
"60" 60 0.358744394619 232 90 66 59 24 22 6 1 0 0 0 0 0 0 0 0 0 0 0 0
"61" 61 0.691964285714 284 106 76 30 3 1 0 0 0 0 0 0 0 0 0 0 0 0 0 0
"62" 62 0.647668393782 209 108 96 37 29 11 10 0 0 0 0 0 0 0 0 0 0 0 0 0
"63" 63 0.326996197719 354 122 10 7 6 1 0 0 0 0 0 0 0 0 0 0 0 0 0 0
"64" 64 0.310880829016 234 159 87 9 7 3 1 0 0 0 0 0 0 0 0 0 0 0 0 0
"65" 65 0.835766423358 468 20 12 0 0 0 0 0 0 0 0 0 0 0 0 0 0 0 0 0
"66" 66 0.52736318408 274 102 91 17 16 0 0 0 0 0 0 0 0 0 0 0 0 0 0 0
"67" 67 0.029197080292 248 221 26 4 1 0 0 0 0 0 0 0 0 0 0 0 0 0 0 0
"68" 68 0.0817610062893 457 30 6 3 3 1 0 0 0 0 0 0 0 0 0 0 0 0 0 0
"69" 69 0.621890547264 370 107 16 7 0 0 0 0 0 0 0 0 0 0 0 0 0 0 0 0
"70" 70 0.245033112583 335 118 34 9 2 1 1 0 0 0 0 0 0 0 0 0 0 0 0 0
"71" 71 0.0190114068441 487 7 6 0 0 0 0 0 0 0 0 0 0 0 0 0 0 0 0 0
"72" 72 0.51572327044 341 157 2 0 0 0 0 0 0 0 0 0 0 0 0 0 0 0 0 0
"73" 73 0.385650224215 279 207 14 0 0 0 0 0 0 0 0 0 0 0 0 0 0 0 0 0
"74" 74 0.0639534883721 493 4 3 0 0 0 0 0 0 0 0 0 0 0 0 0 0 0 0 0
"75" 75 0.310880829016 500 0 0 0 0 0 0 0 0 0 0 0 0 0 0 0 0 0 0 0
"76" 76 0.0 317 99 77 4 3 0 0 0 0 0 0 0 0 0 0 0 0 0 0 0
"77" 77 0.0 494 3 2 1 0 0 0 0 0 0 0 0 0 0 0 0 0 0 0 0
"78" 78 0.0 379 68 20 18 9 4 1 1 0 0 0 0 0 0 0 0 0 0 0 0
"79" 79 0.0 446 27 17 9 1 0 0 0 0 0 0 0 0 0 0 0 0 0 0 0
"80" 80 0.0 408 76 7 4 3 2 0 0 0 0 0 0 0 0 0 0 0 0 0 0
"81" 81 0.0 489 7 4 0 0 0 0 0 0 0 0 0 0 0 0 0 0 0 0 0
"82" 82 0.0198675496689 359 139 2 0 0 0 0 0 0 0 0 0 0 0 0 0 0 0 0 0
"83" 83 0.0 428 22 18 17 11 3 1 0 0 0 0 0 0 0 0 0 0 0 0 0
"84" 84 0.0459770114943 450 29 13 4 3 1 0 0 0 0 0 0 0 0 0 0 0 0 0 0
"85" 85 0.291390728477 235 154 111 0 0 0 0 0 0 0 0 0 0 0 0 0 0 0 0 0
"86" 86 0.14465408805 345 82 61 10 2 0 0 0 0 0 0 0 0 0 0 0 0 0 0 0
"87" 87 0.488372093023 231 224 16 13 11 3 1 1 0 0 0 0 0 0 0 0 0 0 0 0
"88" 88 0.0198675496689 297 171 23 8 1 0 0 0 0 0 0 0 0 0 0 0 0 0 0 0
"89" 89 0.108786610879 249 130 72 29 7 6 3 2 2 0 0 0 0 0 0 0 0 0 0 0
"90" 90 0.397321428571 343 40 36 36 32 11 2 0 0 0 0 0 0 0 0 0 0 0 0 0
"91" 91 0.25641025641 256 82 48 47 34 18 8 2 2 2 1 0 0 0 0 0 0 0 0 0
"92" 92 0.0 491 8 1 0 0 0 0 0 0 0 0 0 0 0 0 0 0 0 0 0
"93" 93 0.332116788321 220 114 61 46 25 13 12 5 3 1 0 0 0 0 0 0 0 0 0 0
"94" 94 0.46511627907 376 80 30 14 0 0 0 0 0 0 0 0 0 0 0 0 0 0 0 0
"95" 95 0.194092827004 264 132 69 18 15 1 1 0 0 0 0 0 0 0 0 0 0 0 0 0
"96" 96 0.0 276 146 54 11 10 2 1 0 0 0 0 0 0 0 0 0 0 0 0 0
"97" 97 0.300380228137 228 133 114 17 8 0 0 0 0 0 0 0 0 0 0 0 0 0 0 0
"98" 98 0.389937106918 325 106 25 15 12 11 6 0 0 0 0 0 0 0 0 0 0 0 0 0
"99" 99 0.116071428571 239 91 81 43 17 13 6 5 2 2 1 0 0 0 0 0 0 0 0 0
"100" 100 0.0 442 57 1 0 0 0 0 0 0 0 0 0 0 0 0 0 0 0 0 0
"101" 101 0.20802919708 231 103 71 64 25 6 0 0 0 0 0 0 0 0 0 0 0 0 0 0
"102" 102 0.712918660287 433 59 4 1 1 1 1 0 0 0 0 0 0 0 0 0 0 0 0 0
"103" 103 0.416267942584 183 126 120 58 6 2 2 2 1 0 0 0 0 0 0 0 0 0 0 0
"104" 104 0.0949367088608 471 25 3 1 0 0 0 0 0 0 0 0 0 0 0 0 0 0 0 0
"105" 105 0.471698113208 240 181 75 3 1 0 0 0 0 0 0 0 0 0 0 0 0 0 0 0
"106" 106 0.846889952153 256 241 3 0 0 0 0 0 0 0 0 0 0 0 0 0 0 0 0 0
"107" 107 0.133720930233 487 12 1 0 0 0 0 0 0 0 0 0 0 0 0 0 0 0 0 0
"108" 108 0.207547169811 222 162 111 2 2 1 0 0 0 0 0 0 0 0 0 0 0 0 0 0
"109" 109 0.0 388 111 1 0 0 0 0 0 0 0 0 0 0 0 0 0 0 0 0 0
"110" 110 0.0 287 93 50 33 29 3 2 1 1 1 0 0 0 0 0 0 0 0 0 0
"111" 111 0.0 492 4 3 1 0 0 0 0 0 0 0 0 0 0 0 0 0 0 0 0
"112" 112 0.0 382 42 25 25 16 5 3 1 1 0 0 0 0 0 0 0 0 0 0 0
"113" 113 0.0 427 33 24 6 5 3 1 1 0 0 0 0 0 0 0 0 0 0 0 0
"114" 114 0.0290697674419 447 28 21 2 1 1 0 0 0 0 0 0 0 0 0 0 0 0 0 0
"115" 115 0.295358649789 274 128 68 24 4 2 0 0 0 0 0 0 0 0 0 0 0 0 0 0
"116" 116 0.223880597015 270 203 21 4 2 0 0 0 0 0 0 0 0 0 0 0 0 0 0 0
"117" 117 0.227979274611 417 58 17 8 0 0 0 0 0 0 0 0 0 0 0 0 0 0 0 0
"118" 118 0.26368159204 114 112 107 102 31 21 7 4 1 1 0 0 0 0 0 0 0 0 0 0
"119" 119 0.21897810219 261 74 48 47 30 22 9 3 3 2 1 0 0 0 0 0 0 0 0 0
"120" 120 0.678756476684 216 136 81 36 20 4 3 2 2 0 0 0 0 0 0 0 0 0 0 0
"121" 121 0.326424870466 186 100 99 98 10 6 1 0 0 0 0 0 0 0 0 0 0 0 0 0
"122" 122 0.514767932489 310 77 61 44 6 2 0 0 0 0 0 0 0 0 0 0 0 0 0 0
"123" 123 0.575129533679 239 147 62 27 25 0 0 0 0 0 0 0 0 0 0 0 0 0 0 0
"124" 124 0.0813953488372 159 122 57 54 42 27 25 13 1 0 0 0 0 0 0 0 0 0 0 0
"125" 125 0.279187817259 388 44 35 32 1 0 0 0 0 0 0 0 0 0 0 0 0 0 0 0
"126" 126 0.294642857143 333 56 52 34 10 9 4 2 0 0 0 0 0 0 0 0 0 0 0 0
"127" 127 0.492700729927 159 146 68 58 49 16 3 1 0 0 0 0 0 0 0 0 0 0 0 0
"128" 128 0.0298507462687 500 0 0 0 0 0 0 0 0 0 0 0 0 0 0 0 0 0 0 0
"129" 129 0.532846715328 378 96 23 2 1 0 0 0 0 0 0 0 0 0 0 0 0 0 0 0
"130" 130 0.709844559585 491 9 0 0 0 0 0 0 0 0 0 0 0 0 0 0 0 0 0 0
"131" 131 0.37552742616 204 158 64 37 33 4 0 0 0 0 0 0 0 0 0 0 0 0 0 0
"132" 132 0.620253164557 500 0 0 0 0 0 0 0 0 0 0 0 0 0 0 0 0 0 0 0
"133" 133 0.417910447761 423 50 14 5 3 2 2 1 0 0 0 0 0 0 0 0 0 0 0 0
"134" 134 0.441860465116 331 104 28 26 6 3 1 1 0 0 0 0 0 0 0 0 0 0 0 0
"135" 135 0.0943396226415 446 30 22 2 0 0 0 0 0 0 0 0 0 0 0 0 0 0 0 0
"136" 136 0.0406091370558 410 48 19 12 11 0 0 0 0 0 0 0 0 0 0 0 0 0 0 0
"137" 137 0.331395348837 319 90 23 22 19 15 8 2 1 1 0 0 0 0 0 0 0 0 0 0
"138" 138 0.425855513308 255 88 74 23 16 15 14 6 4 3 2 0 0 0 0 0 0 0 0 0
"139" 139 0.559748427673 155 128 108 82 14 13 0 0 0 0 0 0 0 0 0 0 0 0 0 0
"140" 140 0.421524663677 277 105 55 32 16 6 6 3 0 0 0 0 0 0 0 0 0 0 0 0
"141" 141 0.0 278 192 18 7 3 2 0 0 0 0 0 0 0 0 0 0 0 0 0 0
"142" 142 0.213930348259 182 105 76 58 43 25 5 3 1 1 1 0 0 0 0 0 0 0 0 0
"143" 143 0.426356589147 171 116 77 68 45 11 9 2 1 0 0 0 0 0 0 0 0 0 0 0
"144" 144 0.0183486238532 318 64 51 22 16 14 6 5 2 1 1 0 0 0 0 0 0 0 0 0
"145" 145 0.0387596899225 472 28 0 0 0 0 0 0 0 0 0 0 0 0 0 0 0 0 0 0
"146" 146 0.656934306569 160 121 112 55 52 0 0 0 0 0 0 0 0 0 0 0 0 0 0 0
"147" 147 0.415178571429 325 74 52 13 9 9 8 6 2 1 1 0 0 0 0 0 0 0 0 0
"148" 148 0.010152284264 492 8 0 0 0 0 0 0 0 0 0 0 0 0 0 0 0 0 0 0
"149" 149 0.480769230769 499 1 0 0 0 0 0 0 0 0 0 0 0 0 0 0 0 0 0 0
"150" 150 0.132450331126 493 7 0 0 0 0 0 0 0 0 0 0 0 0 0 0 0 0 0 0
"151" 151 0.48275862069 227 107 67 35 28 27 7 2 0 0 0 0 0 0 0 0 0 0 0 0
"152" 152 0.367088607595 235 111 69 41 27 14 2 1 0 0 0 0 0 0 0 0 0 0 0 0
"153" 153 0.041825095057 276 75 60 26 25 23 8 4 2 1 0 0 0 0 0 0 0 0 0 0
"154" 154 0.10447761194 195 90 86 41 27 21 18 14 4 3 1 0 0 0 0 0 0 0 0 0
"155" 155 0.116071428571 168 132 57 56 33 17 15 9 4 3 3 2 1 0 0 0 0 0 0 0
"156" 156 0.00632911392405 421 60 7 6 3 2 1 0 0 0 0 0 0 0 0 0 0 0 0 0
"157" 157 0.0 500 0 0 0 0 0 0 0 0 0 0 0 0 0 0 0 0 0 0 0
"158" 158 0.100775193798 476 21 3 0 0 0 0 0 0 0 0 0 0 0 0 0 0 0 0 0
"159" 159 0.482587064677 178 139 83 47 24 16 10 2 1 0 0 0 0 0 0 0 0 0 0 0
"160" 160 0.31976744186 378 101 12 6 2 1 0 0 0 0 0 0 0 0 0 0 0 0 0 0
"161" 161 0.318385650224 235 144 73 48 0 0 0 0 0 0 0 0 0 0 0 0 0 0 0 0
"162" 162 0.624087591241 251 182 41 13 5 3 3 2 0 0 0 0 0 0 0 0 0 0 0 0
"163" 163 0.317307692308 500 0 0 0 0 0 0 0 0 0 0 0 0 0 0 0 0 0 0 0
"164" 164 0.0248756218905 244 155 49 40 11 1 0 0 0 0 0 0 0 0 0 0 0 0 0 0
"165" 165 0.548523206751 152 142 112 52 17 13 4 4 3 1 0 0 0 0 0 0 0 0 0 0
"166" 166 0.372093023256 139 76 73 66 53 34 26 17 16 0 0 0 0 0 0 0 0 0 0 0
"167" 167 0.0 365 47 26 21 21 16 3 1 0 0 0 0 0 0 0 0 0 0 0 0
"168" 168 0.0 356 64 53 9 5 3 3 2 2 2 1 0 0 0 0 0 0 0 0 0
"169" 169 0.170984455959 155 90 79 46 40 32 21 19 15 1 1 1 0 0 0 0 0 0 0 0
"170" 170 0.165178571429 223 108 87 27 21 13 9 4 4 3 1 0 0 0 0 0 0 0 0 0
"171" 171 0.0 189 151 130 20 5 4 1 0 0 0 0 0 0 0 0 0 0 0 0 0
"172" 172 0.0507614213198 153 109 108 37 31 24 16 15 6 1 0 0 0 0 0 0 0 0 0 0
"173" 173 0.419708029197 321 35 34 30 30 20 18 7 4 1 0 0 0 0 0 0 0 0 0 0
"174" 174 0.255813953488 293 92 62 45 4 2 1 1 0 0 0 0 0 0 0 0 0 0 0 0
"175" 175 0.258620689655 483 17 0 0 0 0 0 0 0 0 0 0 0 0 0 0 0 0 0 0
"176" 176 0.303482587065 459 32 7 1 1 0 0 0 0 0 0 0 0 0 0 0 0 0 0 0
"177" 177 1.05769230769 500 0 0 0 0 0 0 0 0 0 0 0 0 0 0 0 0 0 0 0
