"site" "RSA" "aa1" "aa2" "aa3" "aa4" "aa5" "aa6" "aa7" "aa8" "aa9" "aa10" "aa11" "aa12" "aa13" "aa14" "aa15" "aa16" "aa17" "aa18" "aa19" "aa20"
"0" 0 0.569037656904 246 39 37 34 33 30 22 19 14 11 8 5 2 0 0 0 0 0 0 0
"1" 1 0.343023255814 216 78 64 40 26 26 21 17 8 3 1 0 0 0 0 0 0 0 0 0
"2" 2 0.0 437 13 11 8 8 8 5 4 3 2 1 0 0 0 0 0 0 0 0 0
"3" 3 0.287179487179 174 104 74 67 57 9 7 6 1 1 0 0 0 0 0 0 0 0 0 0
"4" 4 0.526785714286 188 142 87 36 11 10 8 6 3 3 2 2 1 1 0 0 0 0 0 0
"5" 5 0.848101265823 130 111 105 101 32 10 10 1 0 0 0 0 0 0 0 0 0 0 0 0
"6" 6 0.282511210762 300 54 37 25 25 21 16 11 5 3 1 1 1 0 0 0 0 0 0 0
"7" 7 0.18407960199 472 10 6 5 3 2 1 1 0 0 0 0 0 0 0 0 0 0 0 0
"8" 8 0.226744186047 373 75 29 10 6 4 1 1 1 0 0 0 0 0 0 0 0 0 0 0
"9" 9 0.818652849741 371 120 6 1 1 1 0 0 0 0 0 0 0 0 0 0 0 0 0 0
"10" 10 0.357512953368 493 3 2 1 1 0 0 0 0 0 0 0 0 0 0 0 0 0 0 0
"11" 11 0.0 209 137 93 37 12 11 1 0 0 0 0 0 0 0 0 0 0 0 0 0
"12" 12 0.203045685279 280 168 14 13 7 5 4 3 2 2 1 1 0 0 0 0 0 0 0 0
"13" 13 0.424870466321 438 47 6 5 3 1 0 0 0 0 0 0 0 0 0 0 0 0 0 0
"14" 14 0.0149253731343 428 17 16 14 12 4 3 2 2 2 0 0 0 0 0 0 0 0 0 0
"15" 15 0.00836820083682 349 129 11 6 5 0 0 0 0 0 0 0 0 0 0 0 0 0 0 0
"16" 16 0.296511627907 150 120 72 71 47 22 10 3 2 2 1 0 0 0 0 0 0 0 0 0
"17" 17 0.409282700422 170 146 68 53 37 14 6 5 1 0 0 0 0 0 0 0 0 0 0 0
"18" 18 0.00354609929078 208 86 73 35 25 24 23 8 4 3 3 2 2 2 1 1 0 0 0 0
"19" 19 0.0543933054393 177 160 75 28 15 13 11 9 7 3 1 1 0 0 0 0 0 0 0 0
"20" 20 0.317948717949 153 120 61 59 55 36 7 6 3 0 0 0 0 0 0 0 0 0 0 0
"21" 21 0.28125 279 80 47 37 19 18 12 4 3 1 0 0 0 0 0 0 0 0 0 0
"22" 22 0.0 346 83 40 11 8 5 5 1 1 0 0 0 0 0 0 0 0 0 0 0
"23" 23 0.489451476793 176 144 80 37 21 18 9 6 3 2 2 1 1 0 0 0 0 0 0 0
"24" 24 0.678571428571 173 133 127 30 11 10 5 4 3 2 2 0 0 0 0 0 0 0 0 0
"25" 25 0.170984455959 191 89 76 62 39 12 12 7 4 4 2 1 1 0 0 0 0 0 0 0
"26" 26 0.723270440252 229 168 98 4 1 0 0 0 0 0 0 0 0 0 0 0 0 0 0 0
"27" 27 0.419708029197 221 91 40 36 29 21 15 14 10 6 4 4 3 3 2 1 0 0 0 0
"28" 28 0.107142857143 326 59 38 16 14 12 10 7 7 4 4 2 1 0 0 0 0 0 0 0
"29" 29 0.71511627907 108 106 88 85 78 15 11 3 3 3 0 0 0 0 0 0 0 0 0 0
"30" 30 0.432835820896 193 146 67 34 28 22 7 2 1 0 0 0 0 0 0 0 0 0 0 0
"31" 31 0.0566037735849 165 117 77 50 39 21 15 11 5 0 0 0 0 0 0 0 0 0 0 0
"32" 32 0.236607142857 214 57 56 47 33 28 21 18 11 9 2 2 1 1 0 0 0 0 0 0
"33" 33 0.232558139535 397 33 17 16 16 6 6 5 2 1 1 0 0 0 0 0 0 0 0 0
"34" 34 0.0152284263959 159 101 86 41 36 34 16 13 8 4 2 0 0 0 0 0 0 0 0 0
"35" 35 0.255813953488 142 132 124 54 17 17 8 3 2 1 0 0 0 0 0 0 0 0 0 0
"36" 36 0.0 265 98 64 53 10 3 3 1 1 1 1 0 0 0 0 0 0 0 0 0
"37" 37 0.218543046358 148 125 81 54 28 26 15 7 6 3 2 2 2 1 0 0 0 0 0 0
"38" 38 0.0331125827815 344 132 12 6 5 1 0 0 0 0 0 0 0 0 0 0 0 0 0 0
"39" 39 0.193798449612 154 92 82 77 34 22 15 14 6 2 1 1 0 0 0 0 0 0 0 0
"40" 40 0.290178571429 210 106 92 45 20 18 4 3 1 1 0 0 0 0 0 0 0 0 0 0
"41" 41 0.44776119403 152 132 93 81 16 11 6 3 3 2 1 0 0 0 0 0 0 0 0 0
"42" 42 0.698113207547 192 170 126 10 1 1 0 0 0 0 0 0 0 0 0 0 0 0 0 0
"43" 43 0.483443708609 150 113 93 88 30 6 6 5 4 3 2 0 0 0 0 0 0 0 0 0
"44" 44 0.471153846154 500 0 0 0 0 0 0 0 0 0 0 0 0 0 0 0 0 0 0 0
"45" 45 0.565693430657 132 132 90 62 52 14 6 4 2 1 1 1 1 1 1 0 0 0 0 0
"46" 46 0.614942528736 133 83 53 50 49 40 38 32 8 7 3 3 1 0 0 0 0 0 0 0
"47" 47 0.0860927152318 176 123 95 41 18 10 9 8 4 4 3 3 2 2 1 1 0 0 0 0
"48" 48 0.503311258278 156 74 60 50 46 37 35 26 9 4 3 0 0 0 0 0 0 0 0 0
"49" 49 0.186131386861 196 111 61 52 43 18 7 4 4 2 1 1 0 0 0 0 0 0 0 0
"50" 50 0.56345177665 197 124 101 22 19 15 11 10 1 0 0 0 0 0 0 0 0 0 0 0
"51" 51 0.134328358209 222 124 60 30 18 16 11 8 5 2 1 1 1 1 0 0 0 0 0 0
"52" 52 0.477611940299 131 68 59 55 48 37 34 27 20 12 9 0 0 0 0 0 0 0 0 0
"53" 53 0.0418410041841 276 158 48 15 3 0 0 0 0 0 0 0 0 0 0 0 0 0 0 0
"54" 54 0.400843881857 149 132 100 41 20 17 17 8 7 2 2 2 1 1 1 0 0 0 0 0
"55" 55 0.272321428571 348 58 32 21 13 13 5 4 2 1 1 1 1 0 0 0 0 0 0 0
"56" 56 0.233830845771 216 82 72 63 30 17 12 3 2 1 1 1 0 0 0 0 0 0 0 0
"57" 57 0.259067357513 476 22 2 0 0 0 0 0 0 0 0 0 0 0 0 0 0 0 0 0
"58" 58 0.760765550239 331 116 20 17 15 1 0 0 0 0 0 0 0 0 0 0 0 0 0 0
"59" 59 0.244525547445 195 80 79 56 33 19 15 12 7 2 1 1 0 0 0 0 0 0 0 0
"60" 60 0.0288461538462 500 0 0 0 0 0 0 0 0 0 0 0 0 0 0 0 0 0 0 0
"61" 61 0.0 193 167 61 40 18 12 7 1 1 0 0 0 0 0 0 0 0 0 0 0
"62" 62 0.00581395348837 184 80 65 59 50 39 9 9 3 2 0 0 0 0 0 0 0 0 0 0
"63" 63 0.00507614213198 218 118 54 38 37 17 13 2 2 1 0 0 0 0 0 0 0 0 0 0
"64" 64 0.136882129278 140 111 109 52 39 10 8 8 6 5 4 3 3 1 1 0 0 0 0 0
"65" 65 0.0728476821192 341 151 8 0 0 0 0 0 0 0 0 0 0 0 0 0 0 0 0 0
"66" 66 0.0410256410256 459 25 8 4 2 2 0 0 0 0 0 0 0 0 0 0 0 0 0 0
"67" 67 0.0602836879433 297 158 38 3 2 1 1 0 0 0 0 0 0 0 0 0 0 0 0 0
"68" 68 0.346153846154 462 32 3 2 1 0 0 0 0 0 0 0 0 0 0 0 0 0 0 0
"69" 69 0.18023255814 205 115 61 26 21 12 11 10 10 9 9 4 4 3 0 0 0 0 0 0
"70" 70 0.0 399 96 3 1 1 0 0 0 0 0 0 0 0 0 0 0 0 0 0 0
"71" 71 0.328467153285 120 75 62 53 51 43 35 33 9 7 5 4 3 0 0 0 0 0 0 0
"72" 72 0.0295358649789 197 182 48 32 14 9 8 4 2 2 1 1 0 0 0 0 0 0 0 0
"73" 73 0.0387596899225 488 11 1 0 0 0 0 0 0 0 0 0 0 0 0 0 0 0 0 0
"74" 74 0.516746411483 161 140 90 32 31 13 12 9 7 4 1 0 0 0 0 0 0 0 0 0
"75" 75 0.00518134715026 215 111 93 74 4 1 1 1 0 0 0 0 0 0 0 0 0 0 0 0
"76" 76 0.0355329949239 297 76 38 29 15 10 9 8 6 5 4 2 1 0 0 0 0 0 0 0
"77" 77 0.643410852713 208 141 44 42 27 15 9 6 4 2 1 1 0 0 0 0 0 0 0 0
"78" 78 0.313953488372 136 103 83 41 40 30 29 15 7 6 4 3 2 1 0 0 0 0 0 0
"79" 79 0.0666666666667 253 156 36 34 15 4 1 1 0 0 0 0 0 0 0 0 0 0 0 0
"80" 80 0.446540880503 314 94 31 22 20 8 4 2 2 1 1 1 0 0 0 0 0 0 0 0
"81" 81 0.379487179487 241 96 85 35 15 14 8 5 1 0 0 0 0 0 0 0 0 0 0 0
"82" 82 0.077519379845 338 156 5 1 0 0 0 0 0 0 0 0 0 0 0 0 0 0 0 0
"83" 83 0.170542635659 205 150 63 46 27 7 2 0 0 0 0 0 0 0 0 0 0 0 0 0
"84" 84 0.010152284264 287 60 49 37 28 15 10 8 6 0 0 0 0 0 0 0 0 0 0 0
"85" 85 0.212643678161 148 143 71 47 37 24 11 7 5 4 2 1 0 0 0 0 0 0 0 0
"86" 86 0.0 317 143 23 8 7 1 1 0 0 0 0 0 0 0 0 0 0 0 0 0
"87" 87 0.464435146444 243 92 59 44 35 10 6 5 3 3 0 0 0 0 0 0 0 0 0 0
"88" 88 0.00709219858156 181 96 71 64 50 26 5 2 1 1 1 1 1 0 0 0 0 0 0 0
"89" 89 0.611814345992 204 139 97 17 16 8 8 6 2 2 1 0 0 0 0 0 0 0 0 0
"90" 90 0.435233160622 233 103 41 40 23 16 9 7 7 5 5 3 3 2 1 1 1 0 0 0
"91" 91 0.0199004975124 296 37 36 28 27 23 19 11 10 5 5 3 0 0 0 0 0 0 0 0
"92" 92 0.322869955157 338 116 24 7 4 3 3 2 2 1 0 0 0 0 0 0 0 0 0 0
"93" 93 0.036496350365 184 90 45 43 29 27 25 18 15 12 6 5 1 0 0 0 0 0 0 0
"94" 94 0.22869955157 211 145 57 42 32 8 4 1 0 0 0 0 0 0 0 0 0 0 0 0
"95" 95 0.0 327 93 49 7 6 5 4 3 3 2 1 0 0 0 0 0 0 0 0 0
"96" 96 0.302919708029 173 149 139 7 6 6 5 4 3 3 3 2 0 0 0 0 0 0 0 0
"97" 97 0.0 181 146 78 66 21 6 1 1 0 0 0 0 0 0 0 0 0 0 0 0
"98" 98 0.28125 290 130 29 20 19 4 2 2 2 1 1 0 0 0 0 0 0 0 0 0
"99" 99 0.0480769230769 500 0 0 0 0 0 0 0 0 0 0 0 0 0 0 0 0 0 0 0
"100" 100 0.238578680203 115 111 97 89 23 23 18 10 6 6 1 1 0 0 0 0 0 0 0 0
"101" 101 0.0697674418605 204 154 89 36 5 3 2 2 2 2 1 0 0 0 0 0 0 0 0 0
"102" 102 0.25 137 114 99 56 40 17 12 7 7 6 2 1 1 1 0 0 0 0 0 0
"103" 103 0.564593301435 204 151 82 26 17 12 6 1 1 0 0 0 0 0 0 0 0 0 0 0
"104" 104 0.0574712643678 114 100 85 73 50 32 16 13 10 4 2 1 0 0 0 0 0 0 0 0
"105" 105 0.4 187 126 86 43 34 11 9 2 1 1 0 0 0 0 0 0 0 0 0 0
"106" 106 0.332116788321 161 106 46 41 36 30 20 14 10 9 8 7 5 4 3 0 0 0 0 0
"107" 107 0.459821428571 165 116 110 39 26 24 12 3 2 1 1 1 0 0 0 0 0 0 0 0
"108" 108 0.133720930233 138 113 91 90 33 9 8 7 4 2 2 1 1 1 0 0 0 0 0 0
"109" 109 0.00662251655629 472 15 13 0 0 0 0 0 0 0 0 0 0 0 0 0 0 0 0 0
"110" 110 0.34375 303 60 41 39 13 11 9 8 4 3 2 2 2 2 1 0 0 0 0 0
"111" 111 0.467153284672 210 102 72 41 27 23 18 3 2 1 1 0 0 0 0 0 0 0 0 0
"112" 112 0.266159695817 197 81 41 40 35 29 24 22 19 6 4 2 0 0 0 0 0 0 0 0
"113" 113 0.00418410041841 201 194 66 30 5 2 1 1 0 0 0 0 0 0 0 0 0 0 0 0
"114" 114 0.556962025316 254 120 33 22 21 19 12 7 3 3 2 1 1 1 1 0 0 0 0 0
"115" 115 0.622093023256 224 114 48 34 23 20 11 10 8 4 3 1 0 0 0 0 0 0 0 0
"116" 116 0.35401459854 106 86 77 65 58 32 31 16 15 7 6 1 0 0 0 0 0 0 0 0
"117" 117 0.534591194969 232 98 89 46 16 9 4 4 2 0 0 0 0 0 0 0 0 0 0 0
"118" 118 0.704379562044 155 145 54 42 41 24 11 9 7 6 3 2 1 0 0 0 0 0 0 0
"119" 119 0.605769230769 285 162 17 15 7 6 3 2 1 1 1 0 0 0 0 0 0 0 0 0
"120" 120 0.251655629139 173 101 66 56 41 25 16 14 3 2 1 1 1 0 0 0 0 0 0 0
"121" 121 0.0928270042194 438 40 17 4 1 0 0 0 0 0 0 0 0 0 0 0 0 0 0 0
"122" 122 0.10152284264 274 85 81 37 9 4 3 3 3 1 0 0 0 0 0 0 0 0 0 0
"123" 123 0.278846153846 156 122 62 58 30 24 21 13 9 4 1 0 0 0 0 0 0 0 0 0
"124" 124 0.093023255814 157 135 84 43 25 24 11 10 4 3 2 1 1 0 0 0 0 0 0 0
"125" 125 0.315602836879 481 19 0 0 0 0 0 0 0 0 0 0 0 0 0 0 0 0 0 0
"126" 126 0.031007751938 499 1 0 0 0 0 0 0 0 0 0 0 0 0 0 0 0 0 0 0
"127" 127 0.384105960265 137 59 55 41 41 35 34 29 21 19 13 13 1 1 1 0 0 0 0 0
"128" 128 0.627737226277 187 110 99 46 20 14 10 8 3 2 1 0 0 0 0 0 0 0 0 0
"129" 129 0.322869955157 132 99 59 42 39 31 30 29 18 6 5 5 2 1 1 1 0 0 0 0
"130" 130 0.529801324503 439 30 25 2 2 1 1 0 0 0 0 0 0 0 0 0 0 0 0 0
"131" 131 0.388601036269 236 110 53 30 21 15 9 6 5 5 4 3 2 1 0 0 0 0 0 0
"132" 132 0.810344827586 283 68 63 46 25 9 4 2 0 0 0 0 0 0 0 0 0 0 0 0
"133" 133 0.375634517766 267 126 29 26 18 7 7 6 6 3 2 2 1 0 0 0 0 0 0 0
"134" 134 0.759493670886 211 170 47 43 9 6 5 3 3 1 1 1 0 0 0 0 0 0 0 0
"135" 135 0.369230769231 110 110 78 71 68 56 4 3 0 0 0 0 0 0 0 0 0 0 0 0
"136" 136 0.569343065693 115 107 95 64 33 30 20 14 10 10 2 0 0 0 0 0 0 0 0 0
"137" 137 0.517857142857 229 114 90 19 14 14 13 2 2 1 1 1 0 0 0 0 0 0 0 0
"138" 138 0.214285714286 133 82 82 75 36 31 24 23 12 2 0 0 0 0 0 0 0 0 0 0
"139" 139 0.194029850746 163 101 69 67 65 10 9 8 4 1 1 1 1 0 0 0 0 0 0 0
"140" 140 0.357512953368 125 115 103 50 47 35 11 5 5 3 1 0 0 0 0 0 0 0 0 0
"141" 141 0.455357142857 143 119 92 59 44 13 10 8 7 3 1 1 0 0 0 0 0 0 0 0
"142" 142 0.213930348259 162 122 68 54 29 29 12 12 6 2 2 1 1 0 0 0 0 0 0 0
"143" 143 0.313953488372 167 146 73 71 16 13 7 4 1 1 1 0 0 0 0 0 0 0 0 0
"144" 144 0.641255605381 139 109 94 45 37 24 17 16 13 5 1 0 0 0 0 0 0 0 0 0
"145" 145 0.46835443038 204 79 68 66 44 19 10 5 2 1 1 1 0 0 0 0 0 0 0 0
"146" 146 0.184615384615 158 120 55 51 41 39 20 16 0 0 0 0 0 0 0 0 0 0 0 0
"147" 147 0.418604651163 240 101 61 21 20 20 15 14 3 2 1 1 1 0 0 0 0 0 0 0
"148" 148 0.3125 124 117 109 95 20 11 9 7 6 2 0 0 0 0 0 0 0 0 0 0
"149" 149 0.29197080292 201 83 63 53 39 26 17 13 3 2 0 0 0 0 0 0 0 0 0 0
"150" 150 0.117154811715 278 217 2 2 1 0 0 0 0 0 0 0 0 0 0 0 0 0 0 0
"151" 151 0.320675105485 235 160 85 6 5 5 4 0 0 0 0 0 0 0 0 0 0 0 0 0
"152" 152 0.528497409326 450 35 13 2 0 0 0 0 0 0 0 0 0 0 0 0 0 0 0 0
"153" 153 0.418604651163 223 144 89 22 9 6 4 2 1 0 0 0 0 0 0 0 0 0 0 0
"154" 154 0.424107142857 214 172 35 29 18 13 11 3 3 1 1 0 0 0 0 0 0 0 0 0
"155" 155 0.39896373057 307 83 35 15 14 12 8 6 6 5 4 3 1 1 0 0 0 0 0 0
"156" 156 0.0761421319797 260 234 4 1 1 0 0 0 0 0 0 0 0 0 0 0 0 0 0 0
"157" 157 0.503144654088 456 26 10 5 1 1 1 0 0 0 0 0 0 0 0 0 0 0 0 0
"158" 158 0.126582278481 222 123 74 36 14 14 9 5 2 1 0 0 0 0 0 0 0 0 0 0
"159" 159 0.0 221 172 30 30 20 12 7 6 1 1 0 0 0 0 0 0 0 0 0 0
"160" 160 0.746113989637 257 106 35 33 31 16 16 4 1 1 0 0 0 0 0 0 0 0 0 0
"161" 161 0.212927756654 179 120 40 38 33 23 20 19 11 9 5 2 1 0 0 0 0 0 0 0
"162" 162 0.0744680851064 211 204 41 13 11 8 5 3 2 1 1 0 0 0 0 0 0 0 0 0
"163" 163 0.0288461538462 500 0 0 0 0 0 0 0 0 0 0 0 0 0 0 0 0 0 0 0
"164" 164 0.0192307692308 280 130 30 23 12 8 6 6 3 2 0 0 0 0 0 0 0 0 0 0
"165" 165 0.0 202 144 45 44 27 21 6 5 3 1 1 1 0 0 0 0 0 0 0 0
"166" 166 0.0583941605839 223 141 77 15 15 13 9 6 1 0 0 0 0 0 0 0 0 0 0 0
"167" 167 0.0 386 54 38 21 1 0 0 0 0 0 0 0 0 0 0 0 0 0 0 0
"168" 168 0.0 431 30 19 9 4 2 1 1 1 1 1 0 0 0 0 0 0 0 0 0
"169" 169 0.0251572327044 216 189 66 14 11 2 1 1 0 0 0 0 0 0 0 0 0 0 0 0
"170" 170 0.208955223881 291 142 37 22 4 4 0 0 0 0 0 0 0 0 0 0 0 0 0 0
"171" 171 0.254464285714 250 96 47 42 29 13 8 7 4 4 0 0 0 0 0 0 0 0 0 0
"172" 172 0.0 155 152 79 44 20 17 15 7 3 3 2 2 1 0 0 0 0 0 0 0
"173" 173 0.0223214285714 199 128 121 19 19 10 3 1 0 0 0 0 0 0 0 0 0 0 0 0
"174" 174 0.0 422 43 9 8 8 8 1 1 0 0 0 0 0 0 0 0 0 0 0 0
"175" 175 0.124113475177 253 145 36 25 18 7 4 4 3 3 2 0 0 0 0 0 0 0 0 0
"176" 176 0.00448430493274 281 76 44 41 39 8 6 3 1 1 0 0 0 0 0 0 0 0 0 0
"177" 177 0.0480769230769 138 111 74 65 37 22 15 12 10 9 2 2 2 1 0 0 0 0 0 0
"178" 178 0.288321167883 179 139 68 31 20 16 16 9 7 5 4 3 3 0 0 0 0 0 0 0
"179" 179 0.761006289308 249 161 54 34 2 0 0 0 0 0 0 0 0 0 0 0 0 0 0 0
"180" 180 0.430463576159 152 146 63 53 46 21 9 6 2 1 1 0 0 0 0 0 0 0 0 0
"181" 181 0.748175182482 365 135 0 0 0 0 0 0 0 0 0 0 0 0 0 0 0 0 0 0
"182" 182 0.592039800995 165 138 81 35 29 28 13 9 1 1 0 0 0 0 0 0 0 0 0 0
"183" 183 0.200956937799 235 187 35 25 6 3 3 2 2 1 1 0 0 0 0 0 0 0 0 0
"184" 184 0.0518134715026 301 82 30 24 19 15 13 7 7 1 1 0 0 0 0 0 0 0 0 0
"185" 185 0.178832116788 226 225 17 17 11 1 1 1 1 0 0 0 0 0 0 0 0 0 0 0
"186" 186 0.0209205020921 249 167 80 2 1 1 0 0 0 0 0 0 0 0 0 0 0 0 0 0
"187" 187 0.0 255 101 83 30 11 5 5 3 3 2 1 1 0 0 0 0 0 0 0 0
"188" 188 0.0 352 53 35 30 14 10 6 0 0 0 0 0 0 0 0 0 0 0 0 0
"189" 189 0.372262773723 195 108 59 49 46 13 13 13 3 1 0 0 0 0 0 0 0 0 0 0
"190" 190 0.142335766423 439 40 11 10 0 0 0 0 0 0 0 0 0 0 0 0 0 0 0 0
"191" 191 0.721518987342 273 76 69 53 19 3 3 2 1 1 0 0 0 0 0 0 0 0 0 0
"192" 192 0.366279069767 190 129 60 38 23 23 16 15 3 2 1 0 0 0 0 0 0 0 0 0
"193" 193 0.290178571429 286 90 73 13 7 6 5 5 4 4 3 2 2 0 0 0 0 0 0 0
"194" 194 0.671794871795 193 167 83 39 12 4 1 1 0 0 0 0 0 0 0 0 0 0 0 0
"195" 195 0.295336787565 239 90 35 32 24 22 17 14 10 7 6 4 0 0 0 0 0 0 0 0
"196" 196 0.610062893082 480 4 3 3 3 2 2 2 1 0 0 0 0 0 0 0 0 0 0 0
"197" 197 0.173758865248 261 178 30 8 8 7 4 3 1 0 0 0 0 0 0 0 0 0 0 0
"198" 198 0.527426160338 263 69 56 28 26 24 19 5 5 3 2 0 0 0 0 0 0 0 0 0
"199" 199 0.367816091954 348 51 41 26 16 6 4 3 2 1 1 1 0 0 0 0 0 0 0 0
"200" 200 0.379310344828 154 106 64 58 35 27 23 19 6 4 1 1 1 1 0 0 0 0 0 0
"201" 201 0.379562043796 271 137 64 11 11 3 1 1 1 0 0 0 0 0 0 0 0 0 0 0
"202" 202 0.199004975124 131 101 95 60 43 29 17 7 6 5 3 2 1 0 0 0 0 0 0 0
"203" 203 0.581395348837 257 126 63 38 6 3 3 2 2 0 0 0 0 0 0 0 0 0 0 0
"204" 204 0.610062893082 283 70 51 40 31 7 7 6 2 2 1 0 0 0 0 0 0 0 0 0
