"site" "RSA" "aa1" "aa2" "aa3" "aa4" "aa5" "aa6" "aa7" "aa8" "aa9" "aa10" "aa11" "aa12" "aa13" "aa14" "aa15" "aa16" "aa17" "aa18" "aa19" "aa20"
"0" 0 0.816513761468 14 11 0 0 0 0 0 0 0 0 0 0 0 0 0 0 0 0 0 0
"1" 1 0.384105960265 29 22 9 7 6 4 2 0 0 0 0 0 0 0 0 0 0 0 0 0
"2" 2 0.312820512821 34 23 16 10 8 3 2 1 0 0 0 0 0 0 0 0 0 0 0 0
"3" 3 0.0 123 7 3 3 3 2 0 0 0 0 0 0 0 0 0 0 0 0 0 0
"4" 4 0.121338912134 91 49 3 2 1 0 0 0 0 0 0 0 0 0 0 0 0 0 0 0
"5" 5 0.0 128 12 4 1 0 0 0 0 0 0 0 0 0 0 0 0 0 0 0 0
"6" 6 0.238341968912 130 4 4 3 1 1 1 1 0 0 0 0 0 0 0 0 0 0 0 0
"7" 7 0.0152284263959 92 39 9 4 2 1 0 0 0 0 0 0 0 0 0 0 0 0 0 0
"8" 8 0.0988372093023 40 33 17 17 10 8 6 5 4 2 2 2 1 0 0 0 0 0 0 0
"9" 9 0.320675105485 82 20 19 5 3 3 3 2 2 2 2 1 1 1 1 1 0 0 0 0
"10" 10 0.589743589744 80 33 25 3 2 1 1 1 0 0 0 0 0 0 0 0 0 0 0 0
"11" 11 0.576923076923 86 17 16 7 7 6 5 2 1 1 0 0 0 0 0 0 0 0 0 0
"12" 12 0.434108527132 39 23 21 15 11 8 8 7 6 5 3 1 1 0 0 0 0 0 0 0
"13" 13 0.74213836478 66 20 12 11 7 6 6 5 5 4 1 1 0 0 0 0 0 0 0 0
"14" 14 0.278606965174 53 37 18 13 7 5 5 3 3 2 2 1 0 0 0 0 0 0 0 0
"15" 15 0.269230769231 140 3 2 2 2 1 1 0 0 0 0 0 0 0 0 0 0 0 0 0
"16" 16 0.290697674419 133 4 3 2 2 2 2 1 1 1 0 0 0 0 0 0 0 0 0 0
"17" 17 0.0 114 31 4 2 1 0 0 0 0 0 0 0 0 0 0 0 0 0 0 0
"18" 18 0.354430379747 80 18 15 12 9 6 5 3 2 2 0 0 0 0 0 0 0 0 0 0
"19" 19 0.0 64 40 38 10 0 0 0 0 0 0 0 0 0 0 0 0 0 0 0 0
"20" 20 0.354430379747 79 36 18 5 3 3 3 2 1 1 1 0 0 0 0 0 0 0 0 0
"21" 21 0.0696517412935 150 2 1 0 0 0 0 0 0 0 0 0 0 0 0 0 0 0 0 0
"22" 22 0.196652719665 77 37 31 2 1 1 1 1 1 0 0 0 0 0 0 0 0 0 0 0
"23" 23 0.0984455958549 40 36 29 20 10 9 3 2 1 1 1 0 0 0 0 0 0 0 0 0
"24" 24 0.875647668394 114 14 12 8 1 1 1 1 0 0 0 0 0 0 0 0 0 0 0 0
"25" 25 0.183908045977 85 19 16 11 9 3 3 2 2 1 0 0 0 0 0 0 0 0 0 0
"26" 26 0.0 125 16 5 4 3 0 0 0 0 0 0 0 0 0 0 0 0 0 0 0
"27" 27 0.396226415094 154 0 0 0 0 0 0 0 0 0 0 0 0 0 0 0 0 0 0 0
"28" 28 0.573839662447 128 10 5 3 2 2 2 2 0 0 0 0 0 0 0 0 0 0 0 0
"29" 29 0.0 153 1 0 0 0 0 0 0 0 0 0 0 0 0 0 0 0 0 0 0
"30" 30 0.0 113 27 7 6 1 0 0 0 0 0 0 0 0 0 0 0 0 0 0 0
"31" 31 0.279069767442 118 13 9 7 3 2 1 1 1 0 0 0 0 0 0 0 0 0 0 0
"32" 32 0.0 154 1 0 0 0 0 0 0 0 0 0 0 0 0 0 0 0 0 0 0
"33" 33 0.0 153 2 0 0 0 0 0 0 0 0 0 0 0 0 0 0 0 0 0 0
"34" 34 0.0912408759124 122 11 5 4 3 3 2 1 1 1 1 1 0 0 0 0 0 0 0 0
"35" 35 0.031007751938 85 23 17 16 5 3 2 1 1 1 1 1 0 0 0 0 0 0 0 0
"36" 36 0.00497512437811 148 4 2 1 1 0 0 0 0 0 0 0 0 0 0 0 0 0 0 0
"37" 37 0.0126582278481 116 26 11 1 1 1 0 0 0 0 0 0 0 0 0 0 0 0 0 0
"38" 38 0.302325581395 133 8 3 3 3 2 2 1 1 0 0 0 0 0 0 0 0 0 0 0
"39" 39 0.278846153846 127 12 7 3 2 2 2 1 0 0 0 0 0 0 0 0 0 0 0 0
"40" 40 0.589285714286 124 7 6 6 4 2 2 2 1 1 1 0 0 0 0 0 0 0 0 0
"41" 41 0.485232067511 106 8 8 7 6 5 4 3 2 2 1 1 1 1 1 0 0 0 0 0
"42" 42 0.701923076923 137 7 4 2 2 2 1 1 0 0 0 0 0 0 0 0 0 0 0 0
"43" 43 0.238493723849 77 15 13 10 10 8 8 4 4 2 2 1 1 1 0 0 0 0 0 0
"44" 44 0.105769230769 144 5 3 2 1 0 0 0 0 0 0 0 0 0 0 0 0 0 0 0
"45" 45 0.0 129 24 1 1 0 0 0 0 0 0 0 0 0 0 0 0 0 0 0 0
"46" 46 0.511627906977 117 11 7 7 7 3 2 1 1 0 0 0 0 0 0 0 0 0 0 0
"47" 47 0.336538461538 134 10 4 2 1 1 1 1 1 1 0 0 0 0 0 0 0 0 0 0
"48" 48 0.046357615894 131 17 3 3 1 1 0 0 0 0 0 0 0 0 0 0 0 0 0 0
"49" 49 0.191387559809 32 31 23 17 16 8 7 7 5 3 2 1 1 1 1 1 0 0 0 0
"50" 50 0.0 154 1 1 0 0 0 0 0 0 0 0 0 0 0 0 0 0 0 0 0
"51" 51 0.11961722488 155 1 0 0 0 0 0 0 0 0 0 0 0 0 0 0 0 0 0 0
"52" 52 0.361313868613 156 0 0 0 0 0 0 0 0 0 0 0 0 0 0 0 0 0 0 0
"53" 53 0.00574712643678 90 64 1 1 0 0 0 0 0 0 0 0 0 0 0 0 0 0 0 0
"54" 54 0.121827411168 155 1 0 0 0 0 0 0 0 0 0 0 0 0 0 0 0 0 0 0
"55" 55 0.301886792453 101 41 4 4 2 1 1 1 1 0 0 0 0 0 0 0 0 0 0 0
"56" 56 0.663212435233 40 33 28 26 13 6 6 2 1 1 0 0 0 0 0 0 0 0 0 0
"57" 57 0.192468619247 155 1 0 0 0 0 0 0 0 0 0 0 0 0 0 0 0 0 0 0
"58" 58 0.0137614678899 154 1 1 0 0 0 0 0 0 0 0 0 0 0 0 0 0 0 0 0
"59" 59 0.0 58 52 32 7 4 3 0 0 0 0 0 0 0 0 0 0 0 0 0 0
"60" 60 0.139013452915 155 1 0 0 0 0 0 0 0 0 0 0 0 0 0 0 0 0 0 0
"61" 61 0.0 153 1 1 1 0 0 0 0 0 0 0 0 0 0 0 0 0 0 0 0
"62" 62 0.0 156 0 0 0 0 0 0 0 0 0 0 0 0 0 0 0 0 0 0 0
"63" 63 0.0103626943005 155 1 0 0 0 0 0 0 0 0 0 0 0 0 0 0 0 0 0 0
"64" 64 0.188284518828 143 8 2 2 1 0 0 0 0 0 0 0 0 0 0 0 0 0 0 0
"65" 65 0.488372093023 128 7 6 5 5 2 2 1 0 0 0 0 0 0 0 0 0 0 0 0
"66" 66 0.364341085271 59 37 16 12 11 8 3 2 2 2 1 1 1 1 0 0 0 0 0 0
"67" 67 0.201923076923 87 36 9 6 5 3 2 2 2 1 1 1 1 0 0 0 0 0 0 0
"68" 68 0.502564102564 111 38 3 1 1 1 1 0 0 0 0 0 0 0 0 0 0 0 0 0
"69" 69 0.298076923077 155 1 0 0 0 0 0 0 0 0 0 0 0 0 0 0 0 0 0 0
"70" 70 0.651162790698 134 9 3 3 3 1 1 1 1 0 0 0 0 0 0 0 0 0 0 0
"71" 71 0.173076923077 156 0 0 0 0 0 0 0 0 0 0 0 0 0 0 0 0 0 0 0
"72" 72 0.182692307692 148 3 2 1 1 1 0 0 0 0 0 0 0 0 0 0 0 0 0 0
"73" 73 0.35864978903 82 44 14 4 3 2 2 1 1 1 1 1 0 0 0 0 0 0 0 0
"74" 74 0.0198675496689 155 1 0 0 0 0 0 0 0 0 0 0 0 0 0 0 0 0 0 0
"75" 75 0.203045685279 151 5 0 0 0 0 0 0 0 0 0 0 0 0 0 0 0 0 0 0
"76" 76 0.406844106464 153 1 1 1 0 0 0 0 0 0 0 0 0 0 0 0 0 0 0 0
"77" 77 0.355769230769 150 4 1 1 0 0 0 0 0 0 0 0 0 0 0 0 0 0 0 0
"78" 78 0.573643410853 47 17 16 15 14 13 10 8 4 3 2 2 2 1 1 1 0 0 0 0
"79" 79 0.514767932489 104 23 13 4 2 2 1 1 1 1 1 1 1 1 0 0 0 0 0 0
"80" 80 0.100418410042 155 1 0 0 0 0 0 0 0 0 0 0 0 0 0 0 0 0 0 0
"81" 81 0.449612403101 49 37 27 16 10 7 5 3 1 1 0 0 0 0 0 0 0 0 0 0
"82" 82 0.124352331606 156 0 0 0 0 0 0 0 0 0 0 0 0 0 0 0 0 0 0 0
"83" 83 0.236607142857 155 1 0 0 0 0 0 0 0 0 0 0 0 0 0 0 0 0 0 0
"84" 84 0.235897435897 143 5 3 2 2 1 0 0 0 0 0 0 0 0 0 0 0 0 0 0
"85" 85 0.334728033473 153 3 0 0 0 0 0 0 0 0 0 0 0 0 0 0 0 0 0 0
"86" 86 0.587443946188 44 23 17 17 14 10 10 6 5 4 3 1 1 1 0 0 0 0 0 0
"87" 87 0.218905472637 103 15 9 8 4 4 3 3 3 2 1 1 0 0 0 0 0 0 0 0
"88" 88 0.552742616034 108 16 9 5 4 3 2 2 2 2 1 1 1 0 0 0 0 0 0 0
"89" 89 0.0 155 1 0 0 0 0 0 0 0 0 0 0 0 0 0 0 0 0 0 0
"90" 90 0.420512820513 68 27 11 10 7 6 6 5 4 3 2 2 2 1 0 0 0 0 0 0
"91" 91 0.324894514768 78 26 21 8 6 5 4 2 1 1 0 0 0 0 0 0 0 0 0 0
"92" 92 0.37106918239 113 15 10 4 3 3 3 1 1 1 1 1 0 0 0 0 0 0 0 0
"93" 93 0.0192307692308 133 15 5 1 1 1 0 0 0 0 0 0 0 0 0 0 0 0 0 0
"94" 94 0.0199004975124 54 31 20 15 8 8 5 4 3 2 2 1 1 1 1 0 0 0 0 0
"95" 95 0.0 149 6 1 0 0 0 0 0 0 0 0 0 0 0 0 0 0 0 0 0
"96" 96 0.0 156 0 0 0 0 0 0 0 0 0 0 0 0 0 0 0 0 0 0 0
"97" 97 0.0 153 1 1 1 0 0 0 0 0 0 0 0 0 0 0 0 0 0 0 0
"98" 98 0.062015503876 156 0 0 0 0 0 0 0 0 0 0 0 0 0 0 0 0 0 0 0
"99" 99 0.225641025641 156 0 0 0 0 0 0 0 0 0 0 0 0 0 0 0 0 0 0 0
"100" 100 0.635658914729 120 25 7 2 1 1 0 0 0 0 0 0 0 0 0 0 0 0 0 0
"101" 101 0.240384615385 154 1 1 0 0 0 0 0 0 0 0 0 0 0 0 0 0 0 0 0
"102" 102 0.654088050314 123 18 6 5 2 1 1 0 0 0 0 0 0 0 0 0 0 0 0 0
"103" 103 0.476923076923 116 24 9 5 1 1 0 0 0 0 0 0 0 0 0 0 0 0 0 0
"104" 104 0.156976744186 147 9 0 0 0 0 0 0 0 0 0 0 0 0 0 0 0 0 0 0
"105" 105 0.0 155 1 0 0 0 0 0 0 0 0 0 0 0 0 0 0 0 0 0 0
"106" 106 0.0961538461538 150 3 1 1 1 0 0 0 0 0 0 0 0 0 0 0 0 0 0 0
"107" 107 0.00662251655629 152 4 0 0 0 0 0 0 0 0 0 0 0 0 0 0 0 0 0 0
"108" 108 0.103139013453 155 1 0 0 0 0 0 0 0 0 0 0 0 0 0 0 0 0 0 0
"109" 109 0.0 155 1 0 0 0 0 0 0 0 0 0 0 0 0 0 0 0 0 0 0
"110" 110 0.0209205020921 154 1 0 0 0 0 0 0 0 0 0 0 0 0 0 0 0 0 0 0
"111" 111 0.0 131 12 11 1 0 0 0 0 0 0 0 0 0 0 0 0 0 0 0 0
"112" 112 0.0 110 43 1 1 0 0 0 0 0 0 0 0 0 0 0 0 0 0 0 0
"113" 113 0.0988372093023 129 9 8 4 3 1 1 0 0 0 0 0 0 0 0 0 0 0 0 0
"114" 114 0.252873563218 80 29 9 7 6 6 5 4 3 2 2 1 1 0 0 0 0 0 0 0
"115" 115 0.390804597701 60 33 14 10 10 7 6 6 4 3 1 1 0 0 0 0 0 0 0 0
"116" 116 0.0 127 20 4 1 1 1 1 0 0 0 0 0 0 0 0 0 0 0 0 0
"117" 117 0.403973509934 67 42 16 13 6 5 4 1 1 0 0 0 0 0 0 0 0 0 0 0
"118" 118 0.535460992908 130 19 4 1 1 0 0 0 0 0 0 0 0 0 0 0 0 0 0 0
"119" 119 0.089552238806 155 0 0 0 0 0 0 0 0 0 0 0 0 0 0 0 0 0 0 0
"120" 120 0.238341968912 140 15 0 0 0 0 0 0 0 0 0 0 0 0 0 0 0 0 0 0
"121" 121 0.413461538462 130 15 4 2 1 1 1 1 0 0 0 0 0 0 0 0 0 0 0 0
"122" 122 0.540084388186 114 28 5 2 2 1 1 1 1 0 0 0 0 0 0 0 0 0 0 0
"123" 123 0.157894736842 154 1 0 0 0 0 0 0 0 0 0 0 0 0 0 0 0 0 0 0
"124" 124 0.0 143 10 2 0 0 0 0 0 0 0 0 0 0 0 0 0 0 0 0 0
"125" 125 0.0172413793103 154 1 0 0 0 0 0 0 0 0 0 0 0 0 0 0 0 0 0 0
"126" 126 0.0 152 2 0 0 0 0 0 0 0 0 0 0 0 0 0 0 0 0 0 0
"127" 127 0.0 153 0 0 0 0 0 0 0 0 0 0 0 0 0 0 0 0 0 0 0
"128" 128 0.205357142857 45 41 23 19 9 9 3 2 1 1 0 0 0 0 0 0 0 0 0 0
"129" 129 0.0862068965517 147 3 2 1 0 0 0 0 0 0 0 0 0 0 0 0 0 0 0 0
"130" 130 0.380710659898 52 35 27 13 8 4 4 3 2 2 1 1 0 0 0 0 0 0 0 0
"131" 131 0.481865284974 84 28 16 14 4 3 2 1 0 0 0 0 0 0 0 0 0 0 0 0
"132" 132 0.0288461538462 141 8 2 1 0 0 0 0 0 0 0 0 0 0 0 0 0 0 0 0
"133" 133 0.238532110092 80 19 14 8 8 6 6 3 3 2 1 1 1 0 0 0 0 0 0 0
"134" 134 0.625641025641 87 17 14 11 5 5 4 3 2 2 2 0 0 0 0 0 0 0 0 0
"135" 135 0.0287356321839 113 21 10 5 2 1 0 0 0 0 0 0 0 0 0 0 0 0 0 0
"136" 136 0.0 134 10 5 2 1 0 0 0 0 0 0 0 0 0 0 0 0 0 0 0
"137" 137 0.544303797468 64 43 12 10 7 5 4 2 2 1 1 1 0 0 0 0 0 0 0 0
"138" 138 0.255813953488 69 31 13 9 6 5 4 3 3 3 2 1 1 1 1 0 0 0 0 0
"139" 139 0.0 78 30 20 20 2 1 1 0 0 0 0 0 0 0 0 0 0 0 0 0
"140" 140 0.129464285714 145 3 2 1 1 0 0 0 0 0 0 0 0 0 0 0 0 0 0 0
"141" 141 0.488372093023 35 34 21 20 10 8 5 4 4 2 2 2 1 1 1 1 0 0 0 0
"142" 142 0.138392857143 32 20 16 15 15 8 8 8 7 6 4 4 4 1 1 1 1 0 0 0
"143" 143 0.0192307692308 99 17 9 7 6 2 2 2 2 1 1 0 0 0 0 0 0 0 0 0
"144" 144 0.165562913907 78 46 7 5 4 2 2 1 1 1 1 1 0 0 0 0 0 0 0 0
"145" 145 0.721153846154 29 26 23 15 13 10 8 7 7 6 2 1 1 1 0 0 0 0 0 0
"146" 146 0.562913907285 80 18 10 9 6 5 5 4 4 3 2 2 1 1 0 0 0 0 0 0
"147" 147 0.0192307692308 113 23 6 5 2 1 0 0 0 0 0 0 0 0 0 0 0 0 0 0
"148" 148 0.64135021097 67 28 17 12 6 6 3 3 2 1 1 1 1 0 0 0 0 0 0 0
"149" 149 0.188679245283 91 46 3 3 1 1 1 0 0 0 0 0 0 0 0 0 0 0 0 0
"150" 150 0.700729927007 37 36 22 16 8 7 6 3 2 2 2 1 1 1 1 0 0 0 0 0
"151" 151 0.0993377483444 51 21 19 14 9 9 6 3 3 2 2 2 1 1 1 1 0 0 0 0
"152" 152 0.368613138686 48 22 19 12 10 9 8 6 4 4 1 1 0 0 0 0 0 0 0 0
"153" 153 0.0 80 42 11 4 3 2 1 1 1 0 0 0 0 0 0 0 0 0 0 0
"154" 154 0.236607142857 38 31 28 18 7 5 4 4 3 3 2 2 0 0 0 0 0 0 0 0
"155" 155 0.0 128 13 2 1 1 0 0 0 0 0 0 0 0 0 0 0 0 0 0 0
"156" 156 0.356589147287 47 28 20 15 14 5 3 2 2 2 2 1 1 1 1 1 0 0 0 0
"157" 157 0.523206751055 84 22 13 8 6 6 4 1 1 0 0 0 0 0 0 0 0 0 0 0
"158" 158 0.107594936709 104 34 5 1 0 0 0 0 0 0 0 0 0 0 0 0 0 0 0 0
"159" 159 0.0769230769231 138 1 1 0 0 0 0 0 0 0 0 0 0 0 0 0 0 0 0 0
"160" 160 0.367816091954 15 11 9 4 2 1 1 0 0 0 0 0 0 0 0 0 0 0 0 0
"161" 161 0.645569620253 26 5 2 1 1 0 0 0 0 0 0 0 0 0 0 0 0 0 0 0
