"site" "RSA" "aa1" "aa2" "aa3" "aa4" "aa5" "aa6" "aa7" "aa8" "aa9" "aa10" "aa11" "aa12" "aa13" "aa14" "aa15" "aa16" "aa17" "aa18" "aa19" "aa20"
"0" 0 0.821705426357 3 0 0 0 0 0 0 0 0 0 0 0 0 0 0 0 0 0 0 0
"1" 1 0.789743589744 2 1 1 1 0 0 0 0 0 0 0 0 0 0 0 0 0 0 0 0
"2" 2 0.197674418605 8 2 1 1 1 0 0 0 0 0 0 0 0 0 0 0 0 0 0 0
"3" 3 0.0384615384615 5 4 3 2 2 2 2 2 0 0 0 0 0 0 0 0 0 0 0 0
"4" 4 0.211920529801 65 15 3 1 1 1 0 0 0 0 0 0 0 0 0 0 0 0 0 0
"5" 5 0.0 65 22 7 1 0 0 0 0 0 0 0 0 0 0 0 0 0 0 0 0
"6" 6 0.0114942528736 76 16 1 1 1 0 0 0 0 0 0 0 0 0 0 0 0 0 0 0
"7" 7 0.0298507462687 78 10 7 1 0 0 0 0 0 0 0 0 0 0 0 0 0 0 0 0
"8" 8 0.0 37 28 24 3 2 1 1 0 0 0 0 0 0 0 0 0 0 0 0 0
"9" 9 0.211678832117 96 0 0 0 0 0 0 0 0 0 0 0 0 0 0 0 0 0 0 0
"10" 10 0.0574162679426 96 0 0 0 0 0 0 0 0 0 0 0 0 0 0 0 0 0 0 0
"11" 11 0.0192307692308 96 0 0 0 0 0 0 0 0 0 0 0 0 0 0 0 0 0 0 0
"12" 12 0.321428571429 61 28 3 2 1 1 0 0 0 0 0 0 0 0 0 0 0 0 0 0
"13" 13 0.0 94 2 0 0 0 0 0 0 0 0 0 0 0 0 0 0 0 0 0 0
"14" 14 0.388601036269 40 15 13 8 7 4 4 3 2 0 0 0 0 0 0 0 0 0 0 0
"15" 15 0.13829787234 94 2 0 0 0 0 0 0 0 0 0 0 0 0 0 0 0 0 0 0
"16" 16 0.34358974359 96 0 0 0 0 0 0 0 0 0 0 0 0 0 0 0 0 0 0 0
"17" 17 0.441860465116 36 21 11 8 6 5 2 2 2 1 1 1 0 0 0 0 0 0 0 0
"18" 18 0.532338308458 50 16 13 6 3 3 2 1 1 1 0 0 0 0 0 0 0 0 0 0
"19" 19 0.307692307692 96 0 0 0 0 0 0 0 0 0 0 0 0 0 0 0 0 0 0 0
"20" 20 0.174129353234 53 28 7 6 2 0 0 0 0 0 0 0 0 0 0 0 0 0 0 0
"21" 21 0.00836820083682 96 0 0 0 0 0 0 0 0 0 0 0 0 0 0 0 0 0 0 0
"22" 22 0.0697674418605 81 14 1 0 0 0 0 0 0 0 0 0 0 0 0 0 0 0 0 0
"23" 23 0.00961538461538 94 2 0 0 0 0 0 0 0 0 0 0 0 0 0 0 0 0 0 0
"24" 24 0.00709219858156 96 0 0 0 0 0 0 0 0 0 0 0 0 0 0 0 0 0 0 0
"25" 25 0.114942528736 34 22 10 9 7 4 3 3 1 1 1 1 0 0 0 0 0 0 0 0
"26" 26 0.186528497409 94 2 0 0 0 0 0 0 0 0 0 0 0 0 0 0 0 0 0 0
"27" 27 0.0804597701149 69 14 8 2 1 1 1 0 0 0 0 0 0 0 0 0 0 0 0 0
"28" 28 0.163461538462 53 10 7 5 4 4 3 2 2 2 2 1 1 0 0 0 0 0 0 0
"29" 29 0.109452736318 96 0 0 0 0 0 0 0 0 0 0 0 0 0 0 0 0 0 0 0
"30" 30 0.104651162791 59 31 3 2 1 0 0 0 0 0 0 0 0 0 0 0 0 0 0 0
"31" 31 0.683937823834 46 21 17 3 2 2 2 1 1 1 0 0 0 0 0 0 0 0 0 0
"32" 32 0.502109704641 46 23 7 6 3 3 3 2 2 1 0 0 0 0 0 0 0 0 0 0
"33" 33 0.0 96 0 0 0 0 0 0 0 0 0 0 0 0 0 0 0 0 0 0 0
"34" 34 0.349775784753 22 19 16 9 8 7 5 2 2 2 2 1 1 0 0 0 0 0 0 0
"35" 35 0.418604651163 28 22 9 7 7 4 4 4 4 3 3 1 1 0 0 0 0 0 0 0
"36" 36 0.142857142857 90 7 0 0 0 0 0 0 0 0 0 0 0 0 0 0 0 0 0 0
"37" 37 0.0077519379845 93 3 1 0 0 0 0 0 0 0 0 0 0 0 0 0 0 0 0 0
"38" 38 0.310344827586 24 15 12 7 7 6 6 6 5 3 2 2 1 1 0 0 0 0 0 0
"39" 39 0.35401459854 18 17 11 11 11 9 6 3 3 2 1 1 1 1 1 1 0 0 0 0
"40" 40 0.0 75 16 4 2 0 0 0 0 0 0 0 0 0 0 0 0 0 0 0 0
"41" 41 0.0 88 9 0 0 0 0 0 0 0 0 0 0 0 0 0 0 0 0 0 0
"42" 42 0.339285714286 32 21 14 13 5 3 2 2 1 1 1 1 1 0 0 0 0 0 0 0
"43" 43 0.0547263681592 49 11 11 8 4 4 3 3 2 1 1 0 0 0 0 0 0 0 0 0
"44" 44 0.0152284263959 72 19 4 2 0 0 0 0 0 0 0 0 0 0 0 0 0 0 0 0
"45" 45 0.248062015504 60 16 8 3 2 2 1 1 1 1 1 1 0 0 0 0 0 0 0 0
"46" 46 0.526785714286 39 17 15 11 6 3 3 1 1 1 0 0 0 0 0 0 0 0 0 0
"47" 47 0.435406698565 31 22 14 8 7 5 4 2 1 1 1 1 0 0 0 0 0 0 0 0
"48" 48 0.683937823834 75 11 4 3 1 1 1 1 0 0 0 0 0 0 0 0 0 0 0 0
"49" 49 0.0646766169154 34 23 17 14 6 3 0 0 0 0 0 0 0 0 0 0 0 0 0 0
"50" 50 0.248756218905 18 15 11 11 11 7 6 4 4 3 2 2 2 1 0 0 0 0 0 0
"51" 51 0.0125786163522 78 15 3 1 0 0 0 0 0 0 0 0 0 0 0 0 0 0 0 0
"52" 52 0.316062176166 84 4 3 2 1 1 1 1 0 0 0 0 0 0 0 0 0 0 0 0
"53" 53 0.0287356321839 29 19 13 8 5 5 4 3 3 3 2 2 1 0 0 0 0 0 0 0
"54" 54 0.0248756218905 63 15 9 8 1 1 0 0 0 0 0 0 0 0 0 0 0 0 0 0
"55" 55 0.0304182509506 58 20 17 1 1 0 0 0 0 0 0 0 0 0 0 0 0 0 0 0
"56" 56 0.0 92 3 2 0 0 0 0 0 0 0 0 0 0 0 0 0 0 0 0 0
"57" 57 0.0 97 0 0 0 0 0 0 0 0 0 0 0 0 0 0 0 0 0 0 0
"58" 58 0.169154228856 55 21 9 4 3 2 2 1 0 0 0 0 0 0 0 0 0 0 0 0
"59" 59 0.0 95 2 0 0 0 0 0 0 0 0 0 0 0 0 0 0 0 0 0 0
"60" 60 0.467153284672 61 17 10 4 2 1 1 1 0 0 0 0 0 0 0 0 0 0 0 0
"61" 61 0.0182481751825 97 0 0 0 0 0 0 0 0 0 0 0 0 0 0 0 0 0 0 0
"62" 62 0.0 94 3 0 0 0 0 0 0 0 0 0 0 0 0 0 0 0 0 0 0
"63" 63 0.213197969543 74 8 7 3 2 2 1 0 0 0 0 0 0 0 0 0 0 0 0 0
"64" 64 0.279069767442 29 29 8 7 5 5 3 2 2 2 2 1 1 1 0 0 0 0 0 0
"65" 65 0.00581395348837 97 0 0 0 0 0 0 0 0 0 0 0 0 0 0 0 0 0 0 0
"66" 66 0.0 65 15 5 3 2 2 2 1 1 1 0 0 0 0 0 0 0 0 0 0
"67" 67 0.459330143541 38 36 7 7 2 1 1 1 1 1 1 1 0 0 0 0 0 0 0 0
"68" 68 0.1592039801 35 15 9 8 5 4 4 4 3 3 2 2 2 1 0 0 0 0 0 0
"69" 69 0.0077519379845 38 27 21 5 3 2 1 0 0 0 0 0 0 0 0 0 0 0 0 0
"70" 70 0.0348258706468 88 3 2 2 2 0 0 0 0 0 0 0 0 0 0 0 0 0 0 0
"71" 71 0.440414507772 41 29 9 3 3 2 2 2 1 1 1 1 1 1 0 0 0 0 0 0
"72" 72 0.271523178808 50 12 6 5 4 4 4 4 2 2 1 1 1 1 0 0 0 0 0 0
"73" 73 0.062015503876 35 27 13 11 5 4 2 0 0 0 0 0 0 0 0 0 0 0 0 0
"74" 74 0.632124352332 73 14 6 2 1 1 0 0 0 0 0 0 0 0 0 0 0 0 0 0
"75" 75 0.186131386861 36 32 17 4 2 2 1 1 1 1 0 0 0 0 0 0 0 0 0 0
"76" 76 0.34328358209 24 23 8 7 6 4 4 4 4 3 3 3 2 1 1 0 0 0 0 0
"77" 77 0.631205673759 72 8 6 5 2 1 1 1 1 0 0 0 0 0 0 0 0 0 0 0
"78" 78 0.0355329949239 59 27 8 2 1 0 0 0 0 0 0 0 0 0 0 0 0 0 0 0
"79" 79 0.408805031447 90 2 2 1 1 1 0 0 0 0 0 0 0 0 0 0 0 0 0 0
"80" 80 0.270114942529 77 11 6 1 1 1 0 0 0 0 0 0 0 0 0 0 0 0 0 0
"81" 81 0.514598540146 17 13 11 11 11 9 9 6 3 2 1 1 1 1 1 0 0 0 0 0
"82" 82 0.416058394161 60 23 4 3 3 2 1 1 0 0 0 0 0 0 0 0 0 0 0 0
"83" 83 0.0860927152318 46 22 15 6 3 2 1 1 1 0 0 0 0 0 0 0 0 0 0 0
"84" 84 0.156028368794 94 3 0 0 0 0 0 0 0 0 0 0 0 0 0 0 0 0 0 0
"85" 85 0.266423357664 82 9 3 1 1 1 0 0 0 0 0 0 0 0 0 0 0 0 0 0
"86" 86 0.00497512437811 96 1 0 0 0 0 0 0 0 0 0 0 0 0 0 0 0 0 0 0
"87" 87 0.0 97 0 0 0 0 0 0 0 0 0 0 0 0 0 0 0 0 0 0 0
"88" 88 0.0982142857143 97 0 0 0 0 0 0 0 0 0 0 0 0 0 0 0 0 0 0 0
"89" 89 0.0182481751825 91 6 0 0 0 0 0 0 0 0 0 0 0 0 0 0 0 0 0 0
"90" 90 0.00956937799043 93 2 1 1 0 0 0 0 0 0 0 0 0 0 0 0 0 0 0 0
"91" 91 0.06463878327 97 0 0 0 0 0 0 0 0 0 0 0 0 0 0 0 0 0 0 0
"92" 92 0.0 97 0 0 0 0 0 0 0 0 0 0 0 0 0 0 0 0 0 0 0
"93" 93 0.302325581395 67 18 3 2 2 1 1 1 1 1 0 0 0 0 0 0 0 0 0 0
"94" 94 0.0298507462687 97 0 0 0 0 0 0 0 0 0 0 0 0 0 0 0 0 0 0 0
"95" 95 0.00896860986547 76 16 2 2 1 0 0 0 0 0 0 0 0 0 0 0 0 0 0 0
"96" 96 0.144230769231 97 0 0 0 0 0 0 0 0 0 0 0 0 0 0 0 0 0 0 0
"97" 97 0.313432835821 87 8 1 1 0 0 0 0 0 0 0 0 0 0 0 0 0 0 0 0
"98" 98 0.227979274611 84 12 1 0 0 0 0 0 0 0 0 0 0 0 0 0 0 0 0 0
"99" 99 0.160337552743 95 2 0 0 0 0 0 0 0 0 0 0 0 0 0 0 0 0 0 0
"100" 100 0.434108527132 50 12 8 7 7 6 2 2 1 1 1 0 0 0 0 0 0 0 0 0
"101" 101 0.678571428571 77 7 6 3 3 1 0 0 0 0 0 0 0 0 0 0 0 0 0 0
"102" 102 0.046511627907 74 6 6 5 5 1 0 0 0 0 0 0 0 0 0 0 0 0 0 0
"103" 103 0.42194092827 65 11 5 5 4 3 2 2 0 0 0 0 0 0 0 0 0 0 0 0
"104" 104 0.682170542636 33 25 15 8 7 3 2 1 1 1 1 0 0 0 0 0 0 0 0 0
"105" 105 0.693430656934 69 17 5 2 2 1 1 0 0 0 0 0 0 0 0 0 0 0 0 0
"106" 106 0.38783269962 58 21 15 2 1 0 0 0 0 0 0 0 0 0 0 0 0 0 0 0
"107" 107 0.269230769231 97 0 0 0 0 0 0 0 0 0 0 0 0 0 0 0 0 0 0 0
"108" 108 0.625 56 24 6 5 3 1 1 1 0 0 0 0 0 0 0 0 0 0 0 0
"109" 109 0.6875 64 23 4 3 2 1 0 0 0 0 0 0 0 0 0 0 0 0 0 0
"110" 110 0.345291479821 89 6 1 1 0 0 0 0 0 0 0 0 0 0 0 0 0 0 0 0
"111" 111 0.108786610879 83 13 1 0 0 0 0 0 0 0 0 0 0 0 0 0 0 0 0 0
"112" 112 0.426605504587 24 22 19 12 10 3 3 2 1 1 0 0 0 0 0 0 0 0 0 0
"113" 113 0.31007751938 53 19 8 6 3 3 2 2 1 0 0 0 0 0 0 0 0 0 0 0
"114" 114 0.0709219858156 96 1 0 0 0 0 0 0 0 0 0 0 0 0 0 0 0 0 0 0
"115" 115 0.153284671533 97 0 0 0 0 0 0 0 0 0 0 0 0 0 0 0 0 0 0 0
"116" 116 0.120437956204 97 0 0 0 0 0 0 0 0 0 0 0 0 0 0 0 0 0 0 0
"117" 117 0.23178807947 89 4 3 1 0 0 0 0 0 0 0 0 0 0 0 0 0 0 0 0
"118" 118 0.106463878327 58 31 4 2 2 0 0 0 0 0 0 0 0 0 0 0 0 0 0 0
"119" 119 0.538860103627 83 5 5 1 1 1 1 0 0 0 0 0 0 0 0 0 0 0 0 0
"120" 120 0.529069767442 35 34 27 1 0 0 0 0 0 0 0 0 0 0 0 0 0 0 0 0
"121" 121 0.276729559748 57 11 10 6 5 2 2 1 1 1 1 0 0 0 0 0 0 0 0 0
"122" 122 0.0125786163522 97 0 0 0 0 0 0 0 0 0 0 0 0 0 0 0 0 0 0 0
"123" 123 0.345911949686 90 2 1 1 1 1 1 0 0 0 0 0 0 0 0 0 0 0 0 0
"124" 124 0.534591194969 39 26 12 4 3 3 2 2 2 2 1 1 0 0 0 0 0 0 0 0
"125" 125 0.0456852791878 54 18 17 4 2 1 1 0 0 0 0 0 0 0 0 0 0 0 0 0
"126" 126 0.65625 32 21 14 9 7 3 3 3 2 1 1 1 0 0 0 0 0 0 0 0
"127" 127 0.518248175182 24 18 12 11 7 5 5 3 3 2 2 1 1 1 1 1 0 0 0 0
"128" 128 0.615384615385 41 16 11 11 8 5 3 2 0 0 0 0 0 0 0 0 0 0 0 0
"129" 129 0.198675496689 57 18 15 3 3 1 0 0 0 0 0 0 0 0 0 0 0 0 0 0
"130" 130 0.744394618834 33 32 12 7 3 3 3 1 1 1 1 0 0 0 0 0 0 0 0 0
"131" 131 0.255230125523 50 21 10 4 3 2 1 1 1 1 1 1 1 0 0 0 0 0 0 0
"132" 132 0.0993377483444 31 18 16 7 6 6 4 4 2 1 1 1 0 0 0 0 0 0 0 0
"133" 133 0.0582959641256 56 13 9 7 3 2 2 2 1 1 1 0 0 0 0 0 0 0 0 0
"134" 134 0.181347150259 29 15 11 5 5 5 4 4 4 3 2 2 2 1 1 1 1 1 0 0
"135" 135 0.62015503876 27 12 10 10 7 5 4 4 3 3 2 2 2 2 1 1 1 0 0 0
"136" 136 0.284974093264 81 6 4 2 1 1 1 0 0 0 0 0 0 0 0 0 0 0 0 0
"137" 137 0.704402515723 48 19 10 5 4 3 3 1 1 1 1 0 0 0 0 0 0 0 0 0
"138" 138 0.419708029197 80 9 2 2 1 1 1 1 0 0 0 0 0 0 0 0 0 0 0 0
"139" 139 0.00760456273764 97 0 0 0 0 0 0 0 0 0 0 0 0 0 0 0 0 0 0 0
"140" 140 0.472868217054 50 21 7 5 4 3 3 2 1 1 0 0 0 0 0 0 0 0 0 0
"141" 141 0.870466321244 30 18 18 9 8 5 4 1 1 1 0 0 0 0 0 0 0 0 0 0
"142" 142 0.284263959391 47 18 12 3 2 2 2 2 1 1 1 1 1 1 0 0 0 0 0 0
"143" 143 0.586538461538 22 20 12 8 7 6 5 4 4 3 2 1 1 1 0 0 0 0 0 0
"144" 144 0.0384615384615 21 19 11 9 9 6 5 3 2 2 2 2 1 1 1 0 0 0 0 0
"145" 145 0.153846153846 4 3 2 2 1 1 1 0 0 0 0 0 0 0 0 0 0 0 0 0
"146" 146 0.245283018868 95 1 0 0 0 0 0 0 0 0 0 0 0 0 0 0 0 0 0 0
"147" 147 0.174129353234 30 16 15 8 4 4 3 3 3 2 2 1 1 1 1 1 1 0 0 0
"148" 148 0.145348837209 53 11 11 11 5 4 1 1 0 0 0 0 0 0 0 0 0 0 0 0
"149" 149 0.0223214285714 97 0 0 0 0 0 0 0 0 0 0 0 0 0 0 0 0 0 0 0
"150" 150 0.0126582278481 54 30 9 3 1 0 0 0 0 0 0 0 0 0 0 0 0 0 0 0
"151" 151 0.0199004975124 97 0 0 0 0 0 0 0 0 0 0 0 0 0 0 0 0 0 0 0
"152" 152 0.147286821705 69 9 8 3 2 2 1 1 1 1 0 0 0 0 0 0 0 0 0 0
"153" 153 0.336787564767 61 16 5 3 3 2 2 2 1 1 1 0 0 0 0 0 0 0 0 0
"154" 154 0.0 79 14 3 1 0 0 0 0 0 0 0 0 0 0 0 0 0 0 0 0
"155" 155 0.183908045977 34 28 21 8 2 1 1 1 1 0 0 0 0 0 0 0 0 0 0 0
"156" 156 0.550387596899 30 28 12 7 6 6 2 1 1 1 1 1 1 0 0 0 0 0 0 0
"157" 157 0.0547445255474 97 0 0 0 0 0 0 0 0 0 0 0 0 0 0 0 0 0 0 0
"158" 158 0.0167364016736 48 16 11 8 5 5 3 1 0 0 0 0 0 0 0 0 0 0 0 0
"159" 159 0.238805970149 48 20 12 10 2 2 2 1 0 0 0 0 0 0 0 0 0 0 0 0
"160" 160 0.352201257862 89 2 2 1 1 1 1 0 0 0 0 0 0 0 0 0 0 0 0 0
"161" 161 0.121673003802 61 23 5 2 1 1 1 1 1 1 0 0 0 0 0 0 0 0 0 0
"162" 162 0.00836820083682 87 9 1 0 0 0 0 0 0 0 0 0 0 0 0 0 0 0 0 0
"163" 163 0.348837209302 27 27 10 5 5 5 4 3 3 3 2 1 1 1 0 0 0 0 0 0
"164" 164 0.694300518135 37 30 11 5 4 3 2 2 1 1 1 0 0 0 0 0 0 0 0 0
"165" 165 0.316091954023 27 12 11 8 7 6 5 5 5 4 3 1 1 1 1 0 0 0 0 0
"166" 166 0.0 86 6 5 0 0 0 0 0 0 0 0 0 0 0 0 0 0 0 0 0
"167" 167 0.103448275862 34 25 10 6 6 3 3 2 2 2 2 1 1 0 0 0 0 0 0 0
"168" 168 0.375 80 7 4 3 1 1 1 0 0 0 0 0 0 0 0 0 0 0 0 0
"169" 169 0.139896373057 19 19 15 12 8 7 6 5 2 2 1 1 0 0 0 0 0 0 0 0
"170" 170 0.0 43 41 8 5 0 0 0 0 0 0 0 0 0 0 0 0 0 0 0 0
"171" 171 0.405109489051 44 15 13 6 5 4 2 2 2 1 1 1 1 0 0 0 0 0 0 0
"172" 172 0.494252873563 34 19 14 11 5 5 3 2 2 1 1 0 0 0 0 0 0 0 0 0
"173" 173 0.278846153846 80 5 3 3 2 1 1 1 1 0 0 0 0 0 0 0 0 0 0 0
"174" 174 0.345991561181 61 11 8 6 6 2 1 1 1 0 0 0 0 0 0 0 0 0 0 0
"175" 175 0.133720930233 25 24 15 15 8 3 3 3 1 0 0 0 0 0 0 0 0 0 0 0
"176" 176 0.0 61 23 10 1 1 1 0 0 0 0 0 0 0 0 0 0 0 0 0 0
"177" 177 0.00497512437811 60 31 2 2 1 1 0 0 0 0 0 0 0 0 0 0 0 0 0 0
"178" 178 0.0 63 34 0 0 0 0 0 0 0 0 0 0 0 0 0 0 0 0 0 0
"179" 179 0.0 47 25 16 7 1 1 0 0 0 0 0 0 0 0 0 0 0 0 0 0
"180" 180 0.0077519379845 97 0 0 0 0 0 0 0 0 0 0 0 0 0 0 0 0 0 0 0
"181" 181 0.0 97 0 0 0 0 0 0 0 0 0 0 0 0 0 0 0 0 0 0 0
"182" 182 0.0288461538462 97 0 0 0 0 0 0 0 0 0 0 0 0 0 0 0 0 0 0 0
"183" 183 0.0615384615385 97 0 0 0 0 0 0 0 0 0 0 0 0 0 0 0 0 0 0 0
"184" 184 0.00662251655629 88 9 0 0 0 0 0 0 0 0 0 0 0 0 0 0 0 0 0 0
"185" 185 0.0248756218905 81 13 1 1 1 0 0 0 0 0 0 0 0 0 0 0 0 0 0 0
"186" 186 0.014598540146 97 0 0 0 0 0 0 0 0 0 0 0 0 0 0 0 0 0 0 0
"187" 187 0.0077519379845 76 19 2 0 0 0 0 0 0 0 0 0 0 0 0 0 0 0 0 0
"188" 188 0.0 70 21 3 3 0 0 0 0 0 0 0 0 0 0 0 0 0 0 0 0
"189" 189 0.0172413793103 68 20 2 2 2 1 1 1 0 0 0 0 0 0 0 0 0 0 0 0
"190" 190 0.118143459916 89 3 3 1 1 0 0 0 0 0 0 0 0 0 0 0 0 0 0 0
"191" 191 0.296650717703 45 40 3 3 1 1 1 1 1 1 0 0 0 0 0 0 0 0 0 0
"192" 192 0.0547263681592 89 5 2 1 0 0 0 0 0 0 0 0 0 0 0 0 0 0 0 0
"193" 193 0.0414507772021 63 16 6 3 2 2 1 1 1 1 1 0 0 0 0 0 0 0 0 0
"194" 194 0.636771300448 38 22 9 8 7 5 3 2 1 1 1 0 0 0 0 0 0 0 0 0
"195" 195 0.0871559633028 54 20 11 9 1 1 1 0 0 0 0 0 0 0 0 0 0 0 0 0
"196" 196 0.390728476821 74 10 5 4 2 2 0 0 0 0 0 0 0 0 0 0 0 0 0 0
"197" 197 0.326424870466 61 19 7 4 2 1 1 1 1 0 0 0 0 0 0 0 0 0 0 0
"198" 198 0.766839378238 43 22 10 7 5 5 2 1 1 1 0 0 0 0 0 0 0 0 0 0
"199" 199 0.441964285714 48 23 10 5 3 3 2 2 1 0 0 0 0 0 0 0 0 0 0 0
"200" 200 0.0 88 7 2 0 0 0 0 0 0 0 0 0 0 0 0 0 0 0 0 0
"201" 201 0.275862068966 25 21 20 12 9 6 1 1 1 1 0 0 0 0 0 0 0 0 0 0
"202" 202 0.509615384615 29 21 13 12 6 6 4 3 1 1 1 0 0 0 0 0 0 0 0 0
"203" 203 0.203980099502 75 13 4 3 1 1 0 0 0 0 0 0 0 0 0 0 0 0 0 0
"204" 204 0.292307692308 75 14 3 3 2 0 0 0 0 0 0 0 0 0 0 0 0 0 0 0
"205" 205 0.0507614213198 73 19 2 2 1 0 0 0 0 0 0 0 0 0 0 0 0 0 0 0
"206" 206 0.0062893081761 88 4 3 1 1 0 0 0 0 0 0 0 0 0 0 0 0 0 0 0
"207" 207 0.273255813953 92 4 1 0 0 0 0 0 0 0 0 0 0 0 0 0 0 0 0 0
"208" 208 0.0480769230769 84 10 2 1 0 0 0 0 0 0 0 0 0 0 0 0 0 0 0 0
"209" 209 0.0812182741117 40 24 5 5 4 4 3 3 2 1 1 1 1 1 1 1 0 0 0 0
"210" 210 0.0 97 0 0 0 0 0 0 0 0 0 0 0 0 0 0 0 0 0 0 0
"211" 211 0.0248756218905 68 9 7 4 3 3 2 0 0 0 0 0 0 0 0 0 0 0 0 0
"212" 212 0.197080291971 76 7 6 2 2 1 1 1 0 0 0 0 0 0 0 0 0 0 0 0
"213" 213 0.00380228136882 84 8 3 1 0 0 0 0 0 0 0 0 0 0 0 0 0 0 0 0
"214" 214 0.227979274611 78 9 2 2 2 1 1 1 0 0 0 0 0 0 0 0 0 0 0 0
"215" 215 0.0646766169154 72 23 1 0 0 0 0 0 0 0 0 0 0 0 0 0 0 0 0 0
"216" 216 0.217616580311 81 5 2 2 2 1 1 0 0 0 0 0 0 0 0 0 0 0 0 0
"217" 217 0.543046357616 35 30 11 7 4 4 2 0 0 0 0 0 0 0 0 0 0 0 0 0
"218" 218 0.372093023256 37 23 8 5 4 4 3 2 2 2 2 0 0 0 0 0 0 0 0 0
"219" 219 0.0963302752294 60 14 9 5 2 1 1 0 0 0 0 0 0 0 0 0 0 0 0 0
"220" 220 0.558394160584 50 11 7 4 4 4 3 3 2 1 0 0 0 0 0 0 0 0 0 0
"221" 221 0.163522012579 66 9 5 4 1 1 1 1 0 0 0 0 0 0 0 0 0 0 0 0
"222" 222 0.567164179104 32 24 17 4 3 1 1 1 1 1 0 0 0 0 0 0 0 0 0 0
"223" 223 0.344827586207 8 5 3 3 3 2 2 2 1 1 0 0 0 0 0 0 0 0 0 0
"224" 224 0.518248175182 19 14 12 5 4 3 3 2 2 1 1 1 0 0 0 0 0 0 0 0
"225" 225 0.278846153846 12 10 8 8 6 5 5 4 4 1 1 1 1 0 0 0 0 0 0 0
"226" 226 0.125 31 11 6 4 3 2 2 1 1 1 1 1 0 0 0 0 0 0 0 0
"227" 227 0.273255813953 26 16 8 6 3 2 1 0 0 0 0 0 0 0 0 0 0 0 0 0
"228" 228 0.167300380228 41 12 4 1 1 0 0 0 0 0 0 0 0 0 0 0 0 0 0 0
"229" 229 0.0547263681592 24 13 6 3 2 2 1 0 0 0 0 0 0 0 0 0 0 0 0 0
"230" 230 0.295336787565 49 2 1 1 1 1 0 0 0 0 0 0 0 0 0 0 0 0 0 0
"231" 231 0.547169811321 30 12 7 3 3 0 0 0 0 0 0 0 0 0 0 0 0 0 0 0
"232" 232 0.325892857143 34 9 6 2 1 0 0 0 0 0 0 0 0 0 0 0 0 0 0 0
"233" 233 0.271317829457 14 11 9 3 1 1 1 1 0 0 0 0 0 0 0 0 0 0 0 0
"234" 234 0.0387596899225 19 11 8 3 1 1 0 0 0 0 0 0 0 0 0 0 0 0 0 0
"235" 235 0.542635658915 20 10 6 3 3 1 0 0 0 0 0 0 0 0 0 0 0 0 0 0
"236" 236 0.480620155039 20 16 2 2 1 1 1 0 0 0 0 0 0 0 0 0 0 0 0 0
"237" 237 0.125 28 4 4 2 1 1 1 1 1 0 0 0 0 0 0 0 0 0 0 0
"238" 238 0.240310077519 18 10 4 3 2 2 1 1 0 0 0 0 0 0 0 0 0 0 0 0
"239" 239 0.558139534884 20 6 5 2 1 1 1 1 1 1 1 0 0 0 0 0 0 0 0 0
"240" 240 0.635658914729 27 5 2 1 1 1 1 1 0 0 0 0 0 0 0 0 0 0 0 0
"241" 241 0.298850574713 35 2 1 0 0 0 0 0 0 0 0 0 0 0 0 0 0 0 0 0
"242" 242 0.899224806202 33 1 0 0 0 0 0 0 0 0 0 0 0 0 0 0 0 0 0 0
