"site" "RSA" "aa1" "aa2" "aa3" "aa4" "aa5" "aa6" "aa7" "aa8" "aa9" "aa10" "aa11" "aa12" "aa13" "aa14" "aa15" "aa16" "aa17" "aa18" "aa19" "aa20"
"0" 0 0.704641350211 495 5 0 0 0 0 0 0 0 0 0 0 0 0 0 0 0 0 0 0
"1" 1 0.0288461538462 500 0 0 0 0 0 0 0 0 0 0 0 0 0 0 0 0 0 0 0
"2" 2 0.105769230769 315 125 40 18 1 1 0 0 0 0 0 0 0 0 0 0 0 0 0 0
"3" 3 0.00574712643678 330 118 25 15 8 4 0 0 0 0 0 0 0 0 0 0 0 0 0 0
"4" 4 0.0203045685279 436 26 17 13 5 1 1 1 0 0 0 0 0 0 0 0 0 0 0 0
"5" 5 0.0 301 100 76 12 5 2 1 1 1 1 0 0 0 0 0 0 0 0 0 0
"6" 6 0.139896373057 161 153 123 24 13 12 6 4 2 1 1 0 0 0 0 0 0 0 0 0
"7" 7 0.0 490 9 1 0 0 0 0 0 0 0 0 0 0 0 0 0 0 0 0 0
"8" 8 0.333333333333 308 187 5 0 0 0 0 0 0 0 0 0 0 0 0 0 0 0 0 0
"9" 9 0.287179487179 339 96 56 9 0 0 0 0 0 0 0 0 0 0 0 0 0 0 0 0
"10" 10 0.201550387597 486 9 2 1 1 1 0 0 0 0 0 0 0 0 0 0 0 0 0 0
"11" 11 0.629464285714 362 111 14 7 5 1 0 0 0 0 0 0 0 0 0 0 0 0 0 0
"12" 12 0.143497757848 492 3 3 1 1 0 0 0 0 0 0 0 0 0 0 0 0 0 0 0
"13" 13 0.0 491 9 0 0 0 0 0 0 0 0 0 0 0 0 0 0 0 0 0 0
"14" 14 0.476793248945 424 49 27 0 0 0 0 0 0 0 0 0 0 0 0 0 0 0 0 0
"15" 15 0.152284263959 342 98 23 14 10 8 5 0 0 0 0 0 0 0 0 0 0 0 0 0
"16" 16 0.0 493 5 1 1 0 0 0 0 0 0 0 0 0 0 0 0 0 0 0 0
"17" 17 0.276785714286 249 149 53 43 6 0 0 0 0 0 0 0 0 0 0 0 0 0 0 0
"18" 18 0.410852713178 410 33 32 9 7 5 2 2 0 0 0 0 0 0 0 0 0 0 0 0
"19" 19 0.0387596899225 496 4 0 0 0 0 0 0 0 0 0 0 0 0 0 0 0 0 0 0
"20" 20 0.384615384615 500 0 0 0 0 0 0 0 0 0 0 0 0 0 0 0 0 0 0 0
"21" 21 0.0387596899225 419 80 1 0 0 0 0 0 0 0 0 0 0 0 0 0 0 0 0 0
"22" 22 0.413793103448 310 89 44 42 9 2 2 1 1 0 0 0 0 0 0 0 0 0 0 0
"23" 23 0.031007751938 454 40 5 1 0 0 0 0 0 0 0 0 0 0 0 0 0 0 0 0
"24" 24 0.0 392 92 15 1 0 0 0 0 0 0 0 0 0 0 0 0 0 0 0 0
"25" 25 0.0 455 38 3 2 1 1 0 0 0 0 0 0 0 0 0 0 0 0 0 0
"26" 26 0.015503875969 296 203 1 0 0 0 0 0 0 0 0 0 0 0 0 0 0 0 0 0
"27" 27 0.149253731343 118 110 87 73 60 19 12 8 5 4 4 0 0 0 0 0 0 0 0 0
"28" 28 0.647321428571 237 191 72 0 0 0 0 0 0 0 0 0 0 0 0 0 0 0 0 0
"29" 29 1.29807692308 315 185 0 0 0 0 0 0 0 0 0 0 0 0 0 0 0 0 0 0
"30" 30 0.653846153846 254 246 0 0 0 0 0 0 0 0 0 0 0 0 0 0 0 0 0 0
"31" 31 0.396551724138 141 135 116 79 17 7 4 1 0 0 0 0 0 0 0 0 0 0 0 0
"32" 32 0.302325581395 254 96 56 44 40 4 2 2 2 0 0 0 0 0 0 0 0 0 0 0
"33" 33 0.536496350365 498 2 0 0 0 0 0 0 0 0 0 0 0 0 0 0 0 0 0 0
"34" 34 0.224770642202 240 80 68 49 27 19 15 2 0 0 0 0 0 0 0 0 0 0 0 0
"35" 35 0.093023255814 363 69 52 15 1 0 0 0 0 0 0 0 0 0 0 0 0 0 0 0
"36" 36 0.378238341969 174 91 68 60 53 29 18 7 0 0 0 0 0 0 0 0 0 0 0 0
"37" 37 0.295597484277 154 101 49 43 33 32 26 22 14 13 8 3 2 0 0 0 0 0 0 0
"38" 38 0.540697674419 247 158 30 29 21 7 5 2 1 0 0 0 0 0 0 0 0 0 0 0
"39" 39 0.14367816092 183 128 79 71 15 12 4 4 3 1 0 0 0 0 0 0 0 0 0 0
"40" 40 0.0 391 46 36 9 8 5 5 0 0 0 0 0 0 0 0 0 0 0 0 0
"41" 41 0.415178571429 316 87 39 22 21 7 4 3 1 0 0 0 0 0 0 0 0 0 0 0
"42" 42 0.375 264 107 105 18 3 2 1 0 0 0 0 0 0 0 0 0 0 0 0 0
"43" 43 0.0 225 181 58 36 0 0 0 0 0 0 0 0 0 0 0 0 0 0 0 0
"44" 44 0.197247706422 479 8 6 5 1 1 0 0 0 0 0 0 0 0 0 0 0 0 0 0
"45" 45 0.723076923077 290 122 53 25 5 5 0 0 0 0 0 0 0 0 0 0 0 0 0 0
"46" 46 0.077519379845 496 4 0 0 0 0 0 0 0 0 0 0 0 0 0 0 0 0 0 0
"47" 47 0.0862068965517 485 15 0 0 0 0 0 0 0 0 0 0 0 0 0 0 0 0 0 0
"48" 48 0.788079470199 293 157 46 4 0 0 0 0 0 0 0 0 0 0 0 0 0 0 0 0
"49" 49 0.172588832487 445 44 11 0 0 0 0 0 0 0 0 0 0 0 0 0 0 0 0 0
"50" 50 0.364779874214 339 136 13 12 0 0 0 0 0 0 0 0 0 0 0 0 0 0 0 0
"51" 51 0.0172413793103 485 15 0 0 0 0 0 0 0 0 0 0 0 0 0 0 0 0 0 0
"52" 52 0.0275229357798 493 7 0 0 0 0 0 0 0 0 0 0 0 0 0 0 0 0 0 0
"53" 53 0.0077519379845 376 79 34 10 1 0 0 0 0 0 0 0 0 0 0 0 0 0 0 0
"54" 54 0.147679324895 464 11 11 6 5 1 1 1 0 0 0 0 0 0 0 0 0 0 0 0
"55" 55 0.0 412 37 35 16 0 0 0 0 0 0 0 0 0 0 0 0 0 0 0 0
"56" 56 0.142335766423 281 148 42 14 13 2 0 0 0 0 0 0 0 0 0 0 0 0 0 0
"57" 57 0.0913705583756 475 18 2 2 2 1 0 0 0 0 0 0 0 0 0 0 0 0 0 0
"58" 58 0.153846153846 500 0 0 0 0 0 0 0 0 0 0 0 0 0 0 0 0 0 0 0
"59" 59 0.234449760766 339 121 32 7 1 0 0 0 0 0 0 0 0 0 0 0 0 0 0 0
"60" 60 0.399239543726 489 6 4 1 0 0 0 0 0 0 0 0 0 0 0 0 0 0 0 0
"61" 61 0.505747126437 406 72 18 2 1 1 0 0 0 0 0 0 0 0 0 0 0 0 0 0
"62" 62 0.0401785714286 372 112 7 6 1 1 1 0 0 0 0 0 0 0 0 0 0 0 0 0
"63" 63 0.0 393 51 26 17 9 3 1 0 0 0 0 0 0 0 0 0 0 0 0 0
"64" 64 0.244525547445 396 89 7 7 1 0 0 0 0 0 0 0 0 0 0 0 0 0 0 0
"65" 65 0.310344827586 244 94 64 47 24 20 5 2 0 0 0 0 0 0 0 0 0 0 0 0
"66" 66 0.0 393 53 43 5 5 1 0 0 0 0 0 0 0 0 0 0 0 0 0 0
"67" 67 0.169642857143 404 72 15 7 2 0 0 0 0 0 0 0 0 0 0 0 0 0 0 0
"68" 68 0.68992248062 344 88 37 14 10 7 0 0 0 0 0 0 0 0 0 0 0 0 0 0
"69" 69 0.218905472637 223 123 54 38 34 19 6 1 1 1 0 0 0 0 0 0 0 0 0 0
"70" 70 0.403846153846 500 0 0 0 0 0 0 0 0 0 0 0 0 0 0 0 0 0 0 0
"71" 71 0.0459770114943 330 98 66 3 2 1 0 0 0 0 0 0 0 0 0 0 0 0 0 0
"72" 72 0.388601036269 500 0 0 0 0 0 0 0 0 0 0 0 0 0 0 0 0 0 0 0
"73" 73 0.178707224335 197 158 66 30 20 13 12 4 0 0 0 0 0 0 0 0 0 0 0 0
"74" 74 0.0 463 31 6 0 0 0 0 0 0 0 0 0 0 0 0 0 0 0 0 0
"75" 75 0.0103626943005 362 107 17 11 3 0 0 0 0 0 0 0 0 0 0 0 0 0 0 0
"76" 76 0.0133928571429 500 0 0 0 0 0 0 0 0 0 0 0 0 0 0 0 0 0 0 0
"77" 77 0.0 479 20 1 0 0 0 0 0 0 0 0 0 0 0 0 0 0 0 0 0
"78" 78 0.214285714286 336 93 24 18 15 4 3 3 3 1 0 0 0 0 0 0 0 0 0 0
"79" 79 0.385057471264 342 82 32 27 7 4 3 2 1 0 0 0 0 0 0 0 0 0 0 0
"80" 80 0.0995024875622 326 72 36 23 20 10 6 6 1 0 0 0 0 0 0 0 0 0 0 0
"81" 81 0.302325581395 374 78 43 4 1 0 0 0 0 0 0 0 0 0 0 0 0 0 0 0
"82" 82 0.314465408805 406 59 17 10 5 2 1 0 0 0 0 0 0 0 0 0 0 0 0 0
"83" 83 0.418604651163 386 58 46 9 1 0 0 0 0 0 0 0 0 0 0 0 0 0 0 0
"84" 84 0.274611398964 500 0 0 0 0 0 0 0 0 0 0 0 0 0 0 0 0 0 0 0
"85" 85 0.785714285714 357 69 45 13 8 5 1 1 1 0 0 0 0 0 0 0 0 0 0 0
"86" 86 0.678571428571 488 11 1 0 0 0 0 0 0 0 0 0 0 0 0 0 0 0 0 0
"87" 87 0.556485355649 480 12 4 3 1 0 0 0 0 0 0 0 0 0 0 0 0 0 0 0
"88" 88 0.248803827751 481 5 4 3 3 2 1 1 0 0 0 0 0 0 0 0 0 0 0 0
"89" 89 0.0253807106599 410 79 4 3 2 1 1 0 0 0 0 0 0 0 0 0 0 0 0 0
"90" 90 0.284974093264 498 1 1 0 0 0 0 0 0 0 0 0 0 0 0 0 0 0 0 0
"91" 91 0.0210970464135 395 75 20 5 5 0 0 0 0 0 0 0 0 0 0 0 0 0 0 0
"92" 92 0.587591240876 493 6 1 0 0 0 0 0 0 0 0 0 0 0 0 0 0 0 0 0
"93" 93 0.457399103139 485 7 6 1 1 0 0 0 0 0 0 0 0 0 0 0 0 0 0 0
"94" 94 0.0753138075314 499 1 0 0 0 0 0 0 0 0 0 0 0 0 0 0 0 0 0 0
"95" 95 0.761627906977 485 15 0 0 0 0 0 0 0 0 0 0 0 0 0 0 0 0 0 0
"96" 96 0.0689655172414 284 151 35 17 11 1 1 0 0 0 0 0 0 0 0 0 0 0 0 0
"97" 97 0.251572327044 248 176 25 24 19 6 2 0 0 0 0 0 0 0 0 0 0 0 0 0
"98" 98 0.00418410041841 450 32 16 1 1 0 0 0 0 0 0 0 0 0 0 0 0 0 0 0
"99" 99 0.0 138 131 115 69 36 8 3 0 0 0 0 0 0 0 0 0 0 0 0 0
"100" 100 0.0126582278481 414 58 15 12 1 0 0 0 0 0 0 0 0 0 0 0 0 0 0 0
"101" 101 0.0384615384615 471 18 5 3 2 1 0 0 0 0 0 0 0 0 0 0 0 0 0 0
"102" 102 0.00632911392405 408 87 3 2 0 0 0 0 0 0 0 0 0 0 0 0 0 0 0 0
"103" 103 0.441605839416 359 75 26 14 11 10 3 2 0 0 0 0 0 0 0 0 0 0 0 0
"104" 104 0.269430051813 388 109 3 0 0 0 0 0 0 0 0 0 0 0 0 0 0 0 0 0
"105" 105 0.0 465 13 13 8 1 0 0 0 0 0 0 0 0 0 0 0 0 0 0 0
"106" 106 0.0 500 0 0 0 0 0 0 0 0 0 0 0 0 0 0 0 0 0 0 0
"107" 107 0.0401785714286 377 72 22 21 4 4 0 0 0 0 0 0 0 0 0 0 0 0 0 0
"108" 108 0.0 238 143 77 32 6 2 2 0 0 0 0 0 0 0 0 0 0 0 0 0
"109" 109 0.0 480 14 3 2 1 0 0 0 0 0 0 0 0 0 0 0 0 0 0 0
"110" 110 0.332116788321 366 131 2 1 0 0 0 0 0 0 0 0 0 0 0 0 0 0 0 0
"111" 111 0.0620437956204 220 134 123 13 7 1 1 1 0 0 0 0 0 0 0 0 0 0 0 0
"112" 112 0.142131979695 394 51 17 9 9 8 5 3 1 1 1 1 0 0 0 0 0 0 0 0
"113" 113 0.387596899225 350 113 33 2 2 0 0 0 0 0 0 0 0 0 0 0 0 0 0 0
"114" 114 0.178571428571 284 115 80 9 4 3 3 1 1 0 0 0 0 0 0 0 0 0 0 0
"115" 115 0.192307692308 500 0 0 0 0 0 0 0 0 0 0 0 0 0 0 0 0 0 0 0
"116" 116 0.046511627907 488 12 0 0 0 0 0 0 0 0 0 0 0 0 0 0 0 0 0 0
"117" 117 0.370860927152 286 200 12 2 0 0 0 0 0 0 0 0 0 0 0 0 0 0 0 0
"118" 118 0.0366972477064 389 37 30 19 15 8 1 1 0 0 0 0 0 0 0 0 0 0 0 0
"119" 119 0.0 483 12 3 1 1 0 0 0 0 0 0 0 0 0 0 0 0 0 0 0
"120" 120 0.0474452554745 464 32 3 1 0 0 0 0 0 0 0 0 0 0 0 0 0 0 0 0
"121" 121 0.00581395348837 326 174 0 0 0 0 0 0 0 0 0 0 0 0 0 0 0 0 0 0
"122" 122 0.160337552743 459 12 11 7 6 3 2 0 0 0 0 0 0 0 0 0 0 0 0 0
"123" 123 0.115384615385 500 0 0 0 0 0 0 0 0 0 0 0 0 0 0 0 0 0 0 0
"124" 124 0.375 357 140 3 0 0 0 0 0 0 0 0 0 0 0 0 0 0 0 0 0
"125" 125 0.459119496855 233 88 59 46 39 34 1 0 0 0 0 0 0 0 0 0 0 0 0 0
"126" 126 0.836538461538 500 0 0 0 0 0 0 0 0 0 0 0 0 0 0 0 0 0 0 0
"127" 127 0.406976744186 496 3 1 0 0 0 0 0 0 0 0 0 0 0 0 0 0 0 0 0
"128" 128 0.442307692308 473 23 4 0 0 0 0 0 0 0 0 0 0 0 0 0 0 0 0 0
"129" 129 0.389743589744 499 1 0 0 0 0 0 0 0 0 0 0 0 0 0 0 0 0 0 0
"130" 130 0.126903553299 267 218 14 1 0 0 0 0 0 0 0 0 0 0 0 0 0 0 0 0
"131" 131 0.362068965517 254 244 1 1 0 0 0 0 0 0 0 0 0 0 0 0 0 0 0 0
"132" 132 0.21875 291 140 47 10 10 2 0 0 0 0 0 0 0 0 0 0 0 0 0 0
"133" 133 0.0 441 59 0 0 0 0 0 0 0 0 0 0 0 0 0 0 0 0 0 0
"134" 134 0.172413793103 325 122 29 10 4 4 3 2 1 0 0 0 0 0 0 0 0 0 0 0
"135" 135 0.503649635036 298 97 64 15 15 8 2 1 0 0 0 0 0 0 0 0 0 0 0 0
"136" 136 0.0574162679426 459 41 0 0 0 0 0 0 0 0 0 0 0 0 0 0 0 0 0 0
"137" 137 0.0 373 78 43 2 2 1 1 0 0 0 0 0 0 0 0 0 0 0 0 0
"138" 138 0.547445255474 207 173 70 29 14 3 2 1 1 0 0 0 0 0 0 0 0 0 0 0
"139" 139 0.438818565401 385 68 19 14 8 4 2 0 0 0 0 0 0 0 0 0 0 0 0 0
"140" 140 0.00574712643678 292 91 40 36 23 12 3 2 1 0 0 0 0 0 0 0 0 0 0 0
"141" 141 0.102564102564 420 45 15 10 5 1 1 1 1 1 0 0 0 0 0 0 0 0 0 0
"142" 142 0.403100775194 270 161 49 7 5 4 2 2 0 0 0 0 0 0 0 0 0 0 0 0
"143" 143 0.112107623318 467 11 8 5 4 3 2 0 0 0 0 0 0 0 0 0 0 0 0 0
"144" 144 0.0609137055838 392 65 12 11 5 5 3 2 2 2 1 0 0 0 0 0 0 0 0 0
"145" 145 0.532846715328 447 33 8 7 4 1 0 0 0 0 0 0 0 0 0 0 0 0 0 0
"146" 146 0.455696202532 339 49 47 29 17 7 6 5 1 0 0 0 0 0 0 0 0 0 0 0
"147" 147 0.0 200 197 89 7 4 3 0 0 0 0 0 0 0 0 0 0 0 0 0 0
"148" 148 0.281609195402 487 5 4 4 0 0 0 0 0 0 0 0 0 0 0 0 0 0 0 0
"149" 149 0.748717948718 354 133 5 4 3 1 0 0 0 0 0 0 0 0 0 0 0 0 0 0
"150" 150 0.0871559633028 306 151 24 16 3 0 0 0 0 0 0 0 0 0 0 0 0 0 0 0
"151" 151 0.384105960265 338 117 44 1 0 0 0 0 0 0 0 0 0 0 0 0 0 0 0 0
"152" 152 0.446428571429 471 28 1 0 0 0 0 0 0 0 0 0 0 0 0 0 0 0 0 0
"153" 153 0.704663212435 336 89 44 31 0 0 0 0 0 0 0 0 0 0 0 0 0 0 0 0
"154" 154 0.477678571429 243 126 79 45 7 0 0 0 0 0 0 0 0 0 0 0 0 0 0 0
"155" 155 0.0 490 6 4 0 0 0 0 0 0 0 0 0 0 0 0 0 0 0 0 0
"156" 156 0.48275862069 384 50 20 10 10 9 8 5 1 1 1 1 0 0 0 0 0 0 0 0
"157" 157 0.53488372093 395 54 34 14 2 1 0 0 0 0 0 0 0 0 0 0 0 0 0 0
"158" 158 0.116071428571 225 206 50 7 4 4 2 1 1 0 0 0 0 0 0 0 0 0 0 0
"159" 159 0.0387596899225 477 23 0 0 0 0 0 0 0 0 0 0 0 0 0 0 0 0 0 0
"160" 160 0.776371308017 395 49 30 13 8 5 0 0 0 0 0 0 0 0 0 0 0 0 0 0
"161" 161 0.717488789238 392 46 31 21 6 3 1 0 0 0 0 0 0 0 0 0 0 0 0 0
"162" 162 0.129353233831 477 5 5 4 3 2 2 1 1 0 0 0 0 0 0 0 0 0 0 0
"163" 163 0.365384615385 352 145 3 0 0 0 0 0 0 0 0 0 0 0 0 0 0 0 0 0
"164" 164 0.100775193798 482 18 0 0 0 0 0 0 0 0 0 0 0 0 0 0 0 0 0 0
"165" 165 0.276729559748 363 51 40 19 12 8 5 2 0 0 0 0 0 0 0 0 0 0 0 0
"166" 166 0.206896551724 166 151 130 17 15 14 3 3 1 0 0 0 0 0 0 0 0 0 0 0
"167" 167 0.549107142857 435 40 12 9 2 2 0 0 0 0 0 0 0 0 0 0 0 0 0 0
"168" 168 0.0804597701149 394 42 30 11 8 7 4 2 1 1 0 0 0 0 0 0 0 0 0 0
"169" 169 0.0 467 16 9 5 2 1 0 0 0 0 0 0 0 0 0 0 0 0 0 0
"170" 170 0.328467153285 182 167 132 10 2 2 2 2 1 0 0 0 0 0 0 0 0 0 0 0
"171" 171 0.299107142857 466 19 14 1 0 0 0 0 0 0 0 0 0 0 0 0 0 0 0 0
"172" 172 0.0 418 43 14 7 6 5 3 2 2 0 0 0 0 0 0 0 0 0 0 0
"173" 173 0.20253164557 469 14 12 3 2 0 0 0 0 0 0 0 0 0 0 0 0 0 0 0
"174" 174 0.605839416058 195 181 66 31 13 7 4 2 1 0 0 0 0 0 0 0 0 0 0 0
"175" 175 0.358208955224 353 139 5 2 1 0 0 0 0 0 0 0 0 0 0 0 0 0 0 0
"176" 176 0.375 500 0 0 0 0 0 0 0 0 0 0 0 0 0 0 0 0 0 0 0
"177" 177 0.357664233577 437 62 1 0 0 0 0 0 0 0 0 0 0 0 0 0 0 0 0 0
"178" 178 0.0199004975124 341 86 54 14 3 2 0 0 0 0 0 0 0 0 0 0 0 0 0 0
"179" 179 0.295597484277 354 71 52 11 11 1 0 0 0 0 0 0 0 0 0 0 0 0 0 0
"180" 180 0.126436781609 310 100 87 3 0 0 0 0 0 0 0 0 0 0 0 0 0 0 0 0
"181" 181 0.35632183908 478 14 4 2 1 1 0 0 0 0 0 0 0 0 0 0 0 0 0 0
"182" 182 0.0153846153846 170 89 89 87 29 29 7 0 0 0 0 0 0 0 0 0 0 0 0 0
"183" 183 0.071129707113 365 133 1 1 0 0 0 0 0 0 0 0 0 0 0 0 0 0 0 0
"184" 184 0.0 430 67 3 0 0 0 0 0 0 0 0 0 0 0 0 0 0 0 0 0
"185" 185 0.0697674418605 278 133 37 30 21 1 0 0 0 0 0 0 0 0 0 0 0 0 0 0
"186" 186 0.105769230769 500 0 0 0 0 0 0 0 0 0 0 0 0 0 0 0 0 0 0 0
"187" 187 0.125 500 0 0 0 0 0 0 0 0 0 0 0 0 0 0 0 0 0 0 0
"188" 188 0.0804597701149 199 118 106 44 11 8 8 4 1 1 0 0 0 0 0 0 0 0 0 0
"189" 189 0.273255813953 492 8 0 0 0 0 0 0 0 0 0 0 0 0 0 0 0 0 0 0
"190" 190 0.331395348837 499 1 0 0 0 0 0 0 0 0 0 0 0 0 0 0 0 0 0 0
"191" 191 0.0377358490566 498 2 0 0 0 0 0 0 0 0 0 0 0 0 0 0 0 0 0 0
"192" 192 0.37984496124 321 96 36 21 12 7 6 1 0 0 0 0 0 0 0 0 0 0 0 0
"193" 193 0.150259067358 406 94 0 0 0 0 0 0 0 0 0 0 0 0 0 0 0 0 0 0
"194" 194 0.0 272 157 39 32 0 0 0 0 0 0 0 0 0 0 0 0 0 0 0 0
"195" 195 0.0542635658915 500 0 0 0 0 0 0 0 0 0 0 0 0 0 0 0 0 0 0 0
"196" 196 0.318407960199 263 107 82 35 7 2 2 2 0 0 0 0 0 0 0 0 0 0 0 0
"197" 197 0.0 425 41 27 4 1 1 1 0 0 0 0 0 0 0 0 0 0 0 0 0
"198" 198 0.0183486238532 495 5 0 0 0 0 0 0 0 0 0 0 0 0 0 0 0 0 0 0
"199" 199 0.526315789474 311 79 79 14 12 3 1 1 0 0 0 0 0 0 0 0 0 0 0 0
"200" 200 0.044776119403 391 74 13 8 4 3 2 2 2 1 0 0 0 0 0 0 0 0 0 0
"201" 201 0.336538461538 500 0 0 0 0 0 0 0 0 0 0 0 0 0 0 0 0 0 0 0
"202" 202 0.0 390 110 0 0 0 0 0 0 0 0 0 0 0 0 0 0 0 0 0 0
"203" 203 0.0880829015544 498 2 0 0 0 0 0 0 0 0 0 0 0 0 0 0 0 0 0 0
"204" 204 0.0 500 0 0 0 0 0 0 0 0 0 0 0 0 0 0 0 0 0 0 0
"205" 205 0.0 369 57 49 23 2 0 0 0 0 0 0 0 0 0 0 0 0 0 0 0
"206" 206 0.0585774058577 243 219 31 2 1 1 1 1 1 0 0 0 0 0 0 0 0 0 0 0
"207" 207 0.0344827586207 206 98 76 46 39 31 2 1 1 0 0 0 0 0 0 0 0 0 0 0
"208" 208 0.269230769231 462 30 7 1 0 0 0 0 0 0 0 0 0 0 0 0 0 0 0 0
"209" 209 0.298013245033 264 123 56 53 2 1 1 0 0 0 0 0 0 0 0 0 0 0 0 0
"210" 210 0.307692307692 248 191 34 20 4 3 0 0 0 0 0 0 0 0 0 0 0 0 0 0
"211" 211 0.0253807106599 393 60 16 9 5 4 4 3 2 2 1 1 0 0 0 0 0 0 0 0
"212" 212 0.146443514644 392 79 25 3 1 0 0 0 0 0 0 0 0 0 0 0 0 0 0 0
"213" 213 0.679324894515 349 103 22 22 4 0 0 0 0 0 0 0 0 0 0 0 0 0 0 0
"214" 214 0.172185430464 248 101 74 30 24 15 4 2 1 1 0 0 0 0 0 0 0 0 0 0
"215" 215 0.821428571429 324 75 61 30 7 3 0 0 0 0 0 0 0 0 0 0 0 0 0 0
"216" 216 0.415384615385 215 141 81 44 18 1 0 0 0 0 0 0 0 0 0 0 0 0 0 0
"217" 217 0.176100628931 308 184 4 2 1 1 0 0 0 0 0 0 0 0 0 0 0 0 0 0
"218" 218 0.290178571429 418 35 27 11 4 2 2 1 0 0 0 0 0 0 0 0 0 0 0 0
"219" 219 0.438818565401 175 117 67 45 36 31 12 11 6 0 0 0 0 0 0 0 0 0 0 0
"220" 220 0.148288973384 232 73 48 35 29 21 20 19 14 3 2 2 1 1 0 0 0 0 0 0
"221" 221 0.0 345 58 49 38 7 1 1 1 0 0 0 0 0 0 0 0 0 0 0 0
"222" 222 0.481751824818 414 32 23 22 8 1 0 0 0 0 0 0 0 0 0 0 0 0 0 0
"223" 223 0.0542635658915 425 51 20 2 2 0 0 0 0 0 0 0 0 0 0 0 0 0 0 0
"224" 224 0.00507614213198 123 117 111 71 41 13 9 8 4 2 1 0 0 0 0 0 0 0 0 0
"225" 225 0.0977011494253 230 136 125 8 1 0 0 0 0 0 0 0 0 0 0 0 0 0 0 0
"226" 226 0.433035714286 414 66 9 9 2 0 0 0 0 0 0 0 0 0 0 0 0 0 0 0
"227" 227 0.0 498 2 0 0 0 0 0 0 0 0 0 0 0 0 0 0 0 0 0 0
"228" 228 0.0 346 154 0 0 0 0 0 0 0 0 0 0 0 0 0 0 0 0 0 0
"229" 229 0.354651162791 204 135 111 39 8 2 1 0 0 0 0 0 0 0 0 0 0 0 0 0
"230" 230 0.282296650718 492 5 2 1 0 0 0 0 0 0 0 0 0 0 0 0 0 0 0 0
"231" 231 0.19391634981 381 112 6 1 0 0 0 0 0 0 0 0 0 0 0 0 0 0 0 0
"232" 232 0.553571428571 301 106 76 10 7 0 0 0 0 0 0 0 0 0 0 0 0 0 0 0
"233" 233 0.388601036269 406 69 15 6 3 1 0 0 0 0 0 0 0 0 0 0 0 0 0 0
"234" 234 0.543726235741 310 140 26 14 6 4 0 0 0 0 0 0 0 0 0 0 0 0 0 0
"235" 235 0.714285714286 322 92 68 8 6 2 2 0 0 0 0 0 0 0 0 0 0 0 0 0
"236" 236 0.223880597015 485 5 5 2 1 1 1 0 0 0 0 0 0 0 0 0 0 0 0 0
"237" 237 0.0609137055838 500 0 0 0 0 0 0 0 0 0 0 0 0 0 0 0 0 0 0 0
"238" 238 0.410852713178 108 108 95 95 53 33 8 0 0 0 0 0 0 0 0 0 0 0 0 0
"239" 239 0.583732057416 386 91 9 6 3 2 2 1 0 0 0 0 0 0 0 0 0 0 0 0
"240" 240 0.164179104478 471 28 1 0 0 0 0 0 0 0 0 0 0 0 0 0 0 0 0 0
"241" 241 0.403973509934 229 138 96 36 1 0 0 0 0 0 0 0 0 0 0 0 0 0 0 0
"242" 242 0.607594936709 466 21 8 5 0 0 0 0 0 0 0 0 0 0 0 0 0 0 0 0
"243" 243 0.596153846154 500 0 0 0 0 0 0 0 0 0 0 0 0 0 0 0 0 0 0 0
"244" 244 0.691542288557 319 87 79 6 6 3 0 0 0 0 0 0 0 0 0 0 0 0 0 0
