"site" "RSA" "aa1" "aa2" "aa3" "aa4" "aa5" "aa6" "aa7" "aa8" "aa9" "aa10" "aa11" "aa12" "aa13" "aa14" "aa15" "aa16" "aa17" "aa18" "aa19" "aa20"
"0" 0 0.155963302752 137 72 62 45 41 29 19 16 15 14 11 11 10 9 5 2 2 0 0 0
"1" 1 0.264248704663 109 84 80 79 58 24 12 11 10 9 7 7 3 2 2 1 1 1 0 0
"2" 2 0.0 340 70 35 33 9 5 5 1 1 1 0 0 0 0 0 0 0 0 0 0
"3" 3 0.190114068441 145 81 54 48 45 39 33 23 18 4 4 2 2 1 1 0 0 0 0 0
"4" 4 0.0722433460076 325 74 44 24 15 11 3 2 1 1 0 0 0 0 0 0 0 0 0 0
"5" 5 0.169154228856 124 81 67 49 49 34 22 22 19 11 7 6 4 2 2 1 0 0 0 0
"6" 6 0.251572327044 146 115 79 58 29 29 20 6 5 4 2 1 1 1 1 1 1 1 0 0
"7" 7 0.0576923076923 223 78 72 37 34 30 14 4 3 2 1 1 1 0 0 0 0 0 0 0
"8" 8 0.152317880795 212 95 73 51 28 15 13 8 3 2 0 0 0 0 0 0 0 0 0 0
"9" 9 0.015503875969 217 162 60 27 8 8 7 3 2 2 2 1 1 0 0 0 0 0 0 0
"10" 10 0.182389937107 143 81 74 61 59 29 25 7 6 5 5 4 1 0 0 0 0 0 0 0
"11" 11 0.0 297 91 26 24 20 19 16 6 1 0 0 0 0 0 0 0 0 0 0 0
"12" 12 0.0036496350365 202 67 47 43 39 35 28 17 8 6 4 2 2 0 0 0 0 0 0 0
"13" 13 0.0077519379845 369 75 53 2 1 0 0 0 0 0 0 0 0 0 0 0 0 0 0 0
"14" 14 0.0 223 73 49 48 34 28 21 9 7 3 3 1 1 0 0 0 0 0 0 0
"15" 15 0.0582959641256 121 93 75 54 42 23 19 17 15 11 8 7 5 4 2 2 2 0 0 0
"16" 16 0.0 135 104 77 54 25 22 21 19 12 9 8 7 2 2 2 1 0 0 0 0
"17" 17 0.0 141 125 64 54 36 19 17 12 11 10 5 5 1 0 0 0 0 0 0 0
"18" 18 0.0232558139535 372 39 26 18 18 10 3 3 2 2 2 2 1 1 1 0 0 0 0 0
"19" 19 0.286821705426 69 68 66 53 39 35 31 25 24 19 15 15 14 14 8 5 0 0 0 0
"20" 20 0.100775193798 127 49 48 42 41 36 29 23 23 18 16 12 12 7 6 5 4 2 0 0
"21" 21 0.0114942528736 89 78 75 75 57 35 34 13 10 7 7 7 6 4 1 1 1 0 0 0
"22" 22 0.644230769231 418 74 2 2 2 1 1 0 0 0 0 0 0 0 0 0 0 0 0 0
"23" 23 0.137931034483 150 92 74 34 32 28 24 15 15 15 8 6 4 2 1 0 0 0 0 0
"24" 24 0.776785714286 86 82 75 70 70 39 38 10 9 4 4 3 3 3 2 2 0 0 0 0
"25" 25 0.139303482587 339 33 32 21 13 13 13 7 7 6 4 3 3 2 2 1 1 0 0 0
"26" 26 0.405128205128 393 22 19 19 12 11 7 4 4 3 2 1 1 1 1 0 0 0 0 0
"27" 27 0.383084577114 209 72 47 34 31 30 30 13 9 8 7 6 2 1 1 0 0 0 0 0
"28" 28 0.405063291139 144 126 45 30 30 27 26 20 20 9 6 5 5 4 3 0 0 0 0 0
"29" 29 0.402985074627 121 84 48 48 43 34 25 23 22 17 16 8 4 3 3 1 0 0 0 0
"30" 30 0.0348837209302 177 64 45 44 31 28 24 18 15 10 9 7 7 6 6 5 4 0 0 0
"31" 31 0.348717948718 113 111 54 53 43 42 24 18 12 11 6 5 3 3 2 0 0 0 0 0
"32" 32 0.452736318408 104 95 40 38 36 36 35 33 33 15 12 10 6 3 3 1 0 0 0 0
"33" 33 0.52752293578 91 81 77 64 40 39 36 19 12 11 10 7 6 3 2 1 1 0 0 0
"34" 34 0.837209302326 293 207 0 0 0 0 0 0 0 0 0 0 0 0 0 0 0 0 0 0
"35" 35 0.163461538462 281 201 8 4 2 2 1 1 0 0 0 0 0 0 0 0 0 0 0 0
"36" 36 0.241071428571 102 79 53 43 33 30 28 25 23 23 19 14 12 8 4 2 2 0 0 0
"37" 37 0.167464114833 109 83 48 42 37 28 27 26 21 18 14 13 11 8 7 7 1 0 0 0
"38" 38 0.509174311927 135 86 62 54 37 29 20 18 17 13 12 10 5 1 1 0 0 0 0 0
"39" 39 0.367088607595 81 81 73 61 58 45 45 15 14 10 8 5 3 1 0 0 0 0 0 0
"40" 40 0.553459119497 312 178 7 1 1 1 0 0 0 0 0 0 0 0 0 0 0 0 0 0
"41" 41 0.482142857143 312 66 52 19 18 16 7 6 1 1 1 1 0 0 0 0 0 0 0 0
"42" 42 0.0418410041841 184 94 53 46 46 13 13 13 9 8 6 5 3 2 2 2 1 0 0 0
"43" 43 0.298507462687 114 70 66 58 54 32 23 22 18 9 9 7 5 5 4 2 2 0 0 0
"44" 44 0.738396624473 144 112 90 43 40 24 12 9 8 5 4 4 4 1 0 0 0 0 0 0
"45" 45 0.26368159204 123 111 63 60 48 25 25 14 9 6 5 3 3 3 2 0 0 0 0 0
"46" 46 0.0 414 24 23 10 7 6 5 3 3 2 1 1 1 0 0 0 0 0 0 0
"47" 47 0.572327044025 212 101 54 30 23 22 22 19 7 5 4 1 0 0 0 0 0 0 0 0
"48" 48 0.506726457399 319 55 35 34 16 12 7 7 5 5 3 2 0 0 0 0 0 0 0 0
"49" 49 0.301435406699 200 78 50 42 37 28 24 22 9 5 2 1 1 1 0 0 0 0 0 0
"50" 50 0.215189873418 232 88 45 37 23 17 12 12 8 8 7 4 3 2 1 1 0 0 0 0
"51" 51 0.187817258883 251 54 40 37 28 23 19 13 12 11 4 3 2 1 1 1 0 0 0 0
"52" 52 0.0062893081761 323 144 9 8 8 5 1 1 1 0 0 0 0 0 0 0 0 0 0 0
"53" 53 0.0 141 85 56 42 34 31 30 23 20 19 6 4 3 2 2 1 1 0 0 0
"54" 54 0.00995024875622 217 90 63 31 24 18 13 10 9 8 6 4 3 3 1 0 0 0 0 0
"55" 55 0.103448275862 109 105 90 49 35 34 21 14 13 13 5 3 3 3 2 1 0 0 0 0
"56" 56 0.020725388601 86 75 55 53 49 45 28 27 21 18 14 10 9 5 4 1 0 0 0 0
"57" 57 0.602678571429 105 95 83 75 31 30 23 21 12 6 5 5 4 3 1 1 0 0 0 0
"58" 58 0.658031088083 140 82 79 62 37 32 24 19 12 8 3 1 1 0 0 0 0 0 0 0
"59" 59 0.403846153846 469 25 2 1 1 1 1 0 0 0 0 0 0 0 0 0 0 0 0 0
"60" 60 0.414225941423 92 78 75 60 43 31 27 26 20 11 8 7 7 5 4 3 3 0 0 0
"61" 61 0.183908045977 145 118 53 51 47 34 12 11 9 5 4 4 3 2 2 0 0 0 0 0
"62" 62 0.144278606965 124 97 81 52 47 20 18 13 12 9 9 8 5 3 2 0 0 0 0 0
"63" 63 0.223404255319 151 118 65 63 52 19 13 7 7 3 1 1 0 0 0 0 0 0 0 0
"64" 64 0.299107142857 312 119 40 12 6 6 2 2 1 0 0 0 0 0 0 0 0 0 0 0
"65" 65 0.0132450331126 185 149 49 32 29 28 14 5 2 2 1 1 1 1 1 0 0 0 0 0
"66" 66 0.0802919708029 105 74 65 62 52 32 30 29 17 11 5 5 4 4 3 1 1 0 0 0
"67" 67 0.317829457364 127 69 63 61 61 58 25 8 7 4 4 4 3 3 2 1 0 0 0 0
"68" 68 0.0 370 39 21 16 12 12 10 6 4 3 3 3 1 0 0 0 0 0 0 0
"69" 69 0.0 150 133 56 44 29 28 20 12 10 5 5 4 3 1 0 0 0 0 0 0
"70" 70 0.167512690355 156 76 58 52 40 33 23 20 9 8 6 4 4 3 3 3 2 0 0 0
"71" 71 0.148288973384 199 94 85 25 25 15 13 9 9 9 6 5 3 2 1 0 0 0 0 0
"72" 72 0.0 285 49 47 34 15 13 12 11 11 9 8 2 2 1 1 0 0 0 0 0
"73" 73 0.00574712643678 93 87 71 64 49 38 31 30 10 8 5 4 4 3 3 0 0 0 0 0
"74" 74 0.491071428571 147 138 76 34 29 15 12 11 9 7 6 6 3 2 2 1 1 1 0 0
"75" 75 0.405063291139 179 67 64 46 33 31 15 15 15 12 7 6 4 2 2 1 1 0 0 0
"76" 76 0.140684410646 181 167 52 23 19 14 13 11 7 6 3 1 1 1 1 0 0 0 0 0
"77" 77 0.0 469 19 3 2 2 2 2 1 0 0 0 0 0 0 0 0 0 0 0 0
"78" 78 0.395348837209 227 66 52 41 35 29 24 6 5 4 4 2 2 1 1 1 0 0 0 0
"79" 79 0.703349282297 145 93 73 57 36 15 14 14 13 12 9 7 6 5 1 0 0 0 0 0
"80" 80 0.331606217617 267 79 39 22 15 15 14 12 9 8 7 7 3 2 1 0 0 0 0 0
"81" 81 0.558139534884 204 77 63 43 42 28 10 8 7 7 3 3 2 2 1 0 0 0 0 0
"82" 82 0.59585492228 124 100 68 58 39 36 27 11 11 8 7 7 2 1 1 0 0 0 0 0
"83" 83 0.114427860697 127 113 77 71 43 19 12 12 7 6 3 3 2 2 1 1 1 0 0 0
"84" 84 0.139534883721 178 85 65 48 37 20 14 11 11 10 10 9 1 1 0 0 0 0 0 0
"85" 85 0.361607142857 248 57 29 25 24 22 22 20 13 12 10 10 3 2 1 1 1 0 0 0
"86" 86 0.346715328467 223 146 42 24 20 20 10 5 4 2 1 1 1 1 0 0 0 0 0 0
"87" 87 0.0696517412935 167 100 46 41 35 26 19 18 8 8 7 6 6 4 4 3 1 1 0 0
"88" 88 0.0570342205323 179 90 76 45 30 19 17 13 10 8 3 2 2 2 2 2 0 0 0 0
"89" 89 0.11320754717 117 96 93 80 32 21 18 14 10 7 5 3 3 1 0 0 0 0 0 0
"90" 90 0.476821192053 160 58 57 57 48 31 25 16 15 14 8 5 4 2 0 0 0 0 0 0
"91" 91 0.341968911917 202 69 50 48 34 26 22 18 10 8 7 4 1 1 0 0 0 0 0 0
"92" 92 0.641509433962 394 38 37 15 7 6 1 1 1 0 0 0 0 0 0 0 0 0 0 0
"93" 93 0.722627737226 287 78 37 23 21 15 10 9 8 8 2 1 1 0 0 0 0 0 0 0
"94" 94 0.591240875912 159 102 63 57 21 17 16 15 15 9 8 7 5 3 1 1 1 0 0 0
"95" 95 0.189781021898 128 113 97 58 44 17 13 10 6 4 3 2 2 1 1 1 0 0 0 0
"96" 96 0.395348837209 112 100 93 42 30 25 23 18 17 16 14 8 1 1 0 0 0 0 0 0
"97" 97 0.258620689655 157 143 118 18 15 13 12 7 6 4 3 2 1 1 0 0 0 0 0 0
"98" 98 0.0114942528736 165 90 56 38 31 27 22 20 19 14 12 4 2 0 0 0 0 0 0 0
"99" 99 0.267942583732 138 127 75 66 24 19 18 14 5 5 3 3 1 1 1 0 0 0 0 0
"100" 100 0.515695067265 157 89 69 34 30 30 16 15 14 14 12 7 5 3 2 2 1 0 0 0
"101" 101 0.0839416058394 98 84 67 44 32 30 25 25 22 22 17 10 7 7 4 4 2 0 0 0
"102" 102 0.0348258706468 165 83 78 37 35 21 20 19 11 7 6 6 5 2 2 2 1 0 0 0
"103" 103 0.623430962343 150 106 64 63 22 22 17 15 13 12 8 2 2 2 1 1 0 0 0 0
"104" 104 0.100418410042 177 101 89 50 40 21 10 5 3 2 1 1 0 0 0 0 0 0 0 0
"105" 105 0.0 134 112 66 61 51 27 14 9 8 5 5 4 2 2 0 0 0 0 0 0
"106" 106 0.281609195402 112 88 66 65 60 30 20 12 12 9 8 6 5 4 2 1 0 0 0 0
"107" 107 0.503875968992 99 85 76 66 63 34 29 20 12 10 4 1 1 0 0 0 0 0 0 0
"108" 108 0.16091954023 125 118 63 58 46 30 30 14 8 4 2 1 1 0 0 0 0 0 0 0
"109" 109 0.0 181 155 44 30 20 13 12 9 6 6 5 4 4 4 3 3 1 0 0 0
"110" 110 0.110266159696 110 96 63 49 47 38 19 18 14 13 9 8 7 3 3 2 1 0 0 0
"111" 111 0.385650224215 114 88 88 78 55 26 15 13 6 5 4 3 3 1 1 0 0 0 0 0
"112" 112 0.222627737226 129 83 69 50 50 31 23 21 13 10 5 4 3 2 2 2 2 1 0 0
"113" 113 0.0 302 117 17 15 11 7 7 6 5 5 3 3 2 0 0 0 0 0 0 0
"114" 114 0.077519379845 169 157 42 38 33 27 15 6 5 2 2 1 1 1 1 0 0 0 0 0
"115" 115 0.303571428571 266 59 36 35 30 26 12 11 11 6 4 2 2 0 0 0 0 0 0 0
"116" 116 0.110266159696 234 81 65 49 18 16 11 7 6 5 4 3 1 0 0 0 0 0 0 0
"117" 117 0.0722433460076 258 77 44 37 34 12 10 6 6 5 3 3 2 1 1 1 0 0 0 0
"118" 118 0.292775665399 153 102 74 64 52 34 5 5 5 4 2 0 0 0 0 0 0 0 0 0
"119" 119 0.345911949686 210 134 46 38 18 13 13 8 6 3 3 3 3 2 0 0 0 0 0 0
"120" 120 0.139013452915 247 55 44 30 23 19 15 15 14 11 11 10 3 1 1 1 0 0 0 0
"121" 121 0.106598984772 102 95 70 58 42 26 23 21 13 12 10 6 6 6 6 4 0 0 0 0
"122" 122 0.276150627615 112 92 52 48 46 40 35 29 20 10 6 4 4 2 0 0 0 0 0 0
"123" 123 0.663461538462 495 2 2 1 0 0 0 0 0 0 0 0 0 0 0 0 0 0 0 0
"124" 124 0.825112107623 135 108 64 54 47 30 17 8 7 7 7 7 4 3 1 1 0 0 0 0
"125" 125 0.518987341772 173 66 59 53 32 31 31 18 12 7 6 5 3 3 1 0 0 0 0 0
"126" 126 0.379310344828 82 80 80 55 54 52 19 17 14 14 11 11 5 4 2 0 0 0 0 0
"127" 127 0.767295597484 498 2 0 0 0 0 0 0 0 0 0 0 0 0 0 0 0 0 0 0
"128" 128 0.649425287356 237 109 92 32 10 9 5 2 2 1 1 0 0 0 0 0 0 0 0 0
"129" 129 0.240384615385 500 0 0 0 0 0 0 0 0 0 0 0 0 0 0 0 0 0 0 0
"130" 130 0.440414507772 425 49 9 6 5 3 2 1 0 0 0 0 0 0 0 0 0 0 0 0
"131" 131 0.509433962264 494 5 1 0 0 0 0 0 0 0 0 0 0 0 0 0 0 0 0 0
"132" 132 0.346153846154 121 108 97 40 39 36 23 18 8 3 2 2 2 1 0 0 0 0 0 0
"133" 133 0.357664233577 246 75 64 29 21 18 10 9 7 7 5 3 1 1 1 1 1 1 0 0
"134" 134 0.1592039801 163 136 86 40 17 15 9 9 7 7 6 3 1 1 0 0 0 0 0 0
"135" 135 0.591240875912 136 112 87 51 31 24 20 12 11 9 4 2 1 0 0 0 0 0 0 0
"136" 136 0.264900662252 165 117 63 52 39 13 10 9 9 8 7 3 2 1 1 1 0 0 0 0
"137" 137 0.0 313 37 26 25 24 21 16 14 8 5 5 3 2 1 0 0 0 0 0 0
"138" 138 0.183035714286 188 94 54 47 41 29 10 9 9 7 7 2 1 1 1 0 0 0 0 0
"139" 139 0.403587443946 103 96 88 49 48 24 22 17 15 14 9 8 3 3 1 0 0 0 0 0
"140" 140 0.0 305 34 31 28 26 21 12 10 9 7 6 5 3 2 1 0 0 0 0 0
"141" 141 0.0 186 112 72 30 27 24 17 9 5 5 4 3 3 2 1 0 0 0 0 0
"142" 142 0.433035714286 149 78 73 50 49 29 19 13 11 11 6 5 3 2 1 1 0 0 0 0
"143" 143 0.330543933054 86 84 80 50 38 38 35 19 17 14 14 11 8 4 1 1 0 0 0 0
"144" 144 0.0 136 112 84 44 25 22 14 14 9 8 7 7 6 5 3 3 1 0 0 0
"145" 145 0.0358974358974 109 97 65 55 51 22 22 20 15 13 7 6 5 4 4 3 2 0 0 0
"146" 146 0.488372093023 111 96 51 50 41 38 38 26 17 10 9 6 2 2 2 1 0 0 0 0
"147" 147 0.234309623431 112 72 70 66 43 28 25 22 17 10 9 9 7 5 4 1 0 0 0 0
"148" 148 0.00497512437811 325 57 42 15 11 11 8 6 6 5 5 3 3 2 1 0 0 0 0 0
"149" 149 0.598214285714 375 30 30 13 11 9 8 8 6 4 4 1 1 0 0 0 0 0 0 0
"150" 150 0.701923076923 390 103 4 2 1 0 0 0 0 0 0 0 0 0 0 0 0 0 0 0
"151" 151 0.388392857143 226 103 44 34 31 13 10 9 9 6 5 5 3 1 1 0 0 0 0 0
"152" 152 0.313901345291 128 98 56 53 45 33 25 13 12 11 11 7 6 1 1 0 0 0 0 0
"153" 153 0.0228136882129 264 179 30 12 9 3 1 1 1 0 0 0 0 0 0 0 0 0 0 0
"154" 154 0.0 298 66 26 20 18 16 15 11 9 7 4 3 3 1 1 1 1 0 0 0
"155" 155 0.124031007752 290 128 28 25 11 8 6 2 1 1 0 0 0 0 0 0 0 0 0 0
"156" 156 0.105769230769 500 0 0 0 0 0 0 0 0 0 0 0 0 0 0 0 0 0 0 0
"157" 157 0.490384615385 500 0 0 0 0 0 0 0 0 0 0 0 0 0 0 0 0 0 0 0
"158" 158 0.668393782383 189 134 58 46 33 13 13 5 4 2 2 1 0 0 0 0 0 0 0 0
"159" 159 0.362694300518 204 114 72 29 21 17 10 8 8 7 4 3 1 1 1 0 0 0 0 0
"160" 160 0.11320754717 258 92 51 21 16 16 12 11 6 5 5 3 3 1 0 0 0 0 0 0
"161" 161 0.0232558139535 246 182 53 11 4 2 1 1 0 0 0 0 0 0 0 0 0 0 0 0
"162" 162 0.0 155 143 42 42 30 23 22 13 11 9 5 2 2 1 0 0 0 0 0 0
"163" 163 0.0 303 173 14 7 1 1 1 0 0 0 0 0 0 0 0 0 0 0 0 0
"164" 164 0.0 376 38 24 23 22 12 2 1 1 1 0 0 0 0 0 0 0 0 0 0
"165" 165 0.00995024875622 101 97 74 50 33 20 16 16 15 14 14 13 12 11 8 6 0 0 0 0
"166" 166 0.00662251655629 188 87 73 29 27 22 17 14 13 10 8 4 3 3 2 0 0 0 0 0
"167" 167 0.0 170 56 54 49 32 29 28 20 19 12 12 5 4 3 3 2 1 1 0 0
"168" 168 0.0 216 59 58 54 48 36 8 7 4 3 2 2 1 1 1 0 0 0 0 0
"169" 169 0.0077519379845 388 85 13 8 3 2 1 0 0 0 0 0 0 0 0 0 0 0 0 0
"170" 170 0.00581395348837 187 62 49 45 42 28 22 20 16 12 12 3 2 0 0 0 0 0 0 0
"171" 171 0.0 182 127 33 26 23 23 21 20 14 9 7 6 3 3 2 1 0 0 0 0
"172" 172 0.0 193 175 30 25 20 14 12 9 5 4 4 3 2 2 2 0 0 0 0 0
"173" 173 0.0 147 103 56 49 49 20 16 16 13 8 7 6 5 2 2 1 0 0 0 0
"174" 174 0.0 231 118 51 29 16 13 8 7 6 6 4 3 3 2 1 1 1 0 0 0
"175" 175 0.433035714286 139 82 61 50 50 48 30 8 7 7 6 5 4 2 1 0 0 0 0 0
"176" 176 0.206896551724 80 79 66 64 56 30 30 20 12 11 11 10 10 9 9 2 1 0 0 0
"177" 177 0.100775193798 352 41 24 17 17 14 11 9 5 3 3 2 1 1 0 0 0 0 0 0
"178" 178 0.586538461538 500 0 0 0 0 0 0 0 0 0 0 0 0 0 0 0 0 0 0 0
"179" 179 0.0950570342205 147 144 58 37 32 23 16 10 7 6 5 5 3 2 2 2 1 0 0 0
"180" 180 0.435233160622 205 118 88 19 18 17 11 10 6 3 2 1 1 1 0 0 0 0 0 0
"181" 181 0.0149253731343 319 61 38 21 16 12 11 7 4 3 3 2 1 1 1 0 0 0 0 0
"182" 182 0.591240875912 189 56 48 38 27 24 23 22 20 17 17 13 2 2 1 1 0 0 0 0
"183" 183 0.474452554745 158 111 84 54 31 26 8 6 6 5 3 3 2 2 1 0 0 0 0 0
"184" 184 0.0494296577947 230 84 71 51 26 13 12 4 2 2 1 1 1 1 1 0 0 0 0 0
"185" 185 0.526785714286 157 90 66 44 41 32 28 18 12 9 2 1 0 0 0 0 0 0 0 0
"186" 186 0.117948717949 122 97 86 70 20 19 18 16 8 8 8 7 5 4 4 3 3 2 0 0
"187" 187 0.0 152 103 67 60 49 25 12 12 7 6 4 1 1 1 0 0 0 0 0 0
"188" 188 0.121076233184 238 71 46 46 29 28 13 12 8 4 3 1 1 0 0 0 0 0 0 0
"189" 189 0.266423357664 143 99 67 59 54 25 16 10 9 7 4 3 1 1 1 1 0 0 0 0
"190" 190 0.0 336 56 54 16 13 7 5 5 2 2 1 1 1 1 0 0 0 0 0 0
"191" 191 0.0684410646388 220 93 46 44 42 20 9 8 5 4 4 3 1 1 0 0 0 0 0 0
"192" 192 0.477678571429 215 96 38 24 22 21 19 15 10 10 9 8 8 4 1 0 0 0 0 0
"193" 193 0.328467153285 103 103 71 51 41 33 33 27 14 7 6 5 3 2 1 0 0 0 0 0
"194" 194 0.0 119 107 69 55 44 25 15 13 12 12 11 8 4 3 2 1 0 0 0 0
"195" 195 0.17880794702 124 51 43 40 39 37 35 33 26 16 14 10 10 8 7 4 2 1 0 0
"196" 196 0.627906976744 94 81 65 55 43 43 42 30 15 14 7 4 2 2 1 1 1 0 0 0
"197" 197 0.416243654822 110 86 74 38 33 32 27 22 19 16 13 10 7 6 5 2 0 0 0 0
"198" 198 0.0689655172414 100 90 72 51 45 34 32 32 15 7 7 5 4 2 2 2 0 0 0 0
"199" 199 0.389937106918 247 63 42 39 25 22 15 10 9 8 7 6 2 2 2 1 0 0 0 0
"200" 200 0.125 492 8 0 0 0 0 0 0 0 0 0 0 0 0 0 0 0 0 0 0
"201" 201 0.077519379845 181 179 40 34 24 10 9 6 4 3 3 2 2 1 1 1 0 0 0 0
"202" 202 0.533678756477 119 105 65 53 48 31 24 15 11 11 9 6 2 1 0 0 0 0 0 0
"203" 203 0.405063291139 123 89 59 46 38 35 26 24 14 12 10 8 6 5 4 1 0 0 0 0
"204" 204 0.00512820512821 109 69 54 43 33 33 31 29 28 23 17 9 8 7 5 1 1 0 0 0
"205" 205 0.287356321839 180 91 43 40 37 23 18 16 14 11 9 6 6 2 2 1 1 0 0 0
"206" 206 0.517857142857 143 101 82 34 24 23 19 18 17 12 9 6 6 2 2 2 0 0 0 0
"207" 207 0.0384615384615 193 57 46 36 29 29 29 25 16 15 8 7 4 3 2 1 0 0 0 0
"208" 208 0.015503875969 287 87 35 18 18 12 11 10 5 4 3 2 2 2 2 1 1 0 0 0
"209" 209 0.561181434599 131 125 71 40 38 26 17 14 12 11 6 5 2 2 0 0 0 0 0 0
"210" 210 0.344827586207 97 71 71 64 37 30 27 27 21 11 10 9 7 7 4 3 2 2 0 0
"211" 211 0.0543933054393 158 56 52 50 40 38 27 26 15 14 10 7 6 1 0 0 0 0 0 0
"212" 212 0.153846153846 290 71 63 38 15 11 3 2 2 2 1 1 1 0 0 0 0 0 0 0
"213" 213 0.5 132 92 61 51 41 33 29 14 12 11 9 5 5 3 1 1 0 0 0 0
"214" 214 0.307984790875 146 49 47 46 44 35 35 25 20 16 13 6 5 4 4 4 1 0 0 0
"215" 215 0.18410041841 155 113 63 48 33 29 20 11 7 7 5 3 2 2 1 1 0 0 0 0
"216" 216 0.96511627907 139 92 77 75 35 30 14 11 8 6 4 4 4 1 0 0 0 0 0 0
