"site" "RSA" "aa1" "aa2" "aa3" "aa4" "aa5" "aa6" "aa7" "aa8" "aa9" "aa10" "aa11" "aa12" "aa13" "aa14" "aa15" "aa16" "aa17" "aa18" "aa19" "aa20"
"0" 0 0.0275229357798 158 118 118 52 22 14 6 5 3 3 1 0 0 0 0 0 0 0 0 0
"1" 1 0.0615384615385 347 26 25 23 16 14 11 10 10 6 4 3 2 1 1 1 0 0 0 0
"2" 2 0.0 339 58 26 24 12 11 9 8 5 2 2 1 1 1 1 0 0 0 0 0
"3" 3 0.00574712643678 166 137 78 56 23 16 11 6 5 1 1 0 0 0 0 0 0 0 0 0
"4" 4 0.00995024875622 352 65 28 10 10 9 7 7 3 3 2 2 1 1 0 0 0 0 0 0
"5" 5 0.0550458715596 89 71 70 67 54 42 23 20 19 11 11 8 6 3 3 1 1 1 0 0
"6" 6 0.115384615385 499 1 0 0 0 0 0 0 0 0 0 0 0 0 0 0 0 0 0 0
"7" 7 0.134328358209 272 49 33 30 27 26 14 12 12 5 5 5 3 3 2 2 0 0 0 0
"8" 8 0.0251572327044 117 110 61 34 34 28 23 16 16 15 14 13 11 6 1 1 0 0 0 0
"9" 9 0.201923076923 499 1 0 0 0 0 0 0 0 0 0 0 0 0 0 0 0 0 0 0
"10" 10 0.0232558139535 369 97 26 7 1 0 0 0 0 0 0 0 0 0 0 0 0 0 0 0
"11" 11 0.144230769231 500 0 0 0 0 0 0 0 0 0 0 0 0 0 0 0 0 0 0 0
"12" 12 0.0970464135021 93 78 75 56 54 51 38 21 19 11 2 1 1 0 0 0 0 0 0 0
"13" 13 0.336538461538 161 94 82 64 38 12 11 9 8 6 5 4 4 2 0 0 0 0 0 0
"14" 14 0.133720930233 164 132 64 32 18 14 13 13 12 10 6 6 5 4 4 2 1 0 0 0
"15" 15 0.0358744394619 171 71 56 34 32 30 23 23 22 9 8 8 5 5 3 0 0 0 0 0
"16" 16 0.0 186 171 122 9 9 2 1 0 0 0 0 0 0 0 0 0 0 0 0 0
"17" 17 0.245535714286 184 92 48 33 32 20 20 18 17 13 8 4 3 3 2 2 1 0 0 0
"18" 18 0.171532846715 82 75 73 50 47 43 32 28 22 13 12 11 7 2 2 1 0 0 0 0
"19" 19 0.0 185 81 59 32 27 24 21 17 15 13 11 9 3 2 1 0 0 0 0 0
"20" 20 0.224137931034 113 92 79 69 65 23 16 10 10 6 6 5 3 2 1 0 0 0 0 0
"21" 21 0.71875 177 111 90 30 23 14 13 11 8 7 6 3 2 2 2 1 0 0 0 0
"22" 22 0.378238341969 127 102 57 53 35 29 20 15 12 11 11 8 7 7 5 1 0 0 0 0
"23" 23 0.300380228137 214 147 67 20 10 9 8 7 7 7 2 1 1 0 0 0 0 0 0 0
"24" 24 0.538461538462 462 23 6 5 2 2 0 0 0 0 0 0 0 0 0 0 0 0 0 0
"25" 25 0.0609137055838 223 60 51 47 28 15 13 12 12 11 9 6 4 3 2 2 1 1 0 0
"26" 26 0.106918238994 238 51 51 38 28 20 17 12 11 10 6 4 4 4 2 2 1 1 0 0
"27" 27 0.277511961722 156 131 50 38 35 32 17 10 7 7 4 4 3 3 1 1 1 0 0 0
"28" 28 0.010152284264 230 98 74 52 17 16 6 2 2 1 1 1 0 0 0 0 0 0 0 0
"29" 29 0.0596026490066 244 149 46 14 13 11 6 5 4 3 2 1 1 1 0 0 0 0 0 0
"30" 30 0.0290697674419 125 92 64 44 35 33 21 21 20 12 9 8 5 4 3 2 1 1 0 0
"31" 31 0.182692307692 285 121 49 23 6 4 4 3 3 1 1 0 0 0 0 0 0 0 0 0
"32" 32 0.435233160622 231 78 67 31 22 17 15 12 10 9 5 1 1 1 0 0 0 0 0 0
"33" 33 0.224770642202 137 77 65 37 32 29 27 20 18 17 14 13 7 3 3 1 0 0 0 0
"34" 34 0.0460251046025 127 77 62 50 36 27 26 24 22 11 10 10 7 4 3 2 2 0 0 0
"35" 35 0.200729927007 272 91 65 35 11 10 7 4 2 1 1 1 0 0 0 0 0 0 0 0
"36" 36 0.325581395349 172 92 63 57 27 20 18 13 9 8 8 7 4 1 1 0 0 0 0 0
"37" 37 0.0542635658915 88 85 70 55 43 37 36 34 17 8 8 7 7 3 2 0 0 0 0 0
"38" 38 0.183486238532 180 87 63 41 26 23 19 14 13 11 8 7 5 1 1 1 0 0 0 0
"39" 39 0.742616033755 161 141 45 39 38 17 17 10 9 7 5 5 2 2 1 1 0 0 0 0
"40" 40 0.633928571429 157 90 87 47 40 27 17 8 7 5 4 3 3 2 2 1 0 0 0 0
"41" 41 0.647321428571 198 69 57 47 37 30 29 17 11 2 2 1 0 0 0 0 0 0 0 0
"42" 42 0.267441860465 138 132 81 61 28 18 17 9 6 4 2 1 1 1 1 0 0 0 0 0
"43" 43 0.710691823899 266 126 31 21 17 15 13 5 3 3 0 0 0 0 0 0 0 0 0 0
"44" 44 0.233830845771 170 121 77 51 16 12 12 11 6 6 5 4 2 2 2 2 1 0 0 0
"45" 45 0.0 479 21 0 0 0 0 0 0 0 0 0 0 0 0 0 0 0 0 0 0
"46" 46 0.477611940299 189 112 43 36 27 19 15 15 11 11 8 5 4 2 2 1 0 0 0 0
"47" 47 0.473214285714 205 70 64 24 24 22 22 22 15 8 7 6 4 3 3 1 0 0 0 0
"48" 48 0.0 99 96 58 42 32 30 29 29 17 16 14 9 8 6 6 6 2 1 0 0
"49" 49 0.383966244726 226 80 74 54 16 14 8 6 6 5 4 3 2 1 1 0 0 0 0 0
"50" 50 0.430463576159 90 80 77 48 46 32 31 26 21 19 13 12 5 0 0 0 0 0 0 0
"51" 51 0.292775665399 276 101 34 33 14 13 9 7 6 4 2 1 0 0 0 0 0 0 0 0
"52" 52 0.111675126904 135 123 74 50 34 17 15 9 9 8 7 6 6 3 3 1 0 0 0 0
"53" 53 0.316062176166 203 80 65 43 35 24 13 9 7 6 5 4 2 2 2 0 0 0 0 0
"54" 54 0.518987341772 156 89 66 61 48 26 12 9 9 7 5 4 3 2 1 1 1 0 0 0
"55" 55 0.0673076923077 497 1 1 1 0 0 0 0 0 0 0 0 0 0 0 0 0 0 0 0
"56" 56 0.348214285714 308 47 42 36 25 18 4 3 3 3 3 2 2 2 1 1 0 0 0 0
"57" 57 0.223880597015 109 98 97 47 37 34 21 13 10 8 7 4 3 3 3 2 2 1 1 0
"58" 58 0.0574712643678 139 65 51 49 49 30 30 20 15 14 8 8 6 5 5 4 2 0 0 0
"59" 59 0.327044025157 128 100 69 65 57 29 16 13 12 7 4 0 0 0 0 0 0 0 0 0
"60" 60 0.290155440415 102 96 81 80 30 28 22 12 12 12 8 6 5 4 2 0 0 0 0 0
"61" 61 0.776785714286 226 153 49 19 14 12 8 8 4 4 2 1 0 0 0 0 0 0 0 0
"62" 62 0.206896551724 116 76 71 58 33 29 18 15 15 14 13 12 11 10 7 2 0 0 0 0
"63" 63 0.0290697674419 80 72 61 54 46 45 44 25 19 17 16 15 5 1 0 0 0 0 0 0
"64" 64 0.182741116751 102 54 51 49 42 41 41 32 21 20 15 11 7 5 4 4 1 0 0 0
"65" 65 0.403846153846 127 125 113 46 17 14 13 9 9 7 7 7 2 2 1 1 0 0 0 0
"66" 66 0.126903553299 125 108 75 45 44 16 15 14 12 8 8 7 6 5 5 4 3 0 0 0
"67" 67 0.0 94 65 61 54 54 42 32 26 18 16 14 8 8 6 2 0 0 0 0 0
"68" 68 0.481012658228 209 81 79 28 25 24 21 7 7 5 4 3 2 2 1 1 1 0 0 0
"69" 69 0.59375 183 68 63 61 57 22 13 10 7 5 4 3 3 1 0 0 0 0 0 0
"70" 70 0.204379562044 96 72 72 42 40 33 30 21 21 16 16 10 10 10 5 3 2 1 0 0
"71" 71 0.0199004975124 245 132 26 22 15 10 9 9 9 7 7 2 2 2 1 1 1 0 0 0
"72" 72 0.346153846154 101 81 55 55 52 51 26 16 15 14 8 6 6 5 5 4 0 0 0 0
"73" 73 0.459915611814 98 78 77 64 45 32 29 23 19 15 11 7 1 1 0 0 0 0 0 0
"74" 74 0.751295336788 210 92 76 45 31 17 13 8 6 1 1 0 0 0 0 0 0 0 0 0
"75" 75 0.367875647668 174 78 50 40 38 30 29 24 20 10 2 2 1 1 1 0 0 0 0 0
"76" 76 0.00632911392405 319 61 24 21 17 13 13 11 6 4 4 2 2 1 1 1 0 0 0 0
"77" 77 0.53125 98 95 59 59 50 40 31 29 8 8 8 7 3 2 2 1 0 0 0 0
"78" 78 0.594890510949 123 103 92 42 33 31 14 13 11 10 8 7 7 3 1 1 1 0 0 0
"79" 79 0.00961538461538 500 0 0 0 0 0 0 0 0 0 0 0 0 0 0 0 0 0 0 0
"80" 80 0.00418410041841 272 109 58 19 13 7 6 5 3 2 2 1 1 1 1 0 0 0 0 0
"81" 81 0.0 137 126 83 58 34 18 10 7 5 5 5 3 3 2 2 2 0 0 0 0
"82" 82 0.0 234 91 60 57 25 15 13 3 1 1 0 0 0 0 0 0 0 0 0 0
"83" 83 0.0518134715026 166 148 53 41 36 33 21 1 1 0 0 0 0 0 0 0 0 0 0 0
"84" 84 0.0288461538462 497 2 1 0 0 0 0 0 0 0 0 0 0 0 0 0 0 0 0 0
"85" 85 0.0 249 105 84 42 8 5 2 2 1 1 1 0 0 0 0 0 0 0 0 0
"86" 86 0.0251572327044 152 152 141 49 5 1 0 0 0 0 0 0 0 0 0 0 0 0 0 0
"87" 87 0.204379562044 365 41 17 17 16 12 10 8 7 5 2 0 0 0 0 0 0 0 0 0
"88" 88 0.0523255813953 191 92 61 58 44 26 15 7 5 1 0 0 0 0 0 0 0 0 0 0
"89" 89 0.235632183908 117 104 62 55 42 38 23 12 8 8 7 7 6 6 3 1 1 0 0 0
"90" 90 0.333333333333 150 109 60 54 49 20 20 16 7 5 5 2 2 1 0 0 0 0 0 0
"91" 91 0.0179372197309 345 73 22 16 13 9 7 6 3 2 2 1 1 0 0 0 0 0 0 0
"92" 92 0.0 244 56 30 27 23 23 18 17 17 14 10 7 6 3 2 1 1 1 0 0
"93" 93 0.495535714286 132 113 72 53 36 20 19 18 10 7 7 5 3 2 2 1 0 0 0 0
"94" 94 0.131782945736 111 105 56 48 40 33 21 21 21 20 6 5 4 4 3 1 1 0 0 0
"95" 95 0.0 274 68 42 37 37 14 7 6 4 3 3 1 1 1 1 1 0 0 0 0
"96" 96 0.245535714286 110 85 70 55 41 40 24 18 12 8 8 7 6 6 5 4 1 0 0 0
"97" 97 0.602678571429 164 105 76 53 29 23 14 14 10 6 5 1 0 0 0 0 0 0 0 0
"98" 98 0.0710659898477 157 131 63 36 22 21 16 12 11 7 6 6 6 3 2 1 0 0 0 0
"99" 99 0.0149253731343 305 108 17 15 14 11 9 9 4 2 2 1 1 1 1 0 0 0 0 0
"100" 100 0.696428571429 156 97 67 65 30 23 20 15 8 7 5 2 2 2 1 0 0 0 0 0
"101" 101 0.700892857143 218 92 41 37 27 22 13 12 10 10 8 5 3 2 0 0 0 0 0 0
"102" 102 0.311787072243 306 45 40 18 16 12 11 10 9 8 7 7 5 3 2 1 0 0 0 0
"103" 103 0.538461538462 387 111 1 1 0 0 0 0 0 0 0 0 0 0 0 0 0 0 0 0
"104" 104 0.130801687764 86 70 56 56 51 41 38 34 32 12 11 8 3 2 0 0 0 0 0 0
"105" 105 0.553459119497 210 101 64 60 15 9 9 8 7 7 6 3 1 0 0 0 0 0 0 0
"106" 106 0.0507614213198 139 103 76 41 34 26 22 21 9 8 5 5 4 4 2 1 0 0 0 0
"107" 107 0.300518134715 355 98 14 10 6 5 5 2 1 1 1 1 1 0 0 0 0 0 0 0
"108" 108 0.311787072243 229 50 48 46 44 15 15 15 10 8 5 4 3 3 2 1 1 1 0 0
"109" 109 0.0 319 53 47 25 19 16 8 4 4 4 1 0 0 0 0 0 0 0 0 0
"110" 110 0.00507614213198 367 73 14 13 9 7 5 3 3 2 2 1 1 0 0 0 0 0 0 0
"111" 111 0.0615384615385 189 129 48 36 33 17 12 12 8 3 3 3 3 2 1 1 0 0 0 0
"112" 112 0.010152284264 330 47 42 31 12 8 7 7 4 4 3 2 1 1 1 0 0 0 0 0
"113" 113 0.517857142857 140 69 49 47 42 32 28 25 22 17 11 10 4 2 2 0 0 0 0 0
"114" 114 0.0459770114943 202 79 44 40 28 25 25 13 9 9 7 6 4 3 3 2 1 0 0 0
"115" 115 0.383419689119 153 104 86 41 30 25 22 13 9 7 5 3 1 1 0 0 0 0 0 0
"116" 116 0.443037974684 109 82 48 45 38 37 34 28 14 12 12 12 10 8 6 4 1 0 0 0
"117" 117 0.611398963731 116 115 86 62 31 29 27 19 7 3 2 1 1 1 0 0 0 0 0 0
"118" 118 0.298850574713 120 99 51 50 45 27 24 23 23 17 12 5 3 1 0 0 0 0 0 0
"119" 119 0.0 378 25 22 21 15 14 12 5 4 2 1 1 0 0 0 0 0 0 0 0
"120" 120 0.247706422018 132 114 76 60 26 23 23 14 8 7 5 3 3 2 2 2 0 0 0 0
"121" 121 0.397321428571 197 68 57 55 53 21 14 9 8 7 4 3 2 1 1 0 0 0 0 0
"122" 122 0.197080291971 117 116 70 42 42 30 28 14 8 8 8 7 6 4 0 0 0 0 0 0
"123" 123 0.00497512437811 206 60 37 36 32 30 29 17 17 13 10 5 5 2 1 0 0 0 0 0
"124" 124 0.255813953488 124 99 71 47 34 22 20 17 17 11 10 6 6 6 5 2 2 1 0 0
"125" 125 0.0384615384615 118 95 64 50 42 36 34 18 16 10 6 4 2 2 2 1 0 0 0 0
"126" 126 0.13503649635 158 123 65 57 29 25 14 8 6 5 4 3 2 1 0 0 0 0 0 0
"127" 127 0.204379562044 307 85 53 17 13 9 7 5 4 0 0 0 0 0 0 0 0 0 0 0
"128" 128 0.0355329949239 196 195 41 25 11 9 6 4 4 3 2 2 1 1 0 0 0 0 0 0
"129" 129 0.00632911392405 223 190 69 8 3 2 1 1 1 1 1 0 0 0 0 0 0 0 0 0
"130" 130 0.483443708609 269 90 30 29 17 15 14 10 6 5 3 3 2 2 2 2 1 0 0 0
"131" 131 0.551724137931 137 83 48 43 37 37 23 20 15 13 12 8 8 7 5 3 1 0 0 0
"132" 132 0.411392405063 291 51 22 19 18 17 15 14 14 12 9 6 6 3 2 1 0 0 0 0
"133" 133 0.394230769231 464 12 7 6 4 3 2 1 1 0 0 0 0 0 0 0 0 0 0 0
"134" 134 0.0581395348837 178 92 67 51 40 32 9 7 7 6 3 3 3 2 0 0 0 0 0 0
"135" 135 0.186046511628 108 86 70 47 36 36 23 20 18 17 10 9 8 6 2 2 1 1 0 0
"136" 136 0.0570342205323 222 173 64 13 10 8 5 2 1 1 1 0 0 0 0 0 0 0 0 0
"137" 137 0.0622009569378 264 64 46 23 21 18 16 14 11 8 5 3 3 2 1 1 0 0 0 0
"138" 138 0.467661691542 262 83 35 32 18 16 14 10 8 6 3 3 3 3 2 1 1 0 0 0
"139" 139 0.540229885057 127 91 87 46 33 31 27 20 20 8 8 1 1 0 0 0 0 0 0 0
"140" 140 0.523012552301 183 92 49 33 25 23 19 16 15 15 11 7 6 2 2 1 1 0 0 0
"141" 141 0.292307692308 271 105 44 25 25 12 9 3 2 2 2 0 0 0 0 0 0 0 0 0
"142" 142 0.433962264151 485 11 2 1 1 0 0 0 0 0 0 0 0 0 0 0 0 0 0 0
"143" 143 0.100628930818 373 69 30 8 7 4 2 2 2 1 1 1 0 0 0 0 0 0 0 0
"144" 144 0.708860759494 175 82 70 46 38 35 14 11 10 6 6 3 2 2 0 0 0 0 0 0
"145" 145 0.447674418605 246 109 78 34 15 8 4 4 2 0 0 0 0 0 0 0 0 0 0 0
"146" 146 0.710691823899 109 109 65 64 60 28 24 17 8 7 3 3 3 0 0 0 0 0 0 0
"147" 147 0.394230769231 498 2 0 0 0 0 0 0 0 0 0 0 0 0 0 0 0 0 0 0
"148" 148 0.319796954315 257 86 32 30 27 27 12 10 5 5 3 3 2 1 0 0 0 0 0 0
"149" 149 0.0253164556962 171 167 48 32 29 18 11 10 7 3 2 1 1 0 0 0 0 0 0 0
"150" 150 0.352331606218 100 93 84 77 33 30 23 12 11 9 6 6 4 4 3 3 2 0 0 0
"151" 151 0.561181434599 157 103 75 64 28 24 11 10 6 6 6 5 2 2 1 0 0 0 0 0
"152" 152 0.352331606218 249 68 29 26 19 16 15 14 12 12 12 10 9 6 1 1 1 0 0 0
"153" 153 0.432692307692 444 39 5 4 4 2 1 1 0 0 0 0 0 0 0 0 0 0 0 0
"154" 154 0.0769230769231 309 104 63 4 4 3 3 3 2 2 1 1 1 0 0 0 0 0 0 0
"155" 155 0.674107142857 141 125 45 43 40 22 18 18 15 9 7 6 6 4 1 0 0 0 0 0
"156" 156 0.129353233831 411 35 21 9 8 7 4 3 1 1 0 0 0 0 0 0 0 0 0 0
"157" 157 0.365019011407 184 152 63 56 25 14 3 1 1 1 0 0 0 0 0 0 0 0 0 0
"158" 158 0.385650224215 125 88 76 47 45 33 23 16 12 12 10 5 4 2 1 1 0 0 0 0
"159" 159 0.120437956204 171 170 70 59 10 5 3 3 3 2 1 1 1 1 0 0 0 0 0 0
"160" 160 0.627906976744 227 103 76 21 15 15 14 7 7 6 5 3 1 0 0 0 0 0 0 0
"161" 161 0.0569948186528 151 102 64 50 36 36 29 14 5 3 3 3 2 1 1 0 0 0 0 0
"162" 162 0.0 172 95 51 44 36 23 22 16 14 14 4 4 2 2 1 0 0 0 0 0
"163" 163 0.287179487179 88 82 58 50 42 40 39 38 14 13 12 11 7 4 1 1 0 0 0 0
"164" 164 0.665178571429 235 70 53 44 25 16 13 12 8 8 6 5 5 0 0 0 0 0 0 0
"165" 165 0.705357142857 217 76 44 33 31 29 17 16 11 9 8 5 2 1 1 0 0 0 0 0
"166" 166 0.0581395348837 138 123 46 41 27 25 23 18 15 13 9 8 6 3 2 2 1 0 0 0
"167" 167 0.0 205 133 41 41 20 13 12 9 8 6 5 4 2 1 0 0 0 0 0 0
"168" 168 0.443708609272 144 136 72 49 22 19 14 12 12 7 5 3 3 2 0 0 0 0 0 0
"169" 169 0.31223628692 133 85 60 60 41 35 32 13 9 8 6 5 4 4 2 2 1 0 0 0
"170" 170 0.0766423357664 189 72 59 45 31 25 16 16 12 11 10 6 4 2 1 1 0 0 0 0
"171" 171 0.0796019900498 353 50 32 19 14 9 7 6 5 2 1 1 1 0 0 0 0 0 0 0
"172" 172 0.459821428571 137 121 62 40 32 28 20 20 19 8 6 4 1 1 1 0 0 0 0 0
"173" 173 0.0919540229885 131 68 51 38 34 32 29 24 19 15 14 12 11 10 7 3 2 0 0 0
"174" 174 0.0666666666667 174 123 72 36 21 18 11 10 10 8 6 3 3 2 2 1 0 0 0 0
"175" 175 0.334862385321 107 85 72 60 57 39 30 16 10 9 4 4 2 2 2 1 0 0 0 0
"176" 176 0.594936708861 126 85 75 55 38 29 20 14 14 11 11 8 8 2 2 2 0 0 0 0
"177" 177 0.174887892377 107 83 67 59 49 45 30 20 15 9 6 4 3 2 1 0 0 0 0 0
"178" 178 0.186046511628 81 62 57 52 48 42 30 29 26 19 11 10 10 10 7 6 0 0 0 0
"179" 179 0.470852017937 169 129 82 61 24 13 10 6 3 2 1 0 0 0 0 0 0 0 0 0
"180" 180 0.301886792453 130 107 94 52 48 36 21 5 4 1 1 1 0 0 0 0 0 0 0 0
"181" 181 0.0348258706468 264 48 35 31 29 16 15 13 12 12 9 8 5 1 1 1 0 0 0 0
"182" 182 0.109452736318 131 99 65 64 38 28 17 15 12 11 9 4 3 2 1 1 0 0 0 0
"183" 183 0.455958549223 190 88 69 47 35 26 24 8 5 5 2 1 0 0 0 0 0 0 0 0
"184" 184 0.125523012552 208 59 42 42 39 38 17 17 9 8 5 5 4 2 2 2 1 0 0 0
"185" 185 0.00380228136882 167 120 86 31 29 16 10 7 7 6 5 4 3 3 3 1 1 1 0 0
"186" 186 0.503311258278 184 94 69 48 36 31 26 6 2 1 1 1 1 0 0 0 0 0 0 0
"187" 187 0.651785714286 120 65 63 49 39 36 34 32 18 16 11 9 4 2 2 0 0 0 0 0
"188" 188 0.329113924051 104 75 61 36 34 33 30 29 24 22 18 13 11 7 2 1 0 0 0 0
"189" 189 0.615384615385 495 5 0 0 0 0 0 0 0 0 0 0 0 0 0 0 0 0 0 0
"190" 190 0.15969581749 170 100 67 47 43 30 14 12 8 4 2 1 1 1 0 0 0 0 0 0
"191" 191 0.179104477612 221 89 57 49 21 17 10 10 6 6 5 3 2 2 1 1 0 0 0 0
"192" 192 0.077519379845 111 87 48 39 37 36 33 26 19 18 15 13 5 5 4 2 2 0 0 0
"193" 193 0.487179487179 82 76 68 68 68 36 34 19 13 9 9 6 6 4 2 0 0 0 0 0
"194" 194 0.0402298850575 313 63 57 18 14 10 7 4 3 3 2 2 2 1 1 0 0 0 0 0
"195" 195 0.405128205128 261 103 32 27 16 14 10 7 6 6 6 5 3 3 1 0 0 0 0 0
"196" 196 0.0288461538462 158 145 57 35 31 28 25 17 2 1 1 0 0 0 0 0 0 0 0 0
"197" 197 0.408071748879 131 126 63 47 31 28 26 16 12 7 5 5 1 1 1 0 0 0 0 0
"198" 198 0.29197080292 151 126 65 31 24 21 18 16 13 11 6 5 4 4 2 1 1 1 0 0
"199" 199 0.616580310881 227 53 40 38 37 33 22 16 14 8 4 3 3 1 1 0 0 0 0 0
"200" 200 0.243654822335 111 97 68 54 39 33 23 22 15 12 11 5 5 2 2 1 0 0 0 0
"201" 201 0.488789237668 172 113 48 42 42 31 18 12 12 5 3 1 1 0 0 0 0 0 0 0
"202" 202 0.414507772021 151 122 69 68 46 12 8 8 6 3 2 2 1 1 1 0 0 0 0 0
"203" 203 0.0229885057471 137 66 60 50 49 43 40 21 17 9 4 1 1 1 1 0 0 0 0 0
"204" 204 0.0456273764259 108 101 63 43 30 29 27 25 23 14 10 9 8 4 4 2 0 0 0 0
"205" 205 0.333333333333 122 73 73 47 33 32 20 19 18 17 16 15 14 1 0 0 0 0 0 0
"206" 206 0.295336787565 104 101 58 46 41 38 18 17 16 14 13 13 11 7 1 1 1 0 0 0
"207" 207 0.00574712643678 211 76 54 39 34 22 20 14 9 9 7 2 1 1 1 0 0 0 0 0
"208" 208 0.37552742616 121 65 46 39 39 32 31 26 25 24 19 15 4 3 3 3 3 2 0 0
"209" 209 0.683937823834 100 99 65 51 38 36 27 26 22 12 12 7 3 1 1 0 0 0 0 0
"210" 210 0.203980099502 108 68 61 41 39 36 29 29 20 19 12 10 9 8 7 3 1 0 0 0
"211" 211 0.00497512437811 213 86 75 33 26 23 9 9 7 7 6 3 2 1 0 0 0 0 0 0
"212" 212 0.576923076923 143 115 62 37 32 28 25 17 12 10 7 7 4 1 0 0 0 0 0 0
"213" 213 0.807692307692 478 22 0 0 0 0 0 0 0 0 0 0 0 0 0 0 0 0 0 0
"214" 214 0.10447761194 198 88 62 57 30 18 16 16 4 3 2 2 2 1 1 0 0 0 0 0
"215" 215 0.881856540084 488 9 1 1 1 0 0 0 0 0 0 0 0 0 0 0 0 0 0 0
