"site" "RSA" "aa1" "aa2" "aa3" "aa4" "aa5" "aa6" "aa7" "aa8" "aa9" "aa10" "aa11" "aa12" "aa13" "aa14" "aa15" "aa16" "aa17" "aa18" "aa19" "aa20"
"0" 0 0.279816513761 264 182 23 14 7 5 2 2 1 0 0 0 0 0 0 0 0 0 0 0
"1" 1 0.42194092827 152 119 41 37 35 25 17 16 15 12 9 7 6 5 3 1 0 0 0 0
"2" 2 0.385057471264 236 157 35 31 20 15 2 2 2 0 0 0 0 0 0 0 0 0 0 0
"3" 3 0.511494252874 177 146 48 47 43 14 13 8 2 1 1 0 0 0 0 0 0 0 0 0
"4" 4 0.476793248945 212 103 54 54 49 21 3 2 1 1 0 0 0 0 0 0 0 0 0 0
"5" 5 0.383928571429 112 96 87 87 51 41 10 6 5 3 1 1 0 0 0 0 0 0 0 0
"6" 6 0.317991631799 112 103 75 61 40 27 24 19 13 10 7 7 2 0 0 0 0 0 0 0
"7" 7 0.675496688742 101 73 56 46 42 37 36 33 28 17 10 9 8 2 1 1 0 0 0 0
"8" 8 0.258620689655 113 88 80 73 51 18 15 14 12 11 9 4 4 3 2 2 1 0 0 0
"9" 9 0.481012658228 496 3 1 0 0 0 0 0 0 0 0 0 0 0 0 0 0 0 0 0
"10" 10 0.423076923077 185 123 87 48 17 12 12 7 6 2 1 0 0 0 0 0 0 0 0 0
"11" 11 0.0288461538462 500 0 0 0 0 0 0 0 0 0 0 0 0 0 0 0 0 0 0 0
"12" 12 0.35401459854 185 142 88 38 14 11 9 7 3 2 1 0 0 0 0 0 0 0 0 0
"13" 13 0.0646766169154 292 62 36 23 22 19 15 8 7 5 4 3 2 2 0 0 0 0 0 0
"14" 14 0.0304568527919 179 174 40 27 24 24 11 6 6 4 2 2 1 0 0 0 0 0 0 0
"15" 15 0.177215189873 199 118 86 34 20 16 9 7 5 3 3 0 0 0 0 0 0 0 0 0
"16" 16 0.00497512437811 276 94 80 11 11 7 6 5 4 4 1 1 0 0 0 0 0 0 0 0
"17" 17 0.0728476821192 194 74 62 49 30 26 21 17 9 8 2 2 2 2 1 1 0 0 0 0
"18" 18 0.0239234449761 297 138 40 20 3 1 1 0 0 0 0 0 0 0 0 0 0 0 0 0
"19" 19 0.635897435897 230 216 44 7 2 1 0 0 0 0 0 0 0 0 0 0 0 0 0 0
"20" 20 0.0529801324503 485 13 2 0 0 0 0 0 0 0 0 0 0 0 0 0 0 0 0 0
"21" 21 0.569230769231 384 45 28 24 7 4 3 2 2 1 0 0 0 0 0 0 0 0 0 0
"22" 22 0.0993377483444 166 107 95 92 16 13 8 2 1 0 0 0 0 0 0 0 0 0 0 0
"23" 23 0.0 225 203 37 11 11 6 4 2 1 0 0 0 0 0 0 0 0 0 0 0
"24" 24 0.510548523207 279 57 42 38 27 21 11 11 7 3 3 1 0 0 0 0 0 0 0 0
"25" 25 0.0639534883721 235 182 38 30 7 3 3 1 1 0 0 0 0 0 0 0 0 0 0 0
"26" 26 0.377483443709 269 80 67 46 13 8 7 7 1 1 1 0 0 0 0 0 0 0 0 0
"27" 27 0.00917431192661 161 130 81 31 31 30 17 9 4 3 2 1 0 0 0 0 0 0 0 0
"28" 28 0.405128205128 163 138 64 34 28 26 17 10 7 4 4 3 1 1 0 0 0 0 0 0
"29" 29 0.0 236 126 104 22 5 3 1 1 1 1 0 0 0 0 0 0 0 0 0 0
"30" 30 0.0205128205128 230 54 35 32 32 26 19 18 11 10 9 9 6 3 3 3 0 0 0 0
"31" 31 0.0 338 74 49 15 11 8 3 1 1 0 0 0 0 0 0 0 0 0 0 0
"32" 32 0.0 414 80 6 0 0 0 0 0 0 0 0 0 0 0 0 0 0 0 0 0
"33" 33 0.00497512437811 203 199 61 17 10 6 2 2 0 0 0 0 0 0 0 0 0 0 0 0
"34" 34 0.0 316 182 2 0 0 0 0 0 0 0 0 0 0 0 0 0 0 0 0 0
"35" 35 0.451476793249 151 137 135 30 17 10 7 6 4 2 1 0 0 0 0 0 0 0 0 0
"36" 36 0.33971291866 294 72 27 24 19 16 12 7 6 6 4 4 4 3 2 0 0 0 0 0
"37" 37 0.190114068441 269 92 78 24 13 7 5 4 3 2 2 1 0 0 0 0 0 0 0 0
"38" 38 0.311787072243 331 81 29 25 12 7 6 5 4 0 0 0 0 0 0 0 0 0 0 0
"39" 39 0.302325581395 469 20 4 3 2 1 1 0 0 0 0 0 0 0 0 0 0 0 0 0
"40" 40 0.596412556054 207 158 99 31 2 1 1 1 0 0 0 0 0 0 0 0 0 0 0 0
"41" 41 0.730569948187 378 56 24 21 13 3 3 1 1 0 0 0 0 0 0 0 0 0 0 0
"42" 42 0.502092050209 435 38 12 12 2 1 0 0 0 0 0 0 0 0 0 0 0 0 0 0
"43" 43 0.899371069182 181 173 146 0 0 0 0 0 0 0 0 0 0 0 0 0 0 0 0 0
"44" 44 0.649635036496 298 76 44 18 18 16 7 7 7 4 3 1 1 0 0 0 0 0 0 0
"45" 45 0.138461538462 263 95 44 33 22 17 17 6 3 0 0 0 0 0 0 0 0 0 0 0
"46" 46 0.53164556962 128 110 80 78 65 19 8 7 2 2 1 0 0 0 0 0 0 0 0 0
"47" 47 0.21897810219 143 129 55 52 40 29 14 13 8 8 4 4 1 0 0 0 0 0 0 0
"48" 48 0.0710659898477 328 87 25 15 9 9 8 7 6 3 2 1 0 0 0 0 0 0 0 0
"49" 49 0.0062893081761 250 237 9 4 0 0 0 0 0 0 0 0 0 0 0 0 0 0 0 0
"50" 50 0.0 386 89 22 2 1 0 0 0 0 0 0 0 0 0 0 0 0 0 0 0
"51" 51 0.0 294 57 55 31 23 21 10 5 3 1 0 0 0 0 0 0 0 0 0 0
"52" 52 0.0 316 92 29 26 17 5 4 3 3 2 2 1 0 0 0 0 0 0 0 0
"53" 53 0.0 186 168 102 29 5 4 2 2 1 1 0 0 0 0 0 0 0 0 0 0
"54" 54 0.0 350 66 32 15 14 10 4 3 2 2 1 1 0 0 0 0 0 0 0 0
"55" 55 0.0 159 142 125 52 10 5 4 1 1 1 0 0 0 0 0 0 0 0 0 0
"56" 56 0.0288461538462 325 159 7 6 3 0 0 0 0 0 0 0 0 0 0 0 0 0 0 0
"57" 57 0.089552238806 84 79 67 46 44 44 43 19 18 17 14 9 8 5 2 1 0 0 0 0
"58" 58 0.470930232558 293 181 17 4 3 1 1 0 0 0 0 0 0 0 0 0 0 0 0 0
"59" 59 0.0822784810127 410 34 15 14 13 6 3 2 2 1 0 0 0 0 0 0 0 0 0 0
"60" 60 0.273255813953 229 63 62 52 26 20 15 14 9 3 3 3 1 0 0 0 0 0 0 0
"61" 61 0.0062893081761 408 34 29 11 9 8 1 0 0 0 0 0 0 0 0 0 0 0 0 0
"62" 62 0.222797927461 237 167 44 11 9 8 7 6 6 2 1 1 1 0 0 0 0 0 0 0
"63" 63 0.215384615385 310 70 43 34 24 5 4 4 2 2 1 1 0 0 0 0 0 0 0 0
"64" 64 0.0 329 108 35 18 3 2 2 1 1 1 0 0 0 0 0 0 0 0 0 0
"65" 65 0.0596026490066 413 37 16 14 9 8 2 1 0 0 0 0 0 0 0 0 0 0 0 0
"66" 66 0.611607142857 143 69 66 61 59 32 30 20 9 7 2 1 1 0 0 0 0 0 0 0
"67" 67 0.396624472574 126 112 89 87 47 24 5 5 3 1 1 0 0 0 0 0 0 0 0 0
"68" 68 0.0 269 88 79 29 21 8 3 2 1 0 0 0 0 0 0 0 0 0 0 0
"69" 69 0.493723849372 333 68 35 20 13 8 7 7 5 3 1 0 0 0 0 0 0 0 0 0
"70" 70 0.0 149 104 96 68 24 22 15 6 5 5 4 1 1 0 0 0 0 0 0 0
"71" 71 0.0717488789238 243 133 30 28 25 22 11 5 2 1 0 0 0 0 0 0 0 0 0 0
"72" 72 0.564853556485 121 91 90 66 48 38 27 7 5 4 3 0 0 0 0 0 0 0 0 0
"73" 73 0.0582959641256 101 93 90 87 63 46 9 7 2 1 1 0 0 0 0 0 0 0 0 0
"74" 74 0.0 469 17 8 5 1 0 0 0 0 0 0 0 0 0 0 0 0 0 0 0
"75" 75 0.0621761658031 422 52 9 7 3 2 2 1 1 1 0 0 0 0 0 0 0 0 0 0
"76" 76 0.535864978903 439 51 3 2 2 1 1 1 0 0 0 0 0 0 0 0 0 0 0 0
"77" 77 0.125475285171 428 63 5 4 0 0 0 0 0 0 0 0 0 0 0 0 0 0 0 0
"78" 78 0.0384615384615 500 0 0 0 0 0 0 0 0 0 0 0 0 0 0 0 0 0 0 0
"79" 79 0.0 431 60 5 3 1 0 0 0 0 0 0 0 0 0 0 0 0 0 0 0
"80" 80 0.0 157 110 101 74 27 16 10 2 1 1 1 0 0 0 0 0 0 0 0 0
"81" 81 0.0 318 105 64 4 4 3 2 0 0 0 0 0 0 0 0 0 0 0 0 0
"82" 82 0.0 366 44 35 34 7 5 4 3 1 1 0 0 0 0 0 0 0 0 0 0
"83" 83 0.0 466 18 9 7 0 0 0 0 0 0 0 0 0 0 0 0 0 0 0 0
"84" 84 0.0 404 31 26 17 15 5 1 1 0 0 0 0 0 0 0 0 0 0 0 0
"85" 85 0.020725388601 222 155 98 19 3 2 1 0 0 0 0 0 0 0 0 0 0 0 0 0
"86" 86 0.0 245 170 61 16 3 2 2 1 0 0 0 0 0 0 0 0 0 0 0 0
"87" 87 0.0 366 59 50 13 12 0 0 0 0 0 0 0 0 0 0 0 0 0 0 0
"88" 88 0.0 261 162 75 2 0 0 0 0 0 0 0 0 0 0 0 0 0 0 0 0
"89" 89 0.259124087591 272 54 51 50 24 20 12 8 4 3 2 0 0 0 0 0 0 0 0 0
"90" 90 0.240384615385 499 1 0 0 0 0 0 0 0 0 0 0 0 0 0 0 0 0 0 0
"91" 91 0.891191709845 191 125 124 42 14 2 2 0 0 0 0 0 0 0 0 0 0 0 0 0
"92" 92 0.522321428571 276 145 22 22 12 8 7 5 1 1 1 0 0 0 0 0 0 0 0 0
"93" 93 0.0459770114943 432 29 15 8 8 3 2 2 1 0 0 0 0 0 0 0 0 0 0 0
"94" 94 0.209302325581 149 94 85 41 27 27 26 16 13 12 3 3 1 1 1 1 0 0 0 0
"95" 95 0.384615384615 195 176 43 42 17 13 9 3 1 1 0 0 0 0 0 0 0 0 0 0
"96" 96 0.0518134715026 281 94 88 19 7 7 2 1 1 0 0 0 0 0 0 0 0 0 0 0
"97" 97 0.685534591195 287 72 65 48 10 10 8 0 0 0 0 0 0 0 0 0 0 0 0 0
"98" 98 0.71875 183 82 68 43 41 35 31 12 4 1 0 0 0 0 0 0 0 0 0 0
"99" 99 0.625 482 17 1 0 0 0 0 0 0 0 0 0 0 0 0 0 0 0 0 0
"100" 100 0.238410596026 311 60 51 37 10 9 9 6 2 2 1 1 1 0 0 0 0 0 0 0
"101" 101 0.521276595745 148 133 114 56 33 10 2 2 1 1 0 0 0 0 0 0 0 0 0 0
"102" 102 0.129533678756 186 100 97 45 24 15 12 11 7 2 1 0 0 0 0 0 0 0 0 0
"103" 103 0.0251046025105 226 83 57 48 19 17 16 15 8 7 2 2 0 0 0 0 0 0 0 0
"104" 104 0.0 492 4 2 1 1 0 0 0 0 0 0 0 0 0 0 0 0 0 0 0
"105" 105 0.188340807175 221 161 49 24 13 9 6 5 4 3 2 2 1 0 0 0 0 0 0 0
"106" 106 0.0 500 0 0 0 0 0 0 0 0 0 0 0 0 0 0 0 0 0 0 0
"107" 107 0.0 304 77 61 29 22 3 3 1 0 0 0 0 0 0 0 0 0 0 0 0
"108" 108 0.00961538461538 403 81 16 0 0 0 0 0 0 0 0 0 0 0 0 0 0 0 0 0
"109" 109 0.00418410041841 123 101 97 54 47 33 29 9 6 1 0 0 0 0 0 0 0 0 0 0
"110" 110 0.0114068441065 203 122 70 36 26 20 17 3 2 1 0 0 0 0 0 0 0 0 0 0
"111" 111 0.00995024875622 279 86 70 22 12 7 6 5 4 3 3 1 1 1 0 0 0 0 0 0
"112" 112 0.128205128205 274 97 41 23 19 14 7 5 4 4 3 2 2 2 2 1 0 0 0 0
"113" 113 0.0232558139535 487 13 0 0 0 0 0 0 0 0 0 0 0 0 0 0 0 0 0 0
"114" 114 0.529069767442 145 103 68 62 37 27 13 12 11 9 7 3 3 0 0 0 0 0 0 0
"115" 115 0.32735426009 170 95 53 48 44 37 18 17 11 3 3 1 0 0 0 0 0 0 0 0
"116" 116 0.6875 419 52 7 7 5 5 4 1 0 0 0 0 0 0 0 0 0 0 0 0
"117" 117 0.490566037736 140 100 84 54 49 48 9 8 3 2 1 1 1 0 0 0 0 0 0 0
"118" 118 0.0950570342205 248 114 105 11 7 5 5 3 1 1 0 0 0 0 0 0 0 0 0 0
"119" 119 0.15503875969 389 45 29 22 5 5 3 1 1 0 0 0 0 0 0 0 0 0 0 0
"120" 120 0.533632286996 333 81 30 25 10 6 6 5 2 2 0 0 0 0 0 0 0 0 0 0
"121" 121 0.0430622009569 465 20 13 1 1 0 0 0 0 0 0 0 0 0 0 0 0 0 0 0
"122" 122 0.00380228136882 420 41 24 12 1 1 1 0 0 0 0 0 0 0 0 0 0 0 0 0
"123" 123 0.206278026906 326 135 22 8 5 3 1 0 0 0 0 0 0 0 0 0 0 0 0 0
"124" 124 0.0 213 155 64 28 18 10 8 3 1 0 0 0 0 0 0 0 0 0 0 0
"125" 125 0.125475285171 227 103 78 40 39 10 2 1 0 0 0 0 0 0 0 0 0 0 0 0
"126" 126 0.295336787565 178 97 81 64 20 17 14 9 6 6 5 3 0 0 0 0 0 0 0 0
"127" 127 0.0 313 137 32 13 2 2 1 0 0 0 0 0 0 0 0 0 0 0 0 0
"128" 128 0.0 208 171 64 21 15 9 3 2 2 2 2 1 0 0 0 0 0 0 0 0
"129" 129 0.0430622009569 319 81 28 22 18 14 8 8 1 1 0 0 0 0 0 0 0 0 0 0
"130" 130 0.447257383966 401 42 41 9 6 1 0 0 0 0 0 0 0 0 0 0 0 0 0 0
"131" 131 0.138392857143 254 122 88 27 6 2 1 0 0 0 0 0 0 0 0 0 0 0 0 0
"132" 132 0.0 377 52 25 15 13 12 2 2 2 0 0 0 0 0 0 0 0 0 0 0
"133" 133 0.0 287 76 57 17 17 11 8 8 7 6 4 2 0 0 0 0 0 0 0 0
"134" 134 0.547085201794 302 112 36 25 12 5 3 2 2 1 0 0 0 0 0 0 0 0 0 0
"135" 135 0.209302325581 193 126 89 51 11 9 9 5 3 1 1 1 1 0 0 0 0 0 0 0
"136" 136 0.0 393 40 24 18 8 4 4 4 2 2 1 0 0 0 0 0 0 0 0 0
"137" 137 0.274611398964 246 147 40 24 15 11 7 4 2 1 1 1 1 0 0 0 0 0 0 0
"138" 138 0.602649006623 167 143 59 43 31 26 19 8 2 1 1 0 0 0 0 0 0 0 0 0
"139" 139 0.363636363636 251 71 53 41 34 25 17 3 2 2 1 0 0 0 0 0 0 0 0 0
"140" 140 0.167364016736 255 101 74 29 20 7 6 3 1 1 1 1 1 0 0 0 0 0 0 0
"141" 141 0.512820512821 330 113 30 19 2 2 2 1 1 0 0 0 0 0 0 0 0 0 0 0
"142" 142 0.392405063291 405 47 37 10 1 0 0 0 0 0 0 0 0 0 0 0 0 0 0 0
"143" 143 0.0248756218905 225 178 41 24 9 6 5 4 4 2 1 1 0 0 0 0 0 0 0 0
"144" 144 0.0673575129534 491 4 4 1 0 0 0 0 0 0 0 0 0 0 0 0 0 0 0 0
"145" 145 0.0 342 90 63 3 2 0 0 0 0 0 0 0 0 0 0 0 0 0 0 0
"146" 146 0.318407960199 298 48 42 39 23 14 10 9 8 8 1 0 0 0 0 0 0 0 0 0
"147" 147 0.518134715026 118 104 79 73 49 30 11 8 7 7 6 4 3 1 0 0 0 0 0 0
"148" 148 0.112820512821 109 100 72 51 49 42 25 20 19 7 3 2 1 0 0 0 0 0 0 0
"149" 149 0.0 282 97 80 28 6 4 3 0 0 0 0 0 0 0 0 0 0 0 0 0
"150" 150 0.0 260 229 8 3 0 0 0 0 0 0 0 0 0 0 0 0 0 0 0 0
"151" 151 0.0 332 119 35 5 4 2 2 1 0 0 0 0 0 0 0 0 0 0 0 0
"152" 152 0.0 269 172 24 8 7 6 6 4 2 1 1 0 0 0 0 0 0 0 0 0
"153" 153 0.0 500 0 0 0 0 0 0 0 0 0 0 0 0 0 0 0 0 0 0 0
"154" 154 0.0430622009569 354 59 18 12 9 9 9 9 5 5 5 3 3 0 0 0 0 0 0 0
"155" 155 0.0264900662252 432 42 9 7 5 2 1 1 1 0 0 0 0 0 0 0 0 0 0 0
"156" 156 0.0 353 66 27 27 5 5 5 3 2 2 2 1 1 1 0 0 0 0 0 0
"157" 157 0.0 500 0 0 0 0 0 0 0 0 0 0 0 0 0 0 0 0 0 0 0
"158" 158 0.0 500 0 0 0 0 0 0 0 0 0 0 0 0 0 0 0 0 0 0 0
"159" 159 0.00380228136882 352 51 27 20 9 8 8 6 6 3 3 3 2 2 0 0 0 0 0 0
"160" 160 0.0192307692308 199 173 55 49 11 8 2 1 1 1 0 0 0 0 0 0 0 0 0 0
"161" 161 0.0 348 147 5 0 0 0 0 0 0 0 0 0 0 0 0 0 0 0 0 0
"162" 162 0.010152284264 154 117 82 54 48 18 15 4 3 3 2 0 0 0 0 0 0 0 0 0
"163" 163 0.0189873417722 164 112 70 39 28 26 20 12 11 5 4 4 3 1 1 0 0 0 0 0
"164" 164 0.00961538461538 201 175 64 16 13 9 8 8 2 2 1 1 0 0 0 0 0 0 0 0
"165" 165 0.0152091254753 290 105 59 20 16 10 0 0 0 0 0 0 0 0 0 0 0 0 0 0
"166" 166 0.00995024875622 306 65 56 32 9 6 6 5 5 5 3 1 1 0 0 0 0 0 0 0
"167" 167 0.291139240506 188 160 40 30 30 26 8 4 4 3 2 2 2 1 0 0 0 0 0 0
"168" 168 0.125 239 150 70 21 7 5 4 3 1 0 0 0 0 0 0 0 0 0 0 0
"169" 169 0.041825095057 253 195 19 16 8 3 3 1 1 1 0 0 0 0 0 0 0 0 0 0
"170" 170 0.794701986755 160 93 62 46 37 33 27 11 9 8 7 5 1 1 0 0 0 0 0 0
"171" 171 0.567307692308 174 144 97 41 24 9 5 3 2 1 0 0 0 0 0 0 0 0 0 0
"172" 172 0.518987341772 421 20 14 14 9 6 5 3 3 3 2 0 0 0 0 0 0 0 0 0
"173" 173 0.189781021898 347 92 21 18 8 3 3 2 2 2 1 1 0 0 0 0 0 0 0 0
"174" 174 0.0380228136882 359 121 17 3 0 0 0 0 0 0 0 0 0 0 0 0 0 0 0 0
"175" 175 0.447257383966 160 79 69 69 51 20 18 15 9 5 2 1 1 1 0 0 0 0 0 0
"176" 176 0.00662251655629 473 14 9 2 1 1 0 0 0 0 0 0 0 0 0 0 0 0 0 0
"177" 177 0.0 479 16 4 1 0 0 0 0 0 0 0 0 0 0 0 0 0 0 0 0
"178" 178 0.0 497 2 1 0 0 0 0 0 0 0 0 0 0 0 0 0 0 0 0 0
"179" 179 0.0 461 36 3 0 0 0 0 0 0 0 0 0 0 0 0 0 0 0 0 0
"180" 180 0.0 407 45 29 14 3 2 0 0 0 0 0 0 0 0 0 0 0 0 0 0
"181" 181 0.0 401 69 21 7 1 1 0 0 0 0 0 0 0 0 0 0 0 0 0 0
"182" 182 0.0 412 43 32 11 2 0 0 0 0 0 0 0 0 0 0 0 0 0 0 0
"183" 183 0.0 264 164 29 21 6 5 3 2 2 1 1 1 1 0 0 0 0 0 0 0
"184" 184 0.00574712643678 190 127 79 39 24 23 12 2 2 1 1 0 0 0 0 0 0 0 0 0
"185" 185 0.0820512820513 413 24 22 15 13 10 1 1 1 0 0 0 0 0 0 0 0 0 0 0
"186" 186 0.0062893081761 111 106 103 48 47 29 15 10 9 8 6 3 3 2 0 0 0 0 0 0
"187" 187 0.0993377483444 274 37 36 33 31 22 20 17 13 4 4 4 3 1 1 0 0 0 0 0
"188" 188 0.564102564103 475 22 2 1 0 0 0 0 0 0 0 0 0 0 0 0 0 0 0 0
"189" 189 0.00574712643678 211 170 62 28 15 12 1 1 0 0 0 0 0 0 0 0 0 0 0 0
"190" 190 0.389937106918 441 35 23 1 0 0 0 0 0 0 0 0 0 0 0 0 0 0 0 0
"191" 191 0.0602836879433 369 37 35 23 16 11 6 1 1 1 0 0 0 0 0 0 0 0 0 0
"192" 192 0.0 500 0 0 0 0 0 0 0 0 0 0 0 0 0 0 0 0 0 0 0
"193" 193 0.313901345291 399 70 12 10 5 2 1 1 0 0 0 0 0 0 0 0 0 0 0 0
"194" 194 0.26582278481 390 66 34 6 2 1 1 0 0 0 0 0 0 0 0 0 0 0 0 0
"195" 195 0.0 250 76 63 45 19 18 9 7 6 3 3 1 0 0 0 0 0 0 0 0
"196" 196 0.00418410041841 218 92 60 32 21 20 17 11 8 8 4 3 3 3 0 0 0 0 0 0
"197" 197 0.544303797468 243 82 68 39 26 18 8 6 3 3 2 1 1 0 0 0 0 0 0 0
"198" 198 0.201923076923 134 121 99 28 20 19 19 12 12 12 8 5 4 3 2 1 1 0 0 0
"199" 199 0.0 235 211 50 4 0 0 0 0 0 0 0 0 0 0 0 0 0 0 0 0
"200" 200 0.0746268656716 277 170 26 10 5 4 4 2 1 1 0 0 0 0 0 0 0 0 0 0
"201" 201 0.346153846154 499 1 0 0 0 0 0 0 0 0 0 0 0 0 0 0 0 0 0 0
"202" 202 0.803571428571 450 28 14 6 2 0 0 0 0 0 0 0 0 0 0 0 0 0 0 0
"203" 203 0.152482269504 500 0 0 0 0 0 0 0 0 0 0 0 0 0 0 0 0 0 0 0
"204" 204 0.544642857143 146 119 79 61 45 19 15 11 2 2 1 0 0 0 0 0 0 0 0 0
"205" 205 0.410852713178 131 115 62 49 45 37 29 19 8 3 2 0 0 0 0 0 0 0 0 0
"206" 206 0.110266159696 272 130 46 31 21 0 0 0 0 0 0 0 0 0 0 0 0 0 0 0
"207" 207 0.0 210 122 48 41 30 28 6 5 5 4 1 0 0 0 0 0 0 0 0 0
"208" 208 0.0 331 125 18 11 4 4 2 2 1 1 1 0 0 0 0 0 0 0 0 0
"209" 209 0.0696202531646 215 104 104 25 24 13 5 4 3 2 1 0 0 0 0 0 0 0 0 0
"210" 210 0.293532338308 205 120 82 30 22 12 9 8 7 3 1 1 0 0 0 0 0 0 0 0
"211" 211 0.124378109453 335 63 31 30 19 14 2 2 1 1 1 1 0 0 0 0 0 0 0 0
"212" 212 0.00507614213198 172 120 53 53 36 18 14 13 11 5 4 1 0 0 0 0 0 0 0 0
"213" 213 0.42194092827 184 111 61 51 39 21 9 8 7 5 2 2 0 0 0 0 0 0 0 0
"214" 214 0.738461538462 185 149 124 18 11 10 2 1 0 0 0 0 0 0 0 0 0 0 0 0
"215" 215 0.182741116751 373 65 42 7 7 2 1 1 1 1 0 0 0 0 0 0 0 0 0 0
"216" 216 0.777372262774 429 37 17 5 4 4 2 1 1 0 0 0 0 0 0 0 0 0 0 0
"217" 217 0.143540669856 448 46 2 1 1 1 1 0 0 0 0 0 0 0 0 0 0 0 0 0
"218" 218 0.402298850575 291 68 47 17 17 16 9 9 7 6 5 3 2 2 1 0 0 0 0 0
"219" 219 0.576923076923 500 0 0 0 0 0 0 0 0 0 0 0 0 0 0 0 0 0 0 0
"220" 220 0.699481865285 193 182 111 8 6 0 0 0 0 0 0 0 0 0 0 0 0 0 0 0
"221" 221 0.238341968912 181 95 47 47 23 19 15 14 14 12 11 6 5 4 4 2 1 0 0 0
"222" 222 0.310218978102 242 109 52 30 21 19 5 4 4 4 3 3 1 1 1 1 0 0 0 0
"223" 223 0.010152284264 378 89 14 12 2 1 1 1 1 1 0 0 0 0 0 0 0 0 0 0
"224" 224 0.0248756218905 221 89 73 31 29 23 10 9 8 2 1 1 1 1 1 0 0 0 0 0
"225" 225 0.00507614213198 129 124 74 63 48 28 18 7 5 2 1 1 0 0 0 0 0 0 0 0
"226" 226 0.0143540669856 345 75 47 30 2 1 0 0 0 0 0 0 0 0 0 0 0 0 0 0
"227" 227 0.00574712643678 304 102 51 37 5 1 0 0 0 0 0 0 0 0 0 0 0 0 0 0
"228" 228 0.0 500 0 0 0 0 0 0 0 0 0 0 0 0 0 0 0 0 0 0 0
"229" 229 0.295336787565 165 92 86 45 28 25 21 11 10 7 6 2 1 1 0 0 0 0 0 0
"230" 230 0.41059602649 365 43 37 19 12 10 6 4 2 1 1 0 0 0 0 0 0 0 0 0
"231" 231 0.0310880829016 399 72 21 7 1 0 0 0 0 0 0 0 0 0 0 0 0 0 0 0
"232" 232 0.566037735849 400 63 17 11 4 3 1 1 0 0 0 0 0 0 0 0 0 0 0 0
"233" 233 0.255230125523 250 103 74 21 17 9 7 6 4 4 2 2 1 0 0 0 0 0 0 0
"234" 234 0.0746268656716 206 131 68 28 22 19 8 8 5 4 1 0 0 0 0 0 0 0 0 0
"235" 235 0.75 162 97 59 37 35 31 30 25 16 5 3 0 0 0 0 0 0 0 0 0
"236" 236 0.482142857143 174 172 42 36 24 18 13 6 4 4 4 1 1 1 0 0 0 0 0 0
"237" 237 0.0430622009569 238 193 26 23 10 4 4 2 0 0 0 0 0 0 0 0 0 0 0 0
"238" 238 0.0 454 20 12 5 4 2 1 1 1 0 0 0 0 0 0 0 0 0 0 0
"239" 239 0.291139240506 171 129 87 40 33 12 10 7 4 4 1 1 1 0 0 0 0 0 0 0
"240" 240 0.0062893081761 152 141 126 24 15 12 9 6 5 5 3 1 1 0 0 0 0 0 0 0
"241" 241 0.379464285714 162 136 55 43 41 28 12 9 8 2 2 2 0 0 0 0 0 0 0 0
"242" 242 0.203980099502 301 56 54 24 22 14 7 6 5 4 3 2 1 1 0 0 0 0 0 0
"243" 243 0.0149253731343 201 151 73 27 26 9 3 3 3 2 1 1 0 0 0 0 0 0 0 0
"244" 244 0.388059701493 193 100 48 38 30 23 23 14 13 5 4 4 3 1 1 0 0 0 0 0
"245" 245 0.526785714286 170 162 43 34 30 25 10 8 6 5 2 2 1 1 1 0 0 0 0 0
"246" 246 0.062015503876 187 156 31 31 27 24 16 9 8 4 3 3 1 0 0 0 0 0 0 0
"247" 247 0.0172413793103 219 91 85 73 15 6 5 2 1 1 1 1 0 0 0 0 0 0 0 0
"248" 248 0.544303797468 123 108 65 55 55 40 24 13 7 6 2 1 1 0 0 0 0 0 0 0
"249" 249 0.798449612403 467 33 0 0 0 0 0 0 0 0 0 0 0 0 0 0 0 0 0 0
"250" 250 0.191860465116 305 58 43 24 16 16 10 9 6 5 4 3 1 0 0 0 0 0 0 0
"251" 251 0.350993377483 314 82 60 17 14 4 4 3 1 1 0 0 0 0 0 0 0 0 0 0
"252" 252 0.0 230 226 31 7 4 1 1 0 0 0 0 0 0 0 0 0 0 0 0 0
"253" 253 0.340807174888 227 95 41 32 32 28 26 10 4 3 1 1 0 0 0 0 0 0 0 0
"254" 254 0.632124352332 459 41 0 0 0 0 0 0 0 0 0 0 0 0 0 0 0 0 0 0
"255" 255 0.247148288973 367 56 47 29 1 0 0 0 0 0 0 0 0 0 0 0 0 0 0 0
"256" 256 0.051724137931 294 61 36 33 19 19 13 8 6 4 3 1 1 1 1 0 0 0 0 0
"257" 257 0.236607142857 293 88 49 30 13 12 9 2 2 1 1 0 0 0 0 0 0 0 0 0
"258" 258 0.233502538071 231 106 49 40 31 28 7 3 2 2 1 0 0 0 0 0 0 0 0 0
"259" 259 0.299578059072 277 89 45 27 23 14 10 7 3 3 1 1 0 0 0 0 0 0 0 0
"260" 260 0.409282700422 227 72 54 50 37 25 12 7 6 6 1 1 1 1 0 0 0 0 0 0
"261" 261 0.166666666667 374 31 30 22 13 9 7 7 3 3 1 0 0 0 0 0 0 0 0 0
"262" 262 0.751196172249 117 115 79 47 34 27 24 21 11 8 8 4 3 1 1 0 0 0 0 0
"263" 263 0.413461538462 500 0 0 0 0 0 0 0 0 0 0 0 0 0 0 0 0 0 0 0
"264" 264 0.251046025105 354 62 52 14 5 4 3 2 2 1 1 0 0 0 0 0 0 0 0 0
"265" 265 0.424870466321 367 64 34 16 5 4 4 2 2 2 0 0 0 0 0 0 0 0 0 0
"266" 266 0.124401913876 219 154 76 23 21 4 3 0 0 0 0 0 0 0 0 0 0 0 0 0
"267" 267 0.251655629139 447 22 10 7 7 3 2 2 0 0 0 0 0 0 0 0 0 0 0 0
"268" 268 0.0760456273764 229 209 33 15 8 5 1 0 0 0 0 0 0 0 0 0 0 0 0 0
"269" 269 0.726235741445 242 67 48 41 27 26 24 10 7 4 3 1 0 0 0 0 0 0 0 0
"270" 270 0.00418410041841 229 220 22 21 4 3 1 0 0 0 0 0 0 0 0 0 0 0 0 0
"271" 271 0.0 319 85 50 21 6 4 3 3 3 3 1 1 1 0 0 0 0 0 0 0
"272" 272 0.0728476821192 303 76 51 41 18 8 2 1 0 0 0 0 0 0 0 0 0 0 0 0
"273" 273 0.395348837209 252 115 69 14 13 11 8 6 4 3 2 2 1 0 0 0 0 0 0 0
"274" 274 0.125523012552 212 161 74 45 4 1 1 1 1 0 0 0 0 0 0 0 0 0 0 0
"275" 275 0.00574712643678 168 101 89 78 21 16 15 7 5 0 0 0 0 0 0 0 0 0 0 0
"276" 276 0.333333333333 323 107 32 18 6 6 4 2 1 1 0 0 0 0 0 0 0 0 0 0
"277" 277 0.325892857143 206 119 71 21 19 17 16 14 4 3 3 3 2 1 1 0 0 0 0 0
"278" 278 0.0 221 166 32 30 17 14 11 6 2 1 0 0 0 0 0 0 0 0 0 0
"279" 279 0.0 313 184 3 0 0 0 0 0 0 0 0 0 0 0 0 0 0 0 0 0
"280" 280 0.428571428571 285 114 37 28 26 6 1 1 1 1 0 0 0 0 0 0 0 0 0 0
"281" 281 0.10460251046 430 40 26 1 1 1 1 0 0 0 0 0 0 0 0 0 0 0 0 0
"282" 282 0.0 450 43 4 3 0 0 0 0 0 0 0 0 0 0 0 0 0 0 0 0
"283" 283 0.0 500 0 0 0 0 0 0 0 0 0 0 0 0 0 0 0 0 0 0 0
"284" 284 0.503649635036 265 111 43 33 16 11 10 5 4 1 1 0 0 0 0 0 0 0 0 0
"285" 285 0.292307692308 135 92 49 45 43 40 23 22 16 15 11 4 3 2 0 0 0 0 0 0
"286" 286 0.0398009950249 346 74 53 10 8 5 2 1 1 0 0 0 0 0 0 0 0 0 0 0
"287" 287 0.596153846154 444 45 4 3 2 2 0 0 0 0 0 0 0 0 0 0 0 0 0 0
"288" 288 0.238805970149 470 11 10 5 3 1 0 0 0 0 0 0 0 0 0 0 0 0 0 0
"289" 289 0.609137055838 412 55 12 12 6 2 1 0 0 0 0 0 0 0 0 0 0 0 0 0
