"site" "RSA" "aa1" "aa2" "aa3" "aa4" "aa5" "aa6" "aa7" "aa8" "aa9" "aa10" "aa11" "aa12" "aa13" "aa14" "aa15" "aa16" "aa17" "aa18" "aa19" "aa20"
"0" 0 0.645348837209 236 123 77 20 19 15 5 2 2 1 0 0 0 0 0 0 0 0 0 0
"1" 1 0.451923076923 500 0 0 0 0 0 0 0 0 0 0 0 0 0 0 0 0 0 0 0
"2" 2 0.788461538462 500 0 0 0 0 0 0 0 0 0 0 0 0 0 0 0 0 0 0 0
"3" 3 0.743119266055 186 147 74 71 10 8 2 2 0 0 0 0 0 0 0 0 0 0 0 0
"4" 4 0.519379844961 232 72 48 31 23 19 18 15 12 11 8 7 4 0 0 0 0 0 0 0
"5" 5 0.0993377483444 300 133 34 26 3 2 1 1 0 0 0 0 0 0 0 0 0 0 0 0
"6" 6 0.704641350211 366 45 34 21 17 7 4 3 2 1 0 0 0 0 0 0 0 0 0 0
"7" 7 0.187943262411 181 138 73 35 22 17 13 12 4 2 1 1 1 0 0 0 0 0 0 0
"8" 8 0.0829015544041 226 199 35 30 6 2 1 1 0 0 0 0 0 0 0 0 0 0 0 0
"9" 9 0.533632286996 276 103 78 25 9 6 2 1 0 0 0 0 0 0 0 0 0 0 0 0
"10" 10 0.362869198312 173 90 57 45 39 33 29 12 9 6 4 2 1 0 0 0 0 0 0 0
"11" 11 0.0 374 69 57 0 0 0 0 0 0 0 0 0 0 0 0 0 0 0 0 0
"12" 12 0.0137614678899 299 66 61 19 18 11 8 8 5 2 1 1 1 0 0 0 0 0 0 0
"13" 13 0.259067357513 324 63 41 23 22 18 4 3 2 0 0 0 0 0 0 0 0 0 0 0
"14" 14 0.0761421319797 238 110 64 40 24 12 4 3 3 2 0 0 0 0 0 0 0 0 0 0
"15" 15 0.0 491 9 0 0 0 0 0 0 0 0 0 0 0 0 0 0 0 0 0 0
"16" 16 0.174904942966 114 98 87 46 37 34 30 25 13 9 4 3 0 0 0 0 0 0 0 0
"17" 17 0.424107142857 299 131 49 15 3 1 1 1 0 0 0 0 0 0 0 0 0 0 0 0
"18" 18 0.0714285714286 294 123 79 4 0 0 0 0 0 0 0 0 0 0 0 0 0 0 0 0
"19" 19 0.0077519379845 493 7 0 0 0 0 0 0 0 0 0 0 0 0 0 0 0 0 0 0
"20" 20 0.243781094527 167 130 61 59 36 19 18 10 0 0 0 0 0 0 0 0 0 0 0 0
"21" 21 0.358208955224 375 86 27 6 3 1 1 1 0 0 0 0 0 0 0 0 0 0 0 0
"22" 22 0.0 277 223 0 0 0 0 0 0 0 0 0 0 0 0 0 0 0 0 0 0
"23" 23 0.212927756654 475 19 2 2 2 0 0 0 0 0 0 0 0 0 0 0 0 0 0 0
"24" 24 0.679324894515 168 111 97 79 36 4 2 2 1 0 0 0 0 0 0 0 0 0 0 0
"25" 25 0.464285714286 231 223 9 9 7 7 4 4 2 2 1 1 0 0 0 0 0 0 0 0
"26" 26 0.307692307692 500 0 0 0 0 0 0 0 0 0 0 0 0 0 0 0 0 0 0 0
"27" 27 0.0 413 75 9 3 0 0 0 0 0 0 0 0 0 0 0 0 0 0 0 0
"28" 28 0.0 415 33 32 8 4 4 3 1 0 0 0 0 0 0 0 0 0 0 0 0
"29" 29 0.0188679245283 496 4 0 0 0 0 0 0 0 0 0 0 0 0 0 0 0 0 0 0
"30" 30 0.0355329949239 158 132 63 49 45 26 10 9 4 2 1 1 0 0 0 0 0 0 0 0
"31" 31 0.0 500 0 0 0 0 0 0 0 0 0 0 0 0 0 0 0 0 0 0 0
"32" 32 0.0 500 0 0 0 0 0 0 0 0 0 0 0 0 0 0 0 0 0 0 0
"33" 33 0.0 237 188 75 0 0 0 0 0 0 0 0 0 0 0 0 0 0 0 0 0
"34" 34 0.0 394 58 44 4 0 0 0 0 0 0 0 0 0 0 0 0 0 0 0 0
"35" 35 0.0 152 147 127 41 16 10 6 1 0 0 0 0 0 0 0 0 0 0 0 0
"36" 36 0.174358974359 312 100 38 35 14 1 0 0 0 0 0 0 0 0 0 0 0 0 0 0
"37" 37 0.158974358974 173 115 85 67 21 14 9 8 4 4 0 0 0 0 0 0 0 0 0 0
"38" 38 0.666666666667 252 76 71 26 13 12 11 11 11 7 4 4 1 1 0 0 0 0 0 0
"39" 39 0.435233160622 284 112 37 24 16 8 6 5 5 2 1 0 0 0 0 0 0 0 0 0
"40" 40 0.0 499 1 0 0 0 0 0 0 0 0 0 0 0 0 0 0 0 0 0 0
"41" 41 0.35761589404 224 96 48 40 26 20 18 13 6 4 4 1 0 0 0 0 0 0 0 0
"42" 42 0.316091954023 239 102 48 39 32 23 6 6 2 2 1 0 0 0 0 0 0 0 0 0
"43" 43 0.238805970149 479 19 1 1 0 0 0 0 0 0 0 0 0 0 0 0 0 0 0 0
"44" 44 0.0769230769231 500 0 0 0 0 0 0 0 0 0 0 0 0 0 0 0 0 0 0 0
"45" 45 0.310218978102 306 167 17 4 4 1 1 0 0 0 0 0 0 0 0 0 0 0 0 0
"46" 46 0.00961538461538 500 0 0 0 0 0 0 0 0 0 0 0 0 0 0 0 0 0 0 0
"47" 47 0.0813397129187 490 7 2 1 0 0 0 0 0 0 0 0 0 0 0 0 0 0 0 0
"48" 48 0.0 289 142 44 23 1 1 0 0 0 0 0 0 0 0 0 0 0 0 0 0
"49" 49 0.174311926606 375 32 29 23 20 11 3 2 2 1 1 1 0 0 0 0 0 0 0 0
"50" 50 0.0948905109489 316 71 61 31 6 4 2 2 2 2 1 1 1 0 0 0 0 0 0 0
"51" 51 0.330543933054 128 115 114 89 21 16 9 5 1 1 1 0 0 0 0 0 0 0 0 0
"52" 52 0.255605381166 307 47 45 39 14 12 11 9 6 4 2 1 1 1 1 0 0 0 0 0
"53" 53 0.57805907173 139 127 103 44 35 28 14 5 2 2 1 0 0 0 0 0 0 0 0 0
"54" 54 0.682692307692 405 95 0 0 0 0 0 0 0 0 0 0 0 0 0 0 0 0 0 0
"55" 55 0.12582781457 471 10 5 4 3 3 2 1 1 0 0 0 0 0 0 0 0 0 0 0
"56" 56 0.565891472868 338 54 45 17 16 11 7 5 3 2 1 1 0 0 0 0 0 0 0 0
"57" 57 0.482558139535 365 76 31 15 10 1 1 1 0 0 0 0 0 0 0 0 0 0 0 0
"58" 58 0.119402985075 156 123 62 58 58 24 6 5 3 3 1 1 0 0 0 0 0 0 0 0
"59" 59 0.0717703349282 349 76 38 31 4 1 1 0 0 0 0 0 0 0 0 0 0 0 0 0
"60" 60 0.00961538461538 434 65 1 0 0 0 0 0 0 0 0 0 0 0 0 0 0 0 0 0
"61" 61 0.0357142857143 269 90 74 49 9 4 4 1 0 0 0 0 0 0 0 0 0 0 0 0
"62" 62 0.147208121827 242 119 58 16 15 14 9 8 7 5 5 1 1 0 0 0 0 0 0 0
"63" 63 0.0264900662252 381 89 15 10 2 2 1 0 0 0 0 0 0 0 0 0 0 0 0 0
"64" 64 0.0 441 59 0 0 0 0 0 0 0 0 0 0 0 0 0 0 0 0 0 0
"65" 65 0.0746268656716 324 65 38 35 19 8 7 3 1 0 0 0 0 0 0 0 0 0 0 0
"66" 66 0.598214285714 133 98 75 68 41 37 27 10 5 4 1 1 0 0 0 0 0 0 0 0
"67" 67 0.471794871795 470 13 10 7 0 0 0 0 0 0 0 0 0 0 0 0 0 0 0 0
"68" 68 0.113924050633 390 99 10 1 0 0 0 0 0 0 0 0 0 0 0 0 0 0 0 0
"69" 69 0.384615384615 500 0 0 0 0 0 0 0 0 0 0 0 0 0 0 0 0 0 0 0
"70" 70 0.930656934307 357 90 42 5 3 3 0 0 0 0 0 0 0 0 0 0 0 0 0 0
"71" 71 0.278606965174 470 14 14 2 0 0 0 0 0 0 0 0 0 0 0 0 0 0 0 0
"72" 72 0.65625 297 82 31 29 25 23 8 3 1 1 0 0 0 0 0 0 0 0 0 0
"73" 73 0.317307692308 179 153 61 28 18 13 13 10 6 5 5 4 4 1 0 0 0 0 0 0
"74" 74 0.64135021097 246 148 39 30 18 10 5 2 1 1 0 0 0 0 0 0 0 0 0 0
"75" 75 0.137931034483 275 122 32 24 24 13 6 1 1 1 1 0 0 0 0 0 0 0 0 0
"76" 76 0.0152091254753 294 201 5 0 0 0 0 0 0 0 0 0 0 0 0 0 0 0 0 0
"77" 77 0.451476793249 360 31 20 16 15 15 13 12 9 3 2 2 1 1 0 0 0 0 0 0
"78" 78 0.341968911917 166 113 102 56 54 7 1 1 0 0 0 0 0 0 0 0 0 0 0 0
"79" 79 0.0 392 102 6 0 0 0 0 0 0 0 0 0 0 0 0 0 0 0 0 0
"80" 80 0.0 217 114 110 23 15 10 10 1 0 0 0 0 0 0 0 0 0 0 0 0
"81" 81 0.0 257 229 8 3 1 1 1 0 0 0 0 0 0 0 0 0 0 0 0 0
"82" 82 0.0 235 137 73 50 3 2 0 0 0 0 0 0 0 0 0 0 0 0 0 0
"83" 83 0.0 268 198 23 6 1 1 1 1 1 0 0 0 0 0 0 0 0 0 0 0
"84" 84 0.0348837209302 401 99 0 0 0 0 0 0 0 0 0 0 0 0 0 0 0 0 0 0
"85" 85 0.0199004975124 251 205 19 12 6 5 2 0 0 0 0 0 0 0 0 0 0 0 0 0
"86" 86 0.0132450331126 283 216 1 0 0 0 0 0 0 0 0 0 0 0 0 0 0 0 0 0
"87" 87 0.0 161 151 123 60 2 1 1 1 0 0 0 0 0 0 0 0 0 0 0 0
"88" 88 0.113924050633 413 47 40 0 0 0 0 0 0 0 0 0 0 0 0 0 0 0 0 0
"89" 89 0.533678756477 407 21 20 13 11 9 9 7 1 1 1 0 0 0 0 0 0 0 0 0
"90" 90 0.366972477064 160 143 52 31 30 24 22 11 10 7 6 4 0 0 0 0 0 0 0 0
"91" 91 0.0 421 32 29 12 2 2 1 1 0 0 0 0 0 0 0 0 0 0 0 0
"92" 92 0.00581395348837 455 39 5 1 0 0 0 0 0 0 0 0 0 0 0 0 0 0 0 0
"93" 93 0.307692307692 156 109 80 74 28 21 20 5 5 1 1 0 0 0 0 0 0 0 0 0
"94" 94 0.116279069767 281 39 38 22 19 19 17 15 10 10 8 6 5 5 2 2 2 0 0 0
"95" 95 0.0 292 87 64 21 12 12 5 3 2 2 0 0 0 0 0 0 0 0 0 0
"96" 96 0.0964467005076 202 104 100 89 3 2 0 0 0 0 0 0 0 0 0 0 0 0 0 0
"97" 97 0.577981651376 310 47 44 40 29 12 6 6 4 2 0 0 0 0 0 0 0 0 0 0
"98" 98 0.296577946768 163 156 154 27 0 0 0 0 0 0 0 0 0 0 0 0 0 0 0 0
"99" 99 0.211538461538 169 162 105 34 18 5 3 2 2 0 0 0 0 0 0 0 0 0 0 0
"100" 100 0.0 451 43 6 0 0 0 0 0 0 0 0 0 0 0 0 0 0 0 0 0
"101" 101 0.251572327044 228 111 55 42 30 18 7 5 4 0 0 0 0 0 0 0 0 0 0 0
"102" 102 0.0401459854015 390 55 17 14 7 7 4 2 1 1 1 1 0 0 0 0 0 0 0 0
"103" 103 0.00632911392405 178 127 70 67 50 4 3 1 0 0 0 0 0 0 0 0 0 0 0 0
"104" 104 0.00574712643678 201 169 46 31 17 12 7 5 4 3 3 2 0 0 0 0 0 0 0 0
"105" 105 0.0 406 44 27 12 6 3 1 1 0 0 0 0 0 0 0 0 0 0 0 0
"106" 106 0.0 500 0 0 0 0 0 0 0 0 0 0 0 0 0 0 0 0 0 0 0
"107" 107 0.00446428571429 486 14 0 0 0 0 0 0 0 0 0 0 0 0 0 0 0 0 0 0
"108" 108 0.210256410256 311 184 2 2 1 0 0 0 0 0 0 0 0 0 0 0 0 0 0 0
"109" 109 0.5 335 72 26 24 19 11 8 2 1 1 1 0 0 0 0 0 0 0 0 0
"110" 110 0.174358974359 386 85 9 8 5 4 2 1 0 0 0 0 0 0 0 0 0 0 0 0
"111" 111 0.154811715481 391 106 3 0 0 0 0 0 0 0 0 0 0 0 0 0 0 0 0 0
"112" 112 0.481012658228 138 119 93 76 59 8 4 3 0 0 0 0 0 0 0 0 0 0 0 0
"113" 113 0.139072847682 498 2 0 0 0 0 0 0 0 0 0 0 0 0 0 0 0 0 0 0
"114" 114 0.746835443038 212 154 111 22 1 0 0 0 0 0 0 0 0 0 0 0 0 0 0 0
"115" 115 0.0 499 1 0 0 0 0 0 0 0 0 0 0 0 0 0 0 0 0 0 0
"116" 116 0.0580357142857 214 189 30 26 18 13 3 2 2 2 1 0 0 0 0 0 0 0 0 0
"117" 117 0.523206751055 217 196 35 34 12 3 2 1 0 0 0 0 0 0 0 0 0 0 0 0
"118" 118 0.410646387833 363 55 38 14 14 12 3 1 0 0 0 0 0 0 0 0 0 0 0 0
"119" 119 0.0 494 4 1 1 0 0 0 0 0 0 0 0 0 0 0 0 0 0 0 0
"120" 120 0.385650224215 264 117 107 11 1 0 0 0 0 0 0 0 0 0 0 0 0 0 0 0
"121" 121 0.593023255814 427 36 23 4 4 2 1 1 1 1 0 0 0 0 0 0 0 0 0 0
"122" 122 0.463503649635 355 88 28 22 2 2 2 1 0 0 0 0 0 0 0 0 0 0 0 0
"123" 123 0.673076923077 500 0 0 0 0 0 0 0 0 0 0 0 0 0 0 0 0 0 0 0
"124" 124 0.105263157895 457 34 7 2 0 0 0 0 0 0 0 0 0 0 0 0 0 0 0 0
"125" 125 0.205357142857 308 81 69 16 14 4 3 3 1 1 0 0 0 0 0 0 0 0 0 0
"126" 126 0.172413793103 499 1 0 0 0 0 0 0 0 0 0 0 0 0 0 0 0 0 0 0
"127" 127 0.241379310345 363 45 35 21 15 7 7 6 1 0 0 0 0 0 0 0 0 0 0 0
"128" 128 0.316091954023 364 46 44 31 8 6 1 0 0 0 0 0 0 0 0 0 0 0 0 0
"129" 129 0.385057471264 178 152 72 26 26 18 9 8 6 2 1 1 1 0 0 0 0 0 0 0
"130" 130 0.388601036269 371 79 29 15 3 2 1 0 0 0 0 0 0 0 0 0 0 0 0 0
"131" 131 0.0880829015544 321 111 56 6 2 2 1 1 0 0 0 0 0 0 0 0 0 0 0 0
"132" 132 0.401785714286 291 66 52 27 26 19 10 8 1 0 0 0 0 0 0 0 0 0 0 0
"133" 133 0.346715328467 182 125 108 64 8 5 5 2 1 0 0 0 0 0 0 0 0 0 0 0
"134" 134 0.0316455696203 205 170 121 4 0 0 0 0 0 0 0 0 0 0 0 0 0 0 0 0
"135" 135 0.139240506329 343 55 49 34 8 6 3 2 0 0 0 0 0 0 0 0 0 0 0 0
"136" 136 0.620253164557 179 166 63 51 14 9 8 5 3 2 0 0 0 0 0 0 0 0 0 0
"137" 137 0.0746268656716 499 1 0 0 0 0 0 0 0 0 0 0 0 0 0 0 0 0 0 0
"138" 138 0.0183486238532 437 21 13 12 5 4 4 2 1 1 0 0 0 0 0 0 0 0 0 0
"139" 139 0.379746835443 218 128 88 46 8 8 1 1 1 1 0 0 0 0 0 0 0 0 0 0
"140" 140 0.434977578475 266 145 56 11 9 6 3 2 1 1 0 0 0 0 0 0 0 0 0 0
"141" 141 0.0 328 159 13 0 0 0 0 0 0 0 0 0 0 0 0 0 0 0 0 0
"142" 142 0.152284263959 374 51 35 15 10 6 3 2 2 1 1 0 0 0 0 0 0 0 0 0
"143" 143 0.518134715026 150 134 127 71 6 5 4 1 1 1 0 0 0 0 0 0 0 0 0 0
"144" 144 0.424107142857 333 151 5 5 2 2 2 0 0 0 0 0 0 0 0 0 0 0 0 0
"145" 145 0.229927007299 388 102 7 3 0 0 0 0 0 0 0 0 0 0 0 0 0 0 0 0
"146" 146 0.352201257862 373 57 40 26 3 1 0 0 0 0 0 0 0 0 0 0 0 0 0 0
"147" 147 0.57399103139 242 193 36 24 2 2 1 0 0 0 0 0 0 0 0 0 0 0 0 0
"148" 148 0.217616580311 245 215 24 7 5 2 1 1 0 0 0 0 0 0 0 0 0 0 0 0
"149" 149 0.0390070921986 241 107 91 26 16 7 5 2 2 1 1 1 0 0 0 0 0 0 0 0
"150" 150 0.338912133891 234 121 67 31 26 15 4 2 0 0 0 0 0 0 0 0 0 0 0 0
"151" 151 0.433035714286 226 149 40 35 20 15 9 3 3 0 0 0 0 0 0 0 0 0 0 0
"152" 152 0.020725388601 257 101 80 44 6 5 4 2 1 0 0 0 0 0 0 0 0 0 0 0
"153" 153 0.218274111675 214 183 60 26 8 5 2 1 1 0 0 0 0 0 0 0 0 0 0 0
"154" 154 0.625 376 124 0 0 0 0 0 0 0 0 0 0 0 0 0 0 0 0 0 0
"155" 155 0.71875 290 120 33 21 18 16 2 0 0 0 0 0 0 0 0 0 0 0 0 0
