"site" "RSA" "aa1" "aa2" "aa3" "aa4" "aa5" "aa6" "aa7" "aa8" "aa9" "aa10" "aa11" "aa12" "aa13" "aa14" "aa15" "aa16" "aa17" "aa18" "aa19" "aa20"
"0" 0 0.816513761468 118 89 67 42 37 35 27 26 25 17 7 4 3 2 1 0 0 0 0 0
"1" 1 0.384105960265 179 92 63 50 45 30 25 8 4 3 1 0 0 0 0 0 0 0 0 0
"2" 2 0.312820512821 117 102 75 59 52 33 22 15 9 6 4 2 2 1 1 0 0 0 0 0
"3" 3 0.0 380 82 33 4 1 0 0 0 0 0 0 0 0 0 0 0 0 0 0 0
"4" 4 0.121338912134 329 131 37 2 1 0 0 0 0 0 0 0 0 0 0 0 0 0 0 0
"5" 5 0.0 148 91 64 57 56 38 18 10 5 4 4 2 2 1 0 0 0 0 0 0
"6" 6 0.238341968912 137 126 67 47 43 23 22 11 11 10 2 1 0 0 0 0 0 0 0 0
"7" 7 0.0152284263959 398 44 22 11 10 5 5 4 1 0 0 0 0 0 0 0 0 0 0 0
"8" 8 0.0988372093023 215 142 67 25 19 8 6 5 4 3 3 2 1 0 0 0 0 0 0 0
"9" 9 0.320675105485 165 105 78 46 31 23 21 10 7 4 3 2 2 1 1 1 0 0 0 0
"10" 10 0.589743589744 315 56 49 29 18 12 7 5 3 2 2 2 0 0 0 0 0 0 0 0
"11" 11 0.576923076923 494 6 0 0 0 0 0 0 0 0 0 0 0 0 0 0 0 0 0 0
"12" 12 0.434108527132 130 104 89 71 38 32 21 6 5 2 1 1 0 0 0 0 0 0 0 0
"13" 13 0.74213836478 227 116 64 34 18 11 11 8 6 3 1 1 0 0 0 0 0 0 0 0
"14" 14 0.278606965174 356 49 36 17 13 10 7 7 2 2 1 0 0 0 0 0 0 0 0 0
"15" 15 0.269230769231 500 0 0 0 0 0 0 0 0 0 0 0 0 0 0 0 0 0 0 0
"16" 16 0.290697674419 127 112 106 56 39 28 19 6 6 1 0 0 0 0 0 0 0 0 0 0
"17" 17 0.0 256 110 72 36 13 12 1 0 0 0 0 0 0 0 0 0 0 0 0 0
"18" 18 0.354430379747 274 117 80 11 9 3 2 2 1 1 0 0 0 0 0 0 0 0 0 0
"19" 19 0.0 261 148 39 24 23 2 1 1 1 0 0 0 0 0 0 0 0 0 0 0
"20" 20 0.354430379747 217 182 61 24 10 4 2 0 0 0 0 0 0 0 0 0 0 0 0 0
"21" 21 0.0696517412935 486 13 1 0 0 0 0 0 0 0 0 0 0 0 0 0 0 0 0 0
"22" 22 0.196652719665 293 102 96 9 0 0 0 0 0 0 0 0 0 0 0 0 0 0 0 0
"23" 23 0.0984455958549 169 101 65 54 38 37 21 4 4 4 2 1 0 0 0 0 0 0 0 0
"24" 24 0.875647668394 125 124 58 55 53 41 15 10 8 5 3 1 1 1 0 0 0 0 0 0
"25" 25 0.183908045977 216 140 29 26 26 26 10 8 7 6 2 2 1 1 0 0 0 0 0 0
"26" 26 0.0 474 13 6 4 2 1 0 0 0 0 0 0 0 0 0 0 0 0 0 0
"27" 27 0.396226415094 226 79 60 40 26 26 12 10 7 7 4 2 1 0 0 0 0 0 0 0
"28" 28 0.573839662447 257 86 76 29 12 12 7 6 5 4 3 2 1 0 0 0 0 0 0 0
"29" 29 0.0 143 108 70 40 29 23 21 20 16 12 7 7 3 1 0 0 0 0 0 0
"30" 30 0.0 498 2 0 0 0 0 0 0 0 0 0 0 0 0 0 0 0 0 0 0
"31" 31 0.279069767442 244 160 39 32 9 7 3 3 1 1 1 0 0 0 0 0 0 0 0 0
"32" 32 0.0 227 179 46 23 7 6 6 3 1 1 1 0 0 0 0 0 0 0 0 0
"33" 33 0.0 335 62 61 27 9 3 1 1 1 0 0 0 0 0 0 0 0 0 0 0
"34" 34 0.0912408759124 384 54 40 11 4 4 3 0 0 0 0 0 0 0 0 0 0 0 0 0
"35" 35 0.031007751938 193 137 74 33 14 14 9 7 7 4 4 3 1 0 0 0 0 0 0 0
"36" 36 0.00497512437811 496 4 0 0 0 0 0 0 0 0 0 0 0 0 0 0 0 0 0 0
"37" 37 0.0126582278481 357 102 13 9 8 5 2 2 1 1 0 0 0 0 0 0 0 0 0 0
"38" 38 0.302325581395 192 150 54 52 29 9 6 3 2 2 1 0 0 0 0 0 0 0 0 0
"39" 39 0.278846153846 498 2 0 0 0 0 0 0 0 0 0 0 0 0 0 0 0 0 0 0
"40" 40 0.589285714286 233 88 75 68 16 5 5 4 3 3 0 0 0 0 0 0 0 0 0 0
"41" 41 0.485232067511 354 29 27 26 17 15 14 7 6 2 2 1 0 0 0 0 0 0 0 0
"42" 42 0.701923076923 500 0 0 0 0 0 0 0 0 0 0 0 0 0 0 0 0 0 0 0
"43" 43 0.238493723849 448 39 3 3 3 1 1 1 1 0 0 0 0 0 0 0 0 0 0 0
"44" 44 0.105769230769 500 0 0 0 0 0 0 0 0 0 0 0 0 0 0 0 0 0 0 0
"45" 45 0.0 363 78 40 13 6 0 0 0 0 0 0 0 0 0 0 0 0 0 0 0
"46" 46 0.511627906977 235 77 59 58 33 21 10 7 0 0 0 0 0 0 0 0 0 0 0 0
"47" 47 0.336538461538 498 2 0 0 0 0 0 0 0 0 0 0 0 0 0 0 0 0 0 0
"48" 48 0.046357615894 336 129 22 13 0 0 0 0 0 0 0 0 0 0 0 0 0 0 0 0
"49" 49 0.191387559809 189 62 51 46 40 37 29 13 10 7 7 4 3 1 1 0 0 0 0 0
"50" 50 0.0 369 103 10 8 5 3 1 1 0 0 0 0 0 0 0 0 0 0 0 0
"51" 51 0.11961722488 283 142 61 7 4 1 1 1 0 0 0 0 0 0 0 0 0 0 0 0
"52" 52 0.361313868613 352 71 30 15 7 7 4 4 3 2 2 2 1 0 0 0 0 0 0 0
"53" 53 0.00574712643678 317 171 9 2 1 0 0 0 0 0 0 0 0 0 0 0 0 0 0 0
"54" 54 0.121827411168 260 98 94 17 9 6 4 4 3 3 2 0 0 0 0 0 0 0 0 0
"55" 55 0.301886792453 480 12 3 2 2 1 0 0 0 0 0 0 0 0 0 0 0 0 0 0
"56" 56 0.663212435233 323 168 4 2 2 1 0 0 0 0 0 0 0 0 0 0 0 0 0 0
"57" 57 0.192468619247 266 102 52 51 14 5 5 2 2 1 0 0 0 0 0 0 0 0 0 0
"58" 58 0.0137614678899 313 129 34 16 3 2 2 1 0 0 0 0 0 0 0 0 0 0 0 0
"59" 59 0.0 338 77 31 28 12 10 2 2 0 0 0 0 0 0 0 0 0 0 0 0
"60" 60 0.139013452915 264 66 39 31 30 24 19 11 10 3 1 1 1 0 0 0 0 0 0 0
"61" 61 0.0 467 32 1 0 0 0 0 0 0 0 0 0 0 0 0 0 0 0 0 0
"62" 62 0.0 500 0 0 0 0 0 0 0 0 0 0 0 0 0 0 0 0 0 0 0
"63" 63 0.0103626943005 500 0 0 0 0 0 0 0 0 0 0 0 0 0 0 0 0 0 0 0
"64" 64 0.188284518828 396 78 21 3 1 1 0 0 0 0 0 0 0 0 0 0 0 0 0 0
"65" 65 0.488372093023 257 145 47 12 11 8 8 6 3 2 1 0 0 0 0 0 0 0 0 0
"66" 66 0.364341085271 188 94 76 46 36 17 15 7 6 4 4 3 2 2 0 0 0 0 0 0
"67" 67 0.201923076923 227 120 78 63 5 3 3 1 0 0 0 0 0 0 0 0 0 0 0 0
"68" 68 0.502564102564 171 121 103 26 20 16 13 10 9 4 3 2 1 1 0 0 0 0 0 0
"69" 69 0.298076923077 500 0 0 0 0 0 0 0 0 0 0 0 0 0 0 0 0 0 0 0
"70" 70 0.651162790698 142 129 59 51 41 21 15 11 11 6 5 4 3 2 0 0 0 0 0 0
"71" 71 0.173076923077 499 1 0 0 0 0 0 0 0 0 0 0 0 0 0 0 0 0 0 0
"72" 72 0.182692307692 500 0 0 0 0 0 0 0 0 0 0 0 0 0 0 0 0 0 0 0
"73" 73 0.35864978903 214 150 56 36 17 13 10 3 1 0 0 0 0 0 0 0 0 0 0 0
"74" 74 0.0198675496689 497 1 1 1 0 0 0 0 0 0 0 0 0 0 0 0 0 0 0 0
"75" 75 0.203045685279 349 72 50 16 12 1 0 0 0 0 0 0 0 0 0 0 0 0 0 0
"76" 76 0.406844106464 149 98 56 54 46 46 19 9 9 6 4 2 1 1 0 0 0 0 0 0
"77" 77 0.355769230769 500 0 0 0 0 0 0 0 0 0 0 0 0 0 0 0 0 0 0 0
"78" 78 0.573643410853 125 119 69 58 38 37 16 14 12 5 4 3 0 0 0 0 0 0 0 0
"79" 79 0.514767932489 282 82 45 31 20 12 10 10 4 2 1 1 0 0 0 0 0 0 0 0
"80" 80 0.100418410042 247 77 64 39 31 13 10 8 4 4 2 1 0 0 0 0 0 0 0 0
"81" 81 0.449612403101 192 72 53 47 46 35 21 16 9 3 2 2 1 1 0 0 0 0 0 0
"82" 82 0.124352331606 197 132 106 37 15 6 2 2 1 1 1 0 0 0 0 0 0 0 0 0
"83" 83 0.236607142857 325 52 35 30 22 19 5 4 3 2 2 1 0 0 0 0 0 0 0 0
"84" 84 0.235897435897 284 103 52 43 10 3 2 1 1 1 0 0 0 0 0 0 0 0 0 0
"85" 85 0.334728033473 267 207 21 4 1 0 0 0 0 0 0 0 0 0 0 0 0 0 0 0
"86" 86 0.587443946188 203 65 52 51 45 21 20 17 10 7 4 3 2 0 0 0 0 0 0 0
"87" 87 0.218905472637 456 29 10 2 1 1 1 0 0 0 0 0 0 0 0 0 0 0 0 0
"88" 88 0.552742616034 215 161 69 14 13 12 6 4 3 2 1 0 0 0 0 0 0 0 0 0
"89" 89 0.0 488 5 4 2 1 0 0 0 0 0 0 0 0 0 0 0 0 0 0 0
"90" 90 0.420512820513 434 36 15 5 4 2 2 1 1 0 0 0 0 0 0 0 0 0 0 0
"91" 91 0.324894514768 253 81 77 52 14 10 9 3 1 0 0 0 0 0 0 0 0 0 0 0
"92" 92 0.37106918239 257 81 75 53 26 3 3 2 0 0 0 0 0 0 0 0 0 0 0 0
"93" 93 0.0192307692308 500 0 0 0 0 0 0 0 0 0 0 0 0 0 0 0 0 0 0 0
"94" 94 0.0199004975124 469 11 9 4 2 2 2 1 0 0 0 0 0 0 0 0 0 0 0 0
"95" 95 0.0 290 168 17 7 6 4 4 3 1 0 0 0 0 0 0 0 0 0 0 0
"96" 96 0.0 480 14 4 1 1 0 0 0 0 0 0 0 0 0 0 0 0 0 0 0
"97" 97 0.0 197 118 81 62 35 2 2 2 1 0 0 0 0 0 0 0 0 0 0 0
"98" 98 0.062015503876 285 101 37 35 20 15 4 2 1 0 0 0 0 0 0 0 0 0 0 0
"99" 99 0.225641025641 391 56 34 13 3 3 0 0 0 0 0 0 0 0 0 0 0 0 0 0
"100" 100 0.635658914729 174 71 58 48 36 35 27 21 19 3 3 3 1 1 0 0 0 0 0 0
"101" 101 0.240384615385 498 1 1 0 0 0 0 0 0 0 0 0 0 0 0 0 0 0 0 0
"102" 102 0.654088050314 227 212 23 19 7 4 3 2 1 1 1 0 0 0 0 0 0 0 0 0
"103" 103 0.476923076923 482 6 6 5 1 0 0 0 0 0 0 0 0 0 0 0 0 0 0 0
"104" 104 0.156976744186 322 84 45 11 10 7 5 4 4 4 4 0 0 0 0 0 0 0 0 0
"105" 105 0.0 185 129 78 49 14 13 11 11 4 3 1 1 1 0 0 0 0 0 0 0
"106" 106 0.0961538461538 342 89 39 20 4 3 2 1 0 0 0 0 0 0 0 0 0 0 0 0
"107" 107 0.00662251655629 490 9 1 0 0 0 0 0 0 0 0 0 0 0 0 0 0 0 0 0
"108" 108 0.103139013453 95 89 78 53 42 37 32 30 15 10 9 8 2 0 0 0 0 0 0 0
"109" 109 0.0 391 70 37 1 1 0 0 0 0 0 0 0 0 0 0 0 0 0 0 0
"110" 110 0.0209205020921 257 210 27 3 2 1 0 0 0 0 0 0 0 0 0 0 0 0 0 0
"111" 111 0.0 355 70 37 12 11 11 1 1 1 1 0 0 0 0 0 0 0 0 0 0
"112" 112 0.0 404 56 21 5 4 4 3 2 1 0 0 0 0 0 0 0 0 0 0 0
"113" 113 0.0988372093023 375 97 17 5 3 2 1 0 0 0 0 0 0 0 0 0 0 0 0 0
"114" 114 0.252873563218 294 143 25 18 16 2 1 1 0 0 0 0 0 0 0 0 0 0 0 0
"115" 115 0.390804597701 275 167 19 16 11 7 2 2 1 0 0 0 0 0 0 0 0 0 0 0
"116" 116 0.0 344 41 36 21 20 13 12 9 2 1 1 0 0 0 0 0 0 0 0 0
"117" 117 0.403973509934 291 63 57 40 28 7 4 4 3 2 1 0 0 0 0 0 0 0 0 0
"118" 118 0.535460992908 113 108 106 89 46 10 10 9 4 4 1 0 0 0 0 0 0 0 0 0
"119" 119 0.089552238806 234 149 61 26 24 3 2 1 0 0 0 0 0 0 0 0 0 0 0 0
"120" 120 0.238341968912 431 30 20 8 5 4 1 1 0 0 0 0 0 0 0 0 0 0 0 0
"121" 121 0.413461538462 499 1 0 0 0 0 0 0 0 0 0 0 0 0 0 0 0 0 0 0
"122" 122 0.540084388186 241 119 102 13 11 6 4 3 1 0 0 0 0 0 0 0 0 0 0 0
"123" 123 0.157894736842 497 3 0 0 0 0 0 0 0 0 0 0 0 0 0 0 0 0 0 0
"124" 124 0.0 251 119 83 38 5 4 0 0 0 0 0 0 0 0 0 0 0 0 0 0
"125" 125 0.0172413793103 337 127 19 11 3 1 1 1 0 0 0 0 0 0 0 0 0 0 0 0
"126" 126 0.0 394 94 3 3 2 2 1 1 0 0 0 0 0 0 0 0 0 0 0 0
"127" 127 0.0 500 0 0 0 0 0 0 0 0 0 0 0 0 0 0 0 0 0 0 0
"128" 128 0.205357142857 193 105 93 72 21 10 5 1 0 0 0 0 0 0 0 0 0 0 0 0
"129" 129 0.0862068965517 179 117 96 94 6 5 3 0 0 0 0 0 0 0 0 0 0 0 0 0
"130" 130 0.380710659898 223 140 82 16 15 13 7 4 0 0 0 0 0 0 0 0 0 0 0 0
"131" 131 0.481865284974 171 77 49 43 42 40 35 31 6 3 1 1 1 0 0 0 0 0 0 0
"132" 132 0.0288461538462 500 0 0 0 0 0 0 0 0 0 0 0 0 0 0 0 0 0 0 0
"133" 133 0.238532110092 132 104 79 48 42 27 19 19 18 9 3 0 0 0 0 0 0 0 0 0
"134" 134 0.625641025641 142 128 113 52 18 17 12 12 3 2 1 0 0 0 0 0 0 0 0 0
"135" 135 0.0287356321839 467 8 7 6 5 3 2 2 0 0 0 0 0 0 0 0 0 0 0 0
"136" 136 0.0 181 149 54 27 23 21 15 10 9 5 5 1 0 0 0 0 0 0 0 0
"137" 137 0.544303797468 92 85 82 64 41 36 34 28 24 6 4 2 1 1 0 0 0 0 0 0
"138" 138 0.255813953488 159 130 66 49 29 22 10 9 8 6 5 4 2 1 0 0 0 0 0 0
"139" 139 0.0 391 44 30 26 3 2 2 1 1 0 0 0 0 0 0 0 0 0 0 0
"140" 140 0.129464285714 478 17 3 1 1 0 0 0 0 0 0 0 0 0 0 0 0 0 0 0
"141" 141 0.488372093023 170 139 116 24 15 10 6 5 5 4 3 2 1 0 0 0 0 0 0 0
"142" 142 0.138392857143 146 106 82 32 27 26 20 18 16 13 10 2 1 1 0 0 0 0 0 0
"143" 143 0.0192307692308 500 0 0 0 0 0 0 0 0 0 0 0 0 0 0 0 0 0 0 0
"144" 144 0.165562913907 448 32 12 6 1 1 0 0 0 0 0 0 0 0 0 0 0 0 0 0
"145" 145 0.721153846154 255 120 89 22 4 4 3 1 1 1 0 0 0 0 0 0 0 0 0 0
"146" 146 0.562913907285 356 82 26 15 8 8 4 1 0 0 0 0 0 0 0 0 0 0 0 0
"147" 147 0.0192307692308 500 0 0 0 0 0 0 0 0 0 0 0 0 0 0 0 0 0 0 0
"148" 148 0.64135021097 222 80 68 60 30 8 6 6 6 5 4 2 2 1 0 0 0 0 0 0
"149" 149 0.188679245283 304 141 26 12 7 5 3 1 1 0 0 0 0 0 0 0 0 0 0 0
"150" 150 0.700729927007 336 83 19 19 18 9 5 4 3 2 2 0 0 0 0 0 0 0 0 0
"151" 151 0.0993377483444 192 80 80 52 28 25 12 12 9 4 3 1 1 1 0 0 0 0 0 0
"152" 152 0.368613138686 247 77 33 29 22 18 17 17 16 8 7 5 2 1 1 0 0 0 0 0
"153" 153 0.0 331 123 16 12 5 4 4 3 1 1 0 0 0 0 0 0 0 0 0 0
"154" 154 0.236607142857 267 95 55 29 25 13 7 5 2 1 1 0 0 0 0 0 0 0 0 0
"155" 155 0.0 458 11 8 8 5 4 3 1 1 1 0 0 0 0 0 0 0 0 0 0
"156" 156 0.356589147287 154 85 67 51 41 30 20 19 14 9 7 1 1 1 0 0 0 0 0 0
"157" 157 0.523206751055 223 156 43 23 15 14 10 8 4 3 1 0 0 0 0 0 0 0 0 0
"158" 158 0.107594936709 491 7 2 0 0 0 0 0 0 0 0 0 0 0 0 0 0 0 0 0
"159" 159 0.0769230769231 500 0 0 0 0 0 0 0 0 0 0 0 0 0 0 0 0 0 0 0
"160" 160 0.367816091954 236 225 10 10 6 5 4 2 2 0 0 0 0 0 0 0 0 0 0 0
"161" 161 0.645569620253 168 132 88 33 17 16 14 10 6 6 3 3 2 1 1 0 0 0 0 0
