"site" "RSA" "aa1" "aa2" "aa3" "aa4" "aa5" "aa6" "aa7" "aa8" "aa9" "aa10" "aa11" "aa12" "aa13" "aa14" "aa15" "aa16" "aa17" "aa18" "aa19" "aa20"
"0" 0 0.317880794702 479 17 4 0 0 0 0 0 0 0 0 0 0 0 0 0 0 0 0 0
"1" 1 0.00507614213198 353 71 23 17 14 7 4 4 3 3 1 0 0 0 0 0 0 0 0 0
"2" 2 0.0 305 179 14 1 1 0 0 0 0 0 0 0 0 0 0 0 0 0 0 0
"3" 3 0.10460251046 294 127 15 14 13 11 10 5 3 3 2 2 1 0 0 0 0 0 0 0
"4" 4 0.269035532995 170 121 89 87 22 10 1 0 0 0 0 0 0 0 0 0 0 0 0 0
"5" 5 0.709844559585 101 86 78 55 52 51 47 23 4 2 1 0 0 0 0 0 0 0 0 0
"6" 6 0.5 228 107 97 23 18 13 7 4 1 1 1 0 0 0 0 0 0 0 0 0
"7" 7 0.421524663677 183 136 86 54 21 16 2 1 1 0 0 0 0 0 0 0 0 0 0 0
"8" 8 0.0348258706468 380 41 35 29 10 4 1 0 0 0 0 0 0 0 0 0 0 0 0 0
"9" 9 0.403846153846 391 57 18 17 5 5 3 2 1 1 0 0 0 0 0 0 0 0 0 0
"10" 10 0.0174418604651 489 8 3 0 0 0 0 0 0 0 0 0 0 0 0 0 0 0 0 0
"11" 11 0.574358974359 454 30 12 2 1 1 0 0 0 0 0 0 0 0 0 0 0 0 0 0
"12" 12 0.459119496855 215 158 67 34 10 6 6 3 1 0 0 0 0 0 0 0 0 0 0 0
"13" 13 0.0232558139535 342 83 54 9 5 4 3 0 0 0 0 0 0 0 0 0 0 0 0 0
"14" 14 0.629464285714 330 70 57 22 7 4 4 3 2 1 0 0 0 0 0 0 0 0 0 0
"15" 15 0.28855721393 301 184 13 1 1 0 0 0 0 0 0 0 0 0 0 0 0 0 0 0
"16" 16 0.119496855346 111 95 87 86 40 34 12 10 9 6 5 4 1 0 0 0 0 0 0 0
"17" 17 0.704402515723 273 116 60 36 8 5 2 0 0 0 0 0 0 0 0 0 0 0 0 0
"18" 18 0.119402985075 380 61 47 7 3 2 0 0 0 0 0 0 0 0 0 0 0 0 0 0
"19" 19 0.522012578616 207 152 72 16 15 9 8 6 5 3 3 3 1 0 0 0 0 0 0 0
"20" 20 0.133079847909 239 71 55 53 29 27 13 4 3 2 1 1 1 1 0 0 0 0 0 0
"21" 21 0.355769230769 200 86 86 84 29 5 5 2 2 1 0 0 0 0 0 0 0 0 0 0
"22" 22 0.281368821293 147 114 112 63 29 15 7 7 4 1 1 0 0 0 0 0 0 0 0 0
"23" 23 0.559585492228 283 166 25 20 2 2 1 1 0 0 0 0 0 0 0 0 0 0 0 0
"24" 24 0.248062015504 334 159 4 1 1 1 0 0 0 0 0 0 0 0 0 0 0 0 0 0
"25" 25 0.0 409 56 31 1 1 1 1 0 0 0 0 0 0 0 0 0 0 0 0 0
"26" 26 0.352678571429 294 88 39 25 15 14 13 6 5 1 0 0 0 0 0 0 0 0 0 0
"27" 27 0.476793248945 159 118 96 72 14 9 7 6 5 4 4 3 2 1 0 0 0 0 0 0
"28" 28 0.0 220 206 58 14 2 0 0 0 0 0 0 0 0 0 0 0 0 0 0 0
"29" 29 0.0253807106599 264 145 29 19 18 16 4 1 1 1 1 1 0 0 0 0 0 0 0 0
"30" 30 0.0829015544041 467 15 8 6 3 1 0 0 0 0 0 0 0 0 0 0 0 0 0 0
"31" 31 0.0697674418605 419 55 17 6 2 1 0 0 0 0 0 0 0 0 0 0 0 0 0 0
"32" 32 0.495535714286 315 72 56 28 16 9 3 1 0 0 0 0 0 0 0 0 0 0 0 0
"33" 33 0.0116279069767 179 136 130 16 13 13 9 3 1 0 0 0 0 0 0 0 0 0 0 0
"34" 34 0.0045871559633 294 66 32 26 25 17 10 10 8 7 4 1 0 0 0 0 0 0 0 0
"35" 35 0.434599156118 259 94 77 33 14 10 9 2 1 1 0 0 0 0 0 0 0 0 0 0
"36" 36 0.407960199005 158 138 94 49 31 10 7 4 3 3 2 1 0 0 0 0 0 0 0 0
"37" 37 0.0191387559809 454 15 8 8 6 5 3 1 0 0 0 0 0 0 0 0 0 0 0 0
"38" 38 0.0334928229665 480 19 1 0 0 0 0 0 0 0 0 0 0 0 0 0 0 0 0 0
"39" 39 0.326424870466 136 84 62 49 47 45 41 16 6 4 3 3 2 1 1 0 0 0 0 0
"40" 40 0.599156118143 320 108 56 7 7 1 1 0 0 0 0 0 0 0 0 0 0 0 0 0
"41" 41 0.311004784689 441 31 16 4 4 2 1 1 0 0 0 0 0 0 0 0 0 0 0 0
"42" 42 0.0 497 1 1 1 0 0 0 0 0 0 0 0 0 0 0 0 0 0 0 0
"43" 43 0.124031007752 274 154 42 7 6 5 5 5 1 1 0 0 0 0 0 0 0 0 0 0
"44" 44 0.294573643411 210 99 74 43 24 16 14 9 5 4 1 1 0 0 0 0 0 0 0 0
"45" 45 0.102661596958 479 15 5 1 0 0 0 0 0 0 0 0 0 0 0 0 0 0 0 0
"46" 46 0.0229885057471 418 32 20 9 8 6 4 2 1 0 0 0 0 0 0 0 0 0 0 0
"47" 47 0.471794871795 317 112 37 19 5 4 3 3 0 0 0 0 0 0 0 0 0 0 0 0
"48" 48 0.369230769231 281 110 87 7 5 4 3 2 1 0 0 0 0 0 0 0 0 0 0 0
"49" 49 0.00497512437811 484 14 2 0 0 0 0 0 0 0 0 0 0 0 0 0 0 0 0 0
"50" 50 0.14358974359 278 136 55 19 6 5 1 0 0 0 0 0 0 0 0 0 0 0 0 0
"51" 51 0.441025641026 256 116 48 44 12 11 10 3 0 0 0 0 0 0 0 0 0 0 0 0
"52" 52 0.0232558139535 394 53 20 19 9 3 2 0 0 0 0 0 0 0 0 0 0 0 0 0
"53" 53 0.00995024875622 494 5 1 0 0 0 0 0 0 0 0 0 0 0 0 0 0 0 0 0
"54" 54 0.599156118143 362 32 25 22 19 11 10 9 7 3 0 0 0 0 0 0 0 0 0 0
"55" 55 0.603375527426 201 121 65 42 26 19 9 6 6 3 1 1 0 0 0 0 0 0 0 0
"56" 56 0.167464114833 363 73 44 8 5 4 2 1 0 0 0 0 0 0 0 0 0 0 0 0
"57" 57 0.471698113208 238 111 102 31 8 8 2 0 0 0 0 0 0 0 0 0 0 0 0 0
"58" 58 0.549107142857 191 111 90 49 34 12 6 6 1 0 0 0 0 0 0 0 0 0 0 0
"59" 59 0.114427860697 317 176 7 0 0 0 0 0 0 0 0 0 0 0 0 0 0 0 0 0
"60" 60 0.224215246637 411 37 28 18 3 1 1 1 0 0 0 0 0 0 0 0 0 0 0 0
"61" 61 0.815384615385 178 113 98 87 14 5 3 1 1 0 0 0 0 0 0 0 0 0 0 0
"62" 62 0.271523178808 148 142 117 37 34 11 4 2 2 1 1 1 0 0 0 0 0 0 0 0
"63" 63 0.0529801324503 313 60 59 49 14 5 0 0 0 0 0 0 0 0 0 0 0 0 0 0
"64" 64 0.00574712643678 447 46 4 2 1 0 0 0 0 0 0 0 0 0 0 0 0 0 0 0
"65" 65 0.0 499 1 0 0 0 0 0 0 0 0 0 0 0 0 0 0 0 0 0 0
"66" 66 0.325581395349 148 144 82 73 19 14 10 5 2 1 1 1 0 0 0 0 0 0 0 0
"67" 67 0.0298507462687 481 9 4 3 1 1 1 0 0 0 0 0 0 0 0 0 0 0 0 0
"68" 68 0.0149253731343 493 7 0 0 0 0 0 0 0 0 0 0 0 0 0 0 0 0 0 0
"69" 69 0.43795620438 218 146 58 30 19 12 8 8 1 0 0 0 0 0 0 0 0 0 0 0
"70" 70 0.419689119171 183 172 62 52 13 5 3 3 3 3 1 0 0 0 0 0 0 0 0 0
"71" 71 0.129353233831 490 6 1 1 1 1 0 0 0 0 0 0 0 0 0 0 0 0 0 0
"72" 72 0.682051282051 338 66 49 20 13 10 3 1 0 0 0 0 0 0 0 0 0 0 0 0
"73" 73 0.509933774834 172 134 75 48 34 14 9 9 4 1 0 0 0 0 0 0 0 0 0 0
"74" 74 0.0 474 24 1 1 0 0 0 0 0 0 0 0 0 0 0 0 0 0 0 0
"75" 75 0.220125786164 188 156 56 21 21 15 15 10 7 6 2 2 1 0 0 0 0 0 0 0
"76" 76 0.709821428571 253 236 7 4 0 0 0 0 0 0 0 0 0 0 0 0 0 0 0 0
"77" 77 0.549222797927 183 79 71 69 51 38 6 2 1 0 0 0 0 0 0 0 0 0 0 0
"78" 78 0.0152284263959 383 49 30 25 7 2 1 1 1 1 0 0 0 0 0 0 0 0 0 0
"79" 79 0.259124087591 306 192 2 0 0 0 0 0 0 0 0 0 0 0 0 0 0 0 0 0
"80" 80 0.517441860465 366 116 11 4 1 1 1 0 0 0 0 0 0 0 0 0 0 0 0 0
"81" 81 0.308139534884 207 136 79 27 20 19 5 4 2 1 0 0 0 0 0 0 0 0 0 0
"82" 82 0.0 486 7 5 1 1 0 0 0 0 0 0 0 0 0 0 0 0 0 0 0
"83" 83 0.332116788321 340 145 11 2 1 1 0 0 0 0 0 0 0 0 0 0 0 0 0 0
"84" 84 0.317948717949 291 106 41 40 15 4 2 1 0 0 0 0 0 0 0 0 0 0 0 0
"85" 85 0.0871794871795 461 27 6 5 1 0 0 0 0 0 0 0 0 0 0 0 0 0 0 0
"86" 86 0.00961538461538 500 0 0 0 0 0 0 0 0 0 0 0 0 0 0 0 0 0 0 0
"87" 87 0.00961538461538 500 0 0 0 0 0 0 0 0 0 0 0 0 0 0 0 0 0 0 0
"88" 88 0.0 480 10 6 2 2 0 0 0 0 0 0 0 0 0 0 0 0 0 0 0
"89" 89 0.00478468899522 373 63 27 23 13 1 0 0 0 0 0 0 0 0 0 0 0 0 0 0
"90" 90 0.0 345 87 25 23 6 4 4 2 2 1 1 0 0 0 0 0 0 0 0 0
"91" 91 0.0 208 126 90 36 19 11 6 2 2 0 0 0 0 0 0 0 0 0 0 0
"92" 92 0.0 495 4 1 0 0 0 0 0 0 0 0 0 0 0 0 0 0 0 0 0
"93" 93 0.0116279069767 283 83 24 24 23 20 18 17 4 2 1 1 0 0 0 0 0 0 0 0
"94" 94 0.00507614213198 388 101 5 5 1 0 0 0 0 0 0 0 0 0 0 0 0 0 0 0
"95" 95 0.00836820083682 272 135 40 27 26 0 0 0 0 0 0 0 0 0 0 0 0 0 0 0
"96" 96 0.0141843971631 460 23 7 5 4 1 0 0 0 0 0 0 0 0 0 0 0 0 0 0
"97" 97 0.152466367713 281 72 51 34 24 12 9 9 5 1 1 1 0 0 0 0 0 0 0 0
"98" 98 0.0 450 15 12 8 7 3 2 1 1 1 0 0 0 0 0 0 0 0 0 0
"99" 99 0.00917431192661 219 91 70 46 35 31 4 2 2 0 0 0 0 0 0 0 0 0 0 0
"100" 100 0.119205298013 240 151 44 38 13 13 1 0 0 0 0 0 0 0 0 0 0 0 0 0
"101" 101 0.308176100629 290 92 62 49 3 3 1 0 0 0 0 0 0 0 0 0 0 0 0 0
"102" 102 0.787564766839 403 38 25 18 9 4 2 1 0 0 0 0 0 0 0 0 0 0 0 0
"103" 103 0.153846153846 500 0 0 0 0 0 0 0 0 0 0 0 0 0 0 0 0 0 0 0
"104" 104 0.163461538462 500 0 0 0 0 0 0 0 0 0 0 0 0 0 0 0 0 0 0 0
"105" 105 0.548076923077 500 0 0 0 0 0 0 0 0 0 0 0 0 0 0 0 0 0 0 0
"106" 106 0.556053811659 189 66 62 53 50 22 18 17 9 5 3 3 2 1 0 0 0 0 0 0
"107" 107 0.11320754717 313 130 19 17 9 6 4 2 0 0 0 0 0 0 0 0 0 0 0 0
"108" 108 0.453488372093 245 113 73 41 10 7 6 2 1 1 1 0 0 0 0 0 0 0 0 0
"109" 109 0.423076923077 500 0 0 0 0 0 0 0 0 0 0 0 0 0 0 0 0 0 0 0
"110" 110 0.512953367876 255 79 56 37 30 15 8 7 6 5 2 0 0 0 0 0 0 0 0 0
"111" 111 0.0 309 52 40 22 20 18 16 10 5 2 2 2 1 1 0 0 0 0 0 0
"112" 112 0.108527131783 154 92 78 72 65 16 13 4 2 2 1 1 0 0 0 0 0 0 0 0
"113" 113 0.542600896861 287 96 46 27 19 19 5 1 0 0 0 0 0 0 0 0 0 0 0 0
"114" 114 0.196428571429 246 70 59 44 21 21 15 7 7 4 3 2 1 0 0 0 0 0 0 0
"115" 115 0.0 285 124 45 13 13 11 7 1 1 0 0 0 0 0 0 0 0 0 0 0
"116" 116 0.410256410256 184 109 62 53 30 21 12 12 5 3 3 3 3 0 0 0 0 0 0 0
"117" 117 0.704035874439 391 37 33 19 9 8 2 1 0 0 0 0 0 0 0 0 0 0 0 0
"118" 118 0.389534883721 359 46 25 21 17 15 6 3 3 3 1 1 0 0 0 0 0 0 0 0
"119" 119 0.117154811715 482 15 2 1 0 0 0 0 0 0 0 0 0 0 0 0 0 0 0 0
"120" 120 0.538461538462 500 0 0 0 0 0 0 0 0 0 0 0 0 0 0 0 0 0 0 0
"121" 121 0.238410596026 326 106 43 22 3 0 0 0 0 0 0 0 0 0 0 0 0 0 0 0
"122" 122 0.0627615062762 148 82 81 60 42 31 24 11 7 5 5 3 1 0 0 0 0 0 0 0
"123" 123 0.424107142857 247 95 82 25 17 14 12 4 2 1 1 0 0 0 0 0 0 0 0 0
"124" 124 0.316964285714 241 124 62 55 11 3 2 2 0 0 0 0 0 0 0 0 0 0 0 0
"125" 125 0.0 206 168 102 14 6 3 1 0 0 0 0 0 0 0 0 0 0 0 0 0
"126" 126 0.240506329114 180 149 85 56 15 8 4 2 1 0 0 0 0 0 0 0 0 0 0 0
"127" 127 0.556962025316 170 168 52 46 17 13 12 9 8 5 0 0 0 0 0 0 0 0 0 0
"128" 128 0.300448430493 405 30 23 17 14 4 3 2 1 1 0 0 0 0 0 0 0 0 0 0
"129" 129 0.0 415 44 32 5 3 1 0 0 0 0 0 0 0 0 0 0 0 0 0 0
"130" 130 0.14358974359 268 79 44 24 24 20 18 12 5 3 2 1 0 0 0 0 0 0 0 0
"131" 131 0.551569506726 245 78 54 30 29 22 20 12 6 2 1 1 0 0 0 0 0 0 0 0
"132" 132 0.15503875969 214 147 60 45 16 6 5 3 2 1 1 0 0 0 0 0 0 0 0 0
"133" 133 0.0 259 218 22 1 0 0 0 0 0 0 0 0 0 0 0 0 0 0 0 0
"134" 134 0.394230769231 180 98 84 74 26 17 8 7 2 2 1 1 0 0 0 0 0 0 0 0
"135" 135 0.626943005181 205 92 57 56 34 19 15 12 5 4 1 0 0 0 0 0 0 0 0 0
"136" 136 0.211678832117 366 95 38 1 0 0 0 0 0 0 0 0 0 0 0 0 0 0 0 0
"137" 137 0.832635983264 174 166 70 69 8 4 4 3 1 1 0 0 0 0 0 0 0 0 0 0
"138" 138 0.394230769231 500 0 0 0 0 0 0 0 0 0 0 0 0 0 0 0 0 0 0 0
"139" 139 0.258278145695 216 125 64 46 19 6 6 3 3 2 2 2 2 2 2 0 0 0 0 0
"140" 140 0.0 500 0 0 0 0 0 0 0 0 0 0 0 0 0 0 0 0 0 0 0
"141" 141 0.00354609929078 462 14 9 3 3 3 2 2 1 1 0 0 0 0 0 0 0 0 0 0
"142" 142 0.0 342 82 67 9 0 0 0 0 0 0 0 0 0 0 0 0 0 0 0 0
"143" 143 0.00354609929078 228 121 102 23 13 8 4 1 0 0 0 0 0 0 0 0 0 0 0 0
"144" 144 0.0 342 58 23 19 17 14 9 8 4 4 1 1 0 0 0 0 0 0 0 0
"145" 145 0.0 365 133 2 0 0 0 0 0 0 0 0 0 0 0 0 0 0 0 0 0
"146" 146 0.127737226277 227 155 31 26 26 17 16 1 1 0 0 0 0 0 0 0 0 0 0 0
"147" 147 0.0923076923077 174 174 98 33 18 2 1 0 0 0 0 0 0 0 0 0 0 0 0 0
"148" 148 0.62893081761 178 122 54 48 32 30 17 13 5 1 0 0 0 0 0 0 0 0 0 0
"149" 149 0.708520179372 121 119 76 71 49 41 12 9 2 0 0 0 0 0 0 0 0 0 0 0
"150" 150 0.355769230769 500 0 0 0 0 0 0 0 0 0 0 0 0 0 0 0 0 0 0 0
"151" 151 0.47533632287 254 86 70 62 9 8 7 2 1 1 0 0 0 0 0 0 0 0 0 0
"152" 152 0.044776119403 481 5 5 2 2 2 1 1 1 0 0 0 0 0 0 0 0 0 0 0
"153" 153 0.367713004484 243 133 34 27 20 16 12 8 4 2 1 0 0 0 0 0 0 0 0 0
"154" 154 0.172413793103 468 22 6 4 0 0 0 0 0 0 0 0 0 0 0 0 0 0 0 0
"155" 155 0.137931034483 223 121 73 15 15 12 12 11 8 5 4 1 0 0 0 0 0 0 0 0
"156" 156 0.238410596026 241 105 75 18 16 13 11 11 6 2 1 1 0 0 0 0 0 0 0 0
"157" 157 0.0232558139535 230 190 31 27 7 6 6 2 1 0 0 0 0 0 0 0 0 0 0 0
"158" 158 0.276729559748 336 68 40 31 22 1 1 1 0 0 0 0 0 0 0 0 0 0 0 0
"159" 159 0.405128205128 489 11 0 0 0 0 0 0 0 0 0 0 0 0 0 0 0 0 0 0
"160" 160 0.0179372197309 485 7 6 1 1 0 0 0 0 0 0 0 0 0 0 0 0 0 0 0
"161" 161 0.0932642487047 211 188 50 35 5 5 2 2 1 1 0 0 0 0 0 0 0 0 0 0
"162" 162 0.0102564102564 369 50 47 25 8 1 0 0 0 0 0 0 0 0 0 0 0 0 0 0
"163" 163 0.0 434 34 19 12 1 0 0 0 0 0 0 0 0 0 0 0 0 0 0 0
"164" 164 0.0152284263959 399 79 19 2 1 0 0 0 0 0 0 0 0 0 0 0 0 0 0 0
"165" 165 0.275229357798 428 26 24 15 5 1 1 0 0 0 0 0 0 0 0 0 0 0 0 0
"166" 166 0.5 108 100 75 53 50 41 27 21 12 5 4 2 2 0 0 0 0 0 0 0
"167" 167 0.451923076923 454 46 0 0 0 0 0 0 0 0 0 0 0 0 0 0 0 0 0 0
"168" 168 0.0529801324503 211 68 58 49 49 49 10 5 1 0 0 0 0 0 0 0 0 0 0 0
"169" 169 0.110266159696 492 4 2 1 1 0 0 0 0 0 0 0 0 0 0 0 0 0 0 0
"170" 170 0.0 397 29 21 15 11 10 10 6 1 0 0 0 0 0 0 0 0 0 0 0
"171" 171 0.0 319 165 10 4 1 1 0 0 0 0 0 0 0 0 0 0 0 0 0 0
"172" 172 0.0 248 153 45 24 18 7 2 1 1 1 0 0 0 0 0 0 0 0 0 0
"173" 173 0.00961538461538 344 149 5 2 0 0 0 0 0 0 0 0 0 0 0 0 0 0 0 0
"174" 174 0.0 127 123 50 48 41 36 24 17 15 9 5 4 1 0 0 0 0 0 0 0
"175" 175 0.0 410 45 35 2 2 2 2 1 1 0 0 0 0 0 0 0 0 0 0 0
"176" 176 0.0 274 171 31 13 10 1 0 0 0 0 0 0 0 0 0 0 0 0 0 0
"177" 177 0.191489361702 163 150 110 60 6 4 3 2 2 0 0 0 0 0 0 0 0 0 0 0
"178" 178 0.504464285714 254 130 52 13 12 11 7 6 5 4 3 2 1 0 0 0 0 0 0 0
"179" 179 0.186602870813 299 71 39 29 19 18 14 5 4 1 1 0 0 0 0 0 0 0 0 0
"180" 180 0.0232558139535 365 42 37 28 21 5 2 0 0 0 0 0 0 0 0 0 0 0 0 0
"181" 181 0.0190114068441 266 173 61 0 0 0 0 0 0 0 0 0 0 0 0 0 0 0 0 0
"182" 182 0.410646387833 231 114 61 54 20 15 3 2 0 0 0 0 0 0 0 0 0 0 0 0
"183" 183 0.477611940299 328 44 35 26 20 19 18 5 2 1 1 1 0 0 0 0 0 0 0 0
"184" 184 0.28102189781 499 1 0 0 0 0 0 0 0 0 0 0 0 0 0 0 0 0 0 0
"185" 185 0.0228136882129 468 32 0 0 0 0 0 0 0 0 0 0 0 0 0 0 0 0 0 0
"186" 186 0.304932735426 483 16 1 0 0 0 0 0 0 0 0 0 0 0 0 0 0 0 0 0
"187" 187 0.610256410256 268 146 31 20 9 8 6 5 4 1 1 1 0 0 0 0 0 0 0 0
"188" 188 0.295620437956 214 112 72 19 19 17 14 11 9 5 4 4 0 0 0 0 0 0 0 0
"189" 189 0.113138686131 403 37 28 25 3 2 2 0 0 0 0 0 0 0 0 0 0 0 0 0
"190" 190 0.584905660377 203 184 28 20 19 14 12 11 7 2 0 0 0 0 0 0 0 0 0 0
"191" 191 0.397321428571 159 119 94 55 40 26 4 3 0 0 0 0 0 0 0 0 0 0 0 0
"192" 192 0.00380228136882 338 112 31 10 6 3 0 0 0 0 0 0 0 0 0 0 0 0 0 0
"193" 193 0.00995024875622 353 83 26 17 8 5 4 3 1 0 0 0 0 0 0 0 0 0 0 0
"194" 194 0.425641025641 235 108 94 16 11 11 7 7 4 3 2 1 1 0 0 0 0 0 0 0
"195" 195 0.251282051282 295 105 37 28 13 13 4 2 1 1 1 0 0 0 0 0 0 0 0 0
"196" 196 0.0 295 162 30 9 2 1 1 0 0 0 0 0 0 0 0 0 0 0 0 0
"197" 197 0.0248226950355 285 127 38 21 10 6 6 4 2 1 0 0 0 0 0 0 0 0 0 0
"198" 198 0.379487179487 209 134 121 13 8 7 4 3 1 0 0 0 0 0 0 0 0 0 0 0
"199" 199 0.0 333 115 20 19 4 3 3 2 1 0 0 0 0 0 0 0 0 0 0 0
"200" 200 0.0 234 103 41 30 29 13 9 9 9 9 5 4 3 1 1 0 0 0 0 0
"201" 201 0.148717948718 472 14 4 4 4 2 0 0 0 0 0 0 0 0 0 0 0 0 0 0
"202" 202 0.0425531914894 437 62 1 0 0 0 0 0 0 0 0 0 0 0 0 0 0 0 0 0
"203" 203 0.450331125828 242 146 67 27 6 4 3 2 1 1 1 0 0 0 0 0 0 0 0 0
"204" 204 0.0982142857143 127 87 69 63 60 36 27 17 11 3 0 0 0 0 0 0 0 0 0 0
"205" 205 0.0 223 129 76 26 16 14 8 7 1 0 0 0 0 0 0 0 0 0 0 0
"206" 206 0.0923076923077 198 138 112 48 4 0 0 0 0 0 0 0 0 0 0 0 0 0 0 0
"207" 207 0.456204379562 243 128 93 12 8 8 3 2 2 1 0 0 0 0 0 0 0 0 0 0
"208" 208 0.0 496 3 1 0 0 0 0 0 0 0 0 0 0 0 0 0 0 0 0 0
"209" 209 0.046511627907 304 94 20 17 17 14 11 10 5 4 2 1 1 0 0 0 0 0 0 0
"210" 210 0.569506726457 166 117 98 56 29 27 3 1 1 1 1 0 0 0 0 0 0 0 0 0
"211" 211 0.410852713178 188 155 63 50 36 3 3 1 1 0 0 0 0 0 0 0 0 0 0 0
"212" 212 0.271523178808 247 232 21 0 0 0 0 0 0 0 0 0 0 0 0 0 0 0 0 0
