"site" "RSA" "aa1" "aa2" "aa3" "aa4" "aa5" "aa6" "aa7" "aa8" "aa9" "aa10" "aa11" "aa12" "aa13" "aa14" "aa15" "aa16" "aa17" "aa18" "aa19" "aa20"
"0" 0 1.05960264901 470 14 13 3 0 0 0 0 0 0 0 0 0 0 0 0 0 0 0 0
"1" 1 0.732142857143 260 137 59 18 8 7 7 3 1 0 0 0 0 0 0 0 0 0 0 0
"2" 2 0.0722433460076 473 27 0 0 0 0 0 0 0 0 0 0 0 0 0 0 0 0 0 0
"3" 3 0.357512953368 280 101 55 37 13 8 3 2 1 0 0 0 0 0 0 0 0 0 0 0
"4" 4 0.06463878327 226 119 118 20 10 2 2 2 1 0 0 0 0 0 0 0 0 0 0 0
"5" 5 0.273631840796 109 107 83 55 49 40 27 22 7 1 0 0 0 0 0 0 0 0 0 0
"6" 6 0.00418410041841 372 55 38 35 0 0 0 0 0 0 0 0 0 0 0 0 0 0 0 0
"7" 7 0.160337552743 330 60 45 36 9 8 6 5 1 0 0 0 0 0 0 0 0 0 0 0
"8" 8 0.0 238 210 39 11 1 1 0 0 0 0 0 0 0 0 0 0 0 0 0 0
"9" 9 0.0 493 6 1 0 0 0 0 0 0 0 0 0 0 0 0 0 0 0 0 0
"10" 10 0.0 497 3 0 0 0 0 0 0 0 0 0 0 0 0 0 0 0 0 0 0
"11" 11 0.0 132 110 98 72 35 25 22 5 1 0 0 0 0 0 0 0 0 0 0 0
"12" 12 0.0 500 0 0 0 0 0 0 0 0 0 0 0 0 0 0 0 0 0 0 0
"13" 13 0.14358974359 248 169 28 27 17 6 3 2 0 0 0 0 0 0 0 0 0 0 0 0
"14" 14 0.377483443709 133 117 49 45 41 35 20 19 15 13 4 3 3 2 1 0 0 0 0 0
"15" 15 0.538461538462 500 0 0 0 0 0 0 0 0 0 0 0 0 0 0 0 0 0 0 0
"16" 16 0.0114942528736 276 140 45 22 14 3 0 0 0 0 0 0 0 0 0 0 0 0 0 0
"17" 17 0.153846153846 500 0 0 0 0 0 0 0 0 0 0 0 0 0 0 0 0 0 0 0
"18" 18 0.0253164556962 290 107 38 31 25 5 2 1 1 0 0 0 0 0 0 0 0 0 0 0
"19" 19 0.192052980132 200 141 50 35 24 21 13 8 3 2 2 1 0 0 0 0 0 0 0 0
"20" 20 0.0886075949367 304 73 43 21 19 15 15 4 3 3 0 0 0 0 0 0 0 0 0 0
"21" 21 0.0199004975124 359 73 40 26 1 1 0 0 0 0 0 0 0 0 0 0 0 0 0 0
"22" 22 0.0 497 2 1 0 0 0 0 0 0 0 0 0 0 0 0 0 0 0 0 0
"23" 23 0.109452736318 166 136 87 60 17 15 7 4 4 3 1 0 0 0 0 0 0 0 0 0
"24" 24 0.153284671533 434 32 27 4 1 1 1 0 0 0 0 0 0 0 0 0 0 0 0 0
"25" 25 0.0167364016736 497 2 1 0 0 0 0 0 0 0 0 0 0 0 0 0 0 0 0 0
"26" 26 0.185430463576 412 31 15 11 10 8 6 3 2 2 0 0 0 0 0 0 0 0 0 0
"27" 27 0.40414507772 270 79 52 32 26 15 13 4 3 3 2 1 0 0 0 0 0 0 0 0
"28" 28 0.59585492228 317 79 57 21 8 5 5 3 3 2 0 0 0 0 0 0 0 0 0 0
"29" 29 0.377906976744 132 96 87 70 64 24 15 12 0 0 0 0 0 0 0 0 0 0 0 0
"30" 30 0.281368821293 264 144 76 7 7 2 0 0 0 0 0 0 0 0 0 0 0 0 0 0
"31" 31 0.470930232558 214 92 64 52 26 13 10 9 6 5 4 4 1 0 0 0 0 0 0 0
"32" 32 0.589743589744 195 142 74 69 12 3 2 1 1 1 0 0 0 0 0 0 0 0 0 0
"33" 33 0.787564766839 486 14 0 0 0 0 0 0 0 0 0 0 0 0 0 0 0 0 0 0
"34" 34 0.220532319392 140 134 54 45 41 30 22 10 8 6 4 3 2 1 0 0 0 0 0 0
"35" 35 0.802030456853 245 166 35 18 14 12 8 2 0 0 0 0 0 0 0 0 0 0 0 0
"36" 36 0.377483443709 239 85 42 37 20 20 17 16 12 5 2 2 1 1 1 0 0 0 0 0
"37" 37 0.802325581395 453 20 13 9 3 2 0 0 0 0 0 0 0 0 0 0 0 0 0 0
"38" 38 0.675126903553 454 41 3 1 1 0 0 0 0 0 0 0 0 0 0 0 0 0 0 0
"39" 39 0.451923076923 489 6 2 2 1 0 0 0 0 0 0 0 0 0 0 0 0 0 0 0
"40" 40 0.0919540229885 78 74 74 70 62 59 41 20 10 9 2 1 0 0 0 0 0 0 0 0
"41" 41 0.523316062176 198 145 59 27 20 19 16 8 6 2 0 0 0 0 0 0 0 0 0 0
"42" 42 0.292887029289 328 160 11 1 0 0 0 0 0 0 0 0 0 0 0 0 0 0 0 0
"43" 43 0.270042194093 312 42 38 35 29 16 12 6 4 2 2 1 1 0 0 0 0 0 0 0
"44" 44 0.446700507614 194 148 72 70 8 8 0 0 0 0 0 0 0 0 0 0 0 0 0 0
"45" 45 0.227848101266 280 83 58 27 13 8 8 7 5 5 3 2 1 0 0 0 0 0 0 0
"46" 46 0.424418604651 310 64 38 31 20 15 12 3 2 1 1 1 1 1 0 0 0 0 0 0
"47" 47 0.0689655172414 220 118 90 22 19 10 8 7 2 2 1 1 0 0 0 0 0 0 0 0
"48" 48 0.53125 249 106 53 52 39 1 0 0 0 0 0 0 0 0 0 0 0 0 0 0
"49" 49 0.0199004975124 201 165 112 8 6 4 2 1 1 0 0 0 0 0 0 0 0 0 0 0
"50" 50 0.549222797927 280 146 34 15 8 7 7 2 1 0 0 0 0 0 0 0 0 0 0 0
"51" 51 0.692307692308 378 122 0 0 0 0 0 0 0 0 0 0 0 0 0 0 0 0 0 0
"52" 52 0.303797468354 361 72 26 21 14 4 2 0 0 0 0 0 0 0 0 0 0 0 0 0
"53" 53 0.174418604651 190 170 44 39 37 16 2 1 1 0 0 0 0 0 0 0 0 0 0 0
"54" 54 0.0 288 176 29 3 3 1 0 0 0 0 0 0 0 0 0 0 0 0 0 0
"55" 55 0.244725738397 190 173 103 30 4 0 0 0 0 0 0 0 0 0 0 0 0 0 0 0
"56" 56 0.0 471 11 8 3 3 2 1 1 0 0 0 0 0 0 0 0 0 0 0 0
"57" 57 0.22869955157 194 137 79 78 8 3 1 0 0 0 0 0 0 0 0 0 0 0 0 0
"58" 58 0.00507614213198 489 11 0 0 0 0 0 0 0 0 0 0 0 0 0 0 0 0 0 0
"59" 59 0.195035460993 304 109 85 1 1 0 0 0 0 0 0 0 0 0 0 0 0 0 0 0
"60" 60 0.0259067357513 212 188 63 34 2 1 0 0 0 0 0 0 0 0 0 0 0 0 0 0
"61" 61 0.0116279069767 481 17 2 0 0 0 0 0 0 0 0 0 0 0 0 0 0 0 0 0
"62" 62 0.519379844961 411 40 39 5 4 1 0 0 0 0 0 0 0 0 0 0 0 0 0 0
"63" 63 0.403846153846 500 0 0 0 0 0 0 0 0 0 0 0 0 0 0 0 0 0 0 0
"64" 64 0.255605381166 156 133 108 87 8 4 3 1 0 0 0 0 0 0 0 0 0 0 0 0
"65" 65 0.0625 361 69 41 18 6 3 2 0 0 0 0 0 0 0 0 0 0 0 0 0
"66" 66 0.642335766423 225 121 60 55 20 8 5 3 2 1 0 0 0 0 0 0 0 0 0 0
"67" 67 0.602510460251 439 55 4 1 1 0 0 0 0 0 0 0 0 0 0 0 0 0 0 0
"68" 68 0.481751824818 134 103 96 58 36 27 24 13 8 1 0 0 0 0 0 0 0 0 0 0
"69" 69 0.5 297 93 74 24 8 4 0 0 0 0 0 0 0 0 0 0 0 0 0 0
"70" 70 0.106598984772 347 86 63 2 1 1 0 0 0 0 0 0 0 0 0 0 0 0 0 0
"71" 71 0.377906976744 114 82 68 59 51 34 25 24 13 13 7 6 2 2 0 0 0 0 0 0
"72" 72 0.324503311258 159 148 74 53 46 9 6 2 1 1 1 0 0 0 0 0 0 0 0 0
"73" 73 0.456953642384 229 99 71 25 24 23 14 8 4 3 0 0 0 0 0 0 0 0 0 0
"74" 74 0.06463878327 266 234 0 0 0 0 0 0 0 0 0 0 0 0 0 0 0 0 0 0
"75" 75 0.0114068441065 362 108 29 1 0 0 0 0 0 0 0 0 0 0 0 0 0 0 0 0
"76" 76 0.613138686131 218 87 61 29 29 22 18 16 8 4 4 4 0 0 0 0 0 0 0 0
"77" 77 0.528846153846 498 2 0 0 0 0 0 0 0 0 0 0 0 0 0 0 0 0 0 0
"78" 78 0.0331125827815 444 55 1 0 0 0 0 0 0 0 0 0 0 0 0 0 0 0 0 0
"79" 79 0.239234449761 276 201 16 3 3 1 0 0 0 0 0 0 0 0 0 0 0 0 0 0
"80" 80 0.0 346 59 48 46 1 0 0 0 0 0 0 0 0 0 0 0 0 0 0 0
"81" 81 0.0 449 36 7 3 3 2 0 0 0 0 0 0 0 0 0 0 0 0 0 0
"82" 82 0.0152284263959 474 10 10 4 2 0 0 0 0 0 0 0 0 0 0 0 0 0 0 0
"83" 83 0.0 173 166 68 37 37 12 5 1 1 0 0 0 0 0 0 0 0 0 0 0
"84" 84 0.00574712643678 352 148 0 0 0 0 0 0 0 0 0 0 0 0 0 0 0 0 0 0
"85" 85 0.0 218 193 80 4 2 2 1 0 0 0 0 0 0 0 0 0 0 0 0 0
"86" 86 0.0621761658031 356 131 11 2 0 0 0 0 0 0 0 0 0 0 0 0 0 0 0 0
"87" 87 0.00574712643678 407 71 8 4 2 2 2 2 2 0 0 0 0 0 0 0 0 0 0 0
"88" 88 0.209302325581 479 15 4 2 0 0 0 0 0 0 0 0 0 0 0 0 0 0 0 0
"89" 89 0.378238341969 472 14 11 1 1 1 0 0 0 0 0 0 0 0 0 0 0 0 0 0
"90" 90 0.381165919283 201 144 120 20 6 4 2 1 1 1 0 0 0 0 0 0 0 0 0 0
"91" 91 0.477678571429 221 93 88 45 45 7 1 0 0 0 0 0 0 0 0 0 0 0 0 0
"92" 92 0.0132450331126 467 21 5 4 1 1 1 0 0 0 0 0 0 0 0 0 0 0 0 0
"93" 93 0.0627615062762 434 51 11 1 1 1 1 0 0 0 0 0 0 0 0 0 0 0 0 0
"94" 94 0.394871794872 236 89 49 45 39 14 10 10 6 1 1 0 0 0 0 0 0 0 0 0
"95" 95 0.00961538461538 231 104 80 41 14 13 7 5 2 1 1 1 0 0 0 0 0 0 0 0
"96" 96 0.0 179 97 81 70 23 20 15 14 1 0 0 0 0 0 0 0 0 0 0 0
"97" 97 0.565400843882 320 62 43 26 15 14 11 6 2 1 0 0 0 0 0 0 0 0 0 0
"98" 98 0.155963302752 124 112 69 50 45 38 34 15 7 3 3 0 0 0 0 0 0 0 0 0
"99" 99 0.0141843971631 242 191 61 4 1 1 0 0 0 0 0 0 0 0 0 0 0 0 0 0
"100" 100 0.0796019900498 140 119 69 59 33 24 20 18 8 6 2 2 0 0 0 0 0 0 0 0
"101" 101 0.506726457399 328 75 50 13 12 8 8 4 1 1 0 0 0 0 0 0 0 0 0 0
"102" 102 0.200892857143 168 94 85 35 32 18 17 15 10 8 8 6 3 1 0 0 0 0 0 0
"103" 103 0.0203045685279 227 103 90 52 9 9 7 1 1 1 0 0 0 0 0 0 0 0 0 0
"104" 104 0.709844559585 151 63 56 52 47 37 34 31 10 9 5 3 2 0 0 0 0 0 0 0
"105" 105 0.653284671533 309 69 52 46 13 10 1 0 0 0 0 0 0 0 0 0 0 0 0 0
"106" 106 0.285171102662 235 176 46 27 8 7 1 0 0 0 0 0 0 0 0 0 0 0 0 0
"107" 107 0.116279069767 415 78 5 2 0 0 0 0 0 0 0 0 0 0 0 0 0 0 0 0
"108" 108 0.459302325581 150 143 99 36 29 26 9 3 3 1 1 0 0 0 0 0 0 0 0 0
"109" 109 0.788079470199 363 46 30 25 10 8 8 6 2 2 0 0 0 0 0 0 0 0 0 0
"110" 110 0.523255813953 131 122 74 53 42 21 17 13 11 9 5 1 1 0 0 0 0 0 0 0
"111" 111 0.109195402299 180 164 76 56 17 7 0 0 0 0 0 0 0 0 0 0 0 0 0 0
"112" 112 0.129353233831 169 141 118 34 12 11 8 3 2 2 0 0 0 0 0 0 0 0 0 0
"113" 113 0.198312236287 162 120 104 55 22 7 7 5 5 4 3 2 2 1 1 0 0 0 0 0
"114" 114 0.0 493 5 1 1 0 0 0 0 0 0 0 0 0 0 0 0 0 0 0 0
"115" 115 0.0 239 77 46 43 28 21 11 11 9 5 5 4 1 0 0 0 0 0 0 0
"116" 116 0.00574712643678 252 221 13 5 3 3 2 1 0 0 0 0 0 0 0 0 0 0 0 0
"117" 117 0.0 355 84 57 3 1 0 0 0 0 0 0 0 0 0 0 0 0 0 0 0
"118" 118 0.025641025641 246 174 77 3 0 0 0 0 0 0 0 0 0 0 0 0 0 0 0 0
"119" 119 0.244725738397 227 161 38 23 21 16 14 0 0 0 0 0 0 0 0 0 0 0 0 0
"120" 120 0.0759493670886 497 2 1 0 0 0 0 0 0 0 0 0 0 0 0 0 0 0 0 0
"121" 121 0.20725388601 318 158 17 5 1 1 0 0 0 0 0 0 0 0 0 0 0 0 0 0
"122" 122 0.363184079602 343 66 44 20 13 5 3 2 2 1 1 0 0 0 0 0 0 0 0 0
"123" 123 0.632911392405 319 113 27 14 9 6 6 6 0 0 0 0 0 0 0 0 0 0 0 0
"124" 124 0.875647668394 353 130 14 2 1 0 0 0 0 0 0 0 0 0 0 0 0 0 0 0
"125" 125 0.637130801688 387 76 18 14 5 0 0 0 0 0 0 0 0 0 0 0 0 0 0 0
"126" 126 0.255474452555 383 59 44 6 4 1 1 1 1 0 0 0 0 0 0 0 0 0 0 0
"127" 127 0.431034482759 390 62 36 10 1 1 0 0 0 0 0 0 0 0 0 0 0 0 0 0
"128" 128 0.0172413793103 473 13 11 2 1 0 0 0 0 0 0 0 0 0 0 0 0 0 0 0
"129" 129 0.526785714286 380 64 49 3 2 1 1 0 0 0 0 0 0 0 0 0 0 0 0 0
"130" 130 0.372623574144 116 96 80 68 34 30 22 18 15 11 9 1 0 0 0 0 0 0 0 0
"131" 131 0.549222797927 403 35 32 19 5 3 2 1 0 0 0 0 0 0 0 0 0 0 0 0
"132" 132 0.48275862069 215 210 46 13 7 5 3 1 0 0 0 0 0 0 0 0 0 0 0 0
"133" 133 0.0 479 10 8 3 0 0 0 0 0 0 0 0 0 0 0 0 0 0 0 0
"134" 134 0.303797468354 155 130 104 60 22 18 7 3 1 0 0 0 0 0 0 0 0 0 0 0
"135" 135 0.584821428571 325 105 20 16 10 9 7 5 2 1 0 0 0 0 0 0 0 0 0 0
"136" 136 0.213389121339 330 101 42 8 5 5 4 2 1 1 1 0 0 0 0 0 0 0 0 0
"137" 137 0.0 480 20 0 0 0 0 0 0 0 0 0 0 0 0 0 0 0 0 0 0
"138" 138 0.492227979275 116 106 95 67 67 25 14 8 2 0 0 0 0 0 0 0 0 0 0 0
"139" 139 0.635658914729 159 147 87 58 16 14 6 6 3 1 1 1 1 0 0 0 0 0 0 0
"140" 140 0.246153846154 84 69 66 65 49 45 36 20 17 16 14 8 5 5 1 0 0 0 0 0
"141" 141 0.789029535865 500 0 0 0 0 0 0 0 0 0 0 0 0 0 0 0 0 0 0 0
"142" 142 0.0321100917431 208 174 49 47 16 3 2 1 0 0 0 0 0 0 0 0 0 0 0 0
"143" 143 0.327044025157 461 28 2 2 2 2 1 1 1 0 0 0 0 0 0 0 0 0 0 0
"144" 144 0.0627615062762 278 143 57 22 0 0 0 0 0 0 0 0 0 0 0 0 0 0 0 0
"145" 145 0.174129353234 368 88 34 6 4 0 0 0 0 0 0 0 0 0 0 0 0 0 0 0
"146" 146 0.116071428571 134 127 97 74 33 15 10 4 4 1 1 0 0 0 0 0 0 0 0 0
"147" 147 0.0 491 7 2 0 0 0 0 0 0 0 0 0 0 0 0 0 0 0 0 0
"148" 148 0.0 500 0 0 0 0 0 0 0 0 0 0 0 0 0 0 0 0 0 0 0
"149" 149 0.015503875969 324 128 48 0 0 0 0 0 0 0 0 0 0 0 0 0 0 0 0 0
"150" 150 0.333333333333 279 114 50 39 6 5 4 1 1 1 0 0 0 0 0 0 0 0 0 0
"151" 151 0.347150259067 396 44 25 11 9 6 5 4 0 0 0 0 0 0 0 0 0 0 0 0
"152" 152 0.41059602649 496 4 0 0 0 0 0 0 0 0 0 0 0 0 0 0 0 0 0 0
"153" 153 0.308139534884 210 97 89 52 31 11 3 3 2 1 1 0 0 0 0 0 0 0 0 0
"154" 154 0.307692307692 499 1 0 0 0 0 0 0 0 0 0 0 0 0 0 0 0 0 0 0
"155" 155 0.0172413793103 499 1 0 0 0 0 0 0 0 0 0 0 0 0 0 0 0 0 0 0
"156" 156 0.397321428571 286 173 20 8 8 3 1 1 0 0 0 0 0 0 0 0 0 0 0 0
"157" 157 0.430051813472 337 73 42 27 9 5 5 1 1 0 0 0 0 0 0 0 0 0 0 0
"158" 158 0.031007751938 327 155 12 6 0 0 0 0 0 0 0 0 0 0 0 0 0 0 0 0
"159" 159 0.0125523012552 459 41 0 0 0 0 0 0 0 0 0 0 0 0 0 0 0 0 0 0
"160" 160 0.26368159204 210 74 73 60 49 16 9 4 3 2 0 0 0 0 0 0 0 0 0 0
"161" 161 0.261627906977 372 60 42 11 7 3 2 1 1 1 0 0 0 0 0 0 0 0 0 0
"162" 162 0.0 393 33 32 28 7 4 2 1 0 0 0 0 0 0 0 0 0 0 0 0
"163" 163 0.0 442 35 11 7 3 1 1 0 0 0 0 0 0 0 0 0 0 0 0 0
"164" 164 0.317518248175 339 65 59 15 13 5 3 1 0 0 0 0 0 0 0 0 0 0 0 0
"165" 165 0.134529147982 309 88 49 28 13 7 3 1 1 1 0 0 0 0 0 0 0 0 0 0
"166" 166 0.0 328 46 38 36 31 17 4 0 0 0 0 0 0 0 0 0 0 0 0 0
"167" 167 0.177215189873 141 123 115 65 14 14 12 5 5 4 1 1 0 0 0 0 0 0 0 0
"168" 168 0.651785714286 160 154 63 58 41 15 6 2 1 0 0 0 0 0 0 0 0 0 0 0
"169" 169 0.490066225166 252 173 32 20 7 5 4 3 2 2 0 0 0 0 0 0 0 0 0 0
"170" 170 0.160550458716 136 118 90 41 38 30 25 7 6 6 2 1 0 0 0 0 0 0 0 0
"171" 171 0.417218543046 153 105 78 46 36 26 17 16 11 8 2 1 1 0 0 0 0 0 0 0
"172" 172 0.547085201794 199 159 88 20 16 7 4 4 1 1 1 0 0 0 0 0 0 0 0 0
"173" 173 0.690582959641 279 72 46 44 22 22 9 4 1 1 0 0 0 0 0 0 0 0 0 0
"174" 174 0.323076923077 188 93 65 47 38 19 17 16 5 4 3 3 2 0 0 0 0 0 0 0
"175" 175 0.0845771144279 375 53 37 16 15 3 1 0 0 0 0 0 0 0 0 0 0 0 0 0
"176" 176 0.364102564103 173 128 85 44 39 11 8 5 4 3 0 0 0 0 0 0 0 0 0 0
"177" 177 0.441964285714 205 187 37 32 22 9 4 2 1 1 0 0 0 0 0 0 0 0 0 0
"178" 178 0.0523255813953 162 143 60 54 21 21 18 16 4 1 0 0 0 0 0 0 0 0 0 0
"179" 179 0.0523255813953 249 208 26 5 3 3 2 1 1 1 1 0 0 0 0 0 0 0 0 0
"180" 180 0.27802690583 440 47 4 4 3 1 1 0 0 0 0 0 0 0 0 0 0 0 0 0
"181" 181 0.654008438819 291 85 55 35 20 9 4 1 0 0 0 0 0 0 0 0 0 0 0 0
"182" 182 0.443037974684 231 210 23 16 11 4 4 1 0 0 0 0 0 0 0 0 0 0 0 0
"183" 183 0.504464285714 322 149 21 2 2 2 1 1 0 0 0 0 0 0 0 0 0 0 0 0
"184" 184 0.694300518135 495 2 2 1 0 0 0 0 0 0 0 0 0 0 0 0 0 0 0 0
"185" 185 0.459915611814 291 87 47 39 17 9 4 3 2 1 0 0 0 0 0 0 0 0 0 0
"186" 186 0.586538461538 500 0 0 0 0 0 0 0 0 0 0 0 0 0 0 0 0 0 0 0
"187" 187 0.692307692308 359 71 35 17 9 4 2 1 1 1 0 0 0 0 0 0 0 0 0 0
"188" 188 0.701149425287 208 112 72 43 25 21 11 4 3 1 0 0 0 0 0 0 0 0 0 0
"189" 189 0.579487179487 362 65 26 25 9 7 3 2 1 0 0 0 0 0 0 0 0 0 0 0
"190" 190 0.786069651741 138 113 106 35 32 24 21 18 7 6 0 0 0 0 0 0 0 0 0 0
"191" 191 0.835443037975 415 26 19 14 12 9 3 2 0 0 0 0 0 0 0 0 0 0 0 0
"192" 192 0.423076923077 253 82 66 47 21 20 5 4 2 0 0 0 0 0 0 0 0 0 0 0
"193" 193 1.05381165919 481 12 3 2 1 1 0 0 0 0 0 0 0 0 0 0 0 0 0 0
