"site" "RSA" "aa1" "aa2" "aa3" "aa4" "aa5" "aa6" "aa7" "aa8" "aa9" "aa10" "aa11" "aa12" "aa13" "aa14" "aa15" "aa16" "aa17" "aa18" "aa19" "aa20"
"0" 0 1.09271523179 334 137 29 0 0 0 0 0 0 0 0 0 0 0 0 0 0 0 0 0
"1" 1 0.846715328467 334 137 29 0 0 0 0 0 0 0 0 0 0 0 0 0 0 0 0 0
"2" 2 0.886075949367 483 17 0 0 0 0 0 0 0 0 0 0 0 0 0 0 0 0 0 0
"3" 3 0.270042194093 139 109 105 81 27 22 13 2 1 1 0 0 0 0 0 0 0 0 0 0
"4" 4 0.574358974359 445 31 23 1 0 0 0 0 0 0 0 0 0 0 0 0 0 0 0 0
"5" 5 0.177664974619 234 86 85 39 16 12 11 10 4 3 0 0 0 0 0 0 0 0 0 0
"6" 6 0.00995024875622 488 7 3 1 1 0 0 0 0 0 0 0 0 0 0 0 0 0 0 0
"7" 7 0.113924050633 258 107 95 15 7 5 5 4 3 1 0 0 0 0 0 0 0 0 0 0
"8" 8 0.0 362 131 3 2 2 0 0 0 0 0 0 0 0 0 0 0 0 0 0 0
"9" 9 0.0 183 136 133 15 14 9 7 2 1 0 0 0 0 0 0 0 0 0 0 0
"10" 10 0.00507614213198 332 59 54 52 2 1 0 0 0 0 0 0 0 0 0 0 0 0 0 0
"11" 11 0.0 288 197 7 2 2 1 1 1 1 0 0 0 0 0 0 0 0 0 0 0
"12" 12 0.0 500 0 0 0 0 0 0 0 0 0 0 0 0 0 0 0 0 0 0 0
"13" 13 0.145077720207 395 53 27 14 9 1 1 0 0 0 0 0 0 0 0 0 0 0 0 0
"14" 14 0.370860927152 291 99 71 24 5 5 2 2 1 0 0 0 0 0 0 0 0 0 0 0
"15" 15 0.471153846154 500 0 0 0 0 0 0 0 0 0 0 0 0 0 0 0 0 0 0 0
"16" 16 0.00574712643678 495 2 2 1 0 0 0 0 0 0 0 0 0 0 0 0 0 0 0 0
"17" 17 0.134615384615 500 0 0 0 0 0 0 0 0 0 0 0 0 0 0 0 0 0 0 0
"18" 18 0.0506329113924 318 176 2 2 1 1 0 0 0 0 0 0 0 0 0 0 0 0 0 0
"19" 19 0.127906976744 141 134 100 84 16 12 8 3 1 1 0 0 0 0 0 0 0 0 0 0
"20" 20 0.12582781457 345 136 16 2 1 0 0 0 0 0 0 0 0 0 0 0 0 0 0 0
"21" 21 0.0 482 7 4 3 2 2 0 0 0 0 0 0 0 0 0 0 0 0 0 0
"22" 22 0.045871559633 219 188 35 35 12 8 1 1 1 0 0 0 0 0 0 0 0 0 0 0
"23" 23 0.200956937799 306 97 66 15 8 3 1 1 1 1 1 0 0 0 0 0 0 0 0 0
"24" 24 0.171532846715 290 143 62 5 0 0 0 0 0 0 0 0 0 0 0 0 0 0 0 0
"25" 25 0.06463878327 216 179 58 37 9 1 0 0 0 0 0 0 0 0 0 0 0 0 0 0
"26" 26 0.109195402299 467 33 0 0 0 0 0 0 0 0 0 0 0 0 0 0 0 0 0 0
"27" 27 0.353846153846 249 240 10 1 0 0 0 0 0 0 0 0 0 0 0 0 0 0 0 0
"28" 28 0.575129533679 286 191 13 9 1 0 0 0 0 0 0 0 0 0 0 0 0 0 0 0
"29" 29 0.565400843882 242 158 61 38 1 0 0 0 0 0 0 0 0 0 0 0 0 0 0 0
"30" 30 0.266159695817 340 134 22 4 0 0 0 0 0 0 0 0 0 0 0 0 0 0 0 0
"31" 31 0.344370860927 234 203 52 8 3 0 0 0 0 0 0 0 0 0 0 0 0 0 0 0
"32" 32 0.52466367713 219 143 135 3 0 0 0 0 0 0 0 0 0 0 0 0 0 0 0 0
"33" 33 0.766816143498 500 0 0 0 0 0 0 0 0 0 0 0 0 0 0 0 0 0 0 0
"34" 34 0.269961977186 326 95 77 1 1 0 0 0 0 0 0 0 0 0 0 0 0 0 0 0
"35" 35 0.763713080169 321 166 13 0 0 0 0 0 0 0 0 0 0 0 0 0 0 0 0 0
"36" 36 0.395348837209 269 73 62 44 28 14 5 5 0 0 0 0 0 0 0 0 0 0 0 0
"37" 37 0.174418604651 197 161 76 36 14 11 2 2 1 0 0 0 0 0 0 0 0 0 0 0
"38" 38 0.527918781726 216 122 91 55 9 7 0 0 0 0 0 0 0 0 0 0 0 0 0 0
"39" 39 0.0769230769231 500 0 0 0 0 0 0 0 0 0 0 0 0 0 0 0 0 0 0 0
"40" 40 0.124031007752 343 97 34 19 5 1 1 0 0 0 0 0 0 0 0 0 0 0 0 0
"41" 41 0.569948186528 232 170 68 17 12 1 0 0 0 0 0 0 0 0 0 0 0 0 0 0
"42" 42 0.297071129707 319 95 81 5 0 0 0 0 0 0 0 0 0 0 0 0 0 0 0 0
"43" 43 0.258706467662 253 168 20 13 13 10 9 6 4 2 2 0 0 0 0 0 0 0 0 0
"44" 44 0.418604651163 391 86 14 8 1 0 0 0 0 0 0 0 0 0 0 0 0 0 0 0
"45" 45 0.240506329114 490 10 0 0 0 0 0 0 0 0 0 0 0 0 0 0 0 0 0 0
"46" 46 0.616071428571 145 115 90 70 28 14 11 10 7 4 2 2 1 1 0 0 0 0 0 0
"47" 47 0.132183908046 473 15 7 2 2 1 0 0 0 0 0 0 0 0 0 0 0 0 0 0
"48" 48 0.523255813953 294 162 39 5 0 0 0 0 0 0 0 0 0 0 0 0 0 0 0 0
"49" 49 0.051724137931 353 137 5 3 2 0 0 0 0 0 0 0 0 0 0 0 0 0 0 0
"50" 50 0.683937823834 370 127 3 0 0 0 0 0 0 0 0 0 0 0 0 0 0 0 0 0
"51" 51 0.567307692308 500 0 0 0 0 0 0 0 0 0 0 0 0 0 0 0 0 0 0 0
"52" 52 0.79274611399 421 58 20 1 0 0 0 0 0 0 0 0 0 0 0 0 0 0 0 0
"53" 53 0.518987341772 375 72 44 4 2 1 1 1 0 0 0 0 0 0 0 0 0 0 0 0
"54" 54 0.706896551724 199 164 79 19 17 17 5 0 0 0 0 0 0 0 0 0 0 0 0 0
"55" 55 0.100775193798 369 121 7 2 1 0 0 0 0 0 0 0 0 0 0 0 0 0 0 0
"56" 56 0.168604651163 198 146 109 26 12 5 4 0 0 0 0 0 0 0 0 0 0 0 0 0
"57" 57 0.0 137 90 66 65 50 45 28 11 8 0 0 0 0 0 0 0 0 0 0 0
"58" 58 0.152466367713 364 53 27 27 22 2 2 2 1 0 0 0 0 0 0 0 0 0 0 0
"59" 59 0.0 222 96 66 55 27 24 10 0 0 0 0 0 0 0 0 0 0 0 0 0
"60" 60 0.124113475177 201 187 60 28 15 5 2 1 1 0 0 0 0 0 0 0 0 0 0 0
"61" 61 0.0466321243523 219 164 53 32 27 3 2 0 0 0 0 0 0 0 0 0 0 0 0 0
"62" 62 0.0348837209302 290 197 7 3 2 1 0 0 0 0 0 0 0 0 0 0 0 0 0 0
"63" 63 0.0387596899225 500 0 0 0 0 0 0 0 0 0 0 0 0 0 0 0 0 0 0 0
"64" 64 0.144230769231 500 0 0 0 0 0 0 0 0 0 0 0 0 0 0 0 0 0 0 0
"65" 65 0.291479820628 358 53 50 25 8 5 1 0 0 0 0 0 0 0 0 0 0 0 0 0
"66" 66 0.732142857143 388 69 28 13 1 1 0 0 0 0 0 0 0 0 0 0 0 0 0 0
"67" 67 0.715328467153 349 59 52 21 15 4 0 0 0 0 0 0 0 0 0 0 0 0 0 0
"68" 68 0.142259414226 400 72 8 5 4 4 3 3 1 0 0 0 0 0 0 0 0 0 0 0
"69" 69 0.269058295964 254 238 7 1 0 0 0 0 0 0 0 0 0 0 0 0 0 0 0 0
"70" 70 0.58940397351 354 136 7 2 1 0 0 0 0 0 0 0 0 0 0 0 0 0 0 0
"71" 71 0.532338308458 464 21 12 3 0 0 0 0 0 0 0 0 0 0 0 0 0 0 0 0
"72" 72 0.432692307692 500 0 0 0 0 0 0 0 0 0 0 0 0 0 0 0 0 0 0 0
"73" 73 0.195402298851 293 156 26 9 5 4 3 1 1 1 1 0 0 0 0 0 0 0 0 0
"74" 74 0.410852713178 445 40 9 4 1 1 0 0 0 0 0 0 0 0 0 0 0 0 0 0
"75" 75 0.138075313808 290 82 59 28 16 16 3 3 2 1 0 0 0 0 0 0 0 0 0 0
"76" 76 0.0266159695817 264 132 46 26 24 7 1 0 0 0 0 0 0 0 0 0 0 0 0 0
"77" 77 0.485401459854 459 41 0 0 0 0 0 0 0 0 0 0 0 0 0 0 0 0 0 0
"78" 78 0.548076923077 500 0 0 0 0 0 0 0 0 0 0 0 0 0 0 0 0 0 0 0
"79" 79 0.062015503876 278 168 54 0 0 0 0 0 0 0 0 0 0 0 0 0 0 0 0 0
"80" 80 0.0880829015544 428 72 0 0 0 0 0 0 0 0 0 0 0 0 0 0 0 0 0 0
"81" 81 0.0 436 53 8 3 0 0 0 0 0 0 0 0 0 0 0 0 0 0 0 0
"82" 82 0.0 393 54 38 11 2 2 0 0 0 0 0 0 0 0 0 0 0 0 0 0
"83" 83 0.0 453 26 15 4 2 0 0 0 0 0 0 0 0 0 0 0 0 0 0 0
"84" 84 0.0 421 69 3 3 2 1 1 0 0 0 0 0 0 0 0 0 0 0 0 0
"85" 85 0.0 479 18 3 0 0 0 0 0 0 0 0 0 0 0 0 0 0 0 0 0
"86" 86 0.00380228136882 437 31 25 5 2 0 0 0 0 0 0 0 0 0 0 0 0 0 0 0
"87" 87 0.0466321243523 365 131 4 0 0 0 0 0 0 0 0 0 0 0 0 0 0 0 0 0
"88" 88 0.0172413793103 498 2 0 0 0 0 0 0 0 0 0 0 0 0 0 0 0 0 0 0
"89" 89 0.232558139535 299 184 16 1 0 0 0 0 0 0 0 0 0 0 0 0 0 0 0 0
"90" 90 0.369230769231 498 2 0 0 0 0 0 0 0 0 0 0 0 0 0 0 0 0 0 0
"91" 91 0.286821705426 294 127 53 13 8 3 1 1 0 0 0 0 0 0 0 0 0 0 0 0
"92" 92 0.364238410596 498 1 1 0 0 0 0 0 0 0 0 0 0 0 0 0 0 0 0 0
"93" 93 0.0132450331126 499 1 0 0 0 0 0 0 0 0 0 0 0 0 0 0 0 0 0 0
"94" 94 0.146443514644 380 82 16 10 6 3 2 1 0 0 0 0 0 0 0 0 0 0 0 0
"95" 95 0.589285714286 219 137 108 13 11 8 2 1 1 0 0 0 0 0 0 0 0 0 0 0
"96" 96 0.261538461538 322 130 22 21 3 2 0 0 0 0 0 0 0 0 0 0 0 0 0 0
"97" 97 0.0 383 59 37 14 6 1 0 0 0 0 0 0 0 0 0 0 0 0 0 0
"98" 98 0.396624472574 229 119 75 60 4 3 3 2 2 2 1 0 0 0 0 0 0 0 0 0
"99" 99 0.483443708609 141 133 119 51 19 19 11 5 2 0 0 0 0 0 0 0 0 0 0 0
"100" 100 0.0815602836879 264 150 48 37 1 0 0 0 0 0 0 0 0 0 0 0 0 0 0 0
"101" 101 0.226277372263 222 92 83 53 43 2 2 2 1 0 0 0 0 0 0 0 0 0 0 0
"102" 102 0.248704663212 208 118 117 47 5 2 2 1 0 0 0 0 0 0 0 0 0 0 0 0
"103" 103 0.28125 295 87 61 30 19 3 3 2 0 0 0 0 0 0 0 0 0 0 0 0
"104" 104 0.0 425 38 22 10 5 0 0 0 0 0 0 0 0 0 0 0 0 0 0 0
"105" 105 0.169154228856 200 190 27 24 24 19 10 6 0 0 0 0 0 0 0 0 0 0 0 0
"106" 106 0.580459770115 255 195 22 15 6 4 2 1 0 0 0 0 0 0 0 0 0 0 0 0
"107" 107 0.382775119617 457 34 4 3 1 1 0 0 0 0 0 0 0 0 0 0 0 0 0 0
"108" 108 0.015503875969 241 174 84 1 0 0 0 0 0 0 0 0 0 0 0 0 0 0 0 0
"109" 109 0.610256410256 500 0 0 0 0 0 0 0 0 0 0 0 0 0 0 0 0 0 0 0
"110" 110 0.155172413793 242 160 62 16 14 5 1 0 0 0 0 0 0 0 0 0 0 0 0 0
"111" 111 0.85641025641 454 23 10 8 5 0 0 0 0 0 0 0 0 0 0 0 0 0 0 0
"112" 112 0.304635761589 250 233 14 1 1 1 0 0 0 0 0 0 0 0 0 0 0 0 0 0
"113" 113 0.320754716981 245 221 12 11 9 1 1 0 0 0 0 0 0 0 0 0 0 0 0 0
"114" 114 0.727678571429 294 182 11 7 6 0 0 0 0 0 0 0 0 0 0 0 0 0 0 0
"115" 115 0.575581395349 251 186 55 5 2 1 0 0 0 0 0 0 0 0 0 0 0 0 0 0
"116" 116 0.0418410041841 198 194 108 0 0 0 0 0 0 0 0 0 0 0 0 0 0 0 0 0
"117" 117 0.119496855346 311 117 42 11 9 4 4 2 0 0 0 0 0 0 0 0 0 0 0 0
"118" 118 0.0585774058577 419 79 1 1 0 0 0 0 0 0 0 0 0 0 0 0 0 0 0 0
"119" 119 0.0 402 51 40 2 2 2 1 0 0 0 0 0 0 0 0 0 0 0 0 0
"120" 120 0.010152284264 429 65 6 0 0 0 0 0 0 0 0 0 0 0 0 0 0 0 0 0
"121" 121 0.00497512437811 477 17 2 2 1 1 0 0 0 0 0 0 0 0 0 0 0 0 0 0
"122" 122 0.0 448 35 6 4 3 2 1 1 0 0 0 0 0 0 0 0 0 0 0 0
"123" 123 0.0307692307692 456 27 16 1 0 0 0 0 0 0 0 0 0 0 0 0 0 0 0 0
"124" 124 0.278481012658 311 107 57 20 5 0 0 0 0 0 0 0 0 0 0 0 0 0 0 0
"125" 125 0.208121827411 493 3 2 2 0 0 0 0 0 0 0 0 0 0 0 0 0 0 0 0
"126" 126 0.300518134715 476 24 0 0 0 0 0 0 0 0 0 0 0 0 0 0 0 0 0 0
"127" 127 0.062015503876 274 183 21 18 4 0 0 0 0 0 0 0 0 0 0 0 0 0 0 0
"128" 128 0.535714285714 485 15 0 0 0 0 0 0 0 0 0 0 0 0 0 0 0 0 0 0
"129" 129 0.625 500 0 0 0 0 0 0 0 0 0 0 0 0 0 0 0 0 0 0 0
"130" 130 0.682119205298 473 15 12 0 0 0 0 0 0 0 0 0 0 0 0 0 0 0 0 0
"131" 131 0.396624472574 457 18 13 12 0 0 0 0 0 0 0 0 0 0 0 0 0 0 0 0
"132" 132 0.194092827004 480 12 8 0 0 0 0 0 0 0 0 0 0 0 0 0 0 0 0 0
"133" 133 0.53807106599 227 156 81 21 15 0 0 0 0 0 0 0 0 0 0 0 0 0 0 0
"134" 134 0.109195402299 394 94 6 4 1 1 0 0 0 0 0 0 0 0 0 0 0 0 0 0
"135" 135 0.370860927152 239 110 82 48 20 1 0 0 0 0 0 0 0 0 0 0 0 0 0 0
"136" 136 0.504464285714 159 117 109 45 22 13 12 10 4 4 3 2 0 0 0 0 0 0 0 0
"137" 137 0.248945147679 257 132 74 33 2 1 1 0 0 0 0 0 0 0 0 0 0 0 0 0
"138" 138 0.344370860927 276 86 58 54 7 6 5 4 2 1 1 0 0 0 0 0 0 0 0 0
"139" 139 0.0077519379845 257 122 61 42 5 4 4 4 1 0 0 0 0 0 0 0 0 0 0 0
"140" 140 0.412556053812 332 115 21 14 12 4 1 1 0 0 0 0 0 0 0 0 0 0 0 0
"141" 141 0.625 278 80 56 54 24 7 1 0 0 0 0 0 0 0 0 0 0 0 0 0
"142" 142 0.169154228856 405 36 13 12 8 7 7 3 3 3 2 1 0 0 0 0 0 0 0 0
"143" 143 0.031007751938 488 12 0 0 0 0 0 0 0 0 0 0 0 0 0 0 0 0 0 0
"144" 144 0.561181434599 352 39 36 26 24 19 3 1 0 0 0 0 0 0 0 0 0 0 0 0
"145" 145 0.569536423841 270 128 58 24 9 7 3 1 0 0 0 0 0 0 0 0 0 0 0 0
"146" 146 0.0945273631841 377 92 13 4 4 4 2 2 1 1 0 0 0 0 0 0 0 0 0 0
"147" 147 0.509615384615 500 0 0 0 0 0 0 0 0 0 0 0 0 0 0 0 0 0 0 0
"148" 148 0.616580310881 476 24 0 0 0 0 0 0 0 0 0 0 0 0 0 0 0 0 0 0
"149" 149 0.0862944162437 254 115 63 35 26 4 3 0 0 0 0 0 0 0 0 0 0 0 0 0
"150" 150 0.270440251572 179 69 56 53 50 35 20 13 11 5 4 3 1 1 0 0 0 0 0 0
"151" 151 0.129353233831 420 34 16 12 12 4 2 0 0 0 0 0 0 0 0 0 0 0 0 0
"152" 152 0.154811715481 388 83 12 4 4 4 2 1 1 1 0 0 0 0 0 0 0 0 0 0
"153" 153 0.169154228856 224 81 77 36 26 26 17 6 3 2 1 1 0 0 0 0 0 0 0 0
"154" 154 0.0 464 35 1 0 0 0 0 0 0 0 0 0 0 0 0 0 0 0 0 0
"155" 155 0.0 500 0 0 0 0 0 0 0 0 0 0 0 0 0 0 0 0 0 0 0
"156" 156 0.015503875969 372 124 4 0 0 0 0 0 0 0 0 0 0 0 0 0 0 0 0 0
"157" 157 0.362869198312 274 215 8 3 0 0 0 0 0 0 0 0 0 0 0 0 0 0 0 0
"158" 158 0.451282051282 242 192 59 7 0 0 0 0 0 0 0 0 0 0 0 0 0 0 0 0
"159" 159 0.418604651163 253 127 118 2 0 0 0 0 0 0 0 0 0 0 0 0 0 0 0 0
"160" 160 0.350253807107 493 7 0 0 0 0 0 0 0 0 0 0 0 0 0 0 0 0 0 0
"161" 161 0.297435897436 500 0 0 0 0 0 0 0 0 0 0 0 0 0 0 0 0 0 0 0
"162" 162 0.0114942528736 470 9 8 5 5 2 1 0 0 0 0 0 0 0 0 0 0 0 0 0
"163" 163 0.523316062176 191 111 94 43 40 13 4 2 2 0 0 0 0 0 0 0 0 0 0 0
"164" 164 0.325581395349 344 82 55 11 5 2 1 0 0 0 0 0 0 0 0 0 0 0 0 0
"165" 165 0.0 483 13 2 1 1 0 0 0 0 0 0 0 0 0 0 0 0 0 0 0
"166" 166 0.00418410041841 337 93 45 18 6 1 0 0 0 0 0 0 0 0 0 0 0 0 0 0
"167" 167 0.482142857143 154 142 97 31 26 23 15 8 4 0 0 0 0 0 0 0 0 0 0 0
"168" 168 0.191964285714 171 126 101 59 11 10 10 5 3 1 1 1 1 0 0 0 0 0 0 0
"169" 169 0.0 459 28 5 4 3 1 0 0 0 0 0 0 0 0 0 0 0 0 0 0
"170" 170 0.0387596899225 298 56 40 36 35 18 9 6 1 1 0 0 0 0 0 0 0 0 0 0
"171" 171 0.339416058394 279 143 62 13 3 0 0 0 0 0 0 0 0 0 0 0 0 0 0 0
"172" 172 0.0596026490066 286 101 47 25 21 12 3 3 1 1 0 0 0 0 0 0 0 0 0 0
"173" 173 0.0 496 4 0 0 0 0 0 0 0 0 0 0 0 0 0 0 0 0 0 0
"174" 174 0.129353233831 422 53 12 4 4 3 1 1 0 0 0 0 0 0 0 0 0 0 0 0
"175" 175 0.659192825112 310 140 41 5 2 1 1 0 0 0 0 0 0 0 0 0 0 0 0 0
"176" 176 0.282511210762 312 65 62 40 21 0 0 0 0 0 0 0 0 0 0 0 0 0 0 0
"177" 177 0.148717948718 438 54 5 2 1 0 0 0 0 0 0 0 0 0 0 0 0 0 0 0
"178" 178 0.591928251121 393 37 32 31 3 2 1 1 0 0 0 0 0 0 0 0 0 0 0 0
"179" 179 0.914728682171 233 127 77 23 21 12 6 1 0 0 0 0 0 0 0 0 0 0 0 0
