"site" "RSA" "aa1" "aa2" "aa3" "aa4" "aa5" "aa6" "aa7" "aa8" "aa9" "aa10" "aa11" "aa12" "aa13" "aa14" "aa15" "aa16" "aa17" "aa18" "aa19" "aa20"
"0" 0 0.883408071749 232 138 29 19 17 15 14 8 8 8 6 3 2 1 0 0 0 0 0 0
"1" 1 0.759615384615 377 42 18 13 12 10 7 4 4 3 3 2 2 2 1 0 0 0 0 0
"2" 2 0.336538461538 407 92 1 0 0 0 0 0 0 0 0 0 0 0 0 0 0 0 0 0
"3" 3 0.114427860697 143 82 52 42 42 33 22 22 16 13 6 6 5 5 4 3 3 1 0 0
"4" 4 0.276785714286 232 102 59 21 18 15 15 13 10 5 3 3 2 1 1 0 0 0 0 0
"5" 5 0.678571428571 133 122 85 66 46 24 9 4 3 2 2 1 1 1 1 0 0 0 0 0
"6" 6 0.193798449612 82 76 73 71 45 43 37 32 13 8 5 4 4 4 1 1 1 0 0 0
"7" 7 0.0 163 97 82 45 21 20 20 15 14 7 3 3 3 2 2 2 1 0 0 0
"8" 8 0.383211678832 179 115 63 39 34 30 19 6 5 4 2 2 1 1 0 0 0 0 0 0
"9" 9 0.387596899225 137 83 65 55 40 23 19 18 18 16 12 9 3 2 0 0 0 0 0 0
"10" 10 0.177304964539 151 150 71 27 23 22 21 17 4 3 3 3 2 2 1 0 0 0 0 0
"11" 11 0.0696517412935 226 67 62 30 28 17 15 14 14 9 5 4 3 2 2 1 1 0 0 0
"12" 12 0.609489051095 121 80 76 53 35 34 22 21 20 13 12 5 4 1 1 1 1 0 0 0
"13" 13 0.723214285714 169 95 84 41 22 17 15 15 8 7 6 6 5 4 3 2 1 0 0 0
"14" 14 0.481865284974 62 61 57 55 53 39 38 36 31 18 14 12 11 5 4 2 2 0 0 0
"15" 15 0.194029850746 139 60 55 41 32 32 27 18 17 15 14 14 10 7 7 6 4 2 0 0
"16" 16 0.586538461538 499 1 0 0 0 0 0 0 0 0 0 0 0 0 0 0 0 0 0 0
"17" 17 0.816143497758 136 121 66 65 40 37 21 7 3 3 1 0 0 0 0 0 0 0 0 0
"18" 18 0.240384615385 494 3 2 1 0 0 0 0 0 0 0 0 0 0 0 0 0 0 0 0
"19" 19 0.217616580311 246 56 38 30 21 21 20 20 17 9 7 5 4 4 2 0 0 0 0 0
"20" 20 0.482587064677 108 82 74 52 42 37 37 23 19 12 6 6 1 1 0 0 0 0 0 0
"21" 21 0.610465116279 103 96 77 62 35 31 28 25 15 12 9 5 2 0 0 0 0 0 0 0
"22" 22 0.0728476821192 92 66 65 45 43 29 27 25 21 20 20 11 10 10 6 4 4 2 0 0
"23" 23 0.427860696517 84 69 62 59 50 46 44 18 16 16 14 12 6 3 1 0 0 0 0 0
"24" 24 0.726368159204 204 64 63 38 37 24 20 9 8 7 6 6 5 5 3 1 0 0 0 0
"25" 25 0.655172413793 213 65 44 38 36 27 22 15 14 13 5 3 2 2 1 0 0 0 0 0
"26" 26 0.0862068965517 209 182 37 14 13 9 9 9 4 4 3 3 2 1 1 0 0 0 0 0
"27" 27 0.427672955975 220 165 36 18 16 14 8 7 7 6 3 0 0 0 0 0 0 0 0 0
"28" 28 0.647321428571 149 140 61 56 34 28 16 9 3 2 1 1 0 0 0 0 0 0 0 0
"29" 29 0.751295336788 219 80 57 38 37 18 15 12 12 6 3 2 1 0 0 0 0 0 0 0
"30" 30 0.283582089552 209 122 28 27 25 18 17 16 11 8 5 4 3 2 2 1 1 1 0 0
"31" 31 0.526785714286 163 80 58 58 33 26 21 16 16 11 8 5 2 1 1 1 0 0 0 0
"32" 32 0.0769230769231 233 179 35 33 17 2 1 0 0 0 0 0 0 0 0 0 0 0 0 0
"33" 33 0.258928571429 182 92 63 59 48 29 10 9 3 2 1 1 1 0 0 0 0 0 0 0
"34" 34 0.0 328 106 19 13 12 6 4 4 3 2 2 1 0 0 0 0 0 0 0 0
"35" 35 0.0574712643678 123 100 58 45 44 29 28 27 22 10 4 3 3 3 1 0 0 0 0 0
"36" 36 0.00507614213198 115 82 69 50 44 42 27 18 14 9 7 6 5 3 3 3 2 1 0 0
"37" 37 0.169154228856 132 99 96 74 39 31 16 7 3 2 1 0 0 0 0 0 0 0 0 0
"38" 38 0.0 224 191 56 16 4 3 2 2 1 1 0 0 0 0 0 0 0 0 0 0
"39" 39 0.37552742616 224 108 55 45 20 14 11 8 6 4 2 1 1 1 0 0 0 0 0 0
"40" 40 0.25 160 115 62 60 43 18 9 8 7 6 4 4 3 1 0 0 0 0 0 0
"41" 41 0.394230769231 114 100 88 86 55 12 10 9 9 8 4 2 1 1 1 0 0 0 0 0
"42" 42 0.0 497 3 0 0 0 0 0 0 0 0 0 0 0 0 0 0 0 0 0 0
"43" 43 0.0 277 41 33 25 19 18 16 14 14 13 11 10 4 2 2 1 0 0 0 0
"44" 44 0.0 156 114 69 52 35 22 17 15 12 6 2 0 0 0 0 0 0 0 0 0
"45" 45 0.0 353 135 5 4 2 1 0 0 0 0 0 0 0 0 0 0 0 0 0 0
"46" 46 0.0 500 0 0 0 0 0 0 0 0 0 0 0 0 0 0 0 0 0 0 0
"47" 47 0.0547263681592 195 88 61 39 31 23 17 10 9 9 7 6 2 2 1 0 0 0 0 0
"48" 48 0.301418439716 132 90 86 64 43 33 18 15 6 5 4 3 1 0 0 0 0 0 0 0
"49" 49 0.00574712643678 148 108 64 62 27 15 14 13 11 7 6 6 6 4 4 3 1 1 0 0
"50" 50 0.0 298 74 37 25 22 15 7 5 3 3 3 3 2 2 1 0 0 0 0 0
"51" 51 0.410714285714 227 105 82 40 25 5 3 3 3 2 2 1 1 1 0 0 0 0 0 0
"52" 52 0.375912408759 271 75 51 33 21 16 10 6 4 4 3 2 2 1 1 0 0 0 0 0
"53" 53 0.00574712643678 139 107 105 40 35 21 12 9 9 8 6 5 2 1 1 0 0 0 0 0
"54" 54 0.0 245 100 60 39 17 14 8 6 5 2 2 1 1 0 0 0 0 0 0 0
"55" 55 0.279069767442 109 83 79 62 49 48 26 16 8 6 5 5 2 1 1 0 0 0 0 0
"56" 56 0.164179104478 201 140 42 27 25 20 17 13 6 4 2 2 1 0 0 0 0 0 0 0
"57" 57 0.217054263566 377 45 21 14 13 7 5 4 4 2 2 2 1 1 1 1 0 0 0 0
"58" 58 0.108808290155 378 42 38 7 7 6 6 6 4 4 1 1 0 0 0 0 0 0 0 0
"59" 59 0.691823899371 124 117 91 75 50 16 15 3 3 3 2 1 0 0 0 0 0 0 0 0
"60" 60 0.594890510949 186 148 72 26 21 20 8 6 6 5 2 0 0 0 0 0 0 0 0 0
"61" 61 0.104651162791 153 88 86 63 33 33 33 7 2 1 1 0 0 0 0 0 0 0 0 0
"62" 62 0.240310077519 146 104 73 43 41 32 18 15 12 6 4 2 2 1 1 0 0 0 0 0
"63" 63 0.0794979079498 267 70 59 39 26 18 10 5 3 2 1 0 0 0 0 0 0 0 0 0
"64" 64 0.354651162791 141 136 64 42 25 22 21 18 17 8 3 3 0 0 0 0 0 0 0 0
"65" 65 0.40251572327 307 80 42 21 13 11 9 7 3 3 2 2 0 0 0 0 0 0 0 0
"66" 66 0.422885572139 247 58 42 40 32 31 22 19 4 2 1 1 1 0 0 0 0 0 0 0
"67" 67 0.155172413793 121 105 88 68 27 22 15 13 11 8 7 6 4 3 1 1 0 0 0 0
"68" 68 0.519379844961 143 91 71 48 24 23 20 20 19 13 12 7 4 3 1 1 0 0 0 0
"69" 69 0.263392857143 208 70 63 41 33 19 14 10 8 7 7 6 5 3 3 2 1 0 0 0
"70" 70 0.115384615385 495 4 1 0 0 0 0 0 0 0 0 0 0 0 0 0 0 0 0 0
"71" 71 0.240310077519 128 78 78 49 44 40 22 16 13 10 7 7 5 2 1 0 0 0 0 0
"72" 72 0.434306569343 115 96 90 41 41 34 26 14 9 8 6 4 4 4 3 3 1 1 0 0
"73" 73 0.0747126436782 174 149 49 33 27 14 13 10 9 9 5 3 2 2 1 0 0 0 0 0
"74" 74 0.488372093023 260 67 62 25 25 18 15 8 5 5 3 2 2 2 1 0 0 0 0 0
"75" 75 0.660714285714 135 122 81 32 28 21 17 13 12 11 10 6 5 5 1 1 0 0 0 0
"76" 76 0.490384615385 490 10 0 0 0 0 0 0 0 0 0 0 0 0 0 0 0 0 0 0
"77" 77 0.25 92 82 74 59 56 43 24 14 13 9 8 8 7 5 3 2 1 0 0 0
"78" 78 0.325892857143 133 113 87 58 30 23 20 18 5 5 3 3 2 0 0 0 0 0 0 0
"79" 79 0.0 126 109 86 44 36 28 27 21 8 7 7 1 0 0 0 0 0 0 0 0
"80" 80 0.0 284 153 23 15 5 5 4 4 3 1 1 1 1 0 0 0 0 0 0 0
"81" 81 0.262773722628 180 96 61 59 35 19 11 9 8 7 6 4 3 2 0 0 0 0 0 0
"82" 82 0.0 196 72 50 48 34 25 20 18 13 11 8 3 1 1 0 0 0 0 0 0
"83" 83 0.368613138686 235 89 72 40 11 9 9 7 7 7 6 6 2 0 0 0 0 0 0 0
"84" 84 0.0480769230769 500 0 0 0 0 0 0 0 0 0 0 0 0 0 0 0 0 0 0 0
"85" 85 0.100628930818 160 120 58 54 37 26 13 9 8 5 4 2 1 1 1 1 0 0 0 0
"86" 86 0.044776119403 204 73 66 54 37 28 19 4 3 3 2 2 2 2 1 0 0 0 0 0
"87" 87 0.233576642336 147 128 72 38 29 21 20 14 7 6 4 3 3 3 3 1 1 0 0 0
"88" 88 0.0480769230769 325 150 12 2 2 2 1 1 1 1 1 1 1 0 0 0 0 0 0 0
"89" 89 0.0 352 121 9 7 4 2 2 1 1 1 0 0 0 0 0 0 0 0 0 0
"90" 90 0.223880597015 155 113 65 27 25 21 17 14 11 11 11 10 7 4 4 3 2 0 0 0
"91" 91 0.100775193798 128 81 59 46 45 41 30 18 14 10 7 7 4 4 3 2 1 0 0 0
"92" 92 0.0 238 146 104 7 2 1 1 1 0 0 0 0 0 0 0 0 0 0 0 0
"93" 93 0.214285714286 249 159 32 22 22 4 3 3 2 2 1 1 0 0 0 0 0 0 0 0
"94" 94 0.361313868613 136 87 60 60 45 35 27 15 14 9 5 3 2 1 1 0 0 0 0 0
"95" 95 0.0646766169154 195 77 73 26 25 25 13 12 11 8 7 7 6 5 5 4 1 0 0 0
"96" 96 0.0 355 72 39 9 9 4 4 2 2 2 1 1 0 0 0 0 0 0 0 0
"97" 97 0.00995024875622 289 77 41 19 17 15 8 8 7 6 5 4 2 2 0 0 0 0 0 0
"98" 98 0.430769230769 193 86 78 26 23 17 16 14 11 9 8 7 5 3 2 2 0 0 0 0
"99" 99 0.044776119403 173 100 76 44 24 15 13 11 10 9 6 6 5 3 3 1 1 0 0 0
"100" 100 0.00497512437811 201 126 56 39 17 17 16 8 6 3 3 2 2 2 1 1 0 0 0 0
"101" 101 0.107623318386 277 75 61 49 27 6 3 2 0 0 0 0 0 0 0 0 0 0 0 0
"102" 102 0.178832116788 196 89 46 41 38 23 17 14 13 11 7 4 1 0 0 0 0 0 0 0
"103" 103 0.00995024875622 192 106 87 27 22 20 11 11 9 6 4 3 1 1 0 0 0 0 0 0
"104" 104 0.0 390 89 16 5 0 0 0 0 0 0 0 0 0 0 0 0 0 0 0 0
"105" 105 0.0288461538462 495 5 0 0 0 0 0 0 0 0 0 0 0 0 0 0 0 0 0 0
"106" 106 0.0 220 89 59 53 25 21 15 8 5 5 0 0 0 0 0 0 0 0 0 0
"107" 107 0.0 429 66 2 2 1 0 0 0 0 0 0 0 0 0 0 0 0 0 0 0
"108" 108 0.168604651163 135 116 58 50 47 40 14 12 11 10 6 1 0 0 0 0 0 0 0 0
"109" 109 0.213930348259 113 107 81 51 38 38 23 13 9 9 7 4 2 2 1 1 1 0 0 0
"110" 110 0.0 231 144 45 39 24 8 3 2 2 1 1 0 0 0 0 0 0 0 0 0
"111" 111 0.167883211679 173 147 77 26 25 8 8 7 6 5 5 5 5 1 1 1 0 0 0 0
"112" 112 0.22480620155 135 118 91 51 26 14 14 12 12 7 7 7 3 1 1 1 0 0 0 0
"113" 113 0.0380228136882 245 80 40 29 25 20 19 13 11 7 3 3 2 1 1 1 0 0 0 0
"114" 114 0.252873563218 140 99 64 36 32 30 26 14 11 10 10 7 6 6 6 2 1 0 0 0
"115" 115 0.473214285714 116 91 74 43 34 30 27 21 21 17 9 7 3 3 2 1 1 0 0 0
"116" 116 0.178294573643 115 72 71 61 42 30 25 16 12 11 10 10 8 7 6 2 1 1 0 0
"117" 117 0.0298507462687 137 88 84 73 26 18 16 15 14 11 7 5 5 1 0 0 0 0 0 0
"118" 118 0.596899224806 114 89 84 58 39 35 21 20 13 10 7 4 3 2 1 0 0 0 0 0
"119" 119 0.846153846154 500 0 0 0 0 0 0 0 0 0 0 0 0 0 0 0 0 0 0 0
"120" 120 0.255813953488 138 103 102 35 28 21 20 20 18 7 4 1 1 1 1 0 0 0 0 0
"121" 121 0.616033755274 202 153 50 40 13 9 9 8 6 6 2 1 1 0 0 0 0 0 0 0
"122" 122 0.093023255814 172 170 99 23 16 6 3 3 2 2 1 1 1 1 0 0 0 0 0 0
"123" 123 0.260089686099 184 113 57 39 32 29 10 9 8 7 4 3 2 2 1 0 0 0 0 0
"124" 124 0.0203045685279 199 100 51 49 40 19 17 12 4 2 2 2 1 1 1 0 0 0 0 0
"125" 125 0.0646766169154 336 46 33 25 14 14 12 8 5 3 2 1 1 0 0 0 0 0 0 0
"126" 126 0.00518134715026 372 35 32 23 23 15 0 0 0 0 0 0 0 0 0 0 0 0 0 0
"127" 127 0.139534883721 349 82 50 18 1 0 0 0 0 0 0 0 0 0 0 0 0 0 0 0
"128" 128 0.332116788321 170 92 62 35 32 30 26 25 14 6 5 1 1 1 0 0 0 0 0 0
"129" 129 0.535864978903 137 125 53 51 33 24 23 14 12 7 7 5 4 3 1 1 0 0 0 0
"130" 130 0.122093023256 176 110 41 33 31 25 15 9 9 9 7 7 7 6 6 4 4 1 0 0
"131" 131 0.28488372093 170 89 66 55 40 20 17 15 8 6 6 3 2 2 1 0 0 0 0 0
"132" 132 0.761006289308 336 76 41 33 7 4 2 1 0 0 0 0 0 0 0 0 0 0 0 0
"133" 133 0.682692307692 500 0 0 0 0 0 0 0 0 0 0 0 0 0 0 0 0 0 0 0
"134" 134 0.1592039801 164 91 64 53 43 32 32 9 7 4 1 0 0 0 0 0 0 0 0 0
"135" 135 0.204379562044 141 103 61 50 45 32 23 11 8 8 6 5 3 2 2 0 0 0 0 0
"136" 136 0.410852713178 97 74 54 45 38 37 33 25 21 16 13 13 11 9 6 5 3 0 0 0
"137" 137 0.0497512437811 121 113 95 38 36 27 21 20 7 6 4 3 3 2 2 1 1 0 0 0
"138" 138 0.0 103 88 58 44 42 37 31 30 21 21 11 5 5 3 1 0 0 0 0 0
"139" 139 0.042194092827 94 80 72 52 36 35 35 35 20 13 13 11 2 1 1 0 0 0 0 0
"140" 140 0.163498098859 149 137 117 18 15 15 9 9 9 8 3 3 3 2 1 1 1 0 0 0
"141" 141 0.0 429 62 4 4 1 0 0 0 0 0 0 0 0 0 0 0 0 0 0 0
"142" 142 0.0 142 117 55 51 40 35 28 14 9 6 2 1 0 0 0 0 0 0 0 0
"143" 143 0.459854014599 145 114 93 50 33 17 12 7 7 5 4 3 3 2 2 2 1 0 0 0
"144" 144 0.132183908046 88 67 66 52 49 31 29 25 22 16 12 12 10 7 6 4 4 0 0 0
"145" 145 0.0 418 70 11 1 0 0 0 0 0 0 0 0 0 0 0 0 0 0 0 0
"146" 146 0.394230769231 500 0 0 0 0 0 0 0 0 0 0 0 0 0 0 0 0 0 0 0
"147" 147 0.0288461538462 372 79 26 19 3 1 0 0 0 0 0 0 0 0 0 0 0 0 0 0
"148" 148 0.496350364964 192 83 65 56 40 19 14 10 9 4 3 3 1 1 0 0 0 0 0 0
"149" 149 0.261538461538 347 47 43 34 9 8 4 3 3 1 1 0 0 0 0 0 0 0 0 0
"150" 150 0.200956937799 236 192 61 5 3 2 1 0 0 0 0 0 0 0 0 0 0 0 0 0
"151" 151 0.0985401459854 272 95 56 49 8 5 3 3 3 2 2 1 1 0 0 0 0 0 0 0
"152" 152 0.3536121673 141 66 53 53 47 40 27 17 13 11 8 8 7 6 2 1 0 0 0 0
"153" 153 0.0288461538462 352 97 40 7 2 1 1 0 0 0 0 0 0 0 0 0 0 0 0 0
"154" 154 0.572139303483 188 109 53 32 31 30 14 13 12 11 4 1 1 1 0 0 0 0 0 0
"155" 155 0.627615062762 149 79 75 66 25 24 20 15 14 11 10 8 3 1 0 0 0 0 0 0
"156" 156 0.316062176166 163 102 102 35 27 20 13 13 7 7 4 3 3 1 0 0 0 0 0 0
"157" 157 0.173076923077 217 109 47 30 17 15 15 10 9 8 7 6 4 2 2 2 0 0 0 0
"158" 158 0.177664974619 198 60 55 39 34 20 18 17 17 14 12 8 4 1 1 1 1 0 0 0
"159" 159 0.0796019900498 133 118 61 52 52 20 19 19 15 4 3 2 1 1 0 0 0 0 0 0
"160" 160 0.0995024875622 130 111 100 66 37 15 13 8 7 5 3 3 1 1 0 0 0 0 0 0
"161" 161 0.282700421941 256 69 66 35 25 17 12 8 4 4 1 1 1 1 0 0 0 0 0 0
"162" 162 0.308035714286 174 93 52 47 33 28 27 13 12 7 5 3 3 2 1 0 0 0 0 0
"163" 163 0.630769230769 158 119 102 37 29 24 7 6 6 6 4 1 1 0 0 0 0 0 0 0
"164" 164 0.435406698565 140 116 102 52 46 15 9 6 5 4 3 1 1 0 0 0 0 0 0 0
"165" 165 0.0747126436782 89 88 79 56 55 29 27 23 19 15 8 4 2 2 2 2 0 0 0 0
"166" 166 0.63503649635 145 75 72 61 59 39 21 6 6 5 3 3 2 2 1 0 0 0 0 0
"167" 167 0.627906976744 133 103 71 34 31 28 25 15 14 13 13 10 4 2 2 2 0 0 0 0
"168" 168 0.093023255814 274 49 35 29 28 19 15 14 9 9 6 5 4 2 2 0 0 0 0 0
"169" 169 0.673076923077 489 11 0 0 0 0 0 0 0 0 0 0 0 0 0 0 0 0 0 0
"170" 170 0.182692307692 446 17 16 10 8 1 1 1 0 0 0 0 0 0 0 0 0 0 0 0
"171" 171 0.00574712643678 198 146 63 39 13 11 7 5 3 3 3 3 3 1 1 1 0 0 0 0
"172" 172 0.0384615384615 123 120 59 51 35 26 21 19 13 11 6 6 4 3 2 1 0 0 0 0
"173" 173 0.34375 126 83 80 43 38 38 32 18 13 9 5 4 4 3 2 1 1 0 0 0
"174" 174 0.031007751938 295 138 42 6 5 4 4 4 1 1 0 0 0 0 0 0 0 0 0 0
"175" 175 0.0 152 128 77 54 46 22 6 4 3 3 2 1 1 1 0 0 0 0 0 0
"176" 176 0.481751824818 124 106 93 76 20 18 13 13 10 8 5 4 3 2 2 2 1 0 0 0
"177" 177 0.386861313869 84 81 73 62 35 31 27 24 22 15 14 12 7 5 3 2 2 1 0 0
"178" 178 0.124031007752 122 111 39 37 36 36 28 18 13 13 13 11 7 7 5 3 1 0 0 0
"179" 179 0.409282700422 130 109 63 54 43 32 15 9 9 7 6 6 6 6 2 2 1 0 0 0
"180" 180 0.627906976744 129 93 60 34 34 33 33 31 22 16 7 3 2 2 1 0 0 0 0 0
"181" 181 0.722627737226 128 120 120 35 26 21 19 13 9 4 2 2 1 0 0 0 0 0 0 0
"182" 182 0.22480620155 246 73 70 57 27 6 4 3 3 3 3 3 1 1 0 0 0 0 0 0
"183" 183 0.314465408805 152 146 54 43 33 17 16 16 13 5 3 2 0 0 0 0 0 0 0 0
"184" 184 0.885167464115 264 82 73 40 14 11 8 5 3 0 0 0 0 0 0 0 0 0 0 0
"185" 185 0.631178707224 137 109 68 54 47 31 23 15 7 5 2 1 1 0 0 0 0 0 0 0
"186" 186 0.199004975124 339 44 21 19 14 14 11 10 9 6 6 4 3 0 0 0 0 0 0 0
"187" 187 0.569620253165 217 53 40 38 31 25 21 17 16 13 11 6 5 3 2 1 1 0 0 0
"188" 188 0.0172413793103 278 54 47 41 35 19 13 6 5 1 1 0 0 0 0 0 0 0 0 0
"189" 189 0.0223214285714 166 106 78 61 21 18 17 9 8 7 3 3 1 1 1 0 0 0 0 0
"190" 190 0.0 154 137 107 76 12 8 3 2 1 0 0 0 0 0 0 0 0 0 0 0
"191" 191 0.0892857142857 214 105 61 23 21 15 12 10 9 8 7 6 4 2 1 1 1 0 0 0
"192" 192 0.0 370 70 24 11 10 8 4 1 1 1 0 0 0 0 0 0 0 0 0 0
"193" 193 0.434306569343 258 40 39 35 35 24 20 16 11 11 5 3 2 1 0 0 0 0 0 0
"194" 194 0.192052980132 318 58 51 34 26 5 3 2 2 1 0 0 0 0 0 0 0 0 0 0
"195" 195 0.164179104478 272 45 42 31 26 19 17 11 10 8 8 5 4 1 1 0 0 0 0 0
"196" 196 0.584821428571 214 138 43 42 23 15 11 7 5 2 0 0 0 0 0 0 0 0 0 0
"197" 197 0.138392857143 339 59 35 18 14 9 7 5 5 4 2 1 1 1 0 0 0 0 0 0
"198" 198 0.0 159 142 100 26 19 17 8 6 5 5 4 4 3 1 1 0 0 0 0 0
"199" 199 0.361607142857 111 88 68 67 57 29 22 19 18 11 3 3 3 1 0 0 0 0 0 0
"200" 200 0.375 212 117 86 26 21 10 7 6 4 3 3 2 1 1 1 0 0 0 0 0
"201" 201 0.0 417 59 15 3 2 2 1 1 0 0 0 0 0 0 0 0 0 0 0 0
"202" 202 0.139303482587 203 73 42 38 27 26 20 15 11 11 10 7 5 4 4 3 1 0 0 0
"203" 203 0.705357142857 102 102 67 61 44 34 30 23 12 6 6 5 4 3 1 0 0 0 0 0
"204" 204 0.124031007752 364 57 53 7 5 3 3 3 1 1 1 1 1 0 0 0 0 0 0 0
"205" 205 0.269230769231 492 7 1 0 0 0 0 0 0 0 0 0 0 0 0 0 0 0 0 0
"206" 206 0.0387596899225 369 116 7 3 2 2 1 0 0 0 0 0 0 0 0 0 0 0 0 0
"207" 207 0.269430051813 132 97 73 62 45 29 18 12 11 4 4 3 2 2 2 2 1 1 0 0
"208" 208 0.164179104478 294 76 43 26 11 11 8 8 7 6 5 3 1 1 0 0 0 0 0 0
"209" 209 0.0 370 65 28 10 6 6 5 5 2 2 1 0 0 0 0 0 0 0 0 0
"210" 210 0.0149253731343 177 73 57 39 32 30 29 19 14 10 8 3 3 2 2 1 1 0 0 0
"211" 211 0.00995024875622 304 74 30 21 20 20 15 7 4 2 1 1 1 0 0 0 0 0 0 0
"212" 212 0.145077720207 232 88 33 32 26 24 23 13 11 8 5 3 1 1 0 0 0 0 0 0
"213" 213 0.389743589744 301 100 44 20 12 11 9 2 1 0 0 0 0 0 0 0 0 0 0 0
"214" 214 0.092050209205 154 108 89 48 26 19 17 14 6 6 5 4 2 1 1 0 0 0 0 0
"215" 215 0.522012578616 253 148 44 24 7 6 5 4 4 3 2 0 0 0 0 0 0 0 0 0
"216" 216 0.273631840796 127 82 70 67 26 26 24 20 19 12 11 4 4 3 2 1 1 1 0 0
"217" 217 0.589285714286 187 132 43 36 36 21 14 13 7 5 4 2 0 0 0 0 0 0 0 0
"218" 218 0.170542635659 244 56 47 39 30 26 20 14 7 4 3 3 2 2 2 1 0 0 0 0
"219" 219 0.0497512437811 170 91 38 37 36 23 22 22 21 11 10 7 6 2 1 1 1 1 0 0
"220" 220 0.510948905109 168 94 77 71 24 14 12 11 11 6 5 4 2 1 0 0 0 0 0 0
"221" 221 0.227678571429 177 114 56 40 20 20 17 14 13 11 8 4 4 2 0 0 0 0 0 0
"222" 222 0.0 281 43 40 36 23 19 14 12 11 7 6 2 2 1 1 1 1 0 0 0
"223" 223 0.183908045977 164 105 42 41 27 22 22 17 15 15 7 7 6 3 3 2 1 1 0 0
"224" 224 0.598540145985 155 65 60 49 46 43 28 18 12 11 4 4 2 2 1 0 0 0 0 0
"225" 225 0.321167883212 86 72 62 57 46 34 30 30 22 18 16 9 7 6 2 2 1 0 0 0
"226" 226 0.00574712643678 94 90 81 54 30 27 27 25 24 16 12 8 5 5 1 1 0 0 0 0
"227" 227 0.557692307692 314 150 14 8 7 3 3 1 0 0 0 0 0 0 0 0 0 0 0 0
"228" 228 0.653846153846 410 64 8 6 5 3 3 1 0 0 0 0 0 0 0 0 0 0 0 0
"229" 229 0.580291970803 172 80 72 34 32 30 22 19 14 5 5 4 3 3 2 2 1 0 0 0
"230" 230 0.132183908046 203 157 32 21 19 17 14 13 8 6 6 2 1 1 0 0 0 0 0 0
"231" 231 0.295597484277 202 107 46 42 31 17 15 13 8 6 5 3 3 2 0 0 0 0 0 0
"232" 232 0.0199004975124 360 57 17 13 11 11 9 7 5 3 3 2 1 1 0 0 0 0 0 0
"233" 233 0.03125 114 96 61 58 56 26 18 15 11 11 9 9 8 4 2 1 1 0 0 0
"234" 234 0.0077519379845 163 105 68 50 40 24 21 16 5 3 2 1 1 1 0 0 0 0 0 0
"235" 235 0.152317880795 198 153 50 47 26 7 5 4 4 3 2 1 0 0 0 0 0 0 0 0
"236" 236 0.163461538462 500 0 0 0 0 0 0 0 0 0 0 0 0 0 0 0 0 0 0 0
"237" 237 0.605128205128 429 42 19 5 3 1 1 0 0 0 0 0 0 0 0 0 0 0 0 0
"238" 238 0.133027522936 106 104 64 62 47 37 26 26 13 11 2 1 1 0 0 0 0 0 0 0
"239" 239 0.348837209302 334 50 32 22 19 9 9 9 6 4 4 1 1 0 0 0 0 0 0 0
"240" 240 0.373134328358 113 81 66 57 42 42 25 18 17 12 7 6 3 3 3 2 1 1 1 0
"241" 241 0.71875 213 132 47 37 18 13 9 9 7 6 4 4 1 0 0 0 0 0 0 0
"242" 242 0.507299270073 280 123 25 21 17 10 8 8 2 2 2 2 0 0 0 0 0 0 0 0
"243" 243 0.0 242 135 37 34 12 12 11 4 4 2 2 2 1 1 1 0 0 0 0 0
"244" 244 0.413502109705 144 126 93 22 20 16 15 13 12 12 6 5 5 4 3 3 1 0 0 0
"245" 245 0.170542635659 172 124 53 29 24 24 17 16 10 9 8 5 3 2 2 1 1 0 0 0
"246" 246 0.0077519379845 276 132 32 14 13 10 6 5 4 3 2 2 1 0 0 0 0 0 0 0
"247" 247 0.0387596899225 299 117 26 25 16 4 3 2 2 2 2 1 1 0 0 0 0 0 0 0
"248" 248 0.589285714286 118 112 104 38 30 20 16 14 13 11 9 7 3 2 2 1 0 0 0 0
"249" 249 0.162790697674 268 52 34 30 29 27 19 15 9 5 3 3 3 2 1 0 0 0 0 0
"250" 250 0.221153846154 500 0 0 0 0 0 0 0 0 0 0 0 0 0 0 0 0 0 0 0
"251" 251 0.00574712643678 130 117 104 75 22 20 12 6 5 4 2 2 1 0 0 0 0 0 0 0
"252" 252 0.19170984456 264 73 39 34 25 17 16 11 8 4 4 2 2 1 0 0 0 0 0 0
"253" 253 0.285171102662 321 72 41 16 15 13 9 6 3 2 1 1 0 0 0 0 0 0 0 0
"254" 254 0.0 164 132 109 55 17 15 3 2 1 1 1 0 0 0 0 0 0 0 0 0
"255" 255 0.0198675496689 226 87 58 36 30 22 21 6 5 4 2 1 1 1 0 0 0 0 0 0
"256" 256 0.0 196 167 27 26 26 22 18 6 5 2 2 2 1 0 0 0 0 0 0 0
"257" 257 0.134615384615 150 122 66 52 29 16 14 14 14 6 5 5 3 2 1 1 0 0 0 0
"258" 258 0.147286821705 165 81 78 30 28 28 20 19 17 12 10 9 2 1 0 0 0 0 0 0
"259" 259 0.0 207 118 64 36 23 12 11 8 7 7 3 3 1 0 0 0 0 0 0 0
"260" 260 0.0290697674419 278 119 62 17 8 6 3 3 2 1 1 0 0 0 0 0 0 0 0 0
"261" 261 0.641148325359 177 151 33 29 23 18 17 14 11 7 6 5 4 3 2 0 0 0 0 0
"262" 262 0.523178807947 217 65 59 44 43 29 26 6 3 3 2 2 1 0 0 0 0 0 0 0
"263" 263 0.0697674418605 283 111 36 26 12 11 9 4 3 3 1 1 0 0 0 0 0 0 0 0
"264" 264 0.527426160338 110 72 53 53 45 41 39 20 14 10 9 8 8 7 6 5 0 0 0 0
"265" 265 0.387596899225 165 66 62 58 40 30 16 13 12 12 8 5 5 3 3 1 1 0 0 0
"266" 266 0.00497512437811 158 147 59 52 16 14 11 9 8 7 7 4 3 3 2 0 0 0 0 0
"267" 267 0.414507772021 141 88 76 69 48 45 11 6 5 3 2 2 2 1 1 0 0 0 0 0
"268" 268 0.0199004975124 165 64 56 55 32 30 26 20 19 15 8 3 2 2 1 1 1 0 0 0
"269" 269 0.17880794702 258 128 33 32 13 11 9 6 4 3 1 1 1 0 0 0 0 0 0 0
"270" 270 0.0746268656716 128 102 80 40 30 28 20 18 17 14 6 5 5 3 2 2 0 0 0 0
"271" 271 0.557213930348 117 84 67 54 49 38 21 19 17 13 9 7 5 0 0 0 0 0 0 0
"272" 272 0.258620689655 124 112 67 43 39 19 18 16 13 12 10 8 7 6 3 3 0 0 0 0
"273" 273 0.350574712644 129 76 76 49 49 40 38 23 6 5 3 3 2 1 0 0 0 0 0 0
"274" 274 0.824817518248 251 157 88 2 1 1 0 0 0 0 0 0 0 0 0 0 0 0 0 0
"275" 275 1.0 181 103 46 35 33 26 23 14 12 10 7 4 3 1 1 1 0 0 0 0
