"site" "RSA" "aa1" "aa2" "aa3" "aa4" "aa5" "aa6" "aa7" "aa8" "aa9" "aa10" "aa11" "aa12" "aa13" "aa14" "aa15" "aa16" "aa17" "aa18" "aa19" "aa20"
"0" 0 0.805031446541 367 53 45 15 6 4 4 3 2 1 0 0 0 0 0 0 0 0 0 0
"1" 1 0.041825095057 391 109 0 0 0 0 0 0 0 0 0 0 0 0 0 0 0 0 0 0
"2" 2 0.0 448 32 12 5 1 1 1 0 0 0 0 0 0 0 0 0 0 0 0 0
"3" 3 0.0 469 14 13 2 1 1 0 0 0 0 0 0 0 0 0 0 0 0 0 0
"4" 4 0.0 238 229 12 10 7 4 0 0 0 0 0 0 0 0 0 0 0 0 0 0
"5" 5 0.0 314 141 24 8 7 4 1 1 0 0 0 0 0 0 0 0 0 0 0 0
"6" 6 0.041825095057 189 177 77 48 9 0 0 0 0 0 0 0 0 0 0 0 0 0 0 0
"7" 7 0.167300380228 233 144 63 48 4 4 2 1 1 0 0 0 0 0 0 0 0 0 0 0
"8" 8 0.158940397351 192 100 80 63 34 28 2 1 0 0 0 0 0 0 0 0 0 0 0 0
"9" 9 0.226277372263 104 98 82 64 36 31 30 22 20 4 4 2 2 1 0 0 0 0 0 0
"10" 10 0.77990430622 146 101 86 58 39 28 13 10 8 6 3 1 1 0 0 0 0 0 0 0
"11" 11 0.365384615385 456 23 10 4 4 1 1 1 0 0 0 0 0 0 0 0 0 0 0 0
"12" 12 0.139534883721 156 94 45 42 36 32 27 18 17 7 6 6 5 5 3 1 0 0 0 0
"13" 13 0.00581395348837 239 135 87 17 10 6 3 3 0 0 0 0 0 0 0 0 0 0 0 0
"14" 14 0.193798449612 144 106 68 39 28 26 26 19 19 6 6 5 3 3 1 1 0 0 0 0
"15" 15 0.348214285714 139 89 84 75 35 27 15 13 11 6 2 1 1 1 1 0 0 0 0 0
"16" 16 0.0045871559633 196 74 71 48 45 23 15 12 7 5 2 1 1 0 0 0 0 0 0 0
"17" 17 0.0 420 35 24 15 2 2 1 1 0 0 0 0 0 0 0 0 0 0 0 0
"18" 18 0.423357664234 157 100 76 36 35 33 17 13 11 9 5 3 3 1 1 0 0 0 0 0
"19" 19 0.0313901345291 147 119 65 45 36 33 20 13 8 4 4 3 2 1 0 0 0 0 0 0
"20" 20 0.00507614213198 370 36 35 17 15 13 8 5 1 0 0 0 0 0 0 0 0 0 0 0
"21" 21 0.046511627907 355 81 48 6 5 4 1 0 0 0 0 0 0 0 0 0 0 0 0 0
"22" 22 0.408759124088 240 111 55 40 20 9 9 6 4 3 2 1 0 0 0 0 0 0 0 0
"23" 23 0.0 500 0 0 0 0 0 0 0 0 0 0 0 0 0 0 0 0 0 0 0
"24" 24 0.0 439 48 7 2 2 2 0 0 0 0 0 0 0 0 0 0 0 0 0 0
"25" 25 0.508928571429 192 89 85 40 39 23 21 9 2 0 0 0 0 0 0 0 0 0 0 0
"26" 26 0.448430493274 215 124 65 44 25 11 9 4 3 0 0 0 0 0 0 0 0 0 0 0
"27" 27 0.105769230769 411 89 0 0 0 0 0 0 0 0 0 0 0 0 0 0 0 0 0 0
"28" 28 0.644230769231 500 0 0 0 0 0 0 0 0 0 0 0 0 0 0 0 0 0 0 0
"29" 29 0.175732217573 232 146 51 30 19 13 3 3 2 1 0 0 0 0 0 0 0 0 0 0
"30" 30 0.232142857143 274 147 25 15 9 7 7 6 5 2 2 1 0 0 0 0 0 0 0 0
"31" 31 0.186046511628 446 36 16 2 0 0 0 0 0 0 0 0 0 0 0 0 0 0 0 0
"32" 32 0.295620437956 240 160 34 21 19 8 5 3 3 3 2 1 1 0 0 0 0 0 0 0
"33" 33 0.0459770114943 238 79 36 36 29 28 22 14 7 6 4 1 0 0 0 0 0 0 0 0
"34" 34 0.189781021898 456 16 8 8 8 3 1 0 0 0 0 0 0 0 0 0 0 0 0 0
"35" 35 0.093023255814 470 19 10 1 0 0 0 0 0 0 0 0 0 0 0 0 0 0 0 0
"36" 36 0.0229885057471 200 165 117 9 4 2 2 1 0 0 0 0 0 0 0 0 0 0 0 0
"37" 37 0.383647798742 258 103 71 46 11 6 3 2 0 0 0 0 0 0 0 0 0 0 0 0
"38" 38 0.596899224806 160 137 75 41 21 14 13 11 7 6 5 4 4 2 0 0 0 0 0 0
"39" 39 0.350574712644 178 95 90 51 48 12 11 9 2 1 1 1 1 0 0 0 0 0 0 0
"40" 40 0.649006622517 333 67 53 14 13 8 5 3 2 1 1 0 0 0 0 0 0 0 0 0
"41" 41 0.78488372093 227 107 105 21 17 9 7 3 2 1 1 0 0 0 0 0 0 0 0 0
"42" 42 0.9375 381 42 37 20 16 4 0 0 0 0 0 0 0 0 0 0 0 0 0 0
"43" 43 1.28846153846 500 0 0 0 0 0 0 0 0 0 0 0 0 0 0 0 0 0 0 0
"44" 44 0.124031007752 218 136 23 22 22 21 12 10 9 7 5 5 4 3 2 1 0 0 0 0
"45" 45 0.601990049751 364 44 28 25 23 8 6 2 0 0 0 0 0 0 0 0 0 0 0 0
"46" 46 0.513307984791 308 48 48 33 23 21 8 2 2 2 2 1 1 1 0 0 0 0 0 0
"47" 47 0.093023255814 349 148 1 1 1 0 0 0 0 0 0 0 0 0 0 0 0 0 0 0
"48" 48 0.377906976744 412 25 17 14 13 12 4 2 1 0 0 0 0 0 0 0 0 0 0 0
"49" 49 0.422885572139 112 78 70 58 53 34 32 16 14 10 7 5 3 3 3 1 1 0 0 0
"50" 50 0.504464285714 163 105 89 66 32 19 16 6 2 1 1 0 0 0 0 0 0 0 0 0
"51" 51 0.0673575129534 383 87 7 6 6 4 3 2 1 1 0 0 0 0 0 0 0 0 0 0
"52" 52 0.0 329 50 33 21 18 12 10 5 5 5 3 2 2 2 1 1 1 0 0 0
"53" 53 0.417721518987 224 142 62 30 25 3 3 3 3 2 2 1 0 0 0 0 0 0 0 0
"54" 54 0.425641025641 281 70 42 40 22 21 10 8 2 2 2 0 0 0 0 0 0 0 0 0
"55" 55 0.00632911392405 316 108 50 9 7 6 2 2 0 0 0 0 0 0 0 0 0 0 0 0
"56" 56 0.240310077519 315 85 45 23 11 10 6 2 1 1 1 0 0 0 0 0 0 0 0 0
"57" 57 0.0 466 17 17 0 0 0 0 0 0 0 0 0 0 0 0 0 0 0 0 0
"58" 58 0.00995024875622 168 123 90 59 39 6 5 4 2 1 1 1 1 0 0 0 0 0 0 0
"59" 59 0.0077519379845 317 69 55 24 12 6 6 5 4 2 0 0 0 0 0 0 0 0 0 0
"60" 60 0.0 176 143 59 32 23 18 17 11 5 4 4 4 2 1 1 0 0 0 0 0
"61" 61 0.0 403 83 5 5 3 1 0 0 0 0 0 0 0 0 0 0 0 0 0 0
"62" 62 0.0 492 4 4 0 0 0 0 0 0 0 0 0 0 0 0 0 0 0 0 0
"63" 63 0.11320754717 316 127 29 15 3 3 3 2 1 1 0 0 0 0 0 0 0 0 0 0
"64" 64 0.0813953488372 153 141 111 87 3 3 1 1 0 0 0 0 0 0 0 0 0 0 0 0
"65" 65 0.470802919708 400 34 29 16 7 7 4 1 1 1 0 0 0 0 0 0 0 0 0 0
"66" 66 0.778242677824 494 4 1 1 0 0 0 0 0 0 0 0 0 0 0 0 0 0 0 0
"67" 67 0.240384615385 483 8 7 1 1 0 0 0 0 0 0 0 0 0 0 0 0 0 0 0
"68" 68 0.487179487179 284 55 42 23 23 22 21 14 6 5 3 2 0 0 0 0 0 0 0 0
"69" 69 0.0825688073394 382 31 23 16 16 10 10 3 3 2 2 1 1 0 0 0 0 0 0 0
"70" 70 0.031007751938 301 102 51 18 9 8 6 2 2 1 0 0 0 0 0 0 0 0 0 0
"71" 71 0.556291390728 206 73 59 46 37 31 19 16 7 6 0 0 0 0 0 0 0 0 0 0
"72" 72 0.0691823899371 243 219 16 12 4 2 1 1 1 1 0 0 0 0 0 0 0 0 0 0
"73" 73 0.0 162 132 84 75 20 7 6 5 4 3 1 1 0 0 0 0 0 0 0 0
"74" 74 0.37552742616 206 131 84 33 20 14 6 5 1 0 0 0 0 0 0 0 0 0 0 0
"75" 75 0.631178707224 135 75 63 53 49 33 32 12 11 9 7 6 5 4 3 2 1 0 0 0
"76" 76 0.108786610879 308 125 21 20 13 6 2 2 2 1 0 0 0 0 0 0 0 0 0 0
"77" 77 0.0845771144279 241 132 59 41 9 6 6 2 2 1 1 0 0 0 0 0 0 0 0 0
"78" 78 0.523316062176 203 113 81 25 21 16 15 13 8 2 1 1 1 0 0 0 0 0 0 0
"79" 79 0.413461538462 151 108 102 32 31 21 21 13 9 7 2 2 1 0 0 0 0 0 0 0
"80" 80 0.0406976744186 261 76 69 46 26 10 5 4 1 1 1 0 0 0 0 0 0 0 0 0
"81" 81 0.529801324503 176 152 64 35 28 20 8 5 4 3 2 2 1 0 0 0 0 0 0 0
"82" 82 0.46357615894 203 86 61 41 27 22 19 14 13 7 4 3 0 0 0 0 0 0 0 0
"83" 83 0.0199004975124 304 65 53 24 15 14 7 4 3 3 3 3 2 0 0 0 0 0 0 0
"84" 84 0.159574468085 170 135 45 32 28 22 20 14 8 7 4 4 3 2 2 2 2 0 0 0
"85" 85 0.746268656716 207 77 64 31 28 26 22 13 12 10 7 2 1 0 0 0 0 0 0 0
"86" 86 0.56976744186 143 123 77 52 30 23 22 8 6 5 4 3 2 2 0 0 0 0 0 0
"87" 87 0.365384615385 337 110 15 14 6 6 5 4 2 1 0 0 0 0 0 0 0 0 0 0
"88" 88 0.145695364238 143 98 53 53 50 46 41 5 3 2 2 2 1 1 0 0 0 0 0 0
"89" 89 0.0149253731343 345 100 14 13 10 9 4 2 2 1 0 0 0 0 0 0 0 0 0 0
"90" 90 0.505747126437 178 82 68 41 33 22 16 16 14 13 8 4 3 1 1 0 0 0 0 0
"91" 91 0.375 500 0 0 0 0 0 0 0 0 0 0 0 0 0 0 0 0 0 0 0
"92" 92 0.194092827004 246 158 41 28 14 7 5 1 0 0 0 0 0 0 0 0 0 0 0 0
"93" 93 0.0188679245283 306 113 49 16 8 4 4 0 0 0 0 0 0 0 0 0 0 0 0 0
"94" 94 0.0 249 223 28 0 0 0 0 0 0 0 0 0 0 0 0 0 0 0 0 0
"95" 95 0.0 227 137 105 19 7 2 1 1 1 0 0 0 0 0 0 0 0 0 0 0
"96" 96 0.0 284 105 62 40 7 2 0 0 0 0 0 0 0 0 0 0 0 0 0 0
"97" 97 0.0 386 107 3 3 1 0 0 0 0 0 0 0 0 0 0 0 0 0 0 0
"98" 98 0.0 356 70 61 9 4 0 0 0 0 0 0 0 0 0 0 0 0 0 0 0
"99" 99 0.0529801324503 374 82 28 13 2 1 0 0 0 0 0 0 0 0 0 0 0 0 0 0
"100" 100 0.0523255813953 273 60 38 27 25 18 15 14 9 7 6 4 2 1 1 0 0 0 0 0
"101" 101 0.410852713178 156 78 74 59 39 24 20 17 8 7 7 4 4 2 1 0 0 0 0 0
"102" 102 0.317880794702 156 135 105 23 22 20 10 9 8 8 3 1 0 0 0 0 0 0 0 0
"103" 103 0.467661691542 88 58 57 55 53 46 42 39 27 14 9 8 2 1 1 0 0 0 0 0
"104" 104 0.502392344498 168 119 102 92 4 4 3 2 2 2 2 0 0 0 0 0 0 0 0 0
"105" 105 0.384615384615 500 0 0 0 0 0 0 0 0 0 0 0 0 0 0 0 0 0 0 0
"106" 106 0.269230769231 500 0 0 0 0 0 0 0 0 0 0 0 0 0 0 0 0 0 0 0
"107" 107 0.121076233184 110 88 60 60 55 41 29 23 16 8 3 2 2 2 1 0 0 0 0 0
"108" 108 0.473214285714 163 81 77 64 34 20 17 17 15 5 4 2 1 0 0 0 0 0 0 0
"109" 109 0.46511627907 193 139 53 33 31 27 7 5 4 3 2 1 1 1 0 0 0 0 0 0
"110" 110 0.0 229 192 53 21 2 2 1 0 0 0 0 0 0 0 0 0 0 0 0 0
"111" 111 0.0 425 12 12 11 10 9 9 6 6 0 0 0 0 0 0 0 0 0 0 0
"112" 112 0.407960199005 165 136 84 59 12 11 7 5 4 4 4 3 3 1 1 1 0 0 0 0
"113" 113 0.165562913907 157 111 91 32 28 20 18 16 9 8 6 3 1 0 0 0 0 0 0 0
"114" 114 0.0 421 52 11 3 3 3 3 3 1 0 0 0 0 0 0 0 0 0 0 0
"115" 115 0.0845771144279 182 144 72 34 19 13 12 8 4 3 3 3 2 1 0 0 0 0 0 0
"116" 116 0.482587064677 230 153 73 13 9 6 6 5 4 1 0 0 0 0 0 0 0 0 0 0
"117" 117 0.201257861635 193 99 53 38 36 35 20 11 9 6 0 0 0 0 0 0 0 0 0 0
"118" 118 0.0298507462687 229 119 113 21 8 5 2 2 1 0 0 0 0 0 0 0 0 0 0 0
"119" 119 0.507462686567 281 81 57 28 22 14 10 3 2 1 1 0 0 0 0 0 0 0 0 0
"120" 120 0.784688995215 153 152 96 26 26 13 9 9 7 7 1 1 0 0 0 0 0 0 0 0
"121" 121 0.114832535885 106 86 51 47 42 30 25 23 21 16 13 11 10 8 7 4 0 0 0 0
"122" 122 0.269230769231 446 38 11 3 1 1 0 0 0 0 0 0 0 0 0 0 0 0 0 0
"123" 123 0.0229357798165 255 91 59 39 24 13 13 6 0 0 0 0 0 0 0 0 0 0 0 0
"124" 124 0.398009950249 278 118 24 21 19 9 9 9 6 4 2 1 0 0 0 0 0 0 0 0
"125" 125 0.310344827586 194 93 79 59 33 24 8 5 2 2 1 0 0 0 0 0 0 0 0 0
"126" 126 0.10447761194 126 83 77 66 51 30 21 13 10 9 8 3 2 1 0 0 0 0 0 0
"127" 127 0.125 500 0 0 0 0 0 0 0 0 0 0 0 0 0 0 0 0 0 0 0
"128" 128 0.162436548223 437 40 8 8 3 3 1 0 0 0 0 0 0 0 0 0 0 0 0 0
"129" 129 0.899371069182 374 95 28 1 1 1 0 0 0 0 0 0 0 0 0 0 0 0 0 0
"130" 130 0.290697674419 159 145 54 42 39 34 11 6 4 3 3 0 0 0 0 0 0 0 0 0
"131" 131 0.459119496855 185 118 93 71 15 8 5 4 1 0 0 0 0 0 0 0 0 0 0 0
"132" 132 0.3536121673 148 91 49 47 40 33 25 17 14 12 8 6 5 4 1 0 0 0 0 0
"133" 133 0.0 500 0 0 0 0 0 0 0 0 0 0 0 0 0 0 0 0 0 0 0
"134" 134 0.0077519379845 215 133 90 23 19 11 6 2 1 0 0 0 0 0 0 0 0 0 0 0
"135" 135 0.132450331126 162 118 57 45 36 20 19 12 12 8 7 2 1 1 0 0 0 0 0 0
"136" 136 0.00478468899522 436 20 18 6 5 4 4 2 1 1 1 1 1 0 0 0 0 0 0 0
"137" 137 0.322175732218 169 90 46 43 29 27 26 20 15 13 9 7 3 2 1 0 0 0 0 0
"138" 138 0.015503875969 309 122 20 19 12 7 5 3 2 1 0 0 0 0 0 0 0 0 0 0
"139" 139 0.125 498 2 0 0 0 0 0 0 0 0 0 0 0 0 0 0 0 0 0 0
"140" 140 0.782945736434 145 82 53 47 42 35 30 22 15 11 10 6 1 1 0 0 0 0 0 0
"141" 141 0.450777202073 222 126 51 35 19 19 9 6 4 3 2 2 1 1 0 0 0 0 0 0
"142" 142 0.182692307692 434 18 16 9 9 5 4 2 2 1 0 0 0 0 0 0 0 0 0 0
"143" 143 0.299578059072 225 139 36 31 29 10 8 6 6 4 2 2 1 1 0 0 0 0 0 0
"144" 144 0.343065693431 105 84 77 60 50 37 29 18 18 10 4 4 2 1 1 0 0 0 0 0
"145" 145 0.549668874172 356 73 14 12 11 9 9 8 3 2 2 1 0 0 0 0 0 0 0 0
"146" 146 0.109452736318 132 108 65 54 48 27 19 11 11 10 4 3 3 2 1 1 1 0 0 0
"147" 147 0.284974093264 241 116 39 38 24 14 11 5 5 3 3 1 0 0 0 0 0 0 0 0
"148" 148 0.361607142857 290 83 57 50 5 5 4 2 2 1 1 0 0 0 0 0 0 0 0 0
"149" 149 0.612440191388 338 48 24 23 14 13 12 12 11 3 1 1 0 0 0 0 0 0 0 0
"150" 150 0.09375 210 77 71 53 48 12 10 6 4 4 3 2 0 0 0 0 0 0 0 0
"151" 151 0.203980099502 170 159 156 5 5 3 2 0 0 0 0 0 0 0 0 0 0 0 0 0
"152" 152 0.494186046512 200 59 51 43 39 34 29 20 14 10 1 0 0 0 0 0 0 0 0 0
"153" 153 0.189054726368 264 102 91 19 14 3 2 2 1 1 1 0 0 0 0 0 0 0 0 0
"154" 154 0.00632911392405 287 66 53 33 32 13 12 3 1 0 0 0 0 0 0 0 0 0 0 0
"155" 155 0.255474452555 190 149 132 20 7 1 1 0 0 0 0 0 0 0 0 0 0 0 0 0
"156" 156 0.341085271318 108 106 89 58 42 35 26 21 10 4 1 0 0 0 0 0 0 0 0 0
"157" 157 0.0199004975124 443 20 9 8 6 6 4 2 1 1 0 0 0 0 0 0 0 0 0 0
"158" 158 0.00961538461538 497 3 0 0 0 0 0 0 0 0 0 0 0 0 0 0 0 0 0 0
"159" 159 0.291139240506 243 112 76 43 12 6 5 1 1 1 0 0 0 0 0 0 0 0 0 0
"160" 160 0.343065693431 183 68 60 44 43 24 23 21 10 9 6 6 2 1 0 0 0 0 0 0
"161" 161 0.0 451 43 3 2 1 0 0 0 0 0 0 0 0 0 0 0 0 0 0 0
"162" 162 0.0 432 65 3 0 0 0 0 0 0 0 0 0 0 0 0 0 0 0 0 0
"163" 163 0.348214285714 183 179 62 49 10 9 5 2 1 0 0 0 0 0 0 0 0 0 0 0
"164" 164 0.18023255814 88 75 72 68 52 43 31 20 14 13 11 6 4 2 1 0 0 0 0 0
"165" 165 0.0852713178295 471 10 10 5 2 1 1 0 0 0 0 0 0 0 0 0 0 0 0 0
"166" 166 0.403846153846 233 67 44 40 37 33 9 7 5 4 4 4 3 2 2 2 2 2 0 0
"167" 167 0.776371308017 124 113 79 48 42 28 23 20 10 8 3 1 1 0 0 0 0 0 0 0
"168" 168 0.577114427861 259 52 49 34 32 18 18 11 10 4 3 3 2 2 2 1 0 0 0 0
