"site" "RSA" "aa1" "aa2" "aa3" "aa4" "aa5" "aa6" "aa7" "aa8" "aa9" "aa10" "aa11" "aa12" "aa13" "aa14" "aa15" "aa16" "aa17" "aa18" "aa19" "aa20"
"0" 0 0.230769230769 500 0 0 0 0 0 0 0 0 0 0 0 0 0 0 0 0 0 0 0
"1" 1 0.558974358974 174 140 101 50 27 7 1 0 0 0 0 0 0 0 0 0 0 0 0 0
"2" 2 0.43654822335 202 143 34 34 33 31 14 5 3 1 0 0 0 0 0 0 0 0 0 0
"3" 3 0.071129707113 330 62 52 24 15 8 7 1 1 0 0 0 0 0 0 0 0 0 0 0
"4" 4 0.0697674418605 328 138 18 15 1 0 0 0 0 0 0 0 0 0 0 0 0 0 0 0
"5" 5 0.507692307692 198 147 102 20 19 12 1 1 0 0 0 0 0 0 0 0 0 0 0 0
"6" 6 0.0945273631841 500 0 0 0 0 0 0 0 0 0 0 0 0 0 0 0 0 0 0 0
"7" 7 0.0 372 78 32 14 4 0 0 0 0 0 0 0 0 0 0 0 0 0 0 0
"8" 8 0.447257383966 260 100 86 14 12 10 7 6 3 1 1 0 0 0 0 0 0 0 0 0
"9" 9 0.528846153846 197 119 80 59 23 6 4 4 2 2 1 1 1 1 0 0 0 0 0 0
"10" 10 0.134328358209 339 74 70 9 2 2 1 1 1 1 0 0 0 0 0 0 0 0 0 0
"11" 11 0.317991631799 246 228 7 6 5 2 2 1 1 1 1 0 0 0 0 0 0 0 0 0
"12" 12 0.615384615385 113 106 87 79 52 27 18 7 5 3 1 1 1 0 0 0 0 0 0 0
"13" 13 0.573839662447 322 169 2 2 2 2 1 0 0 0 0 0 0 0 0 0 0 0 0 0
"14" 14 0.772151898734 255 114 56 19 14 13 11 5 5 4 2 1 1 0 0 0 0 0 0 0
"15" 15 0.352678571429 159 127 102 69 20 14 5 4 0 0 0 0 0 0 0 0 0 0 0 0
"16" 16 0.0596330275229 150 63 50 43 42 42 41 32 13 9 6 6 2 1 0 0 0 0 0 0
"17" 17 0.120437956204 317 100 43 17 8 6 6 2 1 0 0 0 0 0 0 0 0 0 0 0
"18" 18 0.0 173 153 95 35 18 12 8 4 2 0 0 0 0 0 0 0 0 0 0 0
"19" 19 0.0 455 27 6 3 2 2 2 1 1 1 0 0 0 0 0 0 0 0 0 0
"20" 20 0.0 424 46 11 9 5 2 1 1 1 0 0 0 0 0 0 0 0 0 0 0
"21" 21 0.0 175 118 113 24 22 18 7 7 5 3 2 2 2 1 1 0 0 0 0 0
"22" 22 0.0 500 0 0 0 0 0 0 0 0 0 0 0 0 0 0 0 0 0 0 0
"23" 23 0.0696517412935 316 106 56 14 5 1 1 1 0 0 0 0 0 0 0 0 0 0 0 0
"24" 24 0.424870466321 429 57 8 4 1 1 0 0 0 0 0 0 0 0 0 0 0 0 0 0
"25" 25 0.527131782946 475 23 2 0 0 0 0 0 0 0 0 0 0 0 0 0 0 0 0 0
"26" 26 0.015503875969 268 148 76 6 1 1 0 0 0 0 0 0 0 0 0 0 0 0 0 0
"27" 27 0.115384615385 500 0 0 0 0 0 0 0 0 0 0 0 0 0 0 0 0 0 0 0
"28" 28 0.0295358649789 165 87 78 62 43 33 17 12 3 0 0 0 0 0 0 0 0 0 0 0
"29" 29 0.348837209302 332 67 47 22 12 9 3 3 2 1 1 1 0 0 0 0 0 0 0 0
"30" 30 0.343023255814 211 82 59 58 44 26 13 5 1 1 0 0 0 0 0 0 0 0 0 0
"31" 31 0.010152284264 487 7 3 2 1 0 0 0 0 0 0 0 0 0 0 0 0 0 0 0
"32" 32 0.00995024875622 359 88 45 5 2 1 0 0 0 0 0 0 0 0 0 0 0 0 0 0
"33" 33 0.608365019011 211 141 84 31 16 9 4 3 1 0 0 0 0 0 0 0 0 0 0 0
"34" 34 0.345991561181 279 106 30 23 19 17 12 8 2 2 2 0 0 0 0 0 0 0 0 0
"35" 35 0.0199004975124 396 45 26 14 10 2 2 1 1 1 1 1 0 0 0 0 0 0 0 0
"36" 36 0.573839662447 467 14 9 5 2 1 1 1 0 0 0 0 0 0 0 0 0 0 0 0
"37" 37 0.0547263681592 475 18 4 2 1 0 0 0 0 0 0 0 0 0 0 0 0 0 0 0
"38" 38 0.394230769231 500 0 0 0 0 0 0 0 0 0 0 0 0 0 0 0 0 0 0 0
"39" 39 0.705357142857 376 74 22 13 11 4 0 0 0 0 0 0 0 0 0 0 0 0 0 0
"40" 40 0.248730964467 459 30 5 4 1 1 0 0 0 0 0 0 0 0 0 0 0 0 0 0
"41" 41 0.396551724138 222 141 83 19 16 13 3 3 0 0 0 0 0 0 0 0 0 0 0 0
"42" 42 0.453488372093 131 122 75 67 38 23 15 13 6 4 3 2 1 0 0 0 0 0 0 0
"43" 43 0.401162790698 163 111 88 54 23 15 14 9 7 7 4 4 1 0 0 0 0 0 0 0
"44" 44 0.502538071066 296 64 54 46 20 10 4 4 2 0 0 0 0 0 0 0 0 0 0 0
"45" 45 0.295597484277 231 56 55 46 26 19 13 11 10 9 7 6 6 4 1 0 0 0 0 0
"46" 46 0.279069767442 195 69 55 44 35 27 22 22 16 5 2 2 2 2 2 0 0 0 0 0
"47" 47 0.680203045685 379 65 47 8 1 0 0 0 0 0 0 0 0 0 0 0 0 0 0 0
"48" 48 0.471153846154 500 0 0 0 0 0 0 0 0 0 0 0 0 0 0 0 0 0 0 0
"49" 49 0.0209205020921 202 129 39 25 20 18 15 13 12 10 5 4 3 3 1 1 0 0 0 0
"50" 50 0.466666666667 91 80 77 67 55 41 38 19 18 5 4 3 2 0 0 0 0 0 0 0
"51" 51 0.0 135 91 88 48 40 29 27 19 8 7 3 2 1 1 1 0 0 0 0 0
"52" 52 0.133928571429 274 138 28 20 13 7 7 6 3 2 1 1 0 0 0 0 0 0 0 0
"53" 53 0.21511627907 179 130 74 33 21 19 18 8 6 5 3 3 1 0 0 0 0 0 0 0
"54" 54 0.0172413793103 474 9 7 4 2 2 2 0 0 0 0 0 0 0 0 0 0 0 0 0
"55" 55 0.540178571429 142 112 97 74 26 15 14 10 7 3 0 0 0 0 0 0 0 0 0 0
"56" 56 0.239543726236 449 23 14 6 3 2 2 1 0 0 0 0 0 0 0 0 0 0 0 0
"57" 57 0.409282700422 500 0 0 0 0 0 0 0 0 0 0 0 0 0 0 0 0 0 0 0
"58" 58 0.0769230769231 316 166 12 6 0 0 0 0 0 0 0 0 0 0 0 0 0 0 0 0
"59" 59 0.0 193 80 49 39 38 28 27 25 8 7 2 2 1 1 0 0 0 0 0 0
"60" 60 0.0198675496689 173 106 85 52 35 16 14 10 4 3 2 0 0 0 0 0 0 0 0 0
"61" 61 0.00418410041841 231 89 72 42 22 14 12 4 4 4 3 2 1 0 0 0 0 0 0 0
"62" 62 0.00581395348837 184 123 99 37 17 14 8 7 4 2 2 2 1 0 0 0 0 0 0 0
"63" 63 0.0 170 98 88 49 46 18 11 9 5 5 1 0 0 0 0 0 0 0 0 0
"64" 64 0.0106382978723 233 88 40 38 31 25 15 8 7 6 5 3 1 0 0 0 0 0 0 0
"65" 65 0.419689119171 196 104 55 46 40 20 14 10 3 3 3 2 2 2 0 0 0 0 0 0
"66" 66 0.051724137931 217 128 56 26 25 18 15 9 2 2 1 1 0 0 0 0 0 0 0 0
"67" 67 0.298076923077 500 0 0 0 0 0 0 0 0 0 0 0 0 0 0 0 0 0 0 0
"68" 68 0.634615384615 472 28 0 0 0 0 0 0 0 0 0 0 0 0 0 0 0 0 0 0
"69" 69 0.165919282511 223 70 36 35 33 21 16 15 14 10 7 6 6 4 3 1 0 0 0 0
"70" 70 0.373056994819 215 180 51 24 14 5 3 3 2 1 1 1 0 0 0 0 0 0 0 0
"71" 71 0.637130801688 233 162 53 35 8 5 2 1 1 0 0 0 0 0 0 0 0 0 0 0
"72" 72 0.558375634518 179 106 103 58 26 17 4 3 1 1 1 1 0 0 0 0 0 0 0 0
"73" 73 0.543795620438 318 35 32 29 25 23 8 7 6 6 4 4 2 1 0 0 0 0 0 0
"74" 74 0.220125786164 183 152 44 36 29 26 15 7 5 1 1 1 0 0 0 0 0 0 0 0
"75" 75 0.26368159204 138 75 49 47 43 38 22 21 19 19 10 7 6 5 1 0 0 0 0 0
"76" 76 0.0780141843972 115 111 81 60 54 36 15 9 7 5 4 2 1 0 0 0 0 0 0 0
"77" 77 0.448905109489 159 112 71 66 29 15 15 11 10 6 4 1 1 0 0 0 0 0 0 0
"78" 78 0.66985645933 177 170 51 24 18 16 14 13 8 4 1 1 1 1 1 0 0 0 0 0
"79" 79 0.167300380228 155 108 68 42 41 41 24 9 8 2 1 1 0 0 0 0 0 0 0 0
"80" 80 0.00836820083682 385 25 21 18 16 15 6 4 4 3 1 1 1 0 0 0 0 0 0 0
"81" 81 0.461883408072 258 183 17 16 14 8 3 1 0 0 0 0 0 0 0 0 0 0 0 0
"82" 82 0.189743589744 151 108 106 103 11 10 6 1 1 1 1 1 0 0 0 0 0 0 0 0
"83" 83 0.0232558139535 468 21 9 2 0 0 0 0 0 0 0 0 0 0 0 0 0 0 0 0
"84" 84 0.313901345291 371 46 45 15 7 4 4 2 2 2 1 1 0 0 0 0 0 0 0 0
"85" 85 0.0 160 160 122 23 16 6 5 3 2 2 1 0 0 0 0 0 0 0 0 0
"86" 86 0.0149253731343 286 131 33 14 11 10 4 4 3 3 1 0 0 0 0 0 0 0 0 0
"87" 87 0.010152284264 391 65 37 2 1 1 1 1 1 0 0 0 0 0 0 0 0 0 0 0
"88" 88 0.00418410041841 241 225 30 3 1 0 0 0 0 0 0 0 0 0 0 0 0 0 0 0
"89" 89 0.0 482 16 1 1 0 0 0 0 0 0 0 0 0 0 0 0 0 0 0 0
"90" 90 0.0402298850575 292 88 78 31 6 4 1 0 0 0 0 0 0 0 0 0 0 0 0 0
"91" 91 0.145077720207 487 10 2 1 0 0 0 0 0 0 0 0 0 0 0 0 0 0 0 0
"92" 92 0.0 410 73 17 0 0 0 0 0 0 0 0 0 0 0 0 0 0 0 0 0
"93" 93 0.230769230769 204 202 43 17 13 9 9 2 1 0 0 0 0 0 0 0 0 0 0 0
"94" 94 0.150259067358 495 5 0 0 0 0 0 0 0 0 0 0 0 0 0 0 0 0 0 0
"95" 95 0.379562043796 213 69 64 41 29 27 24 19 6 5 2 1 0 0 0 0 0 0 0 0
"96" 96 0.638392857143 241 174 35 32 12 4 1 1 0 0 0 0 0 0 0 0 0 0 0 0
"97" 97 0.288321167883 420 62 6 4 3 2 2 1 0 0 0 0 0 0 0 0 0 0 0 0
"98" 98 0.0459770114943 277 138 38 15 9 7 5 5 2 2 1 1 0 0 0 0 0 0 0 0
"99" 99 0.507692307692 157 128 64 47 36 32 18 7 3 3 3 1 1 0 0 0 0 0 0 0
"100" 100 0.272321428571 210 108 90 29 25 17 17 1 1 1 1 0 0 0 0 0 0 0 0 0
"101" 101 0.0232558139535 139 127 108 76 26 9 6 3 3 2 1 0 0 0 0 0 0 0 0 0
"102" 102 0.332116788321 283 104 65 16 14 13 3 1 1 0 0 0 0 0 0 0 0 0 0 0
"103" 103 0.419642857143 187 169 62 56 15 5 4 1 1 0 0 0 0 0 0 0 0 0 0 0
"104" 104 0.03125 376 54 27 16 15 6 3 2 1 0 0 0 0 0 0 0 0 0 0 0
"105" 105 0.0 440 23 20 5 4 2 2 2 1 1 0 0 0 0 0 0 0 0 0 0
"106" 106 0.238532110092 253 96 54 36 23 19 12 5 1 1 0 0 0 0 0 0 0 0 0 0
"107" 107 0.474452554745 173 145 71 57 25 15 5 4 4 1 0 0 0 0 0 0 0 0 0 0
"108" 108 0.0229357798165 262 66 43 37 29 25 19 5 4 3 3 2 1 1 0 0 0 0 0 0
"109" 109 0.0696517412935 429 54 4 4 3 2 2 1 1 0 0 0 0 0 0 0 0 0 0 0
"110" 110 0.581395348837 244 115 86 30 10 10 2 2 1 0 0 0 0 0 0 0 0 0 0 0
"111" 111 0.232142857143 133 112 83 41 31 23 22 16 14 14 4 3 2 1 1 0 0 0 0 0
"112" 112 0.678756476684 436 31 11 10 8 3 1 0 0 0 0 0 0 0 0 0 0 0 0 0
"113" 113 0.428571428571 402 30 16 15 11 10 4 3 3 2 2 1 1 0 0 0 0 0 0 0
"114" 114 0.00497512437811 495 3 1 1 0 0 0 0 0 0 0 0 0 0 0 0 0 0 0 0
"115" 115 0.448905109489 428 34 20 15 1 1 1 0 0 0 0 0 0 0 0 0 0 0 0 0
"116" 116 0.642487046632 236 65 57 56 47 32 5 2 0 0 0 0 0 0 0 0 0 0 0 0
"117" 117 0.0232558139535 479 20 1 0 0 0 0 0 0 0 0 0 0 0 0 0 0 0 0 0
"118" 118 0.0114942528736 332 49 48 41 19 7 3 1 0 0 0 0 0 0 0 0 0 0 0 0
"119" 119 0.00497512437811 424 62 4 3 2 2 2 1 0 0 0 0 0 0 0 0 0 0 0 0
"120" 120 0.0 460 28 7 5 0 0 0 0 0 0 0 0 0 0 0 0 0 0 0 0
"121" 121 0.0 462 28 6 4 0 0 0 0 0 0 0 0 0 0 0 0 0 0 0 0
"122" 122 0.00418410041841 445 43 11 1 0 0 0 0 0 0 0 0 0 0 0 0 0 0 0 0
"123" 123 0.0 292 190 11 6 1 0 0 0 0 0 0 0 0 0 0 0 0 0 0 0
"124" 124 0.025641025641 429 56 15 0 0 0 0 0 0 0 0 0 0 0 0 0 0 0 0 0
"125" 125 0.227848101266 372 85 25 17 1 0 0 0 0 0 0 0 0 0 0 0 0 0 0 0
"126" 126 0.22869955157 436 20 15 11 11 4 2 1 0 0 0 0 0 0 0 0 0 0 0 0
"127" 127 0.538860103627 340 61 60 18 10 5 3 1 1 1 0 0 0 0 0 0 0 0 0 0
"128" 128 0.298507462687 188 91 68 60 49 23 17 2 1 1 0 0 0 0 0 0 0 0 0 0
"129" 129 0.805031446541 347 153 0 0 0 0 0 0 0 0 0 0 0 0 0 0 0 0 0 0
"130" 130 0.476923076923 339 64 57 32 3 3 2 0 0 0 0 0 0 0 0 0 0 0 0 0
"131" 131 0.147286821705 480 13 7 0 0 0 0 0 0 0 0 0 0 0 0 0 0 0 0 0
"132" 132 0.0229357798165 147 94 68 59 41 39 23 10 9 7 3 0 0 0 0 0 0 0 0 0
"133" 133 0.415384615385 243 169 31 21 15 11 6 2 2 0 0 0 0 0 0 0 0 0 0 0
"134" 134 0.22480620155 130 130 88 62 54 15 12 7 2 0 0 0 0 0 0 0 0 0 0 0
"135" 135 0.527131782946 157 156 129 37 5 4 4 3 3 2 0 0 0 0 0 0 0 0 0 0
"136" 136 0.330357142857 119 114 106 57 43 12 11 10 10 9 6 2 1 0 0 0 0 0 0 0
"137" 137 0.0 280 144 21 19 16 8 6 5 1 0 0 0 0 0 0 0 0 0 0 0
"138" 138 0.0813953488372 202 144 64 60 10 5 5 4 4 2 0 0 0 0 0 0 0 0 0 0
"139" 139 0.668393782383 147 110 68 62 62 20 9 6 5 4 4 2 1 0 0 0 0 0 0 0
"140" 140 0.481012658228 151 61 53 43 40 37 33 25 18 17 11 5 2 2 2 0 0 0 0 0
"141" 141 0.0 482 8 5 3 1 1 0 0 0 0 0 0 0 0 0 0 0 0 0 0
"142" 142 0.125 190 118 76 62 16 15 10 7 6 0 0 0 0 0 0 0 0 0 0 0
"143" 143 0.0 476 12 8 2 1 1 0 0 0 0 0 0 0 0 0 0 0 0 0 0
"144" 144 0.626794258373 240 47 46 37 37 35 26 14 11 4 3 0 0 0 0 0 0 0 0 0
"145" 145 0.516556291391 195 106 81 40 22 21 16 13 4 1 1 0 0 0 0 0 0 0 0 0
"146" 146 0.124378109453 427 39 17 17 0 0 0 0 0 0 0 0 0 0 0 0 0 0 0 0
"147" 147 0.678832116788 453 47 0 0 0 0 0 0 0 0 0 0 0 0 0 0 0 0 0 0
"148" 148 0.918660287081 491 9 0 0 0 0 0 0 0 0 0 0 0 0 0 0 0 0 0 0
"149" 149 0.109489051095 152 135 132 55 18 3 3 1 1 0 0 0 0 0 0 0 0 0 0 0
"150" 150 0.348717948718 240 73 58 37 30 16 11 8 7 6 5 4 3 1 1 0 0 0 0 0
"151" 151 0.191489361702 462 36 1 1 0 0 0 0 0 0 0 0 0 0 0 0 0 0 0 0
"152" 152 0.307984790875 483 8 3 3 2 1 0 0 0 0 0 0 0 0 0 0 0 0 0 0
"153" 153 0.147208121827 262 218 19 1 0 0 0 0 0 0 0 0 0 0 0 0 0 0 0 0
"154" 154 0.116591928251 480 9 4 3 2 1 1 0 0 0 0 0 0 0 0 0 0 0 0 0
"155" 155 0.279069767442 218 110 70 56 36 4 3 2 1 0 0 0 0 0 0 0 0 0 0 0
"156" 156 0.0 440 54 5 1 0 0 0 0 0 0 0 0 0 0 0 0 0 0 0 0
"157" 157 0.0443037974684 305 72 29 23 22 10 9 9 8 6 4 2 1 0 0 0 0 0 0 0
"158" 158 0.0232558139535 453 19 16 6 3 2 1 0 0 0 0 0 0 0 0 0 0 0 0 0
"159" 159 0.540697674419 261 74 57 27 25 21 16 15 2 1 1 0 0 0 0 0 0 0 0 0
"160" 160 0.556291390728 194 83 76 42 40 28 19 8 8 2 0 0 0 0 0 0 0 0 0 0
"161" 161 0.221153846154 500 0 0 0 0 0 0 0 0 0 0 0 0 0 0 0 0 0 0 0
"162" 162 0.528497409326 473 17 4 2 1 1 1 1 0 0 0 0 0 0 0 0 0 0 0 0
"163" 163 0.0 500 0 0 0 0 0 0 0 0 0 0 0 0 0 0 0 0 0 0 0
"164" 164 0.00497512437811 495 4 1 0 0 0 0 0 0 0 0 0 0 0 0 0 0 0 0 0
"165" 165 0.319391634981 382 70 35 9 3 1 0 0 0 0 0 0 0 0 0 0 0 0 0 0
"166" 166 0.370535714286 187 79 74 61 61 34 2 2 0 0 0 0 0 0 0 0 0 0 0 0
"167" 167 0.0 480 19 1 0 0 0 0 0 0 0 0 0 0 0 0 0 0 0 0 0
"168" 168 0.0149253731343 395 40 29 10 7 6 5 3 3 1 1 0 0 0 0 0 0 0 0 0
"169" 169 0.331606217617 276 120 35 28 23 15 1 1 1 0 0 0 0 0 0 0 0 0 0 0
"170" 170 0.131205673759 493 2 2 2 1 0 0 0 0 0 0 0 0 0 0 0 0 0 0 0
"171" 171 0.0 332 144 13 8 1 1 1 0 0 0 0 0 0 0 0 0 0 0 0 0
"172" 172 0.0662251655629 444 56 0 0 0 0 0 0 0 0 0 0 0 0 0 0 0 0 0 0
"173" 173 0.353846153846 225 57 55 49 39 26 16 16 11 3 1 1 1 0 0 0 0 0 0 0
"174" 174 0.125560538117 262 116 71 16 11 11 7 4 1 1 0 0 0 0 0 0 0 0 0 0
"175" 175 0.044776119403 386 34 27 21 12 6 5 3 2 1 1 1 1 0 0 0 0 0 0 0
"176" 176 0.204379562044 236 76 56 46 28 25 23 4 2 2 1 1 0 0 0 0 0 0 0 0
"177" 177 0.651282051282 146 89 67 61 60 38 15 9 8 4 2 1 0 0 0 0 0 0 0 0
"178" 178 0.452914798206 361 39 27 24 18 18 10 1 1 1 0 0 0 0 0 0 0 0 0 0
"179" 179 1.03797468354 199 193 32 28 13 12 10 7 4 2 0 0 0 0 0 0 0 0 0 0
