"site" "RSA" "aa1" "aa2" "aa3" "aa4" "aa5" "aa6" "aa7" "aa8" "aa9" "aa10" "aa11" "aa12" "aa13" "aa14" "aa15" "aa16" "aa17" "aa18" "aa19" "aa20"
"0" 0 0.790697674419 3 2 1 0 0 0 0 0 0 0 0 0 0 0 0 0 0 0 0 0
"1" 1 0.34375 4 2 2 1 0 0 0 0 0 0 0 0 0 0 0 0 0 0 0 0
"2" 2 0.601990049751 29 2 2 2 1 1 1 0 0 0 0 0 0 0 0 0 0 0 0 0
"3" 3 0.267857142857 74 1 0 0 0 0 0 0 0 0 0 0 0 0 0 0 0 0 0 0
"4" 4 0.20802919708 56 10 6 1 1 1 1 1 0 0 0 0 0 0 0 0 0 0 0 0
"5" 5 0.0 69 8 0 0 0 0 0 0 0 0 0 0 0 0 0 0 0 0 0 0
"6" 6 0.0 60 12 5 0 0 0 0 0 0 0 0 0 0 0 0 0 0 0 0 0
"7" 7 0.0 49 15 12 1 0 0 0 0 0 0 0 0 0 0 0 0 0 0 0 0
"8" 8 0.031007751938 48 27 1 1 0 0 0 0 0 0 0 0 0 0 0 0 0 0 0 0
"9" 9 0.0 38 38 3 0 0 0 0 0 0 0 0 0 0 0 0 0 0 0 0 0
"10" 10 0.101265822785 79 0 0 0 0 0 0 0 0 0 0 0 0 0 0 0 0 0 0 0
"11" 11 0.0251572327044 77 1 1 0 0 0 0 0 0 0 0 0 0 0 0 0 0 0 0 0
"12" 12 0.0777202072539 77 1 1 0 0 0 0 0 0 0 0 0 0 0 0 0 0 0 0 0
"13" 13 0.0 73 5 1 0 0 0 0 0 0 0 0 0 0 0 0 0 0 0 0 0
"14" 14 0.14367816092 78 1 1 0 0 0 0 0 0 0 0 0 0 0 0 0 0 0 0 0
"15" 15 0.614349775785 72 1 1 1 1 1 1 1 1 0 0 0 0 0 0 0 0 0 0 0
"16" 16 0.470802919708 80 0 0 0 0 0 0 0 0 0 0 0 0 0 0 0 0 0 0 0
"17" 17 0.538461538462 59 9 7 2 1 1 1 0 0 0 0 0 0 0 0 0 0 0 0 0
"18" 18 0.0995024875622 75 3 1 1 0 0 0 0 0 0 0 0 0 0 0 0 0 0 0 0
"19" 19 0.294416243655 49 27 2 1 1 0 0 0 0 0 0 0 0 0 0 0 0 0 0 0
"20" 20 0.629139072848 74 4 2 0 0 0 0 0 0 0 0 0 0 0 0 0 0 0 0 0
"21" 21 0.303571428571 47 11 7 4 3 2 2 1 1 1 1 0 0 0 0 0 0 0 0 0
"22" 22 0.0 62 17 1 0 0 0 0 0 0 0 0 0 0 0 0 0 0 0 0 0
"23" 23 0.157360406091 57 13 8 2 0 0 0 0 0 0 0 0 0 0 0 0 0 0 0 0
"24" 24 0.238410596026 21 19 11 10 8 6 2 1 1 1 0 0 0 0 0 0 0 0 0 0
"25" 25 0.0656934306569 78 1 1 0 0 0 0 0 0 0 0 0 0 0 0 0 0 0 0 0
"26" 26 0.0 73 5 2 0 0 0 0 0 0 0 0 0 0 0 0 0 0 0 0 0
"27" 27 0.607142857143 79 1 0 0 0 0 0 0 0 0 0 0 0 0 0 0 0 0 0 0
"28" 28 0.667883211679 19 18 14 10 5 3 3 3 2 2 1 0 0 0 0 0 0 0 0 0
"29" 29 0.409282700422 55 24 1 0 0 0 0 0 0 0 0 0 0 0 0 0 0 0 0 0
"30" 30 0.182692307692 80 0 0 0 0 0 0 0 0 0 0 0 0 0 0 0 0 0 0 0
"31" 31 0.0669456066946 54 16 8 1 1 0 0 0 0 0 0 0 0 0 0 0 0 0 0 0
"32" 32 0.0928270042194 52 11 9 3 2 1 1 1 0 0 0 0 0 0 0 0 0 0 0 0
"33" 33 0.293532338308 71 4 4 1 0 0 0 0 0 0 0 0 0 0 0 0 0 0 0 0
"34" 34 0.0114942528736 59 6 4 4 4 3 0 0 0 0 0 0 0 0 0 0 0 0 0 0
"35" 35 0.0288461538462 43 35 1 1 0 0 0 0 0 0 0 0 0 0 0 0 0 0 0 0
"36" 36 0.41116751269 29 29 10 6 4 1 1 0 0 0 0 0 0 0 0 0 0 0 0 0
"37" 37 0.215189873418 80 0 0 0 0 0 0 0 0 0 0 0 0 0 0 0 0 0 0 0
"38" 38 0.540229885057 33 22 17 3 2 2 1 0 0 0 0 0 0 0 0 0 0 0 0 0
"39" 39 0.223880597015 32 22 9 8 3 2 2 1 1 0 0 0 0 0 0 0 0 0 0 0
"40" 40 0.573604060914 34 7 7 6 5 5 5 4 4 2 1 0 0 0 0 0 0 0 0 0
"41" 41 0.0314465408805 29 20 18 11 1 1 0 0 0 0 0 0 0 0 0 0 0 0 0 0
"42" 42 0.482558139535 45 13 6 6 5 4 1 0 0 0 0 0 0 0 0 0 0 0 0 0
"43" 43 0.286919831224 36 19 14 5 2 1 1 1 1 0 0 0 0 0 0 0 0 0 0 0
"44" 44 0.596412556054 41 16 7 6 4 3 1 1 1 0 0 0 0 0 0 0 0 0 0 0
"45" 45 0.154811715481 59 6 5 3 3 2 1 1 0 0 0 0 0 0 0 0 0 0 0 0
"46" 46 0.0 40 38 1 1 0 0 0 0 0 0 0 0 0 0 0 0 0 0 0 0
"47" 47 0.304932735426 38 16 6 5 5 4 2 1 1 1 1 0 0 0 0 0 0 0 0 0
"48" 48 0.439461883408 22 19 19 7 5 4 2 1 1 0 0 0 0 0 0 0 0 0 0 0
"49" 49 0.0717703349282 80 0 0 0 0 0 0 0 0 0 0 0 0 0 0 0 0 0 0 0
"50" 50 0.0684410646388 79 1 0 0 0 0 0 0 0 0 0 0 0 0 0 0 0 0 0 0
"51" 51 0.382775119617 35 9 9 9 3 3 2 2 2 2 1 1 1 1 0 0 0 0 0 0
"52" 52 0.59585492228 35 32 7 3 2 1 0 0 0 0 0 0 0 0 0 0 0 0 0 0
"53" 53 0.228855721393 48 32 0 0 0 0 0 0 0 0 0 0 0 0 0 0 0 0 0 0
"54" 54 0.582278481013 32 13 12 6 6 4 3 2 1 1 0 0 0 0 0 0 0 0 0 0
"55" 55 0.705357142857 22 18 18 11 4 3 3 1 0 0 0 0 0 0 0 0 0 0 0 0
"56" 56 0.507299270073 50 27 1 1 1 0 0 0 0 0 0 0 0 0 0 0 0 0 0 0
"57" 57 0.823899371069 73 2 2 1 1 1 0 0 0 0 0 0 0 0 0 0 0 0 0 0
"58" 58 0.355648535565 80 0 0 0 0 0 0 0 0 0 0 0 0 0 0 0 0 0 0 0
"59" 59 0.10460251046 63 16 1 0 0 0 0 0 0 0 0 0 0 0 0 0 0 0 0 0
"60" 60 0.482051282051 33 16 7 6 5 5 4 2 1 1 0 0 0 0 0 0 0 0 0 0
"61" 61 0.413461538462 36 10 9 5 5 4 3 3 2 2 1 0 0 0 0 0 0 0 0 0
"62" 62 0.238805970149 76 3 1 0 0 0 0 0 0 0 0 0 0 0 0 0 0 0 0 0
"63" 63 0.0 54 16 6 2 1 1 0 0 0 0 0 0 0 0 0 0 0 0 0 0
"64" 64 0.40414507772 26 13 12 10 5 4 4 2 2 1 1 0 0 0 0 0 0 0 0 0
"65" 65 0.138075313808 47 30 2 1 0 0 0 0 0 0 0 0 0 0 0 0 0 0 0 0
"66" 66 0.0248756218905 39 35 3 1 1 1 0 0 0 0 0 0 0 0 0 0 0 0 0 0
"67" 67 0.165562913907 32 20 6 5 5 3 2 2 2 1 1 1 0 0 0 0 0 0 0 0
"68" 68 0.523178807947 74 2 1 1 1 1 0 0 0 0 0 0 0 0 0 0 0 0 0 0
"69" 69 0.0769230769231 68 9 2 1 0 0 0 0 0 0 0 0 0 0 0 0 0 0 0 0
"70" 70 0.220125786164 79 1 0 0 0 0 0 0 0 0 0 0 0 0 0 0 0 0 0 0
"71" 71 0.0 70 7 3 0 0 0 0 0 0 0 0 0 0 0 0 0 0 0 0 0
"72" 72 0.0761421319797 59 12 4 4 1 0 0 0 0 0 0 0 0 0 0 0 0 0 0 0
"73" 73 0.0 60 12 4 2 1 1 0 0 0 0 0 0 0 0 0 0 0 0 0 0
"74" 74 0.0 74 3 1 1 1 0 0 0 0 0 0 0 0 0 0 0 0 0 0 0
"75" 75 0.0 69 6 3 1 1 0 0 0 0 0 0 0 0 0 0 0 0 0 0 0
"76" 76 0.0106382978723 68 6 3 2 1 0 0 0 0 0 0 0 0 0 0 0 0 0 0 0
"77" 77 0.03125 70 10 0 0 0 0 0 0 0 0 0 0 0 0 0 0 0 0 0 0
"78" 78 0.0 80 0 0 0 0 0 0 0 0 0 0 0 0 0 0 0 0 0 0 0
"79" 79 0.491071428571 28 20 12 4 4 3 3 3 1 1 1 0 0 0 0 0 0 0 0 0
"80" 80 0.25 30 22 16 6 3 1 1 1 0 0 0 0 0 0 0 0 0 0 0 0
"81" 81 0.0 57 18 4 1 0 0 0 0 0 0 0 0 0 0 0 0 0 0 0 0
"82" 82 0.0456852791878 59 17 2 1 1 0 0 0 0 0 0 0 0 0 0 0 0 0 0 0
"83" 83 0.494186046512 33 23 8 5 3 2 1 1 1 1 1 1 0 0 0 0 0 0 0 0
"84" 84 0.326996197719 37 10 8 7 5 4 3 3 1 1 1 0 0 0 0 0 0 0 0 0
"85" 85 0.00961538461538 40 22 9 6 2 1 0 0 0 0 0 0 0 0 0 0 0 0 0 0
"86" 86 0.474452554745 79 1 0 0 0 0 0 0 0 0 0 0 0 0 0 0 0 0 0 0
"87" 87 0.569620253165 20 12 11 10 6 4 3 3 2 2 2 2 1 1 1 0 0 0 0 0
"88" 88 0.114427860697 49 16 13 1 1 0 0 0 0 0 0 0 0 0 0 0 0 0 0 0
"89" 89 0.0203045685279 33 26 14 7 0 0 0 0 0 0 0 0 0 0 0 0 0 0 0 0
"90" 90 0.163461538462 80 0 0 0 0 0 0 0 0 0 0 0 0 0 0 0 0 0 0 0
"91" 91 0.31007751938 44 18 8 3 2 2 2 1 0 0 0 0 0 0 0 0 0 0 0 0
"92" 92 0.540697674419 79 1 0 0 0 0 0 0 0 0 0 0 0 0 0 0 0 0 0 0
"93" 93 0.176165803109 57 17 3 1 1 1 0 0 0 0 0 0 0 0 0 0 0 0 0 0
"94" 94 0.0440251572327 75 3 1 1 0 0 0 0 0 0 0 0 0 0 0 0 0 0 0 0
"95" 95 0.668161434978 30 26 7 5 3 2 2 2 1 1 1 0 0 0 0 0 0 0 0 0
"96" 96 0.691983122363 27 17 10 9 6 5 3 2 1 0 0 0 0 0 0 0 0 0 0 0
"97" 97 0.0993377483444 46 34 0 0 0 0 0 0 0 0 0 0 0 0 0 0 0 0 0 0
"98" 98 0.457364341085 26 15 11 7 7 6 3 2 1 1 1 0 0 0 0 0 0 0 0 0
"99" 99 0.748427672956 75 2 1 1 1 0 0 0 0 0 0 0 0 0 0 0 0 0 0 0
"100" 100 0.461538461538 80 0 0 0 0 0 0 0 0 0 0 0 0 0 0 0 0 0 0 0
"101" 101 0.110465116279 76 4 0 0 0 0 0 0 0 0 0 0 0 0 0 0 0 0 0 0
"102" 102 0.0 74 4 2 0 0 0 0 0 0 0 0 0 0 0 0 0 0 0 0 0
"103" 103 0.0839416058394 80 0 0 0 0 0 0 0 0 0 0 0 0 0 0 0 0 0 0 0
"104" 104 0.240384615385 77 2 1 0 0 0 0 0 0 0 0 0 0 0 0 0 0 0 0 0
"105" 105 0.367875647668 76 3 1 0 0 0 0 0 0 0 0 0 0 0 0 0 0 0 0 0
"106" 106 0.139303482587 52 18 10 0 0 0 0 0 0 0 0 0 0 0 0 0 0 0 0 0
"107" 107 0.093023255814 30 27 15 8 0 0 0 0 0 0 0 0 0 0 0 0 0 0 0 0
"108" 108 0.568965517241 41 21 8 4 2 1 1 1 1 0 0 0 0 0 0 0 0 0 0 0
"109" 109 0.413793103448 27 14 13 8 7 4 2 2 2 1 0 0 0 0 0 0 0 0 0 0
"110" 110 0.379310344828 44 20 6 5 4 1 0 0 0 0 0 0 0 0 0 0 0 0 0 0
"111" 111 0.451923076923 63 12 2 1 1 1 0 0 0 0 0 0 0 0 0 0 0 0 0 0
"112" 112 0.448905109489 63 8 2 2 2 1 1 1 0 0 0 0 0 0 0 0 0 0 0 0
"113" 113 0.0512820512821 80 0 0 0 0 0 0 0 0 0 0 0 0 0 0 0 0 0 0 0
"114" 114 0.0 35 30 12 1 1 1 0 0 0 0 0 0 0 0 0 0 0 0 0 0
"115" 115 0.0 52 15 12 1 0 0 0 0 0 0 0 0 0 0 0 0 0 0 0 0
"116" 116 0.157894736842 80 0 0 0 0 0 0 0 0 0 0 0 0 0 0 0 0 0 0 0
"117" 117 0.134615384615 73 7 0 0 0 0 0 0 0 0 0 0 0 0 0 0 0 0 0 0
"118" 118 0.0 80 0 0 0 0 0 0 0 0 0 0 0 0 0 0 0 0 0 0 0
"119" 119 0.502590673575 79 1 0 0 0 0 0 0 0 0 0 0 0 0 0 0 0 0 0 0
"120" 120 0.105769230769 64 8 5 2 1 0 0 0 0 0 0 0 0 0 0 0 0 0 0 0
"121" 121 0.553459119497 42 20 5 4 2 2 1 1 1 1 1 0 0 0 0 0 0 0 0 0
"122" 122 0.575892857143 61 6 6 2 2 2 1 0 0 0 0 0 0 0 0 0 0 0 0 0
"123" 123 0.174418604651 57 8 6 4 2 1 1 1 0 0 0 0 0 0 0 0 0 0 0 0
"124" 124 0.015503875969 74 5 1 0 0 0 0 0 0 0 0 0 0 0 0 0 0 0 0 0
"125" 125 0.573839662447 21 14 14 14 6 5 2 1 1 1 1 0 0 0 0 0 0 0 0 0
"126" 126 0.507772020725 38 28 4 3 2 1 1 1 1 1 0 0 0 0 0 0 0 0 0 0
"127" 127 0.09375 80 0 0 0 0 0 0 0 0 0 0 0 0 0 0 0 0 0 0 0
"128" 128 0.0964467005076 73 3 3 1 0 0 0 0 0 0 0 0 0 0 0 0 0 0 0 0
"129" 129 0.713080168776 35 14 11 6 4 3 3 2 1 1 0 0 0 0 0 0 0 0 0 0
"130" 130 0.243781094527 71 7 1 1 0 0 0 0 0 0 0 0 0 0 0 0 0 0 0 0
"131" 131 0.0354609929078 63 14 2 0 0 0 0 0 0 0 0 0 0 0 0 0 0 0 0 0
"132" 132 0.0418410041841 78 1 0 0 0 0 0 0 0 0 0 0 0 0 0 0 0 0 0 0
"133" 133 0.518987341772 18 11 10 7 6 5 5 4 4 3 2 1 0 0 0 0 0 0 0 0
"134" 134 0.685534591195 24 22 11 5 4 3 2 2 2 1 0 0 0 0 0 0 0 0 0 0
"135" 135 0.629464285714 26 12 12 9 5 5 4 1 1 1 1 1 0 0 0 0 0 0 0 0
"136" 136 0.290178571429 66 2 2 1 1 1 1 0 0 0 0 0 0 0 0 0 0 0 0 0
"137" 137 0.169154228856 55 9 8 3 1 1 0 0 0 0 0 0 0 0 0 0 0 0 0 0
"138" 138 0.390804597701 31 11 10 7 4 3 2 2 2 2 1 1 1 0 0 0 0 0 0 0
"139" 139 0.741721854305 18 14 11 11 5 4 4 2 2 1 1 1 1 0 0 0 0 0 0 0
"140" 140 0.430962343096 42 31 2 1 0 0 0 0 0 0 0 0 0 0 0 0 0 0 0 0
"141" 141 0.651162790698 17 16 11 6 6 5 5 3 2 1 1 1 0 0 0 0 0 0 0 0
"142" 142 0.145695364238 18 16 11 8 7 4 2 2 1 1 1 1 0 0 0 0 0 0 0 0
"143" 143 0.692307692308 17 14 9 8 4 3 3 3 2 2 2 1 1 1 1 0 0 0 0 0
"144" 144 0.390728476821 10 10 8 8 8 7 6 4 3 3 2 1 1 0 0 0 0 0 0 0
"145" 145 0.147321428571 11 11 9 8 8 5 5 3 3 2 2 1 1 1 0 0 0 0 0 0
"146" 146 0.599156118143 14 13 9 7 5 4 4 3 3 3 2 2 1 0 0 0 0 0 0 0
"147" 147 0.794326241135 62 3 2 1 1 1 0 0 0 0 0 0 0 0 0 0 0 0 0 0
"148" 148 0.335025380711 31 20 17 1 0 0 0 0 0 0 0 0 0 0 0 0 0 0 0 0
"149" 149 0.406844106464 55 3 2 0 0 0 0 0 0 0 0 0 0 0 0 0 0 0 0 0
