"site" "RSA" "aa1" "aa2" "aa3" "aa4" "aa5" "aa6" "aa7" "aa8" "aa9" "aa10" "aa11" "aa12" "aa13" "aa14" "aa15" "aa16" "aa17" "aa18" "aa19" "aa20"
"0" 0 0.802325581395 196 76 55 47 44 43 19 16 2 1 1 0 0 0 0 0 0 0 0 0
"1" 1 0.482587064677 284 39 32 31 30 28 21 7 6 5 5 3 2 2 2 2 1 0 0 0
"2" 2 0.233830845771 183 140 81 22 20 18 16 7 7 3 1 1 1 0 0 0 0 0 0 0
"3" 3 0.456953642384 213 94 52 45 27 26 23 8 6 2 2 1 1 0 0 0 0 0 0 0
"4" 4 0.483443708609 192 150 68 18 18 13 10 9 8 5 5 3 1 0 0 0 0 0 0 0
"5" 5 0.100418410042 270 195 26 4 4 1 0 0 0 0 0 0 0 0 0 0 0 0 0 0
"6" 6 0.134615384615 500 0 0 0 0 0 0 0 0 0 0 0 0 0 0 0 0 0 0 0
"7" 7 0.383720930233 429 31 29 9 1 1 0 0 0 0 0 0 0 0 0 0 0 0 0 0
"8" 8 0.339622641509 333 42 35 28 24 20 15 2 1 0 0 0 0 0 0 0 0 0 0 0
"9" 9 0.326359832636 128 110 80 61 43 16 11 9 9 8 6 6 4 3 3 2 1 0 0 0
"10" 10 0.446428571429 402 45 31 13 5 3 1 0 0 0 0 0 0 0 0 0 0 0 0 0
"11" 11 0.0729927007299 465 10 10 7 5 2 1 0 0 0 0 0 0 0 0 0 0 0 0 0
"12" 12 0.0 391 56 15 9 6 6 5 5 4 1 1 1 0 0 0 0 0 0 0 0
"13" 13 0.397321428571 182 123 75 60 29 15 9 3 2 2 0 0 0 0 0 0 0 0 0 0
"14" 14 0.389743589744 278 65 43 37 29 20 13 13 1 1 0 0 0 0 0 0 0 0 0 0
"15" 15 0.0 474 26 0 0 0 0 0 0 0 0 0 0 0 0 0 0 0 0 0 0
"16" 16 0.0149253731343 456 14 8 6 3 3 3 2 2 1 1 1 0 0 0 0 0 0 0 0
"17" 17 0.209302325581 206 88 82 74 20 15 9 4 1 1 0 0 0 0 0 0 0 0 0 0
"18" 18 0.0 449 15 14 7 5 3 3 3 1 0 0 0 0 0 0 0 0 0 0 0
"19" 19 0.0 482 8 5 2 1 1 1 0 0 0 0 0 0 0 0 0 0 0 0 0
"20" 20 0.478102189781 269 176 44 4 3 2 2 0 0 0 0 0 0 0 0 0 0 0 0 0
"21" 21 0.540178571429 151 95 61 60 58 46 12 9 4 3 1 0 0 0 0 0 0 0 0 0
"22" 22 0.173076923077 500 0 0 0 0 0 0 0 0 0 0 0 0 0 0 0 0 0 0 0
"23" 23 0.295620437956 243 162 41 27 14 6 4 2 1 0 0 0 0 0 0 0 0 0 0 0
"24" 24 0.0192307692308 315 82 73 7 6 6 5 2 2 1 1 0 0 0 0 0 0 0 0 0
"25" 25 0.0 458 19 16 7 0 0 0 0 0 0 0 0 0 0 0 0 0 0 0 0
"26" 26 0.0 140 82 78 59 47 38 28 15 7 2 2 1 1 0 0 0 0 0 0 0
"27" 27 0.00574712643678 312 161 16 5 3 2 1 0 0 0 0 0 0 0 0 0 0 0 0 0
"28" 28 0.0497512437811 297 141 16 16 8 8 3 3 2 2 1 1 1 1 0 0 0 0 0 0
"29" 29 0.512953367876 222 148 74 27 11 7 4 3 2 1 1 0 0 0 0 0 0 0 0 0
"30" 30 0.487179487179 248 84 48 30 19 19 18 12 10 9 1 1 1 0 0 0 0 0 0 0
"31" 31 0.294642857143 158 89 62 60 37 29 29 11 9 4 4 3 3 1 1 0 0 0 0 0
"32" 32 0.00961538461538 136 130 121 108 4 1 0 0 0 0 0 0 0 0 0 0 0 0 0 0
"33" 33 0.0155440414508 167 126 79 38 33 22 9 7 5 4 4 2 2 1 1 0 0 0 0 0
"34" 34 0.0 79 79 78 47 43 41 36 22 13 13 12 12 11 7 3 3 1 0 0 0
"35" 35 0.0 188 143 75 55 25 14 0 0 0 0 0 0 0 0 0 0 0 0 0 0
"36" 36 0.0167364016736 185 128 58 49 39 29 8 2 1 1 0 0 0 0 0 0 0 0 0 0
"37" 37 0.0 367 61 33 20 10 6 3 0 0 0 0 0 0 0 0 0 0 0 0 0
"38" 38 0.0 350 140 10 0 0 0 0 0 0 0 0 0 0 0 0 0 0 0 0 0
"39" 39 0.357142857143 160 102 81 77 50 12 10 4 2 1 1 0 0 0 0 0 0 0 0 0
"40" 40 0.261627906977 234 85 71 64 30 12 2 1 1 0 0 0 0 0 0 0 0 0 0 0
"41" 41 0.0 174 158 87 41 17 7 5 4 3 1 1 1 1 0 0 0 0 0 0 0
"42" 42 0.273255813953 371 115 8 3 2 1 0 0 0 0 0 0 0 0 0 0 0 0 0 0
"43" 43 0.281609195402 171 96 90 58 26 23 17 10 4 3 1 1 0 0 0 0 0 0 0 0
"44" 44 0.638392857143 226 81 66 53 46 14 4 4 3 2 1 0 0 0 0 0 0 0 0 0
"45" 45 0.161434977578 133 84 77 56 49 36 20 14 10 8 5 4 2 2 0 0 0 0 0 0
"46" 46 0.0045871559633 274 84 82 23 10 9 5 4 3 3 1 1 1 0 0 0 0 0 0 0
"47" 47 0.271317829457 230 69 67 49 23 21 14 10 5 4 3 3 2 0 0 0 0 0 0 0
"48" 48 0.0696517412935 148 114 70 56 40 26 22 10 4 4 3 2 1 0 0 0 0 0 0 0
"49" 49 0.00581395348837 233 95 68 18 17 16 14 14 11 8 3 3 0 0 0 0 0 0 0 0
"50" 50 0.263959390863 251 72 48 37 30 19 19 11 4 3 3 2 1 0 0 0 0 0 0 0
"51" 51 0.532846715328 170 82 68 60 47 43 22 4 4 0 0 0 0 0 0 0 0 0 0 0
"52" 52 0.22966507177 256 71 52 51 27 20 7 5 5 2 2 2 0 0 0 0 0 0 0 0
"53" 53 0.0769230769231 500 0 0 0 0 0 0 0 0 0 0 0 0 0 0 0 0 0 0 0
"54" 54 0.278145695364 407 33 22 16 13 7 1 1 0 0 0 0 0 0 0 0 0 0 0 0
"55" 55 0.163461538462 500 0 0 0 0 0 0 0 0 0 0 0 0 0 0 0 0 0 0 0
"56" 56 0.401015228426 260 80 37 29 28 24 13 10 9 8 2 0 0 0 0 0 0 0 0 0
"57" 57 0.0229885057471 350 75 36 24 11 1 1 1 1 0 0 0 0 0 0 0 0 0 0 0
"58" 58 0.0253164556962 196 58 50 46 34 28 25 24 17 6 5 4 3 2 2 0 0 0 0 0
"59" 59 0.00995024875622 405 69 22 4 0 0 0 0 0 0 0 0 0 0 0 0 0 0 0 0
"60" 60 0.0 219 185 34 28 16 14 4 0 0 0 0 0 0 0 0 0 0 0 0 0
"61" 61 0.010152284264 430 25 16 15 13 1 0 0 0 0 0 0 0 0 0 0 0 0 0 0
"62" 62 0.186046511628 391 99 6 2 1 1 0 0 0 0 0 0 0 0 0 0 0 0 0 0
"63" 63 0.303571428571 240 104 55 37 30 14 9 4 3 2 2 0 0 0 0 0 0 0 0 0
"64" 64 0.59067357513 266 144 37 20 9 5 5 4 3 3 2 2 0 0 0 0 0 0 0 0
"65" 65 0.14598540146 250 81 61 34 15 12 11 11 6 6 5 4 2 1 1 0 0 0 0 0
"66" 66 0.149635036496 420 66 7 3 3 1 0 0 0 0 0 0 0 0 0 0 0 0 0 0
"67" 67 0.476793248945 219 118 78 43 32 5 3 2 0 0 0 0 0 0 0 0 0 0 0 0
"68" 68 0.349775784753 173 80 74 58 36 23 22 21 5 3 3 1 1 0 0 0 0 0 0 0
"69" 69 0.00497512437811 479 6 5 3 3 2 1 1 0 0 0 0 0 0 0 0 0 0 0 0
"70" 70 0.569948186528 399 47 20 8 8 6 5 3 3 1 0 0 0 0 0 0 0 0 0 0
"71" 71 0.00497512437811 317 156 18 7 1 1 0 0 0 0 0 0 0 0 0 0 0 0 0 0
"72" 72 0.421383647799 348 95 34 12 8 1 1 1 0 0 0 0 0 0 0 0 0 0 0 0
"73" 73 0.229357798165 375 69 30 11 9 4 2 0 0 0 0 0 0 0 0 0 0 0 0 0
"74" 74 0.435779816514 223 113 75 33 21 16 7 3 2 2 2 1 1 1 0 0 0 0 0 0
"75" 75 0.655172413793 214 88 85 61 15 12 10 9 2 2 1 1 0 0 0 0 0 0 0 0
"76" 76 1.10714285714 357 130 13 0 0 0 0 0 0 0 0 0 0 0 0 0 0 0 0 0
"77" 77 0.471153846154 362 78 20 12 10 8 2 2 2 1 1 1 1 0 0 0 0 0 0 0
"78" 78 0.397489539749 222 98 81 35 21 21 6 5 3 3 2 2 1 0 0 0 0 0 0 0
"79" 79 0.0 332 95 36 16 14 5 1 1 0 0 0 0 0 0 0 0 0 0 0 0
"80" 80 0.224137931034 300 55 36 27 25 23 14 5 4 4 3 2 1 1 0 0 0 0 0 0
"81" 81 0.093023255814 258 126 74 21 11 5 3 2 0 0 0 0 0 0 0 0 0 0 0 0
"82" 82 0.0 401 27 24 22 17 8 1 0 0 0 0 0 0 0 0 0 0 0 0 0
"83" 83 0.09375 142 133 85 78 21 16 10 7 6 1 1 0 0 0 0 0 0 0 0 0
"84" 84 0.0232558139535 318 147 29 3 3 0 0 0 0 0 0 0 0 0 0 0 0 0 0 0
"85" 85 0.217054263566 252 117 91 27 4 3 2 2 1 1 0 0 0 0 0 0 0 0 0 0
"86" 86 0.732142857143 170 117 75 73 22 21 15 3 2 1 1 0 0 0 0 0 0 0 0 0
"87" 87 0.625 500 0 0 0 0 0 0 0 0 0 0 0 0 0 0 0 0 0 0 0
"88" 88 0.201149425287 224 212 33 13 6 6 3 2 1 0 0 0 0 0 0 0 0 0 0 0
"89" 89 0.691860465116 395 36 17 16 11 11 4 4 2 2 1 1 0 0 0 0 0 0 0 0
"90" 90 0.552325581395 171 122 113 26 25 20 9 7 6 1 0 0 0 0 0 0 0 0 0 0
"91" 91 0.0 499 1 0 0 0 0 0 0 0 0 0 0 0 0 0 0 0 0 0 0
"92" 92 0.316091954023 205 104 66 49 37 18 16 3 2 0 0 0 0 0 0 0 0 0 0 0
"93" 93 0.370860927152 326 131 20 14 3 2 2 2 0 0 0 0 0 0 0 0 0 0 0 0
"94" 94 0.147286821705 447 24 9 4 3 3 3 2 2 1 1 1 0 0 0 0 0 0 0 0
"95" 95 0.325581395349 186 185 56 33 14 12 7 4 1 1 1 0 0 0 0 0 0 0 0 0
"96" 96 0.0725388601036 378 74 17 16 10 4 1 0 0 0 0 0 0 0 0 0 0 0 0 0
"97" 97 0.0875912408759 243 93 79 44 26 6 4 4 1 0 0 0 0 0 0 0 0 0 0 0
"98" 98 0.00507614213198 112 99 52 52 48 48 34 30 9 6 4 2 2 1 1 0 0 0 0 0
"99" 99 0.255813953488 143 118 57 31 29 23 19 18 12 11 9 9 8 8 3 2 0 0 0 0
"100" 100 0.0 482 16 2 0 0 0 0 0 0 0 0 0 0 0 0 0 0 0 0 0
"101" 101 0.0114942528736 321 54 42 35 20 12 6 4 3 2 1 0 0 0 0 0 0 0 0 0
"102" 102 0.408759124088 147 90 81 36 35 33 23 21 14 12 4 3 1 0 0 0 0 0 0 0
"103" 103 0.201550387597 195 77 73 68 20 13 12 10 10 7 6 4 3 1 1 0 0 0 0 0
"104" 104 0.0077519379845 419 64 6 3 3 2 1 1 1 0 0 0 0 0 0 0 0 0 0 0
"105" 105 0.0507614213198 203 162 107 16 8 2 1 1 0 0 0 0 0 0 0 0 0 0 0 0
"106" 106 0.279069767442 154 135 91 50 39 23 4 2 2 0 0 0 0 0 0 0 0 0 0 0
"107" 107 0.715025906736 361 113 9 7 5 3 2 0 0 0 0 0 0 0 0 0 0 0 0 0
"108" 108 0.567307692308 497 3 0 0 0 0 0 0 0 0 0 0 0 0 0 0 0 0 0 0
"109" 109 0.031007751938 438 57 4 1 0 0 0 0 0 0 0 0 0 0 0 0 0 0 0 0
"110" 110 0.544303797468 273 151 18 16 14 10 9 6 1 1 1 0 0 0 0 0 0 0 0 0
"111" 111 0.314465408805 298 60 54 34 30 11 8 3 1 1 0 0 0 0 0 0 0 0 0 0
"112" 112 0.602649006623 452 16 16 12 3 1 0 0 0 0 0 0 0 0 0 0 0 0 0 0
"113" 113 0.326424870466 390 62 23 11 5 3 3 2 1 0 0 0 0 0 0 0 0 0 0 0
"114" 114 0.0149253731343 484 10 3 2 1 0 0 0 0 0 0 0 0 0 0 0 0 0 0 0
"115" 115 0.466666666667 239 67 38 32 24 24 22 19 11 10 7 3 3 1 0 0 0 0 0 0
"116" 116 0.306569343066 341 54 27 24 22 18 3 2 2 2 2 2 1 0 0 0 0 0 0 0
"117" 117 0.685534591195 449 22 10 6 5 4 3 1 0 0 0 0 0 0 0 0 0 0 0 0
"118" 118 0.115384615385 500 0 0 0 0 0 0 0 0 0 0 0 0 0 0 0 0 0 0 0
"119" 119 0.354066985646 361 74 21 13 12 7 5 4 3 0 0 0 0 0 0 0 0 0 0 0
"120" 120 0.0172413793103 399 84 9 6 2 0 0 0 0 0 0 0 0 0 0 0 0 0 0 0
"121" 121 0.192468619247 224 117 36 28 24 19 18 15 9 4 3 2 1 0 0 0 0 0 0 0
"122" 122 0.0062893081761 244 144 45 22 19 7 5 4 4 2 2 1 1 0 0 0 0 0 0 0
"123" 123 0.0597014925373 287 63 43 35 25 10 10 5 5 4 4 2 2 2 1 1 1 0 0 0
"124" 124 0.167883211679 307 89 46 23 12 11 9 2 1 0 0 0 0 0 0 0 0 0 0 0
"125" 125 0.0697674418605 474 21 3 2 0 0 0 0 0 0 0 0 0 0 0 0 0 0 0 0
"126" 126 0.385650224215 219 78 74 36 30 21 17 14 5 3 1 1 1 0 0 0 0 0 0 0
"127" 127 0.666666666667 173 122 45 36 29 28 25 20 12 4 2 1 1 1 1 0 0 0 0 0
"128" 128 0.413461538462 500 0 0 0 0 0 0 0 0 0 0 0 0 0 0 0 0 0 0 0
"129" 129 0.0480769230769 500 0 0 0 0 0 0 0 0 0 0 0 0 0 0 0 0 0 0 0
"130" 130 0.0344827586207 211 98 75 59 33 9 7 3 3 1 1 0 0 0 0 0 0 0 0 0
"131" 131 0.412935323383 365 32 26 19 19 12 11 9 4 2 1 0 0 0 0 0 0 0 0 0
"132" 132 0.46511627907 219 68 56 52 31 30 19 19 3 2 1 0 0 0 0 0 0 0 0 0
"133" 133 0.412408759124 334 73 31 16 15 10 7 5 4 2 2 1 0 0 0 0 0 0 0 0
"134" 134 0.394230769231 150 80 55 54 43 40 31 28 6 6 4 2 1 0 0 0 0 0 0 0
"135" 135 0.105769230769 388 67 27 18 0 0 0 0 0 0 0 0 0 0 0 0 0 0 0 0
"136" 136 0.0956937799043 202 136 52 43 20 18 9 8 5 3 2 1 1 0 0 0 0 0 0 0
"137" 137 0.0755813953488 254 186 24 19 14 1 1 1 0 0 0 0 0 0 0 0 0 0 0 0
"138" 138 0.0133928571429 330 84 71 7 7 1 0 0 0 0 0 0 0 0 0 0 0 0 0 0
"139" 139 0.0 272 211 14 2 1 0 0 0 0 0 0 0 0 0 0 0 0 0 0 0
"140" 140 0.0 215 211 42 21 10 1 0 0 0 0 0 0 0 0 0 0 0 0 0 0
"141" 141 0.0710659898477 189 117 107 47 21 7 5 4 2 1 0 0 0 0 0 0 0 0 0 0
"142" 142 0.0725388601036 434 20 14 11 6 4 3 2 2 1 1 1 1 0 0 0 0 0 0 0
"143" 143 0.00497512437811 400 33 28 10 7 6 4 3 3 2 2 1 1 0 0 0 0 0 0 0
"144" 144 0.0 449 23 16 10 1 1 0 0 0 0 0 0 0 0 0 0 0 0 0 0
"145" 145 0.436046511628 123 114 83 61 54 27 11 9 7 7 2 1 1 0 0 0 0 0 0 0
"146" 146 0.323383084577 206 154 35 28 19 17 9 8 7 6 5 4 1 1 0 0 0 0 0 0
"147" 147 0.0542635658915 487 11 1 1 0 0 0 0 0 0 0 0 0 0 0 0 0 0 0 0
"148" 148 0.644230769231 500 0 0 0 0 0 0 0 0 0 0 0 0 0 0 0 0 0 0 0
"149" 149 0.163179916318 356 106 13 9 9 2 2 1 1 1 0 0 0 0 0 0 0 0 0 0
"150" 150 0.253164556962 322 61 42 25 19 16 5 3 2 2 1 1 1 0 0 0 0 0 0 0
"151" 151 0.333333333333 172 79 71 61 49 43 21 2 1 1 0 0 0 0 0 0 0 0 0 0
"152" 152 0.0542635658915 394 53 43 4 2 1 1 1 1 0 0 0 0 0 0 0 0 0 0 0
"153" 153 0.0 352 104 44 0 0 0 0 0 0 0 0 0 0 0 0 0 0 0 0 0
"154" 154 0.00574712643678 271 60 59 35 31 13 13 10 4 2 2 0 0 0 0 0 0 0 0 0
"155" 155 0.0298507462687 268 77 61 20 15 14 12 8 6 6 5 3 2 1 1 1 0 0 0 0
"156" 156 0.0 242 123 119 9 4 2 1 0 0 0 0 0 0 0 0 0 0 0 0 0
"157" 157 0.183035714286 119 111 71 61 36 30 19 14 13 11 10 2 1 1 1 0 0 0 0 0
"158" 158 0.0398009950249 257 59 58 26 25 20 13 10 9 9 4 4 4 2 0 0 0 0 0 0
"159" 159 0.156976744186 210 70 48 43 35 32 28 25 4 3 2 0 0 0 0 0 0 0 0 0
"160" 160 0.179487179487 202 136 66 27 21 19 11 8 5 2 1 1 1 0 0 0 0 0 0 0
"161" 161 0.80310880829 233 71 57 47 33 18 16 9 8 4 4 0 0 0 0 0 0 0 0 0
"162" 162 0.611398963731 137 110 109 60 29 19 19 11 3 2 1 0 0 0 0 0 0 0 0 0
"163" 163 0.519230769231 500 0 0 0 0 0 0 0 0 0 0 0 0 0 0 0 0 0 0 0
"164" 164 0.267441860465 177 138 65 43 32 14 13 11 2 2 1 1 1 0 0 0 0 0 0 0
"165" 165 0.344036697248 88 85 47 46 42 36 35 30 25 13 11 10 10 9 8 4 1 0 0 0
"166" 166 0.0077519379845 381 79 25 6 3 2 1 1 1 1 0 0 0 0 0 0 0 0 0 0
"167" 167 0.452554744526 184 118 86 38 22 21 16 9 2 2 2 0 0 0 0 0 0 0 0 0
"168" 168 0.271317829457 120 107 102 59 58 27 7 7 6 5 1 1 0 0 0 0 0 0 0 0
"169" 169 0.477987421384 292 63 61 30 14 13 10 7 6 3 1 0 0 0 0 0 0 0 0 0
"170" 170 0.254464285714 242 165 31 27 19 4 3 3 3 2 1 0 0 0 0 0 0 0 0 0
"171" 171 0.0 196 166 138 0 0 0 0 0 0 0 0 0 0 0 0 0 0 0 0 0
"172" 172 0.0507614213198 220 105 94 22 12 12 7 7 4 4 4 2 2 2 2 1 0 0 0 0
"173" 173 0.526785714286 148 134 64 55 36 22 21 10 3 3 2 2 0 0 0 0 0 0 0 0
"174" 174 0.0753138075314 105 93 80 52 29 28 26 24 15 13 13 7 5 4 3 2 1 0 0 0
"175" 175 0.0 475 18 7 0 0 0 0 0 0 0 0 0 0 0 0 0 0 0 0 0
"176" 176 0.471794871795 203 106 41 41 36 22 15 14 8 7 5 2 0 0 0 0 0 0 0 0
"177" 177 0.548523206751 177 88 74 60 31 27 16 6 5 5 5 2 2 2 0 0 0 0 0 0
"178" 178 0.296650717703 111 99 86 80 30 30 22 11 11 7 3 3 3 2 1 1 0 0 0 0
"179" 179 0.569230769231 428 43 28 1 0 0 0 0 0 0 0 0 0 0 0 0 0 0 0 0
"180" 180 0.0366972477064 90 71 68 64 52 48 43 27 11 9 6 5 2 2 2 0 0 0 0 0
"181" 181 0.062015503876 441 36 21 2 0 0 0 0 0 0 0 0 0 0 0 0 0 0 0 0
"182" 182 0.00497512437811 162 130 128 54 11 7 3 1 1 1 1 1 0 0 0 0 0 0 0 0
"183" 183 0.00574712643678 267 166 50 4 4 3 3 1 1 1 0 0 0 0 0 0 0 0 0 0
"184" 184 0.116279069767 125 122 110 45 40 27 25 6 0 0 0 0 0 0 0 0 0 0 0 0
"185" 185 0.0253807106599 177 119 76 70 30 11 8 4 4 1 0 0 0 0 0 0 0 0 0 0
"186" 186 0.700892857143 179 142 61 39 38 15 11 7 6 1 1 0 0 0 0 0 0 0 0 0
"187" 187 0.0362694300518 442 23 12 8 7 5 2 1 0 0 0 0 0 0 0 0 0 0 0 0
"188" 188 0.00995024875622 262 120 43 31 16 10 8 3 3 2 2 0 0 0 0 0 0 0 0 0
"189" 189 0.183908045977 85 78 66 66 62 24 20 19 19 15 12 9 8 7 7 2 1 0 0 0
"190" 190 0.286821705426 121 107 95 83 43 19 14 7 6 3 1 1 0 0 0 0 0 0 0 0
"191" 191 0.0798479087452 288 120 78 4 3 3 2 1 1 0 0 0 0 0 0 0 0 0 0 0
"192" 192 0.251824817518 209 128 39 21 19 18 16 11 10 7 7 6 6 2 1 0 0 0 0 0
"193" 193 0.600896860987 153 104 77 36 30 23 23 18 16 8 5 4 2 1 0 0 0 0 0 0
"194" 194 0.503875968992 171 63 57 47 42 38 21 19 13 10 8 7 2 1 1 0 0 0 0 0
"195" 195 0.684210526316 330 128 8 7 7 4 3 3 3 3 2 1 1 0 0 0 0 0 0 0
