"site" "RSA" "aa1" "aa2" "aa3" "aa4" "aa5" "aa6" "aa7" "aa8" "aa9" "aa10" "aa11" "aa12" "aa13" "aa14" "aa15" "aa16" "aa17" "aa18" "aa19" "aa20"
"0" 0 0.529801324503 281 180 19 12 7 1 0 0 0 0 0 0 0 0 0 0 0 0 0 0
"1" 1 0.147208121827 262 200 21 13 2 2 0 0 0 0 0 0 0 0 0 0 0 0 0 0
"2" 2 0.290697674419 280 52 31 26 23 22 18 15 11 9 7 3 2 1 0 0 0 0 0 0
"3" 3 0.464135021097 129 84 70 57 32 29 23 20 17 17 9 4 4 3 2 0 0 0 0 0
"4" 4 0.0 256 180 33 25 5 1 0 0 0 0 0 0 0 0 0 0 0 0 0 0
"5" 5 0.428571428571 468 14 8 3 3 2 2 0 0 0 0 0 0 0 0 0 0 0 0 0
"6" 6 0.0199004975124 499 1 0 0 0 0 0 0 0 0 0 0 0 0 0 0 0 0 0 0
"7" 7 0.518134715026 367 52 49 24 3 2 2 1 0 0 0 0 0 0 0 0 0 0 0 0
"8" 8 0.653846153846 461 39 0 0 0 0 0 0 0 0 0 0 0 0 0 0 0 0 0 0
"9" 9 0.213197969543 436 57 2 2 1 1 1 0 0 0 0 0 0 0 0 0 0 0 0 0
"10" 10 0.0547263681592 461 28 7 3 1 0 0 0 0 0 0 0 0 0 0 0 0 0 0 0
"11" 11 0.452830188679 498 2 0 0 0 0 0 0 0 0 0 0 0 0 0 0 0 0 0 0
"12" 12 0.378109452736 371 55 31 18 8 7 2 2 2 2 2 0 0 0 0 0 0 0 0 0
"13" 13 0.465517241379 195 81 67 61 45 19 15 5 4 4 3 1 0 0 0 0 0 0 0 0
"14" 14 0.325581395349 197 120 66 56 36 17 2 2 1 1 1 1 0 0 0 0 0 0 0 0
"15" 15 0.321167883212 117 101 70 44 40 36 33 19 15 12 4 4 3 2 0 0 0 0 0 0
"16" 16 0.432692307692 312 59 54 26 15 12 10 6 4 1 1 0 0 0 0 0 0 0 0 0
"17" 17 0.413502109705 242 73 57 44 27 21 11 6 6 5 4 2 1 1 0 0 0 0 0 0
"18" 18 0.137931034483 314 77 51 21 15 7 5 4 3 2 1 0 0 0 0 0 0 0 0 0
"19" 19 0.167883211679 96 85 72 54 43 32 26 25 23 18 7 6 4 3 3 3 0 0 0 0
"20" 20 0.0 180 123 79 32 30 23 9 8 8 2 2 2 1 1 0 0 0 0 0 0
"21" 21 0.131979695431 186 156 48 47 27 13 7 6 5 2 2 1 0 0 0 0 0 0 0 0
"22" 22 0.0342205323194 415 85 0 0 0 0 0 0 0 0 0 0 0 0 0 0 0 0 0 0
"23" 23 0.330357142857 149 142 75 75 21 18 8 6 3 2 1 0 0 0 0 0 0 0 0 0
"24" 24 0.166666666667 242 230 27 1 0 0 0 0 0 0 0 0 0 0 0 0 0 0 0 0
"25" 25 0.424870466321 347 66 42 25 11 5 4 0 0 0 0 0 0 0 0 0 0 0 0 0
"26" 26 0.736434108527 160 94 85 71 62 26 2 0 0 0 0 0 0 0 0 0 0 0 0 0
"27" 27 0.336538461538 221 110 84 39 24 11 6 3 1 1 0 0 0 0 0 0 0 0 0 0
"28" 28 0.104651162791 226 152 54 16 15 13 11 5 5 3 0 0 0 0 0 0 0 0 0 0
"29" 29 0.144278606965 214 137 56 46 29 6 5 3 2 1 1 0 0 0 0 0 0 0 0 0
"30" 30 0.0 445 50 3 2 0 0 0 0 0 0 0 0 0 0 0 0 0 0 0 0
"31" 31 0.100418410042 100 86 79 70 50 41 24 12 12 6 6 5 4 3 2 0 0 0 0 0
"32" 32 0.0 416 44 40 0 0 0 0 0 0 0 0 0 0 0 0 0 0 0 0 0
"33" 33 0.131782945736 242 123 55 23 18 9 7 7 5 4 3 2 1 1 0 0 0 0 0 0
"34" 34 0.0 347 148 3 1 1 0 0 0 0 0 0 0 0 0 0 0 0 0 0 0
"35" 35 0.0 500 0 0 0 0 0 0 0 0 0 0 0 0 0 0 0 0 0 0 0
"36" 36 0.0802919708029 226 124 78 59 6 3 2 2 0 0 0 0 0 0 0 0 0 0 0 0
"37" 37 0.0 208 100 74 43 33 14 8 7 7 3 2 1 0 0 0 0 0 0 0 0
"38" 38 0.112582781457 203 124 81 48 19 9 7 5 1 1 1 1 0 0 0 0 0 0 0 0
"39" 39 0.0387596899225 276 81 60 33 19 11 5 5 4 2 1 1 1 1 0 0 0 0 0 0
"40" 40 0.250950570342 373 48 36 12 8 7 7 7 2 0 0 0 0 0 0 0 0 0 0 0
"41" 41 0.678756476684 411 56 15 9 8 1 0 0 0 0 0 0 0 0 0 0 0 0 0 0
"42" 42 0.103448275862 242 139 65 12 8 8 7 5 5 5 4 0 0 0 0 0 0 0 0 0
"43" 43 0.284263959391 252 130 39 35 10 9 6 4 4 4 4 1 1 1 0 0 0 0 0 0
"44" 44 0.0275229357798 211 165 68 36 8 5 2 2 1 1 1 0 0 0 0 0 0 0 0 0
"45" 45 0.517857142857 297 77 43 28 24 19 10 1 1 0 0 0 0 0 0 0 0 0 0 0
"46" 46 0.164102564103 156 84 55 52 50 27 22 21 16 16 1 0 0 0 0 0 0 0 0 0
"47" 47 0.0331125827815 357 83 53 5 2 0 0 0 0 0 0 0 0 0 0 0 0 0 0 0
"48" 48 0.0 340 70 35 19 14 11 7 1 1 1 1 0 0 0 0 0 0 0 0 0
"49" 49 0.194968553459 183 137 74 38 32 18 14 4 0 0 0 0 0 0 0 0 0 0 0 0
"50" 50 0.245535714286 165 165 111 29 22 5 1 1 1 0 0 0 0 0 0 0 0 0 0 0
"51" 51 0.0 160 133 55 43 29 28 11 11 9 8 7 2 2 2 0 0 0 0 0 0
"52" 52 0.00961538461538 500 0 0 0 0 0 0 0 0 0 0 0 0 0 0 0 0 0 0 0
"53" 53 0.0913705583756 229 118 90 31 27 2 1 1 1 0 0 0 0 0 0 0 0 0 0 0
"54" 54 0.00497512437811 376 84 18 13 3 3 1 1 1 0 0 0 0 0 0 0 0 0 0 0
"55" 55 0.044776119403 174 116 46 39 34 30 27 12 7 5 4 4 1 1 0 0 0 0 0 0
"56" 56 0.0523255813953 194 169 48 36 29 9 6 4 2 2 1 0 0 0 0 0 0 0 0 0
"57" 57 0.282700421941 197 100 45 41 41 32 24 13 4 3 0 0 0 0 0 0 0 0 0 0
"58" 58 0.00995024875622 490 6 2 1 1 0 0 0 0 0 0 0 0 0 0 0 0 0 0 0
"59" 59 0.0264900662252 258 137 83 12 5 4 1 0 0 0 0 0 0 0 0 0 0 0 0 0
"60" 60 0.348214285714 217 83 56 43 32 23 14 12 9 4 3 2 1 1 0 0 0 0 0 0
"61" 61 0.171548117155 456 27 15 2 0 0 0 0 0 0 0 0 0 0 0 0 0 0 0 0
"62" 62 0.0 412 77 8 1 1 1 0 0 0 0 0 0 0 0 0 0 0 0 0 0
"63" 63 0.0125523012552 199 93 72 61 48 7 6 6 3 3 1 1 0 0 0 0 0 0 0 0
"64" 64 0.683544303797 151 97 75 70 50 25 24 5 1 1 1 0 0 0 0 0 0 0 0 0
"65" 65 0.242677824268 407 27 24 16 7 6 4 4 2 1 1 1 0 0 0 0 0 0 0 0
"66" 66 0.0 347 70 32 14 11 9 5 4 3 2 2 1 0 0 0 0 0 0 0 0
"67" 67 0.397350993377 271 142 49 19 10 6 2 1 0 0 0 0 0 0 0 0 0 0 0 0
"68" 68 0.820512820513 286 73 45 36 30 16 10 3 1 0 0 0 0 0 0 0 0 0 0 0
"69" 69 0.222797927461 209 89 51 51 46 18 14 9 7 3 3 0 0 0 0 0 0 0 0 0
"70" 70 0.0747126436782 309 149 23 9 6 2 1 1 0 0 0 0 0 0 0 0 0 0 0 0
"71" 71 0.317518248175 256 71 41 33 25 24 22 19 7 1 1 0 0 0 0 0 0 0 0 0
"72" 72 0.179487179487 301 104 68 15 9 3 0 0 0 0 0 0 0 0 0 0 0 0 0 0
"73" 73 0.0287081339713 398 65 11 7 4 4 3 3 2 2 1 0 0 0 0 0 0 0 0 0
"74" 74 0.174129353234 101 93 81 66 35 29 28 25 23 5 5 5 2 1 1 0 0 0 0 0
"75" 75 0.14367816092 274 104 53 50 5 4 3 3 2 1 1 0 0 0 0 0 0 0 0 0
"76" 76 0.735751295337 241 129 87 23 15 3 2 0 0 0 0 0 0 0 0 0 0 0 0 0
"77" 77 0.335025380711 383 40 31 16 12 7 5 3 2 1 0 0 0 0 0 0 0 0 0 0
"78" 78 0.209302325581 165 86 71 43 40 39 23 14 6 6 3 2 1 1 0 0 0 0 0 0
"79" 79 0.811320754717 313 161 17 7 2 0 0 0 0 0 0 0 0 0 0 0 0 0 0 0
"80" 80 0.875 500 0 0 0 0 0 0 0 0 0 0 0 0 0 0 0 0 0 0 0
"81" 81 0.455696202532 331 46 37 25 25 14 11 8 2 1 0 0 0 0 0 0 0 0 0 0
"82" 82 0.412790697674 469 11 7 5 4 2 1 1 0 0 0 0 0 0 0 0 0 0 0 0
"83" 83 0.126903553299 196 62 52 41 35 27 25 21 18 8 5 3 2 2 2 1 0 0 0 0
"84" 84 0.0585774058577 481 7 5 3 3 1 0 0 0 0 0 0 0 0 0 0 0 0 0 0
"85" 85 0.533678756477 431 36 7 6 5 3 3 2 2 2 2 1 0 0 0 0 0 0 0 0
"86" 86 0.307984790875 223 205 48 12 5 3 2 1 1 0 0 0 0 0 0 0 0 0 0 0
"87" 87 0.0746268656716 488 5 5 1 1 0 0 0 0 0 0 0 0 0 0 0 0 0 0 0
"88" 88 0.314465408805 343 98 23 9 7 7 5 3 2 2 1 0 0 0 0 0 0 0 0 0
"89" 89 0.666666666667 227 144 87 15 10 8 5 4 0 0 0 0 0 0 0 0 0 0 0 0
"90" 90 0.409282700422 173 166 37 34 34 14 12 11 11 2 2 2 2 0 0 0 0 0 0 0
"91" 91 0.0 493 6 1 0 0 0 0 0 0 0 0 0 0 0 0 0 0 0 0 0
"92" 92 0.324503311258 284 181 10 9 8 4 3 1 0 0 0 0 0 0 0 0 0 0 0 0
"93" 93 0.370535714286 203 163 48 30 25 19 9 3 0 0 0 0 0 0 0 0 0 0 0 0
"94" 94 0.641509433962 214 172 67 19 16 6 5 1 0 0 0 0 0 0 0 0 0 0 0 0
"95" 95 0.57805907173 270 218 10 1 1 0 0 0 0 0 0 0 0 0 0 0 0 0 0 0
"96" 96 0.0570342205323 472 28 0 0 0 0 0 0 0 0 0 0 0 0 0 0 0 0 0 0
"97" 97 0.291139240506 388 64 25 6 5 5 4 3 0 0 0 0 0 0 0 0 0 0 0 0
"98" 98 0.540697674419 297 50 50 36 33 24 5 3 2 0 0 0 0 0 0 0 0 0 0 0
"99" 99 0.0986547085202 246 122 121 10 1 0 0 0 0 0 0 0 0 0 0 0 0 0 0 0
"100" 100 0.00497512437811 465 27 4 4 0 0 0 0 0 0 0 0 0 0 0 0 0 0 0 0
"101" 101 0.392857142857 375 75 16 9 9 5 4 3 2 1 1 0 0 0 0 0 0 0 0 0
"102" 102 0.455958549223 329 148 15 3 1 1 1 1 1 0 0 0 0 0 0 0 0 0 0 0
"103" 103 0.0255474452555 222 176 68 18 13 2 1 0 0 0 0 0 0 0 0 0 0 0 0 0
"104" 104 0.0860927152318 388 109 2 1 0 0 0 0 0 0 0 0 0 0 0 0 0 0 0 0
"105" 105 0.119402985075 111 98 50 43 39 37 36 28 21 17 11 6 3 0 0 0 0 0 0 0
"106" 106 0.044776119403 251 194 41 11 2 1 0 0 0 0 0 0 0 0 0 0 0 0 0 0
"107" 107 0.00574712643678 187 102 97 23 19 14 13 12 11 10 6 5 1 0 0 0 0 0 0 0
"108" 108 0.368421052632 119 108 72 62 41 38 37 17 5 1 0 0 0 0 0 0 0 0 0 0
"109" 109 0.299578059072 223 95 74 42 17 14 13 8 6 4 2 1 1 0 0 0 0 0 0 0
"110" 110 0.248803827751 291 130 54 17 4 2 1 1 0 0 0 0 0 0 0 0 0 0 0 0
"111" 111 0.438818565401 91 90 70 54 51 35 29 27 27 15 8 1 1 1 0 0 0 0 0 0
"112" 112 0.572139303483 132 100 70 68 63 47 6 5 2 2 1 1 1 1 1 0 0 0 0 0
"113" 113 0.010152284264 416 33 18 17 7 4 3 1 1 0 0 0 0 0 0 0 0 0 0 0
"114" 114 0.490566037736 329 105 36 14 4 3 2 2 2 2 1 0 0 0 0 0 0 0 0 0
"115" 115 0.00497512437811 372 55 26 21 10 6 4 2 2 2 0 0 0 0 0 0 0 0 0 0
"116" 116 0.169642857143 190 101 57 55 33 16 15 9 7 6 5 2 1 1 1 1 0 0 0 0
"117" 117 0.0 206 95 94 46 23 20 6 4 3 2 1 0 0 0 0 0 0 0 0 0
"118" 118 0.10152284264 193 159 80 43 6 5 5 3 3 2 1 0 0 0 0 0 0 0 0 0
"119" 119 0.0 428 66 5 1 0 0 0 0 0 0 0 0 0 0 0 0 0 0 0 0
"120" 120 0.0255474452555 156 119 105 72 19 8 7 6 6 2 0 0 0 0 0 0 0 0 0 0
"121" 121 0.0 259 161 32 26 8 7 5 1 1 0 0 0 0 0 0 0 0 0 0 0
"122" 122 0.00380228136882 266 77 74 40 24 7 6 2 2 1 1 0 0 0 0 0 0 0 0 0
"123" 123 0.0 181 86 79 48 47 41 17 1 0 0 0 0 0 0 0 0 0 0 0 0
"124" 124 0.0755813953488 267 87 71 60 9 5 1 0 0 0 0 0 0 0 0 0 0 0 0 0
"125" 125 0.201923076923 500 0 0 0 0 0 0 0 0 0 0 0 0 0 0 0 0 0 0 0
"126" 126 0.331125827815 162 99 76 55 35 26 17 15 6 4 3 1 1 0 0 0 0 0 0 0
"127" 127 0.0 196 183 79 21 11 7 2 1 0 0 0 0 0 0 0 0 0 0 0 0
"128" 128 0.13475177305 280 86 62 43 12 10 2 2 1 1 1 0 0 0 0 0 0 0 0 0
"129" 129 0.485232067511 189 110 50 46 42 34 19 8 1 1 0 0 0 0 0 0 0 0 0 0
"130" 130 0.183035714286 493 4 2 1 0 0 0 0 0 0 0 0 0 0 0 0 0 0 0 0
"131" 131 0.0836501901141 457 25 16 2 0 0 0 0 0 0 0 0 0 0 0 0 0 0 0 0
"132" 132 0.471264367816 140 96 88 57 56 22 14 10 6 6 5 0 0 0 0 0 0 0 0 0
"133" 133 0.729957805907 189 154 112 18 18 3 3 2 1 0 0 0 0 0 0 0 0 0 0 0
"134" 134 0.552325581395 209 184 31 17 14 11 10 7 5 4 4 3 1 0 0 0 0 0 0 0
"135" 135 0.269230769231 440 23 16 16 3 1 1 0 0 0 0 0 0 0 0 0 0 0 0 0
"136" 136 0.168604651163 317 70 49 44 11 3 2 1 1 1 1 0 0 0 0 0 0 0 0 0
"137" 137 0.0 189 128 119 51 8 5 0 0 0 0 0 0 0 0 0 0 0 0 0 0
"138" 138 0.0382775119617 420 42 29 4 3 2 0 0 0 0 0 0 0 0 0 0 0 0 0 0
"139" 139 0.519230769231 424 69 2 2 1 1 1 0 0 0 0 0 0 0 0 0 0 0 0 0
"140" 140 0.268656716418 453 16 8 7 6 4 2 1 1 1 1 0 0 0 0 0 0 0 0 0
"141" 141 0.835443037975 165 136 114 34 21 10 8 6 3 2 1 0 0 0 0 0 0 0 0 0
"142" 142 0.161434977578 239 92 87 45 25 6 2 1 1 1 1 0 0 0 0 0 0 0 0 0
"143" 143 0.396226415094 190 186 50 39 11 10 8 3 3 0 0 0 0 0 0 0 0 0 0 0
"144" 144 0.883408071749 298 135 49 5 4 3 2 2 1 1 0 0 0 0 0 0 0 0 0 0
"145" 145 0.423076923077 500 0 0 0 0 0 0 0 0 0 0 0 0 0 0 0 0 0 0 0
"146" 146 0.0597014925373 165 161 38 36 33 18 13 12 10 8 6 0 0 0 0 0 0 0 0 0
"147" 147 0.506329113924 267 152 36 26 14 2 1 1 1 0 0 0 0 0 0 0 0 0 0 0
"148" 148 0.223214285714 267 70 56 41 24 16 12 6 4 2 1 1 0 0 0 0 0 0 0 0
"149" 149 0.0 440 19 16 16 4 2 2 1 0 0 0 0 0 0 0 0 0 0 0 0
"150" 150 0.286995515695 131 123 70 49 49 24 24 12 8 7 3 0 0 0 0 0 0 0 0 0
"151" 151 0.325892857143 263 121 59 31 11 7 4 3 1 0 0 0 0 0 0 0 0 0 0 0
"152" 152 0.0209205020921 232 166 48 44 7 2 1 0 0 0 0 0 0 0 0 0 0 0 0 0
"153" 153 0.610062893082 259 190 32 16 2 1 0 0 0 0 0 0 0 0 0 0 0 0 0 0
"154" 154 0.625 320 95 45 14 10 6 5 2 1 1 1 0 0 0 0 0 0 0 0 0
"155" 155 0.0880503144654 291 142 39 27 1 0 0 0 0 0 0 0 0 0 0 0 0 0 0 0
"156" 156 0.187817258883 164 98 88 66 45 17 12 4 3 2 1 0 0 0 0 0 0 0 0 0
"157" 157 0.0627615062762 240 65 64 63 49 14 2 2 1 0 0 0 0 0 0 0 0 0 0 0
"158" 158 0.0 497 1 1 1 0 0 0 0 0 0 0 0 0 0 0 0 0 0 0 0
"159" 159 0.0 166 103 71 64 63 24 5 2 1 1 0 0 0 0 0 0 0 0 0 0
"160" 160 0.00662251655629 130 118 107 63 25 16 15 11 10 2 1 1 1 0 0 0 0 0 0 0
"161" 161 0.18023255814 335 31 31 28 22 16 9 7 7 5 2 2 2 1 1 1 0 0 0 0
"162" 162 0.400843881857 472 13 10 2 2 1 0 0 0 0 0 0 0 0 0 0 0 0 0 0
"163" 163 0.647668393782 132 118 84 47 36 24 13 11 11 8 6 4 3 2 1 0 0 0 0 0
"164" 164 0.629464285714 222 55 46 42 33 30 30 14 13 13 1 1 0 0 0 0 0 0 0 0
"165" 165 0.328205128205 104 91 84 79 38 32 19 16 14 9 7 3 2 1 1 0 0 0 0 0
"166" 166 0.10152284264 438 18 18 12 9 2 1 1 1 0 0 0 0 0 0 0 0 0 0 0
"167" 167 0.245033112583 296 184 9 7 2 1 1 0 0 0 0 0 0 0 0 0 0 0 0 0
"168" 168 0.232704402516 204 115 97 26 14 13 12 8 5 4 2 0 0 0 0 0 0 0 0 0
"169" 169 0.519379844961 269 193 18 7 5 3 2 2 1 0 0 0 0 0 0 0 0 0 0 0
"170" 170 0.363228699552 127 89 76 61 54 47 24 8 4 4 3 2 1 0 0 0 0 0 0 0
"171" 171 0.0 388 42 35 14 7 3 3 3 3 2 0 0 0 0 0 0 0 0 0 0
"172" 172 0.131782945736 328 87 32 17 17 7 7 3 2 0 0 0 0 0 0 0 0 0 0 0
"173" 173 0.589285714286 294 97 39 31 14 7 7 5 5 1 0 0 0 0 0 0 0 0 0 0
"174" 174 0.402985074627 141 124 79 60 24 18 17 16 9 7 4 1 0 0 0 0 0 0 0 0
"175" 175 0.132183908046 140 99 80 55 52 23 21 9 7 6 5 1 1 1 0 0 0 0 0 0
"176" 176 0.298076923077 500 0 0 0 0 0 0 0 0 0 0 0 0 0 0 0 0 0 0 0
"177" 177 0.651785714286 284 83 74 19 11 7 6 6 4 2 2 1 1 0 0 0 0 0 0 0
"178" 178 0.580310880829 372 63 23 17 13 9 1 1 1 0 0 0 0 0 0 0 0 0 0 0
"179" 179 0.149253731343 329 67 46 33 6 6 3 3 2 2 1 1 1 0 0 0 0 0 0 0
"180" 180 0.0264900662252 318 75 60 26 6 5 4 3 2 1 0 0 0 0 0 0 0 0 0 0
"181" 181 0.631386861314 353 39 37 28 26 5 4 3 3 2 0 0 0 0 0 0 0 0 0 0
"182" 182 0.273722627737 313 73 60 29 17 4 2 1 1 0 0 0 0 0 0 0 0 0 0 0
"183" 183 0.0 171 143 57 45 31 22 13 8 4 3 2 1 0 0 0 0 0 0 0 0
"184" 184 0.131782945736 264 212 8 8 3 2 2 1 0 0 0 0 0 0 0 0 0 0 0 0
"185" 185 0.522321428571 162 98 78 73 45 15 15 9 4 1 0 0 0 0 0 0 0 0 0 0
"186" 186 0.149253731343 364 72 16 14 8 6 6 5 3 3 1 1 1 0 0 0 0 0 0 0
"187" 187 0.0 339 155 3 2 1 0 0 0 0 0 0 0 0 0 0 0 0 0 0 0
"188" 188 0.206896551724 191 179 96 11 8 6 5 2 1 1 0 0 0 0 0 0 0 0 0 0
"189" 189 0.485232067511 151 136 54 27 26 24 24 17 17 15 4 2 1 1 1 0 0 0 0 0
"190" 190 0.00497512437811 479 8 7 2 1 1 1 1 0 0 0 0 0 0 0 0 0 0 0 0
"191" 191 0.0 446 52 1 1 0 0 0 0 0 0 0 0 0 0 0 0 0 0 0 0
"192" 192 0.192052980132 178 106 87 73 14 9 9 8 6 5 2 1 1 1 0 0 0 0 0 0
"193" 193 0.341772151899 124 112 107 46 32 27 20 16 5 3 3 3 2 0 0 0 0 0 0 0
"194" 194 0.0 265 111 50 20 14 13 11 7 5 2 1 1 0 0 0 0 0 0 0 0
"195" 195 0.0675105485232 206 119 42 36 34 28 10 9 6 4 3 2 1 0 0 0 0 0 0 0
"196" 196 0.481865284974 203 150 64 39 27 10 4 2 1 0 0 0 0 0 0 0 0 0 0 0
"197" 197 0.167300380228 294 116 16 15 15 11 8 8 6 6 2 1 1 1 0 0 0 0 0 0
"198" 198 0.0 335 83 58 12 6 2 1 1 1 1 0 0 0 0 0 0 0 0 0 0
"199" 199 0.430379746835 214 162 67 18 15 9 6 5 2 1 1 0 0 0 0 0 0 0 0 0
"200" 200 0.544642857143 303 74 59 24 10 8 7 7 6 1 1 0 0 0 0 0 0 0 0 0
"201" 201 0.299578059072 313 78 33 29 18 13 7 5 2 1 1 0 0 0 0 0 0 0 0 0
"202" 202 0.307692307692 500 0 0 0 0 0 0 0 0 0 0 0 0 0 0 0 0 0 0 0
"203" 203 0.00507614213198 401 36 20 14 10 7 5 2 2 1 1 1 0 0 0 0 0 0 0 0
"204" 204 0.0152284263959 165 159 40 36 26 22 16 15 7 6 4 1 1 1 1 0 0 0 0 0
"205" 205 0.0 304 109 34 13 13 10 8 6 3 0 0 0 0 0 0 0 0 0 0 0
"206" 206 0.0 107 94 67 54 51 43 41 34 5 2 1 1 0 0 0 0 0 0 0 0
"207" 207 0.0569948186528 204 110 101 38 22 14 7 2 2 0 0 0 0 0 0 0 0 0 0 0
"208" 208 0.0116279069767 490 7 2 1 0 0 0 0 0 0 0 0 0 0 0 0 0 0 0 0
"209" 209 0.316455696203 110 107 63 58 51 46 27 17 10 4 3 2 1 1 0 0 0 0 0 0
"210" 210 0.00418410041841 179 169 127 22 1 1 1 0 0 0 0 0 0 0 0 0 0 0 0 0
"211" 211 0.209821428571 125 109 49 49 47 44 39 15 12 9 2 0 0 0 0 0 0 0 0 0
"212" 212 0.00418410041841 403 69 23 3 2 0 0 0 0 0 0 0 0 0 0 0 0 0 0 0
"213" 213 0.0288461538462 176 143 72 44 23 22 11 5 1 1 1 1 0 0 0 0 0 0 0 0
"214" 214 0.0761421319797 265 125 46 14 14 13 10 6 4 2 1 0 0 0 0 0 0 0 0 0
"215" 215 0.0725388601036 448 14 11 10 4 4 4 3 2 0 0 0 0 0 0 0 0 0 0 0
"216" 216 0.549107142857 154 103 86 47 47 35 14 9 2 2 1 0 0 0 0 0 0 0 0 0
"217" 217 0.751054852321 223 207 20 15 14 10 7 2 2 0 0 0 0 0 0 0 0 0 0 0
"218" 218 0.412790697674 158 80 71 65 42 21 20 19 13 7 1 1 1 1 0 0 0 0 0 0
"219" 219 0.482051282051 240 132 49 39 20 5 4 4 3 2 1 1 0 0 0 0 0 0 0 0
"220" 220 0.330357142857 120 94 65 43 42 39 32 19 17 7 7 6 6 2 1 0 0 0 0 0
"221" 221 0.0659898477157 350 83 27 21 7 5 4 2 1 0 0 0 0 0 0 0 0 0 0 0
"222" 222 0.0 272 193 16 7 5 4 1 1 1 0 0 0 0 0 0 0 0 0 0 0
"223" 223 0.0 365 131 3 1 0 0 0 0 0 0 0 0 0 0 0 0 0 0 0 0
"224" 224 0.0804597701149 271 149 51 11 11 4 2 1 0 0 0 0 0 0 0 0 0 0 0 0
"225" 225 0.165803108808 357 74 37 23 4 2 2 1 0 0 0 0 0 0 0 0 0 0 0 0
"226" 226 0.205357142857 339 34 31 23 19 14 11 9 5 5 4 3 2 1 0 0 0 0 0 0
"227" 227 0.0 276 92 43 35 25 22 4 1 1 1 0 0 0 0 0 0 0 0 0 0
"228" 228 0.0 188 147 72 52 20 18 3 0 0 0 0 0 0 0 0 0 0 0 0 0
"229" 229 0.0 491 7 1 1 0 0 0 0 0 0 0 0 0 0 0 0 0 0 0 0
"230" 230 0.0314465408805 307 74 55 30 23 4 4 1 1 1 0 0 0 0 0 0 0 0 0 0
"231" 231 0.217616580311 114 108 93 91 27 25 21 12 4 4 1 0 0 0 0 0 0 0 0 0
"232" 232 0.0927152317881 336 123 13 10 8 5 3 2 0 0 0 0 0 0 0 0 0 0 0 0
"233" 233 0.0728476821192 254 240 6 0 0 0 0 0 0 0 0 0 0 0 0 0 0 0 0 0
"234" 234 0.35401459854 153 130 46 43 39 34 19 11 10 9 2 2 1 1 0 0 0 0 0 0
"235" 235 0.00836820083682 276 114 35 17 15 14 12 6 3 3 2 1 1 1 0 0 0 0 0 0
"236" 236 0.0248226950355 255 91 36 22 21 17 13 11 10 8 5 3 3 2 2 1 0 0 0 0
"237" 237 0.369230769231 295 72 55 21 14 12 12 10 5 2 1 1 0 0 0 0 0 0 0 0
"238" 238 0.240384615385 206 101 68 35 31 17 14 10 8 5 4 1 0 0 0 0 0 0 0 0
"239" 239 0.767441860465 145 139 122 29 21 16 12 8 5 2 1 0 0 0 0 0 0 0 0 0
"240" 240 0.503311258278 142 107 59 50 49 34 26 15 11 4 1 1 1 0 0 0 0 0 0 0
"241" 241 0.25855513308 160 109 97 38 28 20 20 14 5 3 2 2 1 1 0 0 0 0 0 0
"242" 242 0.523206751055 239 85 52 36 31 27 16 11 2 1 0 0 0 0 0 0 0 0 0 0
"243" 243 0.327586206897 176 74 57 43 40 22 18 17 16 13 7 6 4 3 2 1 1 0 0 0
"244" 244 0.480769230769 500 0 0 0 0 0 0 0 0 0 0 0 0 0 0 0 0 0 0 0
"245" 245 0.339285714286 301 129 59 9 1 1 0 0 0 0 0 0 0 0 0 0 0 0 0 0
"246" 246 0.496688741722 340 50 35 28 17 16 5 4 3 2 0 0 0 0 0 0 0 0 0 0
"247" 247 0.0941704035874 209 109 80 36 27 16 14 4 2 2 1 0 0 0 0 0 0 0 0 0
"248" 248 0.564766839378 163 136 60 52 40 13 12 7 6 5 3 2 1 0 0 0 0 0 0 0
"249" 249 0.185430463576 388 92 7 5 3 2 1 1 1 0 0 0 0 0 0 0 0 0 0 0
"250" 250 0.12927756654 179 125 74 63 29 20 5 3 2 0 0 0 0 0 0 0 0 0 0 0
"251" 251 0.0155440414508 227 140 37 24 22 16 15 12 6 1 0 0 0 0 0 0 0 0 0 0
"252" 252 0.10970464135 312 35 25 25 25 19 17 15 11 7 5 2 1 1 0 0 0 0 0 0
"253" 253 0.14798206278 191 151 74 39 18 16 8 2 1 0 0 0 0 0 0 0 0 0 0 0
"254" 254 0.301255230126 94 87 86 61 56 47 23 10 8 5 5 5 4 3 3 3 0 0 0 0
"255" 255 0.0 173 134 41 36 33 31 19 17 7 4 4 1 0 0 0 0 0 0 0 0
"256" 256 0.346715328467 156 128 92 43 38 12 10 7 6 3 2 1 1 1 0 0 0 0 0 0
"257" 257 0.435233160622 146 86 85 55 33 29 19 18 14 12 2 1 0 0 0 0 0 0 0 0
"258" 258 0.216312056738 433 16 13 7 6 6 5 3 3 2 2 2 1 1 0 0 0 0 0 0
"259" 259 0.00497512437811 449 19 10 6 4 3 2 2 1 1 1 1 1 0 0 0 0 0 0 0
"260" 260 0.325581395349 281 76 69 43 7 7 4 4 3 3 2 1 0 0 0 0 0 0 0 0
"261" 261 0.596899224806 176 145 58 45 25 18 11 9 7 4 1 1 0 0 0 0 0 0 0 0
"262" 262 0.415384615385 176 123 94 38 29 19 11 4 3 2 1 0 0 0 0 0 0 0 0 0
"263" 263 0.713080168776 497 2 1 0 0 0 0 0 0 0 0 0 0 0 0 0 0 0 0 0
"264" 264 0.233830845771 396 41 35 11 10 4 1 1 1 0 0 0 0 0 0 0 0 0 0 0
"265" 265 0.338461538462 401 48 12 11 7 5 5 4 2 2 2 1 0 0 0 0 0 0 0 0
"266" 266 0.355769230769 496 3 1 0 0 0 0 0 0 0 0 0 0 0 0 0 0 0 0 0
"267" 267 0.35632183908 345 71 23 19 17 17 4 1 1 1 1 0 0 0 0 0 0 0 0 0
"268" 268 0.574358974359 199 101 41 35 28 26 26 22 7 7 3 2 2 1 0 0 0 0 0 0
"269" 269 0.432692307692 464 36 0 0 0 0 0 0 0 0 0 0 0 0 0 0 0 0 0 0
"270" 270 0.0632183908046 371 91 10 9 6 4 3 2 2 1 1 0 0 0 0 0 0 0 0 0
"271" 271 0.637130801688 215 110 52 29 25 19 15 14 6 4 3 3 2 2 1 0 0 0 0 0
"272" 272 0.0137614678899 427 18 10 7 6 6 5 4 4 4 4 2 1 1 1 0 0 0 0 0
"273" 273 0.314465408805 185 79 72 50 43 40 22 4 3 1 1 0 0 0 0 0 0 0 0 0
"274" 274 0.533632286996 287 77 52 33 16 14 13 5 3 0 0 0 0 0 0 0 0 0 0 0
"275" 275 0.642487046632 213 178 31 28 16 11 11 5 3 2 1 1 0 0 0 0 0 0 0 0
"276" 276 0.0659898477157 360 32 27 25 17 13 9 8 6 2 1 0 0 0 0 0 0 0 0 0
"277" 277 0.0229885057471 213 141 35 33 32 25 11 8 1 1 0 0 0 0 0 0 0 0 0 0
"278" 278 0.424870466321 122 105 92 42 42 31 28 15 13 5 4 1 0 0 0 0 0 0 0 0
"279" 279 0.467153284672 206 109 50 49 33 24 17 7 4 1 0 0 0 0 0 0 0 0 0 0
"280" 280 0.0 171 129 86 42 31 14 9 8 4 3 1 1 1 0 0 0 0 0 0 0
"281" 281 0.244525547445 207 118 102 31 26 8 6 1 1 0 0 0 0 0 0 0 0 0 0 0
"282" 282 0.387596899225 172 113 59 49 32 27 18 18 9 1 1 1 0 0 0 0 0 0 0 0
"283" 283 0.274261603376 200 93 74 46 27 22 20 8 3 3 2 1 1 0 0 0 0 0 0 0
"284" 284 0.00760456273764 240 91 53 40 14 11 10 8 8 7 7 6 2 2 1 0 0 0 0 0
"285" 285 0.137055837563 178 127 93 89 4 4 3 1 1 0 0 0 0 0 0 0 0 0 0 0
"286" 286 0.450892857143 140 112 105 60 46 21 5 4 4 1 1 1 0 0 0 0 0 0 0 0
"287" 287 0.0077519379845 178 133 38 33 33 31 14 12 9 8 6 3 1 1 0 0 0 0 0 0
"288" 288 0.0836501901141 452 37 10 1 0 0 0 0 0 0 0 0 0 0 0 0 0 0 0 0
"289" 289 0.191964285714 192 154 102 26 17 5 1 1 1 1 0 0 0 0 0 0 0 0 0 0
"290" 290 0.186046511628 131 121 52 43 41 28 20 20 15 9 7 6 2 2 1 1 1 0 0 0
"291" 291 0.0 438 38 14 5 2 1 1 1 0 0 0 0 0 0 0 0 0 0 0 0
"292" 292 0.104651162791 414 46 21 12 6 1 0 0 0 0 0 0 0 0 0 0 0 0 0 0
"293" 293 0.576923076923 498 1 1 0 0 0 0 0 0 0 0 0 0 0 0 0 0 0 0 0
"294" 294 0.384105960265 197 95 71 41 24 23 20 7 6 5 5 3 2 1 0 0 0 0 0 0
"295" 295 0.544303797468 234 93 53 25 18 18 18 11 9 9 9 1 1 1 0 0 0 0 0 0
"296" 296 0.145390070922 123 90 83 82 73 16 14 8 3 2 1 1 1 1 1 1 0 0 0 0
"297" 297 0.721854304636 414 74 6 6 0 0 0 0 0 0 0 0 0 0 0 0 0 0 0 0
"298" 298 0.708133971292 212 129 52 34 32 24 10 6 1 0 0 0 0 0 0 0 0 0 0 0
