"site" "RSA" "aa1" "aa2" "aa3" "aa4" "aa5" "aa6" "aa7" "aa8" "aa9" "aa10" "aa11" "aa12" "aa13" "aa14" "aa15" "aa16" "aa17" "aa18" "aa19" "aa20"
"0" 0 0.324503311258 416 44 22 7 5 2 1 1 1 1 0 0 0 0 0 0 0 0 0 0
"1" 1 0.548076923077 500 0 0 0 0 0 0 0 0 0 0 0 0 0 0 0 0 0 0 0
"2" 2 0.569230769231 145 68 65 46 41 40 29 25 18 15 4 2 1 1 0 0 0 0 0 0
"3" 3 0.0 152 107 103 49 44 14 6 6 6 5 2 2 1 1 1 1 0 0 0 0
"4" 4 0.583941605839 124 66 51 50 42 31 30 24 24 23 14 8 7 2 2 1 1 0 0 0
"5" 5 0.451776649746 200 56 46 43 33 25 25 17 17 13 8 8 3 3 2 1 0 0 0 0
"6" 6 0.480769230769 498 2 0 0 0 0 0 0 0 0 0 0 0 0 0 0 0 0 0 0
"7" 7 0.459915611814 162 134 69 55 18 17 17 13 4 3 3 2 1 1 1 0 0 0 0 0
"8" 8 0.616352201258 164 59 57 53 40 32 22 19 16 12 10 4 3 3 3 2 1 0 0 0
"9" 9 0.062015503876 237 89 85 36 27 11 8 3 2 1 1 0 0 0 0 0 0 0 0 0
"10" 10 0.106918238994 140 79 64 52 39 37 28 17 7 6 5 5 5 4 4 4 2 2 0 0
"11" 11 0.476683937824 155 58 54 37 36 30 28 23 20 16 16 11 8 3 2 2 1 0 0 0
"12" 12 0.0502092050209 155 133 119 44 29 5 4 3 2 2 1 1 1 1 0 0 0 0 0 0
"13" 13 0.514767932489 83 68 57 56 51 50 39 25 15 15 11 9 8 7 3 3 0 0 0 0
"14" 14 0.0542635658915 311 57 50 47 7 4 4 4 4 4 3 2 1 1 1 0 0 0 0 0
"15" 15 0.220930232558 98 94 73 46 37 30 24 17 16 15 13 10 8 5 5 4 4 1 0 0
"16" 16 0.0 257 136 59 30 7 5 3 1 1 1 0 0 0 0 0 0 0 0 0 0
"17" 17 0.0172413793103 248 128 40 20 18 10 8 6 4 4 4 3 2 2 2 1 0 0 0 0
"18" 18 0.155172413793 144 63 51 44 28 27 26 26 25 18 15 13 9 7 3 1 0 0 0 0
"19" 19 0.704663212435 266 96 45 42 17 13 11 5 4 1 0 0 0 0 0 0 0 0 0 0
"20" 20 0.423076923077 282 135 24 16 14 9 7 4 4 2 2 1 0 0 0 0 0 0 0 0
"21" 21 0.426356589147 113 90 80 56 41 22 18 13 12 11 10 9 8 8 4 3 2 0 0 0
"22" 22 0.359832635983 172 48 46 40 38 36 32 23 14 12 11 8 7 6 5 1 1 0 0 0
"23" 23 0.535864978903 151 78 74 34 25 24 22 18 17 13 10 9 7 6 6 4 2 0 0 0
"24" 24 0.388392857143 129 119 43 39 37 23 18 14 13 13 12 10 9 8 7 3 3 0 0 0
"25" 25 0.0172413793103 101 80 79 78 39 24 20 17 16 15 13 4 4 4 2 2 1 1 0 0
"26" 26 0.329113924051 124 79 59 57 40 24 18 17 16 15 15 12 10 7 4 2 1 0 0 0
"27" 27 0.0845771144279 137 104 60 42 35 29 26 14 13 9 9 8 7 2 1 1 1 1 1 0
"28" 28 0.397350993377 130 100 82 53 38 31 22 17 7 6 5 4 2 2 1 0 0 0 0 0
"29" 29 0.471502590674 87 71 64 48 42 35 33 28 23 17 12 10 8 8 6 5 3 0 0 0
"30" 30 0.133079847909 174 134 111 38 14 11 7 5 3 1 1 1 0 0 0 0 0 0 0 0
"31" 31 0.603375527426 157 50 48 46 39 34 26 21 19 15 15 12 9 7 2 0 0 0 0 0
"32" 32 0.625 496 4 0 0 0 0 0 0 0 0 0 0 0 0 0 0 0 0 0 0
"33" 33 0.413502109705 284 43 39 34 27 23 13 11 10 6 3 2 2 1 1 1 0 0 0 0
"34" 34 0.041825095057 144 118 89 44 36 19 15 7 6 5 4 4 4 3 1 1 0 0 0 0
"35" 35 0.0114942528736 153 88 70 65 37 26 21 10 8 7 5 5 4 1 0 0 0 0 0 0
"36" 36 0.0 143 112 78 69 65 7 7 5 3 3 2 1 1 1 1 1 1 0 0 0
"37" 37 0.0 159 139 68 66 38 11 5 3 3 3 2 1 1 1 0 0 0 0 0 0
"38" 38 0.0 298 76 45 24 18 12 12 9 3 2 1 0 0 0 0 0 0 0 0 0
"39" 39 0.0 316 144 12 6 6 4 3 3 3 2 1 0 0 0 0 0 0 0 0 0
"40" 40 0.0304182509506 258 150 72 11 4 2 1 1 1 0 0 0 0 0 0 0 0 0 0 0
"41" 41 0.0503144654088 254 72 56 53 31 15 6 5 3 2 1 1 1 0 0 0 0 0 0 0
"42" 42 0.303482587065 222 195 39 26 5 3 2 2 2 2 1 1 0 0 0 0 0 0 0 0
"43" 43 0.0518134715026 159 97 91 86 26 20 8 5 3 2 2 1 0 0 0 0 0 0 0 0
"44" 44 0.430962343096 182 133 79 57 10 10 10 7 7 4 1 0 0 0 0 0 0 0 0 0
"45" 45 0.232558139535 177 133 101 41 35 6 2 2 1 1 1 0 0 0 0 0 0 0 0 0
"46" 46 0.715481171548 134 127 125 40 24 18 10 9 8 2 1 1 1 0 0 0 0 0 0 0
"47" 47 0.212643678161 218 68 40 33 30 26 24 17 17 9 6 5 3 2 2 0 0 0 0 0
"48" 48 0.100628930818 141 132 89 48 48 23 10 6 2 1 0 0 0 0 0 0 0 0 0 0
"49" 49 0.511627906977 109 95 71 66 52 48 17 11 6 5 5 5 4 3 3 0 0 0 0 0
"50" 50 0.0401785714286 149 80 70 41 40 27 23 16 12 11 11 8 4 2 2 2 1 1 0 0
"51" 51 0.010152284264 106 89 88 83 65 26 14 12 4 3 2 2 2 2 2 0 0 0 0 0
"52" 52 0.157360406091 120 74 48 46 33 32 26 25 20 17 15 13 10 8 8 2 2 1 0 0
"53" 53 0.294573643411 106 92 87 51 32 26 23 22 18 16 11 8 3 3 1 1 0 0 0 0
"54" 54 0.00418410041841 242 71 58 45 20 16 10 9 7 7 7 3 2 1 1 1 0 0 0 0
"55" 55 0.0 174 113 66 30 21 21 20 17 7 7 6 6 5 4 2 1 0 0 0 0
"56" 56 0.512820512821 143 85 50 48 36 34 26 24 12 10 8 6 5 5 4 2 2 0 0 0
"57" 57 0.277372262774 162 76 67 56 49 26 20 12 11 8 6 3 2 1 1 0 0 0 0 0
"58" 58 0.015503875969 167 82 72 64 37 35 19 10 5 3 2 1 1 1 1 0 0 0 0 0
"59" 59 0.495535714286 86 84 80 62 41 35 31 30 15 11 11 9 4 1 0 0 0 0 0 0
"60" 60 0.264248704663 140 86 62 46 41 40 21 14 10 8 7 5 5 4 4 3 3 1 0 0
"61" 61 0.0 247 102 30 28 22 19 19 10 4 4 4 4 2 2 2 1 0 0 0 0
"62" 62 0.255474452555 175 55 46 43 39 37 24 21 14 12 10 6 6 4 4 3 1 0 0 0
"63" 63 0.658227848101 139 66 44 39 38 37 34 28 26 16 9 9 6 5 3 1 0 0 0 0
"64" 64 0.268656716418 167 74 57 37 29 28 27 17 16 16 12 6 6 4 3 1 0 0 0 0
"65" 65 0.259615384615 402 91 3 2 2 0 0 0 0 0 0 0 0 0 0 0 0 0 0 0
"66" 66 0.0 160 109 81 48 38 22 17 5 5 3 3 2 2 2 2 1 0 0 0 0
"67" 67 0.133928571429 219 98 58 44 17 16 12 9 7 6 4 3 3 2 2 0 0 0 0 0
"68" 68 0.0114942528736 266 75 74 32 11 10 8 7 5 4 2 2 2 1 1 0 0 0 0 0
"69" 69 0.0 180 135 51 44 20 19 15 13 10 4 4 1 1 1 1 1 0 0 0 0
"70" 70 0.0 204 76 60 57 22 20 16 14 13 6 4 2 2 2 2 0 0 0 0 0
"71" 71 0.0 282 56 48 32 18 18 14 9 8 4 3 2 2 2 1 1 0 0 0 0
"72" 72 0.0 422 36 33 4 3 2 0 0 0 0 0 0 0 0 0 0 0 0 0 0
"73" 73 0.0229885057471 100 98 97 63 43 30 21 17 8 5 4 4 3 3 1 1 1 1 0 0
"74" 74 0.155440414508 239 96 50 35 29 23 12 7 3 3 1 1 1 0 0 0 0 0 0 0
"75" 75 0.205298013245 403 33 19 13 10 8 6 2 2 2 1 1 0 0 0 0 0 0 0 0
"76" 76 0.165919282511 104 94 65 50 34 30 27 24 19 14 13 6 6 5 4 3 1 1 0 0
"77" 77 0.560669456067 149 83 75 73 44 20 18 10 9 7 4 3 3 2 0 0 0 0 0 0
"78" 78 0.279069767442 214 97 86 34 28 13 10 6 4 4 2 1 1 0 0 0 0 0 0 0
"79" 79 0.0 203 201 24 20 15 9 8 7 6 3 2 1 1 0 0 0 0 0 0 0
"80" 80 0.203980099502 144 110 59 44 26 22 20 18 12 11 9 9 6 5 3 1 1 0 0 0
"81" 81 0.372093023256 153 77 59 47 42 37 33 18 12 7 6 3 3 2 1 0 0 0 0 0
"82" 82 0.00354609929078 99 83 73 48 40 38 36 26 21 14 12 4 2 2 1 1 0 0 0 0
"83" 83 0.0862944162437 154 124 58 52 35 18 17 9 8 8 7 3 3 2 1 1 0 0 0 0
"84" 84 0.610256410256 142 84 59 56 43 30 28 19 15 10 3 3 2 2 2 1 1 0 0 0
"85" 85 0.203488372093 189 102 78 43 27 26 10 8 6 5 4 1 1 0 0 0 0 0 0 0
"86" 86 0.421383647799 347 43 29 28 24 13 8 4 2 2 0 0 0 0 0 0 0 0 0 0
"87" 87 0.248175182482 158 100 55 46 29 22 21 17 12 10 8 6 6 5 3 2 0 0 0 0
"88" 88 0.675105485232 185 136 52 49 31 23 8 4 4 3 3 2 0 0 0 0 0 0 0 0
"89" 89 0.660714285714 210 103 59 44 29 22 19 4 3 2 1 1 1 1 1 0 0 0 0 0
"90" 90 0.346153846154 456 36 2 2 1 1 1 1 0 0 0 0 0 0 0 0 0 0 0 0
"91" 91 0.00961538461538 500 0 0 0 0 0 0 0 0 0 0 0 0 0 0 0 0 0 0 0
"92" 92 0.0 228 121 38 33 17 13 10 9 7 7 5 4 3 3 2 0 0 0 0 0
"93" 93 0.0384615384615 500 0 0 0 0 0 0 0 0 0 0 0 0 0 0 0 0 0 0 0
"94" 94 0.647798742138 209 71 69 48 30 27 14 9 7 4 4 4 4 0 0 0 0 0 0 0
"95" 95 0.0796019900498 124 122 89 56 39 17 14 11 7 6 4 4 3 2 1 1 0 0 0 0
"96" 96 0.446153846154 109 96 75 45 40 25 21 18 18 18 12 10 5 5 3 0 0 0 0 0
"97" 97 0.0304568527919 118 112 79 53 36 34 25 13 10 5 5 5 3 1 1 0 0 0 0 0
"98" 98 0.062893081761 122 82 77 42 33 31 20 20 18 15 9 6 6 5 4 4 2 2 2 0
"99" 99 0.0 212 112 75 61 12 9 9 4 3 1 1 1 0 0 0 0 0 0 0 0
"100" 100 0.0 106 97 95 53 48 42 30 6 5 5 4 4 2 2 1 0 0 0 0 0
"101" 101 0.077519379845 280 148 29 16 8 7 5 2 2 1 1 1 0 0 0 0 0 0 0 0
"102" 102 0.0103626943005 474 14 9 2 1 0 0 0 0 0 0 0 0 0 0 0 0 0 0 0
"103" 103 0.436781609195 242 91 25 23 23 22 13 12 12 9 9 6 5 5 2 1 0 0 0 0
"104" 104 0.656976744186 301 55 44 37 16 14 11 7 7 3 2 1 1 1 0 0 0 0 0 0
"105" 105 0.288321167883 178 115 71 41 37 20 15 7 6 5 4 1 0 0 0 0 0 0 0 0
"106" 106 0.598540145985 192 83 72 33 31 30 28 16 10 2 2 1 0 0 0 0 0 0 0 0
"107" 107 0.0348258706468 126 100 57 55 45 24 22 16 14 14 9 6 5 4 1 1 1 0 0 0
"108" 108 0.0 339 66 29 25 17 15 5 2 2 0 0 0 0 0 0 0 0 0 0 0
"109" 109 0.508928571429 148 128 120 29 16 14 10 9 6 6 6 6 1 1 0 0 0 0 0 0
"110" 110 0.124352331606 124 92 57 53 44 37 25 17 16 9 9 8 6 1 1 1 0 0 0 0
"111" 111 0.0 212 78 63 62 45 22 9 3 2 1 1 1 1 0 0 0 0 0 0 0
"112" 112 0.355769230769 494 6 0 0 0 0 0 0 0 0 0 0 0 0 0 0 0 0 0 0
"113" 113 0.0172413793103 317 85 37 36 8 5 5 4 1 1 1 0 0 0 0 0 0 0 0 0
"114" 114 0.164179104478 165 149 72 41 14 13 13 8 5 5 4 4 4 1 1 1 0 0 0 0
"115" 115 0.151898734177 333 87 26 12 8 8 6 5 5 3 2 2 1 1 1 0 0 0 0 0
"116" 116 0.71511627907 147 76 64 46 46 46 23 17 11 8 5 5 3 1 1 1 0 0 0 0
"117" 117 0.694300518135 202 72 60 44 44 36 29 6 3 2 2 0 0 0 0 0 0 0 0 0
"118" 118 0.482142857143 88 74 73 62 38 37 27 23 19 16 15 14 12 2 0 0 0 0 0 0
"119" 119 0.173076923077 392 55 17 10 8 5 4 4 2 2 1 0 0 0 0 0 0 0 0 0
"120" 120 0.0507614213198 194 120 53 28 21 17 17 10 10 9 9 6 3 1 1 1 0 0 0 0
"121" 121 0.0 218 67 52 48 30 19 18 17 15 5 3 3 2 2 1 0 0 0 0 0
"122" 122 0.254752851711 164 120 106 25 22 19 15 10 8 5 2 2 1 1 0 0 0 0 0 0
"123" 123 0.0474452554745 89 87 67 63 47 47 33 19 19 14 5 4 3 2 1 0 0 0 0 0
"124" 124 0.0 277 96 50 45 8 7 6 4 2 1 1 1 1 1 0 0 0 0 0 0
"125" 125 0.0199004975124 164 153 83 19 12 11 11 11 10 8 6 4 4 3 1 0 0 0 0 0
"126" 126 0.0 265 110 56 19 19 11 7 6 4 3 0 0 0 0 0 0 0 0 0 0
"127" 127 0.0 206 193 49 32 7 5 4 2 1 1 0 0 0 0 0 0 0 0 0 0
"128" 128 0.00507614213198 169 144 99 28 13 11 10 6 6 5 3 2 1 1 1 1 0 0 0 0
"129" 129 0.0673575129534 450 33 7 5 1 1 1 1 1 0 0 0 0 0 0 0 0 0 0 0
"130" 130 0.173076923077 271 57 48 29 28 18 16 11 9 8 2 1 1 1 0 0 0 0 0 0
"131" 131 0.721518987342 174 113 45 43 30 30 25 15 11 7 5 1 1 0 0 0 0 0 0 0
"132" 132 0.0961538461538 476 8 6 5 3 1 1 0 0 0 0 0 0 0 0 0 0 0 0 0
"133" 133 0.183908045977 101 90 86 44 42 34 32 27 14 11 9 6 2 1 1 0 0 0 0 0
"134" 134 0.0 143 104 70 57 51 42 22 2 2 2 1 1 1 1 1 0 0 0 0 0
"135" 135 0.204379562044 331 43 41 18 15 11 11 10 6 4 3 3 3 1 0 0 0 0 0 0
"136" 136 0.156950672646 196 75 43 41 38 19 17 17 15 9 7 7 5 5 2 2 1 1 0 0
"137" 137 0.258883248731 168 95 76 74 36 18 17 5 3 3 2 1 1 1 0 0 0 0 0 0
"138" 138 0.220930232558 76 71 69 60 50 37 24 23 20 14 14 12 9 7 7 5 1 1 0 0
"139" 139 0.385057471264 136 124 62 31 30 23 20 15 15 10 9 8 8 7 1 1 0 0 0 0
"140" 140 0.205128205128 149 90 64 45 39 37 22 20 8 7 7 6 4 1 1 0 0 0 0 0
"141" 141 0.507772020725 260 106 35 26 25 14 11 7 5 4 4 2 1 0 0 0 0 0 0 0
"142" 142 0.174129353234 179 102 65 61 27 18 12 10 6 5 4 4 4 2 1 0 0 0 0 0
"143" 143 0.591194968553 274 92 59 38 31 3 2 1 0 0 0 0 0 0 0 0 0 0 0 0
"144" 144 0.534482758621 177 77 60 52 30 29 21 18 18 11 3 3 1 0 0 0 0 0 0 0
"145" 145 0.278846153846 207 131 29 23 21 11 11 10 10 10 10 9 6 6 3 2 1 0 0 0
"146" 146 0.116788321168 192 141 70 39 25 12 6 5 4 2 1 1 1 1 0 0 0 0 0 0
"147" 147 0.384105960265 87 85 60 56 40 39 31 28 19 18 13 11 6 3 2 1 1 0 0 0
"148" 148 0.0747126436782 104 97 80 57 54 27 23 21 7 5 5 4 4 3 3 2 2 2 0 0
"149" 149 0.507772020725 188 107 44 38 31 27 17 10 9 8 7 6 5 3 0 0 0 0 0 0
"150" 150 0.357142857143 109 84 68 64 44 38 38 17 8 7 6 4 4 4 2 1 1 1 0 0
"151" 151 0.031007751938 207 56 49 44 33 29 28 13 12 11 6 6 2 2 1 1 0 0 0 0
"152" 152 0.0995024875622 104 93 92 49 34 26 19 17 11 11 10 10 9 8 2 2 2 1 0 0
"153" 153 0.160583941606 156 96 77 50 44 21 14 8 6 6 6 5 3 3 2 2 1 0 0 0
"154" 154 0.0995024875622 108 81 65 47 43 40 28 27 26 12 10 4 3 3 2 1 0 0 0 0
"155" 155 0.0 99 77 63 61 43 39 38 38 16 13 7 2 2 2 0 0 0 0 0 0
"156" 156 0.210762331839 158 105 84 55 29 14 14 13 9 4 4 3 2 2 2 2 0 0 0 0
"157" 157 0.077519379845 167 131 32 30 25 20 17 13 12 10 9 9 8 8 4 4 1 0 0 0
"158" 158 0.192468619247 177 106 48 42 32 23 21 13 11 10 6 5 5 1 0 0 0 0 0 0
"159" 159 0.116591928251 136 77 69 60 42 22 19 14 11 9 8 8 8 6 4 3 2 2 0 0
"160" 160 0.285171102662 104 92 52 42 41 34 30 26 22 16 9 9 9 8 3 2 1 0 0 0
"161" 161 0.18023255814 149 87 65 43 36 34 30 19 13 8 6 5 2 2 1 0 0 0 0 0
"162" 162 0.388601036269 141 91 78 41 31 25 20 19 17 13 7 6 4 3 2 2 0 0 0 0
"163" 163 0.625 132 104 66 50 46 36 20 14 13 7 4 3 3 1 1 0 0 0 0 0
"164" 164 0.468899521531 187 64 59 44 35 33 19 17 10 9 8 7 5 2 1 0 0 0 0 0
"165" 165 0.490384615385 279 145 31 23 7 7 4 3 1 0 0 0 0 0 0 0 0 0 0 0
"166" 166 0.191964285714 103 91 81 43 29 29 28 24 21 12 12 10 5 4 3 2 2 1 0 0
"167" 167 0.373563218391 76 74 70 68 47 33 25 22 21 21 19 12 7 3 1 1 0 0 0 0
"168" 168 0.23417721519 140 90 75 64 24 21 15 13 9 9 7 7 7 5 4 4 3 1 1 1
"169" 169 0.163522012579 242 104 70 30 11 11 7 6 4 3 3 3 2 2 1 1 0 0 0 0
"170" 170 0.821705426357 242 121 43 29 27 25 6 2 1 1 1 1 1 0 0 0 0 0 0 0
"171" 171 0.5 464 36 0 0 0 0 0 0 0 0 0 0 0 0 0 0 0 0 0 0
"172" 172 0.0248226950355 256 88 58 47 17 14 7 4 4 2 1 1 1 0 0 0 0 0 0 0
"173" 173 0.548523206751 107 84 71 58 43 34 28 26 19 9 9 5 3 2 1 1 0 0 0 0
"174" 174 0.465408805031 269 53 43 30 27 23 22 13 6 5 2 2 2 1 1 1 0 0 0 0
"175" 175 0.817307692308 498 2 0 0 0 0 0 0 0 0 0 0 0 0 0 0 0 0 0 0
"176" 176 0.344370860927 93 59 50 48 45 41 32 29 23 21 20 12 8 8 8 2 1 0 0 0
"177" 177 0.300518134715 136 100 43 33 30 29 28 21 20 17 12 12 7 4 3 3 2 0 0 0
"178" 178 0.127906976744 102 86 75 52 38 25 25 18 13 12 11 9 7 7 6 6 3 3 2 0
"179" 179 0.137055837563 164 158 55 30 17 16 16 16 9 7 4 3 2 1 1 1 0 0 0 0
"180" 180 0.308016877637 137 113 53 45 33 29 26 15 13 13 9 4 4 3 2 1 0 0 0 0
"181" 181 0.522012578616 207 136 64 43 12 10 8 6 6 5 1 1 1 0 0 0 0 0 0 0
"182" 182 0.384615384615 132 85 65 36 35 31 31 23 10 10 9 8 7 6 4 3 3 2 0 0
"183" 183 0.626436781609 147 94 83 43 43 26 19 15 10 6 5 5 2 1 1 0 0 0 0 0
"184" 184 0.668393782383 143 115 72 42 31 29 20 19 13 5 4 3 2 2 0 0 0 0 0 0
"185" 185 0.373056994819 113 74 66 54 45 40 34 19 12 10 10 7 6 4 4 2 0 0 0 0
"186" 186 0.0927152317881 137 106 104 39 33 30 19 8 7 4 4 3 3 2 1 0 0 0 0 0
"187" 187 0.510548523207 123 98 65 44 43 31 25 25 19 8 5 5 4 3 1 1 0 0 0 0
"188" 188 0.5 187 97 49 42 36 21 19 15 11 6 4 3 3 3 2 1 1 0 0 0
"189" 189 0.182509505703 180 141 33 28 20 18 18 13 13 9 9 8 4 3 2 1 0 0 0 0
"190" 190 0.401673640167 100 79 77 58 56 30 30 24 15 8 7 6 3 3 2 1 1 0 0 0
"191" 191 0.569536423841 111 109 71 53 34 23 21 14 13 13 12 11 5 5 3 2 0 0 0 0
"192" 192 0.607594936709 173 66 51 51 42 34 17 15 12 10 9 8 6 3 2 1 0 0 0 0
"193" 193 0.377990430622 107 47 44 42 37 31 30 27 26 24 15 14 13 11 10 10 7 5 0 0
"194" 194 0.907692307692 141 92 44 42 40 39 34 24 16 15 5 2 2 1 1 1 1 0 0 0
