"site" "RSA" "aa1" "aa2" "aa3" "aa4" "aa5" "aa6" "aa7" "aa8" "aa9" "aa10" "aa11" "aa12" "aa13" "aa14" "aa15" "aa16" "aa17" "aa18" "aa19" "aa20"
"0" 0 0.652849740933 145 105 79 58 55 16 15 13 10 4 0 0 0 0 0 0 0 0 0 0
"1" 1 0.28102189781 216 167 47 47 13 8 1 1 0 0 0 0 0 0 0 0 0 0 0 0
"2" 2 0.450892857143 268 199 26 6 1 0 0 0 0 0 0 0 0 0 0 0 0 0 0 0
"3" 3 0.487046632124 217 78 58 54 25 18 18 16 8 5 3 0 0 0 0 0 0 0 0 0
"4" 4 0.0348258706468 281 178 14 13 8 5 1 0 0 0 0 0 0 0 0 0 0 0 0 0
"5" 5 0.051724137931 243 197 43 8 5 2 1 1 0 0 0 0 0 0 0 0 0 0 0 0
"6" 6 0.562737642586 223 142 72 48 8 3 2 1 1 0 0 0 0 0 0 0 0 0 0 0
"7" 7 0.385650224215 159 128 91 81 17 12 3 3 3 2 1 0 0 0 0 0 0 0 0 0
"8" 8 0.0 436 50 6 5 2 1 0 0 0 0 0 0 0 0 0 0 0 0 0 0
"9" 9 0.316455696203 221 137 74 45 8 4 3 3 2 2 1 0 0 0 0 0 0 0 0 0
"10" 10 0.44776119403 223 161 43 29 16 11 7 5 2 2 1 0 0 0 0 0 0 0 0 0
"11" 11 0.062015503876 439 36 16 4 3 1 1 0 0 0 0 0 0 0 0 0 0 0 0 0
"12" 12 0.258928571429 139 66 51 47 37 34 32 32 27 22 6 4 1 1 1 0 0 0 0 0
"13" 13 0.690582959641 248 165 29 15 12 10 9 6 4 1 1 0 0 0 0 0 0 0 0 0
"14" 14 0.503875968992 230 110 78 31 22 21 6 2 0 0 0 0 0 0 0 0 0 0 0 0
"15" 15 0.620535714286 248 162 46 16 12 8 5 2 1 0 0 0 0 0 0 0 0 0 0 0
"16" 16 0.507299270073 223 92 52 38 31 21 19 12 7 4 1 0 0 0 0 0 0 0 0 0
"17" 17 0.201520912548 201 158 111 16 7 3 2 1 1 0 0 0 0 0 0 0 0 0 0 0
"18" 18 0.487046632124 207 128 44 44 20 18 16 12 3 3 2 2 1 0 0 0 0 0 0 0
"19" 19 0.308035714286 185 151 108 38 8 3 2 2 1 1 1 0 0 0 0 0 0 0 0 0
"20" 20 0.0 217 216 40 10 10 6 1 0 0 0 0 0 0 0 0 0 0 0 0 0
"21" 21 0.0632183908046 195 76 56 50 24 22 19 15 13 12 9 4 3 1 1 0 0 0 0 0
"22" 22 0.495535714286 171 123 94 51 28 10 7 5 4 3 3 1 0 0 0 0 0 0 0 0
"23" 23 0.0662251655629 315 95 33 21 15 11 4 2 2 1 1 0 0 0 0 0 0 0 0 0
"24" 24 0.0 268 86 67 54 19 3 1 1 1 0 0 0 0 0 0 0 0 0 0 0
"25" 25 0.286919831224 135 130 104 77 31 5 5 5 3 2 2 1 0 0 0 0 0 0 0 0
"26" 26 0.527426160338 195 145 120 17 15 2 2 2 1 1 0 0 0 0 0 0 0 0 0 0
"27" 27 0.0 216 212 57 7 5 1 1 1 0 0 0 0 0 0 0 0 0 0 0 0
"28" 28 0.015503875969 454 31 5 3 3 2 2 0 0 0 0 0 0 0 0 0 0 0 0 0
"29" 29 0.326923076923 152 117 113 39 36 13 10 9 5 4 2 0 0 0 0 0 0 0 0 0
"30" 30 0.311926605505 170 132 81 52 29 20 12 2 1 1 0 0 0 0 0 0 0 0 0 0
"31" 31 0.461139896373 290 67 66 31 30 8 7 1 0 0 0 0 0 0 0 0 0 0 0 0
"32" 32 0.327586206897 284 70 62 61 16 4 2 1 0 0 0 0 0 0 0 0 0 0 0 0
"33" 33 0.254464285714 172 124 82 54 34 22 4 4 1 1 1 1 0 0 0 0 0 0 0 0
"34" 34 0.0348258706468 486 5 4 2 1 1 1 0 0 0 0 0 0 0 0 0 0 0 0 0
"35" 35 0.372093023256 473 25 2 0 0 0 0 0 0 0 0 0 0 0 0 0 0 0 0 0
"36" 36 0.459770114943 265 139 59 18 8 7 2 1 1 0 0 0 0 0 0 0 0 0 0 0
"37" 37 0.4375 271 144 39 24 15 6 1 0 0 0 0 0 0 0 0 0 0 0 0 0
"38" 38 0.0401785714286 270 144 63 20 1 1 1 0 0 0 0 0 0 0 0 0 0 0 0 0
"39" 39 0.029197080292 162 125 107 30 28 21 18 3 2 2 1 1 0 0 0 0 0 0 0 0
"40" 40 0.384615384615 237 193 18 14 13 10 7 7 1 0 0 0 0 0 0 0 0 0 0 0
"41" 41 0.0696517412935 346 32 27 26 19 17 11 9 7 4 2 0 0 0 0 0 0 0 0 0
"42" 42 0.0 258 119 33 33 13 12 10 5 5 4 3 2 1 1 1 0 0 0 0 0
"43" 43 0.211920529801 264 128 34 24 16 12 12 3 3 2 1 1 0 0 0 0 0 0 0 0
"44" 44 0.252873563218 154 112 78 55 39 24 23 6 4 4 1 0 0 0 0 0 0 0 0 0
"45" 45 0.0 471 28 1 0 0 0 0 0 0 0 0 0 0 0 0 0 0 0 0 0
"46" 46 0.00380228136882 171 116 77 40 22 21 13 12 11 9 6 1 1 0 0 0 0 0 0 0
"47" 47 0.350210970464 179 103 84 59 37 21 10 2 2 2 1 0 0 0 0 0 0 0 0 0
"48" 48 0.302564102564 148 91 56 50 47 31 21 19 13 11 9 4 0 0 0 0 0 0 0 0
"49" 49 0.0689655172414 150 99 79 36 35 26 22 17 13 5 4 4 4 3 1 1 1 0 0 0
"50" 50 0.00507614213198 154 110 55 39 37 35 27 17 13 12 1 0 0 0 0 0 0 0 0 0
"51" 51 0.221153846154 238 113 37 35 25 23 22 7 0 0 0 0 0 0 0 0 0 0 0 0
"52" 52 0.418604651163 294 75 54 27 18 15 6 5 2 2 1 1 0 0 0 0 0 0 0 0
"53" 53 0.211678832117 212 111 59 57 15 14 9 8 6 3 3 3 0 0 0 0 0 0 0 0
"54" 54 0.138686131387 335 85 25 17 13 10 10 3 1 1 0 0 0 0 0 0 0 0 0 0
"55" 55 0.294573643411 202 109 51 46 42 36 7 3 3 1 0 0 0 0 0 0 0 0 0 0
"56" 56 0.35761589404 281 75 59 53 21 6 3 1 1 0 0 0 0 0 0 0 0 0 0 0
"57" 57 0.177304964539 471 24 3 1 1 0 0 0 0 0 0 0 0 0 0 0 0 0 0 0
"58" 58 0.412408759124 262 125 96 13 2 1 1 0 0 0 0 0 0 0 0 0 0 0 0 0
"59" 59 0.543147208122 172 155 44 36 32 28 17 10 4 2 0 0 0 0 0 0 0 0 0 0
"60" 60 0.0710659898477 164 132 76 33 26 20 20 12 5 3 3 2 2 1 1 0 0 0 0 0
"61" 61 0.165562913907 190 98 66 57 45 13 13 7 5 2 2 2 0 0 0 0 0 0 0 0
"62" 62 0.503311258278 142 94 82 58 55 41 18 7 2 1 0 0 0 0 0 0 0 0 0 0
"63" 63 0.375634517766 175 145 67 54 50 7 1 1 0 0 0 0 0 0 0 0 0 0 0 0
"64" 64 0.0714285714286 244 90 61 44 21 18 16 3 3 0 0 0 0 0 0 0 0 0 0 0
"65" 65 0.591928251121 235 114 95 27 12 8 5 2 1 1 0 0 0 0 0 0 0 0 0 0
"66" 66 0.472573839662 188 152 69 32 13 12 11 10 5 5 3 0 0 0 0 0 0 0 0 0
"67" 67 0.0401785714286 183 86 81 58 31 20 15 11 9 3 2 1 0 0 0 0 0 0 0 0
"68" 68 0.446428571429 243 166 33 28 24 4 1 1 0 0 0 0 0 0 0 0 0 0 0 0
"69" 69 0.671794871795 277 81 54 43 20 19 3 2 1 0 0 0 0 0 0 0 0 0 0 0
"70" 70 0.518987341772 154 123 80 48 37 23 13 13 4 2 2 1 0 0 0 0 0 0 0 0
"71" 71 0.567307692308 500 0 0 0 0 0 0 0 0 0 0 0 0 0 0 0 0 0 0 0
"72" 72 0.144230769231 168 69 68 48 33 30 25 24 11 9 8 5 1 1 0 0 0 0 0 0
"73" 73 0.272321428571 311 122 49 13 4 1 0 0 0 0 0 0 0 0 0 0 0 0 0 0
"74" 74 0.642487046632 204 184 75 21 13 2 1 0 0 0 0 0 0 0 0 0 0 0 0 0
"75" 75 0.476793248945 103 100 82 78 71 38 10 7 4 2 2 2 1 0 0 0 0 0 0 0
"76" 76 0.0646766169154 465 31 2 2 0 0 0 0 0 0 0 0 0 0 0 0 0 0 0 0
"77" 77 0.590717299578 283 115 69 14 13 5 1 0 0 0 0 0 0 0 0 0 0 0 0 0
"78" 78 0.587155963303 189 185 77 16 14 10 6 1 1 1 0 0 0 0 0 0 0 0 0 0
"79" 79 0.116751269036 169 109 104 47 20 15 12 7 6 4 2 2 1 1 1 0 0 0 0 0
"80" 80 0.346715328467 328 61 45 30 25 5 3 2 1 0 0 0 0 0 0 0 0 0 0 0
"81" 81 0.620535714286 340 89 17 14 13 12 11 3 1 0 0 0 0 0 0 0 0 0 0 0
"82" 82 0.505703422053 236 103 80 31 23 17 8 1 1 0 0 0 0 0 0 0 0 0 0 0
"83" 83 0.127737226277 254 127 75 28 7 6 2 1 0 0 0 0 0 0 0 0 0 0 0 0
"84" 84 0.452914798206 221 113 51 35 33 17 10 9 6 3 2 0 0 0 0 0 0 0 0 0
"85" 85 0.495412844037 218 119 111 16 13 11 5 3 2 1 1 0 0 0 0 0 0 0 0 0
"86" 86 0.0574712643678 291 139 34 10 9 6 4 3 2 1 1 0 0 0 0 0 0 0 0 0
"87" 87 0.147321428571 469 17 7 5 1 1 0 0 0 0 0 0 0 0 0 0 0 0 0 0
"88" 88 0.517441860465 368 62 33 15 7 6 5 4 0 0 0 0 0 0 0 0 0 0 0 0
"89" 89 0.34375 261 92 50 37 35 14 4 3 2 1 1 0 0 0 0 0 0 0 0 0
"90" 90 0.0149253731343 493 5 1 1 0 0 0 0 0 0 0 0 0 0 0 0 0 0 0 0
"91" 91 0.130801687764 370 68 41 14 2 2 1 1 1 0 0 0 0 0 0 0 0 0 0 0
"92" 92 0.582089552239 197 99 90 39 23 22 19 9 1 1 0 0 0 0 0 0 0 0 0 0
"93" 93 0.111675126904 128 58 57 52 52 39 25 23 12 11 9 9 7 7 6 3 1 1 0 0
"94" 94 0.0 245 221 22 9 2 1 0 0 0 0 0 0 0 0 0 0 0 0 0 0
"95" 95 0.462025316456 106 98 67 63 56 54 44 11 1 0 0 0 0 0 0 0 0 0 0 0
"96" 96 0.269430051813 236 77 45 34 28 26 15 14 13 5 4 2 1 0 0 0 0 0 0 0
"97" 97 0.0 216 153 34 27 21 16 14 8 3 2 2 1 1 1 1 0 0 0 0 0
"98" 98 0.089552238806 462 23 6 4 2 2 1 0 0 0 0 0 0 0 0 0 0 0 0 0
"99" 99 0.440414507772 147 118 93 62 36 15 15 8 3 2 1 0 0 0 0 0 0 0 0 0
"100" 100 0.0632183908046 187 92 59 50 44 30 22 5 5 2 1 1 1 1 0 0 0 0 0 0
"101" 101 0.0 471 15 12 2 0 0 0 0 0 0 0 0 0 0 0 0 0 0 0 0
"102" 102 0.445595854922 341 71 49 26 4 4 2 2 1 0 0 0 0 0 0 0 0 0 0 0
"103" 103 0.548523206751 195 161 48 47 26 22 1 0 0 0 0 0 0 0 0 0 0 0 0 0
"104" 104 0.253588516746 297 105 68 27 3 0 0 0 0 0 0 0 0 0 0 0 0 0 0 0
"105" 105 0.0248756218905 323 54 40 28 14 12 12 7 5 2 1 1 1 0 0 0 0 0 0 0
"106" 106 0.137055837563 323 172 4 1 0 0 0 0 0 0 0 0 0 0 0 0 0 0 0 0
"107" 107 0.559748427673 426 52 10 5 4 2 1 0 0 0 0 0 0 0 0 0 0 0 0 0
"108" 108 0.201550387597 299 200 1 0 0 0 0 0 0 0 0 0 0 0 0 0 0 0 0 0
"109" 109 0.108527131783 454 45 1 0 0 0 0 0 0 0 0 0 0 0 0 0 0 0 0 0
"110" 110 0.738461538462 190 152 111 29 10 4 3 1 0 0 0 0 0 0 0 0 0 0 0 0
"111" 111 0.383720930233 368 112 8 6 4 2 0 0 0 0 0 0 0 0 0 0 0 0 0 0
"112" 112 0.0865384615385 486 6 3 2 1 1 1 0 0 0 0 0 0 0 0 0 0 0 0 0
"113" 113 0.3125 481 9 8 2 0 0 0 0 0 0 0 0 0 0 0 0 0 0 0 0
"114" 114 0.00662251655629 270 105 51 38 10 7 7 6 3 1 1 1 0 0 0 0 0 0 0 0
"115" 115 0.168776371308 258 174 27 21 8 5 4 3 0 0 0 0 0 0 0 0 0 0 0 0
"116" 116 0.0 500 0 0 0 0 0 0 0 0 0 0 0 0 0 0 0 0 0 0 0
"117" 117 0.0753138075314 208 177 40 21 20 13 13 3 3 2 0 0 0 0 0 0 0 0 0 0
"118" 118 0.0114068441065 354 86 44 9 5 1 1 0 0 0 0 0 0 0 0 0 0 0 0 0
"119" 119 0.243346007605 203 171 115 7 3 1 0 0 0 0 0 0 0 0 0 0 0 0 0 0
"120" 120 0.130801687764 224 195 36 23 18 3 1 0 0 0 0 0 0 0 0 0 0 0 0 0
"121" 121 0.0183486238532 184 134 36 34 31 31 21 10 9 6 2 2 0 0 0 0 0 0 0 0
"122" 122 0.168776371308 268 105 64 31 25 2 2 1 1 1 0 0 0 0 0 0 0 0 0 0
"123" 123 0.0 411 75 14 0 0 0 0 0 0 0 0 0 0 0 0 0 0 0 0 0
"124" 124 0.0362694300518 191 70 58 57 33 30 29 11 10 4 2 2 2 1 0 0 0 0 0 0
"125" 125 0.0228136882129 262 178 28 11 7 7 3 1 1 1 1 0 0 0 0 0 0 0 0 0
"126" 126 0.11961722488 184 150 127 24 5 4 3 3 0 0 0 0 0 0 0 0 0 0 0 0
"127" 127 0.036496350365 221 139 125 13 1 1 0 0 0 0 0 0 0 0 0 0 0 0 0 0
"128" 128 0.0836501901141 131 91 85 38 37 27 26 18 17 12 10 5 1 1 1 0 0 0 0 0
"129" 129 0.154228855721 242 151 50 17 14 7 6 5 2 2 2 1 1 0 0 0 0 0 0 0
"130" 130 0.0 499 1 0 0 0 0 0 0 0 0 0 0 0 0 0 0 0 0 0 0
"131" 131 0.147321428571 327 88 69 8 4 2 1 1 0 0 0 0 0 0 0 0 0 0 0 0
"132" 132 0.121338912134 249 248 2 1 0 0 0 0 0 0 0 0 0 0 0 0 0 0 0 0
"133" 133 0.116279069767 496 4 0 0 0 0 0 0 0 0 0 0 0 0 0 0 0 0 0 0
"134" 134 0.610465116279 341 65 42 30 14 6 2 0 0 0 0 0 0 0 0 0 0 0 0 0
"135" 135 0.596153846154 500 0 0 0 0 0 0 0 0 0 0 0 0 0 0 0 0 0 0 0
"136" 136 0.584615384615 216 132 60 48 15 14 11 3 1 0 0 0 0 0 0 0 0 0 0 0
"137" 137 0.569948186528 281 111 33 30 24 19 2 0 0 0 0 0 0 0 0 0 0 0 0 0
"138" 138 0.295620437956 225 116 101 26 20 8 4 0 0 0 0 0 0 0 0 0 0 0 0 0
"139" 139 0.616033755274 215 127 112 23 7 6 4 4 2 0 0 0 0 0 0 0 0 0 0 0
"140" 140 0.174107142857 198 83 74 32 30 28 23 11 8 6 4 3 0 0 0 0 0 0 0 0
"141" 141 0.062015503876 371 71 28 16 4 4 2 1 1 1 1 0 0 0 0 0 0 0 0 0
"142" 142 0.0852713178295 267 132 86 14 1 0 0 0 0 0 0 0 0 0 0 0 0 0 0 0
"143" 143 0.223214285714 269 104 65 30 18 6 5 3 0 0 0 0 0 0 0 0 0 0 0 0
"144" 144 0.415384615385 159 133 95 62 19 16 10 3 2 1 0 0 0 0 0 0 0 0 0 0
"145" 145 0.0 500 0 0 0 0 0 0 0 0 0 0 0 0 0 0 0 0 0 0 0
"146" 146 0.194029850746 218 123 71 51 20 9 6 2 0 0 0 0 0 0 0 0 0 0 0 0
"147" 147 0.563218390805 333 84 40 13 11 10 3 3 1 1 1 0 0 0 0 0 0 0 0 0
"148" 148 0.0077519379845 453 20 18 4 2 1 1 1 0 0 0 0 0 0 0 0 0 0 0 0
"149" 149 0.0 271 140 72 15 1 1 0 0 0 0 0 0 0 0 0 0 0 0 0 0
"150" 150 0.502109704641 281 115 62 33 3 2 1 1 1 1 0 0 0 0 0 0 0 0 0 0
"151" 151 0.248062015504 283 96 37 29 14 10 9 8 6 6 2 0 0 0 0 0 0 0 0 0
"152" 152 0.0 500 0 0 0 0 0 0 0 0 0 0 0 0 0 0 0 0 0 0 0
"153" 153 0.172185430464 231 132 98 13 7 7 7 1 1 1 1 1 0 0 0 0 0 0 0 0
"154" 154 0.564766839378 236 110 47 44 32 21 5 2 2 1 0 0 0 0 0 0 0 0 0 0
"155" 155 0.126903553299 299 100 57 24 6 4 4 3 1 1 1 0 0 0 0 0 0 0 0 0
"156" 156 0.0077519379845 496 4 0 0 0 0 0 0 0 0 0 0 0 0 0 0 0 0 0 0
"157" 157 0.596330275229 273 118 93 5 4 3 3 1 0 0 0 0 0 0 0 0 0 0 0 0
"158" 158 0.598837209302 253 140 50 29 13 11 3 1 0 0 0 0 0 0 0 0 0 0 0 0
"159" 159 0.491071428571 205 175 62 21 14 10 6 5 2 0 0 0 0 0 0 0 0 0 0 0
"160" 160 0.0646766169154 500 0 0 0 0 0 0 0 0 0 0 0 0 0 0 0 0 0 0 0
"161" 161 0.289308176101 485 4 3 2 2 2 2 0 0 0 0 0 0 0 0 0 0 0 0 0
"162" 162 0.0503144654088 342 112 21 13 7 2 1 1 1 0 0 0 0 0 0 0 0 0 0 0
"163" 163 0.00581395348837 313 182 3 2 0 0 0 0 0 0 0 0 0 0 0 0 0 0 0 0
"164" 164 0.114832535885 497 3 0 0 0 0 0 0 0 0 0 0 0 0 0 0 0 0 0 0
"165" 165 0.163522012579 221 131 68 19 15 13 13 8 8 4 0 0 0 0 0 0 0 0 0 0
"166" 166 0.10152284264 193 145 45 33 31 18 15 7 6 5 2 0 0 0 0 0 0 0 0 0
"167" 167 0.156934306569 484 8 3 2 2 1 0 0 0 0 0 0 0 0 0 0 0 0 0 0
"168" 168 0.00497512437811 493 4 2 1 0 0 0 0 0 0 0 0 0 0 0 0 0 0 0 0
"169" 169 0.0769230769231 223 144 89 17 8 7 6 4 1 1 0 0 0 0 0 0 0 0 0 0
"170" 170 0.0149253731343 472 19 4 3 2 0 0 0 0 0 0 0 0 0 0 0 0 0 0 0
"171" 171 0.0697674418605 293 91 62 16 14 12 6 2 1 1 1 1 0 0 0 0 0 0 0 0
"172" 172 0.0696517412935 241 129 58 50 15 3 2 1 1 0 0 0 0 0 0 0 0 0 0 0
"173" 173 0.148717948718 178 112 97 48 22 15 12 7 5 3 1 0 0 0 0 0 0 0 0 0
"174" 174 0.0418410041841 166 158 38 30 29 28 18 12 8 7 3 1 1 1 0 0 0 0 0 0
"175" 175 0.0 440 59 1 0 0 0 0 0 0 0 0 0 0 0 0 0 0 0 0 0
"176" 176 0.120689655172 330 132 15 13 3 3 2 1 1 0 0 0 0 0 0 0 0 0 0 0
"177" 177 0.0 490 4 3 3 0 0 0 0 0 0 0 0 0 0 0 0 0 0 0 0
"178" 178 0.117870722433 241 100 44 43 42 11 9 7 3 0 0 0 0 0 0 0 0 0 0 0
"179" 179 0.342205323194 307 88 77 14 6 5 1 1 1 0 0 0 0 0 0 0 0 0 0 0
"180" 180 0.46875 365 80 12 10 9 9 7 6 1 1 0 0 0 0 0 0 0 0 0 0
"181" 181 0.0761421319797 336 159 1 1 1 1 1 0 0 0 0 0 0 0 0 0 0 0 0 0
"182" 182 0.233830845771 171 134 100 40 22 19 4 4 2 2 1 1 0 0 0 0 0 0 0 0
"183" 183 0.692307692308 415 37 17 14 11 5 1 0 0 0 0 0 0 0 0 0 0 0 0 0
"184" 184 0.12582781457 149 124 112 38 25 15 14 13 5 2 2 1 0 0 0 0 0 0 0 0
"185" 185 0.396226415094 120 118 87 60 59 46 6 1 1 1 1 0 0 0 0 0 0 0 0 0
"186" 186 0.414507772021 285 89 44 31 14 13 10 8 3 3 0 0 0 0 0 0 0 0 0 0
"187" 187 0.434306569343 211 76 71 50 29 22 11 11 11 6 2 0 0 0 0 0 0 0 0 0
"188" 188 0.0 488 12 0 0 0 0 0 0 0 0 0 0 0 0 0 0 0 0 0 0
"189" 189 0.158227848101 307 68 68 27 14 14 1 1 0 0 0 0 0 0 0 0 0 0 0 0
"190" 190 0.222627737226 358 40 37 36 19 8 1 1 0 0 0 0 0 0 0 0 0 0 0 0
"191" 191 0.238805970149 299 96 45 35 13 4 3 2 1 1 1 0 0 0 0 0 0 0 0 0
"192" 192 0.0 441 58 1 0 0 0 0 0 0 0 0 0 0 0 0 0 0 0 0 0
"193" 193 0.430379746835 367 80 29 20 2 1 1 0 0 0 0 0 0 0 0 0 0 0 0 0
"194" 194 0.341085271318 320 102 39 14 11 6 5 2 1 0 0 0 0 0 0 0 0 0 0 0
"195" 195 0.108527131783 341 143 6 4 2 1 1 1 1 0 0 0 0 0 0 0 0 0 0 0
"196" 196 0.146443514644 210 113 64 48 31 24 4 3 1 1 1 0 0 0 0 0 0 0 0 0
"197" 197 0.341968911917 210 91 81 78 23 11 5 1 0 0 0 0 0 0 0 0 0 0 0 0
"198" 198 0.383419689119 298 163 16 8 6 4 3 2 0 0 0 0 0 0 0 0 0 0 0 0
"199" 199 0.0 495 3 1 1 0 0 0 0 0 0 0 0 0 0 0 0 0 0 0 0
"200" 200 0.41116751269 226 100 73 32 23 20 9 6 5 3 2 1 0 0 0 0 0 0 0 0
"201" 201 0.612403100775 240 176 35 23 14 7 4 1 0 0 0 0 0 0 0 0 0 0 0 0
"202" 202 0.392857142857 257 145 60 28 5 5 0 0 0 0 0 0 0 0 0 0 0 0 0 0
"203" 203 0.378109452736 208 178 82 24 7 1 0 0 0 0 0 0 0 0 0 0 0 0 0 0
"204" 204 0.751295336788 219 161 49 25 18 13 9 3 2 1 0 0 0 0 0 0 0 0 0 0
"205" 205 0.238372093023 203 194 49 16 12 11 7 4 3 1 0 0 0 0 0 0 0 0 0 0
"206" 206 0.283582089552 224 150 108 18 0 0 0 0 0 0 0 0 0 0 0 0 0 0 0 0
"207" 207 0.238410596026 253 182 26 12 10 8 4 3 1 1 0 0 0 0 0 0 0 0 0 0
"208" 208 0.665178571429 420 61 8 7 3 1 0 0 0 0 0 0 0 0 0 0 0 0 0 0
"209" 209 0.709821428571 347 90 28 28 4 2 1 0 0 0 0 0 0 0 0 0 0 0 0 0
"210" 210 0.105960264901 211 207 42 12 10 7 6 2 2 1 0 0 0 0 0 0 0 0 0 0
"211" 211 0.486692015209 204 148 62 34 31 14 4 2 1 0 0 0 0 0 0 0 0 0 0 0
"212" 212 0.341772151899 192 184 89 18 7 4 3 2 1 0 0 0 0 0 0 0 0 0 0 0
"213" 213 0.455958549223 236 176 50 18 10 6 2 1 1 0 0 0 0 0 0 0 0 0 0 0
"214" 214 0.00662251655629 448 41 6 5 0 0 0 0 0 0 0 0 0 0 0 0 0 0 0 0
"215" 215 0.488372093023 243 120 73 39 11 7 3 2 1 1 0 0 0 0 0 0 0 0 0 0
"216" 216 0.502487562189 336 61 41 29 13 10 4 3 1 1 1 0 0 0 0 0 0 0 0 0
"217" 217 0.131979695431 275 57 54 33 27 26 15 4 4 3 2 0 0 0 0 0 0 0 0 0
"218" 218 0.0779816513761 408 38 34 15 3 2 0 0 0 0 0 0 0 0 0 0 0 0 0 0
"219" 219 0.412556053812 263 112 66 26 23 3 2 2 1 1 1 0 0 0 0 0 0 0 0 0
"220" 220 0.298507462687 248 125 69 20 19 13 3 1 1 1 0 0 0 0 0 0 0 0 0 0
"221" 221 0.0 407 93 0 0 0 0 0 0 0 0 0 0 0 0 0 0 0 0 0 0
"222" 222 0.521897810219 171 127 70 45 41 36 4 3 1 1 1 0 0 0 0 0 0 0 0 0
"223" 223 0.378238341969 199 98 75 59 30 22 7 6 3 1 0 0 0 0 0 0 0 0 0 0
"224" 224 0.2 135 134 125 45 42 7 3 3 3 2 1 0 0 0 0 0 0 0 0 0
"225" 225 0.124378109453 493 3 1 1 1 1 0 0 0 0 0 0 0 0 0 0 0 0 0 0
"226" 226 0.546511627907 114 112 85 79 48 47 6 4 3 1 1 0 0 0 0 0 0 0 0 0
"227" 227 0.676616915423 297 98 41 40 12 7 4 1 0 0 0 0 0 0 0 0 0 0 0 0
"228" 228 0.120567375887 402 84 5 4 2 2 1 0 0 0 0 0 0 0 0 0 0 0 0 0
"229" 229 0.767441860465 272 120 48 27 10 9 7 4 3 0 0 0 0 0 0 0 0 0 0 0
