"site" "RSA" "aa1" "aa2" "aa3" "aa4" "aa5" "aa6" "aa7" "aa8" "aa9" "aa10" "aa11" "aa12" "aa13" "aa14" "aa15" "aa16" "aa17" "aa18" "aa19" "aa20"
"0" 0 0.283582089552 184 130 49 47 14 14 14 13 11 7 5 4 2 2 2 1 1 0 0 0
"1" 1 0.171532846715 113 110 82 61 29 26 24 19 15 8 6 3 3 1 0 0 0 0 0 0
"2" 2 0.0 204 85 71 58 27 26 17 5 2 2 1 1 1 0 0 0 0 0 0 0
"3" 3 0.0 324 98 16 13 13 12 5 5 3 3 3 2 1 1 1 0 0 0 0 0
"4" 4 0.0 289 172 28 7 2 1 1 0 0 0 0 0 0 0 0 0 0 0 0 0
"5" 5 0.100775193798 212 93 64 57 20 17 9 6 6 5 4 3 2 1 1 0 0 0 0 0
"6" 6 0.0287356321839 218 176 72 12 11 4 3 2 1 1 0 0 0 0 0 0 0 0 0 0
"7" 7 0.282700421941 134 126 57 55 21 20 19 17 14 13 7 7 4 4 1 1 0 0 0 0
"8" 8 0.244525547445 188 93 77 68 30 14 9 7 3 3 2 2 2 1 1 0 0 0 0 0
"9" 9 0.00574712643678 200 154 62 46 12 11 5 4 3 1 1 1 0 0 0 0 0 0 0 0
"10" 10 0.106598984772 183 116 39 28 26 24 19 15 13 13 10 5 4 3 2 0 0 0 0 0
"11" 11 0.124352331606 130 86 69 54 54 35 25 22 10 7 3 3 2 0 0 0 0 0 0 0
"12" 12 0.661596958175 144 87 71 55 46 42 18 10 8 7 5 2 2 2 1 0 0 0 0 0
"13" 13 0.573643410853 119 91 84 56 52 43 28 12 10 3 1 1 0 0 0 0 0 0 0 0
"14" 14 0.270114942529 120 75 63 57 55 40 32 20 13 9 4 4 4 3 1 0 0 0 0 0
"15" 15 0.814345991561 264 72 63 33 17 13 7 6 6 5 4 4 2 1 1 1 1 0 0 0
"16" 16 0.456852791878 121 100 61 38 28 26 25 20 17 15 13 11 7 7 5 2 2 2 0 0
"17" 17 0.580291970803 176 104 33 29 28 26 25 16 15 13 12 11 7 5 0 0 0 0 0 0
"18" 18 0.132183908046 98 79 68 61 56 28 25 19 16 15 9 9 6 5 4 2 0 0 0 0
"19" 19 0.286919831224 203 116 56 48 15 13 13 10 7 5 5 3 3 2 1 0 0 0 0 0
"20" 20 0.817610062893 141 122 83 65 33 26 18 5 3 3 1 0 0 0 0 0 0 0 0 0
"21" 21 0.502590673575 179 109 51 49 49 34 23 3 2 1 0 0 0 0 0 0 0 0 0 0
"22" 22 0.43795620438 106 97 78 52 40 39 28 22 17 16 3 1 1 0 0 0 0 0 0 0
"23" 23 0.424418604651 124 88 56 47 38 37 35 34 16 7 6 6 5 1 0 0 0 0 0 0
"24" 24 0.0480769230769 468 11 9 4 3 2 2 1 0 0 0 0 0 0 0 0 0 0 0 0
"25" 25 0.264367816092 97 58 52 46 44 38 37 27 25 18 18 14 6 5 5 5 5 0 0 0
"26" 26 0.16091954023 183 79 74 33 29 27 19 17 10 8 8 4 3 2 2 1 1 0 0 0
"27" 27 0.325581395349 135 75 61 48 45 39 35 28 21 6 4 1 1 1 0 0 0 0 0 0
"28" 28 0.730569948187 230 116 44 33 21 16 14 9 5 4 3 2 2 1 0 0 0 0 0 0
"29" 29 0.884615384615 398 102 0 0 0 0 0 0 0 0 0 0 0 0 0 0 0 0 0 0
"30" 30 0.166666666667 217 39 37 29 29 24 24 23 23 22 10 6 5 4 4 3 1 0 0 0
"31" 31 0.535864978903 111 103 56 50 42 38 23 20 14 11 8 7 6 6 3 2 0 0 0 0
"32" 32 0.191387559809 200 78 68 60 38 15 14 8 7 5 2 2 1 1 1 0 0 0 0 0
"33" 33 0.192052980132 196 131 74 44 37 5 5 4 2 1 1 0 0 0 0 0 0 0 0 0
"34" 34 0.0366972477064 155 125 64 43 22 21 20 14 13 12 8 2 1 0 0 0 0 0 0 0
"35" 35 0.00512820512821 178 167 72 24 17 12 11 8 4 4 3 0 0 0 0 0 0 0 0 0
"36" 36 0.182389937107 183 145 62 46 20 10 9 8 8 4 3 1 1 0 0 0 0 0 0 0
"37" 37 0.092050209205 174 76 56 55 45 41 17 12 10 4 3 3 2 1 1 0 0 0 0 0
"38" 38 0.0443037974684 270 80 70 70 5 2 1 1 1 0 0 0 0 0 0 0 0 0 0 0
"39" 39 0.303571428571 146 103 95 49 30 27 19 17 6 2 2 2 1 1 0 0 0 0 0 0
"40" 40 0.0304568527919 133 99 77 74 36 33 21 7 7 4 4 2 1 1 1 0 0 0 0 0
"41" 41 0.0 413 77 10 0 0 0 0 0 0 0 0 0 0 0 0 0 0 0 0 0
"42" 42 0.00574712643678 266 83 78 21 18 12 11 3 3 2 2 1 0 0 0 0 0 0 0 0
"43" 43 0.0178571428571 196 71 58 52 31 30 29 11 7 4 3 3 2 2 1 0 0 0 0 0
"44" 44 0.0267857142857 85 80 75 68 32 28 26 25 24 11 9 8 7 6 5 5 5 1 0 0
"45" 45 0.0 260 213 12 11 4 0 0 0 0 0 0 0 0 0 0 0 0 0 0 0
"46" 46 0.0172413793103 139 62 43 41 28 24 24 22 20 19 17 17 16 9 8 5 4 2 0 0
"47" 47 0.306569343066 150 86 56 49 47 20 15 14 13 9 9 9 8 7 6 1 1 0 0 0
"48" 48 0.00995024875622 151 116 56 52 40 23 20 9 8 6 6 6 3 2 1 1 0 0 0 0
"49" 49 0.206751054852 165 88 80 48 19 19 14 14 13 9 8 7 5 5 2 2 1 1 0 0
"50" 50 0.522321428571 121 82 75 47 47 37 34 21 16 7 6 2 2 1 1 1 0 0 0 0
"51" 51 0.493670886076 129 72 69 53 43 42 38 18 14 10 5 4 2 1 0 0 0 0 0 0
"52" 52 0.810126582278 350 141 6 2 1 0 0 0 0 0 0 0 0 0 0 0 0 0 0 0
"53" 53 0.358208955224 203 163 39 31 18 14 11 10 6 3 1 1 0 0 0 0 0 0 0 0
"54" 54 0.0402298850575 250 88 67 36 24 16 5 5 4 2 2 1 0 0 0 0 0 0 0 0
"55" 55 0.721518987342 133 125 115 62 20 15 8 5 4 3 2 2 2 1 1 1 1 0 0 0
"56" 56 0.205357142857 141 96 90 43 27 25 24 21 13 6 4 3 2 2 2 1 0 0 0 0
"57" 57 0.0 309 73 49 38 13 11 3 3 1 0 0 0 0 0 0 0 0 0 0 0
"58" 58 0.0 132 94 74 68 24 24 23 19 12 11 8 6 2 2 1 0 0 0 0 0
"59" 59 0.0077519379845 325 121 39 6 5 3 1 0 0 0 0 0 0 0 0 0 0 0 0 0
"60" 60 0.0114942528736 113 103 87 55 44 26 25 25 6 5 4 4 2 1 0 0 0 0 0 0
"61" 61 0.0198675496689 408 37 27 17 3 3 2 2 1 0 0 0 0 0 0 0 0 0 0 0
"62" 62 0.126582278481 131 99 68 64 55 42 19 11 6 3 2 0 0 0 0 0 0 0 0 0
"63" 63 0.0288461538462 500 0 0 0 0 0 0 0 0 0 0 0 0 0 0 0 0 0 0 0
"64" 64 0.138364779874 271 77 72 40 20 14 3 3 0 0 0 0 0 0 0 0 0 0 0 0
"65" 65 0.348837209302 163 77 62 59 34 25 22 22 13 6 6 5 3 2 1 0 0 0 0 0
"66" 66 0.412556053812 155 112 90 45 41 20 12 10 4 4 3 2 1 1 0 0 0 0 0 0
"67" 67 0.0253164556962 171 119 80 42 21 18 14 14 6 5 2 2 2 2 1 1 0 0 0 0
"68" 68 0.210762331839 121 98 75 53 47 39 23 12 9 8 6 4 2 1 1 1 0 0 0 0
"69" 69 0.53125 190 79 78 32 29 28 18 15 11 8 5 5 2 0 0 0 0 0 0 0
"70" 70 0.0406976744186 202 142 106 25 8 5 5 3 2 1 1 0 0 0 0 0 0 0 0 0
"71" 71 0.0 245 87 59 51 34 10 4 4 3 2 1 0 0 0 0 0 0 0 0 0
"72" 72 0.171532846715 170 145 65 34 18 15 14 9 7 6 5 4 4 2 1 1 0 0 0 0
"73" 73 0.372093023256 85 65 62 50 48 40 37 36 19 19 18 9 6 4 1 1 0 0 0 0
"74" 74 0.0 205 175 84 26 10 0 0 0 0 0 0 0 0 0 0 0 0 0 0 0
"75" 75 0.0 366 36 29 15 13 12 8 6 4 3 3 2 2 1 0 0 0 0 0 0
"76" 76 0.062015503876 440 36 17 3 2 1 1 0 0 0 0 0 0 0 0 0 0 0 0 0
"77" 77 0.0550458715596 138 76 45 44 43 37 31 19 12 11 11 7 7 6 6 6 1 0 0 0
"78" 78 0.144230769231 500 0 0 0 0 0 0 0 0 0 0 0 0 0 0 0 0 0 0 0
"79" 79 0.0077519379845 267 204 21 5 2 1 0 0 0 0 0 0 0 0 0 0 0 0 0 0
"80" 80 0.295336787565 159 88 77 46 31 20 18 15 12 12 7 5 4 2 2 2 0 0 0 0
"81" 81 0.211678832117 167 57 48 42 39 39 25 22 13 11 10 9 6 6 4 1 1 0 0 0
"82" 82 0.00961538461538 268 134 91 5 2 0 0 0 0 0 0 0 0 0 0 0 0 0 0 0
"83" 83 0.00507614213198 127 103 43 41 35 32 31 29 20 18 9 8 3 1 0 0 0 0 0 0
"84" 84 0.0 259 127 49 18 13 8 7 6 5 3 2 2 1 0 0 0 0 0 0 0
"85" 85 0.0 132 114 95 56 26 19 17 14 12 7 4 2 2 0 0 0 0 0 0 0
"86" 86 0.308035714286 182 68 46 42 41 37 34 15 13 10 9 2 1 0 0 0 0 0 0 0
"87" 87 0.0114942528736 178 90 52 36 36 29 27 17 7 7 5 4 4 3 2 2 1 0 0 0
"88" 88 0.389937106918 452 28 12 7 1 0 0 0 0 0 0 0 0 0 0 0 0 0 0 0
"89" 89 0.572327044025 321 107 26 14 9 5 5 4 3 3 1 1 1 0 0 0 0 0 0 0
"90" 90 0.511627906977 326 43 35 30 18 13 9 8 7 5 3 2 1 0 0 0 0 0 0 0
"91" 91 0.433035714286 149 125 47 38 38 25 19 17 14 8 7 7 4 2 0 0 0 0 0 0
"92" 92 0.162790697674 245 106 41 32 22 16 9 4 4 4 4 3 3 3 2 2 0 0 0 0
"93" 93 0.584821428571 234 52 42 35 31 26 17 16 15 12 11 3 2 2 1 1 0 0 0 0
"94" 94 0.576642335766 173 66 63 38 33 29 28 26 9 9 8 5 4 4 4 1 0 0 0 0
"95" 95 0.189054726368 252 48 38 33 29 17 17 15 14 9 7 6 5 4 4 1 1 0 0 0
"96" 96 0.163461538462 149 135 50 31 23 23 16 15 14 12 9 7 6 4 3 3 0 0 0 0
"97" 97 0.0754716981132 213 91 59 54 23 22 15 7 6 5 3 1 1 0 0 0 0 0 0 0
"98" 98 0.338308457711 193 107 44 42 28 26 19 14 11 8 4 2 1 1 0 0 0 0 0 0
"99" 99 0.0313901345291 116 106 62 56 31 26 18 17 13 11 11 9 8 7 4 3 1 1 0 0
"100" 100 0.172413793103 138 107 57 44 40 29 18 17 11 10 9 8 6 2 2 1 1 0 0 0
"101" 101 0.0 433 49 18 0 0 0 0 0 0 0 0 0 0 0 0 0 0 0 0 0
"102" 102 0.36496350365 114 114 99 93 27 14 7 7 6 5 3 3 3 3 1 1 0 0 0 0
"103" 103 0.0229885057471 139 84 68 62 38 37 23 13 11 7 7 5 3 1 1 1 0 0 0 0
"104" 104 0.00995024875622 138 111 67 56 25 22 20 16 13 9 8 7 5 2 1 0 0 0 0 0
"105" 105 0.031007751938 336 47 24 18 13 13 10 8 8 7 5 5 3 2 1 0 0 0 0 0
"106" 106 0.215189873418 81 75 71 60 50 33 27 23 19 16 12 11 10 6 3 1 1 1 0 0
"107" 107 0.0 153 90 64 39 37 20 15 15 14 14 11 9 6 6 3 3 1 0 0 0
"108" 108 0.0077519379845 153 134 63 61 36 9 8 8 6 5 5 4 3 2 2 1 0 0 0 0
"109" 109 0.59375 220 42 28 28 25 25 21 19 19 19 16 12 11 8 5 1 1 0 0 0
"110" 110 0.438818565401 93 87 78 50 43 34 33 16 15 11 9 9 8 8 2 2 1 1 0 0
"111" 111 0.0848214285714 160 90 56 56 26 24 23 13 12 11 6 6 5 4 3 2 2 1 0 0
"112" 112 0.645569620253 406 50 19 7 7 6 4 1 0 0 0 0 0 0 0 0 0 0 0 0
"113" 113 0.0344827586207 119 109 94 71 57 12 12 10 6 3 3 2 2 0 0 0 0 0 0 0
"114" 114 0.305699481865 171 133 39 37 27 20 19 19 17 6 6 3 2 1 0 0 0 0 0 0
"115" 115 0.00497512437811 166 127 98 23 22 17 17 14 8 3 3 2 0 0 0 0 0 0 0 0
"116" 116 0.0 166 108 64 44 38 31 31 6 5 2 2 2 1 0 0 0 0 0 0 0
"117" 117 0.00497512437811 180 170 38 29 21 11 10 9 6 6 5 4 4 3 2 2 0 0 0 0
"118" 118 0.0348258706468 172 137 98 77 4 3 3 3 1 1 1 0 0 0 0 0 0 0 0 0
"119" 119 0.125 479 16 3 1 1 0 0 0 0 0 0 0 0 0 0 0 0 0 0 0
"120" 120 0.206751054852 305 81 29 23 19 14 7 5 5 5 2 1 1 1 1 1 0 0 0 0
"121" 121 0.219730941704 219 110 47 25 21 21 20 16 8 6 4 2 1 0 0 0 0 0 0 0
"122" 122 0.100775193798 184 78 60 57 23 22 20 12 12 11 9 5 3 3 1 0 0 0 0 0
"123" 123 0.243654822335 196 124 33 33 23 21 18 13 11 10 9 4 3 1 1 0 0 0 0 0
"124" 124 0.39896373057 75 65 46 44 42 41 41 27 26 25 23 23 10 7 3 1 1 0 0 0
"125" 125 0.316062176166 131 78 77 40 40 34 24 16 14 14 13 10 5 3 1 0 0 0 0 0
"126" 126 0.497409326425 135 103 88 52 45 33 14 14 10 3 3 0 0 0 0 0 0 0 0 0
"127" 127 0.272151898734 105 65 63 52 43 38 31 24 16 16 12 11 11 7 3 2 1 0 0 0
"128" 128 0.194871794872 269 92 49 29 23 14 12 8 3 1 0 0 0 0 0 0 0 0 0 0
"129" 129 0.390134529148 333 41 32 29 27 15 7 5 3 2 2 2 1 1 0 0 0 0 0 0
"130" 130 0.197674418605 157 102 56 56 37 28 16 14 11 8 5 4 2 2 2 0 0 0 0 0
"131" 131 0.0288461538462 176 172 52 46 29 9 7 4 2 2 1 0 0 0 0 0 0 0 0 0
"132" 132 0.215246636771 172 80 62 45 30 25 25 15 12 12 9 7 3 2 1 0 0 0 0 0
"133" 133 0.275229357798 171 86 73 41 29 21 19 19 8 8 7 6 3 3 3 2 1 0 0 0
"134" 134 0.0 110 108 93 48 43 38 33 15 8 3 1 0 0 0 0 0 0 0 0 0
"135" 135 0.0 398 61 41 0 0 0 0 0 0 0 0 0 0 0 0 0 0 0 0 0
"136" 136 0.423076923077 165 106 61 39 24 22 17 16 13 13 12 4 4 2 1 1 0 0 0 0
"137" 137 0.330543933054 237 95 52 21 14 13 13 12 11 9 7 6 5 3 2 0 0 0 0 0
"138" 138 0.109452736318 270 61 53 47 34 18 10 5 1 1 0 0 0 0 0 0 0 0 0 0
"139" 139 0.772020725389 331 151 11 4 2 1 0 0 0 0 0 0 0 0 0 0 0 0 0 0
"140" 140 0.170212765957 201 135 54 21 18 18 15 12 10 5 4 3 2 1 1 0 0 0 0 0
"141" 141 0.301886792453 168 156 65 26 21 16 16 13 9 3 2 2 1 1 1 0 0 0 0 0
"142" 142 0.367713004484 191 47 43 40 39 27 26 25 20 14 11 9 3 2 1 1 1 0 0 0
"143" 143 0.0 375 55 41 12 9 6 1 1 0 0 0 0 0 0 0 0 0 0 0 0
"144" 144 0.0348837209302 207 123 55 41 15 11 11 9 7 7 5 4 1 1 1 1 1 0 0 0
"145" 145 0.192468619247 254 121 73 18 16 13 3 1 1 0 0 0 0 0 0 0 0 0 0 0
"146" 146 0.0 196 98 79 78 44 3 1 1 0 0 0 0 0 0 0 0 0 0 0 0
"147" 147 0.0860927152318 155 107 82 40 24 16 15 14 12 10 10 5 4 4 1 1 0 0 0 0
"148" 148 0.367713004484 100 77 68 52 47 38 36 19 18 17 14 7 3 2 1 1 0 0 0 0
"149" 149 0.0229885057471 133 124 55 50 32 22 19 14 14 12 10 7 3 2 1 1 1 0 0 0
"150" 150 0.226744186047 166 115 46 30 28 27 19 15 14 11 10 7 6 4 1 1 0 0 0 0
"151" 151 0.114427860697 155 113 93 43 24 19 18 9 8 6 5 3 1 1 1 1 0 0 0 0
"152" 152 0.433035714286 222 90 49 38 34 32 10 7 4 3 3 2 2 1 1 1 1 0 0 0
"153" 153 0.625 500 0 0 0 0 0 0 0 0 0 0 0 0 0 0 0 0 0 0 0
"154" 154 0.528497409326 350 53 33 16 10 10 9 6 5 4 2 1 1 0 0 0 0 0 0 0
"155" 155 0.244725738397 194 102 38 33 24 19 18 17 15 13 7 6 6 5 2 1 0 0 0 0
"156" 156 0.0 129 55 52 43 43 42 31 22 22 19 10 9 6 6 5 4 1 1 0 0
"157" 157 0.35864978903 144 78 71 64 50 36 18 17 5 3 3 3 2 2 1 1 1 1 0 0
"158" 158 0.0 343 58 37 24 16 12 7 2 1 0 0 0 0 0 0 0 0 0 0 0
"159" 159 0.290178571429 94 93 87 46 36 35 27 24 21 10 8 7 7 4 1 0 0 0 0 0
"160" 160 0.131386861314 160 90 83 47 36 24 24 16 6 6 4 3 1 0 0 0 0 0 0 0
"161" 161 0.254464285714 195 83 44 36 35 33 24 15 11 10 6 4 3 1 0 0 0 0 0 0
"162" 162 0.319796954315 210 112 42 34 25 17 17 15 7 6 5 4 4 1 1 0 0 0 0 0
"163" 163 0.943005181347 170 132 50 47 37 29 18 10 4 3 0 0 0 0 0 0 0 0 0 0
"164" 164 0.817307692308 258 62 61 35 30 18 18 6 4 3 3 1 1 0 0 0 0 0 0 0
"165" 165 0.326923076923 499 1 0 0 0 0 0 0 0 0 0 0 0 0 0 0 0 0 0 0
"166" 166 0.437810945274 166 88 87 41 29 27 15 13 13 6 5 4 2 2 1 1 0 0 0 0
"167" 167 0.321428571429 113 69 61 51 38 33 25 19 19 18 15 11 11 9 8 0 0 0 0 0
"168" 168 0.459302325581 119 96 73 42 34 34 21 20 13 10 8 8 8 6 5 2 1 0 0 0
"169" 169 0.28855721393 120 67 60 54 46 30 27 21 21 19 17 8 6 2 1 1 0 0 0 0
"170" 170 0.64598540146 135 82 59 51 41 27 23 14 12 12 11 11 11 5 3 3 0 0 0 0
"171" 171 0.0796019900498 256 73 65 17 12 12 12 12 11 11 7 5 2 2 2 1 0 0 0 0
"172" 172 0.582278481013 117 90 70 49 39 33 22 20 15 15 9 8 5 5 2 1 0 0 0 0
"173" 173 0.174129353234 168 114 51 49 37 19 12 9 8 7 6 5 4 3 3 2 2 1 0 0
"174" 174 0.276729559748 291 91 58 23 15 5 4 4 4 3 1 1 0 0 0 0 0 0 0 0
"175" 175 0.0 317 75 31 23 16 14 10 6 4 3 1 0 0 0 0 0 0 0 0 0
"176" 176 0.0 328 69 44 28 14 7 6 2 1 1 0 0 0 0 0 0 0 0 0 0
"177" 177 0.0 171 156 64 43 33 24 3 2 2 1 1 0 0 0 0 0 0 0 0 0
"178" 178 0.00581395348837 269 199 13 4 3 3 2 2 2 2 1 0 0 0 0 0 0 0 0 0
"179" 179 0.0 171 159 103 24 15 10 4 3 3 3 2 2 1 0 0 0 0 0 0 0
"180" 180 0.0777202072539 307 123 29 21 9 7 2 1 1 0 0 0 0 0 0 0 0 0 0 0
"181" 181 0.492537313433 171 78 56 55 48 23 20 18 13 6 6 5 1 0 0 0 0 0 0 0
"182" 182 0.664233576642 111 90 69 55 36 35 32 28 13 13 11 4 2 1 0 0 0 0 0 0
"183" 183 0.0597014925373 134 134 57 32 31 28 19 18 18 14 5 4 3 1 1 1 0 0 0 0
"184" 184 0.0871794871795 268 157 55 14 3 1 1 1 0 0 0 0 0 0 0 0 0 0 0 0
"185" 185 0.741071428571 238 174 64 8 7 4 2 1 1 1 0 0 0 0 0 0 0 0 0 0
"186" 186 0.201257861635 178 142 114 34 10 4 3 3 3 3 2 2 2 0 0 0 0 0 0 0
"187" 187 0.273722627737 218 103 37 32 26 23 18 16 8 6 3 3 3 2 2 0 0 0 0 0
"188" 188 0.817490494297 120 85 70 69 43 31 27 24 10 9 4 3 2 2 1 0 0 0 0 0
"189" 189 0.232558139535 279 64 52 19 19 16 11 10 8 6 4 3 2 2 2 2 1 0 0 0
"190" 190 0.424418604651 111 75 64 57 46 31 26 26 20 14 13 6 5 3 1 1 1 0 0 0
"191" 191 0.666666666667 228 84 62 54 21 18 13 8 6 6 0 0 0 0 0 0 0 0 0 0
"192" 192 0.440251572327 195 154 69 25 20 20 13 1 1 1 1 0 0 0 0 0 0 0 0 0
"193" 193 0.333333333333 119 113 79 60 37 31 22 18 9 5 3 2 1 1 0 0 0 0 0 0
"194" 194 0.375634517766 143 135 59 46 25 22 20 18 10 10 7 2 2 1 0 0 0 0 0 0
"195" 195 0.467889908257 186 96 83 62 21 14 10 9 7 6 3 2 1 0 0 0 0 0 0 0
"196" 196 0.556962025316 143 93 68 62 31 21 19 17 14 10 8 4 3 3 2 1 1 0 0 0
"197" 197 0.015503875969 440 34 24 1 1 0 0 0 0 0 0 0 0 0 0 0 0 0 0 0
"198" 198 0.518987341772 129 105 48 40 34 28 26 24 19 19 13 9 4 2 0 0 0 0 0 0
"199" 199 0.696202531646 173 101 58 52 21 16 16 14 13 13 13 5 4 1 0 0 0 0 0 0
"200" 200 0.274261603376 123 113 75 50 26 23 19 15 15 10 9 8 4 3 3 3 1 0 0 0
"201" 201 0.620253164557 178 103 74 70 45 11 7 5 3 1 1 1 1 0 0 0 0 0 0 0
"202" 202 0.0456852791878 329 57 50 25 13 8 7 6 3 1 1 0 0 0 0 0 0 0 0 0
"203" 203 0.379464285714 130 101 94 33 25 23 18 16 15 14 9 8 7 6 1 0 0 0 0 0
"204" 204 0.367816091954 170 69 57 56 37 37 19 13 13 11 9 5 2 1 1 0 0 0 0 0
"205" 205 0.0964467005076 103 72 69 65 63 35 30 17 12 10 5 5 4 3 3 2 2 0 0 0
"206" 206 0.464135021097 105 88 76 67 46 35 33 17 9 9 6 6 2 1 0 0 0 0 0 0
"207" 207 0.0817610062893 162 89 65 37 32 29 25 18 16 7 5 4 4 3 3 1 0 0 0 0
"208" 208 0.528846153846 159 110 53 49 40 27 21 15 9 8 4 2 1 1 1 0 0 0 0 0
"209" 209 0.580310880829 132 85 82 73 32 24 16 13 12 9 8 5 5 2 1 1 0 0 0 0
"210" 210 0.134328358209 142 113 93 34 20 15 14 9 9 9 9 8 8 8 6 2 1 0 0 0
"211" 211 0.653846153846 478 22 0 0 0 0 0 0 0 0 0 0 0 0 0 0 0 0 0 0
"212" 212 0.051724137931 181 144 57 33 17 15 13 13 11 4 3 3 3 1 1 1 0 0 0 0
"213" 213 0.549222797927 185 101 74 26 24 21 20 16 8 6 4 4 3 2 2 2 1 1 0 0
"214" 214 0.199004975124 151 78 51 39 34 30 20 19 19 14 11 10 8 8 4 2 1 1 0 0
"215" 215 0.453488372093 82 74 61 61 59 39 33 24 23 13 12 6 5 4 2 2 0 0 0 0
"216" 216 0.284768211921 164 96 40 39 31 29 22 16 16 12 10 8 5 5 4 2 1 0 0 0
"217" 217 0.818565400844 142 131 86 56 24 22 10 8 6 6 4 2 1 1 1 0 0 0 0 0
"218" 218 0.731343283582 70 55 44 44 39 37 34 32 30 30 23 20 18 13 6 2 2 1 0 0
"219" 219 0.708609271523 150 88 81 44 25 21 16 14 12 10 10 9 9 4 4 2 1 0 0 0
"220" 220 0.632183908046 90 83 79 53 48 41 38 18 12 10 5 5 4 4 3 3 2 2 0 0
"221" 221 0.781725888325 162 91 86 56 24 19 15 13 12 9 6 3 2 1 1 0 0 0 0 0
"222" 222 0.291390728477 125 101 75 40 39 26 24 24 12 11 8 5 4 3 1 1 1 0 0 0
"223" 223 0.235632183908 88 82 80 60 28 25 23 19 19 18 16 14 13 8 4 2 1 0 0 0
"224" 224 0.504464285714 214 68 53 40 23 17 16 14 13 12 8 8 6 3 2 1 1 1 0 0
"225" 225 0.580310880829 160 72 71 43 40 16 15 15 14 14 9 8 7 6 4 3 3 0 0 0
"226" 226 0.666666666667 271 203 17 3 2 2 1 1 0 0 0 0 0 0 0 0 0 0 0 0
"227" 227 0.823899371069 215 157 49 24 22 16 7 4 3 1 1 1 0 0 0 0 0 0 0 0
"228" 228 0.85201793722 126 99 70 50 39 35 19 17 14 11 9 4 3 2 1 1 0 0 0 0
"229" 229 0.875912408759 111 90 65 50 45 42 32 30 10 8 7 7 1 1 1 0 0 0 0 0
"230" 230 0.755813953488 137 88 71 54 40 30 21 18 12 7 7 6 4 2 2 1 0 0 0 0
"231" 231 0.744186046512 134 83 62 57 46 38 26 24 8 6 5 4 3 2 2 0 0 0 0 0
"232" 232 0.759615384615 253 89 86 19 18 12 8 8 4 2 1 0 0 0 0 0 0 0 0 0
"233" 233 0.701149425287 116 88 63 38 36 34 33 23 15 12 9 9 7 7 5 3 1 1 0 0
"234" 234 0.835443037975 157 73 70 67 39 38 29 7 4 4 3 3 3 1 1 1 0 0 0 0
"235" 235 0.258620689655 181 78 44 30 28 27 20 18 17 16 10 7 6 6 4 3 3 1 1 0
"236" 236 0.611607142857 124 100 70 45 42 27 26 25 9 8 8 7 5 3 1 0 0 0 0 0
"237" 237 0.383720930233 104 78 74 47 39 36 35 32 14 13 11 9 2 2 2 1 1 0 0 0
"238" 238 0.656976744186 101 86 80 72 32 30 26 25 20 9 7 5 2 2 2 1 0 0 0 0
"239" 239 0.696428571429 158 91 82 54 31 27 13 11 11 7 7 6 1 1 0 0 0 0 0 0
"240" 240 0.259067357513 156 77 72 38 34 23 20 17 15 12 11 7 6 5 3 2 2 0 0 0
"241" 241 0.398009950249 172 92 72 47 42 26 13 11 11 6 3 2 1 1 1 0 0 0 0 0
"242" 242 0.333333333333 194 80 65 44 28 24 22 20 12 6 2 1 1 1 0 0 0 0 0 0
"243" 243 0.317829457364 140 110 72 44 25 20 18 17 14 14 8 8 6 2 1 1 0 0 0 0
"244" 244 0.303797468354 99 89 70 47 39 31 28 24 16 15 10 8 7 5 5 4 2 1 0 0
"245" 245 0.298507462687 242 96 39 36 28 18 14 13 9 2 2 1 0 0 0 0 0 0 0 0
"246" 246 0.518987341772 275 73 64 22 17 16 10 6 5 4 3 2 1 1 1 0 0 0 0 0
"247" 247 0.651785714286 157 71 55 45 37 32 28 24 14 8 8 6 6 4 3 2 0 0 0 0
"248" 248 0.51269035533 160 130 49 39 31 24 16 9 9 8 7 6 5 3 2 2 0 0 0 0
"249" 249 0.5 450 50 0 0 0 0 0 0 0 0 0 0 0 0 0 0 0 0 0 0
"250" 250 0.660583941606 137 96 82 53 48 20 19 17 16 7 2 1 1 1 0 0 0 0 0 0
"251" 251 0.664974619289 372 38 17 12 12 12 11 10 7 4 2 2 1 0 0 0 0 0 0 0
