"site" "RSA" "aa1" "aa2" "aa3" "aa4" "aa5" "aa6" "aa7" "aa8" "aa9" "aa10" "aa11" "aa12" "aa13" "aa14" "aa15" "aa16" "aa17" "aa18" "aa19" "aa20"
"0" 0 0.740384615385 475 6 5 3 2 2 2 1 1 1 1 1 0 0 0 0 0 0 0 0
"1" 1 0.424870466321 297 64 30 20 17 14 13 12 8 6 5 5 4 4 1 0 0 0 0 0
"2" 2 0.124031007752 130 70 69 55 44 32 29 17 15 8 8 6 5 4 3 2 1 1 1 0
"3" 3 0.441964285714 98 82 80 75 62 45 15 14 9 8 6 2 2 1 1 0 0 0 0 0
"4" 4 0.209302325581 126 119 87 40 35 30 14 12 9 7 6 3 3 3 2 2 2 0 0 0
"5" 5 0.0 497 3 0 0 0 0 0 0 0 0 0 0 0 0 0 0 0 0 0 0
"6" 6 0.341772151899 251 104 54 21 16 15 11 9 6 5 4 2 1 1 0 0 0 0 0 0
"7" 7 0.573839662447 119 111 75 42 41 29 26 20 12 12 5 3 2 2 1 0 0 0 0 0
"8" 8 0.0964467005076 182 123 47 32 24 17 17 13 9 9 8 7 4 3 3 1 1 0 0 0
"9" 9 0.0543933054393 255 112 62 41 9 5 4 3 2 2 2 1 1 1 0 0 0 0 0 0
"10" 10 0.574712643678 153 92 77 46 37 25 22 20 9 6 5 4 2 2 0 0 0 0 0 0
"11" 11 0.659192825112 186 78 57 55 49 20 16 12 6 5 4 4 3 2 2 1 0 0 0 0
"12" 12 0.240506329114 140 67 63 39 32 30 28 23 22 21 10 9 6 5 3 2 0 0 0 0
"13" 13 0.139240506329 154 74 62 54 33 31 23 22 11 10 6 4 4 3 3 2 2 2 0 0
"14" 14 0.217054263566 161 76 76 57 35 26 23 13 10 6 4 4 3 3 2 1 0 0 0 0
"15" 15 0.677130044843 120 76 55 52 41 39 29 24 23 12 8 8 7 3 2 1 0 0 0 0
"16" 16 0.215189873418 187 55 51 41 33 23 21 20 17 15 12 10 5 5 2 2 1 0 0 0
"17" 17 0.124401913876 140 77 56 46 45 32 27 18 15 11 9 8 4 4 3 3 1 1 0 0
"18" 18 0.0639534883721 127 79 53 43 32 29 26 25 21 18 14 10 7 6 5 3 2 0 0 0
"19" 19 0.0344827586207 95 69 65 51 51 36 32 22 19 17 12 7 6 6 4 4 3 1 0 0
"20" 20 0.4375 71 69 68 51 48 42 40 28 26 25 9 7 6 4 3 2 1 0 0 0
"21" 21 0.590717299578 195 79 59 33 32 18 17 15 12 10 9 7 6 4 2 2 0 0 0 0
"22" 22 0.740384615385 429 65 4 2 0 0 0 0 0 0 0 0 0 0 0 0 0 0 0 0
"23" 23 0.115384615385 353 76 52 5 3 3 2 2 1 1 1 1 0 0 0 0 0 0 0 0
"24" 24 0.662447257384 138 83 72 72 33 23 18 16 15 12 10 2 2 2 1 1 0 0 0 0
"25" 25 0.33971291866 235 47 34 32 30 26 20 19 18 16 7 5 3 3 2 1 1 1 0 0
"26" 26 0.481012658228 295 76 45 27 24 10 7 6 6 3 1 0 0 0 0 0 0 0 0 0
"27" 27 0.633720930233 103 75 73 64 55 48 26 12 11 9 6 6 5 3 2 1 1 0 0 0
"28" 28 0.0673076923077 270 39 29 23 23 18 17 14 13 11 10 10 9 9 3 1 1 0 0 0
"29" 29 0.0817610062893 223 111 51 42 41 11 6 4 4 4 1 1 1 0 0 0 0 0 0 0
"30" 30 0.0820512820513 118 61 48 47 43 34 30 23 23 21 17 8 6 6 6 5 2 1 1 0
"31" 31 0.109452736318 163 91 69 48 32 20 17 16 11 9 6 4 4 3 3 2 2 0 0 0
"32" 32 0.294326241135 199 78 57 38 35 17 14 13 12 8 6 6 5 5 3 3 1 0 0 0
"33" 33 0.25 424 67 2 2 2 2 1 0 0 0 0 0 0 0 0 0 0 0 0 0
"34" 34 0.0497512437811 120 79 68 47 46 42 25 18 15 11 6 6 6 5 3 2 1 0 0 0
"35" 35 0.188284518828 311 41 38 25 22 17 11 9 6 6 4 4 3 2 1 0 0 0 0 0
"36" 36 0.586538461538 455 44 1 0 0 0 0 0 0 0 0 0 0 0 0 0 0 0 0 0
"37" 37 0.153284671533 97 87 67 51 50 42 41 16 14 12 6 4 3 3 3 3 1 0 0 0
"38" 38 0.438818565401 75 69 53 43 38 37 35 32 27 22 19 12 10 10 10 3 3 1 1 0
"39" 39 0.0116279069767 121 50 48 44 43 41 29 24 22 18 15 12 12 8 5 3 2 2 1 0
"40" 40 0.125 482 9 4 3 1 1 0 0 0 0 0 0 0 0 0 0 0 0 0 0
"41" 41 0.470852017937 156 101 84 55 42 34 12 3 3 3 2 2 1 1 1 0 0 0 0 0
"42" 42 0.046511627907 118 110 35 35 30 29 28 22 21 20 15 12 11 6 3 2 2 1 0 0
"43" 43 0.666666666667 329 90 70 10 1 0 0 0 0 0 0 0 0 0 0 0 0 0 0 0
"44" 44 0.721153846154 451 49 0 0 0 0 0 0 0 0 0 0 0 0 0 0 0 0 0 0
"45" 45 0.150627615063 159 157 78 36 25 13 6 5 4 4 4 3 2 2 1 1 0 0 0 0
"46" 46 0.622516556291 442 31 9 6 4 2 2 2 1 1 0 0 0 0 0 0 0 0 0 0
"47" 47 0.110266159696 376 35 25 17 15 12 9 5 1 1 1 1 1 1 0 0 0 0 0 0
"48" 48 0.174418604651 270 88 42 23 16 16 12 9 5 4 3 3 3 2 2 1 1 0 0 0
"49" 49 0.544041450777 132 119 68 49 39 36 32 7 7 6 3 1 1 0 0 0 0 0 0 0
"50" 50 0.22480620155 132 112 37 36 29 27 26 23 15 15 12 9 9 8 5 3 2 0 0 0
"51" 51 0.102564102564 131 91 89 44 39 36 12 11 11 9 9 7 3 3 2 2 1 0 0 0
"52" 52 0.371308016878 220 73 63 48 23 22 21 7 5 4 3 2 2 2 2 1 1 1 0 0
"53" 53 0.635897435897 96 89 73 61 51 39 23 22 11 10 9 7 3 2 2 1 1 0 0 0
"54" 54 0.333333333333 69 64 57 54 36 35 31 28 27 20 19 15 13 9 9 7 6 1 0 0
"55" 55 0.365384615385 490 7 1 1 1 0 0 0 0 0 0 0 0 0 0 0 0 0 0 0
"56" 56 0.224137931034 66 61 53 50 43 42 37 31 30 22 19 16 10 6 6 5 3 0 0 0
"57" 57 0.446700507614 98 75 73 64 39 32 29 20 14 14 12 12 9 7 1 1 0 0 0 0
"58" 58 0.0390070921986 107 91 53 48 33 27 27 24 17 16 14 13 12 5 4 4 2 2 1 0
"59" 59 0.291390728477 223 83 69 35 27 20 16 10 7 7 1 1 1 0 0 0 0 0 0 0
"60" 60 0.410714285714 197 74 57 37 30 20 20 17 16 15 5 4 3 2 2 1 0 0 0 0
"61" 61 0.665178571429 146 82 76 42 38 34 29 23 11 11 6 1 1 0 0 0 0 0 0 0
"62" 62 0.093023255814 80 70 56 55 47 44 28 25 25 20 15 11 10 9 4 1 0 0 0 0
"63" 63 0.0298507462687 200 76 39 34 32 31 26 20 12 8 6 5 5 2 2 1 1 0 0 0
"64" 64 0.155963302752 106 102 77 71 49 28 15 13 11 9 7 5 2 2 1 1 1 0 0 0
"65" 65 0.508928571429 160 101 64 49 28 25 23 15 8 6 5 5 4 3 2 1 1 0 0 0
"66" 66 0.0608365019011 166 83 76 54 40 32 23 15 4 3 2 1 1 0 0 0 0 0 0 0
"67" 67 0.0746268656716 190 84 80 62 34 20 13 6 3 3 1 1 1 1 1 0 0 0 0 0
"68" 68 0.34375 191 134 42 36 33 20 14 9 5 4 3 3 2 2 1 1 0 0 0 0
"69" 69 0.287179487179 410 27 15 12 9 7 7 4 4 2 2 1 0 0 0 0 0 0 0 0
"70" 70 0.0 86 63 62 58 44 43 43 24 19 18 14 12 5 4 3 2 0 0 0 0
"71" 71 0.632911392405 129 115 53 44 29 25 23 21 16 16 12 7 4 3 1 1 1 0 0 0
"72" 72 0.666666666667 276 58 43 33 30 28 13 7 7 4 1 0 0 0 0 0 0 0 0 0
"73" 73 0.06463878327 150 114 53 46 39 31 27 15 8 4 3 3 3 2 1 1 0 0 0 0
"74" 74 0.010152284264 160 117 61 37 21 18 17 11 10 9 9 7 6 5 5 5 2 0 0 0
"75" 75 0.591194968553 215 167 43 27 25 9 6 4 3 1 0 0 0 0 0 0 0 0 0 0
"76" 76 0.596153846154 496 4 0 0 0 0 0 0 0 0 0 0 0 0 0 0 0 0 0 0
"77" 77 0.0813953488372 253 59 50 38 31 24 17 7 6 5 4 3 1 1 1 0 0 0 0 0
"78" 78 0.46835443038 150 120 60 52 43 25 23 8 7 4 3 3 2 0 0 0 0 0 0 0
"79" 79 0.220183486239 180 48 44 43 36 33 21 19 17 16 12 10 10 9 2 0 0 0 0 0
"80" 80 0.756345177665 337 39 33 21 15 14 11 10 8 6 3 2 1 0 0 0 0 0 0 0
"81" 81 0.259414225941 133 115 48 45 33 32 23 16 13 9 8 7 7 4 3 2 1 1 0 0
"82" 82 0.666666666667 121 121 95 39 37 30 28 7 6 5 4 2 2 1 1 1 0 0 0 0
"83" 83 0.163461538462 500 0 0 0 0 0 0 0 0 0 0 0 0 0 0 0 0 0 0 0
"84" 84 0.010152284264 247 66 44 39 23 23 12 11 11 8 8 6 1 1 0 0 0 0 0 0
"85" 85 0.700421940928 140 107 52 47 40 39 22 18 11 7 7 6 2 1 1 0 0 0 0 0
"86" 86 0.556962025316 207 72 57 36 25 20 20 15 13 12 7 6 4 3 2 1 0 0 0 0
"87" 87 0.552742616034 290 85 26 23 19 16 15 13 4 3 2 2 1 1 0 0 0 0 0 0
"88" 88 0.403973509934 142 130 91 33 32 27 17 13 4 4 4 2 1 0 0 0 0 0 0 0
"89" 89 0.183035714286 264 91 47 37 24 11 8 6 4 2 2 2 1 1 0 0 0 0 0 0
"90" 90 0.113138686131 193 122 86 61 13 11 7 3 2 2 0 0 0 0 0 0 0 0 0 0
"91" 91 0.352678571429 301 74 51 18 13 12 12 8 4 4 2 1 0 0 0 0 0 0 0 0
"92" 92 0.165803108808 156 90 70 69 45 32 16 10 7 3 1 1 0 0 0 0 0 0 0 0
"93" 93 0.00497512437811 256 55 49 31 23 19 15 13 11 8 7 4 4 2 2 1 0 0 0 0
"94" 94 0.0203045685279 297 53 35 17 15 13 12 11 11 11 8 7 3 2 2 1 1 1 0 0
"95" 95 0.278481012658 160 98 82 79 23 21 21 9 3 2 2 0 0 0 0 0 0 0 0 0
"96" 96 0.110266159696 245 112 74 35 27 3 2 2 0 0 0 0 0 0 0 0 0 0 0 0
"97" 97 0.044776119403 196 80 52 29 29 28 26 20 12 9 8 5 3 1 1 1 0 0 0 0
"98" 98 0.354430379747 221 84 70 43 20 11 10 10 9 8 4 3 3 2 1 1 0 0 0 0
"99" 99 0.448430493274 110 97 69 55 34 31 19 16 12 12 11 11 8 6 4 3 2 0 0 0
"100" 100 0.131782945736 203 107 41 26 26 22 17 14 10 9 7 7 3 3 3 1 1 0 0 0
"101" 101 0.0 201 131 62 28 17 12 8 8 8 7 5 4 3 2 1 1 1 1 0 0
"102" 102 0.46357615894 97 91 89 67 52 51 16 12 11 5 4 3 1 1 0 0 0 0 0 0
"103" 103 0.801324503311 161 90 75 48 37 33 21 14 10 7 4 0 0 0 0 0 0 0 0 0
