"site" "RSA" "aa1" "aa2" "aa3" "aa4" "aa5" "aa6" "aa7" "aa8" "aa9" "aa10" "aa11" "aa12" "aa13" "aa14" "aa15" "aa16" "aa17" "aa18" "aa19" "aa20"
"0" 0 0.816513761468 113 110 87 41 38 30 24 16 16 13 7 3 1 1 0 0 0 0 0 0
"1" 1 0.384105960265 282 49 45 44 43 15 13 9 0 0 0 0 0 0 0 0 0 0 0 0
"2" 2 0.312820512821 161 135 63 51 33 30 11 4 4 3 3 1 1 0 0 0 0 0 0 0
"3" 3 0.0 420 70 10 0 0 0 0 0 0 0 0 0 0 0 0 0 0 0 0 0
"4" 4 0.121338912134 265 209 26 0 0 0 0 0 0 0 0 0 0 0 0 0 0 0 0 0
"5" 5 0.0 195 133 64 32 31 23 12 3 3 2 1 1 0 0 0 0 0 0 0 0
"6" 6 0.238341968912 171 127 92 53 28 12 5 5 5 2 0 0 0 0 0 0 0 0 0 0
"7" 7 0.0152284263959 473 9 8 4 3 1 1 1 0 0 0 0 0 0 0 0 0 0 0 0
"8" 8 0.0988372093023 217 195 56 17 5 4 3 2 1 0 0 0 0 0 0 0 0 0 0 0
"9" 9 0.320675105485 160 115 71 62 30 26 20 12 3 1 0 0 0 0 0 0 0 0 0 0
"10" 10 0.589743589744 253 132 48 32 14 9 9 2 1 0 0 0 0 0 0 0 0 0 0 0
"11" 11 0.576923076923 500 0 0 0 0 0 0 0 0 0 0 0 0 0 0 0 0 0 0 0
"12" 12 0.434108527132 163 97 92 81 45 7 6 5 4 0 0 0 0 0 0 0 0 0 0 0
"13" 13 0.74213836478 316 77 50 28 11 9 4 3 2 0 0 0 0 0 0 0 0 0 0 0
"14" 14 0.278606965174 447 23 10 9 3 3 2 1 1 1 0 0 0 0 0 0 0 0 0 0
"15" 15 0.269230769231 500 0 0 0 0 0 0 0 0 0 0 0 0 0 0 0 0 0 0 0
"16" 16 0.290697674419 147 133 111 55 43 9 1 1 0 0 0 0 0 0 0 0 0 0 0 0
"17" 17 0.0 295 99 60 33 8 5 0 0 0 0 0 0 0 0 0 0 0 0 0 0
"18" 18 0.354430379747 300 146 26 22 6 0 0 0 0 0 0 0 0 0 0 0 0 0 0 0
"19" 19 0.0 220 204 42 17 14 1 1 1 0 0 0 0 0 0 0 0 0 0 0 0
"20" 20 0.354430379747 261 157 57 16 5 3 1 0 0 0 0 0 0 0 0 0 0 0 0 0
"21" 21 0.0696517412935 495 5 0 0 0 0 0 0 0 0 0 0 0 0 0 0 0 0 0 0
"22" 22 0.196652719665 203 172 123 2 0 0 0 0 0 0 0 0 0 0 0 0 0 0 0 0
"23" 23 0.0984455958549 268 89 64 27 20 10 8 7 4 2 1 0 0 0 0 0 0 0 0 0
"24" 24 0.875647668394 196 143 45 28 26 17 16 10 8 7 3 1 0 0 0 0 0 0 0 0
"25" 25 0.183908045977 242 159 41 24 11 10 5 3 2 2 1 0 0 0 0 0 0 0 0 0
"26" 26 0.0 493 3 3 1 0 0 0 0 0 0 0 0 0 0 0 0 0 0 0 0
"27" 27 0.396226415094 198 134 69 38 23 22 7 5 2 1 1 0 0 0 0 0 0 0 0 0
"28" 28 0.573839662447 280 91 85 18 10 5 4 2 2 1 1 1 0 0 0 0 0 0 0 0
"29" 29 0.0 281 100 47 21 17 10 5 4 4 4 4 2 1 0 0 0 0 0 0 0
"30" 30 0.0 498 2 0 0 0 0 0 0 0 0 0 0 0 0 0 0 0 0 0 0
"31" 31 0.279069767442 240 185 41 27 6 1 0 0 0 0 0 0 0 0 0 0 0 0 0 0
"32" 32 0.0 256 176 44 16 4 2 1 1 0 0 0 0 0 0 0 0 0 0 0 0
"33" 33 0.0 413 34 31 18 4 0 0 0 0 0 0 0 0 0 0 0 0 0 0 0
"34" 34 0.0912408759124 442 29 19 4 3 2 1 0 0 0 0 0 0 0 0 0 0 0 0 0
"35" 35 0.031007751938 232 114 79 32 10 9 8 7 5 3 1 0 0 0 0 0 0 0 0 0
"36" 36 0.00497512437811 499 1 0 0 0 0 0 0 0 0 0 0 0 0 0 0 0 0 0 0
"37" 37 0.0126582278481 373 110 11 3 2 1 0 0 0 0 0 0 0 0 0 0 0 0 0 0
"38" 38 0.302325581395 218 121 82 36 23 14 3 2 1 0 0 0 0 0 0 0 0 0 0 0
"39" 39 0.278846153846 500 0 0 0 0 0 0 0 0 0 0 0 0 0 0 0 0 0 0 0
"40" 40 0.589285714286 274 96 63 54 12 1 0 0 0 0 0 0 0 0 0 0 0 0 0 0
"41" 41 0.485232067511 411 37 32 9 5 3 2 1 0 0 0 0 0 0 0 0 0 0 0 0
"42" 42 0.701923076923 500 0 0 0 0 0 0 0 0 0 0 0 0 0 0 0 0 0 0 0
"43" 43 0.238493723849 495 4 1 0 0 0 0 0 0 0 0 0 0 0 0 0 0 0 0 0
"44" 44 0.105769230769 500 0 0 0 0 0 0 0 0 0 0 0 0 0 0 0 0 0 0 0
"45" 45 0.0 410 76 8 4 2 0 0 0 0 0 0 0 0 0 0 0 0 0 0 0
"46" 46 0.511627906977 280 114 62 24 15 5 0 0 0 0 0 0 0 0 0 0 0 0 0 0
"47" 47 0.336538461538 500 0 0 0 0 0 0 0 0 0 0 0 0 0 0 0 0 0 0 0
"48" 48 0.046357615894 369 114 17 0 0 0 0 0 0 0 0 0 0 0 0 0 0 0 0 0
"49" 49 0.191387559809 187 142 37 35 33 25 12 12 9 6 2 0 0 0 0 0 0 0 0 0
"50" 50 0.0 356 131 7 4 1 1 0 0 0 0 0 0 0 0 0 0 0 0 0 0
"51" 51 0.11961722488 272 163 65 0 0 0 0 0 0 0 0 0 0 0 0 0 0 0 0 0
"52" 52 0.361313868613 400 78 9 6 3 2 1 1 0 0 0 0 0 0 0 0 0 0 0 0
"53" 53 0.00574712643678 413 85 2 0 0 0 0 0 0 0 0 0 0 0 0 0 0 0 0 0
"54" 54 0.121827411168 321 101 71 2 2 2 1 0 0 0 0 0 0 0 0 0 0 0 0 0
"55" 55 0.301886792453 500 0 0 0 0 0 0 0 0 0 0 0 0 0 0 0 0 0 0 0
"56" 56 0.663212435233 367 133 0 0 0 0 0 0 0 0 0 0 0 0 0 0 0 0 0 0
"57" 57 0.192468619247 329 78 65 21 3 2 1 1 0 0 0 0 0 0 0 0 0 0 0 0
"58" 58 0.0137614678899 339 116 29 14 1 1 0 0 0 0 0 0 0 0 0 0 0 0 0 0
"59" 59 0.0 413 40 31 11 3 1 1 0 0 0 0 0 0 0 0 0 0 0 0 0
"60" 60 0.139013452915 292 50 44 38 23 23 18 11 1 0 0 0 0 0 0 0 0 0 0 0
"61" 61 0.0 485 14 1 0 0 0 0 0 0 0 0 0 0 0 0 0 0 0 0 0
"62" 62 0.0 500 0 0 0 0 0 0 0 0 0 0 0 0 0 0 0 0 0 0 0
"63" 63 0.0103626943005 500 0 0 0 0 0 0 0 0 0 0 0 0 0 0 0 0 0 0 0
"64" 64 0.188284518828 448 52 0 0 0 0 0 0 0 0 0 0 0 0 0 0 0 0 0 0
"65" 65 0.488372093023 292 199 8 1 0 0 0 0 0 0 0 0 0 0 0 0 0 0 0 0
"66" 66 0.364341085271 260 90 82 49 8 5 4 2 0 0 0 0 0 0 0 0 0 0 0 0
"67" 67 0.201923076923 198 167 91 42 1 1 0 0 0 0 0 0 0 0 0 0 0 0 0 0
"68" 68 0.502564102564 412 53 17 4 3 3 2 2 2 1 1 0 0 0 0 0 0 0 0 0
"69" 69 0.298076923077 500 0 0 0 0 0 0 0 0 0 0 0 0 0 0 0 0 0 0 0
"70" 70 0.651162790698 144 137 106 48 29 16 8 4 3 2 2 1 0 0 0 0 0 0 0 0
"71" 71 0.173076923077 500 0 0 0 0 0 0 0 0 0 0 0 0 0 0 0 0 0 0 0
"72" 72 0.182692307692 500 0 0 0 0 0 0 0 0 0 0 0 0 0 0 0 0 0 0 0
"73" 73 0.35864978903 271 182 27 12 6 1 1 0 0 0 0 0 0 0 0 0 0 0 0 0
"74" 74 0.0198675496689 500 0 0 0 0 0 0 0 0 0 0 0 0 0 0 0 0 0 0 0
"75" 75 0.203045685279 381 66 48 3 2 0 0 0 0 0 0 0 0 0 0 0 0 0 0 0
"76" 76 0.406844106464 169 149 49 44 41 14 11 8 6 4 3 2 0 0 0 0 0 0 0 0
"77" 77 0.355769230769 500 0 0 0 0 0 0 0 0 0 0 0 0 0 0 0 0 0 0 0
"78" 78 0.573643410853 173 147 77 43 36 15 6 1 1 1 0 0 0 0 0 0 0 0 0 0
"79" 79 0.514767932489 356 48 34 18 16 15 5 4 4 0 0 0 0 0 0 0 0 0 0 0
"80" 80 0.100418410042 283 80 43 42 34 6 3 3 2 2 2 0 0 0 0 0 0 0 0 0
"81" 81 0.449612403101 252 122 45 41 16 13 6 2 1 1 1 0 0 0 0 0 0 0 0 0
"82" 82 0.124352331606 271 138 58 24 8 1 0 0 0 0 0 0 0 0 0 0 0 0 0 0
"83" 83 0.236607142857 304 123 39 16 6 5 4 3 0 0 0 0 0 0 0 0 0 0 0 0
"84" 84 0.235897435897 341 107 37 12 2 1 0 0 0 0 0 0 0 0 0 0 0 0 0 0
"85" 85 0.334728033473 316 164 16 4 0 0 0 0 0 0 0 0 0 0 0 0 0 0 0 0
"86" 86 0.587443946188 312 53 35 24 24 17 11 8 6 5 3 1 1 0 0 0 0 0 0 0
"87" 87 0.218905472637 447 41 8 3 1 0 0 0 0 0 0 0 0 0 0 0 0 0 0 0
"88" 88 0.552742616034 297 115 71 5 5 2 2 1 1 1 0 0 0 0 0 0 0 0 0 0
"89" 89 0.0 500 0 0 0 0 0 0 0 0 0 0 0 0 0 0 0 0 0 0 0
"90" 90 0.420512820513 489 11 0 0 0 0 0 0 0 0 0 0 0 0 0 0 0 0 0 0
"91" 91 0.324894514768 242 120 75 48 11 3 1 0 0 0 0 0 0 0 0 0 0 0 0 0
"92" 92 0.37106918239 325 67 58 45 3 2 0 0 0 0 0 0 0 0 0 0 0 0 0 0
"93" 93 0.0192307692308 500 0 0 0 0 0 0 0 0 0 0 0 0 0 0 0 0 0 0 0
"94" 94 0.0199004975124 498 1 1 0 0 0 0 0 0 0 0 0 0 0 0 0 0 0 0 0
"95" 95 0.0 250 229 5 4 4 4 2 1 1 0 0 0 0 0 0 0 0 0 0 0
"96" 96 0.0 496 2 2 0 0 0 0 0 0 0 0 0 0 0 0 0 0 0 0 0
"97" 97 0.0 253 143 87 13 2 1 1 0 0 0 0 0 0 0 0 0 0 0 0 0
"98" 98 0.062015503876 389 43 23 17 15 10 2 1 0 0 0 0 0 0 0 0 0 0 0 0
"99" 99 0.225641025641 484 13 3 0 0 0 0 0 0 0 0 0 0 0 0 0 0 0 0 0
"100" 100 0.635658914729 323 91 30 17 17 9 6 4 2 1 0 0 0 0 0 0 0 0 0 0
"101" 101 0.240384615385 499 1 0 0 0 0 0 0 0 0 0 0 0 0 0 0 0 0 0 0
"102" 102 0.654088050314 369 121 7 2 1 0 0 0 0 0 0 0 0 0 0 0 0 0 0 0
"103" 103 0.476923076923 500 0 0 0 0 0 0 0 0 0 0 0 0 0 0 0 0 0 0 0
"104" 104 0.156976744186 399 54 34 5 2 2 2 2 0 0 0 0 0 0 0 0 0 0 0 0
"105" 105 0.0 226 113 73 53 12 9 8 3 2 1 0 0 0 0 0 0 0 0 0 0
"106" 106 0.0961538461538 345 84 41 28 2 0 0 0 0 0 0 0 0 0 0 0 0 0 0 0
"107" 107 0.00662251655629 500 0 0 0 0 0 0 0 0 0 0 0 0 0 0 0 0 0 0 0
"108" 108 0.103139013453 170 76 75 42 33 22 22 17 17 17 5 4 0 0 0 0 0 0 0 0
"109" 109 0.0 412 64 23 1 0 0 0 0 0 0 0 0 0 0 0 0 0 0 0 0
"110" 110 0.0209205020921 320 152 23 4 1 0 0 0 0 0 0 0 0 0 0 0 0 0 0 0
"111" 111 0.0 349 58 54 18 8 8 3 1 1 0 0 0 0 0 0 0 0 0 0 0
"112" 112 0.0 465 26 5 3 1 0 0 0 0 0 0 0 0 0 0 0 0 0 0 0
"113" 113 0.0988372093023 425 70 4 1 0 0 0 0 0 0 0 0 0 0 0 0 0 0 0 0
"114" 114 0.252873563218 320 156 14 5 5 0 0 0 0 0 0 0 0 0 0 0 0 0 0 0
"115" 115 0.390804597701 395 90 9 4 2 0 0 0 0 0 0 0 0 0 0 0 0 0 0 0
"116" 116 0.0 445 16 14 9 6 5 3 1 1 0 0 0 0 0 0 0 0 0 0 0
"117" 117 0.403973509934 359 55 42 29 12 3 0 0 0 0 0 0 0 0 0 0 0 0 0 0
"118" 118 0.535460992908 209 103 93 50 38 3 2 1 1 0 0 0 0 0 0 0 0 0 0 0
"119" 119 0.089552238806 322 129 24 13 11 1 0 0 0 0 0 0 0 0 0 0 0 0 0 0
"120" 120 0.238341968912 483 9 5 3 0 0 0 0 0 0 0 0 0 0 0 0 0 0 0 0
"121" 121 0.413461538462 500 0 0 0 0 0 0 0 0 0 0 0 0 0 0 0 0 0 0 0
"122" 122 0.540084388186 356 69 61 6 5 2 1 0 0 0 0 0 0 0 0 0 0 0 0 0
"123" 123 0.157894736842 500 0 0 0 0 0 0 0 0 0 0 0 0 0 0 0 0 0 0 0
"124" 124 0.0 350 99 44 7 0 0 0 0 0 0 0 0 0 0 0 0 0 0 0 0
"125" 125 0.0172413793103 331 166 2 1 0 0 0 0 0 0 0 0 0 0 0 0 0 0 0 0
"126" 126 0.0 464 30 4 1 1 0 0 0 0 0 0 0 0 0 0 0 0 0 0 0
"127" 127 0.0 500 0 0 0 0 0 0 0 0 0 0 0 0 0 0 0 0 0 0 0
"128" 128 0.205357142857 163 141 82 74 21 19 0 0 0 0 0 0 0 0 0 0 0 0 0 0
"129" 129 0.0862068965517 152 149 106 85 4 2 2 0 0 0 0 0 0 0 0 0 0 0 0 0
"130" 130 0.380710659898 236 128 94 22 16 4 0 0 0 0 0 0 0 0 0 0 0 0 0 0
"131" 131 0.481865284974 159 136 76 40 38 23 19 7 1 1 0 0 0 0 0 0 0 0 0 0
"132" 132 0.0288461538462 500 0 0 0 0 0 0 0 0 0 0 0 0 0 0 0 0 0 0 0
"133" 133 0.238532110092 158 134 84 42 23 19 12 10 8 5 4 1 0 0 0 0 0 0 0 0
"134" 134 0.625641025641 205 176 84 21 6 4 2 1 1 0 0 0 0 0 0 0 0 0 0 0
"135" 135 0.0287356321839 490 5 4 1 0 0 0 0 0 0 0 0 0 0 0 0 0 0 0 0
"136" 136 0.0 305 102 40 18 9 6 6 5 3 3 2 1 0 0 0 0 0 0 0 0
"137" 137 0.544303797468 148 118 67 38 38 36 23 16 12 2 1 1 0 0 0 0 0 0 0 0
"138" 138 0.255813953488 197 158 57 29 22 18 7 4 3 3 2 0 0 0 0 0 0 0 0 0
"139" 139 0.0 468 17 8 7 0 0 0 0 0 0 0 0 0 0 0 0 0 0 0 0
"140" 140 0.129464285714 496 4 0 0 0 0 0 0 0 0 0 0 0 0 0 0 0 0 0 0
"141" 141 0.488372093023 222 175 73 9 8 6 5 1 1 0 0 0 0 0 0 0 0 0 0 0
"142" 142 0.138392857143 174 82 44 43 42 41 38 24 7 4 1 0 0 0 0 0 0 0 0 0
"143" 143 0.0192307692308 500 0 0 0 0 0 0 0 0 0 0 0 0 0 0 0 0 0 0 0
"144" 144 0.165562913907 495 3 2 0 0 0 0 0 0 0 0 0 0 0 0 0 0 0 0 0
"145" 145 0.721153846154 286 132 69 12 1 0 0 0 0 0 0 0 0 0 0 0 0 0 0 0
"146" 146 0.562913907285 455 35 3 3 2 1 1 0 0 0 0 0 0 0 0 0 0 0 0 0
"147" 147 0.0192307692308 500 0 0 0 0 0 0 0 0 0 0 0 0 0 0 0 0 0 0 0
"148" 148 0.64135021097 350 63 36 31 13 2 2 1 1 1 0 0 0 0 0 0 0 0 0 0
"149" 149 0.188679245283 373 108 10 9 0 0 0 0 0 0 0 0 0 0 0 0 0 0 0 0
"150" 150 0.700729927007 438 35 14 7 4 2 0 0 0 0 0 0 0 0 0 0 0 0 0 0
"151" 151 0.0993377483444 159 156 125 21 14 7 7 7 3 1 0 0 0 0 0 0 0 0 0 0
"152" 152 0.368613138686 175 95 82 46 32 21 18 15 8 4 4 0 0 0 0 0 0 0 0 0
"153" 153 0.0 334 119 36 6 4 1 0 0 0 0 0 0 0 0 0 0 0 0 0 0
"154" 154 0.236607142857 217 119 79 53 17 7 7 1 0 0 0 0 0 0 0 0 0 0 0 0
"155" 155 0.0 469 14 13 1 1 1 1 0 0 0 0 0 0 0 0 0 0 0 0 0
"156" 156 0.356589147287 256 56 56 47 21 20 16 14 9 3 2 0 0 0 0 0 0 0 0 0
"157" 157 0.523206751055 250 156 45 27 11 7 4 0 0 0 0 0 0 0 0 0 0 0 0 0
"158" 158 0.107594936709 500 0 0 0 0 0 0 0 0 0 0 0 0 0 0 0 0 0 0 0
"159" 159 0.0769230769231 500 0 0 0 0 0 0 0 0 0 0 0 0 0 0 0 0 0 0 0
"160" 160 0.367816091954 275 209 7 3 3 3 0 0 0 0 0 0 0 0 0 0 0 0 0 0
"161" 161 0.645569620253 223 139 50 42 13 12 11 5 4 1 0 0 0 0 0 0 0 0 0 0
