"site" "RSA" "aa1" "aa2" "aa3" "aa4" "aa5" "aa6" "aa7" "aa8" "aa9" "aa10" "aa11" "aa12" "aa13" "aa14" "aa15" "aa16" "aa17" "aa18" "aa19" "aa20"
"0" 0 0.736040609137 210 130 80 75 2 1 1 1 0 0 0 0 0 0 0 0 0 0 0 0
"1" 1 0.157232704403 316 102 42 35 2 1 1 1 0 0 0 0 0 0 0 0 0 0 0 0
"2" 2 0.527131782946 155 126 64 59 38 19 18 11 10 0 0 0 0 0 0 0 0 0 0 0
"3" 3 0.154811715481 500 0 0 0 0 0 0 0 0 0 0 0 0 0 0 0 0 0 0 0
"4" 4 0.488038277512 166 88 86 78 27 21 17 9 6 2 0 0 0 0 0 0 0 0 0 0
"5" 5 0.553459119497 447 34 10 7 2 0 0 0 0 0 0 0 0 0 0 0 0 0 0 0
"6" 6 0.644230769231 487 13 0 0 0 0 0 0 0 0 0 0 0 0 0 0 0 0 0 0
"7" 7 0.482142857143 284 216 0 0 0 0 0 0 0 0 0 0 0 0 0 0 0 0 0 0
"8" 8 0.174129353234 500 0 0 0 0 0 0 0 0 0 0 0 0 0 0 0 0 0 0 0
"9" 9 0.0512820512821 309 170 21 0 0 0 0 0 0 0 0 0 0 0 0 0 0 0 0 0
"10" 10 0.373563218391 298 201 1 0 0 0 0 0 0 0 0 0 0 0 0 0 0 0 0 0
"11" 11 0.0570342205323 191 176 59 30 15 12 9 5 3 0 0 0 0 0 0 0 0 0 0 0
"12" 12 0.35761589404 462 29 7 1 1 0 0 0 0 0 0 0 0 0 0 0 0 0 0 0
"13" 13 0.325581395349 247 80 77 44 22 11 8 6 4 1 0 0 0 0 0 0 0 0 0 0
"14" 14 0.213836477987 385 55 29 13 13 3 1 1 0 0 0 0 0 0 0 0 0 0 0 0
"15" 15 0.384615384615 314 122 21 20 18 4 1 0 0 0 0 0 0 0 0 0 0 0 0 0
"16" 16 0.321243523316 396 67 14 11 6 6 0 0 0 0 0 0 0 0 0 0 0 0 0 0
"17" 17 0.0 238 130 83 43 6 0 0 0 0 0 0 0 0 0 0 0 0 0 0 0
"18" 18 0.0697674418605 248 198 43 5 3 2 1 0 0 0 0 0 0 0 0 0 0 0 0 0
"19" 19 0.326424870466 224 126 75 69 2 1 1 1 1 0 0 0 0 0 0 0 0 0 0 0
"20" 20 0.00574712643678 237 161 96 6 0 0 0 0 0 0 0 0 0 0 0 0 0 0 0 0
"21" 21 0.0132450331126 375 125 0 0 0 0 0 0 0 0 0 0 0 0 0 0 0 0 0 0
"22" 22 0.459854014599 438 27 25 8 1 1 0 0 0 0 0 0 0 0 0 0 0 0 0 0
"23" 23 0.302325581395 207 137 80 44 29 2 1 0 0 0 0 0 0 0 0 0 0 0 0 0
"24" 24 0.0845771144279 495 5 0 0 0 0 0 0 0 0 0 0 0 0 0 0 0 0 0 0
"25" 25 0.350364963504 379 81 18 8 6 6 2 0 0 0 0 0 0 0 0 0 0 0 0 0
"26" 26 0.73631840796 453 41 5 1 0 0 0 0 0 0 0 0 0 0 0 0 0 0 0 0
"27" 27 0.563953488372 438 32 21 4 2 2 1 0 0 0 0 0 0 0 0 0 0 0 0 0
"28" 28 0.480769230769 500 0 0 0 0 0 0 0 0 0 0 0 0 0 0 0 0 0 0 0
"29" 29 0.215328467153 198 181 108 12 1 0 0 0 0 0 0 0 0 0 0 0 0 0 0 0
"30" 30 0.284671532847 166 110 64 62 36 35 18 7 1 1 0 0 0 0 0 0 0 0 0 0
"31" 31 0.00574712643678 463 24 11 1 1 0 0 0 0 0 0 0 0 0 0 0 0 0 0 0
"32" 32 0.0 300 179 11 7 3 0 0 0 0 0 0 0 0 0 0 0 0 0 0 0
"33" 33 0.0 446 54 0 0 0 0 0 0 0 0 0 0 0 0 0 0 0 0 0 0
"34" 34 0.0 500 0 0 0 0 0 0 0 0 0 0 0 0 0 0 0 0 0 0 0
"35" 35 0.157232704403 275 92 66 25 16 6 5 4 4 3 3 1 0 0 0 0 0 0 0 0
"36" 36 0.0872093023256 300 191 9 0 0 0 0 0 0 0 0 0 0 0 0 0 0 0 0 0
"37" 37 0.587155963303 325 77 50 34 14 0 0 0 0 0 0 0 0 0 0 0 0 0 0 0
"38" 38 0.0192307692308 500 0 0 0 0 0 0 0 0 0 0 0 0 0 0 0 0 0 0 0
"39" 39 0.341085271318 495 5 0 0 0 0 0 0 0 0 0 0 0 0 0 0 0 0 0 0
"40" 40 0.0149253731343 354 56 31 27 27 3 1 1 0 0 0 0 0 0 0 0 0 0 0 0
"41" 41 0.11961722488 216 145 72 39 17 10 1 0 0 0 0 0 0 0 0 0 0 0 0 0
"42" 42 0.379464285714 340 70 33 27 11 10 5 4 0 0 0 0 0 0 0 0 0 0 0 0
"43" 43 0.115384615385 479 13 4 3 1 0 0 0 0 0 0 0 0 0 0 0 0 0 0 0
"44" 44 0.143540669856 194 138 73 53 20 12 7 1 1 1 0 0 0 0 0 0 0 0 0 0
"45" 45 0.0149253731343 181 161 89 37 18 6 4 2 1 1 0 0 0 0 0 0 0 0 0 0
"46" 46 0.15503875969 260 138 54 40 5 3 0 0 0 0 0 0 0 0 0 0 0 0 0 0
"47" 47 0.089552238806 500 0 0 0 0 0 0 0 0 0 0 0 0 0 0 0 0 0 0 0
"48" 48 0.0114942528736 380 118 1 1 0 0 0 0 0 0 0 0 0 0 0 0 0 0 0 0
"49" 49 0.317518248175 270 87 57 37 20 13 11 4 1 0 0 0 0 0 0 0 0 0 0 0
"50" 50 0.0852713178295 327 165 6 1 1 0 0 0 0 0 0 0 0 0 0 0 0 0 0 0
"51" 51 0.0 500 0 0 0 0 0 0 0 0 0 0 0 0 0 0 0 0 0 0 0
"52" 52 0.333333333333 336 105 59 0 0 0 0 0 0 0 0 0 0 0 0 0 0 0 0 0
"53" 53 0.649635036496 328 169 2 1 0 0 0 0 0 0 0 0 0 0 0 0 0 0 0 0
"54" 54 0.051724137931 272 122 77 19 5 3 2 0 0 0 0 0 0 0 0 0 0 0 0 0
"55" 55 0.610062893082 500 0 0 0 0 0 0 0 0 0 0 0 0 0 0 0 0 0 0 0
"56" 56 0.461538461538 500 0 0 0 0 0 0 0 0 0 0 0 0 0 0 0 0 0 0 0
"57" 57 0.0331125827815 306 194 0 0 0 0 0 0 0 0 0 0 0 0 0 0 0 0 0 0
"58" 58 0.0 180 170 125 24 1 0 0 0 0 0 0 0 0 0 0 0 0 0 0 0
"59" 59 0.0 434 66 0 0 0 0 0 0 0 0 0 0 0 0 0 0 0 0 0 0
"60" 60 0.0 279 92 81 25 23 0 0 0 0 0 0 0 0 0 0 0 0 0 0 0
"61" 61 0.0 499 1 0 0 0 0 0 0 0 0 0 0 0 0 0 0 0 0 0 0
"62" 62 0.00662251655629 220 142 126 10 1 1 0 0 0 0 0 0 0 0 0 0 0 0 0 0
"63" 63 0.152284263959 352 80 32 21 11 3 1 0 0 0 0 0 0 0 0 0 0 0 0 0
"64" 64 0.071129707113 444 33 23 0 0 0 0 0 0 0 0 0 0 0 0 0 0 0 0 0
"65" 65 0.551724137931 315 94 71 20 0 0 0 0 0 0 0 0 0 0 0 0 0 0 0 0
"66" 66 0.205128205128 243 127 109 15 4 1 1 0 0 0 0 0 0 0 0 0 0 0 0 0
"67" 67 0.358490566038 200 103 83 59 22 11 9 4 4 2 2 1 0 0 0 0 0 0 0 0
"68" 68 0.646788990826 214 204 62 12 4 3 1 0 0 0 0 0 0 0 0 0 0 0 0 0
"69" 69 0.22869955157 200 154 130 13 2 1 0 0 0 0 0 0 0 0 0 0 0 0 0 0
"70" 70 0.857740585774 301 182 17 0 0 0 0 0 0 0 0 0 0 0 0 0 0 0 0 0
"71" 71 0.730769230769 301 199 0 0 0 0 0 0 0 0 0 0 0 0 0 0 0 0 0 0
"72" 72 0.503875968992 292 207 1 0 0 0 0 0 0 0 0 0 0 0 0 0 0 0 0 0
"73" 73 1.18238993711 466 34 0 0 0 0 0 0 0 0 0 0 0 0 0 0 0 0 0 0
"74" 74 0.60621761658 497 3 0 0 0 0 0 0 0 0 0 0 0 0 0 0 0 0 0 0
"75" 75 0.497409326425 292 86 60 34 17 5 4 2 0 0 0 0 0 0 0 0 0 0 0 0
"76" 76 0.0362694300518 500 0 0 0 0 0 0 0 0 0 0 0 0 0 0 0 0 0 0 0
"77" 77 0.318407960199 256 156 41 19 14 7 5 2 0 0 0 0 0 0 0 0 0 0 0 0
"78" 78 0.472868217054 285 108 60 19 18 6 4 0 0 0 0 0 0 0 0 0 0 0 0 0
"79" 79 0.215246636771 167 87 82 44 33 33 17 17 9 4 3 2 1 1 0 0 0 0 0 0
"80" 80 0.00497512437811 361 116 12 6 4 1 0 0 0 0 0 0 0 0 0 0 0 0 0 0
"81" 81 0.63503649635 367 127 5 1 0 0 0 0 0 0 0 0 0 0 0 0 0 0 0 0
"82" 82 0.674418604651 314 124 31 16 6 4 3 1 1 0 0 0 0 0 0 0 0 0 0 0
"83" 83 0.183035714286 329 53 44 24 21 12 7 5 3 2 0 0 0 0 0 0 0 0 0 0
"84" 84 0.278846153846 500 0 0 0 0 0 0 0 0 0 0 0 0 0 0 0 0 0 0 0
"85" 85 0.00574712643678 500 0 0 0 0 0 0 0 0 0 0 0 0 0 0 0 0 0 0 0
"86" 86 0.0357142857143 172 158 48 36 29 22 13 11 10 1 0 0 0 0 0 0 0 0 0 0
"87" 87 0.0 419 46 30 3 2 0 0 0 0 0 0 0 0 0 0 0 0 0 0 0
"88" 88 0.0 327 91 48 19 7 5 3 0 0 0 0 0 0 0 0 0 0 0 0 0
"89" 89 0.0 326 166 8 0 0 0 0 0 0 0 0 0 0 0 0 0 0 0 0 0
"90" 90 0.197674418605 250 154 62 18 10 5 1 0 0 0 0 0 0 0 0 0 0 0 0 0
"91" 91 0.062893081761 367 129 4 0 0 0 0 0 0 0 0 0 0 0 0 0 0 0 0 0
"92" 92 0.482558139535 368 98 15 14 3 1 1 0 0 0 0 0 0 0 0 0 0 0 0 0
"93" 93 0.389534883721 154 138 101 78 8 8 5 5 3 0 0 0 0 0 0 0 0 0 0 0
"94" 94 0.542635658915 157 146 112 47 37 1 0 0 0 0 0 0 0 0 0 0 0 0 0 0
"95" 95 0.240310077519 197 114 113 49 12 4 4 3 2 1 1 0 0 0 0 0 0 0 0 0
"96" 96 0.0045871559633 410 31 19 16 12 5 4 3 0 0 0 0 0 0 0 0 0 0 0 0
"97" 97 0.117870722433 364 130 4 1 1 0 0 0 0 0 0 0 0 0 0 0 0 0 0 0
"98" 98 0.591194968553 330 119 29 18 4 0 0 0 0 0 0 0 0 0 0 0 0 0 0 0
"99" 99 0.533678756477 500 0 0 0 0 0 0 0 0 0 0 0 0 0 0 0 0 0 0 0
"100" 100 0.384615384615 500 0 0 0 0 0 0 0 0 0 0 0 0 0 0 0 0 0 0 0
"101" 101 0.492537313433 251 94 44 43 31 28 4 4 1 0 0 0 0 0 0 0 0 0 0 0
"102" 102 0.63503649635 500 0 0 0 0 0 0 0 0 0 0 0 0 0 0 0 0 0 0 0
"103" 103 0.738372093023 190 182 96 31 1 0 0 0 0 0 0 0 0 0 0 0 0 0 0 0
"104" 104 0.412790697674 270 166 25 17 7 5 3 3 3 1 0 0 0 0 0 0 0 0 0 0
"105" 105 0.0632183908046 313 186 1 0 0 0 0 0 0 0 0 0 0 0 0 0 0 0 0 0
"106" 106 0.775784753363 494 5 1 0 0 0 0 0 0 0 0 0 0 0 0 0 0 0 0 0
"107" 107 0.150943396226 478 10 4 3 2 2 1 0 0 0 0 0 0 0 0 0 0 0 0 0
"108" 108 0.269230769231 466 21 9 4 0 0 0 0 0 0 0 0 0 0 0 0 0 0 0 0
"109" 109 0.710691823899 318 181 1 0 0 0 0 0 0 0 0 0 0 0 0 0 0 0 0 0
"110" 110 0.0497512437811 457 11 11 8 6 4 2 1 0 0 0 0 0 0 0 0 0 0 0 0
"111" 111 0.0697674418605 409 30 25 18 15 3 0 0 0 0 0 0 0 0 0 0 0 0 0 0
"112" 112 0.511627906977 324 100 27 18 12 9 6 3 1 0 0 0 0 0 0 0 0 0 0 0
"113" 113 0.325892857143 333 60 48 43 11 4 1 0 0 0 0 0 0 0 0 0 0 0 0 0
"114" 114 0.0597014925373 378 118 3 1 0 0 0 0 0 0 0 0 0 0 0 0 0 0 0 0
"115" 115 0.107142857143 203 61 59 48 43 40 40 3 2 1 0 0 0 0 0 0 0 0 0 0
"116" 116 0.00961538461538 500 0 0 0 0 0 0 0 0 0 0 0 0 0 0 0 0 0 0 0
"117" 117 0.471153846154 393 77 28 1 1 0 0 0 0 0 0 0 0 0 0 0 0 0 0 0
"118" 118 0.459119496855 246 158 71 10 8 6 1 0 0 0 0 0 0 0 0 0 0 0 0 0
"119" 119 0.445255474453 378 67 46 4 3 2 0 0 0 0 0 0 0 0 0 0 0 0 0 0
"120" 120 0.59748427673 366 86 21 15 9 3 0 0 0 0 0 0 0 0 0 0 0 0 0 0
"121" 121 0.273255813953 416 20 19 13 11 10 8 3 0 0 0 0 0 0 0 0 0 0 0 0
"122" 122 0.363636363636 388 37 31 15 12 10 7 0 0 0 0 0 0 0 0 0 0 0 0 0
"123" 123 0.0251046025105 446 53 1 0 0 0 0 0 0 0 0 0 0 0 0 0 0 0 0 0
"124" 124 0.116279069767 338 135 12 10 4 1 0 0 0 0 0 0 0 0 0 0 0 0 0 0
"125" 125 0.0384615384615 274 90 68 37 23 7 1 0 0 0 0 0 0 0 0 0 0 0 0 0
"126" 126 0.114942528736 365 35 33 28 18 10 4 4 2 1 0 0 0 0 0 0 0 0 0 0
"127" 127 0.0248756218905 479 6 6 5 2 1 1 0 0 0 0 0 0 0 0 0 0 0 0 0
"128" 128 0.046511627907 195 162 64 35 18 11 6 4 3 2 0 0 0 0 0 0 0 0 0 0
"129" 129 0.0804597701149 212 96 63 37 37 20 19 6 5 4 1 0 0 0 0 0 0 0 0 0
"130" 130 0.0344827586207 292 58 47 34 20 16 13 6 4 4 2 1 1 1 1 0 0 0 0 0
"131" 131 0.194029850746 201 89 84 65 57 2 2 0 0 0 0 0 0 0 0 0 0 0 0 0
"132" 132 0.274261603376 255 61 59 58 18 11 10 9 8 5 3 2 1 0 0 0 0 0 0 0
"133" 133 0.0199004975124 305 55 46 32 24 17 16 3 1 1 0 0 0 0 0 0 0 0 0 0
"134" 134 0.0398009950249 384 101 8 3 2 1 1 0 0 0 0 0 0 0 0 0 0 0 0 0
"135" 135 0.443946188341 311 91 80 11 4 3 0 0 0 0 0 0 0 0 0 0 0 0 0 0
"136" 136 0.10152284264 386 56 51 5 2 0 0 0 0 0 0 0 0 0 0 0 0 0 0 0
"137" 137 0.0 229 167 95 5 4 0 0 0 0 0 0 0 0 0 0 0 0 0 0 0
"138" 138 0.379562043796 431 41 24 2 1 1 0 0 0 0 0 0 0 0 0 0 0 0 0 0
"139" 139 0.0377358490566 481 18 1 0 0 0 0 0 0 0 0 0 0 0 0 0 0 0 0 0
"140" 140 0.238341968912 262 80 71 62 9 8 6 1 1 0 0 0 0 0 0 0 0 0 0 0
"141" 141 0.324817518248 211 121 90 44 19 12 2 1 0 0 0 0 0 0 0 0 0 0 0 0
"142" 142 0.0 188 126 81 40 31 23 5 4 2 0 0 0 0 0 0 0 0 0 0 0
"143" 143 0.0209205020921 478 15 7 0 0 0 0 0 0 0 0 0 0 0 0 0 0 0 0 0
"144" 144 0.0376569037657 212 155 79 19 12 7 6 5 1 1 1 1 1 0 0 0 0 0 0 0
"145" 145 0.144230769231 500 0 0 0 0 0 0 0 0 0 0 0 0 0 0 0 0 0 0 0
"146" 146 0.223214285714 353 138 6 3 0 0 0 0 0 0 0 0 0 0 0 0 0 0 0 0
"147" 147 0.135021097046 375 59 34 26 5 1 0 0 0 0 0 0 0 0 0 0 0 0 0 0
"148" 148 0.248704663212 453 35 8 1 1 1 1 0 0 0 0 0 0 0 0 0 0 0 0 0
"149" 149 0.0988593155894 194 144 61 40 24 17 13 6 1 0 0 0 0 0 0 0 0 0 0 0
"150" 150 0.0224215246637 385 88 8 6 4 4 2 2 1 0 0 0 0 0 0 0 0 0 0 0
"151" 151 0.170403587444 356 80 22 18 8 6 3 2 2 1 1 1 0 0 0 0 0 0 0 0
"152" 152 0.0199004975124 334 101 42 20 2 1 0 0 0 0 0 0 0 0 0 0 0 0 0 0
"153" 153 0.0862068965517 191 95 77 72 20 13 10 7 7 6 1 1 0 0 0 0 0 0 0 0
"154" 154 0.0 451 23 13 8 2 2 1 0 0 0 0 0 0 0 0 0 0 0 0 0
"155" 155 0.0 279 53 49 41 22 20 15 6 6 4 3 2 0 0 0 0 0 0 0 0
"156" 156 0.430656934307 215 92 80 80 11 8 6 6 1 1 0 0 0 0 0 0 0 0 0 0
"157" 157 0.273542600897 448 26 10 9 5 2 0 0 0 0 0 0 0 0 0 0 0 0 0 0
"158" 158 0.0248756218905 325 143 21 6 4 1 0 0 0 0 0 0 0 0 0 0 0 0 0 0
"159" 159 0.103448275862 269 129 94 6 1 1 0 0 0 0 0 0 0 0 0 0 0 0 0 0
"160" 160 0.503875968992 149 127 96 75 40 6 5 2 0 0 0 0 0 0 0 0 0 0 0 0
"161" 161 0.564766839378 309 145 26 9 9 2 0 0 0 0 0 0 0 0 0 0 0 0 0 0
"162" 162 0.422594142259 172 151 113 50 14 0 0 0 0 0 0 0 0 0 0 0 0 0 0 0
"163" 163 0.74358974359 500 0 0 0 0 0 0 0 0 0 0 0 0 0 0 0 0 0 0 0
"164" 164 0.139303482587 416 35 19 14 7 5 3 1 0 0 0 0 0 0 0 0 0 0 0 0
"165" 165 0.839378238342 500 0 0 0 0 0 0 0 0 0 0 0 0 0 0 0 0 0 0 0
"166" 166 0.114942528736 478 18 4 0 0 0 0 0 0 0 0 0 0 0 0 0 0 0 0 0
"167" 167 0.356589147287 241 136 60 30 16 8 4 2 2 1 0 0 0 0 0 0 0 0 0 0
"168" 168 0.103448275862 168 119 110 95 5 2 1 0 0 0 0 0 0 0 0 0 0 0 0 0
"169" 169 0.247126436782 482 8 8 1 1 0 0 0 0 0 0 0 0 0 0 0 0 0 0 0
"170" 170 0.201923076923 219 69 66 33 26 19 19 15 15 9 9 1 0 0 0 0 0 0 0 0
"171" 171 0.0689655172414 499 1 0 0 0 0 0 0 0 0 0 0 0 0 0 0 0 0 0 0
"172" 172 0.559748427673 356 138 5 1 0 0 0 0 0 0 0 0 0 0 0 0 0 0 0 0
"173" 173 0.156976744186 436 62 1 1 0 0 0 0 0 0 0 0 0 0 0 0 0 0 0 0
"174" 174 0.235632183908 238 74 53 40 39 37 6 5 4 2 1 1 0 0 0 0 0 0 0 0
"175" 175 0.273722627737 244 80 57 51 48 15 3 2 0 0 0 0 0 0 0 0 0 0 0 0
"176" 176 0.339285714286 231 139 46 41 23 15 3 2 0 0 0 0 0 0 0 0 0 0 0 0
"177" 177 0.875968992248 460 32 8 0 0 0 0 0 0 0 0 0 0 0 0 0 0 0 0 0
"178" 178 0.357512953368 270 182 26 13 9 0 0 0 0 0 0 0 0 0 0 0 0 0 0 0
"179" 179 0.144230769231 500 0 0 0 0 0 0 0 0 0 0 0 0 0 0 0 0 0 0 0
"180" 180 0.044776119403 183 156 60 51 48 1 1 0 0 0 0 0 0 0 0 0 0 0 0 0
"181" 181 0.0387596899225 292 167 37 1 1 1 1 0 0 0 0 0 0 0 0 0 0 0 0 0
"182" 182 0.128440366972 161 143 71 62 23 14 7 6 4 4 3 2 0 0 0 0 0 0 0 0
"183" 183 0.105960264901 326 172 1 1 0 0 0 0 0 0 0 0 0 0 0 0 0 0 0 0
"184" 184 0.245033112583 477 17 3 2 1 0 0 0 0 0 0 0 0 0 0 0 0 0 0 0
"185" 185 0.299270072993 456 44 0 0 0 0 0 0 0 0 0 0 0 0 0 0 0 0 0 0
"186" 186 0.123076923077 285 107 99 3 2 1 1 1 1 0 0 0 0 0 0 0 0 0 0 0
"187" 187 0.551094890511 254 153 48 43 2 0 0 0 0 0 0 0 0 0 0 0 0 0 0 0
"188" 188 0.673003802281 441 58 1 0 0 0 0 0 0 0 0 0 0 0 0 0 0 0 0 0
"189" 189 0.089552238806 494 6 0 0 0 0 0 0 0 0 0 0 0 0 0 0 0 0 0 0
"190" 190 0.39378238342 247 151 101 1 0 0 0 0 0 0 0 0 0 0 0 0 0 0 0 0
"191" 191 0.716981132075 344 77 41 31 5 2 0 0 0 0 0 0 0 0 0 0 0 0 0 0
"192" 192 0.565891472868 299 96 75 13 7 5 2 2 1 0 0 0 0 0 0 0 0 0 0 0
"193" 193 0.219730941704 244 151 77 24 3 1 0 0 0 0 0 0 0 0 0 0 0 0 0 0
"194" 194 0.262773722628 218 153 60 34 24 8 2 1 0 0 0 0 0 0 0 0 0 0 0 0
"195" 195 0.46511627907 286 71 67 27 20 14 8 7 0 0 0 0 0 0 0 0 0 0 0 0
"196" 196 0.263565891473 403 31 30 15 9 5 4 2 1 0 0 0 0 0 0 0 0 0 0 0
"197" 197 0.0 325 175 0 0 0 0 0 0 0 0 0 0 0 0 0 0 0 0 0 0
"198" 198 0.252873563218 193 143 125 30 3 2 2 1 1 0 0 0 0 0 0 0 0 0 0 0
"199" 199 0.0542635658915 399 92 9 0 0 0 0 0 0 0 0 0 0 0 0 0 0 0 0 0
"200" 200 0.0199004975124 267 141 59 19 7 6 1 0 0 0 0 0 0 0 0 0 0 0 0 0
"201" 201 0.0198675496689 248 105 86 47 8 6 0 0 0 0 0 0 0 0 0 0 0 0 0 0
"202" 202 0.333333333333 194 104 90 71 28 10 1 1 1 0 0 0 0 0 0 0 0 0 0 0
"203" 203 0.0077519379845 500 0 0 0 0 0 0 0 0 0 0 0 0 0 0 0 0 0 0 0
"204" 204 0.0 500 0 0 0 0 0 0 0 0 0 0 0 0 0 0 0 0 0 0 0
"205" 205 0.337209302326 196 107 52 39 32 28 18 16 8 4 0 0 0 0 0 0 0 0 0 0
"206" 206 0.286821705426 121 108 89 76 44 37 23 2 0 0 0 0 0 0 0 0 0 0 0 0
"207" 207 0.0 500 0 0 0 0 0 0 0 0 0 0 0 0 0 0 0 0 0 0 0
"208" 208 0.232558139535 228 184 35 33 15 4 1 0 0 0 0 0 0 0 0 0 0 0 0 0
"209" 209 0.66985645933 353 58 53 15 12 7 2 0 0 0 0 0 0 0 0 0 0 0 0 0
"210" 210 0.201550387597 477 12 7 2 1 1 0 0 0 0 0 0 0 0 0 0 0 0 0 0
"211" 211 0.0077519379845 500 0 0 0 0 0 0 0 0 0 0 0 0 0 0 0 0 0 0 0
"212" 212 0.691860465116 174 141 112 41 18 8 6 0 0 0 0 0 0 0 0 0 0 0 0 0
"213" 213 0.596899224806 463 13 13 6 4 1 0 0 0 0 0 0 0 0 0 0 0 0 0 0
"214" 214 0.201923076923 500 0 0 0 0 0 0 0 0 0 0 0 0 0 0 0 0 0 0 0
"215" 215 0.263565891473 371 53 37 23 6 4 2 2 1 1 0 0 0 0 0 0 0 0 0 0
"216" 216 0.547085201794 141 115 95 60 44 27 15 3 0 0 0 0 0 0 0 0 0 0 0 0
"217" 217 0.263565891473 480 14 3 2 1 0 0 0 0 0 0 0 0 0 0 0 0 0 0 0
"218" 218 0.0077519379845 500 0 0 0 0 0 0 0 0 0 0 0 0 0 0 0 0 0 0 0
"219" 219 0.199004975124 358 69 30 12 10 8 7 5 1 0 0 0 0 0 0 0 0 0 0 0
"220" 220 0.466321243523 154 125 71 53 41 36 16 3 1 0 0 0 0 0 0 0 0 0 0 0
"221" 221 0.209302325581 218 129 57 49 25 21 1 0 0 0 0 0 0 0 0 0 0 0 0 0
"222" 222 0.0 455 45 0 0 0 0 0 0 0 0 0 0 0 0 0 0 0 0 0 0
"223" 223 0.350364963504 269 77 75 62 7 4 3 2 1 0 0 0 0 0 0 0 0 0 0 0
"224" 224 0.449612403101 169 145 114 41 13 6 5 4 2 1 0 0 0 0 0 0 0 0 0 0
"225" 225 0.235632183908 254 143 70 22 10 1 0 0 0 0 0 0 0 0 0 0 0 0 0 0
"226" 226 0.00995024875622 482 11 4 1 1 1 0 0 0 0 0 0 0 0 0 0 0 0 0 0
"227" 227 0.59585492228 200 117 75 57 39 5 3 2 2 0 0 0 0 0 0 0 0 0 0 0
"228" 228 0.604651162791 241 83 61 57 38 16 2 2 0 0 0 0 0 0 0 0 0 0 0 0
"229" 229 0.131782945736 429 58 5 3 1 1 1 1 1 0 0 0 0 0 0 0 0 0 0 0
"230" 230 0.830188679245 485 10 3 2 0 0 0 0 0 0 0 0 0 0 0 0 0 0 0 0
"231" 231 0.509615384615 407 43 30 10 6 2 1 1 0 0 0 0 0 0 0 0 0 0 0 0
"232" 232 0.0804597701149 442 55 1 1 1 0 0 0 0 0 0 0 0 0 0 0 0 0 0 0
"233" 233 0.286821705426 500 0 0 0 0 0 0 0 0 0 0 0 0 0 0 0 0 0 0 0
"234" 234 0.201149425287 474 25 1 0 0 0 0 0 0 0 0 0 0 0 0 0 0 0 0 0
"235" 235 0.336787564767 295 84 35 34 30 12 6 4 0 0 0 0 0 0 0 0 0 0 0 0
"236" 236 0.0988593155894 226 193 21 15 14 9 8 5 5 2 1 1 0 0 0 0 0 0 0 0
"237" 237 0.089552238806 431 45 16 6 2 0 0 0 0 0 0 0 0 0 0 0 0 0 0 0
"238" 238 0.294642857143 414 46 37 3 0 0 0 0 0 0 0 0 0 0 0 0 0 0 0 0
"239" 239 0.134328358209 399 77 9 4 4 3 2 2 0 0 0 0 0 0 0 0 0 0 0 0
"240" 240 0.0985401459854 499 1 0 0 0 0 0 0 0 0 0 0 0 0 0 0 0 0 0 0
"241" 241 0.243523316062 491 7 1 1 0 0 0 0 0 0 0 0 0 0 0 0 0 0 0 0
"242" 242 0.492385786802 282 109 89 19 1 0 0 0 0 0 0 0 0 0 0 0 0 0 0 0
"243" 243 0.365384615385 476 8 7 5 4 0 0 0 0 0 0 0 0 0 0 0 0 0 0 0
"244" 244 0.0199004975124 454 15 11 11 5 4 0 0 0 0 0 0 0 0 0 0 0 0 0 0
"245" 245 0.230769230769 490 9 1 0 0 0 0 0 0 0 0 0 0 0 0 0 0 0 0 0
"246" 246 0.723270440252 436 61 3 0 0 0 0 0 0 0 0 0 0 0 0 0 0 0 0 0
"247" 247 0.178899082569 464 26 5 3 1 1 0 0 0 0 0 0 0 0 0 0 0 0 0 0
"248" 248 0.37106918239 496 4 0 0 0 0 0 0 0 0 0 0 0 0 0 0 0 0 0 0
"249" 249 0.786069651741 306 192 2 0 0 0 0 0 0 0 0 0 0 0 0 0 0 0 0 0
"250" 250 0.6 306 194 0 0 0 0 0 0 0 0 0 0 0 0 0 0 0 0 0 0
"251" 251 0.230769230769 500 0 0 0 0 0 0 0 0 0 0 0 0 0 0 0 0 0 0 0
"252" 252 0.344370860927 236 94 83 36 35 12 4 0 0 0 0 0 0 0 0 0 0 0 0 0
"253" 253 0.00961538461538 500 0 0 0 0 0 0 0 0 0 0 0 0 0 0 0 0 0 0 0
"254" 254 0.0839416058394 239 189 30 15 10 7 4 4 2 0 0 0 0 0 0 0 0 0 0 0
"255" 255 0.00497512437811 368 85 34 12 1 0 0 0 0 0 0 0 0 0 0 0 0 0 0 0
"256" 256 0.0348258706468 262 107 41 23 20 13 12 10 3 3 3 2 1 0 0 0 0 0 0 0
"257" 257 0.00574712643678 472 10 10 6 1 1 0 0 0 0 0 0 0 0 0 0 0 0 0 0
"258" 258 0.0 205 168 52 24 16 14 10 5 3 3 0 0 0 0 0 0 0 0 0 0
"259" 259 0.0 497 3 0 0 0 0 0 0 0 0 0 0 0 0 0 0 0 0 0 0
"260" 260 0.416058394161 287 179 13 10 9 1 1 0 0 0 0 0 0 0 0 0 0 0 0 0
"261" 261 0.00497512437811 364 70 64 2 0 0 0 0 0 0 0 0 0 0 0 0 0 0 0 0
"262" 262 0.490384615385 500 0 0 0 0 0 0 0 0 0 0 0 0 0 0 0 0 0 0 0
"263" 263 0.848837209302 499 1 0 0 0 0 0 0 0 0 0 0 0 0 0 0 0 0 0 0
"264" 264 0.0581395348837 436 58 6 0 0 0 0 0 0 0 0 0 0 0 0 0 0 0 0 0
"265" 265 0.171532846715 164 74 69 39 32 28 27 21 15 11 8 8 4 0 0 0 0 0 0 0
"266" 266 0.0248756218905 338 160 1 1 0 0 0 0 0 0 0 0 0 0 0 0 0 0 0 0
"267" 267 0.124378109453 153 133 128 45 25 6 4 2 2 1 1 0 0 0 0 0 0 0 0 0
"268" 268 0.0362694300518 496 3 1 0 0 0 0 0 0 0 0 0 0 0 0 0 0 0 0 0
"269" 269 0.0153846153846 419 50 31 0 0 0 0 0 0 0 0 0 0 0 0 0 0 0 0 0
"270" 270 0.157360406091 250 245 4 1 0 0 0 0 0 0 0 0 0 0 0 0 0 0 0 0
"271" 271 0.333333333333 184 138 110 20 14 11 8 5 4 3 2 1 0 0 0 0 0 0 0 0
"272" 272 0.010152284264 399 75 17 6 3 0 0 0 0 0 0 0 0 0 0 0 0 0 0 0
"273" 273 0.392857142857 304 92 42 21 16 14 7 4 0 0 0 0 0 0 0 0 0 0 0 0
"274" 274 0.0558375634518 458 27 7 4 1 1 1 1 0 0 0 0 0 0 0 0 0 0 0 0
"275" 275 0.519230769231 500 0 0 0 0 0 0 0 0 0 0 0 0 0 0 0 0 0 0 0
"276" 276 0.761627906977 286 104 67 19 14 8 1 1 0 0 0 0 0 0 0 0 0 0 0 0
