"site" "RSA" "aa1" "aa2" "aa3" "aa4" "aa5" "aa6" "aa7" "aa8" "aa9" "aa10" "aa11" "aa12" "aa13" "aa14" "aa15" "aa16" "aa17" "aa18" "aa19" "aa20"
"0" 0 0.848623853211 345 52 29 25 10 9 9 5 5 4 4 3 0 0 0 0 0 0 0 0
"1" 1 0.517948717949 274 87 49 49 24 11 3 2 1 0 0 0 0 0 0 0 0 0 0 0
"2" 2 0.0583941605839 244 79 36 30 18 17 15 11 11 9 6 5 5 4 4 3 3 0 0 0
"3" 3 0.383647798742 120 108 79 64 54 32 15 13 5 4 3 1 1 1 0 0 0 0 0 0
"4" 4 0.443708609272 109 107 97 51 28 26 23 20 20 6 5 4 2 1 1 0 0 0 0 0
"5" 5 0.644230769231 440 58 1 1 0 0 0 0 0 0 0 0 0 0 0 0 0 0 0 0
"6" 6 0.0766423357664 171 167 43 20 20 17 13 11 9 8 7 7 4 1 1 1 0 0 0 0
"7" 7 0.317829457364 249 42 36 35 33 29 15 13 13 10 8 5 4 4 3 1 0 0 0 0
"8" 8 0.294573643411 83 73 64 61 49 49 27 26 15 14 13 7 6 5 5 2 1 0 0 0
"9" 9 0.424870466321 85 72 59 47 46 44 34 33 26 24 17 9 2 2 0 0 0 0 0 0
"10" 10 0.430493273543 153 125 46 46 42 35 16 15 14 3 2 1 1 1 0 0 0 0 0 0
"11" 11 0.0348258706468 274 73 55 41 32 9 6 4 3 1 1 1 0 0 0 0 0 0 0 0
"12" 12 0.043795620438 359 123 12 3 1 1 1 0 0 0 0 0 0 0 0 0 0 0 0 0
"13" 13 0.704402515723 211 109 40 33 30 25 24 16 6 3 2 1 0 0 0 0 0 0 0 0
"14" 14 0.137055837563 204 74 57 29 27 19 15 15 13 12 11 10 5 4 2 2 1 0 0 0
"15" 15 0.565693430657 184 178 56 32 16 9 9 4 3 3 3 1 1 1 0 0 0 0 0 0
"16" 16 0.126903553299 147 105 63 63 50 32 15 7 6 5 4 2 1 0 0 0 0 0 0 0
"17" 17 0.313953488372 160 141 112 24 20 13 7 7 6 5 3 1 1 0 0 0 0 0 0 0
"18" 18 0.142335766423 242 123 45 24 13 13 8 7 6 3 3 3 2 2 2 2 1 1 0 0
"19" 19 0.622009569378 295 45 40 22 21 20 17 15 9 8 8 0 0 0 0 0 0 0 0 0
"20" 20 0.414448669202 192 81 44 39 37 34 26 12 12 10 6 3 2 2 0 0 0 0 0 0
"21" 21 0.360465116279 115 91 74 45 37 27 21 18 14 14 12 12 11 4 3 1 1 0 0 0
"22" 22 0.789029535865 102 99 93 76 42 24 17 17 17 10 2 1 0 0 0 0 0 0 0 0
"23" 23 0.77033492823 106 105 61 59 35 31 29 17 14 12 10 7 6 4 4 0 0 0 0 0
"24" 24 0.178294573643 260 63 48 47 21 14 8 7 7 6 5 5 4 2 2 1 0 0 0 0
"25" 25 0.174107142857 87 82 63 52 39 30 28 22 20 20 16 10 8 8 6 5 3 1 0 0
"26" 26 0.00961538461538 378 91 27 2 1 1 0 0 0 0 0 0 0 0 0 0 0 0 0 0
"27" 27 0.00662251655629 370 90 11 10 6 3 2 2 2 2 1 1 0 0 0 0 0 0 0 0
"28" 28 0.0 267 144 70 12 3 2 1 1 0 0 0 0 0 0 0 0 0 0 0 0
"29" 29 0.0696517412935 251 67 56 46 20 17 12 12 6 5 5 1 1 1 0 0 0 0 0 0
"30" 30 0.0 130 121 99 96 27 9 7 6 2 2 1 0 0 0 0 0 0 0 0 0
"31" 31 0.0982142857143 186 130 50 49 44 20 14 3 2 2 0 0 0 0 0 0 0 0 0 0
"32" 32 0.0 190 184 70 18 9 9 5 4 4 2 1 1 1 1 1 0 0 0 0 0
"33" 33 0.182692307692 500 0 0 0 0 0 0 0 0 0 0 0 0 0 0 0 0 0 0 0
"34" 34 0.492227979275 244 109 68 49 9 6 4 3 3 3 1 1 0 0 0 0 0 0 0 0
"35" 35 0.0 292 118 29 26 22 5 4 3 1 0 0 0 0 0 0 0 0 0 0 0
"36" 36 0.295358649789 110 110 77 73 34 24 17 14 14 7 6 5 5 2 2 0 0 0 0 0
"37" 37 0.0 303 81 55 48 6 4 3 0 0 0 0 0 0 0 0 0 0 0 0 0
"38" 38 0.106598984772 124 120 110 44 40 20 10 7 7 6 4 3 2 1 1 1 0 0 0 0
"39" 39 0.0 292 66 58 43 26 12 1 1 1 0 0 0 0 0 0 0 0 0 0 0
"40" 40 0.122093023256 101 69 65 52 51 37 29 20 18 17 13 8 6 5 3 3 2 1 0 0
"41" 41 0.0 235 115 69 42 15 8 5 4 3 2 2 0 0 0 0 0 0 0 0 0
"42" 42 0.245033112583 158 62 46 44 43 39 32 20 20 18 14 2 1 1 0 0 0 0 0 0
"43" 43 0.131782945736 112 98 72 71 65 27 14 11 9 8 4 3 2 1 1 1 1 0 0 0
"44" 44 0.477678571429 92 87 70 44 43 35 23 21 20 20 13 11 11 9 1 0 0 0 0 0
"45" 45 0.695364238411 90 64 51 45 44 40 36 25 23 16 16 15 11 9 6 5 3 1 0 0
"46" 46 0.192307692308 500 0 0 0 0 0 0 0 0 0 0 0 0 0 0 0 0 0 0 0
"47" 47 0.241379310345 257 88 55 30 26 16 7 5 4 4 3 2 2 1 0 0 0 0 0 0
"48" 48 0.396226415094 215 210 73 2 0 0 0 0 0 0 0 0 0 0 0 0 0 0 0 0
"49" 49 0.605839416058 343 105 46 5 1 0 0 0 0 0 0 0 0 0 0 0 0 0 0 0
"50" 50 0.125523012552 110 86 68 54 51 40 27 20 20 6 6 5 5 1 1 0 0 0 0 0
"51" 51 0.771144278607 97 91 81 43 41 40 33 27 15 10 8 8 4 1 1 0 0 0 0 0
"52" 52 0.561181434599 238 151 32 31 16 16 9 4 2 1 0 0 0 0 0 0 0 0 0 0
"53" 53 0.242152466368 500 0 0 0 0 0 0 0 0 0 0 0 0 0 0 0 0 0 0 0
"54" 54 0.0 500 0 0 0 0 0 0 0 0 0 0 0 0 0 0 0 0 0 0 0
"55" 55 0.152482269504 211 51 42 39 34 28 24 16 15 10 8 5 5 4 3 2 2 1 0 0
"56" 56 0.0 108 91 74 69 40 32 27 22 20 5 5 3 2 1 1 0 0 0 0 0
"57" 57 0.308139534884 143 84 45 39 37 35 34 28 18 17 7 3 3 2 2 1 1 1 0 0
"58" 58 0.062015503876 291 147 29 28 5 0 0 0 0 0 0 0 0 0 0 0 0 0 0 0
"59" 59 0.455357142857 199 122 50 38 20 13 12 11 11 9 7 4 2 1 1 0 0 0 0 0
"60" 60 0.0228136882129 193 156 104 27 6 4 2 2 2 1 1 1 1 0 0 0 0 0 0 0
"61" 61 0.105769230769 150 136 46 45 35 25 24 14 10 9 3 1 1 1 0 0 0 0 0 0
"62" 62 0.174311926606 144 104 49 36 31 24 21 18 17 15 14 11 6 5 4 1 0 0 0 0
"63" 63 0.388059701493 230 124 31 31 21 18 9 8 8 8 4 3 2 1 1 1 0 0 0 0
"64" 64 0.062893081761 145 95 75 64 41 28 17 11 6 5 3 3 2 2 1 1 1 0 0 0
"65" 65 0.605839416058 104 71 60 54 40 38 35 29 24 18 11 8 6 2 0 0 0 0 0 0
"66" 66 0.0331125827815 418 74 7 1 0 0 0 0 0 0 0 0 0 0 0 0 0 0 0 0
"67" 67 0.197674418605 146 77 71 53 50 25 17 14 13 9 9 8 4 3 1 0 0 0 0 0
"68" 68 0.5 165 158 44 35 27 16 15 12 10 7 5 3 2 1 0 0 0 0 0 0
"69" 69 0.642857142857 139 63 63 56 53 44 29 14 13 9 9 5 2 1 0 0 0 0 0 0
"70" 70 0.551094890511 109 106 81 44 30 25 18 16 16 14 14 12 5 5 3 2 0 0 0 0
"71" 71 0.215384615385 84 69 58 45 42 33 32 23 22 20 20 17 11 9 5 4 3 2 1 0
"72" 72 0.497757847534 141 45 42 42 41 33 32 18 17 16 13 13 13 11 9 7 5 2 0 0
"73" 73 0.448905109489 113 87 78 72 31 28 25 22 14 8 7 5 3 3 1 1 1 1 0 0
"74" 74 0.209821428571 75 70 68 57 36 29 25 24 24 19 17 17 14 13 4 3 3 2 0 0
"75" 75 0.674418604651 171 93 68 46 44 29 20 11 5 3 3 2 2 1 1 1 0 0 0 0
"76" 76 0.576158940397 143 81 77 59 48 20 14 13 12 9 8 6 5 5 0 0 0 0 0 0
"77" 77 0.412408759124 149 94 54 39 38 29 23 21 10 10 10 8 6 3 3 3 0 0 0 0
"78" 78 0.615384615385 305 183 7 2 2 1 0 0 0 0 0 0 0 0 0 0 0 0 0 0
"79" 79 0.493670886076 107 92 53 38 34 33 33 23 18 16 11 8 7 7 7 6 4 3 0 0
"80" 80 0.295964125561 89 59 55 46 46 43 33 25 20 18 17 14 11 10 6 6 2 0 0 0
"81" 81 0.201923076923 176 82 38 36 36 32 18 16 13 10 10 10 8 6 5 3 1 0 0 0
"82" 82 0.519230769231 164 85 65 43 40 39 20 19 12 10 1 1 1 0 0 0 0 0 0 0
"83" 83 0.394160583942 331 40 21 20 20 18 17 10 9 8 4 1 1 0 0 0 0 0 0 0
"84" 84 0.046511627907 136 62 50 42 40 31 29 23 14 14 12 10 9 8 7 6 4 3 0 0
"85" 85 0.383084577114 114 107 97 51 37 24 22 9 9 7 7 6 6 2 1 1 0 0 0 0
"86" 86 0.352678571429 112 99 97 67 33 21 17 14 12 10 7 6 2 2 1 0 0 0 0 0
"87" 87 0.0 130 113 91 33 32 20 19 16 13 11 9 4 4 3 1 1 0 0 0 0
"88" 88 0.0896860986547 285 105 40 20 19 7 7 7 3 2 2 2 1 0 0 0 0 0 0 0
"89" 89 0.627737226277 140 84 78 44 43 38 32 15 14 4 2 2 2 1 1 0 0 0 0 0
"90" 90 0.0398009950249 187 65 52 42 41 31 26 13 12 11 9 4 3 2 1 1 0 0 0 0
"91" 91 0.0 115 107 84 83 52 19 18 8 4 4 3 2 1 0 0 0 0 0 0 0
"92" 92 0.0192307692308 144 97 80 66 41 35 18 10 4 2 1 1 1 0 0 0 0 0 0 0
"93" 93 0.339416058394 97 87 84 67 35 31 29 27 14 8 6 6 3 3 3 0 0 0 0 0
"94" 94 0.0 195 143 65 43 19 7 6 6 4 4 3 2 1 1 1 0 0 0 0 0
"95" 95 0.0 191 67 62 61 48 23 21 16 4 3 2 2 0 0 0 0 0 0 0 0
"96" 96 0.21897810219 157 99 97 36 34 27 20 12 7 3 2 2 1 1 1 1 0 0 0 0
"97" 97 0.271317829457 113 65 49 48 44 29 26 25 22 22 18 15 9 9 2 2 1 1 0 0
"98" 98 0.0232558139535 335 152 6 3 2 1 1 0 0 0 0 0 0 0 0 0 0 0 0 0
"99" 99 0.0149253731343 201 169 36 24 19 10 9 8 7 7 6 3 1 0 0 0 0 0 0 0
"100" 100 0.19170984456 420 48 13 9 2 2 2 1 1 1 1 0 0 0 0 0 0 0 0 0
"101" 101 0.114427860697 175 171 41 31 27 22 13 7 4 3 2 2 1 1 0 0 0 0 0 0
"102" 102 0.443708609272 273 46 38 35 33 31 20 17 4 2 1 0 0 0 0 0 0 0 0 0
"103" 103 0.350210970464 281 120 64 10 8 6 4 2 2 1 1 1 0 0 0 0 0 0 0 0
"104" 104 0.0 222 56 48 39 39 32 14 12 11 11 7 4 4 1 0 0 0 0 0 0
"105" 105 0.0480769230769 500 0 0 0 0 0 0 0 0 0 0 0 0 0 0 0 0 0 0 0
"106" 106 0.584821428571 98 87 65 58 47 38 35 23 19 11 10 8 1 0 0 0 0 0 0 0
"107" 107 0.0923076923077 96 59 54 46 46 44 36 33 23 19 15 14 5 5 3 2 0 0 0 0
"108" 108 0.0290697674419 146 85 54 42 30 29 23 20 19 17 17 8 6 2 1 1 0 0 0 0
"109" 109 0.0 135 97 88 59 22 21 20 19 11 7 7 5 4 3 2 0 0 0 0 0
"110" 110 0.368821292776 128 113 67 43 35 30 25 22 17 7 7 4 1 1 0 0 0 0 0 0
"111" 111 0.00507614213198 137 120 106 28 24 22 17 16 16 10 1 1 1 1 0 0 0 0 0 0
"112" 112 0.20207253886 120 109 52 44 39 36 33 24 22 14 3 2 1 1 0 0 0 0 0 0
"113" 113 0.0 339 43 32 29 24 17 12 3 1 0 0 0 0 0 0 0 0 0 0 0
"114" 114 0.310880829016 86 79 73 67 54 42 39 31 13 6 5 3 2 0 0 0 0 0 0 0
"115" 115 0.0 282 129 31 20 18 14 4 2 0 0 0 0 0 0 0 0 0 0 0 0
"116" 116 0.38578680203 172 94 65 58 55 23 7 7 5 4 4 3 2 1 0 0 0 0 0 0
"117" 117 0.340807174888 105 99 95 93 51 21 20 8 4 2 1 1 0 0 0 0 0 0 0 0
"118" 118 0.178294573643 178 71 50 30 29 28 23 20 18 16 10 7 6 5 4 3 2 0 0 0
"119" 119 0.20207253886 323 79 36 35 14 4 4 2 1 1 1 0 0 0 0 0 0 0 0 0
"120" 120 0.105769230769 500 0 0 0 0 0 0 0 0 0 0 0 0 0 0 0 0 0 0 0
"121" 121 0.173076923077 371 78 35 15 1 0 0 0 0 0 0 0 0 0 0 0 0 0 0 0
"122" 122 0.0348837209302 258 72 63 53 42 6 3 1 1 1 0 0 0 0 0 0 0 0 0 0
"123" 123 0.120437956204 125 109 74 63 25 20 18 16 14 9 9 7 5 3 2 1 0 0 0 0
"124" 124 0.00581395348837 303 117 38 31 3 3 2 2 1 0 0 0 0 0 0 0 0 0 0 0
"125" 125 0.0 256 116 87 28 5 5 1 1 1 0 0 0 0 0 0 0 0 0 0 0
"126" 126 0.0 258 218 17 5 1 1 0 0 0 0 0 0 0 0 0 0 0 0 0 0
"127" 127 0.00507614213198 171 77 70 68 57 23 16 9 4 2 2 1 0 0 0 0 0 0 0 0
"128" 128 0.0 203 112 71 50 16 15 8 7 5 5 3 2 1 1 1 0 0 0 0 0
"129" 129 0.0 368 95 35 2 0 0 0 0 0 0 0 0 0 0 0 0 0 0 0 0
"130" 130 0.0 289 136 58 6 4 3 1 1 1 1 0 0 0 0 0 0 0 0 0 0
"131" 131 0.00581395348837 200 157 65 22 20 10 10 7 4 2 1 1 1 0 0 0 0 0 0 0
"132" 132 0.0 109 80 71 71 67 44 40 6 5 3 2 2 0 0 0 0 0 0 0 0
"133" 133 0.0 339 159 2 0 0 0 0 0 0 0 0 0 0 0 0 0 0 0 0 0
"134" 134 0.00995024875622 201 112 52 36 23 18 17 16 13 5 4 2 1 0 0 0 0 0 0 0
"135" 135 0.162436548223 110 109 61 40 40 35 23 21 19 13 8 8 7 4 1 1 0 0 0 0
"136" 136 0.0673575129534 168 95 52 51 22 20 19 16 15 10 9 8 5 4 3 2 1 0 0 0
"137" 137 0.0 368 101 13 8 3 3 1 1 1 1 0 0 0 0 0 0 0 0 0 0
"138" 138 0.0646766169154 232 90 64 37 15 14 13 12 5 5 4 3 3 1 1 1 0 0 0 0
"139" 139 0.457364341085 178 70 56 44 37 30 23 15 13 8 6 5 5 3 3 2 1 1 0 0
"140" 140 0.252873563218 129 66 66 56 33 31 29 23 16 13 10 9 7 4 4 2 2 0 0 0
"141" 141 0.0199004975124 146 111 86 60 27 25 21 6 5 4 4 3 1 1 0 0 0 0 0 0
"142" 142 0.514767932489 223 54 53 53 20 19 15 15 14 8 7 6 4 3 3 2 1 0 0 0
"143" 143 0.827004219409 176 61 52 48 46 44 27 24 8 4 3 3 3 1 0 0 0 0 0 0
"144" 144 0.540145985401 103 82 72 52 32 31 30 27 25 19 10 7 6 2 2 0 0 0 0 0
"145" 145 0.615384615385 362 136 1 1 0 0 0 0 0 0 0 0 0 0 0 0 0 0 0 0
"146" 146 0.170542635659 177 66 62 57 28 18 17 16 12 12 8 7 7 4 3 3 2 1 0 0
"147" 147 0.124378109453 325 60 27 24 19 17 16 2 2 2 2 1 1 1 1 0 0 0 0 0
"148" 148 0.497890295359 141 95 76 57 43 34 27 14 5 5 1 1 1 0 0 0 0 0 0 0
"149" 149 0.384615384615 500 0 0 0 0 0 0 0 0 0 0 0 0 0 0 0 0 0 0 0
"150" 150 0.502564102564 462 9 9 8 5 3 2 1 1 0 0 0 0 0 0 0 0 0 0 0
"151" 151 0.0125786163522 140 132 92 70 22 19 15 6 1 1 1 1 0 0 0 0 0 0 0 0
"152" 152 0.323383084577 161 86 84 59 28 15 14 14 10 10 9 4 3 2 1 0 0 0 0 0
"153" 153 0.523206751055 178 108 64 58 51 8 7 6 5 4 3 2 2 1 1 1 1 0 0 0
"154" 154 0.291479820628 175 93 68 35 31 20 20 16 15 15 7 4 1 0 0 0 0 0 0 0
"155" 155 0.0963302752294 97 95 92 43 40 20 20 18 18 17 15 6 5 4 4 4 1 1 0 0
"156" 156 0.0 257 116 108 6 3 2 2 2 1 1 1 1 0 0 0 0 0 0 0 0
"157" 157 0.0 277 107 52 49 5 4 3 1 1 1 0 0 0 0 0 0 0 0 0 0
"158" 158 0.0077519379845 366 128 5 1 0 0 0 0 0 0 0 0 0 0 0 0 0 0 0 0
"159" 159 0.0 187 154 141 6 5 2 2 1 1 1 0 0 0 0 0 0 0 0 0 0
"160" 160 0.0331125827815 246 164 24 19 15 10 9 6 3 3 1 0 0 0 0 0 0 0 0 0
"161" 161 0.00574712643678 223 95 88 81 5 3 3 1 1 0 0 0 0 0 0 0 0 0 0 0
"162" 162 0.0 332 56 45 41 16 4 3 2 1 0 0 0 0 0 0 0 0 0 0 0
"163" 163 0.126903553299 117 98 77 47 29 29 24 20 18 14 12 4 3 3 2 2 1 0 0 0
"164" 164 0.144486692015 107 84 79 52 37 25 23 21 18 17 16 8 8 4 1 0 0 0 0 0
"165" 165 0.417040358744 264 88 48 41 14 12 11 6 5 5 4 2 0 0 0 0 0 0 0 0
"166" 166 0.615384615385 459 40 1 0 0 0 0 0 0 0 0 0 0 0 0 0 0 0 0 0
"167" 167 0.33908045977 97 88 69 56 50 34 27 18 18 15 14 10 2 1 1 0 0 0 0 0
"168" 168 0.251572327044 117 90 76 75 63 24 14 14 11 5 3 3 2 1 1 1 0 0 0 0
"169" 169 0.0229885057471 145 81 64 56 54 31 26 23 9 4 3 2 1 1 0 0 0 0 0 0
"170" 170 0.00497512437811 204 91 66 53 31 21 9 8 6 3 3 2 1 1 1 0 0 0 0 0
"171" 171 0.0 446 19 18 6 5 2 2 1 1 0 0 0 0 0 0 0 0 0 0 0
"172" 172 0.00995024875622 335 71 42 22 14 11 2 1 1 1 0 0 0 0 0 0 0 0 0 0
"173" 173 0.0569948186528 448 22 10 9 3 2 2 1 1 1 1 0 0 0 0 0 0 0 0 0
"174" 174 0.490494296578 141 135 101 31 22 18 12 9 8 6 6 5 4 2 0 0 0 0 0 0
"175" 175 0.492537313433 100 60 59 49 47 38 34 33 26 23 23 5 2 1 0 0 0 0 0 0
"176" 176 0.0 207 64 48 47 45 25 23 13 6 6 5 4 2 2 2 1 0 0 0 0
"177" 177 0.362694300518 132 57 57 46 45 41 38 26 21 17 6 5 3 3 2 1 0 0 0 0
"178" 178 0.443708609272 153 87 77 67 57 26 6 6 4 4 3 3 2 2 1 1 1 0 0 0
"179" 179 0.441860465116 94 91 84 35 33 33 32 24 17 13 10 8 8 6 5 3 2 2 0 0
"180" 180 0.046511627907 244 214 20 11 4 2 2 1 1 1 0 0 0 0 0 0 0 0 0 0
"181" 181 0.473214285714 155 95 86 60 23 20 16 12 8 8 7 3 3 2 2 0 0 0 0 0
"182" 182 0.0581395348837 106 86 50 44 33 28 28 27 21 21 20 14 8 4 4 3 2 1 0 0
"183" 183 0.129533678756 120 89 83 69 29 28 22 20 9 9 7 5 3 3 2 1 1 0 0 0
"184" 184 0.00497512437811 173 131 63 34 15 15 14 13 9 7 6 5 4 4 3 2 1 1 0 0
"185" 185 0.0923076923077 87 84 79 57 50 35 24 24 12 9 9 8 8 7 5 2 0 0 0 0
"186" 186 0.00574712643678 106 91 51 46 44 41 35 34 14 10 10 6 4 3 2 1 1 1 0 0
"187" 187 0.0172413793103 199 130 57 50 22 19 9 8 4 1 1 0 0 0 0 0 0 0 0 0
"188" 188 0.00917431192661 136 102 77 61 56 14 11 9 8 6 5 4 4 3 2 1 1 0 0 0
"189" 189 0.0581395348837 164 134 49 25 24 22 21 17 12 9 7 6 5 4 1 0 0 0 0 0
"190" 190 0.279792746114 154 84 55 50 31 31 31 26 14 11 4 2 2 2 1 1 1 0 0 0
"191" 191 0.713178294574 140 65 63 47 40 39 27 21 18 12 11 7 7 1 1 1 0 0 0 0
"192" 192 0.307692307692 498 1 1 0 0 0 0 0 0 0 0 0 0 0 0 0 0 0 0 0
"193" 193 0.317307692308 127 75 61 52 45 32 23 21 20 16 11 5 4 4 2 1 1 0 0 0
"194" 194 0.364016736402 120 83 67 50 48 42 39 15 10 7 6 3 3 3 2 1 1 0 0 0
"195" 195 0.258883248731 181 97 51 34 25 24 21 14 14 11 9 7 5 5 1 1 0 0 0 0
"196" 196 0.1875 130 128 48 39 32 31 21 21 15 9 6 5 4 4 4 2 1 0 0 0
"197" 197 0.362068965517 120 58 53 46 32 29 26 25 24 23 17 14 10 9 7 4 3 0 0 0
"198" 198 0.313901345291 104 104 81 53 32 27 25 25 14 8 7 6 6 5 2 1 0 0 0 0
"199" 199 0.298076923077 152 83 44 40 40 40 31 26 14 7 6 4 3 3 3 2 1 1 0 0
"200" 200 0.372093023256 111 60 49 48 34 32 29 29 27 25 18 17 11 5 4 1 0 0 0 0
"201" 201 0.31007751938 277 100 40 22 13 10 8 7 6 5 5 3 2 1 1 0 0 0 0 0
"202" 202 0.625 113 73 57 55 53 33 25 18 15 14 14 9 8 8 2 1 1 1 0 0
"203" 203 0.269230769231 474 14 5 3 3 1 0 0 0 0 0 0 0 0 0 0 0 0 0 0
"204" 204 0.596899224806 112 92 89 88 30 27 17 15 11 8 5 3 2 1 0 0 0 0 0 0
"205" 205 0.635220125786 160 77 56 44 44 38 25 19 14 9 6 4 2 1 1 0 0 0 0 0
"206" 206 0.225941422594 108 57 43 36 34 34 30 29 23 21 20 15 15 13 8 7 4 2 1 0
"207" 207 0.63503649635 82 79 73 66 52 46 29 23 19 13 7 5 3 2 1 0 0 0 0 0
"208" 208 0.572327044025 300 122 32 20 11 5 4 2 2 1 1 0 0 0 0 0 0 0 0 0
"209" 209 0.604651162791 266 71 45 30 29 25 19 10 2 2 1 0 0 0 0 0 0 0 0 0
"210" 210 0.294642857143 105 81 61 57 53 48 16 16 15 12 10 7 7 6 3 2 1 0 0 0
"211" 211 0.243781094527 139 91 81 49 29 25 20 18 13 10 9 6 3 3 2 1 1 0 0 0
"212" 212 0.461538461538 126 118 107 64 22 15 12 10 8 5 5 2 2 1 1 1 1 0 0 0
"213" 213 0.302325581395 147 94 68 48 32 24 23 14 14 10 7 6 5 5 2 1 0 0 0 0
"214" 214 0.0045871559633 211 98 40 26 26 26 18 14 11 7 7 5 4 2 2 2 1 0 0 0
"215" 215 0.10447761194 162 81 76 67 33 19 13 10 9 7 5 5 5 3 3 2 0 0 0 0
"216" 216 0.5625 123 83 69 57 42 39 27 18 15 8 7 5 4 1 1 1 0 0 0 0
"217" 217 0.109452736318 94 67 53 45 37 36 32 19 17 17 17 14 13 12 12 8 6 1 0 0
"218" 218 0.0 206 190 29 19 15 9 8 5 5 5 4 2 1 1 1 0 0 0 0 0
"219" 219 0.304932735426 142 94 83 37 34 30 27 15 11 7 6 4 3 3 2 1 1 0 0 0
"220" 220 0.479820627803 111 82 56 56 42 40 27 24 20 20 16 3 1 1 1 0 0 0 0 0
"221" 221 0.0384615384615 258 75 53 22 20 17 14 11 9 8 7 3 1 1 1 0 0 0 0 0
"222" 222 0.0 167 82 70 61 52 36 13 9 3 3 2 2 0 0 0 0 0 0 0 0
"223" 223 0.403587443946 118 85 73 70 54 43 17 11 8 8 7 5 1 0 0 0 0 0 0 0
"224" 224 0.428571428571 102 83 65 56 46 34 30 24 23 10 9 7 6 4 1 0 0 0 0 0
"225" 225 0.0 141 114 113 56 16 14 12 11 6 6 4 3 3 1 0 0 0 0 0 0
"226" 226 0.00418410041841 231 175 55 11 7 6 5 3 3 2 1 1 0 0 0 0 0 0 0 0
"227" 227 0.553571428571 138 104 57 56 35 27 27 21 13 8 7 2 2 2 1 0 0 0 0 0
"228" 228 0.243781094527 108 95 71 61 50 44 21 13 11 11 7 3 2 2 1 0 0 0 0 0
"229" 229 0.0 112 108 63 43 42 36 31 19 17 13 8 3 3 1 1 0 0 0 0 0
"230" 230 0.456204379562 92 80 76 70 66 29 24 24 17 7 6 6 2 1 0 0 0 0 0 0
"231" 231 0.457364341085 112 101 61 60 52 34 26 22 17 7 5 2 1 0 0 0 0 0 0 0
"232" 232 0.131782945736 424 44 12 8 3 3 2 1 1 1 1 0 0 0 0 0 0 0 0 0
"233" 233 0.189054726368 201 65 53 25 24 23 22 19 18 18 13 9 4 3 2 1 0 0 0 0
"234" 234 0.558139534884 204 113 56 34 25 18 17 10 9 9 2 1 1 1 0 0 0 0 0 0
"235" 235 0.808035714286 314 160 7 4 4 3 3 2 2 1 0 0 0 0 0 0 0 0 0 0
