"site" "RSA" "aa1" "aa2" "aa3" "aa4" "aa5" "aa6" "aa7" "aa8" "aa9" "aa10" "aa11" "aa12" "aa13" "aa14" "aa15" "aa16" "aa17" "aa18" "aa19" "aa20"
"0" 0 0.155963302752 148 62 62 37 32 31 23 22 19 17 12 7 7 6 5 4 3 3 0 0
"1" 1 0.264248704663 98 91 79 64 58 29 23 16 9 7 5 5 4 3 3 3 2 1 0 0
"2" 2 0.0 395 43 29 24 4 2 1 1 1 0 0 0 0 0 0 0 0 0 0 0
"3" 3 0.190114068441 172 68 62 40 32 32 31 29 25 4 2 2 1 0 0 0 0 0 0 0
"4" 4 0.0722433460076 311 81 33 29 24 11 5 4 1 1 0 0 0 0 0 0 0 0 0 0
"5" 5 0.169154228856 141 81 63 59 35 24 23 21 17 16 9 5 3 3 0 0 0 0 0 0
"6" 6 0.251572327044 167 106 79 57 30 22 20 8 3 3 2 1 1 1 0 0 0 0 0 0
"7" 7 0.0576923076923 237 78 66 42 30 27 8 7 3 1 1 0 0 0 0 0 0 0 0 0
"8" 8 0.152317880795 212 98 88 49 26 13 9 2 2 1 0 0 0 0 0 0 0 0 0 0
"9" 9 0.015503875969 260 162 41 15 14 6 1 1 0 0 0 0 0 0 0 0 0 0 0 0
"10" 10 0.182389937107 119 108 77 72 57 22 20 7 5 4 4 3 1 1 0 0 0 0 0 0
"11" 11 0.0 331 92 21 17 14 9 8 4 2 2 0 0 0 0 0 0 0 0 0 0
"12" 12 0.0036496350365 232 66 46 40 35 34 19 17 7 2 1 1 0 0 0 0 0 0 0 0
"13" 13 0.0077519379845 409 66 22 2 1 0 0 0 0 0 0 0 0 0 0 0 0 0 0 0
"14" 14 0.0 307 55 41 35 26 16 10 6 2 1 1 0 0 0 0 0 0 0 0 0
"15" 15 0.0582959641256 129 92 79 34 34 29 27 23 13 11 8 8 7 2 2 2 0 0 0 0
"16" 16 0.0 134 126 97 40 23 16 15 15 12 10 4 3 2 2 1 0 0 0 0 0
"17" 17 0.0 209 127 58 41 28 10 8 7 4 3 2 2 1 0 0 0 0 0 0 0
"18" 18 0.0232558139535 430 16 14 13 6 5 5 5 2 2 1 1 0 0 0 0 0 0 0 0
"19" 19 0.286821705426 69 68 58 43 43 40 35 31 24 21 21 13 12 9 8 4 1 0 0 0
"20" 20 0.100775193798 152 62 49 39 34 28 27 24 20 16 14 11 8 5 5 2 2 2 0 0
"21" 21 0.0114942528736 108 94 84 56 47 34 27 17 14 8 5 3 2 1 0 0 0 0 0 0
"22" 22 0.644230769231 423 67 7 2 1 0 0 0 0 0 0 0 0 0 0 0 0 0 0 0
"23" 23 0.137931034483 204 91 48 36 21 20 20 18 17 9 6 6 3 1 0 0 0 0 0 0
"24" 24 0.776785714286 106 90 69 69 53 49 36 9 4 4 4 2 2 2 1 0 0 0 0 0
"25" 25 0.139303482587 400 20 15 12 9 9 8 7 6 4 4 3 1 1 1 0 0 0 0 0
"26" 26 0.405128205128 387 28 24 22 13 10 6 3 2 2 1 1 1 0 0 0 0 0 0 0
"27" 27 0.383084577114 231 73 45 29 28 22 16 16 14 9 8 7 1 1 0 0 0 0 0 0
"28" 28 0.405063291139 160 147 45 42 20 18 18 16 15 8 7 1 1 1 1 0 0 0 0 0
"29" 29 0.402985074627 121 114 49 44 41 35 33 14 13 12 12 4 3 3 1 1 0 0 0 0
"30" 30 0.0348837209302 174 103 45 37 31 28 18 13 10 8 7 6 6 5 5 4 0 0 0 0
"31" 31 0.348717948718 123 107 60 57 48 42 15 13 12 7 5 5 3 1 1 1 0 0 0 0
"32" 32 0.452736318408 117 102 42 36 36 33 31 26 23 15 15 13 7 3 1 0 0 0 0 0
"33" 33 0.52752293578 85 84 79 72 42 37 26 26 14 12 9 6 5 2 1 0 0 0 0 0
"34" 34 0.837209302326 309 190 1 0 0 0 0 0 0 0 0 0 0 0 0 0 0 0 0 0
"35" 35 0.163461538462 267 222 3 3 2 2 1 0 0 0 0 0 0 0 0 0 0 0 0 0
"36" 36 0.241071428571 114 68 49 41 41 27 26 23 22 19 19 14 14 13 4 2 2 2 0 0
"37" 37 0.167464114833 108 102 56 39 37 32 29 23 21 16 9 8 6 5 4 3 2 0 0 0
"38" 38 0.509174311927 130 79 65 65 40 28 23 22 17 14 7 6 2 2 0 0 0 0 0 0
"39" 39 0.367088607595 96 71 70 54 53 49 39 14 14 12 7 6 6 4 3 2 0 0 0 0
"40" 40 0.553459119497 319 171 9 1 0 0 0 0 0 0 0 0 0 0 0 0 0 0 0 0
"41" 41 0.482142857143 305 64 51 25 16 13 7 7 6 5 1 0 0 0 0 0 0 0 0 0
"42" 42 0.0418410041841 215 122 39 36 27 17 11 7 5 5 4 3 3 3 2 1 0 0 0 0
"43" 43 0.298507462687 118 70 68 51 51 50 29 27 16 6 3 3 3 2 2 1 0 0 0 0
"44" 44 0.738396624473 126 114 81 59 41 32 13 7 6 6 6 4 4 1 0 0 0 0 0 0
"45" 45 0.26368159204 133 117 61 57 44 26 24 16 7 4 4 3 1 1 1 1 0 0 0 0
"46" 46 0.0 430 26 19 7 5 4 4 2 2 1 0 0 0 0 0 0 0 0 0 0
"47" 47 0.572327044025 233 80 51 32 29 25 18 14 10 6 2 0 0 0 0 0 0 0 0 0
"48" 48 0.506726457399 328 55 32 30 23 8 6 6 6 3 2 1 0 0 0 0 0 0 0 0
"49" 49 0.301435406699 199 60 55 43 41 36 26 22 8 6 1 1 1 1 0 0 0 0 0 0
"50" 50 0.215189873418 269 83 38 32 21 17 9 8 6 6 4 3 3 1 0 0 0 0 0 0
"51" 51 0.187817258883 281 38 37 35 26 25 23 9 8 6 4 4 2 1 1 0 0 0 0 0
"52" 52 0.0062893081761 369 101 15 8 5 1 1 0 0 0 0 0 0 0 0 0 0 0 0 0
"53" 53 0.0 175 74 59 50 32 32 21 17 16 11 5 4 2 1 1 0 0 0 0 0
"54" 54 0.00995024875622 257 102 40 39 21 11 11 6 5 5 1 1 1 0 0 0 0 0 0 0
"55" 55 0.103448275862 121 93 84 57 47 20 19 16 12 10 7 4 3 3 2 1 1 0 0 0
"56" 56 0.020725388601 85 79 66 57 42 41 36 21 21 17 16 10 6 1 1 1 0 0 0 0
"57" 57 0.602678571429 102 101 95 76 30 25 17 15 11 9 6 6 3 2 1 1 0 0 0 0
"58" 58 0.658031088083 134 94 71 65 37 35 25 18 10 8 2 1 0 0 0 0 0 0 0 0
"59" 59 0.403846153846 476 24 0 0 0 0 0 0 0 0 0 0 0 0 0 0 0 0 0 0
"60" 60 0.414225941423 121 77 63 50 39 26 25 21 17 15 13 11 7 5 4 3 3 0 0 0
"61" 61 0.183908045977 178 111 51 49 44 39 5 4 4 4 3 3 2 1 1 1 0 0 0 0
"62" 62 0.144278606965 160 100 79 66 25 13 12 11 10 10 6 3 2 2 1 0 0 0 0 0
"63" 63 0.223404255319 139 113 78 59 57 16 14 14 7 2 1 0 0 0 0 0 0 0 0 0
"64" 64 0.299107142857 293 138 44 12 6 5 1 1 0 0 0 0 0 0 0 0 0 0 0 0
"65" 65 0.0132450331126 199 183 47 27 22 8 4 4 2 2 1 1 0 0 0 0 0 0 0 0
"66" 66 0.0802919708029 123 74 58 47 46 43 38 26 19 11 5 4 2 2 1 1 0 0 0 0
"67" 67 0.317829457364 144 69 66 65 62 59 17 6 4 3 2 1 1 1 0 0 0 0 0 0
"68" 68 0.0 427 30 11 8 6 5 4 3 2 2 1 1 0 0 0 0 0 0 0 0
"69" 69 0.0 178 120 76 43 29 23 10 9 5 4 2 1 0 0 0 0 0 0 0 0
"70" 70 0.167512690355 175 88 54 49 37 36 18 17 9 9 2 2 2 1 1 0 0 0 0 0
"71" 71 0.148288973384 205 96 96 20 18 15 12 11 8 6 5 3 3 1 1 0 0 0 0 0
"72" 72 0.0 362 50 24 19 8 8 7 7 5 4 3 1 1 1 0 0 0 0 0 0
"73" 73 0.00574712643678 86 86 80 75 42 35 34 26 9 9 8 3 3 2 1 1 0 0 0 0
"74" 74 0.491071428571 183 119 65 49 22 22 7 7 6 5 3 3 3 2 2 1 1 0 0 0
"75" 75 0.405063291139 201 79 52 42 29 28 22 12 8 8 7 7 5 0 0 0 0 0 0 0
"76" 76 0.140684410646 203 166 42 20 18 15 13 13 6 1 1 1 1 0 0 0 0 0 0 0
"77" 77 0.0 463 26 3 2 2 2 1 1 0 0 0 0 0 0 0 0 0 0 0 0
"78" 78 0.395348837209 257 57 55 42 22 22 19 8 6 3 3 2 2 1 1 0 0 0 0 0
"79" 79 0.703349282297 159 85 83 58 27 13 12 12 9 9 8 8 8 8 1 0 0 0 0 0
"80" 80 0.331606217617 246 79 50 29 23 22 17 13 8 7 2 1 1 1 1 0 0 0 0 0
"81" 81 0.558139534884 223 77 62 45 28 24 13 10 5 4 3 2 2 1 1 0 0 0 0 0
"82" 82 0.59585492228 132 87 72 62 44 35 23 14 10 7 6 4 2 1 1 0 0 0 0 0
"83" 83 0.114427860697 144 107 85 59 46 15 12 10 5 5 3 2 2 2 1 1 1 0 0 0
"84" 84 0.139534883721 181 67 65 64 39 28 15 11 9 8 6 4 2 1 0 0 0 0 0 0
"85" 85 0.361607142857 256 60 30 29 28 24 20 13 12 10 6 6 3 1 1 1 0 0 0 0
"86" 86 0.346715328467 271 114 37 24 20 14 11 3 2 1 1 1 1 0 0 0 0 0 0 0
"87" 87 0.0696517412935 216 84 47 34 33 26 13 9 9 7 7 7 3 2 2 1 0 0 0 0
"88" 88 0.0570342205323 167 108 90 40 33 20 10 8 6 5 5 4 2 1 1 0 0 0 0 0
"89" 89 0.11320754717 125 111 86 74 39 18 14 10 10 6 4 2 1 0 0 0 0 0 0 0
"90" 90 0.476821192053 170 70 54 52 33 25 25 24 15 13 10 3 3 1 1 1 0 0 0 0
"91" 91 0.341968911917 211 59 58 44 31 28 25 15 15 7 6 1 0 0 0 0 0 0 0 0
"92" 92 0.641509433962 391 39 27 26 7 4 3 3 0 0 0 0 0 0 0 0 0 0 0 0
"93" 93 0.722627737226 288 97 32 17 14 13 12 12 7 6 1 1 0 0 0 0 0 0 0 0
"94" 94 0.591240875912 169 114 68 40 24 16 15 11 9 8 6 6 5 4 3 2 0 0 0 0
"95" 95 0.189781021898 175 105 88 44 36 12 10 9 8 6 2 2 1 1 1 0 0 0 0 0
"96" 96 0.395348837209 109 100 94 62 36 20 17 17 17 12 12 2 2 0 0 0 0 0 0 0
"97" 97 0.258620689655 172 151 125 19 8 7 7 5 4 1 1 0 0 0 0 0 0 0 0 0
"98" 98 0.0114942528736 217 109 47 40 27 19 15 11 8 5 1 1 0 0 0 0 0 0 0 0
"99" 99 0.267942583732 138 135 71 69 27 19 16 13 4 4 3 1 0 0 0 0 0 0 0 0
"100" 100 0.515695067265 169 104 58 37 30 27 21 14 12 11 10 3 1 1 1 1 0 0 0 0
"101" 101 0.0839416058394 84 81 68 68 50 34 34 29 16 12 8 7 3 3 1 1 1 0 0 0
"102" 102 0.0348258706468 195 94 67 33 22 22 21 15 9 6 6 5 2 2 1 0 0 0 0 0
"103" 103 0.623430962343 135 108 85 56 25 21 20 17 15 14 2 1 1 0 0 0 0 0 0 0
"104" 104 0.100418410042 239 86 68 34 25 21 7 7 5 3 3 1 1 0 0 0 0 0 0 0
"105" 105 0.0 185 119 62 51 25 22 8 7 6 6 3 2 2 1 1 0 0 0 0 0
"106" 106 0.281609195402 134 95 57 54 51 36 19 10 9 8 7 6 5 5 4 0 0 0 0 0
"107" 107 0.503875968992 101 99 69 62 59 42 18 17 10 9 8 3 1 1 1 0 0 0 0 0
"108" 108 0.16091954023 122 116 85 62 46 35 17 8 5 4 0 0 0 0 0 0 0 0 0 0
"109" 109 0.0 206 144 31 31 24 11 11 8 7 6 5 5 3 3 2 2 1 0 0 0
"110" 110 0.110266159696 120 89 82 63 48 29 18 11 11 7 7 6 5 2 2 0 0 0 0 0
"111" 111 0.385650224215 128 113 79 77 52 17 15 8 3 3 2 2 1 0 0 0 0 0 0 0
"112" 112 0.222627737226 175 75 62 40 33 32 27 19 12 7 6 5 2 2 1 1 1 0 0 0
"113" 113 0.0 318 135 8 7 6 6 5 5 3 3 2 1 1 0 0 0 0 0 0 0
"114" 114 0.077519379845 186 144 46 44 35 21 6 5 4 4 3 1 1 0 0 0 0 0 0 0
"115" 115 0.303571428571 275 79 39 38 29 17 7 6 6 4 0 0 0 0 0 0 0 0 0 0
"116" 116 0.110266159696 250 85 64 56 13 10 9 4 4 3 2 0 0 0 0 0 0 0 0 0
"117" 117 0.0722433460076 263 59 47 42 37 18 10 6 5 3 3 3 2 1 1 0 0 0 0 0
"118" 118 0.292775665399 149 90 81 70 69 25 6 4 3 1 1 1 0 0 0 0 0 0 0 0
"119" 119 0.345911949686 198 144 39 36 24 21 15 7 7 4 4 1 0 0 0 0 0 0 0 0
"120" 120 0.139013452915 259 60 56 28 18 17 13 12 11 7 6 6 5 1 1 0 0 0 0 0
"121" 121 0.106598984772 118 93 60 51 45 29 22 20 14 11 10 10 9 5 3 0 0 0 0 0
"122" 122 0.276150627615 108 98 50 46 43 42 38 26 24 13 9 2 1 0 0 0 0 0 0 0
"123" 123 0.663461538462 495 3 2 0 0 0 0 0 0 0 0 0 0 0 0 0 0 0 0 0
"124" 124 0.825112107623 161 97 67 62 35 26 14 9 6 6 5 5 4 3 0 0 0 0 0 0
"125" 125 0.518987341772 145 85 56 53 50 33 26 24 9 8 6 3 2 0 0 0 0 0 0 0
"126" 126 0.379310344828 95 86 72 64 58 31 25 16 13 13 9 8 5 3 2 0 0 0 0 0
"127" 127 0.767295597484 498 2 0 0 0 0 0 0 0 0 0 0 0 0 0 0 0 0 0 0
"128" 128 0.649425287356 254 94 80 49 8 5 4 2 2 1 1 0 0 0 0 0 0 0 0 0
"129" 129 0.240384615385 500 0 0 0 0 0 0 0 0 0 0 0 0 0 0 0 0 0 0 0
"130" 130 0.440414507772 412 63 10 8 5 1 1 0 0 0 0 0 0 0 0 0 0 0 0 0
"131" 131 0.509433962264 493 6 1 0 0 0 0 0 0 0 0 0 0 0 0 0 0 0 0 0
"132" 132 0.346153846154 122 119 82 56 36 31 22 14 11 3 2 1 1 0 0 0 0 0 0 0
"133" 133 0.357664233577 233 70 62 37 28 15 13 8 7 7 7 5 4 3 1 0 0 0 0 0
"134" 134 0.1592039801 162 112 105 41 16 11 11 11 8 8 7 5 2 1 0 0 0 0 0 0
"135" 135 0.591240875912 144 116 108 42 26 24 21 5 5 5 2 1 1 0 0 0 0 0 0 0
"136" 136 0.264900662252 152 111 62 56 48 14 9 9 9 8 7 5 5 3 2 0 0 0 0 0
"137" 137 0.0 342 49 25 20 18 15 8 7 6 6 2 1 1 0 0 0 0 0 0 0
"138" 138 0.183035714286 201 108 66 44 29 15 10 10 6 5 3 1 1 1 0 0 0 0 0 0
"139" 139 0.403587443946 95 94 87 71 40 27 22 17 16 15 8 3 2 1 1 1 0 0 0 0
"140" 140 0.0 372 34 19 16 16 10 5 5 4 4 4 4 3 3 1 0 0 0 0 0
"141" 141 0.0 139 130 109 28 26 19 14 12 11 4 4 2 1 1 0 0 0 0 0 0
"142" 142 0.433035714286 150 95 60 49 46 24 18 18 13 6 5 5 4 3 2 2 0 0 0 0
"143" 143 0.330543933054 96 80 63 52 43 29 26 25 23 22 20 9 5 5 1 1 0 0 0 0
"144" 144 0.0 166 72 65 53 25 22 17 15 14 11 9 8 6 5 5 5 1 1 0 0
"145" 145 0.0358974358974 143 92 85 56 51 34 14 11 6 4 3 1 0 0 0 0 0 0 0 0
"146" 146 0.488372093023 133 93 61 42 40 33 31 21 17 11 9 4 2 1 1 1 0 0 0 0
"147" 147 0.234309623431 120 98 51 50 41 32 31 18 14 10 10 9 5 5 4 1 1 0 0 0
"148" 148 0.00497512437811 390 34 33 18 6 3 3 3 3 2 2 2 1 0 0 0 0 0 0 0
"149" 149 0.598214285714 387 33 22 12 9 9 8 8 4 3 2 2 1 0 0 0 0 0 0 0
"150" 150 0.701923076923 394 98 4 3 1 0 0 0 0 0 0 0 0 0 0 0 0 0 0 0
"151" 151 0.388392857143 253 103 32 26 19 17 13 10 8 8 4 3 2 1 1 0 0 0 0 0
"152" 152 0.313901345291 121 109 67 61 44 33 19 17 9 7 7 4 2 0 0 0 0 0 0 0
"153" 153 0.0228136882129 256 220 13 4 4 2 1 0 0 0 0 0 0 0 0 0 0 0 0 0
"154" 154 0.0 338 39 35 18 17 15 14 9 3 3 2 2 2 2 1 0 0 0 0 0
"155" 155 0.124031007752 317 108 37 18 9 4 4 2 1 0 0 0 0 0 0 0 0 0 0 0
"156" 156 0.105769230769 500 0 0 0 0 0 0 0 0 0 0 0 0 0 0 0 0 0 0 0
"157" 157 0.490384615385 500 0 0 0 0 0 0 0 0 0 0 0 0 0 0 0 0 0 0 0
"158" 158 0.668393782383 203 120 68 41 30 21 8 5 2 1 1 0 0 0 0 0 0 0 0 0
"159" 159 0.362694300518 244 100 66 23 17 15 12 10 4 4 2 1 1 1 0 0 0 0 0 0
"160" 160 0.11320754717 260 73 62 22 19 18 9 7 7 6 6 6 2 1 1 1 0 0 0 0
"161" 161 0.0232558139535 263 182 44 7 4 0 0 0 0 0 0 0 0 0 0 0 0 0 0 0
"162" 162 0.0 184 147 55 32 22 20 11 9 7 6 2 2 1 1 1 0 0 0 0 0
"163" 163 0.0 296 195 8 1 0 0 0 0 0 0 0 0 0 0 0 0 0 0 0 0
"164" 164 0.0 419 33 21 13 8 3 1 1 1 0 0 0 0 0 0 0 0 0 0 0
"165" 165 0.00995024875622 115 86 72 50 37 34 22 22 14 13 12 6 5 5 4 2 1 0 0 0
"166" 166 0.00662251655629 187 98 68 38 27 17 16 12 8 8 6 5 4 3 2 1 0 0 0 0
"167" 167 0.0 161 78 49 41 34 31 30 20 15 13 8 7 6 6 1 0 0 0 0 0
"168" 168 0.0 246 73 58 51 29 25 11 3 1 1 1 1 0 0 0 0 0 0 0 0
"169" 169 0.0077519379845 413 76 8 2 1 0 0 0 0 0 0 0 0 0 0 0 0 0 0 0
"170" 170 0.00581395348837 173 87 62 43 28 27 24 20 13 10 9 2 2 0 0 0 0 0 0 0
"171" 171 0.0 143 133 34 32 27 26 25 23 20 12 11 8 4 1 1 0 0 0 0 0
"172" 172 0.0 233 169 18 12 11 11 11 10 8 7 4 2 2 2 0 0 0 0 0 0
"173" 173 0.0 115 111 57 56 47 25 19 19 17 13 12 6 1 1 1 0 0 0 0 0
"174" 174 0.0 244 98 55 23 19 14 13 11 6 6 4 3 2 1 1 0 0 0 0 0
"175" 175 0.433035714286 160 93 64 50 48 34 23 14 4 3 2 2 2 1 0 0 0 0 0 0
"176" 176 0.206896551724 82 80 74 59 48 35 31 19 16 14 12 10 9 6 3 2 0 0 0 0
"177" 177 0.100775193798 383 40 23 14 10 9 8 4 2 1 1 1 1 1 1 1 0 0 0 0
"178" 178 0.586538461538 498 1 1 0 0 0 0 0 0 0 0 0 0 0 0 0 0 0 0 0
"179" 179 0.0950570342205 163 160 52 26 21 20 13 11 10 6 5 4 4 3 1 1 0 0 0 0
"180" 180 0.435233160622 219 120 98 26 11 8 6 4 3 2 2 1 0 0 0 0 0 0 0 0
"181" 181 0.0149253731343 385 34 17 16 13 12 5 3 3 2 2 2 2 1 1 1 1 0 0 0
"182" 182 0.591240875912 238 57 42 32 26 20 19 15 15 14 8 8 2 2 1 1 0 0 0 0
"183" 183 0.474452554745 159 121 83 59 23 17 10 8 7 4 3 3 1 1 1 0 0 0 0 0
"184" 184 0.0494296577947 275 79 78 42 16 3 3 2 1 1 0 0 0 0 0 0 0 0 0 0
"185" 185 0.526785714286 193 69 51 50 38 32 29 22 9 4 2 1 0 0 0 0 0 0 0 0
"186" 186 0.117948717949 112 105 94 72 21 18 17 14 10 9 8 7 5 3 2 2 1 0 0 0
"187" 187 0.0 154 121 99 42 41 15 9 8 4 3 2 1 1 0 0 0 0 0 0 0
"188" 188 0.121076233184 285 47 46 36 30 27 11 8 4 2 1 1 1 1 0 0 0 0 0 0
"189" 189 0.266423357664 169 90 84 56 54 15 10 8 5 4 3 2 0 0 0 0 0 0 0 0
"190" 190 0.0 352 68 51 17 5 3 1 1 1 1 0 0 0 0 0 0 0 0 0 0
"191" 191 0.0684410646388 250 101 52 32 24 9 8 7 6 4 3 2 1 1 0 0 0 0 0 0
"192" 192 0.477678571429 218 116 38 20 19 16 14 14 13 11 9 8 2 1 1 0 0 0 0 0
"193" 193 0.328467153285 103 90 90 55 54 30 24 22 18 5 4 2 1 1 1 0 0 0 0 0
"194" 194 0.0 127 103 103 56 41 16 13 11 8 7 4 4 4 1 1 1 0 0 0 0
"195" 195 0.17880794702 152 54 48 44 39 38 36 25 22 16 7 7 4 4 2 1 1 0 0 0
"196" 196 0.627906976744 86 71 63 63 57 55 27 21 21 11 9 7 5 2 2 0 0 0 0 0
"197" 197 0.416243654822 140 94 82 35 27 24 22 19 18 16 8 5 4 3 2 1 0 0 0 0
"198" 198 0.0689655172414 115 109 68 47 43 28 22 22 17 13 5 5 4 2 0 0 0 0 0 0
"199" 199 0.389937106918 230 56 42 41 33 19 18 14 12 11 10 8 4 1 1 0 0 0 0 0
"200" 200 0.125 493 6 1 0 0 0 0 0 0 0 0 0 0 0 0 0 0 0 0 0
"201" 201 0.077519379845 211 169 39 32 14 12 8 5 4 3 1 1 1 0 0 0 0 0 0 0
"202" 202 0.533678756477 126 96 73 53 42 29 21 18 13 13 8 5 2 1 0 0 0 0 0 0
"203" 203 0.405063291139 90 78 69 54 46 46 31 26 16 13 12 8 7 1 1 1 1 0 0 0
"204" 204 0.00512820512821 116 72 69 51 44 35 28 21 19 15 14 7 4 2 2 1 0 0 0 0
"205" 205 0.287356321839 171 105 50 45 34 23 17 17 8 8 8 5 3 3 2 1 0 0 0 0
"206" 206 0.517857142857 150 99 76 32 26 21 20 18 16 12 10 10 6 3 1 0 0 0 0 0
"207" 207 0.0384615384615 236 58 44 32 30 27 21 18 8 8 7 6 4 1 0 0 0 0 0 0
"208" 208 0.015503875969 302 95 36 23 8 7 7 6 5 3 3 2 1 1 1 0 0 0 0 0
"209" 209 0.561181434599 153 120 83 31 23 23 12 12 10 10 10 8 2 1 1 1 0 0 0 0
"210" 210 0.344827586207 132 69 62 47 45 33 25 21 19 18 12 6 4 3 3 1 0 0 0 0
"211" 211 0.0543933054393 143 55 53 47 46 41 36 21 18 17 10 6 6 1 0 0 0 0 0 0
"212" 212 0.153846153846 336 59 54 29 7 6 5 1 1 1 1 0 0 0 0 0 0 0 0 0
"213" 213 0.5 139 83 71 59 42 30 30 11 10 6 5 5 4 3 2 0 0 0 0 0
"214" 214 0.307984790875 169 56 49 42 40 38 34 20 20 10 9 5 3 2 2 1 0 0 0 0
"215" 215 0.18410041841 174 112 59 49 30 23 17 9 7 6 4 4 3 1 1 1 0 0 0 0
"216" 216 0.96511627907 166 112 76 55 31 22 13 7 6 5 4 3 0 0 0 0 0 0 0 0
