"site" "RSA" "aa1" "aa2" "aa3" "aa4" "aa5" "aa6" "aa7" "aa8" "aa9" "aa10" "aa11" "aa12" "aa13" "aa14" "aa15" "aa16" "aa17" "aa18" "aa19" "aa20"
"0" 0 0.773255813953 171 84 52 48 40 33 25 16 13 12 5 1 0 0 0 0 0 0 0 0
"1" 1 0.313432835821 294 61 48 19 13 12 11 10 8 8 6 3 3 2 1 1 0 0 0 0
"2" 2 0.15611814346 211 179 52 18 18 12 5 2 1 1 1 0 0 0 0 0 0 0 0 0
"3" 3 0.0 211 123 74 58 10 8 5 4 2 2 1 1 1 0 0 0 0 0 0 0
"4" 4 0.0 290 206 2 1 1 0 0 0 0 0 0 0 0 0 0 0 0 0 0 0
"5" 5 0.0 245 107 55 21 19 13 13 8 6 4 4 3 1 1 0 0 0 0 0 0
"6" 6 0.046357615894 296 138 39 8 6 6 4 1 1 1 0 0 0 0 0 0 0 0 0 0
"7" 7 0.0 325 78 42 28 7 5 4 3 3 3 1 1 0 0 0 0 0 0 0 0
"8" 8 0.149253731343 178 151 69 34 16 12 8 8 6 5 4 4 4 1 0 0 0 0 0 0
"9" 9 0.31007751938 155 98 92 35 27 22 20 12 10 9 7 6 4 2 1 0 0 0 0 0
"10" 10 0.108527131783 271 99 89 18 8 7 2 2 1 1 1 1 0 0 0 0 0 0 0 0
"11" 11 0.383419689119 348 48 33 17 12 11 11 8 6 3 1 1 1 0 0 0 0 0 0 0
"12" 12 0.422053231939 103 87 65 46 42 36 33 25 21 18 10 7 4 2 1 0 0 0 0 0
"13" 13 0.635658914729 298 58 51 27 23 13 13 10 2 2 1 1 1 0 0 0 0 0 0 0
"14" 14 0.420512820513 165 93 68 52 52 34 9 8 6 5 4 2 1 1 0 0 0 0 0 0
"15" 15 0.1589958159 84 64 62 51 45 36 34 27 26 21 19 14 5 3 3 3 2 1 0 0
"16" 16 0.341085271318 185 111 56 44 20 15 14 12 12 10 5 4 3 3 3 3 0 0 0 0
"17" 17 0.370860927152 242 46 42 39 26 26 22 22 11 8 7 5 2 2 0 0 0 0 0 0
"18" 18 0.0580357142857 255 83 32 27 24 22 17 10 8 6 5 5 2 2 1 1 0 0 0 0
"19" 19 0.0 264 150 18 17 17 10 10 7 2 2 2 1 0 0 0 0 0 0 0 0
"20" 20 0.364341085271 116 85 75 74 39 36 26 13 9 7 6 5 4 3 1 1 0 0 0 0
"21" 21 0.215328467153 248 98 60 39 16 13 9 5 4 2 2 1 1 1 1 0 0 0 0 0
"22" 22 0.0 127 103 70 52 37 19 17 17 16 12 9 8 4 4 3 1 1 0 0 0
"23" 23 0.3125 147 128 81 36 28 17 15 13 12 10 4 3 2 2 1 1 0 0 0 0
"24" 24 0.620535714286 230 65 47 41 38 25 22 14 6 5 2 2 1 1 1 0 0 0 0 0
"25" 25 0.0988372093023 301 150 33 6 6 4 0 0 0 0 0 0 0 0 0 0 0 0 0 0
"26" 26 0.373056994819 276 51 37 32 29 24 12 9 8 8 6 3 3 2 0 0 0 0 0 0
"27" 27 0.0232558139535 342 84 21 19 17 9 3 2 1 1 1 0 0 0 0 0 0 0 0 0
"28" 28 0.272321428571 157 143 98 28 13 13 11 11 8 8 4 3 2 1 0 0 0 0 0 0
"29" 29 0.0456273764259 205 140 71 22 17 16 14 7 7 1 0 0 0 0 0 0 0 0 0 0
"30" 30 0.0 108 98 74 51 50 48 42 22 5 1 1 0 0 0 0 0 0 0 0 0
"31" 31 0.0 209 190 77 18 2 2 1 1 0 0 0 0 0 0 0 0 0 0 0 0
"32" 32 0.0 443 19 9 7 5 4 4 3 2 2 1 1 0 0 0 0 0 0 0 0
"33" 33 0.0310880829016 204 127 69 53 15 9 7 7 3 3 1 1 1 0 0 0 0 0 0 0
"34" 34 0.0406091370558 388 68 19 12 3 3 2 2 1 1 1 0 0 0 0 0 0 0 0 0
"35" 35 0.0366972477064 234 82 40 35 34 24 20 19 5 3 2 1 1 0 0 0 0 0 0 0
"36" 36 0.165803108808 469 10 5 5 2 2 1 1 1 1 1 1 1 0 0 0 0 0 0 0
"37" 37 0.211538461538 500 0 0 0 0 0 0 0 0 0 0 0 0 0 0 0 0 0 0 0
"38" 38 0.650224215247 247 67 48 45 35 21 9 8 6 5 3 2 2 1 1 0 0 0 0 0
"39" 39 0.171548117155 239 165 72 6 4 3 3 3 2 1 1 1 0 0 0 0 0 0 0 0
"40" 40 0.0459770114943 247 124 56 28 9 8 6 5 5 5 4 2 1 0 0 0 0 0 0 0
"41" 41 0.635220125786 269 92 87 31 13 4 3 1 0 0 0 0 0 0 0 0 0 0 0 0
"42" 42 0.45641025641 144 99 49 46 41 35 25 15 12 11 8 6 6 3 0 0 0 0 0 0
"43" 43 0.664974619289 130 122 73 50 50 22 16 12 9 5 4 4 2 1 0 0 0 0 0 0
"44" 44 0.198675496689 170 162 80 54 10 6 5 3 3 2 2 2 1 0 0 0 0 0 0 0
"45" 45 0.0962343096234 198 88 48 45 43 27 24 10 9 3 1 1 1 1 1 0 0 0 0 0
"46" 46 0.307692307692 183 106 99 47 24 13 7 5 5 3 3 2 2 1 0 0 0 0 0 0
"47" 47 0.131782945736 158 100 65 45 42 37 28 8 5 4 2 2 2 1 1 0 0 0 0 0
"48" 48 0.740932642487 110 92 73 51 48 44 36 12 11 11 10 1 1 0 0 0 0 0 0 0
"49" 49 0.252873563218 109 100 79 60 35 25 19 14 12 12 9 8 7 3 3 2 2 1 0 0
"50" 50 0.0 265 70 48 40 31 15 11 9 5 3 1 1 1 0 0 0 0 0 0 0
"51" 51 0.294573643411 206 90 56 36 31 30 19 9 8 8 2 2 1 1 1 0 0 0 0 0
"52" 52 0.483443708609 111 85 58 56 51 37 28 20 17 16 6 5 4 3 2 1 0 0 0 0
"53" 53 0.0137614678899 91 84 83 72 46 29 26 15 12 12 11 6 5 3 3 2 0 0 0 0
"54" 54 0.189781021898 194 55 49 47 29 23 22 21 19 14 9 8 4 3 2 1 0 0 0 0
"55" 55 0.675105485232 120 88 81 67 35 26 21 17 14 11 10 8 1 1 0 0 0 0 0 0
"56" 56 0.377990430622 189 107 50 49 24 23 22 15 7 7 3 1 1 1 1 0 0 0 0 0
"57" 57 0.0596026490066 377 34 31 18 17 6 3 3 3 2 2 1 1 1 1 0 0 0 0 0
"58" 58 0.759493670886 208 145 46 36 25 20 10 6 3 1 0 0 0 0 0 0 0 0 0 0
"59" 59 0.144278606965 351 72 34 12 10 8 4 3 2 1 1 1 1 0 0 0 0 0 0 0
"60" 60 0.224137931034 137 91 55 51 50 34 25 14 13 12 9 6 2 1 0 0 0 0 0 0
"61" 61 0.0 427 29 17 7 6 5 3 2 1 1 1 1 0 0 0 0 0 0 0 0
"62" 62 0.0 248 147 25 20 19 12 10 8 4 3 2 1 1 0 0 0 0 0 0 0
"63" 63 0.0 221 111 57 56 30 18 2 2 1 1 1 0 0 0 0 0 0 0 0 0
"64" 64 0.0 346 104 15 11 6 4 4 4 2 2 1 1 0 0 0 0 0 0 0 0
"65" 65 0.0 202 92 89 45 36 14 10 3 3 2 1 1 1 1 0 0 0 0 0 0
"66" 66 0.0137614678899 403 17 14 14 14 13 6 6 5 5 2 1 0 0 0 0 0 0 0 0
"67" 67 0.0114942528736 156 84 74 65 34 27 22 20 9 3 3 3 0 0 0 0 0 0 0 0
"68" 68 0.241379310345 191 149 31 23 23 19 18 12 9 8 4 3 3 3 2 2 0 0 0 0
"69" 69 0.414507772021 350 41 30 25 25 12 11 6 0 0 0 0 0 0 0 0 0 0 0 0
"70" 70 0.0062893081761 257 157 36 17 13 10 4 3 3 0 0 0 0 0 0 0 0 0 0 0
"71" 71 0.200892857143 204 100 53 37 29 21 14 13 7 7 5 4 3 1 1 1 0 0 0 0
"72" 72 0.481751824818 181 72 70 57 51 24 24 13 4 3 1 0 0 0 0 0 0 0 0 0
"73" 73 0.304182509506 191 184 20 17 15 12 11 11 9 9 8 8 5 0 0 0 0 0 0 0
"74" 74 0.0114942528736 116 100 58 54 46 39 28 25 22 6 4 1 1 0 0 0 0 0 0 0
"75" 75 0.464285714286 142 100 66 50 40 19 18 18 17 12 8 6 1 1 1 1 0 0 0 0
"76" 76 0.325581395349 90 59 57 51 48 48 41 37 32 16 9 3 3 2 2 2 0 0 0 0
"77" 77 0.00836820083682 193 113 91 29 29 29 6 3 3 2 1 1 0 0 0 0 0 0 0 0
"78" 78 0.22480620155 271 40 38 34 29 28 18 11 9 6 5 4 4 1 1 1 0 0 0 0
"79" 79 0.681614349776 114 95 63 63 36 36 22 21 18 12 10 7 1 1 1 0 0 0 0 0
"80" 80 0.0697674418605 393 53 45 5 1 1 1 1 0 0 0 0 0 0 0 0 0 0 0 0
"81" 81 0.182692307692 499 1 0 0 0 0 0 0 0 0 0 0 0 0 0 0 0 0 0 0
"82" 82 0.0542635658915 280 201 9 4 3 2 1 0 0 0 0 0 0 0 0 0 0 0 0 0
"83" 83 0.305699481865 430 44 8 6 3 2 2 2 1 1 1 0 0 0 0 0 0 0 0 0
"84" 84 0.0152284263959 96 88 88 62 45 36 34 23 8 8 8 2 1 1 0 0 0 0 0 0
"85" 85 0.0 158 100 50 48 42 37 36 10 7 6 5 1 0 0 0 0 0 0 0 0
"86" 86 0.0 199 75 72 61 46 43 3 1 0 0 0 0 0 0 0 0 0 0 0 0
"87" 87 0.010152284264 141 120 98 79 35 24 1 1 1 0 0 0 0 0 0 0 0 0 0 0
"88" 88 0.0 389 58 24 7 7 4 4 3 2 2 0 0 0 0 0 0 0 0 0 0
"89" 89 0.127906976744 158 86 72 37 26 26 19 15 15 14 13 6 5 3 2 2 1 0 0 0
"90" 90 0.272321428571 178 95 73 44 28 22 15 12 11 9 9 3 1 0 0 0 0 0 0 0
"91" 91 0.0529801324503 326 129 29 8 4 2 1 1 0 0 0 0 0 0 0 0 0 0 0 0
"92" 92 0.104651162791 340 95 21 17 9 4 3 3 3 2 1 1 1 0 0 0 0 0 0 0
"93" 93 0.850364963504 327 66 56 18 14 9 5 3 1 1 0 0 0 0 0 0 0 0 0 0
"94" 94 0.636363636364 227 77 53 41 33 31 13 8 5 5 3 2 1 1 0 0 0 0 0 0
"95" 95 0.147208121827 154 100 78 52 37 25 9 8 7 7 6 6 4 2 2 2 1 0 0 0
"96" 96 0.406698564593 106 72 64 64 55 33 23 21 18 15 12 10 4 3 0 0 0 0 0 0
"97" 97 0.317307692308 145 88 48 43 41 40 30 24 22 6 3 3 3 2 1 1 0 0 0 0
"98" 98 0.0232558139535 136 132 69 68 24 19 18 18 6 5 3 1 1 0 0 0 0 0 0 0
"99" 99 0.0 328 56 32 30 14 10 8 7 5 3 3 2 1 1 0 0 0 0 0 0
"100" 100 0.488789237668 156 97 59 54 37 28 23 21 6 5 5 3 3 1 1 1 0 0 0 0
"101" 101 0.430379746835 162 71 61 47 43 37 26 14 10 10 7 5 3 2 1 1 0 0 0 0
"102" 102 0.0 315 48 26 23 21 19 19 9 7 4 3 2 2 2 0 0 0 0 0 0
"103" 103 0.371308016878 82 81 81 78 48 28 20 18 17 16 10 8 6 3 2 1 1 0 0 0
"104" 104 0.705426356589 93 92 87 56 50 35 22 18 14 13 7 7 3 2 1 0 0 0 0 0
"105" 105 0.271317829457 239 51 40 26 24 18 16 14 14 13 12 9 9 7 5 2 1 0 0 0
"106" 106 0.673076923077 495 5 0 0 0 0 0 0 0 0 0 0 0 0 0 0 0 0 0 0
"107" 107 0.0733944954128 165 131 62 46 35 20 12 6 6 4 4 3 3 2 1 0 0 0 0 0
"108" 108 0.472573839662 112 98 89 86 48 33 9 9 6 4 4 1 1 0 0 0 0 0 0 0
"109" 109 0.0 315 108 40 27 4 2 2 1 1 0 0 0 0 0 0 0 0 0 0 0
"110" 110 0.0 428 59 13 0 0 0 0 0 0 0 0 0 0 0 0 0 0 0 0 0
"111" 111 0.0 149 87 84 74 47 22 15 12 3 2 2 2 1 0 0 0 0 0 0 0
"112" 112 0.0 408 32 28 8 5 4 4 4 3 2 1 1 0 0 0 0 0 0 0 0
"113" 113 0.0 207 151 59 22 16 15 14 7 4 2 1 1 1 0 0 0 0 0 0 0
"114" 114 0.153846153846 97 88 76 71 67 45 22 10 7 7 5 3 1 1 0 0 0 0 0 0
"115" 115 0.150943396226 129 52 52 43 40 33 33 23 17 17 15 14 12 7 5 4 3 1 0 0
"116" 116 0.692307692308 112 99 76 61 30 25 24 21 20 16 7 5 3 1 0 0 0 0 0 0
"117" 117 0.151162790698 134 118 82 37 33 25 18 15 11 9 9 6 1 1 1 0 0 0 0 0
"118" 118 0.465408805031 210 146 42 36 21 14 13 10 4 2 1 1 0 0 0 0 0 0 0 0
"119" 119 0.093023255814 115 89 79 50 39 28 18 15 15 11 8 8 8 5 5 4 3 0 0 0
"120" 120 0.470930232558 134 92 81 42 42 35 20 15 14 10 8 4 2 1 0 0 0 0 0 0
"121" 121 0.248062015504 103 78 67 60 53 26 25 23 18 11 10 6 6 5 4 3 2 0 0 0
"122" 122 0.0 174 61 45 34 33 31 27 22 21 19 15 9 5 2 2 0 0 0 0 0
"123" 123 0.388392857143 104 99 76 74 51 34 29 16 6 6 4 1 0 0 0 0 0 0 0 0
"124" 124 0.534591194969 191 69 56 28 27 24 22 20 15 15 11 11 10 1 0 0 0 0 0 0
"125" 125 0.00995024875622 221 113 71 62 10 6 4 4 3 2 1 1 1 1 0 0 0 0 0 0
"126" 126 0.00995024875622 292 46 40 35 23 21 14 8 6 5 4 2 2 1 1 0 0 0 0 0
"127" 127 0.616580310881 113 100 65 58 46 36 29 17 14 9 6 4 2 1 0 0 0 0 0 0
"128" 128 0.0796019900498 221 68 42 38 35 35 22 20 5 4 3 3 2 1 1 0 0 0 0 0
"129" 129 0.0574712643678 185 152 48 40 40 23 6 3 2 1 0 0 0 0 0 0 0 0 0 0
"130" 130 0.284974093264 363 86 13 8 8 7 4 3 3 3 2 0 0 0 0 0 0 0 0 0
"131" 131 0.00896860986547 145 127 57 30 22 21 20 18 15 11 11 8 7 3 2 1 1 1 0 0
"132" 132 0.0 187 60 51 50 44 35 33 22 10 3 2 2 1 0 0 0 0 0 0 0
"133" 133 0.0 102 91 88 60 41 39 25 20 17 12 4 1 0 0 0 0 0 0 0 0
"134" 134 0.0 176 135 127 15 10 9 7 6 6 2 2 2 1 1 1 0 0 0 0 0
"135" 135 0.0183486238532 120 119 98 65 30 26 19 9 7 4 2 1 0 0 0 0 0 0 0 0
"136" 136 0.0 287 110 70 8 7 6 4 3 2 2 1 0 0 0 0 0 0 0 0 0
"137" 137 0.0459770114943 155 105 71 46 31 21 16 11 10 8 6 6 5 4 3 1 1 0 0 0
"138" 138 0.441025641026 214 56 52 49 26 24 16 14 11 10 10 6 6 5 1 0 0 0 0 0
"139" 139 0.138364779874 205 194 36 28 14 6 5 5 3 1 1 1 1 0 0 0 0 0 0 0
"140" 140 0.0480769230769 500 0 0 0 0 0 0 0 0 0 0 0 0 0 0 0 0 0 0 0
"141" 141 0.464435146444 140 95 78 74 44 22 15 11 7 5 4 3 1 1 0 0 0 0 0 0
"142" 142 0.519230769231 124 114 83 49 44 24 14 12 11 7 6 4 4 3 1 0 0 0 0 0
"143" 143 0.586538461538 480 19 1 0 0 0 0 0 0 0 0 0 0 0 0 0 0 0 0 0
"144" 144 0.210762331839 171 70 54 45 30 24 23 19 14 13 12 10 7 5 1 1 1 0 0 0
"145" 145 0.651162790698 146 106 72 65 36 29 14 11 10 4 3 2 1 1 0 0 0 0 0 0
"146" 146 0.167364016736 249 212 22 6 4 2 2 2 1 0 0 0 0 0 0 0 0 0 0 0
"147" 147 0.187817258883 147 121 87 63 33 22 8 6 4 4 3 2 0 0 0 0 0 0 0 0
"148" 148 0.427672955975 167 111 73 45 38 23 21 6 5 4 4 2 1 0 0 0 0 0 0 0
"149" 149 0.513392857143 165 128 67 41 37 21 18 12 5 4 2 0 0 0 0 0 0 0 0 0
"150" 150 0.0253164556962 209 117 63 39 23 21 15 4 3 2 1 1 1 1 0 0 0 0 0 0
"151" 151 0.119402985075 225 79 49 29 23 22 15 11 11 11 7 6 5 3 2 2 0 0 0 0
"152" 152 0.611607142857 126 103 76 68 37 35 30 7 7 5 4 1 1 0 0 0 0 0 0 0
"153" 153 0.0970464135021 184 80 54 37 30 21 19 17 15 15 14 7 3 2 1 1 0 0 0 0
"154" 154 0.0 183 175 53 27 22 22 9 3 3 2 1 0 0 0 0 0 0 0 0 0
"155" 155 0.356589147287 232 47 45 39 38 27 18 15 15 9 8 4 1 1 1 0 0 0 0 0
"156" 156 0.296511627907 122 69 57 51 40 29 27 21 20 18 18 17 6 2 1 1 1 0 0 0
"157" 157 0.0 111 73 70 68 47 39 26 20 11 11 9 6 3 3 2 1 0 0 0 0
"158" 158 0.147286821705 94 91 67 53 37 36 33 31 23 14 10 4 4 2 1 0 0 0 0 0
"159" 159 0.510548523207 143 90 77 46 43 24 24 17 15 13 3 2 1 1 1 0 0 0 0 0
"160" 160 0.13829787234 236 59 49 36 30 21 19 10 10 8 7 5 5 4 1 0 0 0 0 0
"161" 161 0.222627737226 295 61 59 37 24 5 5 3 2 2 2 2 1 1 1 0 0 0 0 0
"162" 162 0.683937823834 151 80 78 75 42 21 17 8 7 5 4 4 4 2 1 1 0 0 0 0
"163" 163 0.46875 187 64 56 48 47 22 16 15 14 10 9 7 3 1 1 0 0 0 0 0
"164" 164 0.337552742616 240 80 72 31 17 15 14 13 6 5 2 2 1 1 1 0 0 0 0 0
"165" 165 0.692307692308 261 233 4 2 0 0 0 0 0 0 0 0 0 0 0 0 0 0 0 0
"166" 166 0.228855721393 375 34 21 20 13 9 7 5 4 4 3 2 1 1 1 0 0 0 0 0
"167" 167 0.761589403974 363 72 37 15 8 4 1 0 0 0 0 0 0 0 0 0 0 0 0 0
"168" 168 0.0334728033473 303 73 42 25 17 11 10 7 3 3 2 1 1 1 1 0 0 0 0 0
"169" 169 0.176165803109 167 68 57 41 40 32 27 20 17 9 8 7 3 3 1 0 0 0 0 0
"170" 170 0.0 353 41 36 35 15 11 6 2 1 0 0 0 0 0 0 0 0 0 0 0
"171" 171 0.0 260 143 35 21 12 10 7 7 2 1 1 1 0 0 0 0 0 0 0 0
"172" 172 0.0 224 131 94 36 5 4 2 2 1 1 0 0 0 0 0 0 0 0 0 0
"173" 173 0.0829015544041 155 153 129 21 19 10 6 3 2 1 1 0 0 0 0 0 0 0 0 0
"174" 174 0.0673076923077 500 0 0 0 0 0 0 0 0 0 0 0 0 0 0 0 0 0 0 0
"175" 175 0.259615384615 409 31 15 14 10 8 7 3 2 1 0 0 0 0 0 0 0 0 0 0
"176" 176 0.0344827586207 186 127 96 29 22 19 10 7 3 1 0 0 0 0 0 0 0 0 0 0
"177" 177 0.20725388601 312 101 44 16 14 5 3 2 1 1 1 0 0 0 0 0 0 0 0 0
"178" 178 0.312820512821 157 94 78 48 41 20 15 15 11 6 5 4 4 2 0 0 0 0 0 0
"179" 179 0.704641350211 127 104 79 66 49 28 16 12 8 7 3 1 0 0 0 0 0 0 0 0
"180" 180 0.139534883721 142 136 116 38 29 13 11 7 4 2 1 1 0 0 0 0 0 0 0 0
"181" 181 0.0 203 137 71 55 9 9 5 3 3 3 1 1 0 0 0 0 0 0 0 0
"182" 182 0.310218978102 151 73 61 47 37 33 27 19 15 11 10 9 5 1 1 0 0 0 0 0
"183" 183 0.325581395349 212 102 58 32 23 17 14 13 10 5 4 4 3 1 1 1 0 0 0 0
"184" 184 0.0 147 86 86 61 43 40 11 9 5 5 3 2 1 1 0 0 0 0 0 0
"185" 185 0.365019011407 193 102 55 50 37 13 11 8 8 8 5 3 2 2 1 1 1 0 0 0
"186" 186 0.575892857143 126 113 75 44 42 27 19 15 15 7 7 4 3 3 0 0 0 0 0 0
"187" 187 0.15503875969 451 17 8 5 5 4 3 3 2 1 1 0 0 0 0 0 0 0 0 0
"188" 188 0.201923076923 500 0 0 0 0 0 0 0 0 0 0 0 0 0 0 0 0 0 0 0
"189" 189 0.015503875969 304 137 23 19 7 6 2 1 1 0 0 0 0 0 0 0 0 0 0 0
"190" 190 0.102564102564 155 94 80 70 58 23 8 5 2 1 1 1 1 1 0 0 0 0 0 0
"191" 191 0.0 177 108 62 48 23 14 13 12 11 10 10 8 2 1 1 0 0 0 0 0
"192" 192 0.0 398 87 6 4 2 1 1 1 0 0 0 0 0 0 0 0 0 0 0 0
"193" 193 0.0 203 108 92 54 17 14 10 1 1 0 0 0 0 0 0 0 0 0 0 0
"194" 194 0.015503875969 382 36 29 26 13 6 3 2 1 1 1 0 0 0 0 0 0 0 0 0
"195" 195 0.163461538462 477 11 6 4 2 0 0 0 0 0 0 0 0 0 0 0 0 0 0 0
"196" 196 0.390728476821 95 86 71 65 61 25 21 17 16 13 12 6 5 3 2 1 1 0 0 0
"197" 197 0.0760456273764 93 80 63 56 53 33 28 26 18 14 12 12 9 1 1 1 0 0 0 0
"198" 198 0.0 151 98 69 56 41 32 22 11 7 6 4 1 1 1 0 0 0 0 0 0
"199" 199 0.100418410042 255 77 67 27 23 22 12 5 3 3 3 2 1 0 0 0 0 0 0 0
"200" 200 0.666666666667 288 73 30 29 27 25 12 5 4 2 2 2 1 0 0 0 0 0 0 0
"201" 201 0.139534883721 131 121 58 41 41 34 13 12 11 10 7 6 4 4 3 2 1 1 0 0
"202" 202 0.774834437086 205 109 53 47 47 17 12 3 3 2 1 1 0 0 0 0 0 0 0 0
"203" 203 0.40932642487 303 38 34 27 23 14 13 13 11 10 9 2 1 1 1 0 0 0 0 0
"204" 204 0.0149253731343 183 84 47 34 33 29 23 22 20 8 6 4 3 3 1 0 0 0 0 0
"205" 205 0.298850574713 155 69 67 62 33 23 18 16 15 13 11 9 4 4 1 0 0 0 0 0
"206" 206 0.377483443709 126 101 70 60 33 25 22 15 12 9 7 7 6 3 3 1 0 0 0 0
"207" 207 0.139013452915 191 112 103 44 31 11 4 2 1 1 0 0 0 0 0 0 0 0 0 0
"208" 208 0.0 99 99 96 72 38 22 18 16 11 9 8 7 2 1 1 1 0 0 0 0
"209" 209 0.399103139013 129 104 54 42 37 37 26 25 16 14 6 6 2 1 1 0 0 0 0 0
"210" 210 0.244186046512 143 109 102 41 22 21 15 14 10 7 7 3 3 1 1 1 0 0 0 0
"211" 211 0.0 186 151 88 14 14 14 10 6 5 4 3 3 2 0 0 0 0 0 0 0
"212" 212 0.175182481752 100 78 62 55 40 34 28 24 21 17 14 11 7 6 1 1 1 0 0 0
"213" 213 0.56976744186 152 83 72 44 42 26 25 22 14 8 5 3 3 1 0 0 0 0 0 0
"214" 214 0.201550387597 424 19 17 9 8 5 4 3 3 3 1 1 1 1 1 0 0 0 0 0
"215" 215 0.0348258706468 184 176 41 33 29 6 5 5 5 4 4 3 2 2 1 0 0 0 0 0
"216" 216 0.851282051282 168 147 64 54 26 18 9 8 4 1 1 0 0 0 0 0 0 0 0 0
