"site" "RSA" "aa1" "aa2" "aa3" "aa4" "aa5" "aa6" "aa7" "aa8" "aa9" "aa10" "aa11" "aa12" "aa13" "aa14" "aa15" "aa16" "aa17" "aa18" "aa19" "aa20"
"0" 0 0.324503311258 467 30 3 0 0 0 0 0 0 0 0 0 0 0 0 0 0 0 0 0
"1" 1 0.548076923077 500 0 0 0 0 0 0 0 0 0 0 0 0 0 0 0 0 0 0 0
"2" 2 0.569230769231 171 146 71 36 32 31 7 5 1 0 0 0 0 0 0 0 0 0 0 0
"3" 3 0.0 354 66 51 20 5 3 1 0 0 0 0 0 0 0 0 0 0 0 0 0
"4" 4 0.583941605839 240 65 63 40 22 16 13 10 9 9 6 4 3 0 0 0 0 0 0 0
"5" 5 0.451776649746 476 18 3 1 1 1 0 0 0 0 0 0 0 0 0 0 0 0 0 0
"6" 6 0.480769230769 500 0 0 0 0 0 0 0 0 0 0 0 0 0 0 0 0 0 0 0
"7" 7 0.459915611814 261 132 45 41 13 5 3 0 0 0 0 0 0 0 0 0 0 0 0 0
"8" 8 0.616352201258 390 32 28 25 10 7 3 2 2 1 0 0 0 0 0 0 0 0 0 0
"9" 9 0.062015503876 177 134 129 52 5 2 1 0 0 0 0 0 0 0 0 0 0 0 0 0
"10" 10 0.106918238994 184 72 60 56 40 36 28 15 4 2 2 1 0 0 0 0 0 0 0 0
"11" 11 0.476683937824 235 84 43 42 22 15 14 12 12 11 6 4 0 0 0 0 0 0 0 0
"12" 12 0.0502092050209 229 189 61 10 6 3 1 1 0 0 0 0 0 0 0 0 0 0 0 0
"13" 13 0.514767932489 188 86 68 48 33 32 20 13 5 3 3 1 0 0 0 0 0 0 0 0
"14" 14 0.0542635658915 411 73 12 3 1 0 0 0 0 0 0 0 0 0 0 0 0 0 0 0
"15" 15 0.220930232558 214 123 106 13 10 6 5 5 5 5 3 2 2 1 0 0 0 0 0 0
"16" 16 0.0 401 87 12 0 0 0 0 0 0 0 0 0 0 0 0 0 0 0 0 0
"17" 17 0.0172413793103 339 149 11 1 0 0 0 0 0 0 0 0 0 0 0 0 0 0 0 0
"18" 18 0.155172413793 184 105 56 52 27 27 22 10 5 4 2 2 2 2 0 0 0 0 0 0
"19" 19 0.704663212435 206 116 39 35 33 27 22 18 3 1 0 0 0 0 0 0 0 0 0 0
"20" 20 0.423076923077 297 86 33 27 23 16 13 2 2 1 0 0 0 0 0 0 0 0 0 0
"21" 21 0.426356589147 130 119 117 83 31 12 3 1 1 1 1 1 0 0 0 0 0 0 0 0
"22" 22 0.359832635983 80 79 76 70 57 38 23 18 17 13 10 8 5 2 2 1 1 0 0 0
"23" 23 0.535864978903 434 23 23 9 3 2 2 2 1 1 0 0 0 0 0 0 0 0 0 0
"24" 24 0.388392857143 248 133 68 26 14 4 3 2 1 1 0 0 0 0 0 0 0 0 0 0
"25" 25 0.0172413793103 286 122 59 16 3 3 2 2 2 1 1 1 1 1 0 0 0 0 0 0
"26" 26 0.329113924051 168 110 60 53 33 31 21 20 2 1 1 0 0 0 0 0 0 0 0 0
"27" 27 0.0845771144279 386 60 21 14 6 5 3 2 1 1 1 0 0 0 0 0 0 0 0 0
"28" 28 0.397350993377 206 121 73 38 14 14 11 11 10 1 1 0 0 0 0 0 0 0 0 0
"29" 29 0.471502590674 271 65 55 31 18 17 8 8 7 7 6 3 2 1 1 0 0 0 0 0
"30" 30 0.133079847909 306 176 12 3 1 1 1 0 0 0 0 0 0 0 0 0 0 0 0 0
"31" 31 0.603375527426 268 102 71 33 7 6 5 4 2 1 1 0 0 0 0 0 0 0 0 0
"32" 32 0.625 500 0 0 0 0 0 0 0 0 0 0 0 0 0 0 0 0 0 0 0
"33" 33 0.413502109705 392 100 6 1 1 0 0 0 0 0 0 0 0 0 0 0 0 0 0 0
"34" 34 0.041825095057 406 74 12 3 3 1 1 0 0 0 0 0 0 0 0 0 0 0 0 0
"35" 35 0.0114942528736 352 110 17 16 3 1 1 0 0 0 0 0 0 0 0 0 0 0 0 0
"36" 36 0.0 229 210 21 21 19 0 0 0 0 0 0 0 0 0 0 0 0 0 0 0
"37" 37 0.0 367 74 29 11 7 6 3 2 1 0 0 0 0 0 0 0 0 0 0 0
"38" 38 0.0 340 76 28 26 14 9 4 1 1 1 0 0 0 0 0 0 0 0 0 0
"39" 39 0.0 345 88 50 8 3 2 2 2 0 0 0 0 0 0 0 0 0 0 0 0
"40" 40 0.0304182509506 201 146 131 12 6 3 1 0 0 0 0 0 0 0 0 0 0 0 0 0
"41" 41 0.0503144654088 405 66 16 13 0 0 0 0 0 0 0 0 0 0 0 0 0 0 0 0
"42" 42 0.303482587065 376 112 8 2 2 0 0 0 0 0 0 0 0 0 0 0 0 0 0 0
"43" 43 0.0518134715026 196 147 110 29 10 5 2 1 0 0 0 0 0 0 0 0 0 0 0 0
"44" 44 0.430962343096 383 70 35 5 3 2 1 1 0 0 0 0 0 0 0 0 0 0 0 0
"45" 45 0.232558139535 203 166 111 14 6 0 0 0 0 0 0 0 0 0 0 0 0 0 0 0
"46" 46 0.715481171548 321 69 68 17 8 8 7 2 0 0 0 0 0 0 0 0 0 0 0 0
"47" 47 0.212643678161 162 108 88 81 20 19 5 4 3 3 3 2 1 1 0 0 0 0 0 0
"48" 48 0.100628930818 159 100 78 66 43 38 15 1 0 0 0 0 0 0 0 0 0 0 0 0
"49" 49 0.511627906977 118 108 96 62 55 32 9 5 4 4 4 2 1 0 0 0 0 0 0 0
"50" 50 0.0401785714286 157 131 70 46 36 16 15 9 7 7 6 0 0 0 0 0 0 0 0 0
"51" 51 0.010152284264 205 170 52 30 28 5 4 2 1 1 1 1 0 0 0 0 0 0 0 0
"52" 52 0.157360406091 321 78 33 19 17 10 6 5 4 3 3 1 0 0 0 0 0 0 0 0
"53" 53 0.294573643411 189 111 99 31 30 14 12 6 3 3 1 1 0 0 0 0 0 0 0 0
"54" 54 0.00418410041841 204 140 116 31 4 2 1 1 1 0 0 0 0 0 0 0 0 0 0 0
"55" 55 0.0 375 107 18 0 0 0 0 0 0 0 0 0 0 0 0 0 0 0 0 0
"56" 56 0.512820512821 175 101 92 43 30 13 12 12 9 6 3 2 1 1 0 0 0 0 0 0
"57" 57 0.277372262774 261 54 53 47 42 16 13 8 2 2 2 0 0 0 0 0 0 0 0 0
"58" 58 0.015503875969 264 138 64 21 9 3 1 0 0 0 0 0 0 0 0 0 0 0 0 0
"59" 59 0.495535714286 119 117 92 87 47 16 12 8 2 0 0 0 0 0 0 0 0 0 0 0
"60" 60 0.264248704663 132 105 70 52 49 41 26 7 6 5 3 2 2 0 0 0 0 0 0 0
"61" 61 0.0 454 16 11 11 4 3 1 0 0 0 0 0 0 0 0 0 0 0 0 0
"62" 62 0.255474452555 225 130 64 34 18 9 8 7 4 1 0 0 0 0 0 0 0 0 0 0
"63" 63 0.658227848101 352 78 38 15 8 3 3 2 1 0 0 0 0 0 0 0 0 0 0 0
"64" 64 0.268656716418 241 212 14 11 5 4 4 3 3 2 1 0 0 0 0 0 0 0 0 0
"65" 65 0.259615384615 452 48 0 0 0 0 0 0 0 0 0 0 0 0 0 0 0 0 0 0
"66" 66 0.0 308 173 16 2 1 0 0 0 0 0 0 0 0 0 0 0 0 0 0 0
"67" 67 0.133928571429 402 74 16 7 1 0 0 0 0 0 0 0 0 0 0 0 0 0 0 0
"68" 68 0.0114942528736 465 13 10 8 2 1 1 0 0 0 0 0 0 0 0 0 0 0 0 0
"69" 69 0.0 193 117 113 39 15 7 6 6 4 0 0 0 0 0 0 0 0 0 0 0
"70" 70 0.0 153 137 78 51 34 26 17 4 0 0 0 0 0 0 0 0 0 0 0 0
"71" 71 0.0 412 40 16 14 11 7 0 0 0 0 0 0 0 0 0 0 0 0 0 0
"72" 72 0.0 495 5 0 0 0 0 0 0 0 0 0 0 0 0 0 0 0 0 0 0
"73" 73 0.0229885057471 251 162 23 22 21 16 2 1 1 1 0 0 0 0 0 0 0 0 0 0
"74" 74 0.155440414508 242 216 37 2 1 1 1 0 0 0 0 0 0 0 0 0 0 0 0 0
"75" 75 0.205298013245 497 2 1 0 0 0 0 0 0 0 0 0 0 0 0 0 0 0 0 0
"76" 76 0.165919282511 199 94 60 55 51 13 12 7 4 2 1 1 1 0 0 0 0 0 0 0
"77" 77 0.560669456067 212 103 83 54 36 7 2 2 1 0 0 0 0 0 0 0 0 0 0 0
"78" 78 0.279069767442 285 77 73 35 17 8 2 1 1 1 0 0 0 0 0 0 0 0 0 0
"79" 79 0.0 286 198 12 3 1 0 0 0 0 0 0 0 0 0 0 0 0 0 0 0
"80" 80 0.203980099502 225 111 85 28 19 14 8 4 2 2 1 1 0 0 0 0 0 0 0 0
"81" 81 0.372093023256 391 78 12 8 5 4 1 1 0 0 0 0 0 0 0 0 0 0 0 0
"82" 82 0.00354609929078 178 156 134 13 8 6 2 2 1 0 0 0 0 0 0 0 0 0 0 0
"83" 83 0.0862944162437 195 189 71 37 5 1 1 1 0 0 0 0 0 0 0 0 0 0 0 0
"84" 84 0.610256410256 201 67 66 61 51 39 7 4 2 2 0 0 0 0 0 0 0 0 0 0
"85" 85 0.203488372093 238 140 117 4 1 0 0 0 0 0 0 0 0 0 0 0 0 0 0 0
"86" 86 0.421383647799 252 86 71 54 28 4 2 2 1 0 0 0 0 0 0 0 0 0 0 0
"87" 87 0.248175182482 384 36 31 25 8 7 3 3 2 1 0 0 0 0 0 0 0 0 0 0
"88" 88 0.675105485232 423 41 22 12 1 1 0 0 0 0 0 0 0 0 0 0 0 0 0 0
"89" 89 0.660714285714 246 175 73 5 1 0 0 0 0 0 0 0 0 0 0 0 0 0 0 0
"90" 90 0.346153846154 500 0 0 0 0 0 0 0 0 0 0 0 0 0 0 0 0 0 0 0
"91" 91 0.00961538461538 500 0 0 0 0 0 0 0 0 0 0 0 0 0 0 0 0 0 0 0
"92" 92 0.0 306 163 15 8 6 1 1 0 0 0 0 0 0 0 0 0 0 0 0 0
"93" 93 0.0384615384615 500 0 0 0 0 0 0 0 0 0 0 0 0 0 0 0 0 0 0 0
"94" 94 0.647798742138 153 110 81 66 38 17 9 7 6 4 3 2 2 1 1 0 0 0 0 0
"95" 95 0.0796019900498 224 126 72 36 30 11 1 0 0 0 0 0 0 0 0 0 0 0 0 0
"96" 96 0.446153846154 254 76 67 46 28 15 6 4 3 1 0 0 0 0 0 0 0 0 0 0
"97" 97 0.0304568527919 195 131 66 50 36 12 9 1 0 0 0 0 0 0 0 0 0 0 0 0
"98" 98 0.062893081761 249 108 54 38 23 13 8 3 2 1 1 0 0 0 0 0 0 0 0 0
"99" 99 0.0 219 156 70 42 4 2 2 2 2 1 0 0 0 0 0 0 0 0 0 0
"100" 100 0.0 215 176 73 22 8 4 2 0 0 0 0 0 0 0 0 0 0 0 0 0
"101" 101 0.077519379845 353 128 17 2 0 0 0 0 0 0 0 0 0 0 0 0 0 0 0 0
"102" 102 0.0103626943005 500 0 0 0 0 0 0 0 0 0 0 0 0 0 0 0 0 0 0 0
"103" 103 0.436781609195 314 115 31 14 8 5 4 3 2 2 1 1 0 0 0 0 0 0 0 0
"104" 104 0.656976744186 482 9 4 3 2 0 0 0 0 0 0 0 0 0 0 0 0 0 0 0
"105" 105 0.288321167883 233 96 85 51 22 10 3 0 0 0 0 0 0 0 0 0 0 0 0 0
"106" 106 0.598540145985 341 117 16 6 6 4 3 3 2 1 1 0 0 0 0 0 0 0 0 0
"107" 107 0.0348258706468 291 60 34 33 18 15 14 12 9 8 2 1 1 1 1 0 0 0 0 0
"108" 108 0.0 494 3 2 1 0 0 0 0 0 0 0 0 0 0 0 0 0 0 0 0
"109" 109 0.508928571429 203 186 68 28 14 1 0 0 0 0 0 0 0 0 0 0 0 0 0 0
"110" 110 0.124352331606 205 192 36 32 16 10 3 2 2 1 1 0 0 0 0 0 0 0 0 0
"111" 111 0.0 219 96 71 50 46 12 4 2 0 0 0 0 0 0 0 0 0 0 0 0
"112" 112 0.355769230769 500 0 0 0 0 0 0 0 0 0 0 0 0 0 0 0 0 0 0 0
"113" 113 0.0172413793103 486 8 5 1 0 0 0 0 0 0 0 0 0 0 0 0 0 0 0 0
"114" 114 0.164179104478 400 65 17 12 4 1 1 0 0 0 0 0 0 0 0 0 0 0 0 0
"115" 115 0.151898734177 388 83 7 6 6 3 3 2 1 1 0 0 0 0 0 0 0 0 0 0
"116" 116 0.71511627907 134 132 83 74 35 16 7 5 5 4 3 1 1 0 0 0 0 0 0 0
"117" 117 0.694300518135 361 81 16 13 9 8 7 3 2 0 0 0 0 0 0 0 0 0 0 0
"118" 118 0.482142857143 179 69 40 39 38 36 30 27 17 10 8 4 1 1 1 0 0 0 0 0
"119" 119 0.173076923077 441 35 14 3 2 2 2 1 0 0 0 0 0 0 0 0 0 0 0 0
"120" 120 0.0507614213198 124 122 106 46 38 31 19 9 4 1 0 0 0 0 0 0 0 0 0 0
"121" 121 0.0 463 32 4 1 0 0 0 0 0 0 0 0 0 0 0 0 0 0 0 0
"122" 122 0.254752851711 260 135 42 24 20 17 2 0 0 0 0 0 0 0 0 0 0 0 0 0
"123" 123 0.0474452554745 195 108 65 41 25 17 17 12 10 6 2 1 1 0 0 0 0 0 0 0
"124" 124 0.0 382 105 12 1 0 0 0 0 0 0 0 0 0 0 0 0 0 0 0 0
"125" 125 0.0199004975124 233 157 82 24 2 1 1 0 0 0 0 0 0 0 0 0 0 0 0 0
"126" 126 0.0 264 190 45 1 0 0 0 0 0 0 0 0 0 0 0 0 0 0 0 0
"127" 127 0.0 447 46 4 3 0 0 0 0 0 0 0 0 0 0 0 0 0 0 0 0
"128" 128 0.00507614213198 257 225 8 4 3 2 1 0 0 0 0 0 0 0 0 0 0 0 0 0
"129" 129 0.0673575129534 500 0 0 0 0 0 0 0 0 0 0 0 0 0 0 0 0 0 0 0
"130" 130 0.173076923077 266 195 24 9 3 2 1 0 0 0 0 0 0 0 0 0 0 0 0 0
"131" 131 0.721518987342 191 155 106 20 10 7 6 3 2 0 0 0 0 0 0 0 0 0 0 0
"132" 132 0.0961538461538 499 1 0 0 0 0 0 0 0 0 0 0 0 0 0 0 0 0 0 0
"133" 133 0.183908045977 188 151 76 28 24 23 6 2 2 0 0 0 0 0 0 0 0 0 0 0
"134" 134 0.0 358 110 20 4 3 3 2 0 0 0 0 0 0 0 0 0 0 0 0 0
"135" 135 0.204379562044 471 16 5 4 3 1 0 0 0 0 0 0 0 0 0 0 0 0 0 0
"136" 136 0.156950672646 319 137 6 6 6 5 4 4 4 3 3 2 1 0 0 0 0 0 0 0
"137" 137 0.258883248731 451 19 16 10 3 1 0 0 0 0 0 0 0 0 0 0 0 0 0 0
"138" 138 0.220930232558 117 69 57 53 49 34 34 28 14 11 8 8 6 4 4 2 2 0 0 0
"139" 139 0.385057471264 330 132 34 3 1 0 0 0 0 0 0 0 0 0 0 0 0 0 0 0
"140" 140 0.205128205128 260 64 45 42 24 19 15 15 13 2 1 0 0 0 0 0 0 0 0 0
"141" 141 0.507772020725 445 38 13 1 1 1 1 0 0 0 0 0 0 0 0 0 0 0 0 0
"142" 142 0.174129353234 119 108 106 92 43 17 7 3 2 2 1 0 0 0 0 0 0 0 0 0
"143" 143 0.591194968553 295 85 60 52 6 2 0 0 0 0 0 0 0 0 0 0 0 0 0 0
"144" 144 0.534482758621 301 65 38 31 22 21 11 9 1 1 0 0 0 0 0 0 0 0 0 0
"145" 145 0.278846153846 348 109 13 10 8 4 3 3 2 0 0 0 0 0 0 0 0 0 0 0
"146" 146 0.116788321168 246 124 54 52 20 3 1 0 0 0 0 0 0 0 0 0 0 0 0 0
"147" 147 0.384105960265 154 69 61 59 53 23 21 20 17 12 8 3 0 0 0 0 0 0 0 0
"148" 148 0.0747126436782 246 70 60 50 44 20 8 1 1 0 0 0 0 0 0 0 0 0 0 0
"149" 149 0.507772020725 229 101 65 52 27 11 6 3 2 1 1 1 1 0 0 0 0 0 0 0
"150" 150 0.357142857143 189 108 71 51 42 23 7 6 3 0 0 0 0 0 0 0 0 0 0 0
"151" 151 0.031007751938 170 85 83 36 34 32 13 12 9 9 5 4 3 3 1 1 0 0 0 0
"152" 152 0.0995024875622 271 87 60 20 18 14 11 7 7 2 2 1 0 0 0 0 0 0 0 0
"153" 153 0.160583941606 252 75 64 59 15 9 9 8 2 2 2 2 1 0 0 0 0 0 0 0
"154" 154 0.0995024875622 360 34 32 18 13 11 10 7 7 6 2 0 0 0 0 0 0 0 0 0
"155" 155 0.0 376 68 18 12 10 7 4 3 1 1 0 0 0 0 0 0 0 0 0 0
"156" 156 0.210762331839 306 72 47 40 13 7 5 4 3 2 1 0 0 0 0 0 0 0 0 0
"157" 157 0.077519379845 272 150 29 26 9 6 4 1 1 1 1 0 0 0 0 0 0 0 0 0
"158" 158 0.192468619247 406 24 24 19 17 3 3 3 1 0 0 0 0 0 0 0 0 0 0 0
"159" 159 0.116591928251 373 51 32 21 10 4 4 3 1 1 0 0 0 0 0 0 0 0 0 0
"160" 160 0.285171102662 384 50 15 12 12 8 6 5 3 2 2 1 0 0 0 0 0 0 0 0
"161" 161 0.18023255814 304 56 48 43 24 14 10 1 0 0 0 0 0 0 0 0 0 0 0 0
"162" 162 0.388601036269 303 160 12 12 8 2 1 1 1 0 0 0 0 0 0 0 0 0 0 0
"163" 163 0.625 288 102 45 43 10 5 4 2 1 0 0 0 0 0 0 0 0 0 0 0
"164" 164 0.468899521531 204 103 81 55 29 13 6 5 2 1 1 0 0 0 0 0 0 0 0 0
"165" 165 0.490384615385 204 170 119 6 1 0 0 0 0 0 0 0 0 0 0 0 0 0 0 0
"166" 166 0.191964285714 162 107 95 68 32 21 8 3 1 1 1 1 0 0 0 0 0 0 0 0
"167" 167 0.373563218391 228 133 61 43 11 7 6 4 3 2 2 0 0 0 0 0 0 0 0 0
"168" 168 0.23417721519 324 88 72 6 6 3 1 0 0 0 0 0 0 0 0 0 0 0 0 0
"169" 169 0.163522012579 193 185 92 18 4 3 2 1 1 1 0 0 0 0 0 0 0 0 0 0
"170" 170 0.821705426357 220 136 73 60 10 1 0 0 0 0 0 0 0 0 0 0 0 0 0 0
"171" 171 0.5 494 6 0 0 0 0 0 0 0 0 0 0 0 0 0 0 0 0 0 0
"172" 172 0.0248226950355 376 64 46 12 1 1 0 0 0 0 0 0 0 0 0 0 0 0 0 0
"173" 173 0.548523206751 159 70 64 63 62 49 22 4 2 2 2 1 0 0 0 0 0 0 0 0
"174" 174 0.465408805031 366 36 29 25 15 13 8 4 2 1 1 0 0 0 0 0 0 0 0 0
"175" 175 0.817307692308 500 0 0 0 0 0 0 0 0 0 0 0 0 0 0 0 0 0 0 0
"176" 176 0.344370860927 188 78 67 63 30 26 20 11 6 3 2 2 2 1 1 0 0 0 0 0
"177" 177 0.300518134715 200 116 61 52 21 21 10 9 8 1 1 0 0 0 0 0 0 0 0 0
"178" 178 0.127906976744 416 20 16 14 13 7 5 4 2 2 1 0 0 0 0 0 0 0 0 0
"179" 179 0.137055837563 321 90 32 24 16 15 1 1 0 0 0 0 0 0 0 0 0 0 0 0
"180" 180 0.308016877637 257 158 38 24 7 6 3 3 2 1 1 0 0 0 0 0 0 0 0 0
"181" 181 0.522012578616 281 156 40 11 8 2 1 1 0 0 0 0 0 0 0 0 0 0 0 0
"182" 182 0.384615384615 225 146 98 11 10 6 3 1 0 0 0 0 0 0 0 0 0 0 0 0
"183" 183 0.626436781609 290 114 42 25 12 11 3 2 1 0 0 0 0 0 0 0 0 0 0 0
"184" 184 0.668393782383 329 122 15 13 6 5 5 4 1 0 0 0 0 0 0 0 0 0 0 0
"185" 185 0.373056994819 155 100 95 80 46 5 5 4 4 3 2 1 0 0 0 0 0 0 0 0
"186" 186 0.0927152317881 370 82 33 9 6 0 0 0 0 0 0 0 0 0 0 0 0 0 0 0
"187" 187 0.510548523207 321 87 27 27 17 9 5 4 2 1 0 0 0 0 0 0 0 0 0 0
"188" 188 0.5 300 84 30 28 22 19 9 6 2 0 0 0 0 0 0 0 0 0 0 0
"189" 189 0.182509505703 199 159 83 26 14 11 3 1 1 1 1 1 0 0 0 0 0 0 0 0
"190" 190 0.401673640167 133 119 95 52 33 28 20 11 3 2 2 1 1 0 0 0 0 0 0 0
"191" 191 0.569536423841 216 93 75 47 46 9 6 6 1 1 0 0 0 0 0 0 0 0 0 0
"192" 192 0.607594936709 271 73 66 23 21 20 17 4 2 1 1 1 0 0 0 0 0 0 0 0
"193" 193 0.377990430622 166 112 96 24 22 17 16 12 7 6 6 6 5 2 1 1 1 0 0 0
"194" 194 0.907692307692 161 137 62 46 31 21 19 10 9 1 1 1 1 0 0 0 0 0 0 0
