"site" "RSA" "aa1" "aa2" "aa3" "aa4" "aa5" "aa6" "aa7" "aa8" "aa9" "aa10" "aa11" "aa12" "aa13" "aa14" "aa15" "aa16" "aa17" "aa18" "aa19" "aa20"
"0" 0 0.230769230769 500 0 0 0 0 0 0 0 0 0 0 0 0 0 0 0 0 0 0 0
"1" 1 0.558974358974 106 105 105 76 38 27 11 10 8 5 4 2 2 1 0 0 0 0 0 0
"2" 2 0.43654822335 73 73 54 53 51 49 45 40 37 9 6 4 3 2 1 0 0 0 0 0
"3" 3 0.071129707113 138 106 95 57 51 18 10 9 7 5 2 1 1 0 0 0 0 0 0 0
"4" 4 0.0697674418605 238 85 68 39 24 18 15 3 3 2 2 1 1 1 0 0 0 0 0 0
"5" 5 0.507692307692 149 101 89 64 32 14 12 12 9 6 4 4 2 1 1 0 0 0 0 0
"6" 6 0.0945273631841 393 33 19 17 11 7 4 4 3 3 2 2 1 1 0 0 0 0 0 0
"7" 7 0.0 227 87 61 49 47 9 7 7 2 2 1 1 0 0 0 0 0 0 0 0
"8" 8 0.447257383966 223 80 43 35 33 20 17 10 10 7 7 5 3 3 3 1 0 0 0 0
"9" 9 0.528846153846 170 87 54 48 29 20 15 14 13 12 12 7 7 4 3 3 2 0 0 0
"10" 10 0.134328358209 317 40 26 24 23 15 13 9 7 6 6 5 3 3 3 0 0 0 0 0
"11" 11 0.317991631799 238 122 54 20 18 12 11 9 6 5 2 1 1 1 0 0 0 0 0 0
"12" 12 0.615384615385 103 96 66 61 58 43 27 18 12 10 2 2 1 1 0 0 0 0 0 0
"13" 13 0.573839662447 300 147 17 13 9 8 4 1 1 0 0 0 0 0 0 0 0 0 0 0
"14" 14 0.772151898734 164 75 53 36 31 30 29 27 14 9 8 7 7 4 3 3 0 0 0 0
"15" 15 0.352678571429 125 119 110 58 38 28 7 7 3 2 1 1 1 0 0 0 0 0 0 0
"16" 16 0.0596330275229 80 72 57 43 40 40 38 29 24 20 12 12 12 9 9 2 1 0 0 0
"17" 17 0.120437956204 143 107 71 41 31 27 25 20 19 5 4 3 1 1 1 1 0 0 0 0
"18" 18 0.0 184 78 58 48 41 32 29 14 6 3 2 2 2 1 0 0 0 0 0 0
"19" 19 0.0 310 58 42 34 12 10 9 7 3 3 3 2 2 2 1 1 1 0 0 0
"20" 20 0.0 189 104 52 50 23 23 19 13 11 11 3 2 0 0 0 0 0 0 0 0
"21" 21 0.0 162 153 41 37 17 16 14 14 12 10 7 4 4 4 3 1 1 0 0 0
"22" 22 0.0 496 4 0 0 0 0 0 0 0 0 0 0 0 0 0 0 0 0 0 0
"23" 23 0.0696517412935 211 95 85 19 16 16 14 13 8 7 4 4 4 2 2 0 0 0 0 0
"24" 24 0.424870466321 308 55 31 25 20 13 11 11 8 4 3 2 2 2 2 2 1 0 0 0
"25" 25 0.527131782946 417 77 5 1 0 0 0 0 0 0 0 0 0 0 0 0 0 0 0 0
"26" 26 0.015503875969 304 121 43 16 7 3 3 1 1 1 0 0 0 0 0 0 0 0 0 0
"27" 27 0.115384615385 497 1 1 1 0 0 0 0 0 0 0 0 0 0 0 0 0 0 0 0
"28" 28 0.0295358649789 99 96 78 78 47 34 18 17 17 9 4 1 1 1 0 0 0 0 0 0
"29" 29 0.348837209302 245 86 29 27 26 20 19 11 10 7 7 7 3 2 1 0 0 0 0 0
"30" 30 0.343023255814 82 76 73 71 58 45 27 22 15 8 5 4 4 4 2 2 1 1 0 0
"31" 31 0.010152284264 225 74 54 32 26 17 13 13 12 9 9 9 4 3 0 0 0 0 0 0
"32" 32 0.00995024875622 327 61 43 23 22 8 6 3 3 2 1 1 0 0 0 0 0 0 0 0
"33" 33 0.608365019011 135 108 84 54 46 18 10 10 8 8 8 5 3 2 1 0 0 0 0 0
"34" 34 0.345991561181 76 67 54 48 40 38 27 23 23 23 21 19 16 15 6 3 1 0 0 0
"35" 35 0.0199004975124 189 99 67 52 19 18 16 12 10 9 7 1 1 0 0 0 0 0 0 0
"36" 36 0.573839662447 368 37 28 22 16 13 8 6 1 1 0 0 0 0 0 0 0 0 0 0
"37" 37 0.0547263681592 314 57 37 33 15 9 8 6 5 5 4 2 2 1 1 1 0 0 0 0
"38" 38 0.394230769231 488 7 3 2 0 0 0 0 0 0 0 0 0 0 0 0 0 0 0 0
"39" 39 0.705357142857 210 76 54 45 30 23 18 12 9 8 5 5 3 1 1 0 0 0 0 0
"40" 40 0.248730964467 314 74 35 28 11 9 7 5 5 4 4 2 2 0 0 0 0 0 0 0
"41" 41 0.396551724138 127 117 57 54 42 34 15 14 12 10 6 4 3 3 2 0 0 0 0 0
"42" 42 0.453488372093 84 82 69 54 32 31 30 26 22 17 12 11 10 7 5 4 3 1 0 0
"43" 43 0.401162790698 133 72 71 63 47 38 28 10 8 8 6 6 6 3 1 0 0 0 0 0
"44" 44 0.502538071066 145 62 56 46 45 40 35 16 15 12 6 6 6 5 4 1 0 0 0 0
"45" 45 0.295597484277 184 75 65 45 42 22 18 11 8 7 6 5 4 4 3 1 0 0 0 0
"46" 46 0.279069767442 119 84 80 78 37 36 13 11 10 9 8 6 3 2 2 2 0 0 0 0
"47" 47 0.680203045685 209 176 40 34 12 8 8 8 2 2 1 0 0 0 0 0 0 0 0 0
"48" 48 0.471153846154 493 6 1 0 0 0 0 0 0 0 0 0 0 0 0 0 0 0 0 0
"49" 49 0.0209205020921 117 106 58 49 37 29 23 18 14 14 8 8 7 6 4 2 0 0 0 0
"50" 50 0.466666666667 76 73 69 51 49 32 29 28 27 23 23 5 5 5 3 2 0 0 0 0
"51" 51 0.0 80 65 64 40 33 32 30 28 28 28 18 18 17 10 5 4 0 0 0 0
"52" 52 0.133928571429 124 118 72 60 21 19 17 16 14 13 6 6 5 4 2 2 1 0 0 0
"53" 53 0.21511627907 120 75 71 65 36 28 23 18 14 12 9 9 7 6 5 2 0 0 0 0
"54" 54 0.0172413793103 224 135 46 26 20 20 16 7 3 1 1 1 0 0 0 0 0 0 0 0
"55" 55 0.540178571429 99 90 64 55 45 36 28 23 17 14 12 7 4 4 1 1 0 0 0 0
"56" 56 0.239543726236 212 97 50 48 38 13 12 12 11 3 1 1 1 1 0 0 0 0 0 0
"57" 57 0.409282700422 499 1 0 0 0 0 0 0 0 0 0 0 0 0 0 0 0 0 0 0
"58" 58 0.0769230769231 163 144 46 28 18 17 16 13 12 8 8 5 5 4 4 3 3 3 0 0
"59" 59 0.0 76 73 67 67 53 33 32 28 23 17 15 6 5 2 1 1 1 0 0 0
"60" 60 0.0198675496689 104 94 86 77 35 29 27 13 7 7 7 4 4 3 2 1 0 0 0 0
"61" 61 0.00418410041841 211 66 58 38 31 26 15 13 13 11 7 5 3 1 1 1 0 0 0 0
"62" 62 0.00581395348837 123 92 68 42 28 26 26 23 18 18 14 9 8 3 2 0 0 0 0 0
"63" 63 0.0 113 93 74 61 52 46 22 19 8 6 4 1 1 0 0 0 0 0 0 0
"64" 64 0.0106382978723 110 97 92 65 28 22 19 18 18 11 8 5 3 2 2 0 0 0 0 0
"65" 65 0.419689119171 121 74 60 52 42 29 28 24 20 19 12 5 4 3 3 3 1 0 0 0
"66" 66 0.051724137931 105 63 61 50 46 41 26 26 23 23 13 12 6 4 1 0 0 0 0 0
"67" 67 0.298076923077 500 0 0 0 0 0 0 0 0 0 0 0 0 0 0 0 0 0 0 0
"68" 68 0.634615384615 391 100 7 1 1 0 0 0 0 0 0 0 0 0 0 0 0 0 0 0
"69" 69 0.165919282511 174 91 37 34 24 23 22 22 18 16 15 9 6 4 3 1 1 0 0 0
"70" 70 0.373056994819 151 104 84 49 20 16 13 12 9 9 8 8 6 6 4 1 0 0 0 0
"71" 71 0.637130801688 152 103 70 69 35 17 16 13 7 5 4 3 3 1 1 1 0 0 0 0
"72" 72 0.558375634518 134 69 65 61 48 38 23 13 13 9 7 7 5 4 2 1 1 0 0 0
"73" 73 0.543795620438 244 57 28 27 26 26 17 15 14 13 11 8 8 5 1 0 0 0 0 0
"74" 74 0.220125786164 153 111 67 43 35 29 14 11 11 9 5 4 3 2 2 1 0 0 0 0
"75" 75 0.26368159204 142 103 58 33 32 28 23 18 18 15 11 9 6 2 2 0 0 0 0 0
"76" 76 0.0780141843972 118 97 93 51 40 38 27 10 6 6 4 3 3 2 1 1 0 0 0 0
"77" 77 0.448905109489 129 74 54 48 45 42 39 20 14 11 11 7 3 2 1 0 0 0 0 0
"78" 78 0.66985645933 101 82 77 53 39 35 35 33 11 10 9 9 5 1 0 0 0 0 0 0
"79" 79 0.167300380228 89 75 61 55 54 46 43 35 30 4 3 2 1 1 1 0 0 0 0 0
"80" 80 0.00836820083682 179 84 54 45 33 21 20 20 13 9 8 7 3 2 1 1 0 0 0 0
"81" 81 0.461883408072 166 137 67 35 30 25 22 11 2 2 1 1 1 0 0 0 0 0 0 0
"82" 82 0.189743589744 150 80 65 54 50 47 19 8 7 7 6 5 1 1 0 0 0 0 0 0
"83" 83 0.0232558139535 260 113 76 19 11 7 6 4 2 1 1 0 0 0 0 0 0 0 0 0
"84" 84 0.313901345291 202 91 90 36 19 16 10 9 7 6 3 3 3 3 2 0 0 0 0 0
"85" 85 0.0 138 95 91 65 28 19 17 14 11 9 4 4 2 1 1 1 0 0 0 0
"86" 86 0.0149253731343 159 91 87 34 29 25 16 15 14 10 7 6 4 1 1 1 0 0 0 0
"87" 87 0.010152284264 243 120 91 16 7 7 4 4 4 2 1 1 0 0 0 0 0 0 0 0
"88" 88 0.00418410041841 237 148 85 8 8 4 3 2 2 2 1 0 0 0 0 0 0 0 0 0
"89" 89 0.0 265 113 46 25 13 10 9 9 5 2 1 1 1 0 0 0 0 0 0 0
"90" 90 0.0402298850575 198 115 89 46 15 13 6 6 2 2 2 2 2 1 1 0 0 0 0 0
"91" 91 0.145077720207 399 36 35 10 10 4 2 1 1 1 1 0 0 0 0 0 0 0 0 0
"92" 92 0.0 345 116 17 10 10 1 1 0 0 0 0 0 0 0 0 0 0 0 0 0
"93" 93 0.230769230769 151 82 64 57 34 27 17 14 12 9 7 6 4 4 4 3 3 2 0 0
"94" 94 0.150259067358 454 16 8 4 3 2 2 2 2 1 1 1 1 1 1 1 0 0 0 0
"95" 95 0.379562043796 106 80 56 48 48 44 39 20 16 16 14 7 3 2 1 0 0 0 0 0
"96" 96 0.638392857143 113 107 73 72 48 29 23 21 4 4 3 2 1 0 0 0 0 0 0 0
"97" 97 0.288321167883 157 131 60 55 38 18 12 12 6 5 3 1 1 1 0 0 0 0 0 0
"98" 98 0.0459770114943 165 122 52 27 24 21 20 16 12 12 11 6 4 3 2 1 1 1 0 0
"99" 99 0.507692307692 121 74 54 47 43 43 24 23 20 19 14 9 8 1 0 0 0 0 0 0
"100" 100 0.272321428571 81 76 69 62 53 52 41 27 13 8 6 5 3 1 1 1 1 0 0 0
"101" 101 0.0232558139535 93 89 85 78 32 32 22 20 11 11 8 8 3 2 2 2 1 1 0 0
"102" 102 0.332116788321 163 107 64 58 23 16 12 12 11 8 6 5 5 5 4 1 0 0 0 0
"103" 103 0.419642857143 166 124 57 44 31 21 14 10 8 7 7 6 2 1 1 1 0 0 0 0
"104" 104 0.03125 135 95 42 38 38 37 28 20 13 10 9 9 9 5 4 4 4 0 0 0
"105" 105 0.0 266 70 43 28 23 13 10 9 9 8 8 5 4 3 1 0 0 0 0 0
"106" 106 0.238532110092 168 110 45 42 33 20 17 17 14 14 7 7 2 2 1 1 0 0 0 0
"107" 107 0.474452554745 137 120 78 36 23 23 21 13 12 11 8 7 4 3 2 1 1 0 0 0
"108" 108 0.0229357798165 105 102 83 37 31 31 30 20 19 14 9 8 5 2 2 1 1 0 0 0
"109" 109 0.0696517412935 251 50 34 28 25 18 17 15 14 13 12 12 4 3 2 2 0 0 0 0
"110" 110 0.581395348837 138 66 65 58 47 39 38 11 10 9 9 4 3 3 0 0 0 0 0 0
"111" 111 0.232142857143 81 68 48 38 37 35 34 33 26 26 26 22 10 7 7 2 0 0 0 0
"112" 112 0.678756476684 184 85 76 51 29 25 16 16 8 4 4 2 0 0 0 0 0 0 0 0
"113" 113 0.428571428571 162 82 43 42 38 28 22 16 15 12 11 11 8 5 3 2 0 0 0 0
"114" 114 0.00497512437811 353 62 29 12 10 7 6 5 4 3 3 2 2 1 1 0 0 0 0 0
"115" 115 0.448905109489 234 109 42 25 21 17 14 9 9 5 5 4 2 2 1 1 0 0 0 0
"116" 116 0.642487046632 110 102 90 76 37 26 23 15 13 3 3 2 0 0 0 0 0 0 0 0
"117" 117 0.0232558139535 385 61 23 18 3 2 2 2 1 1 1 1 0 0 0 0 0 0 0 0
"118" 118 0.0114942528736 180 89 79 45 33 19 19 13 8 7 3 1 1 1 1 1 0 0 0 0
"119" 119 0.00497512437811 242 100 48 32 25 18 16 4 4 3 3 3 1 1 0 0 0 0 0 0
"120" 120 0.0 317 74 43 30 8 8 7 4 2 2 2 1 1 1 0 0 0 0 0 0
"121" 121 0.0 279 83 62 61 5 3 2 2 1 1 1 0 0 0 0 0 0 0 0 0
"122" 122 0.00418410041841 178 137 117 39 17 3 2 2 2 1 1 1 0 0 0 0 0 0 0 0
"123" 123 0.0 233 101 57 39 29 24 10 5 1 1 0 0 0 0 0 0 0 0 0 0
"124" 124 0.025641025641 213 129 81 37 19 12 4 3 1 1 0 0 0 0 0 0 0 0 0 0
"125" 125 0.227848101266 203 176 52 24 18 16 5 3 2 1 0 0 0 0 0 0 0 0 0 0
"126" 126 0.22869955157 316 36 32 26 17 17 11 8 8 8 7 4 3 3 2 1 1 0 0 0
"127" 127 0.538860103627 208 53 43 39 28 28 21 21 11 11 9 8 7 6 4 2 1 0 0 0
"128" 128 0.298507462687 112 72 64 61 55 39 26 23 14 10 7 7 5 4 1 0 0 0 0 0
"129" 129 0.805031446541 403 82 14 1 0 0 0 0 0 0 0 0 0 0 0 0 0 0 0 0
"130" 130 0.476923076923 264 91 44 33 15 13 13 10 7 7 1 1 1 0 0 0 0 0 0 0
"131" 131 0.147286821705 297 191 9 3 0 0 0 0 0 0 0 0 0 0 0 0 0 0 0 0
"132" 132 0.0229357798165 109 78 74 46 36 34 28 28 20 17 11 6 4 3 3 1 1 1 0 0
"133" 133 0.415384615385 214 71 53 39 34 29 24 10 7 5 4 3 3 2 1 1 0 0 0 0
"134" 134 0.22480620155 144 103 65 52 39 37 16 12 8 7 6 3 3 2 2 1 0 0 0 0
"135" 135 0.527131782946 160 123 111 39 18 14 10 8 7 5 3 2 0 0 0 0 0 0 0 0
"136" 136 0.330357142857 92 82 75 68 52 28 26 23 17 15 10 5 4 2 1 0 0 0 0 0
"137" 137 0.0 112 75 74 72 50 30 21 17 13 13 9 5 3 3 2 1 0 0 0 0
"138" 138 0.0813953488372 198 92 64 45 25 22 13 12 9 6 5 4 2 2 1 0 0 0 0 0
"139" 139 0.668393782383 139 72 64 53 50 28 23 17 14 10 7 6 6 4 3 2 1 1 0 0
"140" 140 0.481012658228 85 63 62 46 39 36 36 28 28 25 17 11 8 5 4 3 2 2 0 0
"141" 141 0.0 321 119 18 12 9 7 4 3 2 2 2 1 0 0 0 0 0 0 0 0
"142" 142 0.125 239 67 52 34 30 25 15 13 12 6 5 1 1 0 0 0 0 0 0 0
"143" 143 0.0 358 33 21 19 18 13 8 7 7 6 3 3 2 1 1 0 0 0 0 0
"144" 144 0.626794258373 59 59 58 55 53 49 49 40 30 19 12 10 4 2 1 0 0 0 0 0
"145" 145 0.516556291391 115 88 65 61 51 34 30 14 10 8 7 6 5 3 3 0 0 0 0 0
"146" 146 0.124378109453 281 72 60 37 15 9 7 7 5 4 2 1 0 0 0 0 0 0 0 0
"147" 147 0.678832116788 211 106 60 46 24 22 17 9 2 2 1 0 0 0 0 0 0 0 0 0
"148" 148 0.918660287081 320 180 0 0 0 0 0 0 0 0 0 0 0 0 0 0 0 0 0 0
"149" 149 0.109489051095 121 114 57 54 42 25 24 19 12 11 9 6 4 1 1 0 0 0 0 0
"150" 150 0.348717948718 85 62 61 49 45 43 26 25 24 19 16 13 9 8 7 7 1 0 0 0
"151" 151 0.191489361702 307 102 46 32 4 3 3 2 1 0 0 0 0 0 0 0 0 0 0 0
"152" 152 0.307984790875 354 44 24 21 19 15 8 6 2 2 2 2 1 0 0 0 0 0 0 0
"153" 153 0.147208121827 186 104 84 35 29 23 19 10 5 4 1 0 0 0 0 0 0 0 0 0
"154" 154 0.116591928251 267 43 40 31 29 22 20 15 9 7 6 3 3 3 1 1 0 0 0 0
"155" 155 0.279069767442 224 76 46 43 39 18 18 9 7 6 5 4 3 1 1 0 0 0 0 0
"156" 156 0.0 215 108 100 35 35 4 1 1 1 0 0 0 0 0 0 0 0 0 0 0
"157" 157 0.0443037974684 186 92 55 34 26 24 20 15 11 8 8 6 5 5 3 2 0 0 0 0
"158" 158 0.0232558139535 219 70 51 51 27 23 15 11 7 6 5 5 3 3 2 1 1 0 0 0
"159" 159 0.540697674419 105 92 82 47 43 39 23 18 12 12 8 7 5 4 1 1 1 0 0 0
"160" 160 0.556291390728 93 91 73 70 53 30 24 21 18 8 7 5 4 2 1 0 0 0 0 0
"161" 161 0.221153846154 484 3 3 2 2 2 1 1 1 1 0 0 0 0 0 0 0 0 0 0
"162" 162 0.528497409326 356 50 36 19 10 8 6 3 3 3 2 2 2 0 0 0 0 0 0 0
"163" 163 0.0 499 1 0 0 0 0 0 0 0 0 0 0 0 0 0 0 0 0 0 0
"164" 164 0.00497512437811 341 30 28 27 23 21 16 6 2 2 2 1 1 0 0 0 0 0 0 0
"165" 165 0.319391634981 178 96 90 43 37 13 10 8 7 7 6 4 1 0 0 0 0 0 0 0
"166" 166 0.370535714286 102 78 74 67 53 35 32 29 17 7 2 2 1 1 0 0 0 0 0 0
"167" 167 0.0 273 182 34 3 3 3 1 1 0 0 0 0 0 0 0 0 0 0 0 0
"168" 168 0.0149253731343 182 109 73 40 32 18 9 7 7 6 6 5 4 1 1 0 0 0 0 0
"169" 169 0.331606217617 184 97 77 56 26 21 13 12 9 2 2 1 0 0 0 0 0 0 0 0
"170" 170 0.131205673759 391 22 19 16 9 8 8 8 5 4 3 3 2 1 1 0 0 0 0 0
"171" 171 0.0 215 159 32 26 18 14 11 11 4 4 2 2 2 0 0 0 0 0 0 0
"172" 172 0.0662251655629 366 36 19 14 14 13 8 7 6 4 3 3 2 2 1 1 1 0 0 0
"173" 173 0.353846153846 145 88 66 56 30 25 22 20 15 14 6 5 4 2 1 1 0 0 0 0
"174" 174 0.125560538117 137 97 96 30 28 19 18 17 16 14 8 7 5 4 2 1 1 0 0 0
"175" 175 0.044776119403 263 40 30 29 26 25 20 15 11 9 8 5 5 4 4 3 2 1 0 0
"176" 176 0.204379562044 133 92 63 47 30 27 19 15 15 13 13 9 7 7 5 4 1 0 0 0
"177" 177 0.651282051282 86 65 63 56 49 46 35 32 22 17 12 11 3 2 1 0 0 0 0 0
"178" 178 0.452914798206 200 68 64 39 28 20 16 15 14 12 7 7 6 2 1 1 0 0 0 0
"179" 179 1.03797468354 195 86 69 61 26 24 13 12 11 2 1 0 0 0 0 0 0 0 0 0
