"site" "RSA" "aa1" "aa2" "aa3" "aa4" "aa5" "aa6" "aa7" "aa8" "aa9" "aa10" "aa11" "aa12" "aa13" "aa14" "aa15" "aa16" "aa17" "aa18" "aa19" "aa20"
"0" 0 0.883408071749 273 136 24 19 11 10 9 5 4 4 3 1 1 0 0 0 0 0 0 0
"1" 1 0.759615384615 397 38 28 12 8 4 4 3 2 1 1 1 1 0 0 0 0 0 0 0
"2" 2 0.336538461538 413 87 0 0 0 0 0 0 0 0 0 0 0 0 0 0 0 0 0 0
"3" 3 0.114427860697 153 110 36 34 32 28 26 22 12 10 10 10 8 3 2 2 1 1 0 0
"4" 4 0.276785714286 246 100 42 21 20 18 15 14 11 5 3 3 1 1 0 0 0 0 0 0
"5" 5 0.678571428571 156 123 90 58 34 17 12 4 3 1 1 1 0 0 0 0 0 0 0 0
"6" 6 0.193798449612 132 119 84 36 36 28 22 18 8 5 4 4 2 1 1 0 0 0 0 0
"7" 7 0.0 208 113 99 18 17 15 11 5 4 3 3 2 1 1 0 0 0 0 0 0
"8" 8 0.383211678832 205 103 85 39 21 19 15 13 0 0 0 0 0 0 0 0 0 0 0 0
"9" 9 0.387596899225 174 84 76 57 27 22 21 12 11 9 4 3 0 0 0 0 0 0 0 0
"10" 10 0.177304964539 295 85 35 30 14 12 10 9 3 3 3 1 0 0 0 0 0 0 0 0
"11" 11 0.0696517412935 332 60 52 10 9 9 8 5 5 4 2 2 1 1 0 0 0 0 0 0
"12" 12 0.609489051095 146 144 106 24 22 15 15 12 8 5 3 0 0 0 0 0 0 0 0 0
"13" 13 0.723214285714 151 85 79 78 16 15 14 12 10 10 8 8 7 6 1 0 0 0 0 0
"14" 14 0.481865284974 71 57 57 56 54 51 35 34 27 15 12 10 7 7 3 3 1 0 0 0
"15" 15 0.194029850746 216 49 46 36 32 20 20 19 17 12 12 6 5 4 4 2 0 0 0 0
"16" 16 0.586538461538 500 0 0 0 0 0 0 0 0 0 0 0 0 0 0 0 0 0 0 0
"17" 17 0.816143497758 183 126 66 35 26 25 23 8 3 3 1 1 0 0 0 0 0 0 0 0
"18" 18 0.240384615385 497 1 1 1 0 0 0 0 0 0 0 0 0 0 0 0 0 0 0 0
"19" 19 0.217616580311 280 58 34 25 21 18 17 16 13 6 6 2 2 1 1 0 0 0 0 0
"20" 20 0.482587064677 133 90 88 55 39 23 22 17 16 13 2 1 1 0 0 0 0 0 0 0
"21" 21 0.610465116279 155 113 58 57 40 23 14 11 11 9 6 2 1 0 0 0 0 0 0 0
"22" 22 0.0728476821192 167 70 41 39 34 29 25 20 14 13 13 9 8 7 6 4 1 0 0 0
"23" 23 0.427860696517 75 74 61 61 57 55 28 26 24 14 12 7 3 1 1 1 0 0 0 0
"24" 24 0.726368159204 224 65 65 44 35 24 18 6 5 4 4 2 1 1 1 1 0 0 0 0
"25" 25 0.655172413793 289 62 44 24 20 19 14 13 4 4 3 3 1 0 0 0 0 0 0 0
"26" 26 0.0862068965517 249 220 10 9 7 2 1 1 1 0 0 0 0 0 0 0 0 0 0 0
"27" 27 0.427672955975 265 173 17 15 11 7 6 3 2 1 0 0 0 0 0 0 0 0 0 0
"28" 28 0.647321428571 187 115 93 32 30 27 10 4 1 1 0 0 0 0 0 0 0 0 0 0
"29" 29 0.751295336788 300 78 52 15 15 14 12 10 3 1 0 0 0 0 0 0 0 0 0 0
"30" 30 0.283582089552 293 114 45 15 9 8 8 2 2 2 1 1 0 0 0 0 0 0 0 0
"31" 31 0.526785714286 148 87 83 72 38 23 18 14 10 2 2 2 1 0 0 0 0 0 0 0
"32" 32 0.0769230769231 315 140 24 15 6 0 0 0 0 0 0 0 0 0 0 0 0 0 0 0
"33" 33 0.258928571429 211 92 60 56 40 19 14 7 1 0 0 0 0 0 0 0 0 0 0 0
"34" 34 0.0 407 75 7 3 2 2 2 2 0 0 0 0 0 0 0 0 0 0 0 0
"35" 35 0.0574712643678 142 121 49 36 35 34 33 20 14 14 1 1 0 0 0 0 0 0 0 0
"36" 36 0.00507614213198 241 64 42 38 37 22 21 9 9 6 3 3 3 1 1 0 0 0 0 0
"37" 37 0.169154228856 159 103 86 84 25 16 11 8 4 2 1 1 0 0 0 0 0 0 0 0
"38" 38 0.0 352 112 20 10 2 2 1 1 0 0 0 0 0 0 0 0 0 0 0 0
"39" 39 0.37552742616 182 179 57 46 18 15 1 1 1 0 0 0 0 0 0 0 0 0 0 0
"40" 40 0.25 305 123 20 18 14 11 4 4 1 0 0 0 0 0 0 0 0 0 0 0
"41" 41 0.394230769231 160 138 89 68 23 7 5 4 3 2 1 0 0 0 0 0 0 0 0 0
"42" 42 0.0 500 0 0 0 0 0 0 0 0 0 0 0 0 0 0 0 0 0 0 0
"43" 43 0.0 403 31 15 13 13 7 5 4 4 2 2 1 0 0 0 0 0 0 0 0
"44" 44 0.0 160 103 72 47 45 27 16 16 8 3 2 1 0 0 0 0 0 0 0 0
"45" 45 0.0 368 132 0 0 0 0 0 0 0 0 0 0 0 0 0 0 0 0 0 0
"46" 46 0.0 500 0 0 0 0 0 0 0 0 0 0 0 0 0 0 0 0 0 0 0
"47" 47 0.0547263681592 310 63 34 23 22 13 11 7 4 4 3 2 2 1 1 0 0 0 0 0
"48" 48 0.301418439716 150 94 57 55 52 34 25 18 7 3 3 2 0 0 0 0 0 0 0 0
"49" 49 0.00574712643678 175 110 47 45 34 22 17 15 11 6 4 3 3 3 2 2 1 0 0 0
"50" 50 0.0 408 40 24 12 11 2 1 1 1 0 0 0 0 0 0 0 0 0 0 0
"51" 51 0.410714285714 284 112 45 38 13 3 2 2 1 0 0 0 0 0 0 0 0 0 0 0
"52" 52 0.375912408759 307 55 51 44 25 5 4 4 2 2 1 0 0 0 0 0 0 0 0 0
"53" 53 0.00574712643678 217 100 79 52 15 10 9 8 4 2 2 2 0 0 0 0 0 0 0 0
"54" 54 0.0 355 56 35 31 14 4 2 1 1 1 0 0 0 0 0 0 0 0 0 0
"55" 55 0.279069767442 159 105 82 65 38 31 10 4 3 3 0 0 0 0 0 0 0 0 0 0
"56" 56 0.164179104478 301 83 45 27 20 11 9 2 1 1 0 0 0 0 0 0 0 0 0 0
"57" 57 0.217054263566 476 16 3 2 1 1 1 0 0 0 0 0 0 0 0 0 0 0 0 0
"58" 58 0.108808290155 432 26 19 14 3 3 2 1 0 0 0 0 0 0 0 0 0 0 0 0
"59" 59 0.691823899371 187 108 76 69 36 12 6 2 2 1 1 0 0 0 0 0 0 0 0 0
"60" 60 0.594890510949 229 163 44 25 16 12 8 2 1 0 0 0 0 0 0 0 0 0 0 0
"61" 61 0.104651162791 177 161 51 46 35 20 6 2 1 1 0 0 0 0 0 0 0 0 0 0
"62" 62 0.240310077519 192 110 97 39 24 10 7 7 6 6 2 0 0 0 0 0 0 0 0 0
"63" 63 0.0794979079498 361 70 23 14 12 9 6 4 1 0 0 0 0 0 0 0 0 0 0 0
"64" 64 0.354651162791 185 116 95 31 24 19 15 8 7 0 0 0 0 0 0 0 0 0 0 0
"65" 65 0.40251572327 400 40 25 18 8 4 2 2 1 0 0 0 0 0 0 0 0 0 0 0
"66" 66 0.422885572139 287 58 56 45 26 18 6 1 1 1 1 0 0 0 0 0 0 0 0 0
"67" 67 0.155172413793 186 115 78 67 19 18 4 4 4 3 1 1 0 0 0 0 0 0 0 0
"68" 68 0.519379844961 125 104 67 54 35 31 27 18 13 13 5 5 3 0 0 0 0 0 0 0
"69" 69 0.263392857143 258 54 49 49 27 19 16 13 9 4 1 1 0 0 0 0 0 0 0 0
"70" 70 0.115384615385 499 1 0 0 0 0 0 0 0 0 0 0 0 0 0 0 0 0 0 0
"71" 71 0.240310077519 149 98 84 59 49 20 9 7 6 5 5 4 2 2 1 0 0 0 0 0
"72" 72 0.434306569343 146 113 88 64 36 30 6 5 4 2 2 2 1 1 0 0 0 0 0 0
"73" 73 0.0747126436782 310 112 34 12 8 7 7 4 2 2 2 0 0 0 0 0 0 0 0 0
"74" 74 0.488372093023 234 101 78 41 13 10 8 7 3 2 2 1 0 0 0 0 0 0 0 0
"75" 75 0.660714285714 181 149 102 27 15 13 8 3 2 0 0 0 0 0 0 0 0 0 0 0
"76" 76 0.490384615385 498 2 0 0 0 0 0 0 0 0 0 0 0 0 0 0 0 0 0 0
"77" 77 0.25 135 90 76 62 52 30 22 12 5 4 4 3 3 1 1 0 0 0 0 0
"78" 78 0.325892857143 133 115 100 46 37 31 12 10 9 4 1 1 1 0 0 0 0 0 0 0
"79" 79 0.0 211 93 47 33 29 26 20 14 14 8 4 1 0 0 0 0 0 0 0 0
"80" 80 0.0 285 198 7 3 2 2 1 1 1 0 0 0 0 0 0 0 0 0 0 0
"81" 81 0.262773722628 202 103 51 46 44 15 13 11 8 4 2 1 0 0 0 0 0 0 0 0
"82" 82 0.0 338 45 32 26 15 15 8 6 6 6 3 0 0 0 0 0 0 0 0 0
"83" 83 0.368613138686 272 78 58 42 13 12 6 6 3 3 3 2 1 1 0 0 0 0 0 0
"84" 84 0.0480769230769 500 0 0 0 0 0 0 0 0 0 0 0 0 0 0 0 0 0 0 0
"85" 85 0.100628930818 203 122 56 48 30 20 11 5 2 1 1 1 0 0 0 0 0 0 0 0
"86" 86 0.044776119403 265 74 61 40 37 8 5 3 3 2 2 0 0 0 0 0 0 0 0 0
"87" 87 0.233576642336 257 82 63 32 22 13 12 11 3 2 2 1 0 0 0 0 0 0 0 0
"88" 88 0.0480769230769 455 42 1 1 1 0 0 0 0 0 0 0 0 0 0 0 0 0 0 0
"89" 89 0.0 434 63 1 1 1 0 0 0 0 0 0 0 0 0 0 0 0 0 0 0
"90" 90 0.223880597015 163 123 50 37 33 26 16 14 12 8 5 4 3 3 2 1 0 0 0 0
"91" 91 0.100775193798 172 83 62 47 35 27 26 11 7 7 6 5 4 3 3 1 1 0 0 0
"92" 92 0.0 383 69 48 0 0 0 0 0 0 0 0 0 0 0 0 0 0 0 0 0
"93" 93 0.214285714286 228 202 22 21 19 3 2 1 1 1 0 0 0 0 0 0 0 0 0 0
"94" 94 0.361313868613 103 76 73 61 52 36 31 22 13 12 10 6 2 1 1 1 0 0 0 0
"95" 95 0.0646766169154 300 58 36 30 18 18 12 8 6 4 3 3 2 1 1 0 0 0 0 0
"96" 96 0.0 442 35 19 2 1 1 0 0 0 0 0 0 0 0 0 0 0 0 0 0
"97" 97 0.00995024875622 379 30 24 19 15 8 7 6 6 2 1 1 1 1 0 0 0 0 0 0
"98" 98 0.430769230769 185 73 65 41 36 30 26 13 10 6 6 4 2 2 1 0 0 0 0 0
"99" 99 0.044776119403 232 107 28 28 25 19 14 14 10 7 6 4 4 2 0 0 0 0 0 0
"100" 100 0.00497512437811 218 130 72 41 14 9 5 4 3 2 1 1 0 0 0 0 0 0 0 0
"101" 101 0.107623318386 288 117 38 33 22 2 0 0 0 0 0 0 0 0 0 0 0 0 0 0
"102" 102 0.178832116788 139 137 70 39 32 26 19 14 6 5 4 4 2 1 1 1 0 0 0 0
"103" 103 0.00995024875622 281 97 50 26 13 10 7 5 4 3 2 1 1 0 0 0 0 0 0 0
"104" 104 0.0 427 73 0 0 0 0 0 0 0 0 0 0 0 0 0 0 0 0 0 0
"105" 105 0.0288461538462 500 0 0 0 0 0 0 0 0 0 0 0 0 0 0 0 0 0 0 0
"106" 106 0.0 310 85 45 22 21 10 3 3 1 0 0 0 0 0 0 0 0 0 0 0
"107" 107 0.0 483 17 0 0 0 0 0 0 0 0 0 0 0 0 0 0 0 0 0 0
"108" 108 0.168604651163 169 106 70 61 48 12 9 8 6 6 4 1 0 0 0 0 0 0 0 0
"109" 109 0.213930348259 205 84 71 35 33 23 16 7 7 6 5 4 2 1 1 0 0 0 0 0
"110" 110 0.0 218 198 66 9 7 1 1 0 0 0 0 0 0 0 0 0 0 0 0 0
"111" 111 0.167883211679 296 98 62 14 11 6 5 3 2 2 1 0 0 0 0 0 0 0 0 0
"112" 112 0.22480620155 142 110 79 78 24 21 18 13 5 4 2 2 1 1 0 0 0 0 0 0
"113" 113 0.0380228136882 313 89 27 21 15 13 9 7 3 1 1 1 0 0 0 0 0 0 0 0
"114" 114 0.252873563218 173 153 90 21 20 10 9 6 5 5 3 3 1 1 0 0 0 0 0 0
"115" 115 0.473214285714 130 120 117 38 21 15 15 13 12 10 3 2 1 1 1 1 0 0 0 0
"116" 116 0.178294573643 176 98 54 46 40 19 18 14 14 8 5 3 3 2 0 0 0 0 0 0
"117" 117 0.0298507462687 234 77 69 45 22 13 12 7 5 5 4 3 3 1 0 0 0 0 0 0
"118" 118 0.596899224806 124 95 85 50 41 33 24 19 17 6 3 1 1 1 0 0 0 0 0 0
"119" 119 0.846153846154 500 0 0 0 0 0 0 0 0 0 0 0 0 0 0 0 0 0 0 0
"120" 120 0.255813953488 255 87 57 25 23 18 14 9 8 3 1 0 0 0 0 0 0 0 0 0
"121" 121 0.616033755274 257 130 41 35 14 13 9 1 0 0 0 0 0 0 0 0 0 0 0 0
"122" 122 0.093023255814 209 147 125 15 3 1 0 0 0 0 0 0 0 0 0 0 0 0 0 0
"123" 123 0.260089686099 260 94 60 28 21 13 7 6 6 3 1 1 0 0 0 0 0 0 0 0
"124" 124 0.0203045685279 310 87 40 28 10 10 7 3 2 2 1 0 0 0 0 0 0 0 0 0
"125" 125 0.0646766169154 409 30 29 8 7 6 4 3 2 1 1 0 0 0 0 0 0 0 0 0
"126" 126 0.00518134715026 465 14 8 6 4 3 0 0 0 0 0 0 0 0 0 0 0 0 0 0
"127" 127 0.139534883721 446 36 12 5 1 0 0 0 0 0 0 0 0 0 0 0 0 0 0 0
"128" 128 0.332116788321 167 103 85 47 30 26 15 11 8 5 2 1 0 0 0 0 0 0 0 0
"129" 129 0.535864978903 147 124 86 32 26 23 15 14 14 6 5 3 2 2 1 0 0 0 0 0
"130" 130 0.122093023256 281 58 42 31 28 14 12 9 5 5 4 4 3 2 2 0 0 0 0 0
"131" 131 0.28488372093 137 86 66 56 52 35 25 15 8 8 5 3 2 1 1 0 0 0 0 0
"132" 132 0.761006289308 378 51 43 20 4 2 1 1 0 0 0 0 0 0 0 0 0 0 0 0
"133" 133 0.682692307692 500 0 0 0 0 0 0 0 0 0 0 0 0 0 0 0 0 0 0 0
"134" 134 0.1592039801 189 102 76 36 32 29 15 8 8 3 1 1 0 0 0 0 0 0 0 0
"135" 135 0.204379562044 113 98 83 69 67 32 10 9 7 4 3 2 1 1 1 0 0 0 0 0
"136" 136 0.410852713178 84 77 74 58 32 29 25 25 24 16 15 13 8 6 6 3 3 2 0 0
"137" 137 0.0497512437811 252 94 31 31 25 23 17 12 6 4 3 1 1 0 0 0 0 0 0 0
"138" 138 0.0 135 119 66 38 35 24 20 14 14 10 9 7 5 3 1 0 0 0 0 0
"139" 139 0.042194092827 105 80 78 54 48 43 36 13 13 9 9 5 4 2 1 0 0 0 0 0
"140" 140 0.163498098859 162 123 116 25 15 14 13 11 6 5 5 3 1 1 0 0 0 0 0 0
"141" 141 0.0 493 7 0 0 0 0 0 0 0 0 0 0 0 0 0 0 0 0 0 0
"142" 142 0.0 301 73 60 27 15 14 6 1 1 1 1 0 0 0 0 0 0 0 0 0
"143" 143 0.459854014599 205 100 74 47 22 22 11 5 4 3 3 2 1 1 0 0 0 0 0 0
"144" 144 0.132183908046 105 105 78 57 39 30 24 12 10 9 9 7 6 5 3 1 0 0 0 0
"145" 145 0.0 485 13 2 0 0 0 0 0 0 0 0 0 0 0 0 0 0 0 0 0
"146" 146 0.394230769231 500 0 0 0 0 0 0 0 0 0 0 0 0 0 0 0 0 0 0 0
"147" 147 0.0288461538462 426 51 12 11 0 0 0 0 0 0 0 0 0 0 0 0 0 0 0 0
"148" 148 0.496350364964 247 86 54 48 33 16 7 3 3 2 1 0 0 0 0 0 0 0 0 0
"149" 149 0.261538461538 437 25 13 12 8 2 2 1 0 0 0 0 0 0 0 0 0 0 0 0
"150" 150 0.200956937799 297 185 14 3 1 0 0 0 0 0 0 0 0 0 0 0 0 0 0 0
"151" 151 0.0985401459854 335 62 59 30 4 4 3 1 1 1 0 0 0 0 0 0 0 0 0 0
"152" 152 0.3536121673 130 72 70 45 41 31 25 24 21 15 12 4 4 3 3 0 0 0 0 0
"153" 153 0.0288461538462 330 107 35 28 0 0 0 0 0 0 0 0 0 0 0 0 0 0 0 0
"154" 154 0.572139303483 212 77 72 30 23 18 16 15 14 13 6 4 0 0 0 0 0 0 0 0
"155" 155 0.627615062762 133 130 73 43 32 31 18 12 10 10 6 1 1 0 0 0 0 0 0 0
"156" 156 0.316062176166 326 72 52 15 14 10 5 3 2 1 0 0 0 0 0 0 0 0 0 0
"157" 157 0.173076923077 161 140 47 31 22 21 14 13 11 10 7 6 4 4 4 3 2 0 0 0
"158" 158 0.177664974619 254 105 28 21 18 17 11 9 8 7 7 5 5 4 1 0 0 0 0 0
"159" 159 0.0796019900498 205 68 63 37 34 34 20 16 15 4 2 1 1 0 0 0 0 0 0 0
"160" 160 0.0995024875622 178 119 70 69 40 6 6 4 3 2 2 1 0 0 0 0 0 0 0 0
"161" 161 0.282700421941 350 54 53 14 12 5 5 2 2 1 1 1 0 0 0 0 0 0 0 0
"162" 162 0.308035714286 184 114 54 45 36 24 19 8 5 5 3 2 1 0 0 0 0 0 0 0
"163" 163 0.630769230769 229 107 69 40 21 12 9 6 3 2 1 1 0 0 0 0 0 0 0 0
"164" 164 0.435406698565 195 182 49 41 25 6 1 1 0 0 0 0 0 0 0 0 0 0 0 0
"165" 165 0.0747126436782 118 117 92 72 35 28 14 12 5 4 2 1 0 0 0 0 0 0 0 0
"166" 166 0.63503649635 163 99 90 67 32 24 12 6 2 2 2 1 0 0 0 0 0 0 0 0
"167" 167 0.627906976744 149 103 49 49 42 39 25 15 7 7 7 6 2 0 0 0 0 0 0 0
"168" 168 0.093023255814 382 34 28 22 8 8 6 4 2 2 2 1 1 0 0 0 0 0 0 0
"169" 169 0.673076923077 499 1 0 0 0 0 0 0 0 0 0 0 0 0 0 0 0 0 0 0
"170" 170 0.182692307692 487 8 2 1 1 1 0 0 0 0 0 0 0 0 0 0 0 0 0 0
"171" 171 0.00574712643678 294 138 47 12 4 2 1 1 1 0 0 0 0 0 0 0 0 0 0 0
"172" 172 0.0384615384615 167 128 81 33 32 22 14 12 6 3 1 1 0 0 0 0 0 0 0 0
"173" 173 0.34375 128 118 84 38 35 29 25 14 9 7 6 4 2 1 0 0 0 0 0 0
"174" 174 0.031007751938 344 133 15 5 1 1 1 0 0 0 0 0 0 0 0 0 0 0 0 0
"175" 175 0.0 252 160 40 33 10 3 1 1 0 0 0 0 0 0 0 0 0 0 0 0
"176" 176 0.481751824818 145 139 91 51 17 15 9 8 7 6 4 4 3 1 0 0 0 0 0 0
"177" 177 0.386861313869 129 97 57 54 45 33 31 16 15 12 4 2 2 2 1 0 0 0 0 0
"178" 178 0.124031007752 159 117 44 43 35 33 24 17 7 6 4 4 4 2 1 0 0 0 0 0
"179" 179 0.409282700422 183 117 61 53 26 24 10 9 9 3 3 2 0 0 0 0 0 0 0 0
"180" 180 0.627906976744 132 121 72 60 42 19 15 13 9 9 7 1 0 0 0 0 0 0 0 0
"181" 181 0.722627737226 182 150 85 21 20 16 14 9 1 1 1 0 0 0 0 0 0 0 0 0
"182" 182 0.22480620155 323 97 55 19 3 1 1 1 0 0 0 0 0 0 0 0 0 0 0 0
"183" 183 0.314465408805 293 70 49 23 17 14 13 11 6 2 1 1 0 0 0 0 0 0 0 0
"184" 184 0.885167464115 294 103 39 19 19 16 6 2 1 1 0 0 0 0 0 0 0 0 0 0
"185" 185 0.631178707224 245 97 39 28 26 25 23 11 2 2 1 1 0 0 0 0 0 0 0 0
"186" 186 0.199004975124 410 28 13 13 8 7 7 6 3 2 2 1 0 0 0 0 0 0 0 0
"187" 187 0.569620253165 253 93 41 31 24 16 12 7 7 5 5 5 1 0 0 0 0 0 0 0
"188" 188 0.0172413793103 384 44 35 17 10 5 3 1 1 0 0 0 0 0 0 0 0 0 0 0
"189" 189 0.0223214285714 230 139 70 24 13 7 6 4 3 1 1 1 1 0 0 0 0 0 0 0
"190" 190 0.0 214 157 83 35 10 1 0 0 0 0 0 0 0 0 0 0 0 0 0 0
"191" 191 0.0892857142857 250 128 33 32 15 9 9 6 6 5 2 2 2 1 0 0 0 0 0 0
"192" 192 0.0 445 39 7 4 2 2 1 0 0 0 0 0 0 0 0 0 0 0 0 0
"193" 193 0.434306569343 339 63 24 21 13 13 12 7 4 3 1 0 0 0 0 0 0 0 0 0
"194" 194 0.192052980132 421 31 21 11 11 3 1 1 0 0 0 0 0 0 0 0 0 0 0 0
"195" 195 0.164179104478 379 47 19 18 13 6 6 5 2 2 1 1 1 0 0 0 0 0 0 0
"196" 196 0.584821428571 270 167 19 14 8 7 6 4 4 1 0 0 0 0 0 0 0 0 0 0
"197" 197 0.138392857143 389 59 25 10 4 4 4 3 1 1 0 0 0 0 0 0 0 0 0 0
"198" 198 0.0 276 91 70 19 18 17 4 4 1 0 0 0 0 0 0 0 0 0 0 0
"199" 199 0.361607142857 152 83 81 62 52 26 16 10 10 4 2 1 1 0 0 0 0 0 0 0
"200" 200 0.375 324 101 39 18 9 4 2 1 1 1 0 0 0 0 0 0 0 0 0 0
"201" 201 0.0 471 27 1 1 0 0 0 0 0 0 0 0 0 0 0 0 0 0 0 0
"202" 202 0.139303482587 289 47 44 35 23 23 20 6 4 3 2 1 1 1 1 0 0 0 0 0
"203" 203 0.705357142857 126 110 98 75 34 19 16 12 3 3 2 1 1 0 0 0 0 0 0 0
"204" 204 0.124031007752 457 23 19 1 0 0 0 0 0 0 0 0 0 0 0 0 0 0 0 0
"205" 205 0.269230769231 500 0 0 0 0 0 0 0 0 0 0 0 0 0 0 0 0 0 0 0
"206" 206 0.0387596899225 441 57 1 1 0 0 0 0 0 0 0 0 0 0 0 0 0 0 0 0
"207" 207 0.269430051813 228 149 43 33 21 12 5 3 3 3 0 0 0 0 0 0 0 0 0 0
"208" 208 0.164179104478 324 71 57 15 7 6 6 4 4 1 1 1 1 1 1 0 0 0 0 0
"209" 209 0.0 452 35 8 3 1 1 0 0 0 0 0 0 0 0 0 0 0 0 0 0
"210" 210 0.0149253731343 204 113 31 30 27 24 21 13 11 6 5 4 4 3 3 1 0 0 0 0
"211" 211 0.00995024875622 361 46 32 23 17 12 4 3 1 1 0 0 0 0 0 0 0 0 0 0
"212" 212 0.145077720207 242 117 51 19 19 18 16 8 6 4 0 0 0 0 0 0 0 0 0 0
"213" 213 0.389743589744 279 156 33 9 8 7 4 3 1 0 0 0 0 0 0 0 0 0 0 0
"214" 214 0.092050209205 156 131 94 39 20 19 13 9 6 5 4 3 1 0 0 0 0 0 0 0
"215" 215 0.522012578616 309 105 41 23 8 6 4 3 1 0 0 0 0 0 0 0 0 0 0 0
"216" 216 0.273631840796 140 71 69 59 46 26 20 19 19 15 7 4 2 1 1 1 0 0 0 0
"217" 217 0.589285714286 244 127 30 27 17 15 13 13 7 3 2 2 0 0 0 0 0 0 0 0
"218" 218 0.170542635659 247 59 58 54 38 21 8 4 4 3 2 1 1 0 0 0 0 0 0 0
"219" 219 0.0497512437811 184 95 50 46 28 26 15 14 14 13 8 4 3 0 0 0 0 0 0 0
"220" 220 0.510948905109 228 88 73 51 18 16 6 5 4 3 2 2 1 1 1 1 0 0 0 0
"221" 221 0.227678571429 214 118 40 35 31 19 17 11 5 3 2 1 1 1 1 1 0 0 0 0
"222" 222 0.0 378 34 33 13 8 7 7 6 4 3 2 1 1 1 1 1 0 0 0 0
"223" 223 0.183908045977 263 118 33 19 16 13 11 11 6 4 4 2 0 0 0 0 0 0 0 0
"224" 224 0.598540145985 153 72 67 65 36 34 31 20 7 6 6 2 1 0 0 0 0 0 0 0
"225" 225 0.321167883212 94 83 81 66 45 39 24 22 15 13 13 2 2 1 0 0 0 0 0 0
"226" 226 0.00574712643678 198 99 53 38 37 19 15 14 12 6 4 3 2 0 0 0 0 0 0 0
"227" 227 0.557692307692 306 166 19 7 1 1 0 0 0 0 0 0 0 0 0 0 0 0 0 0
"228" 228 0.653846153846 450 37 5 3 2 2 1 0 0 0 0 0 0 0 0 0 0 0 0 0
"229" 229 0.580291970803 154 122 54 44 25 22 21 20 18 5 5 4 3 3 0 0 0 0 0 0
"230" 230 0.132183908046 283 147 19 16 9 7 6 4 4 2 1 1 1 0 0 0 0 0 0 0
"231" 231 0.295597484277 285 108 59 22 11 5 3 3 1 1 1 1 0 0 0 0 0 0 0 0
"232" 232 0.0199004975124 421 33 9 9 7 7 5 3 2 1 1 1 1 0 0 0 0 0 0 0
"233" 233 0.03125 124 113 69 68 65 16 9 8 8 5 5 4 3 2 1 0 0 0 0 0
"234" 234 0.0077519379845 200 109 50 38 33 31 17 15 4 2 1 0 0 0 0 0 0 0 0 0
"235" 235 0.152317880795 243 207 18 16 9 4 2 1 0 0 0 0 0 0 0 0 0 0 0 0
"236" 236 0.163461538462 500 0 0 0 0 0 0 0 0 0 0 0 0 0 0 0 0 0 0 0
"237" 237 0.605128205128 394 70 32 4 0 0 0 0 0 0 0 0 0 0 0 0 0 0 0 0
"238" 238 0.133027522936 152 135 49 46 41 41 10 8 7 6 4 1 0 0 0 0 0 0 0 0
"239" 239 0.348837209302 441 24 15 6 4 3 2 2 2 1 0 0 0 0 0 0 0 0 0 0
"240" 240 0.373134328358 154 125 89 28 24 23 17 15 8 7 6 2 1 1 0 0 0 0 0 0
"241" 241 0.71875 228 185 47 9 7 7 6 4 3 3 1 0 0 0 0 0 0 0 0 0
"242" 242 0.507299270073 279 161 18 12 10 6 6 5 2 1 0 0 0 0 0 0 0 0 0 0
"243" 243 0.0 328 147 10 9 3 2 1 0 0 0 0 0 0 0 0 0 0 0 0 0
"244" 244 0.413502109705 144 121 81 63 46 10 10 8 7 5 2 1 1 1 0 0 0 0 0 0
"245" 245 0.170542635659 184 140 64 31 22 21 15 13 5 2 2 1 0 0 0 0 0 0 0 0
"246" 246 0.0077519379845 346 100 21 10 8 5 3 3 2 1 1 0 0 0 0 0 0 0 0 0
"247" 247 0.0387596899225 373 102 17 5 3 0 0 0 0 0 0 0 0 0 0 0 0 0 0 0
"248" 248 0.589285714286 164 127 82 36 29 24 15 7 5 4 4 1 1 1 0 0 0 0 0 0
"249" 249 0.162790697674 346 54 41 14 12 8 6 6 5 3 2 1 1 1 0 0 0 0 0 0
"250" 250 0.221153846154 500 0 0 0 0 0 0 0 0 0 0 0 0 0 0 0 0 0 0 0
"251" 251 0.00574712643678 166 122 119 42 19 16 6 4 4 2 0 0 0 0 0 0 0 0 0 0
"252" 252 0.19170984456 435 20 14 8 8 6 4 3 2 0 0 0 0 0 0 0 0 0 0 0
"253" 253 0.285171102662 395 57 22 10 9 3 2 2 0 0 0 0 0 0 0 0 0 0 0 0
"254" 254 0.0 196 148 118 29 5 2 1 1 0 0 0 0 0 0 0 0 0 0 0 0
"255" 255 0.0198675496689 281 102 35 34 19 18 3 3 2 2 1 0 0 0 0 0 0 0 0 0
"256" 256 0.0 312 130 20 16 13 4 2 2 1 0 0 0 0 0 0 0 0 0 0 0
"257" 257 0.134615384615 166 107 83 47 28 20 17 9 7 5 4 2 2 2 1 0 0 0 0 0
"258" 258 0.147286821705 237 68 64 30 24 16 16 12 9 8 8 4 3 1 0 0 0 0 0 0
"259" 259 0.0 283 73 71 39 12 8 7 3 3 1 0 0 0 0 0 0 0 0 0 0
"260" 260 0.0290697674419 419 38 37 2 1 1 1 1 0 0 0 0 0 0 0 0 0 0 0 0
"261" 261 0.641148325359 171 169 38 30 29 18 15 9 4 4 3 3 3 2 2 0 0 0 0 0
"262" 262 0.523178807947 249 60 53 38 37 23 22 12 4 1 1 0 0 0 0 0 0 0 0 0
"263" 263 0.0697674418605 380 65 29 11 7 3 2 2 1 0 0 0 0 0 0 0 0 0 0 0
"264" 264 0.527426160338 175 62 49 48 46 30 22 21 18 10 9 4 3 3 0 0 0 0 0 0
"265" 265 0.387596899225 146 103 100 40 28 25 14 9 9 7 7 6 3 3 0 0 0 0 0 0
"266" 266 0.00497512437811 256 108 66 21 19 10 7 5 3 2 1 1 1 0 0 0 0 0 0 0
"267" 267 0.414507772021 182 133 71 47 30 17 14 2 2 2 0 0 0 0 0 0 0 0 0 0
"268" 268 0.0199004975124 112 91 59 57 56 35 28 27 14 10 7 2 1 1 0 0 0 0 0 0
"269" 269 0.17880794702 253 192 23 13 6 3 3 2 2 1 1 1 0 0 0 0 0 0 0 0
"270" 270 0.0746268656716 213 74 69 50 36 19 13 9 5 5 2 2 1 1 1 0 0 0 0 0
"271" 271 0.557213930348 168 94 90 56 27 25 15 7 7 5 3 3 0 0 0 0 0 0 0 0
"272" 272 0.258620689655 137 124 60 56 50 14 12 11 10 6 6 5 4 4 1 0 0 0 0 0
"273" 273 0.350574712644 101 78 76 70 69 39 30 23 7 2 2 2 1 0 0 0 0 0 0 0
"274" 274 0.824817518248 211 198 86 4 1 0 0 0 0 0 0 0 0 0 0 0 0 0 0 0
"275" 275 1.0 198 106 53 38 30 29 15 11 7 6 4 3 0 0 0 0 0 0 0 0
