"site" "RSA" "aa1" "aa2" "aa3" "aa4" "aa5" "aa6" "aa7" "aa8" "aa9" "aa10" "aa11" "aa12" "aa13" "aa14" "aa15" "aa16" "aa17" "aa18" "aa19" "aa20"
"0" 0 0.645348837209 168 135 58 37 27 26 14 10 6 5 5 3 3 2 1 0 0 0 0 0
"1" 1 0.451923076923 500 0 0 0 0 0 0 0 0 0 0 0 0 0 0 0 0 0 0 0
"2" 2 0.788461538462 500 0 0 0 0 0 0 0 0 0 0 0 0 0 0 0 0 0 0 0
"3" 3 0.743119266055 111 96 89 83 32 27 19 18 14 4 4 2 1 0 0 0 0 0 0 0
"4" 4 0.519379844961 189 82 38 32 27 26 23 18 17 15 12 10 6 2 2 1 0 0 0 0
"5" 5 0.0993377483444 206 192 54 8 8 7 7 6 2 2 2 2 2 1 1 0 0 0 0 0
"6" 6 0.704641350211 291 66 39 20 19 17 15 10 8 8 5 1 1 0 0 0 0 0 0 0
"7" 7 0.187943262411 151 118 94 21 20 16 16 15 13 13 8 7 4 4 0 0 0 0 0 0
"8" 8 0.0829015544041 194 161 43 41 30 11 10 3 2 2 2 1 0 0 0 0 0 0 0 0
"9" 9 0.533632286996 243 114 79 27 14 10 7 4 1 1 0 0 0 0 0 0 0 0 0 0
"10" 10 0.362869198312 113 80 72 58 40 36 29 23 15 10 9 7 4 2 1 1 0 0 0 0
"11" 11 0.0 353 72 55 12 4 2 1 1 0 0 0 0 0 0 0 0 0 0 0 0
"12" 12 0.0137614678899 233 97 47 28 24 15 14 12 11 5 5 3 2 2 1 1 0 0 0 0
"13" 13 0.259067357513 266 90 40 37 26 25 5 4 4 1 1 1 0 0 0 0 0 0 0 0
"14" 14 0.0761421319797 170 132 97 34 19 15 9 6 5 5 3 2 1 1 1 0 0 0 0 0
"15" 15 0.0 456 44 0 0 0 0 0 0 0 0 0 0 0 0 0 0 0 0 0 0
"16" 16 0.174904942966 144 87 75 54 30 24 23 21 18 13 6 2 2 1 0 0 0 0 0 0
"17" 17 0.424107142857 313 84 50 36 7 5 2 2 1 0 0 0 0 0 0 0 0 0 0 0
"18" 18 0.0714285714286 296 109 87 4 4 0 0 0 0 0 0 0 0 0 0 0 0 0 0 0
"19" 19 0.0077519379845 454 46 0 0 0 0 0 0 0 0 0 0 0 0 0 0 0 0 0 0
"20" 20 0.243781094527 185 114 80 67 20 13 10 5 4 1 1 0 0 0 0 0 0 0 0 0
"21" 21 0.358208955224 299 118 53 15 8 2 2 1 1 1 0 0 0 0 0 0 0 0 0 0
"22" 22 0.0 307 193 0 0 0 0 0 0 0 0 0 0 0 0 0 0 0 0 0 0
"23" 23 0.212927756654 395 48 22 19 6 4 2 2 1 1 0 0 0 0 0 0 0 0 0 0
"24" 24 0.679324894515 129 123 112 76 27 12 10 4 4 3 0 0 0 0 0 0 0 0 0 0
"25" 25 0.464285714286 212 168 30 16 16 16 13 9 9 7 1 1 1 1 0 0 0 0 0 0
"26" 26 0.307692307692 497 3 0 0 0 0 0 0 0 0 0 0 0 0 0 0 0 0 0 0
"27" 27 0.0 342 78 77 3 0 0 0 0 0 0 0 0 0 0 0 0 0 0 0 0
"28" 28 0.0 388 44 39 6 6 6 5 2 1 1 1 1 0 0 0 0 0 0 0 0
"29" 29 0.0188679245283 470 30 0 0 0 0 0 0 0 0 0 0 0 0 0 0 0 0 0 0
"30" 30 0.0355329949239 135 102 78 73 65 22 9 9 4 3 0 0 0 0 0 0 0 0 0 0
"31" 31 0.0 500 0 0 0 0 0 0 0 0 0 0 0 0 0 0 0 0 0 0 0
"32" 32 0.0 500 0 0 0 0 0 0 0 0 0 0 0 0 0 0 0 0 0 0 0
"33" 33 0.0 226 188 86 0 0 0 0 0 0 0 0 0 0 0 0 0 0 0 0 0
"34" 34 0.0 361 67 50 19 2 1 0 0 0 0 0 0 0 0 0 0 0 0 0 0
"35" 35 0.0 199 95 80 49 32 19 11 8 5 1 1 0 0 0 0 0 0 0 0 0
"36" 36 0.174358974359 217 106 78 77 9 6 3 3 1 0 0 0 0 0 0 0 0 0 0 0
"37" 37 0.158974358974 125 109 65 51 49 34 29 17 16 2 2 1 0 0 0 0 0 0 0 0
"38" 38 0.666666666667 158 140 55 31 29 26 22 17 6 4 4 3 2 1 1 1 0 0 0 0
"39" 39 0.435233160622 159 105 82 35 34 25 23 20 5 5 3 2 1 1 0 0 0 0 0 0
"40" 40 0.0 485 7 2 2 2 1 1 0 0 0 0 0 0 0 0 0 0 0 0 0
"41" 41 0.35761589404 105 80 69 68 39 32 27 27 15 14 14 10 0 0 0 0 0 0 0 0
"42" 42 0.316091954023 164 123 61 60 30 19 19 10 7 3 2 1 1 0 0 0 0 0 0 0
"43" 43 0.238805970149 448 24 11 8 4 3 1 1 0 0 0 0 0 0 0 0 0 0 0 0
"44" 44 0.0769230769231 492 6 2 0 0 0 0 0 0 0 0 0 0 0 0 0 0 0 0 0
"45" 45 0.310218978102 343 114 28 6 6 1 1 1 0 0 0 0 0 0 0 0 0 0 0 0
"46" 46 0.00961538461538 498 2 0 0 0 0 0 0 0 0 0 0 0 0 0 0 0 0 0 0
"47" 47 0.0813397129187 469 9 9 5 3 3 2 0 0 0 0 0 0 0 0 0 0 0 0 0
"48" 48 0.0 261 147 61 24 3 2 2 0 0 0 0 0 0 0 0 0 0 0 0 0
"49" 49 0.174311926606 230 73 57 40 24 22 17 12 12 5 3 2 2 1 0 0 0 0 0 0
"50" 50 0.0948905109489 244 75 57 45 20 15 10 9 9 9 3 2 1 1 0 0 0 0 0 0
"51" 51 0.330543933054 123 122 114 53 26 15 11 9 6 5 3 3 2 2 2 2 1 1 0 0
"52" 52 0.255605381166 260 40 34 33 29 23 17 15 13 11 8 7 4 3 2 1 0 0 0 0
"53" 53 0.57805907173 108 95 69 68 51 38 28 24 7 4 4 3 1 0 0 0 0 0 0 0
"54" 54 0.682692307692 405 91 4 0 0 0 0 0 0 0 0 0 0 0 0 0 0 0 0 0
"55" 55 0.12582781457 364 34 31 27 13 11 9 5 2 2 1 1 0 0 0 0 0 0 0 0
"56" 56 0.565891472868 234 61 50 34 25 25 22 13 13 11 5 5 1 1 0 0 0 0 0 0
"57" 57 0.482558139535 309 62 21 19 19 18 17 12 7 6 6 3 1 0 0 0 0 0 0 0
"58" 58 0.119402985075 186 76 61 57 57 20 12 8 7 6 5 2 2 1 0 0 0 0 0 0
"59" 59 0.0717703349282 313 78 41 38 9 8 8 3 1 1 0 0 0 0 0 0 0 0 0 0
"60" 60 0.00961538461538 388 102 9 1 0 0 0 0 0 0 0 0 0 0 0 0 0 0 0 0
"61" 61 0.0357142857143 278 83 62 35 14 13 6 3 3 2 1 0 0 0 0 0 0 0 0 0
"62" 62 0.147208121827 132 109 60 52 25 21 19 16 15 11 9 9 8 7 6 1 0 0 0 0
"63" 63 0.0264900662252 282 164 18 14 9 6 5 2 0 0 0 0 0 0 0 0 0 0 0 0
"64" 64 0.0 366 132 1 1 0 0 0 0 0 0 0 0 0 0 0 0 0 0 0 0
"65" 65 0.0746268656716 318 75 43 23 16 10 3 3 3 2 2 1 1 0 0 0 0 0 0 0
"66" 66 0.598214285714 98 95 67 61 57 49 24 16 15 8 3 3 2 1 1 0 0 0 0 0
"67" 67 0.471794871795 373 56 30 27 8 3 2 1 0 0 0 0 0 0 0 0 0 0 0 0
"68" 68 0.113924050633 289 142 32 30 6 1 0 0 0 0 0 0 0 0 0 0 0 0 0 0
"69" 69 0.384615384615 500 0 0 0 0 0 0 0 0 0 0 0 0 0 0 0 0 0 0 0
"70" 70 0.930656934307 204 162 64 34 15 12 9 0 0 0 0 0 0 0 0 0 0 0 0 0
"71" 71 0.278606965174 397 50 25 22 3 2 1 0 0 0 0 0 0 0 0 0 0 0 0 0
"72" 72 0.65625 192 87 60 47 30 30 21 12 11 8 2 0 0 0 0 0 0 0 0 0
"73" 73 0.317307692308 143 120 68 46 33 19 17 16 14 7 5 5 2 2 2 1 0 0 0 0
"74" 74 0.64135021097 206 130 74 33 26 9 6 4 4 3 3 2 0 0 0 0 0 0 0 0
"75" 75 0.137931034483 184 109 50 44 36 28 13 11 9 7 5 2 1 1 0 0 0 0 0 0
"76" 76 0.0152091254753 290 179 31 0 0 0 0 0 0 0 0 0 0 0 0 0 0 0 0 0
"77" 77 0.451476793249 275 51 47 26 20 17 14 13 11 10 7 5 3 1 0 0 0 0 0 0
"78" 78 0.341968911917 177 131 89 51 46 4 1 1 0 0 0 0 0 0 0 0 0 0 0 0
"79" 79 0.0 305 151 39 2 1 1 1 0 0 0 0 0 0 0 0 0 0 0 0 0
"80" 80 0.0 195 108 101 34 32 21 5 2 1 1 0 0 0 0 0 0 0 0 0 0
"81" 81 0.0 235 228 18 10 3 3 2 1 0 0 0 0 0 0 0 0 0 0 0 0
"82" 82 0.0 263 86 65 42 30 7 5 1 1 0 0 0 0 0 0 0 0 0 0 0
"83" 83 0.0 246 209 28 12 2 1 1 1 0 0 0 0 0 0 0 0 0 0 0 0
"84" 84 0.0348837209302 329 171 0 0 0 0 0 0 0 0 0 0 0 0 0 0 0 0 0 0
"85" 85 0.0199004975124 185 178 52 42 20 8 8 2 2 1 1 1 0 0 0 0 0 0 0 0
"86" 86 0.0132450331126 250 225 12 7 3 3 0 0 0 0 0 0 0 0 0 0 0 0 0 0
"87" 87 0.0 176 134 102 65 14 6 1 1 1 0 0 0 0 0 0 0 0 0 0 0
"88" 88 0.113924050633 281 179 24 13 1 1 1 0 0 0 0 0 0 0 0 0 0 0 0 0
"89" 89 0.533678756477 203 92 77 28 26 26 20 12 9 5 1 1 0 0 0 0 0 0 0 0
"90" 90 0.366972477064 141 82 64 50 34 27 23 18 16 16 11 11 5 1 1 0 0 0 0 0
"91" 91 0.0 254 140 61 24 12 4 3 1 1 0 0 0 0 0 0 0 0 0 0 0
"92" 92 0.00581395348837 380 52 30 25 7 3 3 0 0 0 0 0 0 0 0 0 0 0 0 0
"93" 93 0.307692307692 121 112 102 55 36 28 11 11 10 8 5 1 0 0 0 0 0 0 0 0
"94" 94 0.116279069767 147 79 54 44 41 24 19 17 16 14 14 9 8 7 4 3 0 0 0 0
"95" 95 0.0 330 88 25 14 13 11 7 4 4 3 1 0 0 0 0 0 0 0 0 0
"96" 96 0.0964467005076 154 116 93 58 21 18 15 11 6 4 2 1 1 0 0 0 0 0 0 0
"97" 97 0.577981651376 274 69 33 32 29 23 12 10 9 4 2 2 1 0 0 0 0 0 0 0
"98" 98 0.296577946768 162 153 149 31 3 1 1 0 0 0 0 0 0 0 0 0 0 0 0 0
"99" 99 0.211538461538 243 118 70 26 13 8 8 7 5 2 0 0 0 0 0 0 0 0 0 0
"100" 100 0.0 469 27 4 0 0 0 0 0 0 0 0 0 0 0 0 0 0 0 0 0
"101" 101 0.251572327044 244 94 71 23 20 15 13 10 6 3 1 0 0 0 0 0 0 0 0 0
"102" 102 0.0401459854015 378 34 29 27 15 7 4 3 1 1 1 0 0 0 0 0 0 0 0 0
"103" 103 0.00632911392405 173 117 78 76 27 17 7 3 1 1 0 0 0 0 0 0 0 0 0 0
"104" 104 0.00574712643678 187 133 50 49 29 21 13 8 4 3 1 1 1 0 0 0 0 0 0 0
"105" 105 0.0 370 42 28 27 13 10 5 2 2 1 0 0 0 0 0 0 0 0 0 0
"106" 106 0.0 500 0 0 0 0 0 0 0 0 0 0 0 0 0 0 0 0 0 0 0
"107" 107 0.00446428571429 452 36 8 4 0 0 0 0 0 0 0 0 0 0 0 0 0 0 0 0
"108" 108 0.210256410256 338 148 5 4 2 2 1 0 0 0 0 0 0 0 0 0 0 0 0 0
"109" 109 0.5 247 82 42 37 23 22 17 13 6 4 3 3 1 0 0 0 0 0 0 0
"110" 110 0.174358974359 275 140 28 21 16 4 4 4 3 2 2 1 0 0 0 0 0 0 0 0
"111" 111 0.154811715481 281 178 25 15 1 0 0 0 0 0 0 0 0 0 0 0 0 0 0 0
"112" 112 0.481012658228 105 104 98 94 67 16 11 3 1 1 0 0 0 0 0 0 0 0 0 0
"113" 113 0.139072847682 472 28 0 0 0 0 0 0 0 0 0 0 0 0 0 0 0 0 0 0
"114" 114 0.746835443038 175 164 77 67 9 5 2 1 0 0 0 0 0 0 0 0 0 0 0 0
"115" 115 0.0 466 29 5 0 0 0 0 0 0 0 0 0 0 0 0 0 0 0 0 0
"116" 116 0.0580357142857 205 135 41 35 30 26 7 7 4 3 2 2 1 1 1 0 0 0 0 0
"117" 117 0.523206751055 281 132 33 24 18 6 5 1 0 0 0 0 0 0 0 0 0 0 0 0
"118" 118 0.410646387833 292 72 39 33 31 17 8 7 1 0 0 0 0 0 0 0 0 0 0 0
"119" 119 0.0 489 3 2 2 2 2 0 0 0 0 0 0 0 0 0 0 0 0 0 0
"120" 120 0.385650224215 211 126 107 45 5 3 2 1 0 0 0 0 0 0 0 0 0 0 0 0
"121" 121 0.593023255814 341 62 51 12 8 7 5 4 4 2 1 1 1 1 0 0 0 0 0 0
"122" 122 0.463503649635 242 117 52 40 13 13 8 4 3 3 3 2 0 0 0 0 0 0 0 0
"123" 123 0.673076923077 500 0 0 0 0 0 0 0 0 0 0 0 0 0 0 0 0 0 0 0
"124" 124 0.105263157895 310 159 16 13 1 1 0 0 0 0 0 0 0 0 0 0 0 0 0 0
"125" 125 0.205357142857 233 129 83 14 13 10 9 4 4 1 0 0 0 0 0 0 0 0 0 0
"126" 126 0.172413793103 486 6 3 2 2 1 0 0 0 0 0 0 0 0 0 0 0 0 0 0
"127" 127 0.241379310345 357 58 29 12 11 8 7 4 4 4 4 1 1 0 0 0 0 0 0 0
"128" 128 0.316091954023 305 67 52 35 21 14 4 1 1 0 0 0 0 0 0 0 0 0 0 0
"129" 129 0.385057471264 181 92 67 32 29 28 15 11 9 9 9 6 6 4 1 1 0 0 0 0
"130" 130 0.388601036269 286 123 34 33 8 7 4 2 1 1 1 0 0 0 0 0 0 0 0 0
"131" 131 0.0880829015544 324 89 68 7 4 3 3 1 1 0 0 0 0 0 0 0 0 0 0 0
"132" 132 0.401785714286 259 66 56 34 24 20 18 18 4 1 0 0 0 0 0 0 0 0 0 0
"133" 133 0.346715328467 137 126 96 83 33 10 9 3 1 1 1 0 0 0 0 0 0 0 0 0
"134" 134 0.0316455696203 172 158 126 28 11 3 1 1 0 0 0 0 0 0 0 0 0 0 0 0
"135" 135 0.139240506329 273 68 56 47 31 15 6 3 1 0 0 0 0 0 0 0 0 0 0 0
"136" 136 0.620253164557 184 90 74 65 31 24 15 8 4 1 1 1 1 1 0 0 0 0 0 0
"137" 137 0.0746268656716 476 7 6 4 3 1 1 1 1 0 0 0 0 0 0 0 0 0 0 0
"138" 138 0.0183486238532 393 18 15 13 12 11 11 10 9 5 2 1 0 0 0 0 0 0 0 0
"139" 139 0.379746835443 196 107 105 58 9 6 6 5 2 2 2 2 0 0 0 0 0 0 0 0
"140" 140 0.434977578475 210 116 83 19 18 14 11 10 8 6 3 2 0 0 0 0 0 0 0 0
"141" 141 0.0 271 200 15 14 0 0 0 0 0 0 0 0 0 0 0 0 0 0 0 0
"142" 142 0.152284263959 267 81 53 24 18 18 10 10 8 4 4 1 1 1 0 0 0 0 0 0
"143" 143 0.518134715026 154 91 82 66 32 26 19 9 9 6 5 1 0 0 0 0 0 0 0 0
"144" 144 0.424107142857 302 116 27 18 15 8 7 2 2 1 1 1 0 0 0 0 0 0 0 0
"145" 145 0.229927007299 336 131 16 15 2 0 0 0 0 0 0 0 0 0 0 0 0 0 0 0
"146" 146 0.352201257862 298 93 45 36 8 5 5 4 2 2 1 1 0 0 0 0 0 0 0 0
"147" 147 0.57399103139 222 180 44 28 14 4 3 3 1 1 0 0 0 0 0 0 0 0 0 0
"148" 148 0.217616580311 293 129 22 12 11 9 9 6 4 2 1 1 1 0 0 0 0 0 0 0
"149" 149 0.0390070921986 183 175 57 37 14 12 8 4 3 2 2 1 1 1 0 0 0 0 0 0
"150" 150 0.338912133891 188 98 84 62 37 10 9 6 6 0 0 0 0 0 0 0 0 0 0 0
"151" 151 0.433035714286 178 131 52 48 27 20 15 12 7 6 4 0 0 0 0 0 0 0 0 0
"152" 152 0.020725388601 208 93 78 46 37 11 8 7 5 3 1 1 1 1 0 0 0 0 0 0
"153" 153 0.218274111675 192 187 74 20 13 6 5 3 0 0 0 0 0 0 0 0 0 0 0 0
"154" 154 0.625 370 128 1 1 0 0 0 0 0 0 0 0 0 0 0 0 0 0 0 0
"155" 155 0.71875 259 143 35 19 17 15 8 2 1 1 0 0 0 0 0 0 0 0 0 0
