"site" "RSA" "aa1" "aa2" "aa3" "aa4" "aa5" "aa6" "aa7" "aa8" "aa9" "aa10" "aa11" "aa12" "aa13" "aa14" "aa15" "aa16" "aa17" "aa18" "aa19" "aa20"
"0" 0 0.275229357798 330 89 77 2 2 0 0 0 0 0 0 0 0 0 0 0 0 0 0 0
"1" 1 0.723214285714 329 63 39 36 33 0 0 0 0 0 0 0 0 0 0 0 0 0 0 0
"2" 2 0.317948717949 199 103 62 62 23 21 13 10 4 3 0 0 0 0 0 0 0 0 0 0
"3" 3 0.0836820083682 492 5 1 1 1 0 0 0 0 0 0 0 0 0 0 0 0 0 0 0
"4" 4 0.390134529148 225 118 80 29 17 15 5 4 4 3 0 0 0 0 0 0 0 0 0 0
"5" 5 0.316455696203 254 195 25 19 4 2 1 0 0 0 0 0 0 0 0 0 0 0 0 0
"6" 6 0.402298850575 377 55 43 21 2 1 1 0 0 0 0 0 0 0 0 0 0 0 0 0
"7" 7 0.482142857143 411 36 35 11 4 2 1 0 0 0 0 0 0 0 0 0 0 0 0 0
"8" 8 0.514767932489 271 115 65 21 11 5 4 4 2 1 1 0 0 0 0 0 0 0 0 0
"9" 9 0.395939086294 351 86 57 4 2 0 0 0 0 0 0 0 0 0 0 0 0 0 0 0
"10" 10 0.240384615385 500 0 0 0 0 0 0 0 0 0 0 0 0 0 0 0 0 0 0 0
"11" 11 0.683035714286 339 40 29 27 21 18 15 6 4 1 0 0 0 0 0 0 0 0 0 0
"12" 12 0.336538461538 266 93 54 46 32 7 1 1 0 0 0 0 0 0 0 0 0 0 0 0
"13" 13 1.06976744186 236 188 47 7 5 5 4 4 3 1 0 0 0 0 0 0 0 0 0 0
"14" 14 0.269230769231 500 0 0 0 0 0 0 0 0 0 0 0 0 0 0 0 0 0 0 0
"15" 15 0.14367816092 265 65 61 35 28 14 11 11 5 2 2 1 0 0 0 0 0 0 0 0
"16" 16 0.183908045977 240 100 50 36 24 17 11 10 5 4 1 1 1 0 0 0 0 0 0 0
"17" 17 0.171102661597 270 122 108 0 0 0 0 0 0 0 0 0 0 0 0 0 0 0 0 0
"18" 18 0.240506329114 490 4 3 2 1 0 0 0 0 0 0 0 0 0 0 0 0 0 0 0
"19" 19 0.0 341 131 14 14 0 0 0 0 0 0 0 0 0 0 0 0 0 0 0 0
"20" 20 0.357664233577 294 74 55 36 28 9 4 0 0 0 0 0 0 0 0 0 0 0 0 0
"21" 21 0.0923076923077 231 113 87 21 15 14 12 5 1 1 0 0 0 0 0 0 0 0 0 0
"22" 22 0.455696202532 257 95 37 27 26 21 19 8 7 3 0 0 0 0 0 0 0 0 0 0
"23" 23 0.696517412935 168 132 84 32 20 19 11 9 8 8 4 3 2 0 0 0 0 0 0 0
"24" 24 0.563953488372 98 82 78 65 64 59 22 13 8 7 2 1 1 0 0 0 0 0 0 0
"25" 25 0.432692307692 500 0 0 0 0 0 0 0 0 0 0 0 0 0 0 0 0 0 0 0
"26" 26 0.379464285714 260 103 36 36 21 13 9 8 4 4 2 2 1 1 0 0 0 0 0 0
"27" 27 0.350574712644 250 113 41 38 32 20 4 2 0 0 0 0 0 0 0 0 0 0 0 0
"28" 28 0.0 327 115 29 13 8 3 3 2 0 0 0 0 0 0 0 0 0 0 0 0
"29" 29 0.124031007752 226 148 44 40 15 9 9 6 2 1 0 0 0 0 0 0 0 0 0 0
"30" 30 0.0 177 123 91 62 44 3 0 0 0 0 0 0 0 0 0 0 0 0 0 0
"31" 31 0.177215189873 216 76 51 45 37 20 14 13 10 6 4 3 2 2 1 0 0 0 0 0
"32" 32 0.0759493670886 145 142 79 28 23 19 14 14 14 10 7 2 1 1 1 0 0 0 0 0
"33" 33 0.10152284264 227 93 85 34 18 16 14 4 3 2 2 1 1 0 0 0 0 0 0 0
"34" 34 0.489051094891 264 59 47 32 21 19 13 11 8 8 6 5 5 1 1 0 0 0 0 0
"35" 35 0.139303482587 333 90 57 9 7 3 1 0 0 0 0 0 0 0 0 0 0 0 0 0
"36" 36 0.378238341969 193 146 63 29 13 11 10 9 7 7 7 4 1 0 0 0 0 0 0 0
"37" 37 0.343023255814 185 75 56 48 41 21 20 19 13 12 5 4 1 0 0 0 0 0 0 0
"38" 38 0.723214285714 127 98 89 78 47 35 11 8 4 2 1 0 0 0 0 0 0 0 0 0
"39" 39 0.593023255814 198 158 40 22 17 16 12 7 7 6 6 5 5 1 0 0 0 0 0 0
"40" 40 0.709821428571 169 110 96 42 33 25 10 6 3 2 1 1 1 1 0 0 0 0 0 0
"41" 41 0.288461538462 500 0 0 0 0 0 0 0 0 0 0 0 0 0 0 0 0 0 0 0
"42" 42 0.362068965517 311 61 43 22 19 14 8 5 4 4 3 2 2 2 0 0 0 0 0 0
"43" 43 0.207547169811 160 120 83 60 33 24 14 2 1 1 1 1 0 0 0 0 0 0 0 0
"44" 44 0.569536423841 178 154 66 56 24 13 5 2 1 1 0 0 0 0 0 0 0 0 0 0
"45" 45 0.348837209302 137 127 85 45 43 41 9 5 4 3 1 0 0 0 0 0 0 0 0 0
"46" 46 0.0 129 125 65 38 36 34 16 15 14 8 5 4 3 3 2 2 1 0 0 0
"47" 47 0.482233502538 244 106 79 40 12 6 6 5 2 0 0 0 0 0 0 0 0 0 0 0
"48" 48 0.29197080292 207 186 32 27 24 17 5 2 0 0 0 0 0 0 0 0 0 0 0 0
"49" 49 0.0267857142857 261 76 56 50 33 9 5 4 3 2 1 0 0 0 0 0 0 0 0 0
"50" 50 0.121827411168 133 120 94 78 14 14 12 11 6 6 4 4 2 1 1 0 0 0 0 0
"51" 51 0.403973509934 143 117 95 72 23 19 18 5 4 3 1 0 0 0 0 0 0 0 0 0
"52" 52 0.0597014925373 256 76 73 57 24 9 2 1 1 1 0 0 0 0 0 0 0 0 0 0
"53" 53 0.0398009950249 162 161 111 33 13 11 4 2 1 1 1 0 0 0 0 0 0 0 0 0
"54" 54 0.632911392405 225 100 54 46 26 17 8 7 7 5 4 1 0 0 0 0 0 0 0 0
"55" 55 0.424107142857 185 63 60 52 43 41 38 16 1 1 0 0 0 0 0 0 0 0 0 0
"56" 56 0.0199004975124 493 4 2 1 0 0 0 0 0 0 0 0 0 0 0 0 0 0 0 0
"57" 57 0.594871794872 214 82 57 52 39 28 10 10 4 4 0 0 0 0 0 0 0 0 0 0
"58" 58 0.177033492823 463 20 11 3 1 1 1 0 0 0 0 0 0 0 0 0 0 0 0 0
"59" 59 0.566037735849 219 138 89 40 11 2 1 0 0 0 0 0 0 0 0 0 0 0 0 0
"60" 60 0.0564102564103 252 115 66 45 9 6 5 1 1 0 0 0 0 0 0 0 0 0 0 0
"61" 61 0.010152284264 487 6 5 1 1 0 0 0 0 0 0 0 0 0 0 0 0 0 0 0
"62" 62 0.0287356321839 161 93 87 53 42 22 17 8 7 7 2 1 0 0 0 0 0 0 0 0
"63" 63 0.430379746835 196 133 78 45 16 11 9 6 4 2 0 0 0 0 0 0 0 0 0 0
"64" 64 0.124378109453 380 109 7 1 1 1 1 0 0 0 0 0 0 0 0 0 0 0 0 0
"65" 65 0.268656716418 434 21 12 9 6 5 4 4 1 1 1 1 1 0 0 0 0 0 0 0
"66" 66 0.461139896373 348 75 72 5 0 0 0 0 0 0 0 0 0 0 0 0 0 0 0 0
"67" 67 0.155172413793 303 131 21 20 12 5 4 1 1 1 1 0 0 0 0 0 0 0 0 0
"68" 68 0.147208121827 477 9 6 4 1 1 1 1 0 0 0 0 0 0 0 0 0 0 0 0
"69" 69 0.66985645933 161 117 99 84 12 9 7 6 2 1 1 1 0 0 0 0 0 0 0 0
"70" 70 0.348837209302 443 38 5 5 3 2 2 1 1 0 0 0 0 0 0 0 0 0 0 0
"71" 71 0.723214285714 184 139 117 22 17 8 7 2 2 1 1 0 0 0 0 0 0 0 0 0
"72" 72 0.4 374 34 26 20 14 13 6 3 2 2 2 2 1 1 0 0 0 0 0 0
"73" 73 0.257383966245 287 79 44 42 30 7 4 2 2 1 1 1 0 0 0 0 0 0 0 0
"74" 74 0.0298507462687 276 98 56 34 14 5 4 4 3 3 2 1 0 0 0 0 0 0 0 0
"75" 75 0.0836501901141 314 62 38 33 32 9 7 5 0 0 0 0 0 0 0 0 0 0 0 0
"76" 76 0.0 234 122 112 16 4 4 3 2 1 1 1 0 0 0 0 0 0 0 0 0
"77" 77 0.0172413793103 343 140 6 3 3 2 2 1 0 0 0 0 0 0 0 0 0 0 0 0
"78" 78 0.0836820083682 258 90 72 60 8 4 4 3 1 0 0 0 0 0 0 0 0 0 0 0
"79" 79 0.174107142857 219 152 57 19 18 8 8 6 4 3 2 1 1 1 1 0 0 0 0 0
"80" 80 0.163179916318 332 158 10 0 0 0 0 0 0 0 0 0 0 0 0 0 0 0 0 0
"81" 81 0.0497512437811 364 106 14 11 4 1 0 0 0 0 0 0 0 0 0 0 0 0 0 0
"82" 82 0.377990430622 255 141 23 21 19 15 6 5 5 5 2 2 1 0 0 0 0 0 0 0
"83" 83 0.125560538117 234 96 75 24 22 16 13 8 8 4 0 0 0 0 0 0 0 0 0 0
"84" 84 0.217616580311 272 89 65 27 20 11 7 4 2 1 1 1 0 0 0 0 0 0 0 0
"85" 85 0.0 422 35 10 8 7 6 5 3 2 1 1 0 0 0 0 0 0 0 0 0
"86" 86 0.232067510549 161 108 85 42 37 36 11 8 4 3 3 1 1 0 0 0 0 0 0 0
"87" 87 0.485232067511 171 102 78 63 32 17 13 10 6 3 2 1 1 1 0 0 0 0 0 0
"88" 88 0.0334728033473 291 63 51 36 23 19 6 3 3 2 1 1 1 0 0 0 0 0 0 0
"89" 89 0.0321100917431 254 160 27 17 15 12 5 4 2 2 1 1 0 0 0 0 0 0 0 0
"90" 90 0.492227979275 120 86 78 70 50 44 21 17 6 4 3 1 0 0 0 0 0 0 0 0
"91" 91 0.612403100775 88 88 63 48 45 40 39 26 22 19 14 3 3 2 0 0 0 0 0 0
"92" 92 0.0927152317881 99 98 90 50 42 37 28 17 15 11 7 2 2 1 1 0 0 0 0 0
"93" 93 0.527131782946 110 106 87 62 61 41 9 6 6 5 4 2 1 0 0 0 0 0 0 0
"94" 94 0.880597014925 173 146 113 20 19 9 8 8 3 1 0 0 0 0 0 0 0 0 0 0
"95" 95 0.761627906977 167 118 62 39 27 21 18 16 14 7 4 2 2 1 1 1 0 0 0 0
"96" 96 0.173076923077 500 0 0 0 0 0 0 0 0 0 0 0 0 0 0 0 0 0 0 0
"97" 97 0.0710659898477 262 95 45 44 15 11 10 7 5 3 2 1 0 0 0 0 0 0 0 0
"98" 98 0.51572327044 309 141 22 10 10 4 2 2 0 0 0 0 0 0 0 0 0 0 0 0
"99" 99 0.283582089552 174 113 77 32 28 22 19 10 7 6 5 4 2 1 0 0 0 0 0 0
"100" 100 0.396226415094 183 155 124 19 4 4 3 2 2 2 1 1 0 0 0 0 0 0 0 0
"101" 101 0.0199004975124 418 36 17 13 10 3 2 1 0 0 0 0 0 0 0 0 0 0 0 0
"102" 102 0.0304568527919 477 8 8 3 2 1 1 0 0 0 0 0 0 0 0 0 0 0 0 0
"103" 103 0.0632911392405 315 80 42 18 17 9 8 3 3 2 2 1 0 0 0 0 0 0 0 0
"104" 104 0.0132450331126 471 14 13 1 1 0 0 0 0 0 0 0 0 0 0 0 0 0 0 0
"105" 105 0.0 357 71 33 8 7 6 4 3 3 3 2 1 1 1 0 0 0 0 0 0
"106" 106 0.0 283 56 42 31 29 20 18 11 7 3 0 0 0 0 0 0 0 0 0 0
"107" 107 0.209205020921 257 198 29 5 4 2 1 1 1 1 1 0 0 0 0 0 0 0 0 0
"108" 108 0.0582959641256 226 143 54 22 22 10 6 6 5 2 2 2 0 0 0 0 0 0 0 0
"109" 109 0.0 415 68 5 4 4 2 1 1 0 0 0 0 0 0 0 0 0 0 0 0
"110" 110 0.0 388 48 39 10 9 5 1 0 0 0 0 0 0 0 0 0 0 0 0 0
"111" 111 0.282511210762 272 97 64 41 11 7 2 2 2 2 0 0 0 0 0 0 0 0 0 0
"112" 112 0.0 395 102 3 0 0 0 0 0 0 0 0 0 0 0 0 0 0 0 0 0
"113" 113 0.0 144 91 81 71 36 27 15 12 10 10 3 0 0 0 0 0 0 0 0 0
"114" 114 0.116279069767 301 153 17 17 5 5 1 1 0 0 0 0 0 0 0 0 0 0 0 0
"115" 115 0.209205020921 351 97 40 8 3 1 0 0 0 0 0 0 0 0 0 0 0 0 0 0
"116" 116 0.0 382 68 22 12 6 5 3 2 0 0 0 0 0 0 0 0 0 0 0 0
"117" 117 0.124401913876 397 35 19 14 11 10 6 4 2 1 1 0 0 0 0 0 0 0 0 0
"118" 118 0.576158940397 175 167 84 23 16 13 12 4 2 2 1 1 0 0 0 0 0 0 0 0
"119" 119 0.320574162679 194 161 58 57 11 6 5 3 2 1 1 1 0 0 0 0 0 0 0 0
"120" 120 0.35401459854 150 145 139 29 12 8 4 4 3 2 2 1 1 0 0 0 0 0 0 0
"121" 121 0.0 318 73 51 30 27 1 0 0 0 0 0 0 0 0 0 0 0 0 0 0
"122" 122 0.0 316 50 32 22 18 18 18 17 4 2 2 1 0 0 0 0 0 0 0 0
"123" 123 0.0 500 0 0 0 0 0 0 0 0 0 0 0 0 0 0 0 0 0 0 0
"124" 124 0.0583941605839 397 52 28 13 6 3 1 0 0 0 0 0 0 0 0 0 0 0 0 0
"125" 125 0.0880829015544 225 203 52 5 5 4 2 2 2 0 0 0 0 0 0 0 0 0 0 0
"126" 126 0.0 138 105 92 63 57 20 7 6 5 5 1 1 0 0 0 0 0 0 0 0
"127" 127 0.172995780591 250 84 69 56 16 11 7 4 3 0 0 0 0 0 0 0 0 0 0 0
"128" 128 0.0 261 171 22 19 17 5 2 1 1 1 0 0 0 0 0 0 0 0 0 0
"129" 129 0.309417040359 193 166 66 57 13 3 1 1 0 0 0 0 0 0 0 0 0 0 0 0
"130" 130 0.0717948717949 252 90 60 49 36 10 1 1 1 0 0 0 0 0 0 0 0 0 0 0
"131" 131 0.0 311 159 9 8 8 2 2 1 0 0 0 0 0 0 0 0 0 0 0 0
"132" 132 0.199004975124 161 116 111 42 26 17 13 4 4 3 1 1 1 0 0 0 0 0 0 0
"133" 133 0.0 346 57 44 42 2 2 2 2 1 1 1 0 0 0 0 0 0 0 0 0
"134" 134 0.138461538462 489 8 2 1 0 0 0 0 0 0 0 0 0 0 0 0 0 0 0 0
"135" 135 0.383720930233 144 130 110 63 18 16 8 4 4 2 1 0 0 0 0 0 0 0 0 0
"136" 136 0.571428571429 281 73 58 26 26 12 11 5 5 2 1 0 0 0 0 0 0 0 0 0
"137" 137 0.0 500 0 0 0 0 0 0 0 0 0 0 0 0 0 0 0 0 0 0 0
"138" 138 0.0697674418605 270 101 100 18 6 2 2 1 0 0 0 0 0 0 0 0 0 0 0 0
"139" 139 0.0 411 65 20 3 1 0 0 0 0 0 0 0 0 0 0 0 0 0 0 0
"140" 140 0.10970464135 435 22 12 12 10 4 4 1 0 0 0 0 0 0 0 0 0 0 0 0
"141" 141 0.0 304 105 44 18 16 5 2 2 1 1 1 1 0 0 0 0 0 0 0 0
"142" 142 0.0697674418605 312 141 26 21 0 0 0 0 0 0 0 0 0 0 0 0 0 0 0 0
"143" 143 0.305699481865 219 209 38 23 6 2 1 1 1 0 0 0 0 0 0 0 0 0 0 0
"144" 144 0.00418410041841 463 23 13 1 0 0 0 0 0 0 0 0 0 0 0 0 0 0 0 0
"145" 145 0.105769230769 149 96 82 46 44 34 24 10 7 4 2 1 1 0 0 0 0 0 0 0
"146" 146 0.268656716418 218 103 43 34 29 26 20 10 9 5 3 0 0 0 0 0 0 0 0 0
"147" 147 0.0 318 182 0 0 0 0 0 0 0 0 0 0 0 0 0 0 0 0 0 0
"148" 148 0.197080291971 315 63 38 30 25 15 7 3 3 1 0 0 0 0 0 0 0 0 0 0
"149" 149 0.325581395349 110 93 84 68 57 37 26 6 5 4 3 2 2 1 1 1 0 0 0 0
"150" 150 0.125523012552 105 88 67 65 40 37 36 22 17 6 4 4 3 3 2 1 0 0 0 0
"151" 151 0.269230769231 317 141 16 7 6 5 3 1 1 1 1 1 0 0 0 0 0 0 0 0
"152" 152 0.804597701149 236 106 58 38 34 22 3 1 1 1 0 0 0 0 0 0 0 0 0 0
"153" 153 0.748427672956 213 152 98 28 9 0 0 0 0 0 0 0 0 0 0 0 0 0 0 0
"154" 154 0.16091954023 185 129 99 20 11 11 10 10 8 7 5 3 1 1 0 0 0 0 0 0
"155" 155 0.558394160584 458 14 13 9 3 1 1 1 0 0 0 0 0 0 0 0 0 0 0 0
"156" 156 0.523255813953 236 94 38 26 26 25 17 16 9 7 4 2 0 0 0 0 0 0 0 0
"157" 157 0.110266159696 305 189 2 1 1 1 1 0 0 0 0 0 0 0 0 0 0 0 0 0
"158" 158 0.832535885167 148 140 58 56 32 21 16 14 10 2 2 1 0 0 0 0 0 0 0 0
"159" 159 0.790178571429 480 10 6 2 1 1 0 0 0 0 0 0 0 0 0 0 0 0 0 0
"160" 160 0.0804597701149 213 128 61 61 20 7 6 2 1 1 0 0 0 0 0 0 0 0 0 0
"161" 161 0.0114942528736 125 93 78 71 50 32 18 15 12 5 1 0 0 0 0 0 0 0 0 0
"162" 162 0.273255813953 197 116 79 35 24 21 14 9 3 1 1 0 0 0 0 0 0 0 0 0
"163" 163 0.164179104478 399 97 1 1 1 1 0 0 0 0 0 0 0 0 0 0 0 0 0 0
"164" 164 0.351063829787 287 64 45 36 25 21 8 6 3 2 2 1 0 0 0 0 0 0 0 0
"165" 165 0.0152091254753 286 143 60 3 3 2 1 1 1 0 0 0 0 0 0 0 0 0 0 0
"166" 166 0.142335766423 489 11 0 0 0 0 0 0 0 0 0 0 0 0 0 0 0 0 0 0
"167" 167 0.0077519379845 330 103 24 20 14 5 4 0 0 0 0 0 0 0 0 0 0 0 0 0
"168" 168 0.0 135 100 64 54 34 34 27 16 15 15 4 2 0 0 0 0 0 0 0 0
"169" 169 0.0223214285714 431 25 21 10 4 2 2 1 1 1 1 1 0 0 0 0 0 0 0 0
"170" 170 0.0761421319797 189 93 69 38 36 35 17 9 5 5 3 1 0 0 0 0 0 0 0 0
"171" 171 0.0199004975124 423 69 4 3 1 0 0 0 0 0 0 0 0 0 0 0 0 0 0 0
"172" 172 0.0 335 53 23 18 18 17 10 8 8 6 2 1 1 0 0 0 0 0 0 0
"173" 173 0.259615384615 339 64 49 32 4 4 3 3 1 1 0 0 0 0 0 0 0 0 0 0
"174" 174 0.113924050633 299 109 62 28 1 1 0 0 0 0 0 0 0 0 0 0 0 0 0 0
"175" 175 0.455696202532 137 84 74 51 44 41 27 19 18 4 1 0 0 0 0 0 0 0 0 0
"176" 176 0.539923954373 348 100 18 10 7 6 5 2 2 1 1 0 0 0 0 0 0 0 0 0
"177" 177 0.0304182509506 328 52 46 46 8 7 7 2 2 1 1 0 0 0 0 0 0 0 0 0
"178" 178 0.23178807947 255 166 40 39 0 0 0 0 0 0 0 0 0 0 0 0 0 0 0 0
"179" 179 0.267441860465 163 102 95 48 42 24 14 5 4 1 1 1 0 0 0 0 0 0 0 0
"180" 180 0.0852713178295 364 57 37 28 7 3 3 1 0 0 0 0 0 0 0 0 0 0 0 0
"181" 181 0.0 256 87 77 58 12 4 3 2 1 0 0 0 0 0 0 0 0 0 0 0
"182" 182 0.0 500 0 0 0 0 0 0 0 0 0 0 0 0 0 0 0 0 0 0 0
"183" 183 0.010152284264 154 96 81 54 41 31 19 13 10 1 0 0 0 0 0 0 0 0 0 0
"184" 184 0.0 253 151 80 8 6 2 0 0 0 0 0 0 0 0 0 0 0 0 0 0
"185" 185 0.0 399 67 30 3 1 0 0 0 0 0 0 0 0 0 0 0 0 0 0 0
"186" 186 0.00497512437811 365 82 16 12 12 3 3 3 2 2 0 0 0 0 0 0 0 0 0 0
"187" 187 0.0 485 15 0 0 0 0 0 0 0 0 0 0 0 0 0 0 0 0 0 0
"188" 188 0.00632911392405 347 103 25 22 3 0 0 0 0 0 0 0 0 0 0 0 0 0 0 0
"189" 189 0.0 295 112 42 23 11 7 6 3 1 0 0 0 0 0 0 0 0 0 0 0
"190" 190 0.0 269 135 27 16 15 15 11 4 3 2 1 1 1 0 0 0 0 0 0 0
"191" 191 0.0 191 189 47 27 14 8 7 5 4 3 3 1 1 0 0 0 0 0 0 0
"192" 192 0.0178571428571 242 147 33 22 16 13 8 7 4 3 2 2 1 0 0 0 0 0 0 0
"193" 193 0.0 411 26 20 11 8 7 5 4 3 2 2 1 0 0 0 0 0 0 0 0
"194" 194 0.0689655172414 116 80 70 69 36 32 31 27 11 9 6 6 4 2 1 0 0 0 0 0
"195" 195 0.191860465116 291 106 28 24 21 15 10 5 0 0 0 0 0 0 0 0 0 0 0 0
"196" 196 0.299270072993 261 108 98 18 5 5 4 1 0 0 0 0 0 0 0 0 0 0 0 0
"197" 197 0.631386861314 190 145 126 14 10 7 4 3 1 0 0 0 0 0 0 0 0 0 0 0
"198" 198 0.15503875969 277 48 46 35 22 20 18 16 3 3 3 3 2 2 1 1 0 0 0 0
"199" 199 0.144278606965 395 58 25 6 4 3 3 3 1 1 1 0 0 0 0 0 0 0 0 0
"200" 200 0.00836820083682 447 42 4 3 2 1 1 0 0 0 0 0 0 0 0 0 0 0 0 0
"201" 201 0.245283018868 473 18 8 1 0 0 0 0 0 0 0 0 0 0 0 0 0 0 0 0
"202" 202 0.0384615384615 500 0 0 0 0 0 0 0 0 0 0 0 0 0 0 0 0 0 0 0
"203" 203 0.683937823834 197 120 88 34 26 13 11 7 2 1 1 0 0 0 0 0 0 0 0 0
"204" 204 0.337748344371 438 31 25 4 2 0 0 0 0 0 0 0 0 0 0 0 0 0 0 0
"205" 205 0.495535714286 414 39 19 14 7 4 2 1 0 0 0 0 0 0 0 0 0 0 0 0
"206" 206 0.324873096447 339 111 15 14 8 6 4 1 1 1 0 0 0 0 0 0 0 0 0 0
"207" 207 0.124352331606 270 84 45 29 23 18 16 5 4 4 2 0 0 0 0 0 0 0 0 0
"208" 208 0.0 326 72 52 24 14 7 5 0 0 0 0 0 0 0 0 0 0 0 0 0
"209" 209 0.0348258706468 324 137 24 5 5 3 1 1 0 0 0 0 0 0 0 0 0 0 0 0
"210" 210 0.200836820084 374 70 38 11 4 1 1 1 0 0 0 0 0 0 0 0 0 0 0 0
"211" 211 0.277372262774 260 196 20 12 7 3 1 1 0 0 0 0 0 0 0 0 0 0 0 0
"212" 212 0.0 295 151 20 12 8 5 3 2 1 1 1 1 0 0 0 0 0 0 0 0
"213" 213 0.00418410041841 280 123 50 36 3 3 3 1 1 0 0 0 0 0 0 0 0 0 0 0
"214" 214 0.383211678832 308 137 27 20 6 1 1 0 0 0 0 0 0 0 0 0 0 0 0 0
"215" 215 0.104651162791 418 19 12 11 9 8 7 6 5 2 1 1 1 0 0 0 0 0 0 0
"216" 216 0.0298507462687 395 83 7 6 3 2 1 1 1 1 0 0 0 0 0 0 0 0 0 0
"217" 217 0.0576923076923 500 0 0 0 0 0 0 0 0 0 0 0 0 0 0 0 0 0 0 0
"218" 218 0.156976744186 123 107 105 76 75 7 6 1 0 0 0 0 0 0 0 0 0 0 0 0
"219" 219 0.0377358490566 204 176 87 11 7 4 4 2 2 1 1 1 0 0 0 0 0 0 0 0
"220" 220 0.424870466321 458 30 10 1 1 0 0 0 0 0 0 0 0 0 0 0 0 0 0 0
"221" 221 0.34375 381 77 23 6 5 3 1 1 1 1 1 0 0 0 0 0 0 0 0 0
"222" 222 0.770114942529 310 121 32 27 6 3 1 0 0 0 0 0 0 0 0 0 0 0 0 0
"223" 223 0.350574712644 221 107 96 40 13 7 7 3 2 2 1 1 0 0 0 0 0 0 0 0
"224" 224 0.0390070921986 248 219 19 7 5 1 1 0 0 0 0 0 0 0 0 0 0 0 0 0
"225" 225 0.522012578616 373 81 19 16 6 2 2 1 0 0 0 0 0 0 0 0 0 0 0 0
"226" 226 0.317307692308 500 0 0 0 0 0 0 0 0 0 0 0 0 0 0 0 0 0 0 0
"227" 227 0.0 244 118 34 33 25 21 8 3 3 3 3 2 1 1 1 0 0 0 0 0
"228" 228 0.354651162791 268 112 52 21 18 13 6 4 2 1 1 1 1 0 0 0 0 0 0 0
"229" 229 0.675496688742 373 71 35 18 2 1 0 0 0 0 0 0 0 0 0 0 0 0 0 0
"230" 230 0.0871559633028 374 70 24 17 4 3 3 2 1 1 1 0 0 0 0 0 0 0 0 0
"231" 231 0.509433962264 301 137 44 5 3 3 3 2 1 1 0 0 0 0 0 0 0 0 0 0
"232" 232 0.466321243523 176 95 59 57 25 21 17 13 13 12 8 3 1 0 0 0 0 0 0 0
"233" 233 0.155893536122 186 183 64 61 6 0 0 0 0 0 0 0 0 0 0 0 0 0 0 0
"234" 234 0.426160337553 195 169 63 38 13 11 3 3 2 2 1 0 0 0 0 0 0 0 0 0
"235" 235 0.654088050314 204 85 80 72 30 9 6 6 5 1 1 1 0 0 0 0 0 0 0 0
"236" 236 0.668874172185 152 149 99 79 11 8 1 1 0 0 0 0 0 0 0 0 0 0 0 0
"237" 237 0.0376569037657 128 122 121 46 24 19 13 10 8 4 3 2 0 0 0 0 0 0 0 0
"238" 238 0.345911949686 191 136 103 28 14 13 11 4 0 0 0 0 0 0 0 0 0 0 0 0
"239" 239 0.763713080169 381 59 26 15 11 3 2 2 1 0 0 0 0 0 0 0 0 0 0 0
"240" 240 0.27304964539 347 83 67 2 1 0 0 0 0 0 0 0 0 0 0 0 0 0 0 0
"241" 241 0.713178294574 365 84 42 6 3 0 0 0 0 0 0 0 0 0 0 0 0 0 0 0
"242" 242 0.416058394161 269 95 46 36 20 18 9 5 2 0 0 0 0 0 0 0 0 0 0 0
"243" 243 0.367713004484 314 97 62 14 8 3 2 0 0 0 0 0 0 0 0 0 0 0 0 0
"244" 244 0.528497409326 190 162 86 16 13 9 9 8 6 1 0 0 0 0 0 0 0 0 0 0
"245" 245 0.0753138075314 204 123 86 56 10 6 5 3 3 1 1 1 1 0 0 0 0 0 0 0
"246" 246 0.291390728477 217 114 67 27 26 22 10 7 4 2 2 1 1 0 0 0 0 0 0 0
"247" 247 0.590717299578 225 143 46 37 34 6 5 2 1 1 0 0 0 0 0 0 0 0 0 0
"248" 248 0.0689655172414 291 162 12 9 8 7 6 2 1 1 1 0 0 0 0 0 0 0 0 0
"249" 249 0.00574712643678 114 114 81 59 46 42 25 10 6 3 0 0 0 0 0 0 0 0 0 0
"250" 250 0.509433962264 236 107 99 42 16 0 0 0 0 0 0 0 0 0 0 0 0 0 0 0
"251" 251 0.59748427673 179 127 126 61 5 1 1 0 0 0 0 0 0 0 0 0 0 0 0 0
"252" 252 0.0298507462687 140 135 114 68 20 12 7 3 1 0 0 0 0 0 0 0 0 0 0 0
"253" 253 0.316062176166 397 82 8 6 3 3 1 0 0 0 0 0 0 0 0 0 0 0 0 0
"254" 254 0.647321428571 145 128 125 56 19 14 4 4 3 2 0 0 0 0 0 0 0 0 0 0
"255" 255 0.238341968912 199 137 58 38 25 14 13 6 5 4 1 0 0 0 0 0 0 0 0 0
"256" 256 0.0 103 91 86 80 41 26 21 20 11 9 6 2 2 1 1 0 0 0 0 0
"257" 257 0.284671532847 197 166 50 33 31 11 10 1 1 0 0 0 0 0 0 0 0 0 0 0
"258" 258 0.304635761589 144 142 74 50 38 32 14 2 2 1 1 0 0 0 0 0 0 0 0 0
"259" 259 0.0 335 79 58 9 6 5 2 2 2 2 0 0 0 0 0 0 0 0 0 0
"260" 260 0.00497512437811 300 129 25 11 9 8 8 7 2 1 0 0 0 0 0 0 0 0 0 0
"261" 261 0.264900662252 289 116 50 13 13 11 3 2 1 1 1 0 0 0 0 0 0 0 0 0
"262" 262 0.318385650224 209 99 90 50 32 7 5 3 3 1 1 0 0 0 0 0 0 0 0 0
"263" 263 0.0 288 112 57 19 7 5 4 3 2 1 1 1 0 0 0 0 0 0 0 0
"264" 264 0.0248756218905 270 202 14 5 3 2 2 1 1 0 0 0 0 0 0 0 0 0 0 0
"265" 265 0.282296650718 416 79 3 1 1 0 0 0 0 0 0 0 0 0 0 0 0 0 0 0
"266" 266 0.0304182509506 242 137 52 28 14 12 8 3 2 1 1 0 0 0 0 0 0 0 0 0
"267" 267 0.0984455958549 208 133 104 25 19 5 5 1 0 0 0 0 0 0 0 0 0 0 0 0
"268" 268 0.194968553459 192 177 62 36 11 7 4 4 3 2 1 1 0 0 0 0 0 0 0 0
"269" 269 0.723076923077 201 196 41 29 15 11 4 2 1 0 0 0 0 0 0 0 0 0 0 0
"270" 270 0.616033755274 184 133 125 36 16 3 2 1 0 0 0 0 0 0 0 0 0 0 0 0
"271" 271 0.0510948905109 366 61 60 5 4 3 1 0 0 0 0 0 0 0 0 0 0 0 0 0
"272" 272 0.10152284264 194 150 94 36 14 7 4 1 0 0 0 0 0 0 0 0 0 0 0 0
"273" 273 0.364238410596 408 51 19 9 9 2 1 1 0 0 0 0 0 0 0 0 0 0 0 0
"274" 274 0.0077519379845 321 90 87 1 1 0 0 0 0 0 0 0 0 0 0 0 0 0 0 0
"275" 275 0.675105485232 433 44 8 6 4 2 1 1 1 0 0 0 0 0 0 0 0 0 0 0
"276" 276 0.348837209302 229 169 73 15 7 4 2 1 0 0 0 0 0 0 0 0 0 0 0 0
"277" 277 0.0 417 50 10 6 6 5 3 1 1 1 0 0 0 0 0 0 0 0 0 0
"278" 278 0.233830845771 498 1 1 0 0 0 0 0 0 0 0 0 0 0 0 0 0 0 0 0
"279" 279 0.697674418605 402 56 30 7 3 2 0 0 0 0 0 0 0 0 0 0 0 0 0 0
"280" 280 0.0813397129187 499 1 0 0 0 0 0 0 0 0 0 0 0 0 0 0 0 0 0 0
"281" 281 0.415094339623 158 152 128 25 20 8 5 2 2 0 0 0 0 0 0 0 0 0 0 0
"282" 282 0.0 144 82 81 70 33 31 28 11 11 7 2 0 0 0 0 0 0 0 0 0
"283" 283 0.0418410041841 393 89 17 1 0 0 0 0 0 0 0 0 0 0 0 0 0 0 0 0
"284" 284 0.677130044843 382 39 17 17 14 14 11 2 1 1 1 1 0 0 0 0 0 0 0 0
"285" 285 0.518134715026 210 75 69 59 56 22 5 2 1 1 0 0 0 0 0 0 0 0 0 0
"286" 286 0.229885057471 250 193 44 6 4 1 1 1 0 0 0 0 0 0 0 0 0 0 0 0
"287" 287 0.517441860465 424 57 6 4 3 2 2 1 1 0 0 0 0 0 0 0 0 0 0 0
"288" 288 0.489451476793 187 183 52 49 9 8 3 3 3 1 1 1 0 0 0 0 0 0 0 0
"289" 289 0.22641509434 281 103 38 37 23 8 2 2 2 2 2 0 0 0 0 0 0 0 0 0
"290" 290 0.563218390805 191 161 55 36 27 22 4 2 1 1 0 0 0 0 0 0 0 0 0 0
"291" 291 0.0377358490566 362 66 18 16 8 8 6 5 4 4 1 1 1 0 0 0 0 0 0 0
"292" 292 0.88995215311 412 44 21 16 4 1 1 1 0 0 0 0 0 0 0 0 0 0 0 0
"293" 293 0.497512437811 342 61 35 30 9 6 6 5 2 2 1 1 0 0 0 0 0 0 0 0
