"site" "RSA" "aa1" "aa2" "aa3" "aa4" "aa5" "aa6" "aa7" "aa8" "aa9" "aa10" "aa11" "aa12" "aa13" "aa14" "aa15" "aa16" "aa17" "aa18" "aa19" "aa20"
"0" 0 0.317880794702 334 87 68 5 2 1 1 1 1 0 0 0 0 0 0 0 0 0 0 0
"1" 1 0.00507614213198 141 64 59 51 47 44 23 21 18 10 10 7 3 1 1 0 0 0 0 0
"2" 2 0.0 208 201 20 19 12 10 9 7 6 5 1 1 1 0 0 0 0 0 0 0
"3" 3 0.10460251046 170 113 66 22 20 20 19 17 15 14 12 6 5 1 0 0 0 0 0 0
"4" 4 0.269035532995 153 88 88 77 29 29 15 5 4 4 3 2 1 1 1 0 0 0 0 0
"5" 5 0.709844559585 92 78 66 63 62 36 30 29 25 12 6 1 0 0 0 0 0 0 0 0
"6" 6 0.5 130 101 100 37 36 30 16 14 13 9 8 3 1 1 1 0 0 0 0 0
"7" 7 0.421524663677 234 100 70 37 9 8 7 7 6 5 5 5 3 3 1 0 0 0 0 0
"8" 8 0.0348258706468 141 138 99 54 19 12 11 8 3 3 3 2 2 1 1 1 1 1 0 0
"9" 9 0.403846153846 202 100 71 32 22 15 14 12 10 6 5 4 4 3 0 0 0 0 0 0
"10" 10 0.0174418604651 266 77 66 25 23 14 9 7 4 3 3 2 1 0 0 0 0 0 0 0
"11" 11 0.574358974359 390 71 8 7 6 6 4 2 1 1 1 1 1 1 0 0 0 0 0 0
"12" 12 0.459119496855 199 129 85 25 21 12 9 7 4 4 2 1 1 1 0 0 0 0 0 0
"13" 13 0.0232558139535 188 95 68 46 41 29 10 9 3 3 2 2 2 1 1 0 0 0 0 0
"14" 14 0.629464285714 207 125 89 15 14 10 9 5 5 5 4 4 3 3 2 0 0 0 0 0
"15" 15 0.28855721393 199 161 81 17 16 11 4 4 3 3 1 0 0 0 0 0 0 0 0 0
"16" 16 0.119496855346 101 86 85 45 42 36 28 23 22 20 6 3 2 1 0 0 0 0 0 0
"17" 17 0.704402515723 329 63 36 33 21 10 3 2 2 1 0 0 0 0 0 0 0 0 0 0
"18" 18 0.119402985075 333 74 72 10 6 1 1 1 1 1 0 0 0 0 0 0 0 0 0 0
"19" 19 0.522012578616 122 104 64 50 48 34 25 22 11 11 5 2 1 1 0 0 0 0 0 0
"20" 20 0.133079847909 175 71 59 58 50 37 12 10 10 4 4 4 3 1 1 1 0 0 0 0
"21" 21 0.355769230769 174 129 70 56 28 10 9 7 7 3 2 2 1 1 1 0 0 0 0 0
"22" 22 0.281368821293 106 93 92 62 62 24 21 14 13 4 3 2 2 1 1 0 0 0 0 0
"23" 23 0.559585492228 244 125 40 17 17 13 12 10 7 6 4 3 1 1 0 0 0 0 0 0
"24" 24 0.248062015504 260 140 37 18 14 10 9 4 4 3 1 0 0 0 0 0 0 0 0 0
"25" 25 0.0 389 38 14 13 13 10 7 5 4 3 2 2 0 0 0 0 0 0 0 0
"26" 26 0.352678571429 163 86 67 57 35 32 11 10 10 9 7 4 3 3 3 0 0 0 0 0
"27" 27 0.476793248945 114 68 66 53 35 30 27 22 18 17 12 12 11 7 6 1 1 0 0 0
"28" 28 0.0 238 96 67 45 22 13 8 4 3 3 1 0 0 0 0 0 0 0 0 0
"29" 29 0.0253807106599 126 119 87 38 27 20 18 17 15 11 7 7 5 2 1 0 0 0 0 0
"30" 30 0.0829015544041 212 89 46 36 33 27 19 5 5 5 5 4 4 4 3 2 1 0 0 0
"31" 31 0.0697674418605 199 97 77 35 30 28 8 7 6 4 3 2 2 1 1 0 0 0 0 0
"32" 32 0.495535714286 114 105 86 48 45 28 23 17 10 9 7 7 1 0 0 0 0 0 0 0
"33" 33 0.0116279069767 130 117 65 63 29 27 13 12 12 11 10 4 4 3 0 0 0 0 0 0
"34" 34 0.0045871559633 205 81 37 34 32 27 17 16 13 11 9 9 4 4 1 0 0 0 0 0
"35" 35 0.434599156118 179 87 78 47 41 26 21 6 5 5 2 1 1 1 0 0 0 0 0 0
"36" 36 0.407960199005 148 92 84 52 29 25 20 13 12 8 5 5 3 2 1 1 0 0 0 0
"37" 37 0.0191387559809 375 30 24 19 16 6 6 5 5 5 4 2 1 1 1 0 0 0 0 0
"38" 38 0.0334928229665 456 17 8 8 6 3 1 1 0 0 0 0 0 0 0 0 0 0 0 0
"39" 39 0.326424870466 105 89 68 52 28 26 26 24 19 15 14 14 12 7 1 0 0 0 0 0
"40" 40 0.599156118143 130 111 104 56 30 26 13 10 6 5 3 3 2 1 0 0 0 0 0 0
"41" 41 0.311004784689 232 148 36 19 13 13 10 8 8 6 3 2 1 1 0 0 0 0 0 0
"42" 42 0.0 459 8 7 7 5 5 4 2 2 1 0 0 0 0 0 0 0 0 0 0
"43" 43 0.124031007752 175 104 46 43 32 20 19 18 14 8 6 5 3 3 2 2 0 0 0 0
"44" 44 0.294573643411 130 118 42 38 33 24 24 18 17 15 13 11 9 8 0 0 0 0 0 0
"45" 45 0.102661596958 375 42 34 13 13 8 6 4 3 1 1 0 0 0 0 0 0 0 0 0
"46" 46 0.0229885057471 169 106 62 46 27 24 21 18 13 5 3 2 1 1 1 1 0 0 0 0
"47" 47 0.471794871795 218 92 52 36 31 24 14 11 8 4 3 2 1 1 1 1 1 0 0 0
"48" 48 0.369230769231 155 95 88 70 19 18 15 9 8 6 5 4 4 4 0 0 0 0 0 0
"49" 49 0.00497512437811 228 92 53 40 28 25 10 6 6 4 3 2 1 1 1 0 0 0 0 0
"50" 50 0.14358974359 100 95 62 51 42 38 38 25 14 9 7 6 4 4 2 2 1 0 0 0
"51" 51 0.441025641026 133 111 101 32 29 25 23 12 10 9 5 4 2 2 1 1 0 0 0 0
"52" 52 0.0232558139535 148 87 83 24 23 22 17 16 16 15 11 9 8 7 5 3 3 3 0 0
"53" 53 0.00995024875622 333 40 39 16 16 15 8 7 7 5 4 4 3 2 1 0 0 0 0 0
"54" 54 0.599156118143 107 71 65 53 42 37 33 24 22 19 11 7 6 2 1 0 0 0 0 0
"55" 55 0.603375527426 65 61 61 56 52 51 40 22 21 17 16 14 13 4 3 2 2 0 0 0
"56" 56 0.167464114833 179 118 104 38 14 11 10 6 6 4 4 3 1 1 1 0 0 0 0 0
"57" 57 0.471698113208 154 100 92 69 41 32 5 4 2 1 0 0 0 0 0 0 0 0 0 0
"58" 58 0.549107142857 114 95 79 74 61 40 13 9 6 5 3 1 0 0 0 0 0 0 0 0
"59" 59 0.114427860697 185 80 72 33 29 26 21 20 11 7 6 4 3 2 1 0 0 0 0 0
"60" 60 0.224215246637 202 79 75 43 32 16 14 12 9 8 3 3 2 2 0 0 0 0 0 0
"61" 61 0.815384615385 114 112 68 67 53 27 26 14 5 4 3 3 3 1 0 0 0 0 0 0
"62" 62 0.271523178808 126 86 56 51 48 31 26 24 21 8 6 6 5 2 2 2 0 0 0 0
"63" 63 0.0529801324503 207 124 57 28 25 18 14 7 5 4 4 3 2 1 1 0 0 0 0 0
"64" 64 0.00574712643678 161 128 59 41 33 24 20 9 7 5 4 4 2 2 1 0 0 0 0 0
"65" 65 0.0 356 57 26 18 15 10 7 5 4 2 0 0 0 0 0 0 0 0 0 0
"66" 66 0.325581395349 140 107 59 49 37 31 16 14 11 9 7 5 4 4 4 2 1 0 0 0
"67" 67 0.0298507462687 282 77 43 28 23 14 7 7 5 4 4 2 2 1 1 0 0 0 0 0
"68" 68 0.0149253731343 372 46 20 15 12 9 8 6 5 3 2 1 1 0 0 0 0 0 0 0
"69" 69 0.43795620438 157 102 85 41 28 25 13 12 8 7 7 6 4 2 2 1 0 0 0 0
"70" 70 0.419689119171 192 102 93 56 11 9 8 8 6 5 3 2 2 1 1 1 0 0 0 0
"71" 71 0.129353233831 276 77 27 22 20 15 15 15 10 10 3 3 2 2 2 1 0 0 0 0
"72" 72 0.682051282051 153 109 70 66 40 26 9 9 9 5 3 1 0 0 0 0 0 0 0 0
"73" 73 0.509933774834 114 66 64 50 48 44 19 18 16 16 12 12 7 5 4 3 1 1 0 0
"74" 74 0.0 214 188 59 12 7 6 4 3 3 2 1 1 0 0 0 0 0 0 0 0
"75" 75 0.220125786164 127 84 73 44 33 29 26 24 20 16 15 8 1 0 0 0 0 0 0 0
"76" 76 0.709821428571 284 83 72 46 8 5 1 1 0 0 0 0 0 0 0 0 0 0 0 0
"77" 77 0.549222797927 141 126 92 41 30 28 26 11 4 1 0 0 0 0 0 0 0 0 0 0
"78" 78 0.0152284263959 138 121 71 61 45 22 12 9 9 3 3 3 1 1 1 0 0 0 0 0
"79" 79 0.259124087591 246 144 51 21 12 11 9 2 2 1 1 0 0 0 0 0 0 0 0 0
"80" 80 0.517441860465 172 170 51 26 25 17 13 9 7 6 2 1 1 0 0 0 0 0 0 0
"81" 81 0.308139534884 113 79 75 67 41 29 28 25 8 7 6 6 5 4 3 2 1 1 0 0
"82" 82 0.0 120 82 73 55 43 32 18 17 15 13 10 7 6 4 3 2 0 0 0 0
"83" 83 0.332116788321 211 180 39 13 11 10 9 8 7 4 3 2 1 1 1 0 0 0 0 0
"84" 84 0.317948717949 184 99 57 46 34 20 17 14 12 10 3 2 1 1 0 0 0 0 0 0
"85" 85 0.0871794871795 283 46 33 26 19 18 15 10 10 9 9 6 5 4 3 2 2 0 0 0
"86" 86 0.00961538461538 326 62 33 29 14 13 11 7 1 1 1 1 1 0 0 0 0 0 0 0
"87" 87 0.00961538461538 468 24 3 2 1 1 1 0 0 0 0 0 0 0 0 0 0 0 0 0
"88" 88 0.0 344 71 44 15 13 8 3 1 1 0 0 0 0 0 0 0 0 0 0 0
"89" 89 0.00478468899522 186 104 93 51 30 10 10 5 3 3 2 1 1 1 0 0 0 0 0 0
"90" 90 0.0 223 72 47 29 28 25 22 20 20 11 2 1 0 0 0 0 0 0 0 0
"91" 91 0.0 115 67 61 59 58 55 51 10 6 5 4 3 2 2 1 1 0 0 0 0
"92" 92 0.0 455 11 11 6 6 6 2 2 1 0 0 0 0 0 0 0 0 0 0 0
"93" 93 0.0116279069767 110 95 56 56 52 42 25 15 13 9 6 6 6 5 2 2 0 0 0 0
"94" 94 0.00507614213198 195 158 67 34 14 10 9 5 3 3 1 1 0 0 0 0 0 0 0 0
"95" 95 0.00836820083682 326 82 49 28 7 3 3 2 0 0 0 0 0 0 0 0 0 0 0 0
"96" 96 0.0141843971631 412 50 9 7 4 3 3 3 3 2 2 1 1 0 0 0 0 0 0 0
"97" 97 0.152466367713 113 112 67 60 57 36 13 11 10 8 7 4 2 0 0 0 0 0 0 0
"98" 98 0.0 212 91 56 34 32 31 16 11 9 3 2 1 1 1 0 0 0 0 0 0
"99" 99 0.00917431192661 149 145 85 58 25 10 8 7 5 2 2 2 2 0 0 0 0 0 0 0
"100" 100 0.119205298013 183 118 101 43 30 9 6 5 2 2 1 0 0 0 0 0 0 0 0 0
"101" 101 0.308176100629 276 98 48 37 20 6 4 4 2 2 1 1 1 0 0 0 0 0 0 0
"102" 102 0.787564766839 296 75 32 28 27 17 13 6 5 1 0 0 0 0 0 0 0 0 0 0
"103" 103 0.153846153846 500 0 0 0 0 0 0 0 0 0 0 0 0 0 0 0 0 0 0 0
"104" 104 0.163461538462 500 0 0 0 0 0 0 0 0 0 0 0 0 0 0 0 0 0 0 0
"105" 105 0.548076923077 500 0 0 0 0 0 0 0 0 0 0 0 0 0 0 0 0 0 0 0
"106" 106 0.556053811659 222 100 47 30 25 17 16 16 9 5 3 3 2 2 1 1 1 0 0 0
"107" 107 0.11320754717 321 104 34 14 14 5 3 2 2 1 0 0 0 0 0 0 0 0 0 0
"108" 108 0.453488372093 171 77 76 59 48 14 13 11 10 8 7 2 2 1 1 0 0 0 0 0
"109" 109 0.423076923077 500 0 0 0 0 0 0 0 0 0 0 0 0 0 0 0 0 0 0 0
"110" 110 0.512953367876 120 114 54 54 39 33 23 20 17 8 6 3 2 2 2 1 1 1 0 0
"111" 111 0.0 182 67 56 35 29 28 27 24 15 15 7 6 4 2 1 1 1 0 0 0
"112" 112 0.108527131783 133 80 54 53 42 40 29 24 18 11 9 5 1 1 0 0 0 0 0 0
"113" 113 0.542600896861 144 84 64 62 58 25 23 20 9 5 5 1 0 0 0 0 0 0 0 0
"114" 114 0.196428571429 93 61 51 50 49 48 39 32 21 17 11 11 6 5 2 2 1 1 0 0
"115" 115 0.0 183 120 51 37 36 12 11 11 11 8 7 6 5 1 1 0 0 0 0 0
"116" 116 0.410256410256 117 62 59 58 42 40 39 18 13 11 9 8 8 8 4 2 1 1 0 0
"117" 117 0.704035874439 150 86 60 59 35 35 28 21 10 5 4 2 2 1 1 1 0 0 0 0
"118" 118 0.389534883721 92 74 69 54 45 39 38 26 21 14 11 6 5 3 2 1 0 0 0 0
"119" 119 0.117154811715 397 40 29 27 2 2 1 1 1 0 0 0 0 0 0 0 0 0 0 0
"120" 120 0.538461538462 500 0 0 0 0 0 0 0 0 0 0 0 0 0 0 0 0 0 0 0
"121" 121 0.238410596026 242 87 45 36 31 25 14 6 4 4 3 1 1 1 0 0 0 0 0 0
"122" 122 0.0627615062762 166 67 63 34 34 27 24 20 20 19 7 6 6 3 2 1 1 0 0 0
"123" 123 0.424107142857 186 173 47 34 15 11 10 6 5 5 4 1 1 1 1 0 0 0 0 0
"124" 124 0.316964285714 120 95 81 56 44 21 18 17 15 10 5 5 4 3 3 3 0 0 0 0
"125" 125 0.0 216 105 72 37 31 12 9 7 4 2 2 1 1 1 0 0 0 0 0 0
"126" 126 0.240506329114 156 110 87 73 24 20 7 5 5 4 4 3 1 1 0 0 0 0 0 0
"127" 127 0.556962025316 114 95 90 41 38 35 27 22 17 12 6 2 1 0 0 0 0 0 0 0
"128" 128 0.300448430493 220 60 55 38 25 22 20 16 14 7 7 6 3 3 2 2 0 0 0 0
"129" 129 0.0 340 57 45 23 13 6 6 4 2 1 1 1 1 0 0 0 0 0 0 0
"130" 130 0.14358974359 109 95 76 58 35 33 18 17 16 14 13 4 3 3 3 2 1 0 0 0
"131" 131 0.551569506726 91 91 83 61 44 44 23 15 15 11 7 7 6 1 1 0 0 0 0 0
"132" 132 0.15503875969 151 84 49 44 32 32 22 18 17 16 12 9 4 3 3 2 2 0 0 0
"133" 133 0.0 208 177 97 5 4 3 2 1 1 1 1 0 0 0 0 0 0 0 0 0
"134" 134 0.394230769231 150 62 50 42 30 26 24 23 21 18 16 13 11 7 3 2 2 0 0 0
"135" 135 0.626943005181 106 73 59 52 44 43 32 27 25 13 10 6 3 3 2 1 1 0 0 0
"136" 136 0.211678832117 341 77 33 12 11 8 6 3 3 2 2 2 0 0 0 0 0 0 0 0
"137" 137 0.832635983264 118 115 88 62 35 20 20 18 11 10 3 0 0 0 0 0 0 0 0 0
"138" 138 0.394230769231 500 0 0 0 0 0 0 0 0 0 0 0 0 0 0 0 0 0 0 0
"139" 139 0.258278145695 93 89 67 58 38 24 19 19 17 16 16 14 8 7 6 4 3 1 1 0
"140" 140 0.0 500 0 0 0 0 0 0 0 0 0 0 0 0 0 0 0 0 0 0 0
"141" 141 0.00354609929078 316 47 35 26 16 15 13 12 9 5 2 2 1 1 0 0 0 0 0 0
"142" 142 0.0 197 185 54 44 9 6 2 1 1 1 0 0 0 0 0 0 0 0 0 0
"143" 143 0.00354609929078 173 149 76 65 11 7 6 5 3 2 2 1 0 0 0 0 0 0 0 0
"144" 144 0.0 254 51 51 46 41 17 14 11 5 4 3 3 0 0 0 0 0 0 0 0
"145" 145 0.0 227 220 36 12 3 1 1 0 0 0 0 0 0 0 0 0 0 0 0 0
"146" 146 0.127737226277 104 75 65 61 48 48 46 22 7 7 6 4 3 2 1 1 0 0 0 0
"147" 147 0.0923076923077 181 139 104 42 7 6 4 4 3 3 3 2 1 1 0 0 0 0 0 0
"148" 148 0.62893081761 220 80 55 39 32 24 19 17 6 4 2 1 1 0 0 0 0 0 0 0
"149" 149 0.708520179372 119 105 86 72 48 26 20 13 6 2 2 1 0 0 0 0 0 0 0 0
"150" 150 0.355769230769 490 10 0 0 0 0 0 0 0 0 0 0 0 0 0 0 0 0 0 0
"151" 151 0.47533632287 132 79 72 66 46 38 22 13 12 4 4 3 3 2 2 1 1 0 0 0
"152" 152 0.044776119403 345 58 19 18 9 9 7 6 6 5 5 4 4 4 1 0 0 0 0 0
"153" 153 0.367713004484 153 72 58 56 45 39 24 11 10 8 7 7 5 3 1 1 0 0 0 0
"154" 154 0.172413793103 248 139 34 23 23 14 6 3 3 3 2 1 1 0 0 0 0 0 0 0
"155" 155 0.137931034483 144 59 50 40 35 34 32 24 18 16 14 12 12 5 4 1 0 0 0 0
"156" 156 0.238410596026 208 93 54 43 32 16 15 13 5 5 3 3 3 3 2 1 1 0 0 0
"157" 157 0.0232558139535 147 99 77 39 35 25 19 18 9 9 8 7 6 2 0 0 0 0 0 0
"158" 158 0.276729559748 210 152 43 28 24 15 9 5 5 4 2 1 1 1 0 0 0 0 0 0
"159" 159 0.405128205128 481 17 1 1 0 0 0 0 0 0 0 0 0 0 0 0 0 0 0 0
"160" 160 0.0179372197309 390 50 18 15 6 5 3 3 3 3 2 1 1 0 0 0 0 0 0 0
"161" 161 0.0932642487047 130 119 85 82 42 9 8 7 6 5 3 3 1 0 0 0 0 0 0 0
"162" 162 0.0102564102564 372 40 40 20 10 10 3 2 1 1 1 0 0 0 0 0 0 0 0 0
"163" 163 0.0 405 42 24 20 3 3 2 1 0 0 0 0 0 0 0 0 0 0 0 0
"164" 164 0.0152284263959 398 32 24 16 7 6 4 3 3 3 2 1 1 0 0 0 0 0 0 0
"165" 165 0.275229357798 211 62 57 40 38 25 20 10 8 8 8 4 3 3 2 1 0 0 0 0
"166" 166 0.5 95 68 61 54 52 46 33 30 19 12 11 10 4 2 1 1 1 0 0 0
"167" 167 0.451923076923 415 83 1 1 0 0 0 0 0 0 0 0 0 0 0 0 0 0 0 0
"168" 168 0.0529801324503 86 70 70 61 48 48 47 36 13 6 5 4 3 2 1 0 0 0 0 0
"169" 169 0.110266159696 406 25 24 18 11 10 4 1 1 0 0 0 0 0 0 0 0 0 0 0
"170" 170 0.0 334 56 28 27 16 15 13 6 4 1 0 0 0 0 0 0 0 0 0 0
"171" 171 0.0 306 70 59 36 12 7 3 2 2 1 1 1 0 0 0 0 0 0 0 0
"172" 172 0.0 178 127 52 49 36 24 17 4 4 3 2 1 1 1 1 0 0 0 0 0
"173" 173 0.00961538461538 238 198 37 20 3 3 1 0 0 0 0 0 0 0 0 0 0 0 0 0
"174" 174 0.0 113 67 65 35 35 35 30 30 29 28 14 8 7 3 1 0 0 0 0 0
"175" 175 0.0 320 83 53 15 8 6 3 3 2 1 1 1 1 1 1 1 0 0 0 0
"176" 176 0.0 216 90 50 43 36 32 22 4 2 2 2 1 0 0 0 0 0 0 0 0
"177" 177 0.191489361702 127 121 98 66 37 22 13 6 4 4 1 1 0 0 0 0 0 0 0 0
"178" 178 0.504464285714 93 81 79 40 38 37 30 29 27 20 9 8 5 2 1 1 0 0 0 0
"179" 179 0.186602870813 159 88 78 69 29 15 12 12 11 10 9 5 2 1 0 0 0 0 0 0
"180" 180 0.0232558139535 218 162 63 21 11 9 5 5 2 2 1 1 0 0 0 0 0 0 0 0
"181" 181 0.0190114068441 218 182 100 0 0 0 0 0 0 0 0 0 0 0 0 0 0 0 0 0
"182" 182 0.410646387833 114 85 55 51 47 40 37 34 23 7 3 2 1 1 0 0 0 0 0 0
"183" 183 0.477611940299 115 68 63 51 51 45 18 18 17 14 11 9 7 7 4 2 0 0 0 0
"184" 184 0.28102189781 284 39 31 29 25 20 15 12 11 9 7 5 5 4 2 2 0 0 0 0
"185" 185 0.0228136882129 374 99 17 4 4 2 0 0 0 0 0 0 0 0 0 0 0 0 0 0
"186" 186 0.304932735426 442 28 19 8 2 1 0 0 0 0 0 0 0 0 0 0 0 0 0 0
"187" 187 0.610256410256 228 93 50 35 28 27 14 10 5 4 3 2 1 0 0 0 0 0 0 0
"188" 188 0.295620437956 157 130 46 40 29 27 19 18 17 9 5 3 0 0 0 0 0 0 0 0
"189" 189 0.113138686131 178 92 90 33 31 27 15 9 8 5 5 5 1 1 0 0 0 0 0 0
"190" 190 0.584905660377 142 122 65 51 24 22 22 19 17 9 3 2 1 1 0 0 0 0 0 0
"191" 191 0.397321428571 127 107 83 48 41 30 30 16 13 3 2 0 0 0 0 0 0 0 0 0
"192" 192 0.00380228136882 177 116 99 48 43 12 4 1 0 0 0 0 0 0 0 0 0 0 0 0
"193" 193 0.00995024875622 272 64 33 21 18 18 15 15 15 14 11 2 1 1 0 0 0 0 0 0
"194" 194 0.425641025641 146 110 100 35 24 20 15 12 12 12 8 4 1 1 0 0 0 0 0 0
"195" 195 0.251282051282 107 83 66 63 52 42 22 19 18 13 5 4 2 2 1 1 0 0 0 0
"196" 196 0.0 244 130 43 27 18 13 7 6 4 3 2 1 1 1 0 0 0 0 0 0
"197" 197 0.0248226950355 296 104 29 11 10 10 7 6 6 5 4 3 3 3 2 1 0 0 0 0
"198" 198 0.379487179487 183 109 86 29 28 21 18 8 5 5 4 2 1 1 0 0 0 0 0 0
"199" 199 0.0 117 117 85 38 32 28 23 14 11 11 9 6 4 2 2 1 0 0 0 0
"200" 200 0.0 172 116 45 45 34 18 17 12 10 10 6 5 5 3 1 1 0 0 0 0
"201" 201 0.148717948718 365 57 26 25 10 10 2 1 1 1 1 1 0 0 0 0 0 0 0 0
"202" 202 0.0425531914894 382 57 37 17 3 1 1 1 1 0 0 0 0 0 0 0 0 0 0 0
"203" 203 0.450331125828 245 91 59 50 26 13 6 3 2 2 1 1 1 0 0 0 0 0 0 0
"204" 204 0.0982142857143 102 73 49 48 48 37 34 31 30 20 15 7 5 1 0 0 0 0 0 0
"205" 205 0.0 190 126 45 31 22 21 15 13 13 12 9 2 1 0 0 0 0 0 0 0
"206" 206 0.0923076923077 125 119 73 49 30 29 22 8 8 7 7 6 6 4 3 3 1 0 0 0
"207" 207 0.456204379562 178 127 77 33 29 24 14 4 4 3 3 2 1 1 0 0 0 0 0 0
"208" 208 0.0 439 15 9 8 7 6 5 2 2 2 1 1 1 1 1 0 0 0 0 0
"209" 209 0.046511627907 190 90 68 29 25 17 14 13 13 11 9 8 5 4 2 1 1 0 0 0
"210" 210 0.569506726457 102 97 88 57 53 42 19 11 8 7 6 4 3 2 1 0 0 0 0 0
"211" 211 0.410852713178 112 111 78 65 35 29 25 9 8 6 5 5 3 2 2 2 2 1 0 0
"212" 212 0.271523178808 228 191 80 1 0 0 0 0 0 0 0 0 0 0 0 0 0 0 0 0
