"site" "RSA" "aa1" "aa2" "aa3" "aa4" "aa5" "aa6" "aa7" "aa8" "aa9" "aa10" "aa11" "aa12" "aa13" "aa14" "aa15" "aa16" "aa17" "aa18" "aa19" "aa20"
"0" 0 0.652849740933 126 115 84 46 44 32 29 15 8 1 0 0 0 0 0 0 0 0 0 0
"1" 1 0.28102189781 183 160 77 64 16 0 0 0 0 0 0 0 0 0 0 0 0 0 0 0
"2" 2 0.450892857143 345 146 7 2 0 0 0 0 0 0 0 0 0 0 0 0 0 0 0 0
"3" 3 0.487046632124 204 91 65 35 35 21 18 12 9 5 4 1 0 0 0 0 0 0 0 0
"4" 4 0.0348258706468 252 151 57 24 8 8 0 0 0 0 0 0 0 0 0 0 0 0 0 0
"5" 5 0.051724137931 283 127 79 10 1 0 0 0 0 0 0 0 0 0 0 0 0 0 0 0
"6" 6 0.562737642586 272 106 66 42 8 4 2 0 0 0 0 0 0 0 0 0 0 0 0 0
"7" 7 0.385650224215 169 146 96 28 23 14 13 6 3 2 0 0 0 0 0 0 0 0 0 0
"8" 8 0.0 497 3 0 0 0 0 0 0 0 0 0 0 0 0 0 0 0 0 0 0
"9" 9 0.316455696203 240 150 64 35 6 2 1 1 1 0 0 0 0 0 0 0 0 0 0 0
"10" 10 0.44776119403 222 179 49 22 10 8 4 4 2 0 0 0 0 0 0 0 0 0 0 0
"11" 11 0.062015503876 471 29 0 0 0 0 0 0 0 0 0 0 0 0 0 0 0 0 0 0
"12" 12 0.258928571429 266 67 48 42 20 20 13 9 5 4 3 2 1 0 0 0 0 0 0 0
"13" 13 0.690582959641 276 189 13 10 4 4 3 1 0 0 0 0 0 0 0 0 0 0 0 0
"14" 14 0.503875968992 337 137 15 6 3 2 0 0 0 0 0 0 0 0 0 0 0 0 0 0
"15" 15 0.620535714286 487 7 6 0 0 0 0 0 0 0 0 0 0 0 0 0 0 0 0 0
"16" 16 0.507299270073 483 16 1 0 0 0 0 0 0 0 0 0 0 0 0 0 0 0 0 0
"17" 17 0.201520912548 446 19 11 10 9 3 2 0 0 0 0 0 0 0 0 0 0 0 0 0
"18" 18 0.487046632124 223 127 87 32 13 7 5 4 2 0 0 0 0 0 0 0 0 0 0 0
"19" 19 0.308035714286 177 111 93 88 27 2 1 1 0 0 0 0 0 0 0 0 0 0 0 0
"20" 20 0.0 440 49 4 3 3 1 0 0 0 0 0 0 0 0 0 0 0 0 0 0
"21" 21 0.0632183908046 275 68 42 33 25 19 13 7 5 4 3 2 2 1 1 0 0 0 0 0
"22" 22 0.495535714286 201 89 77 58 21 12 12 11 7 7 3 2 0 0 0 0 0 0 0 0
"23" 23 0.0662251655629 165 130 100 82 19 2 1 1 0 0 0 0 0 0 0 0 0 0 0 0
"24" 24 0.0 431 36 17 13 3 0 0 0 0 0 0 0 0 0 0 0 0 0 0 0
"25" 25 0.286919831224 169 152 98 45 14 6 5 4 4 1 1 1 0 0 0 0 0 0 0 0
"26" 26 0.527426160338 194 125 96 37 25 10 7 6 0 0 0 0 0 0 0 0 0 0 0 0
"27" 27 0.0 406 74 18 2 0 0 0 0 0 0 0 0 0 0 0 0 0 0 0 0
"28" 28 0.015503875969 487 8 2 1 1 1 0 0 0 0 0 0 0 0 0 0 0 0 0 0
"29" 29 0.326923076923 256 138 78 11 8 5 3 1 0 0 0 0 0 0 0 0 0 0 0 0
"30" 30 0.311926605505 168 105 64 57 50 34 22 0 0 0 0 0 0 0 0 0 0 0 0 0
"31" 31 0.461139896373 479 20 1 0 0 0 0 0 0 0 0 0 0 0 0 0 0 0 0 0
"32" 32 0.327586206897 225 127 91 45 9 2 1 0 0 0 0 0 0 0 0 0 0 0 0 0
"33" 33 0.254464285714 385 36 25 25 19 5 2 1 1 1 0 0 0 0 0 0 0 0 0 0
"34" 34 0.0348258706468 481 14 5 0 0 0 0 0 0 0 0 0 0 0 0 0 0 0 0 0
"35" 35 0.372093023256 500 0 0 0 0 0 0 0 0 0 0 0 0 0 0 0 0 0 0 0
"36" 36 0.459770114943 188 188 54 24 23 23 0 0 0 0 0 0 0 0 0 0 0 0 0 0
"37" 37 0.4375 231 202 47 16 3 1 0 0 0 0 0 0 0 0 0 0 0 0 0 0
"38" 38 0.0401785714286 382 89 26 2 1 0 0 0 0 0 0 0 0 0 0 0 0 0 0 0
"39" 39 0.029197080292 211 105 71 58 18 17 10 4 3 2 1 0 0 0 0 0 0 0 0 0
"40" 40 0.384615384615 222 201 33 16 13 7 6 1 1 0 0 0 0 0 0 0 0 0 0 0
"41" 41 0.0696517412935 371 45 31 23 12 5 4 4 3 1 1 0 0 0 0 0 0 0 0 0
"42" 42 0.0 369 34 27 23 16 11 11 3 2 2 1 1 0 0 0 0 0 0 0 0
"43" 43 0.211920529801 237 163 42 33 11 10 3 1 0 0 0 0 0 0 0 0 0 0 0 0
"44" 44 0.252873563218 149 148 65 58 54 9 8 6 2 1 0 0 0 0 0 0 0 0 0 0
"45" 45 0.0 483 16 1 0 0 0 0 0 0 0 0 0 0 0 0 0 0 0 0 0
"46" 46 0.00380228136882 186 75 70 37 36 31 27 12 9 6 5 2 2 1 1 0 0 0 0 0
"47" 47 0.350210970464 203 113 87 45 31 9 5 4 2 1 0 0 0 0 0 0 0 0 0 0
"48" 48 0.302564102564 197 79 64 59 35 24 15 15 6 2 2 1 1 0 0 0 0 0 0 0
"49" 49 0.0689655172414 324 53 44 28 23 7 6 6 4 2 2 1 0 0 0 0 0 0 0 0
"50" 50 0.00507614213198 138 108 70 68 37 26 18 16 9 6 4 0 0 0 0 0 0 0 0 0
"51" 51 0.221153846154 224 196 32 29 11 5 3 0 0 0 0 0 0 0 0 0 0 0 0 0
"52" 52 0.418604651163 237 122 74 34 11 10 5 4 3 0 0 0 0 0 0 0 0 0 0 0
"53" 53 0.211678832117 167 124 89 75 19 10 6 4 2 1 1 1 1 0 0 0 0 0 0 0
"54" 54 0.138686131387 235 213 21 10 7 7 6 1 0 0 0 0 0 0 0 0 0 0 0 0
"55" 55 0.294573643411 239 111 96 31 13 6 3 1 0 0 0 0 0 0 0 0 0 0 0 0
"56" 56 0.35761589404 245 90 84 44 32 2 2 1 0 0 0 0 0 0 0 0 0 0 0 0
"57" 57 0.177304964539 452 47 1 0 0 0 0 0 0 0 0 0 0 0 0 0 0 0 0 0
"58" 58 0.412408759124 421 35 34 6 3 1 0 0 0 0 0 0 0 0 0 0 0 0 0 0
"59" 59 0.543147208122 207 161 69 32 11 9 4 3 2 1 1 0 0 0 0 0 0 0 0 0
"60" 60 0.0710659898477 158 153 52 41 28 24 20 12 4 3 3 1 1 0 0 0 0 0 0 0
"61" 61 0.165562913907 147 123 94 71 30 13 11 4 4 3 0 0 0 0 0 0 0 0 0 0
"62" 62 0.503311258278 280 86 82 33 11 5 3 0 0 0 0 0 0 0 0 0 0 0 0 0
"63" 63 0.375634517766 196 156 100 15 14 8 4 3 3 1 0 0 0 0 0 0 0 0 0 0
"64" 64 0.0714285714286 159 106 104 43 40 23 18 4 2 1 0 0 0 0 0 0 0 0 0 0
"65" 65 0.591928251121 249 81 69 62 25 6 3 3 2 0 0 0 0 0 0 0 0 0 0 0
"66" 66 0.472573839662 112 108 105 79 59 29 5 2 1 0 0 0 0 0 0 0 0 0 0 0
"67" 67 0.0401785714286 400 31 18 14 13 10 6 4 3 1 0 0 0 0 0 0 0 0 0 0
"68" 68 0.446428571429 216 157 50 43 21 10 2 1 0 0 0 0 0 0 0 0 0 0 0 0
"69" 69 0.671794871795 497 2 1 0 0 0 0 0 0 0 0 0 0 0 0 0 0 0 0 0
"70" 70 0.518987341772 243 171 46 22 13 3 2 0 0 0 0 0 0 0 0 0 0 0 0 0
"71" 71 0.567307692308 500 0 0 0 0 0 0 0 0 0 0 0 0 0 0 0 0 0 0 0
"72" 72 0.144230769231 338 51 26 20 20 14 11 8 6 4 1 1 0 0 0 0 0 0 0 0
"73" 73 0.272321428571 243 222 22 11 2 0 0 0 0 0 0 0 0 0 0 0 0 0 0 0
"74" 74 0.642487046632 252 242 4 2 0 0 0 0 0 0 0 0 0 0 0 0 0 0 0 0
"75" 75 0.476793248945 215 84 76 61 24 21 13 2 2 2 0 0 0 0 0 0 0 0 0 0
"76" 76 0.0646766169154 486 13 1 0 0 0 0 0 0 0 0 0 0 0 0 0 0 0 0 0
"77" 77 0.590717299578 279 86 85 37 7 4 2 0 0 0 0 0 0 0 0 0 0 0 0 0
"78" 78 0.587155963303 277 98 41 35 30 8 4 4 3 0 0 0 0 0 0 0 0 0 0 0
"79" 79 0.116751269036 300 90 49 17 15 11 5 4 2 2 1 1 1 1 1 0 0 0 0 0
"80" 80 0.346715328467 308 61 59 35 21 10 4 1 1 0 0 0 0 0 0 0 0 0 0 0
"81" 81 0.620535714286 362 111 10 8 4 3 1 1 0 0 0 0 0 0 0 0 0 0 0 0
"82" 82 0.505703422053 213 88 79 41 32 23 19 2 2 1 0 0 0 0 0 0 0 0 0 0
"83" 83 0.127737226277 248 136 107 3 2 2 1 1 0 0 0 0 0 0 0 0 0 0 0 0
"84" 84 0.452914798206 228 114 72 27 26 16 9 3 2 2 1 0 0 0 0 0 0 0 0 0
"85" 85 0.495412844037 200 169 101 16 6 4 4 0 0 0 0 0 0 0 0 0 0 0 0 0
"86" 86 0.0574712643678 250 218 16 4 3 3 3 2 1 0 0 0 0 0 0 0 0 0 0 0
"87" 87 0.147321428571 445 38 11 5 1 0 0 0 0 0 0 0 0 0 0 0 0 0 0 0
"88" 88 0.517441860465 413 32 27 19 4 4 1 0 0 0 0 0 0 0 0 0 0 0 0 0
"89" 89 0.34375 228 164 42 34 22 6 3 1 0 0 0 0 0 0 0 0 0 0 0 0
"90" 90 0.0149253731343 490 6 3 1 0 0 0 0 0 0 0 0 0 0 0 0 0 0 0 0
"91" 91 0.130801687764 333 132 21 8 2 2 1 1 0 0 0 0 0 0 0 0 0 0 0 0
"92" 92 0.582089552239 177 164 78 25 21 10 10 8 7 0 0 0 0 0 0 0 0 0 0 0
"93" 93 0.111675126904 266 54 41 39 28 21 13 10 9 7 5 2 2 2 1 0 0 0 0 0
"94" 94 0.0 351 135 9 2 1 1 1 0 0 0 0 0 0 0 0 0 0 0 0 0
"95" 95 0.462025316456 109 97 97 71 43 40 34 8 1 0 0 0 0 0 0 0 0 0 0 0
"96" 96 0.269430051813 237 80 58 49 38 19 9 6 2 1 1 0 0 0 0 0 0 0 0 0
"97" 97 0.0 296 58 50 25 24 18 9 7 4 3 3 2 1 0 0 0 0 0 0 0
"98" 98 0.089552238806 470 27 3 0 0 0 0 0 0 0 0 0 0 0 0 0 0 0 0 0
"99" 99 0.440414507772 304 123 27 21 10 10 3 2 0 0 0 0 0 0 0 0 0 0 0 0
"100" 100 0.0632183908046 347 42 40 28 22 16 2 1 1 1 0 0 0 0 0 0 0 0 0 0
"101" 101 0.0 483 15 2 0 0 0 0 0 0 0 0 0 0 0 0 0 0 0 0 0
"102" 102 0.445595854922 341 50 47 24 13 13 8 3 1 0 0 0 0 0 0 0 0 0 0 0
"103" 103 0.548523206751 304 161 14 12 9 0 0 0 0 0 0 0 0 0 0 0 0 0 0 0
"104" 104 0.253588516746 492 8 0 0 0 0 0 0 0 0 0 0 0 0 0 0 0 0 0 0
"105" 105 0.0248756218905 415 40 21 14 6 4 0 0 0 0 0 0 0 0 0 0 0 0 0 0
"106" 106 0.137055837563 456 30 12 2 0 0 0 0 0 0 0 0 0 0 0 0 0 0 0 0
"107" 107 0.559748427673 353 127 10 9 1 0 0 0 0 0 0 0 0 0 0 0 0 0 0 0
"108" 108 0.201550387597 372 128 0 0 0 0 0 0 0 0 0 0 0 0 0 0 0 0 0 0
"109" 109 0.108527131783 429 68 3 0 0 0 0 0 0 0 0 0 0 0 0 0 0 0 0 0
"110" 110 0.738461538462 431 69 0 0 0 0 0 0 0 0 0 0 0 0 0 0 0 0 0 0
"111" 111 0.383720930233 492 7 1 0 0 0 0 0 0 0 0 0 0 0 0 0 0 0 0 0
"112" 112 0.0865384615385 488 7 4 1 0 0 0 0 0 0 0 0 0 0 0 0 0 0 0 0
"113" 113 0.3125 485 11 3 1 0 0 0 0 0 0 0 0 0 0 0 0 0 0 0 0
"114" 114 0.00662251655629 220 149 91 26 6 3 3 1 1 0 0 0 0 0 0 0 0 0 0 0
"115" 115 0.168776371308 380 61 24 16 8 7 3 1 0 0 0 0 0 0 0 0 0 0 0 0
"116" 116 0.0 499 1 0 0 0 0 0 0 0 0 0 0 0 0 0 0 0 0 0 0
"117" 117 0.0753138075314 300 100 43 28 10 8 4 4 2 1 0 0 0 0 0 0 0 0 0 0
"118" 118 0.0114068441065 415 41 26 14 3 1 0 0 0 0 0 0 0 0 0 0 0 0 0 0
"119" 119 0.243346007605 336 132 25 3 3 1 0 0 0 0 0 0 0 0 0 0 0 0 0 0
"120" 120 0.130801687764 305 110 44 31 6 4 0 0 0 0 0 0 0 0 0 0 0 0 0 0
"121" 121 0.0183486238532 248 110 43 18 17 16 15 15 14 4 0 0 0 0 0 0 0 0 0 0
"122" 122 0.168776371308 354 84 29 24 7 1 1 0 0 0 0 0 0 0 0 0 0 0 0 0
"123" 123 0.0 369 105 26 0 0 0 0 0 0 0 0 0 0 0 0 0 0 0 0 0
"124" 124 0.0362694300518 158 147 67 50 24 18 15 5 5 5 3 1 1 1 0 0 0 0 0 0
"125" 125 0.0228136882129 250 136 57 21 13 9 8 4 1 1 0 0 0 0 0 0 0 0 0 0
"126" 126 0.11961722488 428 39 25 4 2 1 1 0 0 0 0 0 0 0 0 0 0 0 0 0
"127" 127 0.036496350365 368 82 42 3 2 2 1 0 0 0 0 0 0 0 0 0 0 0 0 0
"128" 128 0.0836501901141 119 81 58 56 52 36 26 19 13 10 10 7 7 3 2 1 0 0 0 0
"129" 129 0.154228855721 312 150 12 8 5 4 4 4 1 0 0 0 0 0 0 0 0 0 0 0
"130" 130 0.0 500 0 0 0 0 0 0 0 0 0 0 0 0 0 0 0 0 0 0 0
"131" 131 0.147321428571 443 27 20 6 1 1 1 1 0 0 0 0 0 0 0 0 0 0 0 0
"132" 132 0.121338912134 340 158 1 1 0 0 0 0 0 0 0 0 0 0 0 0 0 0 0 0
"133" 133 0.116279069767 500 0 0 0 0 0 0 0 0 0 0 0 0 0 0 0 0 0 0 0
"134" 134 0.610465116279 248 80 66 53 42 11 0 0 0 0 0 0 0 0 0 0 0 0 0 0
"135" 135 0.596153846154 500 0 0 0 0 0 0 0 0 0 0 0 0 0 0 0 0 0 0 0
"136" 136 0.584615384615 187 108 70 62 35 33 5 0 0 0 0 0 0 0 0 0 0 0 0 0
"137" 137 0.569948186528 246 111 53 39 25 23 3 0 0 0 0 0 0 0 0 0 0 0 0 0
"138" 138 0.295620437956 329 85 84 2 0 0 0 0 0 0 0 0 0 0 0 0 0 0 0 0
"139" 139 0.616033755274 342 104 18 9 9 8 7 3 0 0 0 0 0 0 0 0 0 0 0 0
"140" 140 0.174107142857 201 99 63 53 40 32 5 4 3 0 0 0 0 0 0 0 0 0 0 0
"141" 141 0.062015503876 284 148 65 1 1 1 0 0 0 0 0 0 0 0 0 0 0 0 0 0
"142" 142 0.0852713178295 448 27 15 10 0 0 0 0 0 0 0 0 0 0 0 0 0 0 0 0
"143" 143 0.223214285714 260 110 57 45 15 8 2 2 1 0 0 0 0 0 0 0 0 0 0 0
"144" 144 0.415384615385 226 194 27 14 13 11 5 5 4 1 0 0 0 0 0 0 0 0 0 0
"145" 145 0.0 500 0 0 0 0 0 0 0 0 0 0 0 0 0 0 0 0 0 0 0
"146" 146 0.194029850746 199 142 94 33 20 7 4 1 0 0 0 0 0 0 0 0 0 0 0 0
"147" 147 0.563218390805 374 45 40 14 11 10 4 1 1 0 0 0 0 0 0 0 0 0 0 0
"148" 148 0.0077519379845 437 44 10 5 2 1 1 0 0 0 0 0 0 0 0 0 0 0 0 0
"149" 149 0.0 325 104 35 26 9 1 0 0 0 0 0 0 0 0 0 0 0 0 0 0
"150" 150 0.502109704641 247 137 61 47 6 2 0 0 0 0 0 0 0 0 0 0 0 0 0 0
"151" 151 0.248062015504 276 144 29 19 14 8 3 3 2 1 1 0 0 0 0 0 0 0 0 0
"152" 152 0.0 496 4 0 0 0 0 0 0 0 0 0 0 0 0 0 0 0 0 0 0
"153" 153 0.172185430464 193 186 110 8 3 0 0 0 0 0 0 0 0 0 0 0 0 0 0 0
"154" 154 0.564766839378 282 114 48 30 22 3 1 0 0 0 0 0 0 0 0 0 0 0 0 0
"155" 155 0.126903553299 260 106 78 26 9 7 6 3 2 1 1 1 0 0 0 0 0 0 0 0
"156" 156 0.0077519379845 500 0 0 0 0 0 0 0 0 0 0 0 0 0 0 0 0 0 0 0
"157" 157 0.596330275229 214 187 94 5 0 0 0 0 0 0 0 0 0 0 0 0 0 0 0 0
"158" 158 0.598837209302 286 95 73 40 4 2 0 0 0 0 0 0 0 0 0 0 0 0 0 0
"159" 159 0.491071428571 248 179 22 18 12 12 8 1 0 0 0 0 0 0 0 0 0 0 0 0
"160" 160 0.0646766169154 500 0 0 0 0 0 0 0 0 0 0 0 0 0 0 0 0 0 0 0
"161" 161 0.289308176101 459 34 4 2 1 0 0 0 0 0 0 0 0 0 0 0 0 0 0 0
"162" 162 0.0503144654088 352 114 31 2 1 0 0 0 0 0 0 0 0 0 0 0 0 0 0 0
"163" 163 0.00581395348837 498 2 0 0 0 0 0 0 0 0 0 0 0 0 0 0 0 0 0 0
"164" 164 0.114832535885 500 0 0 0 0 0 0 0 0 0 0 0 0 0 0 0 0 0 0 0
"165" 165 0.163522012579 404 74 13 5 3 1 0 0 0 0 0 0 0 0 0 0 0 0 0 0
"166" 166 0.10152284264 278 136 26 22 10 10 6 4 3 3 2 0 0 0 0 0 0 0 0 0
"167" 167 0.156934306569 499 1 0 0 0 0 0 0 0 0 0 0 0 0 0 0 0 0 0 0
"168" 168 0.00497512437811 500 0 0 0 0 0 0 0 0 0 0 0 0 0 0 0 0 0 0 0
"169" 169 0.0769230769231 208 164 102 6 5 4 3 2 2 2 1 1 0 0 0 0 0 0 0 0
"170" 170 0.0149253731343 448 40 5 4 3 0 0 0 0 0 0 0 0 0 0 0 0 0 0 0
"171" 171 0.0697674418605 454 18 18 5 3 2 0 0 0 0 0 0 0 0 0 0 0 0 0 0
"172" 172 0.0696517412935 269 88 67 37 16 11 8 2 2 0 0 0 0 0 0 0 0 0 0 0
"173" 173 0.148717948718 218 168 71 13 8 5 5 4 4 3 1 0 0 0 0 0 0 0 0 0
"174" 174 0.0418410041841 156 98 59 56 54 44 12 9 5 4 2 1 0 0 0 0 0 0 0 0
"175" 175 0.0 434 66 0 0 0 0 0 0 0 0 0 0 0 0 0 0 0 0 0 0
"176" 176 0.120689655172 300 137 38 12 9 2 1 1 0 0 0 0 0 0 0 0 0 0 0 0
"177" 177 0.0 493 3 2 1 1 0 0 0 0 0 0 0 0 0 0 0 0 0 0 0
"178" 178 0.117870722433 264 61 57 35 28 24 17 6 6 2 0 0 0 0 0 0 0 0 0 0
"179" 179 0.342205323194 441 35 11 6 6 1 0 0 0 0 0 0 0 0 0 0 0 0 0 0
"180" 180 0.46875 441 25 15 8 7 2 2 0 0 0 0 0 0 0 0 0 0 0 0 0
"181" 181 0.0761421319797 464 29 3 2 1 1 0 0 0 0 0 0 0 0 0 0 0 0 0 0
"182" 182 0.233830845771 227 187 40 33 3 3 3 2 2 0 0 0 0 0 0 0 0 0 0 0
"183" 183 0.692307692308 414 83 3 0 0 0 0 0 0 0 0 0 0 0 0 0 0 0 0 0
"184" 184 0.12582781457 295 141 33 14 8 6 2 1 0 0 0 0 0 0 0 0 0 0 0 0
"185" 185 0.396226415094 178 110 107 68 30 3 2 2 0 0 0 0 0 0 0 0 0 0 0 0
"186" 186 0.414507772021 241 77 64 55 34 19 7 2 1 0 0 0 0 0 0 0 0 0 0 0
"187" 187 0.434306569343 217 129 71 46 19 10 2 2 2 2 0 0 0 0 0 0 0 0 0 0
"188" 188 0.0 500 0 0 0 0 0 0 0 0 0 0 0 0 0 0 0 0 0 0 0
"189" 189 0.158227848101 170 145 138 35 6 6 0 0 0 0 0 0 0 0 0 0 0 0 0 0
"190" 190 0.222627737226 301 65 55 39 26 11 3 0 0 0 0 0 0 0 0 0 0 0 0 0
"191" 191 0.238805970149 208 174 63 29 8 8 7 2 1 0 0 0 0 0 0 0 0 0 0 0
"192" 192 0.0 434 66 0 0 0 0 0 0 0 0 0 0 0 0 0 0 0 0 0 0
"193" 193 0.430379746835 225 117 94 64 0 0 0 0 0 0 0 0 0 0 0 0 0 0 0 0
"194" 194 0.341085271318 304 142 31 21 1 1 0 0 0 0 0 0 0 0 0 0 0 0 0 0
"195" 195 0.108527131783 475 22 3 0 0 0 0 0 0 0 0 0 0 0 0 0 0 0 0 0
"196" 196 0.146443514644 215 100 76 51 31 24 3 0 0 0 0 0 0 0 0 0 0 0 0 0
"197" 197 0.341968911917 150 117 107 104 18 3 1 0 0 0 0 0 0 0 0 0 0 0 0 0
"198" 198 0.383419689119 311 168 14 3 2 2 0 0 0 0 0 0 0 0 0 0 0 0 0 0
"199" 199 0.0 498 2 0 0 0 0 0 0 0 0 0 0 0 0 0 0 0 0 0 0
"200" 200 0.41116751269 185 159 69 34 29 20 3 1 0 0 0 0 0 0 0 0 0 0 0 0
"201" 201 0.612403100775 405 79 11 4 1 0 0 0 0 0 0 0 0 0 0 0 0 0 0 0
"202" 202 0.392857142857 496 3 1 0 0 0 0 0 0 0 0 0 0 0 0 0 0 0 0 0
"203" 203 0.378109452736 284 139 41 33 2 1 0 0 0 0 0 0 0 0 0 0 0 0 0 0
"204" 204 0.751295336788 476 20 2 1 1 0 0 0 0 0 0 0 0 0 0 0 0 0 0 0
"205" 205 0.238372093023 337 126 15 13 4 3 1 1 0 0 0 0 0 0 0 0 0 0 0 0
"206" 206 0.283582089552 289 129 72 10 0 0 0 0 0 0 0 0 0 0 0 0 0 0 0 0
"207" 207 0.238410596026 343 100 33 18 5 1 0 0 0 0 0 0 0 0 0 0 0 0 0 0
"208" 208 0.665178571429 500 0 0 0 0 0 0 0 0 0 0 0 0 0 0 0 0 0 0 0
"209" 209 0.709821428571 307 86 40 34 15 15 3 0 0 0 0 0 0 0 0 0 0 0 0 0
"210" 210 0.105960264901 307 141 21 19 12 0 0 0 0 0 0 0 0 0 0 0 0 0 0 0
"211" 211 0.486692015209 291 71 43 38 32 13 12 0 0 0 0 0 0 0 0 0 0 0 0 0
"212" 212 0.341772151899 295 197 7 1 0 0 0 0 0 0 0 0 0 0 0 0 0 0 0 0
"213" 213 0.455958549223 267 207 8 8 3 3 2 2 0 0 0 0 0 0 0 0 0 0 0 0
"214" 214 0.00662251655629 499 1 0 0 0 0 0 0 0 0 0 0 0 0 0 0 0 0 0 0
"215" 215 0.488372093023 287 146 40 19 4 3 1 0 0 0 0 0 0 0 0 0 0 0 0 0
"216" 216 0.502487562189 210 168 54 29 13 12 8 3 2 1 0 0 0 0 0 0 0 0 0 0
"217" 217 0.131979695431 397 50 23 17 7 4 1 1 0 0 0 0 0 0 0 0 0 0 0 0
"218" 218 0.0779816513761 392 69 18 18 3 0 0 0 0 0 0 0 0 0 0 0 0 0 0 0
"219" 219 0.412556053812 375 89 17 14 3 1 1 0 0 0 0 0 0 0 0 0 0 0 0 0
"220" 220 0.298507462687 197 166 73 30 22 7 3 2 0 0 0 0 0 0 0 0 0 0 0 0
"221" 221 0.0 434 66 0 0 0 0 0 0 0 0 0 0 0 0 0 0 0 0 0 0
"222" 222 0.521897810219 153 151 69 53 51 14 2 2 2 2 1 0 0 0 0 0 0 0 0 0
"223" 223 0.378238341969 190 96 83 72 28 16 8 6 1 0 0 0 0 0 0 0 0 0 0 0
"224" 224 0.2 178 116 79 64 27 12 11 9 3 1 0 0 0 0 0 0 0 0 0 0
"225" 225 0.124378109453 500 0 0 0 0 0 0 0 0 0 0 0 0 0 0 0 0 0 0 0
"226" 226 0.546511627907 196 174 93 20 7 7 3 0 0 0 0 0 0 0 0 0 0 0 0 0
"227" 227 0.676616915423 305 144 41 4 3 2 1 0 0 0 0 0 0 0 0 0 0 0 0 0
"228" 228 0.120567375887 413 48 16 14 5 3 1 0 0 0 0 0 0 0 0 0 0 0 0 0
"229" 229 0.767441860465 149 134 118 49 35 6 5 4 0 0 0 0 0 0 0 0 0 0 0 0
