"site" "RSA" "aa1" "aa2" "aa3" "aa4" "aa5" "aa6" "aa7" "aa8" "aa9" "aa10" "aa11" "aa12" "aa13" "aa14" "aa15" "aa16" "aa17" "aa18" "aa19" "aa20"
"0" 0 1.05128205128 263 237 0 0 0 0 0 0 0 0 0 0 0 0 0 0 0 0 0 0
"1" 1 0.651162790698 499 1 0 0 0 0 0 0 0 0 0 0 0 0 0 0 0 0 0 0
"2" 2 0.483443708609 237 237 22 4 0 0 0 0 0 0 0 0 0 0 0 0 0 0 0 0
"3" 3 0.53164556962 476 10 6 4 2 1 1 0 0 0 0 0 0 0 0 0 0 0 0 0
"4" 4 0.209302325581 202 101 86 59 44 6 1 1 0 0 0 0 0 0 0 0 0 0 0 0
"5" 5 0.403041825095 499 1 0 0 0 0 0 0 0 0 0 0 0 0 0 0 0 0 0 0
"6" 6 0.616352201258 293 157 23 12 10 5 0 0 0 0 0 0 0 0 0 0 0 0 0 0
"7" 7 0.37984496124 123 118 93 83 61 16 6 0 0 0 0 0 0 0 0 0 0 0 0 0
"8" 8 0.0077519379845 488 12 0 0 0 0 0 0 0 0 0 0 0 0 0 0 0 0 0 0
"9" 9 0.5 181 175 99 43 2 0 0 0 0 0 0 0 0 0 0 0 0 0 0 0
"10" 10 0.472868217054 384 64 44 8 0 0 0 0 0 0 0 0 0 0 0 0 0 0 0 0
"11" 11 0.0995024875622 498 1 1 0 0 0 0 0 0 0 0 0 0 0 0 0 0 0 0 0
"12" 12 0.670886075949 500 0 0 0 0 0 0 0 0 0 0 0 0 0 0 0 0 0 0 0
"13" 13 0.637130801688 267 147 76 8 2 0 0 0 0 0 0 0 0 0 0 0 0 0 0 0
"14" 14 0.365384615385 500 0 0 0 0 0 0 0 0 0 0 0 0 0 0 0 0 0 0 0
"15" 15 0.230769230769 500 0 0 0 0 0 0 0 0 0 0 0 0 0 0 0 0 0 0 0
"16" 16 0.266159695817 314 71 57 45 7 2 2 2 0 0 0 0 0 0 0 0 0 0 0 0
"17" 17 0.0 173 137 95 86 7 2 0 0 0 0 0 0 0 0 0 0 0 0 0 0
"18" 18 0.183544303797 330 99 45 13 6 3 2 2 0 0 0 0 0 0 0 0 0 0 0 0
"19" 19 0.010152284264 471 29 0 0 0 0 0 0 0 0 0 0 0 0 0 0 0 0 0 0
"20" 20 0.676923076923 499 1 0 0 0 0 0 0 0 0 0 0 0 0 0 0 0 0 0 0
"21" 21 0.701923076923 492 8 0 0 0 0 0 0 0 0 0 0 0 0 0 0 0 0 0 0
"22" 22 0.277372262774 460 20 18 2 0 0 0 0 0 0 0 0 0 0 0 0 0 0 0 0
"23" 23 0.0817610062893 240 161 84 8 7 0 0 0 0 0 0 0 0 0 0 0 0 0 0 0
"24" 24 0.0 319 181 0 0 0 0 0 0 0 0 0 0 0 0 0 0 0 0 0 0
"25" 25 0.379746835443 290 139 67 1 1 1 1 0 0 0 0 0 0 0 0 0 0 0 0 0
"26" 26 0.0114942528736 499 1 0 0 0 0 0 0 0 0 0 0 0 0 0 0 0 0 0 0
"27" 27 0.304568527919 184 120 89 75 12 11 6 2 1 0 0 0 0 0 0 0 0 0 0 0
"28" 28 0.383419689119 288 158 34 15 4 1 0 0 0 0 0 0 0 0 0 0 0 0 0 0
"29" 29 0.318407960199 333 162 5 0 0 0 0 0 0 0 0 0 0 0 0 0 0 0 0 0
"30" 30 0.476821192053 371 67 29 21 9 2 1 0 0 0 0 0 0 0 0 0 0 0 0 0
"31" 31 0.459770114943 332 92 36 35 2 1 1 1 0 0 0 0 0 0 0 0 0 0 0 0
"32" 32 0.350993377483 142 128 92 49 34 23 15 14 3 0 0 0 0 0 0 0 0 0 0 0
"33" 33 0.818565400844 500 0 0 0 0 0 0 0 0 0 0 0 0 0 0 0 0 0 0 0
"34" 34 0.558139534884 500 0 0 0 0 0 0 0 0 0 0 0 0 0 0 0 0 0 0 0
"35" 35 0.5 500 0 0 0 0 0 0 0 0 0 0 0 0 0 0 0 0 0 0 0
"36" 36 0.864978902954 500 0 0 0 0 0 0 0 0 0 0 0 0 0 0 0 0 0 0 0
"37" 37 0.789473684211 500 0 0 0 0 0 0 0 0 0 0 0 0 0 0 0 0 0 0 0
"38" 38 0.548076923077 354 146 0 0 0 0 0 0 0 0 0 0 0 0 0 0 0 0 0 0
"39" 39 0.473684210526 290 198 5 3 2 1 1 0 0 0 0 0 0 0 0 0 0 0 0 0
"40" 40 0.116279069767 333 161 4 1 1 0 0 0 0 0 0 0 0 0 0 0 0 0 0 0
"41" 41 0.413502109705 179 155 50 42 36 20 11 4 2 1 0 0 0 0 0 0 0 0 0 0
"42" 42 0.0229885057471 499 1 0 0 0 0 0 0 0 0 0 0 0 0 0 0 0 0 0 0
"43" 43 0.278145695364 154 103 63 56 35 33 15 14 11 8 5 2 1 0 0 0 0 0 0 0
"44" 44 0.010152284264 412 77 11 0 0 0 0 0 0 0 0 0 0 0 0 0 0 0 0 0
"45" 45 0.0977011494253 102 90 80 76 66 48 18 8 6 3 2 1 0 0 0 0 0 0 0 0
"46" 46 0.0 433 67 0 0 0 0 0 0 0 0 0 0 0 0 0 0 0 0 0 0
"47" 47 0.255813953488 285 169 20 14 12 0 0 0 0 0 0 0 0 0 0 0 0 0 0 0
"48" 48 0.020725388601 499 1 0 0 0 0 0 0 0 0 0 0 0 0 0 0 0 0 0 0
"49" 49 0.137055837563 125 98 78 77 69 30 11 8 2 1 1 0 0 0 0 0 0 0 0 0
"50" 50 0.0460251046025 267 233 0 0 0 0 0 0 0 0 0 0 0 0 0 0 0 0 0 0
"51" 51 0.406976744186 246 131 74 42 6 1 0 0 0 0 0 0 0 0 0 0 0 0 0 0
"52" 52 0.509615384615 500 0 0 0 0 0 0 0 0 0 0 0 0 0 0 0 0 0 0 0
"53" 53 0.507692307692 251 132 101 9 6 1 0 0 0 0 0 0 0 0 0 0 0 0 0 0
"54" 54 0.569343065693 172 160 121 28 5 5 4 3 1 1 0 0 0 0 0 0 0 0 0 0
"55" 55 0.174129353234 240 149 110 1 0 0 0 0 0 0 0 0 0 0 0 0 0 0 0 0
"56" 56 0.535714285714 144 96 89 46 45 38 17 17 7 1 0 0 0 0 0 0 0 0 0 0
"57" 57 0.248704663212 287 126 64 13 7 3 0 0 0 0 0 0 0 0 0 0 0 0 0 0
"58" 58 0.439461883408 179 88 71 52 46 37 26 1 0 0 0 0 0 0 0 0 0 0 0 0
"59" 59 0.0542635658915 485 14 1 0 0 0 0 0 0 0 0 0 0 0 0 0 0 0 0 0
"60" 60 0.433962264151 285 126 64 11 7 3 3 1 0 0 0 0 0 0 0 0 0 0 0 0
"61" 61 0.198675496689 320 141 17 7 5 5 4 1 0 0 0 0 0 0 0 0 0 0 0 0
"62" 62 0.511627906977 186 62 59 48 44 38 34 23 6 0 0 0 0 0 0 0 0 0 0 0
"63" 63 0.44976076555 488 9 2 1 0 0 0 0 0 0 0 0 0 0 0 0 0 0 0 0
"64" 64 0.487179487179 278 173 29 11 8 1 0 0 0 0 0 0 0 0 0 0 0 0 0 0
"65" 65 0.051724137931 450 31 16 2 1 0 0 0 0 0 0 0 0 0 0 0 0 0 0 0
"66" 66 0.339285714286 277 206 12 4 1 0 0 0 0 0 0 0 0 0 0 0 0 0 0 0
"67" 67 0.0977011494253 499 1 0 0 0 0 0 0 0 0 0 0 0 0 0 0 0 0 0 0
"68" 68 0.0566037735849 401 64 25 10 0 0 0 0 0 0 0 0 0 0 0 0 0 0 0 0
"69" 69 0.481171548117 499 1 0 0 0 0 0 0 0 0 0 0 0 0 0 0 0 0 0 0
"70" 70 0.201149425287 356 52 38 22 17 8 3 2 1 1 0 0 0 0 0 0 0 0 0 0
"71" 71 0.586497890295 350 93 51 3 3 0 0 0 0 0 0 0 0 0 0 0 0 0 0 0
"72" 72 0.482558139535 148 141 66 66 44 21 6 3 2 1 1 1 0 0 0 0 0 0 0 0
"73" 73 0.426778242678 292 204 2 1 1 0 0 0 0 0 0 0 0 0 0 0 0 0 0 0
"74" 74 0.337209302326 163 117 74 43 41 22 12 9 8 6 3 1 1 0 0 0 0 0 0 0
"75" 75 0.0798479087452 435 64 1 0 0 0 0 0 0 0 0 0 0 0 0 0 0 0 0 0
"76" 76 0.218543046358 439 18 16 6 5 4 4 4 2 2 0 0 0 0 0 0 0 0 0 0
"77" 77 0.0574712643678 493 4 3 0 0 0 0 0 0 0 0 0 0 0 0 0 0 0 0 0
"78" 78 0.502487562189 339 74 65 14 7 1 0 0 0 0 0 0 0 0 0 0 0 0 0 0
"79" 79 0.336787564767 349 78 48 25 0 0 0 0 0 0 0 0 0 0 0 0 0 0 0 0
"80" 80 0.111675126904 489 6 3 1 1 0 0 0 0 0 0 0 0 0 0 0 0 0 0 0
"81" 81 0.488789237668 321 54 37 34 28 25 1 0 0 0 0 0 0 0 0 0 0 0 0 0
"82" 82 0.572327044025 463 24 6 3 2 1 1 0 0 0 0 0 0 0 0 0 0 0 0 0
"83" 83 0.174358974359 500 0 0 0 0 0 0 0 0 0 0 0 0 0 0 0 0 0 0 0
"84" 84 0.816964285714 500 0 0 0 0 0 0 0 0 0 0 0 0 0 0 0 0 0 0 0
"85" 85 0.367875647668 468 26 3 3 0 0 0 0 0 0 0 0 0 0 0 0 0 0 0 0
"86" 86 0.754716981132 498 1 1 0 0 0 0 0 0 0 0 0 0 0 0 0 0 0 0 0
"87" 87 0.735099337748 467 26 7 0 0 0 0 0 0 0 0 0 0 0 0 0 0 0 0 0
"88" 88 0.437810945274 468 32 0 0 0 0 0 0 0 0 0 0 0 0 0 0 0 0 0 0
"89" 89 0.465408805031 482 10 7 1 0 0 0 0 0 0 0 0 0 0 0 0 0 0 0 0
"90" 90 0.350993377483 297 93 84 14 6 4 2 0 0 0 0 0 0 0 0 0 0 0 0 0
"91" 91 0.354066985646 244 172 66 16 1 1 0 0 0 0 0 0 0 0 0 0 0 0 0 0
"92" 92 0.0597014925373 417 63 9 5 3 1 1 1 0 0 0 0 0 0 0 0 0 0 0 0
"93" 93 0.12582781457 307 85 67 21 20 0 0 0 0 0 0 0 0 0 0 0 0 0 0 0
"94" 94 0.0149253731343 428 55 16 1 0 0 0 0 0 0 0 0 0 0 0 0 0 0 0 0
"95" 95 0.305699481865 499 1 0 0 0 0 0 0 0 0 0 0 0 0 0 0 0 0 0 0
"96" 96 0.818652849741 469 17 5 3 2 1 1 1 1 0 0 0 0 0 0 0 0 0 0 0
"97" 97 0.727678571429 498 1 1 0 0 0 0 0 0 0 0 0 0 0 0 0 0 0 0 0
"98" 98 0.663461538462 500 0 0 0 0 0 0 0 0 0 0 0 0 0 0 0 0 0 0 0
"99" 99 0.584821428571 497 3 0 0 0 0 0 0 0 0 0 0 0 0 0 0 0 0 0 0
"100" 100 0.496688741722 253 88 77 65 17 0 0 0 0 0 0 0 0 0 0 0 0 0 0 0
"101" 101 0.153284671533 471 20 5 2 2 0 0 0 0 0 0 0 0 0 0 0 0 0 0 0
"102" 102 0.459821428571 333 156 7 4 0 0 0 0 0 0 0 0 0 0 0 0 0 0 0 0
"103" 103 0.544041450777 165 137 97 86 4 4 3 2 2 0 0 0 0 0 0 0 0 0 0 0
"104" 104 0.0746268656716 169 136 84 43 24 14 9 9 9 2 1 0 0 0 0 0 0 0 0 0
"105" 105 0.367875647668 260 240 0 0 0 0 0 0 0 0 0 0 0 0 0 0 0 0 0 0
"106" 106 0.169811320755 417 82 1 0 0 0 0 0 0 0 0 0 0 0 0 0 0 0 0 0
"107" 107 0.641509433962 317 142 36 2 2 1 0 0 0 0 0 0 0 0 0 0 0 0 0 0
"108" 108 0.455958549223 322 160 10 7 1 0 0 0 0 0 0 0 0 0 0 0 0 0 0 0
"109" 109 0.581395348837 187 183 80 23 22 4 1 0 0 0 0 0 0 0 0 0 0 0 0 0
"110" 110 0.527131782946 326 159 7 5 2 1 0 0 0 0 0 0 0 0 0 0 0 0 0 0
"111" 111 0.124378109453 427 57 10 2 2 1 1 0 0 0 0 0 0 0 0 0 0 0 0 0
"112" 112 0.325581395349 371 85 12 10 7 5 5 4 1 0 0 0 0 0 0 0 0 0 0 0
"113" 113 0.406976744186 179 176 76 45 13 5 3 2 1 0 0 0 0 0 0 0 0 0 0 0
"114" 114 0.42600896861 219 126 70 69 5 4 3 3 1 0 0 0 0 0 0 0 0 0 0 0
"115" 115 0.0304568527919 222 179 87 6 3 2 1 0 0 0 0 0 0 0 0 0 0 0 0 0
"116" 116 0.451476793249 171 111 94 74 22 11 6 6 5 0 0 0 0 0 0 0 0 0 0 0
"117" 117 0.495535714286 191 190 57 23 16 14 8 1 0 0 0 0 0 0 0 0 0 0 0 0
"118" 118 0.188340807175 247 124 72 47 4 2 2 1 1 0 0 0 0 0 0 0 0 0 0 0
"119" 119 0.234309623431 500 0 0 0 0 0 0 0 0 0 0 0 0 0 0 0 0 0 0 0
"120" 120 0.523316062176 248 120 74 24 22 5 4 3 0 0 0 0 0 0 0 0 0 0 0 0
"121" 121 0.476821192053 364 80 24 14 14 2 2 0 0 0 0 0 0 0 0 0 0 0 0 0
"122" 122 0.644230769231 500 0 0 0 0 0 0 0 0 0 0 0 0 0 0 0 0 0 0 0
"123" 123 0.485232067511 491 8 1 0 0 0 0 0 0 0 0 0 0 0 0 0 0 0 0 0
"124" 124 0.455357142857 318 86 52 19 15 4 3 2 1 0 0 0 0 0 0 0 0 0 0 0
"125" 125 0.00574712643678 407 93 0 0 0 0 0 0 0 0 0 0 0 0 0 0 0 0 0 0
"126" 126 0.169154228856 227 152 81 15 10 6 4 4 1 0 0 0 0 0 0 0 0 0 0 0
"127" 127 0.0 364 91 21 14 4 4 1 1 0 0 0 0 0 0 0 0 0 0 0 0
"128" 128 0.0747126436782 146 135 112 21 20 16 11 10 10 9 7 1 1 1 0 0 0 0 0 0
"129" 129 0.0 192 155 82 28 12 12 9 3 2 1 1 1 1 1 0 0 0 0 0 0
"130" 130 0.0689655172414 130 99 76 56 53 38 28 10 5 2 1 1 1 0 0 0 0 0 0 0
"131" 131 0.225165562914 214 139 90 18 16 9 9 2 2 1 0 0 0 0 0 0 0 0 0 0
"132" 132 0.147286821705 433 60 6 1 0 0 0 0 0 0 0 0 0 0 0 0 0 0 0 0
"133" 133 0.730769230769 443 56 1 0 0 0 0 0 0 0 0 0 0 0 0 0 0 0 0 0
"134" 134 0.343023255814 348 80 53 14 4 1 0 0 0 0 0 0 0 0 0 0 0 0 0 0
"135" 135 0.339285714286 244 83 68 49 25 14 9 4 2 2 0 0 0 0 0 0 0 0 0 0
"136" 136 0.134529147982 486 6 4 3 1 0 0 0 0 0 0 0 0 0 0 0 0 0 0 0
"137" 137 0.0114942528736 200 150 82 36 19 6 6 1 0 0 0 0 0 0 0 0 0 0 0 0
"138" 138 0.28855721393 253 107 76 38 20 5 1 0 0 0 0 0 0 0 0 0 0 0 0 0
"139" 139 0.47533632287 494 2 2 1 1 0 0 0 0 0 0 0 0 0 0 0 0 0 0 0
"140" 140 0.197674418605 255 191 27 13 6 4 2 2 0 0 0 0 0 0 0 0 0 0 0 0
"141" 141 0.379746835443 456 23 17 3 1 0 0 0 0 0 0 0 0 0 0 0 0 0 0 0
"142" 142 0.282051282051 499 1 0 0 0 0 0 0 0 0 0 0 0 0 0 0 0 0 0 0
"143" 143 0.410852713178 331 152 13 4 0 0 0 0 0 0 0 0 0 0 0 0 0 0 0 0
"144" 144 1.23255813953 424 76 0 0 0 0 0 0 0 0 0 0 0 0 0 0 0 0 0 0
