"site" "RSA" "aa1" "aa2" "aa3" "aa4" "aa5" "aa6" "aa7" "aa8" "aa9" "aa10" "aa11" "aa12" "aa13" "aa14" "aa15" "aa16" "aa17" "aa18" "aa19" "aa20"
"0" 0 0.529801324503 252 180 27 21 7 6 5 2 0 0 0 0 0 0 0 0 0 0 0 0
"1" 1 0.147208121827 251 155 35 26 21 5 4 2 1 0 0 0 0 0 0 0 0 0 0 0
"2" 2 0.290697674419 187 47 46 41 35 34 32 24 21 11 9 5 4 3 1 0 0 0 0 0
"3" 3 0.464135021097 117 56 56 51 43 34 33 32 25 23 14 6 5 3 1 1 0 0 0 0
"4" 4 0.0 217 197 44 22 12 4 2 1 1 0 0 0 0 0 0 0 0 0 0 0
"5" 5 0.428571428571 456 16 14 6 4 3 1 0 0 0 0 0 0 0 0 0 0 0 0 0
"6" 6 0.0199004975124 489 2 2 2 1 1 1 1 1 0 0 0 0 0 0 0 0 0 0 0
"7" 7 0.518134715026 319 91 41 31 7 5 3 2 1 0 0 0 0 0 0 0 0 0 0 0
"8" 8 0.653846153846 444 56 0 0 0 0 0 0 0 0 0 0 0 0 0 0 0 0 0 0
"9" 9 0.213197969543 370 107 7 6 3 3 1 1 1 1 0 0 0 0 0 0 0 0 0 0
"10" 10 0.0547263681592 434 31 20 12 2 1 0 0 0 0 0 0 0 0 0 0 0 0 0 0
"11" 11 0.452830188679 496 2 1 1 0 0 0 0 0 0 0 0 0 0 0 0 0 0 0 0
"12" 12 0.378109452736 344 78 28 19 13 4 3 3 2 2 1 1 1 1 0 0 0 0 0 0
"13" 13 0.465517241379 127 102 69 44 37 36 33 15 11 10 8 6 1 1 0 0 0 0 0 0
"14" 14 0.325581395349 136 103 96 60 46 18 16 13 5 3 2 2 0 0 0 0 0 0 0 0
"15" 15 0.321167883212 78 67 66 61 52 49 43 20 17 13 11 10 7 4 2 0 0 0 0 0
"16" 16 0.432692307692 353 38 24 23 16 12 11 10 8 4 1 0 0 0 0 0 0 0 0 0
"17" 17 0.413502109705 204 92 58 27 24 24 23 18 8 7 5 4 2 1 1 1 1 0 0 0
"18" 18 0.137931034483 252 118 29 27 24 15 13 7 4 4 3 2 2 0 0 0 0 0 0 0
"19" 19 0.167883211679 81 80 68 58 49 37 27 25 22 17 9 7 6 5 4 4 1 0 0 0
"20" 20 0.0 182 84 63 47 28 27 20 15 9 8 5 4 3 2 2 1 0 0 0 0
"21" 21 0.131979695431 205 149 52 28 19 12 11 8 6 5 4 1 0 0 0 0 0 0 0 0
"22" 22 0.0342205323194 373 125 2 0 0 0 0 0 0 0 0 0 0 0 0 0 0 0 0 0
"23" 23 0.330357142857 174 94 88 70 26 24 7 4 4 2 2 2 2 1 0 0 0 0 0 0
"24" 24 0.166666666667 235 191 48 9 4 3 3 3 2 1 1 0 0 0 0 0 0 0 0 0
"25" 25 0.424870466321 266 79 53 34 34 18 12 2 1 1 0 0 0 0 0 0 0 0 0 0
"26" 26 0.736434108527 137 96 90 73 57 44 2 1 0 0 0 0 0 0 0 0 0 0 0 0
"27" 27 0.336538461538 201 100 67 40 34 15 12 10 8 6 4 2 1 0 0 0 0 0 0 0
"28" 28 0.104651162791 196 145 49 27 19 18 12 11 10 4 3 3 2 1 0 0 0 0 0 0
"29" 29 0.144278606965 191 143 45 40 38 13 13 5 4 2 2 2 1 1 0 0 0 0 0 0
"30" 30 0.0 420 41 17 8 5 3 2 2 1 1 0 0 0 0 0 0 0 0 0 0
"31" 31 0.100418410042 95 94 79 65 63 35 16 12 11 9 7 4 3 3 3 1 0 0 0 0
"32" 32 0.0 358 91 37 6 5 1 1 1 0 0 0 0 0 0 0 0 0 0 0 0
"33" 33 0.131782945736 264 120 40 27 10 7 7 6 6 5 3 2 1 1 1 0 0 0 0 0
"34" 34 0.0 340 146 5 3 2 2 1 1 0 0 0 0 0 0 0 0 0 0 0 0
"35" 35 0.0 500 0 0 0 0 0 0 0 0 0 0 0 0 0 0 0 0 0 0 0
"36" 36 0.0802919708029 174 126 125 38 21 6 4 3 2 1 0 0 0 0 0 0 0 0 0 0
"37" 37 0.0 179 83 67 66 36 24 15 8 8 7 3 3 1 0 0 0 0 0 0 0
"38" 38 0.112582781457 147 134 105 61 16 10 9 8 3 2 2 2 1 0 0 0 0 0 0 0
"39" 39 0.0387596899225 164 117 77 47 23 14 13 13 8 5 4 4 3 3 2 2 1 0 0 0
"40" 40 0.250950570342 272 77 77 35 17 7 6 6 1 1 1 0 0 0 0 0 0 0 0 0
"41" 41 0.678756476684 390 79 12 12 4 3 0 0 0 0 0 0 0 0 0 0 0 0 0 0
"42" 42 0.103448275862 151 111 84 55 19 18 18 14 11 10 4 3 2 0 0 0 0 0 0 0
"43" 43 0.284263959391 236 102 50 40 15 13 11 11 10 7 3 1 1 0 0 0 0 0 0 0
"44" 44 0.0275229357798 183 155 70 51 15 12 6 4 3 1 0 0 0 0 0 0 0 0 0 0
"45" 45 0.517857142857 282 53 39 31 29 29 25 3 2 2 1 1 1 1 1 0 0 0 0 0
"46" 46 0.164102564103 136 94 58 50 45 31 28 24 18 11 4 1 0 0 0 0 0 0 0 0
"47" 47 0.0331125827815 270 144 65 15 2 2 1 1 0 0 0 0 0 0 0 0 0 0 0 0
"48" 48 0.0 304 69 37 31 20 17 15 6 1 0 0 0 0 0 0 0 0 0 0 0
"49" 49 0.194968553459 194 142 70 31 25 17 15 6 0 0 0 0 0 0 0 0 0 0 0 0
"50" 50 0.245535714286 175 160 101 33 16 9 6 0 0 0 0 0 0 0 0 0 0 0 0 0
"51" 51 0.0 151 148 59 33 31 27 16 8 7 7 7 3 3 0 0 0 0 0 0 0
"52" 52 0.00961538461538 496 4 0 0 0 0 0 0 0 0 0 0 0 0 0 0 0 0 0 0
"53" 53 0.0913705583756 236 107 95 39 19 2 1 1 0 0 0 0 0 0 0 0 0 0 0 0
"54" 54 0.00497512437811 319 90 28 15 14 12 11 5 2 1 1 1 1 0 0 0 0 0 0 0
"55" 55 0.044776119403 141 122 61 60 31 24 20 17 5 5 4 4 3 1 1 1 0 0 0 0
"56" 56 0.0523255813953 214 127 47 44 21 12 12 6 4 4 4 3 2 0 0 0 0 0 0 0
"57" 57 0.282700421941 197 77 64 44 30 25 24 19 7 7 5 1 0 0 0 0 0 0 0 0
"58" 58 0.00995024875622 460 13 8 6 4 3 2 2 1 1 0 0 0 0 0 0 0 0 0 0
"59" 59 0.0264900662252 180 179 93 21 7 7 6 3 2 2 0 0 0 0 0 0 0 0 0 0
"60" 60 0.348214285714 196 90 64 41 28 19 18 11 9 7 6 4 2 2 1 1 1 0 0 0
"61" 61 0.171548117155 391 59 43 5 2 0 0 0 0 0 0 0 0 0 0 0 0 0 0 0
"62" 62 0.0 336 117 21 10 5 4 3 2 1 1 0 0 0 0 0 0 0 0 0 0
"63" 63 0.0125523012552 152 134 68 67 44 17 8 3 2 2 1 1 1 0 0 0 0 0 0 0
"64" 64 0.683544303797 140 100 72 64 46 34 30 4 4 3 2 1 0 0 0 0 0 0 0 0
"65" 65 0.242677824268 311 42 37 37 25 13 12 10 6 3 2 2 0 0 0 0 0 0 0 0
"66" 66 0.0 282 123 29 22 13 13 8 4 2 1 1 1 1 0 0 0 0 0 0 0
"67" 67 0.397350993377 203 151 60 53 14 6 4 4 2 1 1 1 0 0 0 0 0 0 0 0
"68" 68 0.820512820513 241 80 48 40 34 24 14 9 7 1 1 1 0 0 0 0 0 0 0 0
"69" 69 0.222797927461 215 53 48 36 35 32 22 20 18 11 6 2 1 1 0 0 0 0 0 0
"70" 70 0.0747126436782 205 188 46 15 15 11 7 4 3 3 2 1 0 0 0 0 0 0 0 0
"71" 71 0.317518248175 205 70 64 37 31 26 25 16 9 9 2 2 1 1 1 1 0 0 0 0
"72" 72 0.179487179487 224 129 113 10 10 7 5 1 1 0 0 0 0 0 0 0 0 0 0 0
"73" 73 0.0287081339713 372 77 20 10 5 4 3 3 2 1 1 1 1 0 0 0 0 0 0 0
"74" 74 0.174129353234 87 77 63 61 59 37 33 29 20 12 7 5 5 3 1 1 0 0 0 0
"75" 75 0.14367816092 278 64 49 47 22 16 8 6 3 3 1 1 1 1 0 0 0 0 0 0
"76" 76 0.735751295337 244 135 63 18 14 12 8 3 2 1 0 0 0 0 0 0 0 0 0 0
"77" 77 0.335025380711 361 47 39 12 11 11 8 4 2 2 1 1 1 0 0 0 0 0 0 0
"78" 78 0.209302325581 190 64 53 50 41 33 28 21 6 5 5 1 1 1 1 0 0 0 0 0
"79" 79 0.811320754717 282 192 19 6 1 0 0 0 0 0 0 0 0 0 0 0 0 0 0 0
"80" 80 0.875 498 2 0 0 0 0 0 0 0 0 0 0 0 0 0 0 0 0 0 0
"81" 81 0.455696202532 304 58 42 30 20 19 14 13 0 0 0 0 0 0 0 0 0 0 0 0
"82" 82 0.412790697674 455 19 7 5 5 5 2 1 1 0 0 0 0 0 0 0 0 0 0 0
"83" 83 0.126903553299 156 59 51 41 40 33 29 21 13 12 10 9 8 8 6 3 1 0 0 0
"84" 84 0.0585774058577 451 19 10 8 4 3 2 1 1 1 0 0 0 0 0 0 0 0 0 0
"85" 85 0.533678756477 367 76 15 13 7 6 5 3 3 2 1 1 1 0 0 0 0 0 0 0
"86" 86 0.307984790875 223 221 33 10 6 5 1 1 0 0 0 0 0 0 0 0 0 0 0 0
"87" 87 0.0746268656716 457 8 7 7 4 4 4 3 2 2 2 0 0 0 0 0 0 0 0 0
"88" 88 0.314465408805 312 88 26 17 15 14 8 5 5 4 4 2 0 0 0 0 0 0 0 0
"89" 89 0.666666666667 190 127 121 22 19 10 9 2 0 0 0 0 0 0 0 0 0 0 0 0
"90" 90 0.409282700422 157 136 41 36 31 18 17 17 13 12 7 5 4 3 2 1 0 0 0 0
"91" 91 0.0 477 15 2 2 2 1 1 0 0 0 0 0 0 0 0 0 0 0 0 0
"92" 92 0.324503311258 241 184 19 17 11 10 6 6 5 1 0 0 0 0 0 0 0 0 0 0
"93" 93 0.370535714286 186 131 47 46 41 28 16 3 2 0 0 0 0 0 0 0 0 0 0 0
"94" 94 0.641509433962 183 165 69 28 24 21 5 3 1 1 0 0 0 0 0 0 0 0 0 0
"95" 95 0.57805907173 253 224 7 6 3 3 2 1 1 0 0 0 0 0 0 0 0 0 0 0
"96" 96 0.0570342205323 428 68 2 2 0 0 0 0 0 0 0 0 0 0 0 0 0 0 0 0
"97" 97 0.291139240506 382 61 18 11 9 6 4 3 3 2 1 0 0 0 0 0 0 0 0 0
"98" 98 0.540697674419 274 58 46 45 45 15 5 5 5 2 0 0 0 0 0 0 0 0 0 0
"99" 99 0.0986547085202 277 119 49 32 19 2 1 1 0 0 0 0 0 0 0 0 0 0 0 0
"100" 100 0.00497512437811 419 32 20 16 5 3 2 1 1 1 0 0 0 0 0 0 0 0 0 0
"101" 101 0.392857142857 343 59 29 17 14 12 9 8 4 4 1 0 0 0 0 0 0 0 0 0
"102" 102 0.455958549223 309 164 21 4 2 0 0 0 0 0 0 0 0 0 0 0 0 0 0 0
"103" 103 0.0255474452555 200 167 67 25 23 9 5 3 1 0 0 0 0 0 0 0 0 0 0 0
"104" 104 0.0860927152318 339 114 19 11 9 3 3 2 0 0 0 0 0 0 0 0 0 0 0 0
"105" 105 0.119402985075 88 82 62 45 40 39 39 31 28 18 14 7 3 2 1 1 0 0 0 0
"106" 106 0.044776119403 229 215 33 13 3 2 2 2 1 0 0 0 0 0 0 0 0 0 0 0
"107" 107 0.00574712643678 133 125 87 28 28 19 18 13 13 13 12 8 3 0 0 0 0 0 0 0
"108" 108 0.368421052632 93 87 79 66 55 50 30 26 9 3 1 1 0 0 0 0 0 0 0 0
"109" 109 0.299578059072 162 84 63 62 31 20 20 16 15 10 8 4 2 1 1 1 0 0 0 0
"110" 110 0.248803827751 235 113 63 54 16 6 5 3 2 2 1 0 0 0 0 0 0 0 0 0
"111" 111 0.438818565401 101 97 69 67 40 35 23 21 17 8 7 5 3 3 2 2 0 0 0 0
"112" 112 0.572139303483 128 97 83 78 42 31 9 6 6 5 5 4 2 2 2 0 0 0 0 0
"113" 113 0.010152284264 310 60 52 34 17 8 7 6 2 2 1 1 0 0 0 0 0 0 0 0
"114" 114 0.490566037736 354 66 42 15 8 6 3 2 2 1 1 0 0 0 0 0 0 0 0 0
"115" 115 0.00497512437811 308 67 34 25 22 13 10 10 4 3 3 1 0 0 0 0 0 0 0 0
"116" 116 0.169642857143 190 79 72 53 28 21 16 12 9 7 5 5 2 1 0 0 0 0 0 0
"117" 117 0.0 239 87 64 33 30 24 6 5 4 3 3 2 0 0 0 0 0 0 0 0
"118" 118 0.10152284264 183 164 75 32 14 8 6 5 5 4 4 0 0 0 0 0 0 0 0 0
"119" 119 0.0 406 67 13 12 1 1 0 0 0 0 0 0 0 0 0 0 0 0 0 0
"120" 120 0.0255474452555 174 109 93 80 19 9 5 5 4 1 1 0 0 0 0 0 0 0 0 0
"121" 121 0.0 263 139 34 22 17 12 7 6 0 0 0 0 0 0 0 0 0 0 0 0
"122" 122 0.00380228136882 244 76 68 56 26 16 4 4 3 2 1 0 0 0 0 0 0 0 0 0
"123" 123 0.0 128 113 80 68 57 33 14 3 3 1 0 0 0 0 0 0 0 0 0 0
"124" 124 0.0755813953488 210 120 76 74 9 4 2 1 1 1 1 1 0 0 0 0 0 0 0 0
"125" 125 0.201923076923 500 0 0 0 0 0 0 0 0 0 0 0 0 0 0 0 0 0 0 0
"126" 126 0.331125827815 133 111 90 56 33 23 20 13 7 6 3 2 2 1 0 0 0 0 0 0
"127" 127 0.0 178 139 137 20 15 8 1 1 1 0 0 0 0 0 0 0 0 0 0 0
"128" 128 0.13475177305 280 72 59 52 17 6 5 3 2 2 1 1 0 0 0 0 0 0 0 0
"129" 129 0.485232067511 165 132 59 49 36 32 10 10 3 2 2 0 0 0 0 0 0 0 0 0
"130" 130 0.183035714286 463 20 10 3 1 1 1 1 0 0 0 0 0 0 0 0 0 0 0 0
"131" 131 0.0836501901141 393 54 40 6 5 2 0 0 0 0 0 0 0 0 0 0 0 0 0 0
"132" 132 0.471264367816 170 81 58 50 42 30 24 16 10 9 9 1 0 0 0 0 0 0 0 0
"133" 133 0.729957805907 198 160 89 24 13 7 4 2 1 1 1 0 0 0 0 0 0 0 0 0
"134" 134 0.552325581395 208 148 33 26 25 12 12 11 9 9 3 2 2 0 0 0 0 0 0 0
"135" 135 0.269230769231 430 32 18 17 2 1 0 0 0 0 0 0 0 0 0 0 0 0 0 0
"136" 136 0.168604651163 238 104 63 46 19 9 7 7 3 3 1 0 0 0 0 0 0 0 0 0
"137" 137 0.0 180 140 104 56 14 2 2 1 1 0 0 0 0 0 0 0 0 0 0 0
"138" 138 0.0382775119617 433 32 22 6 4 2 1 0 0 0 0 0 0 0 0 0 0 0 0 0
"139" 139 0.519230769231 425 61 4 3 3 2 1 1 0 0 0 0 0 0 0 0 0 0 0 0
"140" 140 0.268656716418 413 22 17 14 10 7 5 4 3 1 1 1 1 1 0 0 0 0 0 0
"141" 141 0.835443037975 161 150 63 31 31 27 13 9 8 4 2 1 0 0 0 0 0 0 0 0
"142" 142 0.161434977578 198 87 68 49 39 26 13 6 5 4 2 1 1 1 0 0 0 0 0 0
"143" 143 0.396226415094 189 187 41 25 21 13 13 9 2 0 0 0 0 0 0 0 0 0 0 0
"144" 144 0.883408071749 265 140 49 13 9 5 4 4 3 3 2 1 1 1 0 0 0 0 0 0
"145" 145 0.423076923077 500 0 0 0 0 0 0 0 0 0 0 0 0 0 0 0 0 0 0 0
"146" 146 0.0597014925373 144 128 50 39 37 35 15 13 10 10 7 6 5 1 0 0 0 0 0 0
"147" 147 0.506329113924 218 190 36 30 17 4 3 1 1 0 0 0 0 0 0 0 0 0 0 0
"148" 148 0.223214285714 193 121 40 38 37 34 10 10 7 3 3 3 1 0 0 0 0 0 0 0
"149" 149 0.0 411 24 20 14 11 7 6 5 2 0 0 0 0 0 0 0 0 0 0 0
"150" 150 0.286995515695 118 103 80 58 56 22 21 18 8 5 5 4 1 1 0 0 0 0 0 0
"151" 151 0.325892857143 242 134 49 37 13 10 8 3 3 1 0 0 0 0 0 0 0 0 0 0
"152" 152 0.0209205020921 212 170 55 40 13 2 2 2 2 1 1 0 0 0 0 0 0 0 0 0
"153" 153 0.610062893082 251 167 53 23 2 2 1 1 0 0 0 0 0 0 0 0 0 0 0 0
"154" 154 0.625 272 107 49 24 14 13 13 4 2 1 1 0 0 0 0 0 0 0 0 0
"155" 155 0.0880503144654 274 142 45 32 4 2 1 0 0 0 0 0 0 0 0 0 0 0 0 0
"156" 156 0.187817258883 155 95 81 74 36 23 19 12 2 1 1 1 0 0 0 0 0 0 0 0
"157" 157 0.0627615062762 228 74 74 68 29 16 4 3 1 1 1 1 0 0 0 0 0 0 0 0
"158" 158 0.0 484 4 2 2 2 2 2 1 1 0 0 0 0 0 0 0 0 0 0 0
"159" 159 0.0 140 117 104 54 51 17 13 3 1 0 0 0 0 0 0 0 0 0 0 0
"160" 160 0.00662251655629 119 115 113 50 26 21 21 19 8 3 2 1 1 1 0 0 0 0 0 0
"161" 161 0.18023255814 266 48 32 25 23 20 16 14 11 11 10 8 5 4 4 3 0 0 0 0
"162" 162 0.400843881857 456 17 12 4 3 2 2 2 1 1 0 0 0 0 0 0 0 0 0 0
"163" 163 0.647668393782 126 114 77 40 37 21 17 17 11 10 10 7 5 5 1 1 1 0 0 0
"164" 164 0.629464285714 168 59 55 47 46 38 31 19 15 14 3 3 1 1 0 0 0 0 0 0
"165" 165 0.328205128205 130 91 80 66 34 23 22 17 11 8 6 5 2 2 1 1 1 0 0 0
"166" 166 0.10152284264 386 37 23 16 15 8 7 3 2 1 1 1 0 0 0 0 0 0 0 0
"167" 167 0.245033112583 254 207 18 10 3 3 2 2 1 0 0 0 0 0 0 0 0 0 0 0
"168" 168 0.232704402516 188 101 77 35 34 14 11 11 10 8 6 1 1 1 1 1 0 0 0 0
"169" 169 0.519379844961 261 178 21 20 6 5 2 2 2 1 1 1 0 0 0 0 0 0 0 0
"170" 170 0.363228699552 118 100 72 55 48 43 26 8 7 7 6 5 3 1 1 0 0 0 0 0
"171" 171 0.0 329 73 38 28 13 6 6 2 2 1 1 1 0 0 0 0 0 0 0 0
"172" 172 0.131782945736 255 108 48 27 18 14 11 10 4 3 2 0 0 0 0 0 0 0 0 0
"173" 173 0.589285714286 268 102 39 37 11 11 10 9 6 5 1 1 0 0 0 0 0 0 0 0
"174" 174 0.402985074627 157 110 72 40 31 23 19 16 7 6 5 5 4 3 1 1 0 0 0 0
"175" 175 0.132183908046 107 84 72 53 51 47 28 21 12 11 6 4 2 1 1 0 0 0 0 0
"176" 176 0.298076923077 500 0 0 0 0 0 0 0 0 0 0 0 0 0 0 0 0 0 0 0
"177" 177 0.651785714286 220 106 55 26 19 17 16 13 12 8 2 2 1 1 1 1 0 0 0 0
"178" 178 0.580310880829 285 72 41 31 24 24 11 3 3 3 2 1 0 0 0 0 0 0 0 0
"179" 179 0.149253731343 242 77 58 42 26 16 8 7 7 5 4 4 3 1 0 0 0 0 0 0
"180" 180 0.0264900662252 256 102 50 30 15 12 11 10 5 4 2 1 1 1 0 0 0 0 0 0
"181" 181 0.631386861314 298 62 43 31 23 10 9 8 5 5 4 1 1 0 0 0 0 0 0 0
"182" 182 0.273722627737 257 78 66 34 28 13 11 4 4 2 1 1 1 0 0 0 0 0 0 0
"183" 183 0.0 126 115 55 47 40 38 37 14 12 11 3 1 1 0 0 0 0 0 0 0
"184" 184 0.131782945736 235 201 27 10 7 7 6 3 3 1 0 0 0 0 0 0 0 0 0 0
"185" 185 0.522321428571 118 97 84 67 48 40 15 11 10 6 1 1 1 1 0 0 0 0 0 0
"186" 186 0.149253731343 288 85 35 16 15 13 12 6 6 5 5 5 4 2 1 1 1 0 0 0
"187" 187 0.0 291 188 8 5 4 2 1 1 0 0 0 0 0 0 0 0 0 0 0 0
"188" 188 0.206896551724 174 154 102 28 17 5 5 5 4 3 2 1 0 0 0 0 0 0 0 0
"189" 189 0.485232067511 119 107 50 44 39 35 30 27 21 12 8 5 2 1 0 0 0 0 0 0
"190" 190 0.00497512437811 422 23 18 15 6 5 3 2 2 1 1 1 1 0 0 0 0 0 0 0
"191" 191 0.0 424 65 3 3 3 1 1 0 0 0 0 0 0 0 0 0 0 0 0 0
"192" 192 0.192052980132 162 90 87 75 18 17 12 10 10 7 4 3 3 2 0 0 0 0 0 0
"193" 193 0.341772151899 100 98 92 49 41 33 27 17 12 12 8 6 2 2 1 0 0 0 0 0
"194" 194 0.0 175 144 55 41 30 17 11 10 9 4 2 1 1 0 0 0 0 0 0 0
"195" 195 0.0675105485232 208 105 48 28 28 27 21 11 7 6 5 4 1 1 0 0 0 0 0 0
"196" 196 0.481865284974 191 136 56 39 29 19 10 6 4 3 2 2 1 1 1 0 0 0 0 0
"197" 197 0.167300380228 231 107 35 20 16 16 15 14 12 12 7 6 5 4 0 0 0 0 0 0
"198" 198 0.0 273 99 92 14 11 4 3 2 1 1 0 0 0 0 0 0 0 0 0 0
"199" 199 0.430379746835 172 156 75 28 26 16 7 6 4 4 2 2 1 1 0 0 0 0 0 0
"200" 200 0.544642857143 235 77 65 26 22 22 19 15 10 3 3 1 1 1 0 0 0 0 0 0
"201" 201 0.299578059072 175 90 86 33 33 28 23 10 10 6 3 2 1 0 0 0 0 0 0 0
"202" 202 0.307692307692 500 0 0 0 0 0 0 0 0 0 0 0 0 0 0 0 0 0 0 0
"203" 203 0.00507614213198 343 52 37 27 19 5 4 3 3 2 2 1 1 1 0 0 0 0 0 0
"204" 204 0.0152284263959 152 129 46 33 30 26 24 22 12 12 5 4 3 2 0 0 0 0 0 0
"205" 205 0.0 256 118 52 24 14 12 7 6 5 4 1 1 0 0 0 0 0 0 0 0
"206" 206 0.0 104 87 76 53 46 39 38 35 12 3 3 1 1 1 1 0 0 0 0 0
"207" 207 0.0569948186528 168 107 93 36 27 21 20 18 5 3 2 0 0 0 0 0 0 0 0 0
"208" 208 0.0116279069767 475 11 10 2 2 0 0 0 0 0 0 0 0 0 0 0 0 0 0 0
"209" 209 0.316455696203 106 86 82 62 42 38 32 22 9 9 3 3 2 2 2 0 0 0 0 0
"210" 210 0.00418410041841 269 107 91 27 4 1 1 0 0 0 0 0 0 0 0 0 0 0 0 0
"211" 211 0.209821428571 121 74 69 67 57 40 27 22 15 4 2 1 1 0 0 0 0 0 0 0
"212" 212 0.00418410041841 296 123 54 21 4 2 0 0 0 0 0 0 0 0 0 0 0 0 0 0
"213" 213 0.0288461538462 209 80 74 45 29 25 16 11 4 4 3 0 0 0 0 0 0 0 0 0
"214" 214 0.0761421319797 223 98 38 35 32 24 16 15 9 4 2 2 1 1 0 0 0 0 0 0
"215" 215 0.0725388601036 417 26 14 13 11 10 4 3 1 1 0 0 0 0 0 0 0 0 0 0
"216" 216 0.549107142857 109 89 75 66 57 37 27 10 7 7 6 5 3 2 0 0 0 0 0 0
"217" 217 0.751054852321 197 178 40 25 24 17 7 6 6 0 0 0 0 0 0 0 0 0 0 0
"218" 218 0.412790697674 143 73 63 60 41 38 29 19 13 6 6 5 4 0 0 0 0 0 0 0
"219" 219 0.482051282051 224 122 58 26 23 17 10 9 8 3 0 0 0 0 0 0 0 0 0 0
"220" 220 0.330357142857 106 71 55 48 45 42 39 28 18 10 9 8 8 7 4 2 0 0 0 0
"221" 221 0.0659898477157 257 105 53 33 20 14 9 4 2 1 1 1 0 0 0 0 0 0 0 0
"222" 222 0.0 260 170 25 15 15 13 1 1 0 0 0 0 0 0 0 0 0 0 0 0
"223" 223 0.0 280 196 15 3 3 2 1 0 0 0 0 0 0 0 0 0 0 0 0 0
"224" 224 0.0804597701149 244 156 49 30 7 7 4 2 1 0 0 0 0 0 0 0 0 0 0 0
"225" 225 0.165803108808 366 65 33 29 3 2 1 1 0 0 0 0 0 0 0 0 0 0 0 0
"226" 226 0.205357142857 292 49 25 24 23 16 15 13 11 9 9 6 4 2 1 1 0 0 0 0
"227" 227 0.0 208 82 64 57 56 29 3 1 0 0 0 0 0 0 0 0 0 0 0 0
"228" 228 0.0 234 150 53 28 16 13 5 1 0 0 0 0 0 0 0 0 0 0 0 0
"229" 229 0.0 467 16 8 4 4 1 0 0 0 0 0 0 0 0 0 0 0 0 0 0
"230" 230 0.0314465408805 294 90 47 37 25 3 2 1 1 0 0 0 0 0 0 0 0 0 0 0
"231" 231 0.217616580311 157 87 80 75 32 19 19 13 9 4 2 2 1 0 0 0 0 0 0 0
"232" 232 0.0927152317881 277 137 21 20 16 10 6 6 3 2 1 1 0 0 0 0 0 0 0 0
"233" 233 0.0728476821192 280 204 16 0 0 0 0 0 0 0 0 0 0 0 0 0 0 0 0 0
"234" 234 0.35401459854 142 132 39 35 32 29 28 24 9 9 7 4 3 2 2 2 1 0 0 0
"235" 235 0.00836820083682 210 140 27 20 20 19 17 13 13 10 3 3 3 1 1 0 0 0 0 0
"236" 236 0.0248226950355 227 94 33 25 24 17 17 14 10 10 7 6 6 3 3 2 1 1 0 0
"237" 237 0.369230769231 261 67 64 23 20 17 16 12 9 4 3 2 1 1 0 0 0 0 0 0
"238" 238 0.240384615385 240 65 62 39 20 15 15 14 13 7 5 1 1 1 1 1 0 0 0 0
"239" 239 0.767441860465 136 122 119 41 22 22 14 9 7 6 1 1 0 0 0 0 0 0 0 0
"240" 240 0.503311258278 130 103 57 52 47 37 28 15 12 11 2 2 2 1 1 0 0 0 0 0
"241" 241 0.25855513308 157 80 77 58 33 28 25 24 7 5 3 3 0 0 0 0 0 0 0 0
"242" 242 0.523206751055 207 100 46 40 26 26 26 16 9 2 1 1 0 0 0 0 0 0 0 0
"243" 243 0.327586206897 149 64 63 52 29 28 19 16 16 15 11 10 9 6 5 5 3 0 0 0
"244" 244 0.480769230769 500 0 0 0 0 0 0 0 0 0 0 0 0 0 0 0 0 0 0 0
"245" 245 0.339285714286 258 154 64 8 4 4 3 1 1 1 1 1 0 0 0 0 0 0 0 0
"246" 246 0.496688741722 318 54 31 27 19 15 12 6 6 4 3 2 2 1 0 0 0 0 0 0
"247" 247 0.0941704035874 196 79 74 49 41 25 17 6 5 3 3 2 0 0 0 0 0 0 0 0
"248" 248 0.564766839378 132 125 74 56 31 16 15 13 12 11 7 6 2 0 0 0 0 0 0 0
"249" 249 0.185430463576 370 75 19 8 7 6 4 3 2 2 1 1 1 1 0 0 0 0 0 0
"250" 250 0.12927756654 137 128 90 77 23 22 14 5 1 1 1 1 0 0 0 0 0 0 0 0
"251" 251 0.0155440414508 195 161 39 33 23 21 15 8 5 0 0 0 0 0 0 0 0 0 0 0
"252" 252 0.10970464135 298 41 41 23 20 19 14 12 9 8 7 3 2 1 1 1 0 0 0 0
"253" 253 0.14798206278 162 136 88 50 23 16 9 5 5 4 2 0 0 0 0 0 0 0 0 0
"254" 254 0.301255230126 105 79 73 66 54 27 24 15 13 11 9 8 5 4 4 3 0 0 0 0
"255" 255 0.0 146 87 53 49 47 36 30 28 15 6 2 1 0 0 0 0 0 0 0 0
"256" 256 0.346715328467 148 98 61 58 46 26 23 12 12 8 3 3 1 1 0 0 0 0 0 0
"257" 257 0.435233160622 109 105 95 51 36 31 25 19 9 9 5 4 2 0 0 0 0 0 0 0
"258" 258 0.216312056738 355 28 27 21 19 10 9 7 7 6 5 4 1 1 0 0 0 0 0 0
"259" 259 0.00497512437811 383 23 18 17 16 15 15 4 2 2 1 1 1 1 1 0 0 0 0 0
"260" 260 0.325581395349 176 111 101 50 21 8 7 7 5 5 4 3 1 1 0 0 0 0 0 0
"261" 261 0.596899224806 166 145 70 39 17 16 13 11 8 7 4 2 1 1 0 0 0 0 0 0
"262" 262 0.415384615385 137 107 72 61 52 24 17 11 6 5 3 2 1 1 1 0 0 0 0 0
"263" 263 0.713080168776 476 20 2 1 1 0 0 0 0 0 0 0 0 0 0 0 0 0 0 0
"264" 264 0.233830845771 343 45 35 22 17 12 7 7 5 4 1 1 1 0 0 0 0 0 0 0
"265" 265 0.338461538462 280 58 32 31 19 16 14 9 8 8 7 6 5 3 2 1 1 0 0 0
"266" 266 0.355769230769 492 3 2 1 1 1 0 0 0 0 0 0 0 0 0 0 0 0 0 0
"267" 267 0.35632183908 292 79 49 19 18 13 11 11 4 2 1 1 0 0 0 0 0 0 0 0
"268" 268 0.574358974359 138 85 62 43 31 29 26 17 17 15 12 6 6 6 4 2 1 0 0 0
"269" 269 0.432692307692 440 59 1 0 0 0 0 0 0 0 0 0 0 0 0 0 0 0 0 0
"270" 270 0.0632183908046 285 108 23 19 18 17 14 6 4 3 2 1 0 0 0 0 0 0 0 0
"271" 271 0.637130801688 153 129 47 32 28 23 19 14 9 9 8 8 8 6 5 2 0 0 0 0
"272" 272 0.0137614678899 374 20 17 13 13 11 11 9 9 7 5 5 2 2 1 1 0 0 0 0
"273" 273 0.314465408805 133 117 104 36 33 26 25 16 4 3 2 1 0 0 0 0 0 0 0 0
"274" 274 0.533632286996 241 85 45 43 34 19 15 8 6 3 1 0 0 0 0 0 0 0 0 0
"275" 275 0.642487046632 199 152 36 30 29 17 13 10 7 4 2 1 0 0 0 0 0 0 0 0
"276" 276 0.0659898477157 228 55 46 44 41 41 15 13 6 3 2 2 2 1 1 0 0 0 0 0
"277" 277 0.0229885057471 206 129 41 39 35 23 16 7 2 1 1 0 0 0 0 0 0 0 0 0
"278" 278 0.424870466321 118 107 86 48 36 31 29 14 13 12 4 1 1 0 0 0 0 0 0 0
"279" 279 0.467153284672 179 93 69 60 40 17 15 13 6 3 2 2 1 0 0 0 0 0 0 0
"280" 280 0.0 152 98 84 44 35 33 24 15 7 5 1 1 1 0 0 0 0 0 0 0
"281" 281 0.244525547445 192 130 101 26 21 17 4 2 2 2 1 1 1 0 0 0 0 0 0 0
"282" 282 0.387596899225 144 132 55 49 33 25 24 23 8 2 1 1 1 1 1 0 0 0 0 0
"283" 283 0.274261603376 137 131 70 41 33 28 23 10 9 6 5 5 2 0 0 0 0 0 0 0
"284" 284 0.00760456273764 242 84 46 34 21 15 15 13 9 5 5 5 4 1 1 0 0 0 0 0
"285" 285 0.137055837563 177 107 104 80 12 10 4 3 2 1 0 0 0 0 0 0 0 0 0 0
"286" 286 0.450892857143 185 96 79 69 33 16 7 6 4 3 1 1 0 0 0 0 0 0 0 0
"287" 287 0.0077519379845 173 91 54 41 30 24 20 16 14 13 10 10 3 1 0 0 0 0 0 0
"288" 288 0.0836501901141 406 72 9 8 2 1 1 1 0 0 0 0 0 0 0 0 0 0 0 0
"289" 289 0.191964285714 171 124 95 60 18 10 7 4 2 2 2 2 1 1 1 0 0 0 0 0
"290" 290 0.186046511628 142 97 46 42 39 30 28 24 19 14 9 5 2 2 1 0 0 0 0 0
"291" 291 0.0 392 46 34 6 5 4 4 3 2 1 1 1 1 0 0 0 0 0 0 0
"292" 292 0.104651162791 333 71 31 28 18 5 5 4 3 1 1 0 0 0 0 0 0 0 0 0
"293" 293 0.576923076923 497 3 0 0 0 0 0 0 0 0 0 0 0 0 0 0 0 0 0 0
"294" 294 0.384105960265 159 83 46 37 36 34 34 19 14 12 9 6 4 3 2 2 0 0 0 0
"295" 295 0.544303797468 197 106 42 26 24 24 22 20 14 9 7 4 3 1 1 0 0 0 0 0
"296" 296 0.145390070922 99 95 77 76 68 22 18 9 7 6 5 4 4 4 2 2 2 0 0 0
"297" 297 0.721854304636 399 76 13 8 3 1 0 0 0 0 0 0 0 0 0 0 0 0 0 0
"298" 298 0.708133971292 155 142 56 46 39 28 12 10 7 3 2 0 0 0 0 0 0 0 0 0
