"site" "RSA" "aa1" "aa2" "aa3" "aa4" "aa5" "aa6" "aa7" "aa8" "aa9" "aa10" "aa11" "aa12" "aa13" "aa14" "aa15" "aa16" "aa17" "aa18" "aa19" "aa20"
"0" 0 0.720207253886 243 180 29 19 15 6 5 2 1 0 0 0 0 0 0 0 0 0 0 0
"1" 1 0.600896860987 84 83 83 60 60 58 39 15 11 2 1 1 1 1 1 0 0 0 0 0
"2" 2 0.627906976744 99 93 89 59 54 40 23 19 8 7 3 3 2 1 0 0 0 0 0 0
"3" 3 0.562189054726 178 107 59 44 38 34 12 6 5 5 4 3 2 2 1 0 0 0 0 0
"4" 4 0.291390728477 138 109 52 50 42 31 26 16 13 9 7 6 1 0 0 0 0 0 0 0
"5" 5 0.389121338912 130 102 70 48 42 26 22 17 15 11 9 5 2 1 0 0 0 0 0 0
"6" 6 0.393034825871 131 93 66 59 43 31 23 20 12 7 6 4 2 2 1 0 0 0 0 0
"7" 7 0.548523206751 172 79 51 45 28 26 24 22 19 17 11 3 3 0 0 0 0 0 0 0
"8" 8 0.569948186528 135 113 72 70 28 24 20 17 10 7 4 0 0 0 0 0 0 0 0 0
"9" 9 0.175732217573 206 90 42 40 38 36 12 9 9 7 5 4 2 0 0 0 0 0 0 0
"10" 10 0.407960199005 133 93 69 44 39 35 27 27 18 5 4 2 2 1 1 0 0 0 0 0
"11" 11 0.410852713178 106 95 66 58 47 34 26 16 14 12 12 9 3 1 1 0 0 0 0 0
"12" 12 0.240384615385 133 105 94 27 27 25 24 14 11 11 10 9 4 4 1 1 0 0 0 0
"13" 13 0.00961538461538 92 76 56 52 46 40 28 24 18 11 11 10 8 8 6 6 5 3 0 0
"14" 14 0.373563218391 159 101 48 45 35 35 29 12 12 11 9 1 1 1 1 0 0 0 0 0
"15" 15 0.124031007752 109 106 98 67 24 22 16 10 10 8 7 5 4 4 4 3 2 1 0 0
"16" 16 0.15503875969 181 78 62 28 27 21 20 20 15 13 13 10 5 3 3 1 0 0 0 0
"17" 17 0.170542635659 317 50 49 33 16 16 10 3 2 2 1 1 0 0 0 0 0 0 0 0
"18" 18 0.340101522843 120 73 49 46 37 37 35 34 34 10 7 5 4 3 3 2 1 0 0 0
"19" 19 0.0596026490066 333 32 31 23 19 18 13 11 10 5 3 1 1 0 0 0 0 0 0 0
"20" 20 0.236286919831 266 37 35 29 24 20 19 18 17 12 8 6 4 3 1 1 0 0 0 0
"21" 21 0.267441860465 117 75 57 48 39 36 35 35 14 14 10 6 6 3 3 1 1 0 0 0
"22" 22 0.395348837209 104 65 56 55 40 33 24 23 23 21 16 12 9 9 7 2 1 0 0 0
"23" 23 0.0862068965517 138 108 88 79 37 17 9 8 5 5 2 2 2 0 0 0 0 0 0 0
"24" 24 0.0 265 110 31 26 25 11 10 8 6 2 2 2 2 0 0 0 0 0 0 0
"25" 25 0.169811320755 136 123 88 36 25 24 23 13 13 6 6 2 2 1 1 1 0 0 0 0
"26" 26 0.182741116751 86 74 56 49 41 35 26 26 25 24 18 14 10 6 5 4 1 0 0 0
"27" 27 0.116071428571 163 108 53 49 21 21 17 16 16 13 8 7 4 3 1 0 0 0 0 0
"28" 28 0.014598540146 167 107 42 38 33 24 18 15 14 13 13 7 4 4 1 0 0 0 0 0
"29" 29 0.0114942528736 112 98 71 44 38 36 31 27 15 7 7 4 3 2 2 2 1 0 0 0
"30" 30 0.0168776371308 180 84 65 53 38 27 20 19 6 2 2 2 1 1 0 0 0 0 0 0
"31" 31 0.0 221 72 66 64 21 16 15 8 6 4 3 1 1 1 1 0 0 0 0 0
"32" 32 0.00995024875622 162 86 57 47 39 35 33 16 7 5 3 2 2 2 2 1 1 0 0 0
"33" 33 0.089552238806 331 66 33 18 13 11 7 6 5 4 2 1 1 1 1 0 0 0 0 0
"34" 34 0.0 153 81 73 63 54 35 19 8 6 4 2 2 0 0 0 0 0 0 0 0
"35" 35 0.00574712643678 288 152 22 11 10 5 5 3 1 1 1 1 0 0 0 0 0 0 0 0
"36" 36 0.0493273542601 141 122 60 58 31 29 26 10 7 5 4 2 2 1 1 1 0 0 0 0
"37" 37 0.267942583732 87 79 78 62 61 35 22 15 14 11 10 10 9 3 2 1 1 0 0 0
"38" 38 0.0077519379845 229 85 52 34 22 20 19 9 6 5 5 5 3 2 2 1 1 0 0 0
"39" 39 0.0794701986755 146 123 52 41 25 21 17 14 13 13 12 7 6 3 3 3 1 0 0 0
"40" 40 0.548523206751 118 105 77 54 51 37 16 11 8 7 6 5 2 1 1 1 0 0 0 0
"41" 41 0.291479820628 75 69 56 50 48 38 35 32 24 19 16 14 10 6 4 4 0 0 0 0
"42" 42 0.0862944162437 138 67 64 58 43 41 23 20 19 6 6 4 4 3 3 1 0 0 0 0
"43" 43 0.311258278146 192 75 74 65 18 18 13 10 10 9 4 3 3 2 2 1 1 0 0 0
"44" 44 0.53488372093 113 108 107 63 28 26 26 10 8 4 3 2 1 1 0 0 0 0 0 0
"45" 45 0.714285714286 141 104 95 58 35 31 16 10 3 3 2 1 1 0 0 0 0 0 0 0
"46" 46 0.53164556962 90 85 72 62 54 30 28 27 26 7 7 5 5 2 0 0 0 0 0 0
"47" 47 0.219730941704 102 78 69 56 48 46 39 18 12 10 10 5 4 1 1 1 0 0 0 0
"48" 48 0.0380228136882 206 180 28 25 14 14 9 8 8 4 2 1 1 0 0 0 0 0 0 0
"49" 49 0.738396624473 116 93 48 44 34 34 31 24 23 20 12 9 8 3 1 0 0 0 0 0
"50" 50 0.192307692308 427 28 25 9 4 4 2 1 0 0 0 0 0 0 0 0 0 0 0 0
"51" 51 0.238578680203 128 57 52 45 44 30 26 25 21 18 17 12 8 5 4 3 3 1 1 0
"52" 52 0.675126903553 162 127 47 34 33 31 17 15 14 13 5 2 0 0 0 0 0 0 0 0
"53" 53 0.20725388601 127 74 55 48 46 39 38 19 19 12 6 5 5 3 2 1 1 0 0 0
"54" 54 0.00632911392405 222 115 72 24 13 11 10 8 8 6 3 3 2 1 1 1 0 0 0 0
"55" 55 0.293103448276 120 119 80 38 30 26 22 20 14 9 7 6 4 3 1 1 0 0 0 0
"56" 56 0.528735632184 206 124 71 21 21 15 12 9 6 5 3 3 3 1 0 0 0 0 0 0
"57" 57 0.167883211679 193 75 66 60 46 16 10 9 7 6 5 2 2 1 1 1 0 0 0 0
"58" 58 0.010152284264 176 84 80 54 22 18 14 10 9 8 8 8 4 2 1 1 1 0 0 0
"59" 59 0.232704402516 178 168 59 30 24 23 5 4 2 2 2 1 1 1 0 0 0 0 0 0
"60" 60 0.755274261603 330 59 27 26 25 13 11 4 2 2 1 0 0 0 0 0 0 0 0 0
"61" 61 0.160714285714 147 147 78 47 34 18 7 5 4 4 3 2 2 1 1 0 0 0 0 0
"62" 62 0.0762331838565 223 59 40 37 30 28 19 18 11 11 9 4 4 2 2 2 1 0 0 0
"63" 63 0.298076923077 500 0 0 0 0 0 0 0 0 0 0 0 0 0 0 0 0 0 0 0
"64" 64 0.55230125523 185 132 51 37 33 22 13 10 4 4 3 3 2 1 0 0 0 0 0 0
"65" 65 0.701492537313 143 109 102 42 35 25 18 12 5 3 3 2 1 0 0 0 0 0 0 0
"66" 66 0.0397350993377 138 137 105 38 22 19 14 10 6 4 3 3 1 0 0 0 0 0 0 0
"67" 67 0.0794979079498 116 106 94 51 28 25 21 16 13 13 10 6 1 0 0 0 0 0 0 0
"68" 68 0.269503546099 226 96 51 34 31 15 11 11 8 7 4 3 2 1 0 0 0 0 0 0
"69" 69 0.0839416058394 110 98 66 59 46 40 24 17 16 7 7 4 2 2 2 0 0 0 0 0
"70" 70 0.0865384615385 500 0 0 0 0 0 0 0 0 0 0 0 0 0 0 0 0 0 0 0
"71" 71 0.0769230769231 253 181 15 14 9 7 6 4 3 2 2 2 1 1 0 0 0 0 0 0
"72" 72 0.457711442786 160 80 67 40 36 29 23 20 18 14 6 4 2 1 0 0 0 0 0 0
"73" 73 0.0232558139535 237 70 70 45 28 20 10 7 5 4 1 1 1 1 0 0 0 0 0 0
"74" 74 0.0564102564103 102 101 65 64 37 36 32 24 22 7 4 2 2 1 1 0 0 0 0 0
"75" 75 0.212643678161 98 88 77 53 43 38 25 25 21 8 8 5 4 4 2 1 0 0 0 0
"76" 76 0.309644670051 147 112 70 48 28 28 26 15 7 7 4 3 2 2 1 0 0 0 0 0
"77" 77 0.251824817518 260 117 34 27 14 12 6 6 6 5 3 3 3 2 2 0 0 0 0 0
"78" 78 0.140684410646 182 73 63 38 27 25 23 22 13 8 7 5 5 5 2 2 0 0 0 0
"79" 79 0.305439330544 179 139 59 57 24 16 8 7 5 2 1 1 1 1 0 0 0 0 0 0
"80" 80 0.270440251572 192 96 71 57 25 21 12 10 9 3 2 1 1 0 0 0 0 0 0 0
"81" 81 0.093023255814 185 174 78 17 11 10 7 6 5 2 1 1 1 1 1 0 0 0 0 0
"82" 82 0.331838565022 131 103 44 40 37 35 27 26 25 12 7 5 3 2 2 1 0 0 0 0
"83" 83 0.410852713178 97 94 85 66 51 29 22 21 9 6 6 4 4 3 2 1 0 0 0 0
"84" 84 0.134328358209 198 72 65 45 29 28 21 12 9 8 5 4 3 1 0 0 0 0 0 0
"85" 85 0.138461538462 138 120 75 62 50 16 10 9 6 4 4 3 2 1 0 0 0 0 0 0
"86" 86 0.648535564854 99 58 50 41 36 35 32 32 29 29 27 12 12 6 1 1 0 0 0 0
"87" 87 0.46511627907 103 91 85 50 35 35 24 22 18 17 6 5 4 2 2 1 0 0 0 0
"88" 88 0.309623430962 210 70 59 47 38 22 14 12 7 7 4 4 2 2 1 1 0 0 0 0
"89" 89 0.383966244726 209 140 79 37 13 5 5 4 3 2 1 1 1 0 0 0 0 0 0 0
"90" 90 0.492227979275 149 136 44 44 31 28 20 19 18 5 2 2 2 0 0 0 0 0 0 0
"91" 91 0.523206751055 125 74 64 44 31 30 29 23 22 20 11 9 6 5 3 3 1 0 0 0
"92" 92 0.186311787072 145 111 46 43 36 33 23 12 11 11 10 7 4 3 3 1 1 0 0 0
"93" 93 0.337552742616 134 111 107 30 27 25 15 11 10 9 8 4 4 3 2 0 0 0 0 0
"94" 94 0.466367713004 169 96 50 47 36 34 20 16 11 8 7 4 2 0 0 0 0 0 0 0
"95" 95 0.578680203046 149 80 69 51 48 34 32 24 4 3 2 2 1 1 0 0 0 0 0 0
"96" 96 0.284518828452 180 140 66 29 15 14 13 12 10 8 3 2 2 2 1 1 1 1 0 0
"97" 97 0.109452736318 236 67 39 37 35 25 18 11 9 8 4 3 3 3 1 1 0 0 0 0
"98" 98 0.480769230769 369 27 23 17 14 14 12 8 7 6 2 1 0 0 0 0 0 0 0 0
"99" 99 0.846153846154 467 33 0 0 0 0 0 0 0 0 0 0 0 0 0 0 0 0 0 0
"100" 100 0.126436781609 276 96 36 21 13 13 10 10 8 5 4 4 3 1 0 0 0 0 0 0
"101" 101 0.383419689119 251 121 44 31 12 9 9 7 5 4 3 2 2 0 0 0 0 0 0 0
"102" 102 0.481751824818 256 89 36 36 19 13 10 8 7 7 7 6 4 1 1 0 0 0 0 0
"103" 103 0.602870813397 169 130 67 39 33 19 15 7 6 6 5 2 1 1 0 0 0 0 0 0
"104" 104 0.696202531646 142 105 86 53 48 26 13 10 8 3 2 1 1 1 1 0 0 0 0 0
"105" 105 0.37668161435 136 130 102 49 27 16 12 8 7 5 5 2 1 0 0 0 0 0 0 0
"106" 106 0.36820083682 184 109 75 36 24 21 15 10 9 6 3 2 2 2 1 1 0 0 0 0
"107" 107 0.663120567376 139 117 87 38 28 26 22 17 12 7 4 1 1 1 0 0 0 0 0 0
"108" 108 0.408759124088 113 104 71 53 52 49 20 19 10 7 1 1 0 0 0 0 0 0 0 0
"109" 109 0.269961977186 163 146 77 33 20 19 12 9 7 7 3 2 1 1 0 0 0 0 0 0
"110" 110 0.171548117155 194 93 60 58 31 22 17 9 5 3 3 2 1 1 1 0 0 0 0 0
"111" 111 0.418604651163 211 76 53 33 31 31 19 14 13 7 4 4 2 2 0 0 0 0 0 0
"112" 112 0.0192307692308 303 120 13 12 10 9 9 9 7 3 2 2 1 0 0 0 0 0 0 0
"113" 113 0.0923076923077 107 87 71 69 29 22 19 19 16 16 15 11 5 4 4 3 2 1 0 0
"114" 114 0.139303482587 212 68 50 34 31 29 19 19 12 7 5 4 4 2 2 1 1 0 0 0
"115" 115 0.279069767442 142 100 84 43 39 24 22 12 9 6 4 3 3 2 2 2 2 1 0 0
"116" 116 0.0132450331126 353 25 21 20 13 10 9 8 7 7 7 6 6 4 2 1 1 0 0 0
"117" 117 0.105769230769 109 50 46 43 35 35 33 30 30 26 20 15 15 4 3 3 2 1 0 0
"118" 118 0.0673076923077 115 90 84 76 42 34 12 11 9 7 6 5 5 2 1 1 0 0 0 0
"119" 119 0.162790697674 101 82 76 52 43 30 24 18 17 12 10 9 9 7 6 4 0 0 0 0
"120" 120 0.062015503876 260 51 41 38 28 21 19 13 8 7 6 5 3 0 0 0 0 0 0 0
"121" 121 0.163461538462 121 64 56 56 46 46 45 22 14 12 4 4 2 2 2 2 1 1 0 0
"122" 122 0.170542635659 134 123 66 55 43 18 18 11 8 7 5 3 3 3 2 1 0 0 0 0
"123" 123 0.116279069767 103 95 65 30 26 26 25 20 17 17 17 13 12 11 11 6 4 2 0 0
"124" 124 0.0529801324503 168 74 55 49 40 33 27 17 13 6 5 4 4 2 2 1 0 0 0 0
"125" 125 0.0696517412935 88 80 76 66 49 48 35 21 15 13 4 2 1 1 1 0 0 0 0 0
"126" 126 0.411392405063 138 96 50 43 41 36 35 34 9 9 3 3 2 1 0 0 0 0 0 0
"127" 127 0.55230125523 395 38 15 14 10 7 5 4 3 3 3 1 1 1 0 0 0 0 0 0
"128" 128 0.0172413793103 309 108 58 7 7 4 2 2 1 1 1 0 0 0 0 0 0 0 0 0
"129" 129 0.0 430 20 13 10 6 6 4 3 3 2 2 1 0 0 0 0 0 0 0 0
"130" 130 0.100628930818 131 71 66 53 43 38 30 20 15 12 10 6 3 1 1 0 0 0 0 0
"131" 131 0.129353233831 189 104 47 38 26 21 19 17 14 9 6 4 3 2 1 0 0 0 0 0
"132" 132 0.0621761658031 160 131 113 47 20 11 7 3 2 2 2 1 1 0 0 0 0 0 0 0
"133" 133 0.0 334 92 31 12 11 7 4 3 2 2 1 1 0 0 0 0 0 0 0 0
"134" 134 0.0 196 96 93 24 22 18 18 12 9 7 2 1 1 1 0 0 0 0 0 0
"135" 135 0.0109489051095 148 129 96 57 36 24 5 2 1 1 1 0 0 0 0 0 0 0 0 0
"136" 136 0.0 255 68 67 45 17 15 6 6 5 5 5 3 3 0 0 0 0 0 0 0
"137" 137 0.043795620438 139 118 98 53 50 10 7 6 4 4 4 3 2 1 1 0 0 0 0 0
"138" 138 0.0248756218905 311 57 50 44 10 8 8 3 2 2 2 2 1 0 0 0 0 0 0 0
"139" 139 0.0 145 143 60 42 26 26 15 10 7 7 5 4 4 3 2 1 0 0 0 0
"140" 140 0.015503875969 266 53 43 36 21 21 19 18 10 8 2 1 1 1 0 0 0 0 0 0
"141" 141 0.0 434 22 20 7 5 4 3 2 1 1 1 0 0 0 0 0 0 0 0 0
"142" 142 0.103448275862 308 64 21 18 16 15 13 11 10 9 6 3 3 2 1 0 0 0 0 0
"143" 143 0.0384615384615 465 24 4 2 2 1 1 1 0 0 0 0 0 0 0 0 0 0 0 0
"144" 144 0.518987341772 82 73 71 67 39 28 26 24 23 21 16 13 7 4 2 2 1 1 0 0
"145" 145 0.211538461538 153 111 65 48 32 31 16 14 10 7 5 5 3 0 0 0 0 0 0 0
"146" 146 0.658914728682 166 122 42 31 31 29 26 18 15 9 5 3 2 1 0 0 0 0 0 0
"147" 147 0.736434108527 129 99 86 75 35 24 20 16 10 2 2 1 1 0 0 0 0 0 0 0
"148" 148 0.434977578475 118 113 46 39 38 35 34 27 19 15 8 4 3 1 0 0 0 0 0 0
"149" 149 0.222627737226 180 109 96 22 22 16 13 13 11 7 5 2 2 2 0 0 0 0 0 0
"150" 150 0.151785714286 136 88 60 51 47 33 25 23 12 9 7 4 2 2 1 0 0 0 0 0
"151" 151 0.00836820083682 195 150 113 20 10 5 2 1 1 1 1 1 0 0 0 0 0 0 0 0
"152" 152 0.5 139 67 48 42 33 32 27 27 24 19 14 13 6 5 3 1 0 0 0 0
"153" 153 0.211538461538 351 69 31 23 9 7 3 3 3 1 0 0 0 0 0 0 0 0 0 0
"154" 154 0.124378109453 91 64 52 50 49 38 32 26 21 21 20 12 6 5 4 4 3 2 0 0
"155" 155 0.451923076923 173 147 43 35 31 18 15 14 13 4 4 3 0 0 0 0 0 0 0 0
"156" 156 0.292307692308 130 76 71 32 28 28 27 23 22 21 13 11 7 4 3 3 1 0 0 0
"157" 157 0.0 310 73 52 24 14 12 7 3 2 1 1 1 0 0 0 0 0 0 0 0
"158" 158 0.223350253807 89 86 73 66 51 38 24 17 17 10 9 7 4 4 3 2 0 0 0 0
"159" 159 0.406976744186 116 108 86 58 34 31 24 13 11 6 5 3 2 2 1 0 0 0 0 0
"160" 160 0.409282700422 164 66 51 47 40 32 26 24 22 7 6 5 4 2 2 1 1 0 0 0
"161" 161 0.0203045685279 163 79 76 58 46 35 13 6 5 3 3 3 3 2 2 2 1 0 0 0
"162" 162 0.44769874477 134 122 64 55 42 35 22 13 11 1 1 0 0 0 0 0 0 0 0 0
"163" 163 0.763713080169 117 96 91 37 34 29 27 21 15 11 8 7 4 3 0 0 0 0 0 0
"164" 164 0.370860927152 129 75 70 58 51 28 17 15 11 10 9 9 8 3 3 2 2 0 0 0
"165" 165 0.238341968912 125 73 66 53 49 41 35 14 13 8 7 5 3 3 2 1 1 1 0 0
"166" 166 0.230769230769 500 0 0 0 0 0 0 0 0 0 0 0 0 0 0 0 0 0 0 0
"167" 167 0.52736318408 133 115 74 73 32 31 15 6 5 5 4 2 2 1 1 1 0 0 0 0
"168" 168 0.270072992701 207 117 79 32 24 19 11 10 1 0 0 0 0 0 0 0 0 0 0 0
"169" 169 0.0192307692308 476 17 7 0 0 0 0 0 0 0 0 0 0 0 0 0 0 0 0 0
"170" 170 0.044776119403 363 66 23 11 10 7 6 6 3 2 2 1 0 0 0 0 0 0 0 0
"171" 171 0.235741444867 284 91 48 48 16 5 5 2 1 0 0 0 0 0 0 0 0 0 0 0
"172" 172 0.2466367713 88 71 56 55 54 47 43 33 27 7 7 4 3 3 2 0 0 0 0 0
"173" 173 0.0673076923077 500 0 0 0 0 0 0 0 0 0 0 0 0 0 0 0 0 0 0 0
"174" 174 0.171548117155 168 149 56 29 23 21 14 10 9 7 5 5 3 1 0 0 0 0 0 0
"175" 175 0.589743589744 162 117 59 46 41 20 14 12 12 7 4 3 1 1 1 0 0 0 0 0
"176" 176 0.0 109 56 49 44 42 42 36 32 29 16 14 10 8 6 4 2 1 0 0 0
"177" 177 0.0662251655629 179 70 66 66 36 20 20 11 10 7 6 3 3 2 1 0 0 0 0 0
"178" 178 0.155172413793 86 74 58 48 34 34 33 33 32 27 13 11 10 3 2 2 0 0 0 0
"179" 179 0.394618834081 191 127 67 30 29 15 8 8 7 7 6 3 2 0 0 0 0 0 0 0
"180" 180 0.0961538461538 166 120 80 48 32 19 11 7 6 5 4 2 0 0 0 0 0 0 0 0
"181" 181 0.248730964467 106 71 68 59 50 39 35 13 12 11 8 7 5 5 4 3 2 2 0 0
"182" 182 0.319796954315 177 110 83 22 21 21 16 14 13 8 5 4 3 2 1 0 0 0 0 0
"183" 183 0.299492385787 122 72 68 63 35 22 20 16 15 14 13 12 10 9 4 3 2 0 0 0
"184" 184 0.326996197719 125 111 74 60 55 46 5 5 5 3 3 2 2 1 1 1 1 0 0 0
"185" 185 0.200729927007 118 61 58 49 47 30 23 23 18 17 16 13 11 5 5 4 1 1 0 0
"186" 186 0.201550387597 176 92 72 46 33 31 11 9 9 8 3 3 3 2 2 0 0 0 0 0
"187" 187 0.124031007752 160 54 48 46 42 40 27 20 18 14 7 6 6 5 3 2 2 0 0 0
"188" 188 0.235741444867 121 117 77 75 30 29 23 19 3 2 1 1 1 1 0 0 0 0 0 0
"189" 189 0.326359832636 125 72 55 50 40 37 33 30 20 10 10 6 4 3 2 1 1 1 0 0
"190" 190 0.240384615385 179 143 60 33 25 15 13 11 6 4 2 2 2 2 1 1 1 0 0 0
"191" 191 0.287356321839 99 85 57 49 42 38 37 22 21 16 11 10 6 2 2 1 1 1 0 0
"192" 192 0.266159695817 171 120 81 33 25 24 16 9 5 4 4 2 2 2 1 1 0 0 0 0
"193" 193 0.305699481865 220 52 48 40 36 32 24 24 7 5 3 3 2 2 1 1 0 0 0 0
"194" 194 0.610465116279 133 93 64 59 40 28 26 26 10 7 5 3 3 2 1 0 0 0 0 0
"195" 195 0.193798449612 67 57 55 50 50 44 33 30 23 16 16 14 12 11 7 7 6 2 0 0
"196" 196 0.53164556962 121 93 56 53 52 36 20 17 17 10 9 5 4 3 2 1 1 0 0 0
"197" 197 0.605769230769 238 53 48 39 28 23 21 17 8 6 4 4 3 2 2 2 1 1 0 0
"198" 198 0.733944954128 134 103 90 63 51 23 16 7 4 4 2 1 1 1 0 0 0 0 0 0
"199" 199 0.81592039801 500 0 0 0 0 0 0 0 0 0 0 0 0 0 0 0 0 0 0 0
"200" 200 0.276729559748 122 104 61 41 39 22 17 16 14 13 11 11 10 8 5 5 1 0 0 0
"201" 201 0.621761658031 183 72 65 50 50 34 24 8 5 4 2 1 1 1 0 0 0 0 0 0
"202" 202 0.723270440252 455 44 1 0 0 0 0 0 0 0 0 0 0 0 0 0 0 0 0 0
"203" 203 0.329113924051 166 74 46 34 34 30 26 23 15 13 12 9 7 5 5 1 0 0 0 0
"204" 204 0.733333333333 101 62 54 52 46 39 38 36 33 19 14 4 2 0 0 0 0 0 0 0
"205" 205 0.350574712644 70 62 62 49 43 35 35 28 24 15 14 14 12 12 8 8 6 3 0 0
"206" 206 0.631578947368 131 126 47 45 27 23 23 21 17 16 15 3 3 3 0 0 0 0 0 0
"207" 207 0.756345177665 155 99 59 40 36 32 28 16 14 6 4 3 3 3 1 1 0 0 0 0
"208" 208 0.568527918782 206 78 67 43 40 18 14 8 7 7 7 2 2 1 0 0 0 0 0 0
"209" 209 0.270114942529 81 66 59 54 52 49 48 31 19 18 6 5 4 3 3 2 0 0 0 0
"210" 210 0.350993377483 138 51 48 39 38 38 23 23 15 14 14 14 11 11 9 9 4 1 0 0
"211" 211 0.265957446809 147 88 60 45 36 27 15 15 15 10 10 8 8 6 6 2 1 1 0 0
"212" 212 0.408256880734 173 92 44 42 41 31 30 13 10 8 6 5 3 1 1 0 0 0 0 0
"213" 213 0.238578680203 75 62 52 51 43 34 32 29 22 19 18 18 15 10 7 5 4 4 0 0
"214" 214 0.170542635659 203 72 56 42 31 19 17 17 11 8 6 5 4 3 3 3 0 0 0 0
"215" 215 0.0896860986547 114 86 84 61 35 28 23 17 11 9 9 6 6 3 3 2 2 1 0 0
"216" 216 0.488372093023 175 77 59 58 39 24 17 16 11 6 4 4 3 3 2 2 0 0 0 0
"217" 217 0.0114942528736 142 110 53 47 24 23 21 20 17 11 9 8 5 4 3 2 1 0 0 0
"218" 218 0.226744186047 137 80 77 49 39 22 16 15 13 13 11 10 6 3 3 3 2 1 0 0
"219" 219 0.193798449612 116 93 93 47 36 27 24 22 11 8 6 6 4 3 1 1 1 1 0 0
"220" 220 0.310344827586 122 111 76 48 44 36 21 14 11 6 3 3 2 2 1 0 0 0 0 0
"221" 221 0.0 458 25 11 2 2 1 1 0 0 0 0 0 0 0 0 0 0 0 0 0
"222" 222 0.115384615385 74 71 69 65 55 41 34 20 16 13 12 11 6 4 3 3 2 1 0 0
"223" 223 0.323383084577 97 71 57 54 48 32 28 28 21 19 19 8 7 6 3 2 0 0 0 0
"224" 224 0.442528735632 83 63 57 52 45 37 28 24 23 20 15 13 12 9 7 5 4 3 0 0
"225" 225 0.0927152317881 291 188 9 9 2 1 0 0 0 0 0 0 0 0 0 0 0 0 0 0
"226" 226 0.0114068441065 272 84 84 28 7 6 5 4 3 2 2 1 1 1 0 0 0 0 0 0
"227" 227 0.119496855346 161 160 82 45 20 10 7 4 3 3 2 2 1 0 0 0 0 0 0 0
"228" 228 0.171548117155 88 77 64 54 47 37 30 24 23 18 11 8 7 7 2 1 1 1 0 0
"229" 229 0.165803108808 126 115 64 58 46 36 16 11 8 8 6 4 2 0 0 0 0 0 0 0
"230" 230 0.0 302 65 58 23 22 9 6 5 5 2 1 1 1 0 0 0 0 0 0 0
"231" 231 0.0 123 116 52 48 37 34 28 22 13 8 7 6 2 1 1 1 1 0 0 0
"232" 232 0.0802919708029 159 79 66 52 43 27 23 20 10 7 4 4 3 2 1 0 0 0 0 0
"233" 233 0.0948905109489 246 85 37 36 31 14 14 9 9 7 5 3 2 1 1 0 0 0 0 0
"234" 234 0.0 182 135 75 57 13 8 7 7 5 4 3 2 1 1 0 0 0 0 0 0
"235" 235 0.0275229357798 162 103 51 48 39 20 19 16 14 10 8 5 2 2 1 0 0 0 0 0
"236" 236 0.0 169 97 82 74 24 18 11 11 6 5 1 1 1 0 0 0 0 0 0 0
"237" 237 0.0137614678899 161 104 77 53 49 32 9 6 4 3 1 1 0 0 0 0 0 0 0 0
"238" 238 0.0179372197309 256 65 43 28 24 23 22 13 10 7 4 2 2 1 0 0 0 0 0 0
"239" 239 0.0 240 198 45 6 6 5 0 0 0 0 0 0 0 0 0 0 0 0 0 0
"240" 240 0.346153846154 499 1 0 0 0 0 0 0 0 0 0 0 0 0 0 0 0 0 0 0
"241" 241 0.109489051095 161 118 87 76 19 13 7 5 4 4 3 1 1 1 0 0 0 0 0 0
"242" 242 0.430379746835 110 88 75 59 46 33 25 22 16 8 8 3 3 2 1 1 0 0 0 0
"243" 243 0.567307692308 499 1 0 0 0 0 0 0 0 0 0 0 0 0 0 0 0 0 0 0
"244" 244 0.852713178295 190 112 104 47 18 13 10 3 3 0 0 0 0 0 0 0 0 0 0 0
"245" 245 0.367875647668 150 98 80 48 41 31 18 11 7 6 3 2 2 2 1 0 0 0 0 0
"246" 246 0.370558375635 174 114 89 34 34 23 12 5 5 4 2 2 1 1 0 0 0 0 0 0
"247" 247 0.211009174312 151 84 78 68 32 17 15 14 14 12 5 4 4 1 1 0 0 0 0 0
"248" 248 0.0228136882129 384 31 19 16 12 9 8 6 4 3 3 2 2 1 0 0 0 0 0 0
"249" 249 0.709302325581 107 102 67 45 37 35 26 20 19 17 12 6 3 2 2 0 0 0 0 0
"250" 250 0.221153846154 251 116 53 43 15 15 2 2 2 1 0 0 0 0 0 0 0 0 0 0
"251" 251 0.21511627907 78 68 47 45 40 34 33 29 28 28 17 15 11 10 9 7 1 0 0 0
"252" 252 0.568965517241 251 93 42 35 18 16 11 10 9 9 5 1 0 0 0 0 0 0 0 0
"253" 253 0.165803108808 75 71 70 48 43 42 31 29 19 17 15 12 11 5 4 3 3 2 0 0
"254" 254 0.0 216 114 68 35 20 20 14 7 2 2 2 0 0 0 0 0 0 0 0 0
"255" 255 0.251773049645 199 66 62 61 41 14 14 14 12 7 7 1 1 1 0 0 0 0 0 0
"256" 256 0.529197080292 127 119 52 51 51 30 27 21 7 6 6 1 1 1 0 0 0 0 0 0
"257" 257 0.320675105485 177 69 64 36 34 30 23 22 17 10 5 5 3 3 2 0 0 0 0 0
"258" 258 0.0 268 61 57 37 24 14 10 6 5 4 4 3 3 3 1 0 0 0 0 0
"259" 259 0.294573643411 144 137 116 22 16 15 11 8 8 7 7 6 2 1 0 0 0 0 0 0
"260" 260 0.654008438819 133 119 70 48 37 37 23 14 7 5 3 2 1 1 0 0 0 0 0 0
"261" 261 0.60103626943 122 119 72 49 48 16 15 9 8 7 7 7 6 5 4 3 3 0 0 0
"262" 262 0.178571428571 179 139 82 36 21 13 9 6 5 3 2 2 2 1 0 0 0 0 0 0
"263" 263 0.201923076923 500 0 0 0 0 0 0 0 0 0 0 0 0 0 0 0 0 0 0 0
"264" 264 0.635220125786 209 59 42 42 39 30 29 20 15 7 3 3 1 1 0 0 0 0 0 0
"265" 265 0.341772151899 190 86 72 45 45 41 8 8 4 1 0 0 0 0 0 0 0 0 0 0
"266" 266 0.031007751938 152 142 89 47 22 14 13 8 4 4 2 1 1 1 0 0 0 0 0 0
"267" 267 0.0753138075314 191 160 43 34 20 15 14 8 5 5 4 1 0 0 0 0 0 0 0 0
"268" 268 0.393305439331 296 111 47 10 9 8 7 5 3 2 1 1 0 0 0 0 0 0 0 0
"269" 269 0.291139240506 108 77 67 40 38 31 27 25 18 17 15 9 8 7 6 5 2 0 0 0
"270" 270 0.0961538461538 500 0 0 0 0 0 0 0 0 0 0 0 0 0 0 0 0 0 0 0
"271" 271 0.0387596899225 224 91 56 22 22 22 18 12 12 7 3 3 3 2 2 1 0 0 0 0
"272" 272 0.570921985816 159 131 41 33 31 21 21 20 13 13 12 4 1 0 0 0 0 0 0 0
"273" 273 0.00662251655629 169 105 38 32 28 26 26 23 22 9 8 8 3 2 1 0 0 0 0 0
"274" 274 0.117948717949 106 100 74 74 38 24 20 17 9 9 7 6 6 5 4 1 0 0 0 0
"275" 275 0.0919540229885 115 107 91 44 26 23 21 20 13 11 11 9 3 2 2 1 1 0 0 0
"276" 276 0.308457711443 159 122 60 54 44 17 11 7 7 6 4 3 3 1 1 1 0 0 0 0
"277" 277 0.29197080292 104 88 62 51 47 35 33 24 16 15 11 5 3 3 2 1 0 0 0 0
"278" 278 0.125 119 72 61 51 34 29 23 16 15 14 13 10 10 10 9 5 5 4 0 0
"279" 279 0.366972477064 190 108 103 24 16 13 9 9 8 5 5 4 3 1 1 1 0 0 0 0
"280" 280 0.240384615385 120 87 83 75 45 17 15 12 9 9 7 6 5 4 4 1 1 0 0 0
"281" 281 0.105769230769 149 120 42 41 29 28 23 15 13 9 8 7 6 4 3 2 1 0 0 0
"282" 282 0.15503875969 136 56 54 51 45 32 31 21 12 11 10 10 9 8 7 3 3 1 0 0
"283" 283 0.481171548117 175 107 83 30 23 22 18 10 9 9 4 4 4 1 1 0 0 0 0 0
"284" 284 0.14367816092 75 52 50 48 46 43 42 41 24 23 14 12 9 8 6 5 1 1 0 0
"285" 285 0.313432835821 162 135 78 37 14 12 12 11 10 7 6 5 3 3 3 2 0 0 0 0
"286" 286 0.367816091954 150 91 59 38 36 32 30 21 13 11 8 3 3 2 2 1 0 0 0 0
"287" 287 0.517412935323 131 105 65 65 26 18 16 15 12 11 10 9 7 5 2 2 1 0 0 0
"288" 288 0.32319391635 116 95 70 57 33 25 20 18 17 14 9 7 6 4 3 3 2 1 0 0
"289" 289 0.626943005181 127 104 93 52 34 28 18 11 10 7 7 3 3 2 1 0 0 0 0 0
"290" 290 0.71875 171 68 51 44 40 40 28 20 19 14 4 1 0 0 0 0 0 0 0 0
"291" 291 0.659898477157 139 112 88 67 36 27 7 6 4 4 4 3 3 0 0 0 0 0 0 0
