"site" "RSA" "aa1" "aa2" "aa3" "aa4" "aa5" "aa6" "aa7" "aa8" "aa9" "aa10" "aa11" "aa12" "aa13" "aa14" "aa15" "aa16" "aa17" "aa18" "aa19" "aa20"
"0" 0 0.740384615385 34 0 0 0 0 0 0 0 0 0 0 0 0 0 0 0 0 0 0 0
"1" 1 0.424870466321 23 8 2 0 0 0 0 0 0 0 0 0 0 0 0 0 0 0 0 0
"2" 2 0.124031007752 14 7 6 3 2 1 1 1 0 0 0 0 0 0 0 0 0 0 0 0
"3" 3 0.441964285714 9 9 6 3 3 1 1 1 1 0 0 0 0 0 0 0 0 0 0 0
"4" 4 0.209302325581 27 6 1 1 1 0 0 0 0 0 0 0 0 0 0 0 0 0 0 0
"5" 5 0.0 37 0 0 0 0 0 0 0 0 0 0 0 0 0 0 0 0 0 0 0
"6" 6 0.341772151899 16 13 7 1 0 0 0 0 0 0 0 0 0 0 0 0 0 0 0 0
"7" 7 0.573839662447 29 4 2 2 0 0 0 0 0 0 0 0 0 0 0 0 0 0 0 0
"8" 8 0.0964467005076 18 14 4 1 0 0 0 0 0 0 0 0 0 0 0 0 0 0 0 0
"9" 9 0.0543933054393 37 0 0 0 0 0 0 0 0 0 0 0 0 0 0 0 0 0 0 0
"10" 10 0.574712643678 20 10 2 2 2 1 0 0 0 0 0 0 0 0 0 0 0 0 0 0
"11" 11 0.659192825112 19 12 2 2 1 1 0 0 0 0 0 0 0 0 0 0 0 0 0 0
"12" 12 0.240506329114 21 14 1 1 0 0 0 0 0 0 0 0 0 0 0 0 0 0 0 0
"13" 13 0.139240506329 36 1 0 0 0 0 0 0 0 0 0 0 0 0 0 0 0 0 0 0
"14" 14 0.217054263566 26 5 2 1 1 1 1 0 0 0 0 0 0 0 0 0 0 0 0 0
"15" 15 0.677130044843 33 1 1 0 0 0 0 0 0 0 0 0 0 0 0 0 0 0 0 0
"16" 16 0.215189873418 37 0 0 0 0 0 0 0 0 0 0 0 0 0 0 0 0 0 0 0
"17" 17 0.124401913876 37 0 0 0 0 0 0 0 0 0 0 0 0 0 0 0 0 0 0 0
"18" 18 0.0639534883721 31 3 1 1 1 0 0 0 0 0 0 0 0 0 0 0 0 0 0 0
"19" 19 0.0344827586207 22 6 3 3 2 0 0 0 0 0 0 0 0 0 0 0 0 0 0 0
"20" 20 0.4375 25 4 2 2 1 1 1 0 0 0 0 0 0 0 0 0 0 0 0 0
"21" 21 0.590717299578 15 11 3 2 1 1 1 1 1 1 0 0 0 0 0 0 0 0 0 0
"22" 22 0.740384615385 34 1 1 1 0 0 0 0 0 0 0 0 0 0 0 0 0 0 0 0
"23" 23 0.115384615385 26 6 3 1 1 0 0 0 0 0 0 0 0 0 0 0 0 0 0 0
"24" 24 0.662447257384 15 8 6 4 1 1 1 1 0 0 0 0 0 0 0 0 0 0 0 0
"25" 25 0.33971291866 27 6 1 1 1 0 0 0 0 0 0 0 0 0 0 0 0 0 0 0
"26" 26 0.481012658228 35 1 1 0 0 0 0 0 0 0 0 0 0 0 0 0 0 0 0 0
"27" 27 0.633720930233 14 10 9 2 1 0 0 0 0 0 0 0 0 0 0 0 0 0 0 0
"28" 28 0.0673076923077 36 1 0 0 0 0 0 0 0 0 0 0 0 0 0 0 0 0 0 0
"29" 29 0.0817610062893 36 1 0 0 0 0 0 0 0 0 0 0 0 0 0 0 0 0 0 0
"30" 30 0.0820512820513 33 1 1 1 0 0 0 0 0 0 0 0 0 0 0 0 0 0 0 0
"31" 31 0.109452736318 37 0 0 0 0 0 0 0 0 0 0 0 0 0 0 0 0 0 0 0
"32" 32 0.294326241135 18 6 3 3 2 2 1 1 0 0 0 0 0 0 0 0 0 0 0 0
"33" 33 0.25 37 0 0 0 0 0 0 0 0 0 0 0 0 0 0 0 0 0 0 0
"34" 34 0.0497512437811 25 6 3 2 1 0 0 0 0 0 0 0 0 0 0 0 0 0 0 0
"35" 35 0.188284518828 29 4 2 1 1 0 0 0 0 0 0 0 0 0 0 0 0 0 0 0
"36" 36 0.586538461538 34 2 1 0 0 0 0 0 0 0 0 0 0 0 0 0 0 0 0 0
"37" 37 0.153284671533 32 2 1 1 1 0 0 0 0 0 0 0 0 0 0 0 0 0 0 0
"38" 38 0.438818565401 19 5 4 2 2 1 1 1 1 0 0 0 0 0 0 0 0 0 0 0
"39" 39 0.0116279069767 18 17 1 1 0 0 0 0 0 0 0 0 0 0 0 0 0 0 0 0
"40" 40 0.125 37 0 0 0 0 0 0 0 0 0 0 0 0 0 0 0 0 0 0 0
"41" 41 0.470852017937 19 12 4 1 1 0 0 0 0 0 0 0 0 0 0 0 0 0 0 0
"42" 42 0.046511627907 22 7 4 1 1 1 1 0 0 0 0 0 0 0 0 0 0 0 0 0
"43" 43 0.666666666667 11 10 9 2 2 1 1 1 0 0 0 0 0 0 0 0 0 0 0 0
"44" 44 0.721153846154 33 1 1 0 0 0 0 0 0 0 0 0 0 0 0 0 0 0 0 0
"45" 45 0.150627615063 19 18 0 0 0 0 0 0 0 0 0 0 0 0 0 0 0 0 0 0
"46" 46 0.622516556291 23 9 2 2 1 0 0 0 0 0 0 0 0 0 0 0 0 0 0 0
"47" 47 0.110266159696 36 1 0 0 0 0 0 0 0 0 0 0 0 0 0 0 0 0 0 0
"48" 48 0.174418604651 21 13 1 1 1 0 0 0 0 0 0 0 0 0 0 0 0 0 0 0
"49" 49 0.544041450777 22 4 3 2 2 2 1 1 0 0 0 0 0 0 0 0 0 0 0 0
"50" 50 0.22480620155 33 2 1 1 0 0 0 0 0 0 0 0 0 0 0 0 0 0 0 0
"51" 51 0.102564102564 32 1 1 1 1 0 0 0 0 0 0 0 0 0 0 0 0 0 0 0
"52" 52 0.371308016878 30 4 1 1 1 0 0 0 0 0 0 0 0 0 0 0 0 0 0 0
"53" 53 0.635897435897 18 4 4 2 2 2 1 1 1 1 0 0 0 0 0 0 0 0 0 0
"54" 54 0.333333333333 25 4 4 3 1 0 0 0 0 0 0 0 0 0 0 0 0 0 0 0
"55" 55 0.365384615385 24 6 4 1 1 1 0 0 0 0 0 0 0 0 0 0 0 0 0 0
"56" 56 0.224137931034 18 17 1 1 0 0 0 0 0 0 0 0 0 0 0 0 0 0 0 0
"57" 57 0.446700507614 20 6 4 2 2 2 1 0 0 0 0 0 0 0 0 0 0 0 0 0
"58" 58 0.0390070921986 37 0 0 0 0 0 0 0 0 0 0 0 0 0 0 0 0 0 0 0
"59" 59 0.291390728477 8 6 6 6 4 3 1 1 0 0 0 0 0 0 0 0 0 0 0 0
"60" 60 0.410714285714 23 3 2 2 2 1 1 1 0 0 0 0 0 0 0 0 0 0 0 0
"61" 61 0.665178571429 10 10 5 3 2 2 1 1 1 0 0 0 0 0 0 0 0 0 0 0
"62" 62 0.093023255814 26 4 3 2 1 1 0 0 0 0 0 0 0 0 0 0 0 0 0 0
"63" 63 0.0298507462687 32 5 0 0 0 0 0 0 0 0 0 0 0 0 0 0 0 0 0 0
"64" 64 0.155963302752 15 8 4 4 2 2 1 1 0 0 0 0 0 0 0 0 0 0 0 0
"65" 65 0.508928571429 15 10 5 2 1 1 1 1 1 0 0 0 0 0 0 0 0 0 0 0
"66" 66 0.0608365019011 36 1 0 0 0 0 0 0 0 0 0 0 0 0 0 0 0 0 0 0
"67" 67 0.0746268656716 36 1 0 0 0 0 0 0 0 0 0 0 0 0 0 0 0 0 0 0
"68" 68 0.34375 19 10 3 2 1 1 1 0 0 0 0 0 0 0 0 0 0 0 0 0
"69" 69 0.287179487179 33 2 1 1 0 0 0 0 0 0 0 0 0 0 0 0 0 0 0 0
"70" 70 0.0 36 1 0 0 0 0 0 0 0 0 0 0 0 0 0 0 0 0 0 0
"71" 71 0.632911392405 34 1 1 1 0 0 0 0 0 0 0 0 0 0 0 0 0 0 0 0
"72" 72 0.666666666667 35 1 1 0 0 0 0 0 0 0 0 0 0 0 0 0 0 0 0 0
"73" 73 0.06463878327 30 6 1 0 0 0 0 0 0 0 0 0 0 0 0 0 0 0 0 0
"74" 74 0.010152284264 32 3 2 0 0 0 0 0 0 0 0 0 0 0 0 0 0 0 0 0
"75" 75 0.591194968553 35 2 0 0 0 0 0 0 0 0 0 0 0 0 0 0 0 0 0 0
"76" 76 0.596153846154 35 1 1 0 0 0 0 0 0 0 0 0 0 0 0 0 0 0 0 0
"77" 77 0.0813953488372 35 1 1 0 0 0 0 0 0 0 0 0 0 0 0 0 0 0 0 0
"78" 78 0.46835443038 36 1 0 0 0 0 0 0 0 0 0 0 0 0 0 0 0 0 0 0
"79" 79 0.220183486239 37 0 0 0 0 0 0 0 0 0 0 0 0 0 0 0 0 0 0 0
"80" 80 0.756345177665 19 9 8 1 0 0 0 0 0 0 0 0 0 0 0 0 0 0 0 0
"81" 81 0.259414225941 37 0 0 0 0 0 0 0 0 0 0 0 0 0 0 0 0 0 0 0
"82" 82 0.666666666667 24 6 6 1 0 0 0 0 0 0 0 0 0 0 0 0 0 0 0 0
"83" 83 0.163461538462 35 1 1 0 0 0 0 0 0 0 0 0 0 0 0 0 0 0 0 0
"84" 84 0.010152284264 23 12 1 1 0 0 0 0 0 0 0 0 0 0 0 0 0 0 0 0
"85" 85 0.700421940928 37 0 0 0 0 0 0 0 0 0 0 0 0 0 0 0 0 0 0 0
"86" 86 0.556962025316 34 1 1 0 0 0 0 0 0 0 0 0 0 0 0 0 0 0 0 0
"87" 87 0.552742616034 14 7 5 4 2 1 1 0 0 0 0 0 0 0 0 0 0 0 0 0
"88" 88 0.403973509934 10 6 5 4 3 3 1 1 1 0 0 0 0 0 0 0 0 0 0 0
"89" 89 0.183035714286 22 12 1 0 0 0 0 0 0 0 0 0 0 0 0 0 0 0 0 0
"90" 90 0.113138686131 35 2 0 0 0 0 0 0 0 0 0 0 0 0 0 0 0 0 0 0
"91" 91 0.352678571429 16 9 3 3 2 2 1 1 0 0 0 0 0 0 0 0 0 0 0 0
"92" 92 0.165803108808 30 4 1 1 1 0 0 0 0 0 0 0 0 0 0 0 0 0 0 0
"93" 93 0.00497512437811 32 4 1 0 0 0 0 0 0 0 0 0 0 0 0 0 0 0 0 0
"94" 94 0.0203045685279 33 3 1 0 0 0 0 0 0 0 0 0 0 0 0 0 0 0 0 0
"95" 95 0.278481012658 21 7 2 2 1 1 0 0 0 0 0 0 0 0 0 0 0 0 0 0
"96" 96 0.110266159696 27 6 1 0 0 0 0 0 0 0 0 0 0 0 0 0 0 0 0 0
"97" 97 0.044776119403 27 3 2 1 0 0 0 0 0 0 0 0 0 0 0 0 0 0 0 0
"98" 98 0.354430379747 24 2 2 1 1 0 0 0 0 0 0 0 0 0 0 0 0 0 0 0
"99" 99 0.448430493274 10 7 4 4 1 1 1 0 0 0 0 0 0 0 0 0 0 0 0 0
"100" 100 0.131782945736 19 5 2 1 1 0 0 0 0 0 0 0 0 0 0 0 0 0 0 0
"101" 101 0.0 21 4 1 0 0 0 0 0 0 0 0 0 0 0 0 0 0 0 0 0
"102" 102 0.46357615894 9 6 2 1 0 0 0 0 0 0 0 0 0 0 0 0 0 0 0 0
"103" 103 0.801324503311 5 2 0 0 0 0 0 0 0 0 0 0 0 0 0 0 0 0 0 0
