"site" "RSA" "aa1" "aa2" "aa3" "aa4" "aa5" "aa6" "aa7" "aa8" "aa9" "aa10" "aa11" "aa12" "aa13" "aa14" "aa15" "aa16" "aa17" "aa18" "aa19" "aa20"
"0" 0 0.821705426357 290 85 49 29 27 13 7 0 0 0 0 0 0 0 0 0 0 0 0 0
"1" 1 0.789743589744 148 142 118 46 39 2 2 1 1 1 0 0 0 0 0 0 0 0 0 0
"2" 2 0.197674418605 160 123 80 43 29 23 21 9 5 4 2 1 0 0 0 0 0 0 0 0
"3" 3 0.0384615384615 500 0 0 0 0 0 0 0 0 0 0 0 0 0 0 0 0 0 0 0
"4" 4 0.211920529801 275 68 30 23 18 18 17 12 12 7 6 4 3 3 2 1 1 0 0 0
"5" 5 0.0 473 13 10 3 1 0 0 0 0 0 0 0 0 0 0 0 0 0 0 0
"6" 6 0.0114942528736 223 163 69 31 6 4 2 1 1 0 0 0 0 0 0 0 0 0 0 0
"7" 7 0.0298507462687 442 50 2 2 2 1 1 0 0 0 0 0 0 0 0 0 0 0 0 0
"8" 8 0.0 482 6 5 3 2 1 1 0 0 0 0 0 0 0 0 0 0 0 0 0
"9" 9 0.211678832117 308 124 46 6 4 3 3 3 1 1 1 0 0 0 0 0 0 0 0 0
"10" 10 0.0574162679426 471 14 8 4 3 0 0 0 0 0 0 0 0 0 0 0 0 0 0 0
"11" 11 0.0192307692308 497 3 0 0 0 0 0 0 0 0 0 0 0 0 0 0 0 0 0 0
"12" 12 0.321428571429 273 70 56 35 25 17 7 6 4 3 1 1 1 1 0 0 0 0 0 0
"13" 13 0.0 352 109 29 7 1 1 1 0 0 0 0 0 0 0 0 0 0 0 0 0
"14" 14 0.388601036269 118 112 67 39 32 31 21 18 17 13 11 7 7 4 2 1 0 0 0 0
"15" 15 0.13829787234 284 104 49 17 11 9 9 6 5 3 2 1 0 0 0 0 0 0 0 0
"16" 16 0.34358974359 188 128 75 43 38 20 2 2 1 1 1 1 0 0 0 0 0 0 0 0
"17" 17 0.441860465116 208 173 22 22 21 18 16 8 3 2 2 2 2 1 0 0 0 0 0 0
"18" 18 0.532338308458 226 66 56 49 27 22 21 14 12 4 2 1 0 0 0 0 0 0 0 0
"19" 19 0.307692307692 298 92 62 25 23 0 0 0 0 0 0 0 0 0 0 0 0 0 0 0
"20" 20 0.174129353234 222 163 53 26 8 8 8 6 3 2 1 0 0 0 0 0 0 0 0 0
"21" 21 0.00836820083682 218 129 110 12 11 8 6 2 2 1 1 0 0 0 0 0 0 0 0 0
"22" 22 0.0697674418605 211 149 70 55 8 3 3 1 0 0 0 0 0 0 0 0 0 0 0 0
"23" 23 0.00961538461538 500 0 0 0 0 0 0 0 0 0 0 0 0 0 0 0 0 0 0 0
"24" 24 0.00709219858156 328 150 11 10 1 0 0 0 0 0 0 0 0 0 0 0 0 0 0 0
"25" 25 0.114942528736 183 85 68 67 27 27 19 7 7 4 3 2 1 0 0 0 0 0 0 0
"26" 26 0.186528497409 444 32 10 6 3 3 1 1 0 0 0 0 0 0 0 0 0 0 0 0
"27" 27 0.0804597701149 158 108 87 81 24 16 14 9 2 1 0 0 0 0 0 0 0 0 0 0
"28" 28 0.163461538462 109 95 86 84 36 22 20 17 15 8 3 2 2 1 0 0 0 0 0 0
"29" 29 0.109452736318 499 1 0 0 0 0 0 0 0 0 0 0 0 0 0 0 0 0 0 0
"30" 30 0.104651162791 363 120 12 3 2 0 0 0 0 0 0 0 0 0 0 0 0 0 0 0
"31" 31 0.683937823834 270 110 52 21 21 13 4 4 3 2 0 0 0 0 0 0 0 0 0 0
"32" 32 0.502109704641 165 141 65 43 23 22 14 13 8 3 2 1 0 0 0 0 0 0 0 0
"33" 33 0.0 499 1 0 0 0 0 0 0 0 0 0 0 0 0 0 0 0 0 0 0
"34" 34 0.349775784753 331 79 51 12 11 10 2 2 1 1 0 0 0 0 0 0 0 0 0 0
"35" 35 0.418604651163 204 95 73 51 41 19 9 4 3 1 0 0 0 0 0 0 0 0 0 0
"36" 36 0.142857142857 216 99 58 41 33 15 10 7 7 4 2 2 2 2 1 1 0 0 0 0
"37" 37 0.0077519379845 423 77 0 0 0 0 0 0 0 0 0 0 0 0 0 0 0 0 0 0
"38" 38 0.310344827586 218 124 68 52 13 12 9 4 0 0 0 0 0 0 0 0 0 0 0 0
"39" 39 0.35401459854 226 157 73 21 9 4 4 3 3 0 0 0 0 0 0 0 0 0 0 0
"40" 40 0.0 339 156 3 1 1 0 0 0 0 0 0 0 0 0 0 0 0 0 0 0
"41" 41 0.0 500 0 0 0 0 0 0 0 0 0 0 0 0 0 0 0 0 0 0 0
"42" 42 0.339285714286 261 96 78 34 14 13 2 1 1 0 0 0 0 0 0 0 0 0 0 0
"43" 43 0.0547263681592 183 131 72 31 22 19 10 10 8 7 2 2 1 1 1 0 0 0 0 0
"44" 44 0.0152284263959 228 212 31 22 3 1 1 1 1 0 0 0 0 0 0 0 0 0 0 0
"45" 45 0.248062015504 198 179 53 33 22 4 4 3 2 1 1 0 0 0 0 0 0 0 0 0
"46" 46 0.526785714286 160 124 78 75 20 14 9 8 5 4 2 1 0 0 0 0 0 0 0 0
"47" 47 0.435406698565 213 144 49 46 30 9 4 3 2 0 0 0 0 0 0 0 0 0 0 0
"48" 48 0.683937823834 457 24 14 3 2 0 0 0 0 0 0 0 0 0 0 0 0 0 0 0
"49" 49 0.0646766169154 247 91 69 41 16 11 6 5 4 3 3 2 1 1 0 0 0 0 0 0
"50" 50 0.248756218905 235 125 86 11 10 10 8 7 3 2 1 1 1 0 0 0 0 0 0 0
"51" 51 0.0125786163522 426 30 26 9 9 0 0 0 0 0 0 0 0 0 0 0 0 0 0 0
"52" 52 0.316062176166 384 106 4 3 3 0 0 0 0 0 0 0 0 0 0 0 0 0 0 0
"53" 53 0.0287356321839 212 155 73 34 10 5 4 4 2 1 0 0 0 0 0 0 0 0 0 0
"54" 54 0.0248756218905 229 141 63 40 14 11 1 1 0 0 0 0 0 0 0 0 0 0 0 0
"55" 55 0.0304182509506 429 56 9 3 2 1 0 0 0 0 0 0 0 0 0 0 0 0 0 0
"56" 56 0.0 493 7 0 0 0 0 0 0 0 0 0 0 0 0 0 0 0 0 0 0
"57" 57 0.0 500 0 0 0 0 0 0 0 0 0 0 0 0 0 0 0 0 0 0 0
"58" 58 0.169154228856 139 134 88 81 35 16 6 1 0 0 0 0 0 0 0 0 0 0 0 0
"59" 59 0.0 215 153 95 14 10 9 2 1 1 0 0 0 0 0 0 0 0 0 0 0
"60" 60 0.467153284672 346 50 23 21 18 12 8 6 5 4 2 2 2 1 0 0 0 0 0 0
"61" 61 0.0182481751825 373 97 15 8 7 0 0 0 0 0 0 0 0 0 0 0 0 0 0 0
"62" 62 0.0 371 119 8 2 0 0 0 0 0 0 0 0 0 0 0 0 0 0 0 0
"63" 63 0.213197969543 244 107 86 53 3 3 2 2 0 0 0 0 0 0 0 0 0 0 0 0
"64" 64 0.279069767442 172 71 64 63 48 46 9 6 5 5 4 2 2 2 1 0 0 0 0 0
"65" 65 0.00581395348837 407 71 12 7 3 0 0 0 0 0 0 0 0 0 0 0 0 0 0 0
"66" 66 0.0 494 4 1 1 0 0 0 0 0 0 0 0 0 0 0 0 0 0 0 0
"67" 67 0.459330143541 165 71 53 43 39 37 32 29 27 2 1 1 0 0 0 0 0 0 0 0
"68" 68 0.1592039801 340 66 25 23 21 9 5 5 3 2 1 0 0 0 0 0 0 0 0 0
"69" 69 0.0077519379845 498 2 0 0 0 0 0 0 0 0 0 0 0 0 0 0 0 0 0 0
"70" 70 0.0348258706468 340 81 40 17 10 5 3 2 2 0 0 0 0 0 0 0 0 0 0 0
"71" 71 0.440414507772 207 120 100 33 16 8 7 3 3 2 1 0 0 0 0 0 0 0 0 0
"72" 72 0.271523178808 206 127 88 36 35 6 1 1 0 0 0 0 0 0 0 0 0 0 0 0
"73" 73 0.062015503876 461 14 12 7 4 1 1 0 0 0 0 0 0 0 0 0 0 0 0 0
"74" 74 0.632124352332 312 97 73 13 3 1 1 0 0 0 0 0 0 0 0 0 0 0 0 0
"75" 75 0.186131386861 458 14 11 4 4 3 2 2 1 1 0 0 0 0 0 0 0 0 0 0
"76" 76 0.34328358209 183 95 91 34 27 19 19 14 7 3 3 2 2 1 0 0 0 0 0 0
"77" 77 0.631205673759 184 106 77 46 21 19 14 14 8 8 3 0 0 0 0 0 0 0 0 0
"78" 78 0.0355329949239 272 92 33 33 27 20 7 6 5 4 1 0 0 0 0 0 0 0 0 0
"79" 79 0.408805031447 237 101 80 38 16 15 9 3 1 0 0 0 0 0 0 0 0 0 0 0
"80" 80 0.270114942529 133 98 88 56 40 37 15 12 10 8 2 1 0 0 0 0 0 0 0 0
"81" 81 0.514598540146 318 143 10 7 5 5 4 3 2 2 1 0 0 0 0 0 0 0 0 0
"82" 82 0.416058394161 360 30 29 25 17 15 6 5 5 4 2 2 0 0 0 0 0 0 0 0
"83" 83 0.0860927152318 326 169 3 1 1 0 0 0 0 0 0 0 0 0 0 0 0 0 0 0
"84" 84 0.156028368794 451 20 16 4 4 2 1 1 1 0 0 0 0 0 0 0 0 0 0 0
"85" 85 0.266423357664 410 56 31 1 1 1 0 0 0 0 0 0 0 0 0 0 0 0 0 0
"86" 86 0.00497512437811 402 37 21 10 9 8 5 4 4 0 0 0 0 0 0 0 0 0 0 0
"87" 87 0.0 298 119 60 17 4 2 0 0 0 0 0 0 0 0 0 0 0 0 0 0
"88" 88 0.0982142857143 160 121 97 84 37 1 0 0 0 0 0 0 0 0 0 0 0 0 0 0
"89" 89 0.0182481751825 439 49 9 2 1 0 0 0 0 0 0 0 0 0 0 0 0 0 0 0
"90" 90 0.00956937799043 500 0 0 0 0 0 0 0 0 0 0 0 0 0 0 0 0 0 0 0
"91" 91 0.06463878327 320 87 21 21 19 16 6 6 2 1 1 0 0 0 0 0 0 0 0 0
"92" 92 0.0 500 0 0 0 0 0 0 0 0 0 0 0 0 0 0 0 0 0 0 0
"93" 93 0.302325581395 264 180 17 13 10 8 6 2 0 0 0 0 0 0 0 0 0 0 0 0
"94" 94 0.0298507462687 145 133 127 25 23 18 11 7 4 4 2 1 0 0 0 0 0 0 0 0
"95" 95 0.00896860986547 478 18 3 1 0 0 0 0 0 0 0 0 0 0 0 0 0 0 0 0
"96" 96 0.144230769231 500 0 0 0 0 0 0 0 0 0 0 0 0 0 0 0 0 0 0 0
"97" 97 0.313432835821 171 113 78 54 42 30 5 2 2 1 1 1 0 0 0 0 0 0 0 0
"98" 98 0.227979274611 171 154 65 35 25 17 13 5 5 4 3 2 1 0 0 0 0 0 0 0
"99" 99 0.160337552743 266 64 55 52 50 7 3 2 1 0 0 0 0 0 0 0 0 0 0 0
"100" 100 0.434108527132 252 145 68 9 7 6 5 3 3 1 1 0 0 0 0 0 0 0 0 0
"101" 101 0.678571428571 272 70 62 39 19 18 6 4 3 3 2 1 1 0 0 0 0 0 0 0
"102" 102 0.046511627907 192 83 52 34 30 25 20 15 15 12 7 6 4 3 2 0 0 0 0 0
"103" 103 0.42194092827 441 40 13 3 2 1 0 0 0 0 0 0 0 0 0 0 0 0 0 0
"104" 104 0.682170542636 181 107 86 54 25 12 12 10 4 3 2 2 1 1 0 0 0 0 0 0
"105" 105 0.693430656934 205 129 59 40 39 14 7 6 1 0 0 0 0 0 0 0 0 0 0 0
"106" 106 0.38783269962 92 83 73 70 54 38 31 29 14 4 4 3 3 2 0 0 0 0 0 0
"107" 107 0.269230769231 500 0 0 0 0 0 0 0 0 0 0 0 0 0 0 0 0 0 0 0
"108" 108 0.625 382 51 24 12 8 7 6 5 4 1 0 0 0 0 0 0 0 0 0 0
"109" 109 0.6875 191 101 86 47 42 10 8 7 3 3 2 0 0 0 0 0 0 0 0 0
"110" 110 0.345291479821 156 82 61 58 36 25 22 17 15 10 8 5 4 1 0 0 0 0 0 0
"111" 111 0.108786610879 367 78 26 13 10 4 2 0 0 0 0 0 0 0 0 0 0 0 0 0
"112" 112 0.426605504587 248 114 39 30 27 11 10 9 8 4 0 0 0 0 0 0 0 0 0 0
"113" 113 0.31007751938 238 87 77 32 26 13 8 5 4 4 4 2 0 0 0 0 0 0 0 0
"114" 114 0.0709219858156 122 102 84 67 46 29 18 8 6 5 3 3 3 2 2 0 0 0 0 0
"115" 115 0.153284671533 274 71 45 36 35 20 9 9 1 0 0 0 0 0 0 0 0 0 0 0
"116" 116 0.120437956204 136 120 77 66 63 22 5 4 3 2 2 0 0 0 0 0 0 0 0 0
"117" 117 0.23178807947 190 143 63 41 28 13 11 6 5 0 0 0 0 0 0 0 0 0 0 0
"118" 118 0.106463878327 254 88 71 56 17 4 3 2 2 1 1 1 0 0 0 0 0 0 0 0
"119" 119 0.538860103627 178 87 56 50 50 35 18 14 8 3 1 0 0 0 0 0 0 0 0 0
"120" 120 0.529069767442 350 92 29 11 5 4 4 2 2 1 0 0 0 0 0 0 0 0 0 0
"121" 121 0.276729559748 487 11 2 0 0 0 0 0 0 0 0 0 0 0 0 0 0 0 0 0
"122" 122 0.0125786163522 391 91 9 4 4 1 0 0 0 0 0 0 0 0 0 0 0 0 0 0
"123" 123 0.345911949686 164 161 89 58 22 4 2 0 0 0 0 0 0 0 0 0 0 0 0 0
"124" 124 0.534591194969 357 81 26 11 10 10 3 2 0 0 0 0 0 0 0 0 0 0 0 0
"125" 125 0.0456852791878 209 197 59 23 7 2 2 1 0 0 0 0 0 0 0 0 0 0 0 0
"126" 126 0.65625 229 170 51 22 10 6 4 4 2 1 1 0 0 0 0 0 0 0 0 0
"127" 127 0.518248175182 151 123 51 43 37 30 25 22 7 6 2 2 1 0 0 0 0 0 0 0
"128" 128 0.615384615385 500 0 0 0 0 0 0 0 0 0 0 0 0 0 0 0 0 0 0 0
"129" 129 0.198675496689 386 46 33 24 9 2 0 0 0 0 0 0 0 0 0 0 0 0 0 0
"130" 130 0.744394618834 244 96 59 31 28 24 9 5 2 1 1 0 0 0 0 0 0 0 0 0
"131" 131 0.255230125523 374 104 9 4 3 2 2 1 1 0 0 0 0 0 0 0 0 0 0 0
"132" 132 0.0993377483444 380 70 41 8 1 0 0 0 0 0 0 0 0 0 0 0 0 0 0 0
"133" 133 0.0582959641256 155 94 91 67 37 11 10 10 9 8 5 3 0 0 0 0 0 0 0 0
"134" 134 0.181347150259 138 82 57 56 53 34 28 21 17 4 3 3 1 1 1 1 0 0 0 0
"135" 135 0.62015503876 185 79 65 55 35 25 20 20 13 3 0 0 0 0 0 0 0 0 0 0
"136" 136 0.284974093264 224 85 65 44 28 24 13 5 4 3 2 2 1 0 0 0 0 0 0 0
"137" 137 0.704402515723 192 109 99 89 6 4 1 0 0 0 0 0 0 0 0 0 0 0 0 0
"138" 138 0.419708029197 228 164 55 21 20 5 4 3 0 0 0 0 0 0 0 0 0 0 0 0
"139" 139 0.00760456273764 301 128 50 17 3 1 0 0 0 0 0 0 0 0 0 0 0 0 0 0
"140" 140 0.472868217054 297 112 59 12 6 5 5 1 1 1 1 0 0 0 0 0 0 0 0 0
"141" 141 0.870466321244 245 74 53 46 33 24 14 5 3 3 0 0 0 0 0 0 0 0 0 0
"142" 142 0.284263959391 454 12 11 7 5 4 2 2 1 1 1 0 0 0 0 0 0 0 0 0
"143" 143 0.586538461538 498 2 0 0 0 0 0 0 0 0 0 0 0 0 0 0 0 0 0 0
"144" 144 0.0384615384615 500 0 0 0 0 0 0 0 0 0 0 0 0 0 0 0 0 0 0 0
"145" 145 0.153846153846 500 0 0 0 0 0 0 0 0 0 0 0 0 0 0 0 0 0 0 0
"146" 146 0.245283018868 131 122 77 44 31 29 24 18 9 6 5 2 1 1 0 0 0 0 0 0
"147" 147 0.174129353234 327 90 47 16 7 4 3 2 2 1 1 0 0 0 0 0 0 0 0 0
"148" 148 0.145348837209 402 89 4 3 1 1 0 0 0 0 0 0 0 0 0 0 0 0 0 0
"149" 149 0.0223214285714 241 84 83 52 26 14 0 0 0 0 0 0 0 0 0 0 0 0 0 0
"150" 150 0.0126582278481 496 4 0 0 0 0 0 0 0 0 0 0 0 0 0 0 0 0 0 0
"151" 151 0.0199004975124 335 84 28 25 19 3 2 2 1 1 0 0 0 0 0 0 0 0 0 0
"152" 152 0.147286821705 336 75 25 19 11 8 7 6 6 5 1 1 0 0 0 0 0 0 0 0
"153" 153 0.336787564767 467 25 3 2 1 1 1 0 0 0 0 0 0 0 0 0 0 0 0 0
"154" 154 0.0 425 31 16 13 7 3 2 1 1 1 0 0 0 0 0 0 0 0 0 0
"155" 155 0.183908045977 172 128 49 41 32 24 22 13 11 3 2 2 1 0 0 0 0 0 0 0
"156" 156 0.550387596899 244 122 103 10 7 7 6 1 0 0 0 0 0 0 0 0 0 0 0 0
"157" 157 0.0547445255474 200 84 66 52 34 24 24 12 2 1 1 0 0 0 0 0 0 0 0 0
"158" 158 0.0167364016736 422 52 15 11 0 0 0 0 0 0 0 0 0 0 0 0 0 0 0 0
"159" 159 0.238805970149 374 31 29 21 11 7 7 6 6 5 1 1 1 0 0 0 0 0 0 0
"160" 160 0.352201257862 422 39 16 7 6 6 2 1 1 0 0 0 0 0 0 0 0 0 0 0
"161" 161 0.121673003802 362 117 8 6 4 1 1 1 0 0 0 0 0 0 0 0 0 0 0 0
"162" 162 0.00836820083682 396 49 29 11 5 5 2 1 1 1 0 0 0 0 0 0 0 0 0 0
"163" 163 0.348837209302 152 88 75 64 36 31 19 10 9 6 3 3 2 1 1 0 0 0 0 0
"164" 164 0.694300518135 348 75 24 20 12 12 5 3 1 0 0 0 0 0 0 0 0 0 0 0
"165" 165 0.316091954023 258 129 96 6 3 3 2 1 1 1 0 0 0 0 0 0 0 0 0 0
"166" 166 0.0 459 29 8 2 1 1 0 0 0 0 0 0 0 0 0 0 0 0 0 0
"167" 167 0.103448275862 159 84 67 58 45 33 23 18 6 2 2 1 1 1 0 0 0 0 0 0
"168" 168 0.375 198 104 80 40 28 20 11 10 3 3 2 1 0 0 0 0 0 0 0 0
"169" 169 0.139896373057 204 72 65 58 35 21 20 8 7 4 4 1 1 0 0 0 0 0 0 0
"170" 170 0.0 486 5 4 2 2 1 0 0 0 0 0 0 0 0 0 0 0 0 0 0
"171" 171 0.405109489051 154 124 91 28 25 19 15 12 12 8 4 3 2 2 1 0 0 0 0 0
"172" 172 0.494252873563 154 105 77 71 44 14 12 7 7 6 1 1 1 0 0 0 0 0 0 0
"173" 173 0.278846153846 500 0 0 0 0 0 0 0 0 0 0 0 0 0 0 0 0 0 0 0
"174" 174 0.345991561181 141 133 99 75 31 12 4 2 2 1 0 0 0 0 0 0 0 0 0 0
"175" 175 0.133720930233 387 36 25 22 11 7 6 3 2 1 0 0 0 0 0 0 0 0 0 0
"176" 176 0.0 471 22 6 1 0 0 0 0 0 0 0 0 0 0 0 0 0 0 0 0
"177" 177 0.00497512437811 493 4 2 1 0 0 0 0 0 0 0 0 0 0 0 0 0 0 0 0
"178" 178 0.0 466 18 9 3 2 2 0 0 0 0 0 0 0 0 0 0 0 0 0 0
"179" 179 0.0 493 4 2 1 0 0 0 0 0 0 0 0 0 0 0 0 0 0 0 0
"180" 180 0.0077519379845 325 169 6 0 0 0 0 0 0 0 0 0 0 0 0 0 0 0 0 0
"181" 181 0.0 485 15 0 0 0 0 0 0 0 0 0 0 0 0 0 0 0 0 0 0
"182" 182 0.0288461538462 190 113 89 51 30 15 10 1 1 0 0 0 0 0 0 0 0 0 0 0
"183" 183 0.0615384615385 208 158 63 40 11 9 6 2 2 1 0 0 0 0 0 0 0 0 0 0
"184" 184 0.00662251655629 397 96 5 2 0 0 0 0 0 0 0 0 0 0 0 0 0 0 0 0
"185" 185 0.0248756218905 483 14 1 1 1 0 0 0 0 0 0 0 0 0 0 0 0 0 0 0
"186" 186 0.014598540146 123 103 98 95 19 19 12 9 8 8 3 2 1 0 0 0 0 0 0 0
"187" 187 0.0077519379845 486 14 0 0 0 0 0 0 0 0 0 0 0 0 0 0 0 0 0 0
"188" 188 0.0 390 92 12 5 1 0 0 0 0 0 0 0 0 0 0 0 0 0 0 0
"189" 189 0.0172413793103 176 91 53 41 37 27 24 20 15 6 3 2 2 2 1 0 0 0 0 0
"190" 190 0.118143459916 197 137 107 27 10 7 5 4 2 2 1 1 0 0 0 0 0 0 0 0
"191" 191 0.296650717703 189 132 41 30 26 22 19 14 7 6 5 3 3 2 1 0 0 0 0 0
"192" 192 0.0547263681592 455 30 11 4 0 0 0 0 0 0 0 0 0 0 0 0 0 0 0 0
"193" 193 0.0414507772021 349 79 34 19 6 5 3 2 2 1 0 0 0 0 0 0 0 0 0 0
"194" 194 0.636771300448 274 108 82 18 9 4 3 1 1 0 0 0 0 0 0 0 0 0 0 0
"195" 195 0.0871559633028 377 52 34 20 11 3 2 1 0 0 0 0 0 0 0 0 0 0 0 0
"196" 196 0.390728476821 414 27 17 14 7 7 6 5 3 0 0 0 0 0 0 0 0 0 0 0
"197" 197 0.326424870466 271 123 49 14 13 11 8 5 3 1 1 1 0 0 0 0 0 0 0 0
"198" 198 0.766839378238 392 47 38 12 7 3 1 0 0 0 0 0 0 0 0 0 0 0 0 0
"199" 199 0.441964285714 137 108 87 80 42 30 6 2 2 2 2 1 1 0 0 0 0 0 0 0
"200" 200 0.0 311 82 77 28 2 0 0 0 0 0 0 0 0 0 0 0 0 0 0 0
"201" 201 0.275862068966 283 99 58 28 15 7 3 3 2 1 1 0 0 0 0 0 0 0 0 0
"202" 202 0.509615384615 238 144 51 24 10 10 9 6 6 1 1 0 0 0 0 0 0 0 0 0
"203" 203 0.203980099502 121 115 64 45 40 36 21 16 15 6 6 6 3 3 2 1 0 0 0 0
"204" 204 0.292307692308 133 116 109 50 29 24 11 9 7 5 4 3 0 0 0 0 0 0 0 0
"205" 205 0.0507614213198 239 102 81 44 21 4 4 2 1 1 1 0 0 0 0 0 0 0 0 0
"206" 206 0.0062893081761 256 150 87 7 0 0 0 0 0 0 0 0 0 0 0 0 0 0 0 0
"207" 207 0.273255813953 191 124 93 29 22 11 10 9 8 2 1 0 0 0 0 0 0 0 0 0
"208" 208 0.0480769230769 500 0 0 0 0 0 0 0 0 0 0 0 0 0 0 0 0 0 0 0
"209" 209 0.0812182741117 338 138 17 2 2 2 1 0 0 0 0 0 0 0 0 0 0 0 0 0
"210" 210 0.0 496 2 1 1 0 0 0 0 0 0 0 0 0 0 0 0 0 0 0 0
"211" 211 0.0248756218905 334 42 33 25 25 22 13 4 1 1 0 0 0 0 0 0 0 0 0 0
"212" 212 0.197080291971 253 118 32 30 30 14 6 6 3 2 2 2 2 0 0 0 0 0 0 0
"213" 213 0.00380228136882 304 103 66 26 1 0 0 0 0 0 0 0 0 0 0 0 0 0 0 0
"214" 214 0.227979274611 147 129 106 57 27 11 10 6 3 2 1 1 0 0 0 0 0 0 0 0
"215" 215 0.0646766169154 466 28 4 1 1 0 0 0 0 0 0 0 0 0 0 0 0 0 0 0
"216" 216 0.217616580311 498 1 1 0 0 0 0 0 0 0 0 0 0 0 0 0 0 0 0 0
"217" 217 0.543046357616 122 104 96 72 65 22 8 3 2 2 2 1 1 0 0 0 0 0 0 0
"218" 218 0.372093023256 487 6 3 2 1 1 0 0 0 0 0 0 0 0 0 0 0 0 0 0
"219" 219 0.0963302752294 165 161 132 11 11 8 5 2 2 1 1 1 0 0 0 0 0 0 0 0
"220" 220 0.558394160584 155 109 81 53 43 18 16 9 8 4 2 1 1 0 0 0 0 0 0 0
"221" 221 0.163522012579 476 18 3 2 1 0 0 0 0 0 0 0 0 0 0 0 0 0 0 0
"222" 222 0.567164179104 285 200 10 2 1 1 1 0 0 0 0 0 0 0 0 0 0 0 0 0
"223" 223 0.344827586207 232 154 46 30 28 4 2 1 1 1 1 0 0 0 0 0 0 0 0 0
"224" 224 0.518248175182 99 91 55 54 44 41 36 33 19 10 6 6 2 2 1 1 0 0 0 0
"225" 225 0.278846153846 499 1 0 0 0 0 0 0 0 0 0 0 0 0 0 0 0 0 0 0
"226" 226 0.125 500 0 0 0 0 0 0 0 0 0 0 0 0 0 0 0 0 0 0 0
"227" 227 0.273255813953 189 77 49 37 34 28 24 18 14 11 7 7 3 2 0 0 0 0 0 0
"228" 228 0.167300380228 276 147 39 20 18 0 0 0 0 0 0 0 0 0 0 0 0 0 0 0
"229" 229 0.0547263681592 339 57 30 26 25 7 5 3 3 2 1 1 1 0 0 0 0 0 0 0
"230" 230 0.295336787565 256 100 73 38 14 6 5 4 3 1 0 0 0 0 0 0 0 0 0 0
"231" 231 0.547169811321 180 108 50 43 42 41 14 6 4 4 3 3 2 0 0 0 0 0 0 0
"232" 232 0.325892857143 194 78 69 42 37 28 26 8 6 5 3 3 1 0 0 0 0 0 0 0
"233" 233 0.271317829457 126 114 104 76 34 23 9 5 5 2 1 1 0 0 0 0 0 0 0 0
"234" 234 0.0387596899225 334 129 13 12 5 5 1 1 0 0 0 0 0 0 0 0 0 0 0 0
"235" 235 0.542635658915 168 73 62 44 43 28 21 20 17 12 11 1 0 0 0 0 0 0 0 0
"236" 236 0.480620155039 160 126 78 57 46 10 7 4 3 3 2 2 1 1 0 0 0 0 0 0
"237" 237 0.125 191 111 48 31 30 23 21 18 8 6 5 3 2 2 1 0 0 0 0 0
"238" 238 0.240310077519 128 110 66 44 40 26 20 18 15 10 8 6 5 2 1 1 0 0 0 0
"239" 239 0.558139534884 210 133 64 35 21 12 10 6 4 2 1 1 1 0 0 0 0 0 0 0
"240" 240 0.635658914729 127 113 64 49 40 38 27 20 13 4 4 1 0 0 0 0 0 0 0 0
"241" 241 0.298850574713 127 68 68 44 40 34 33 32 25 17 7 2 2 1 0 0 0 0 0 0
"242" 242 0.899224806202 245 108 56 54 36 1 0 0 0 0 0 0 0 0 0 0 0 0 0 0
