"site" "RSA" "aa1" "aa2" "aa3" "aa4" "aa5" "aa6" "aa7" "aa8" "aa9" "aa10" "aa11" "aa12" "aa13" "aa14" "aa15" "aa16" "aa17" "aa18" "aa19" "aa20"
"0" 0 0.459770114943 96 86 76 56 55 48 25 17 16 16 5 2 2 0 0 0 0 0 0 0
"1" 1 0.219730941704 122 86 64 55 52 51 38 11 9 8 2 1 1 0 0 0 0 0 0 0
"2" 2 0.0 494 4 1 1 0 0 0 0 0 0 0 0 0 0 0 0 0 0 0 0
"3" 3 0.218390804598 167 126 61 49 25 25 24 14 3 3 1 1 1 0 0 0 0 0 0 0
"4" 4 0.0 495 5 0 0 0 0 0 0 0 0 0 0 0 0 0 0 0 0 0 0
"5" 5 0.396551724138 120 87 82 79 57 27 23 15 5 4 1 0 0 0 0 0 0 0 0 0
"6" 6 0.0 427 54 16 1 1 1 0 0 0 0 0 0 0 0 0 0 0 0 0 0
"7" 7 0.590717299578 268 158 42 12 10 10 0 0 0 0 0 0 0 0 0 0 0 0 0 0
"8" 8 0.375 500 0 0 0 0 0 0 0 0 0 0 0 0 0 0 0 0 0 0 0
"9" 9 0.922279792746 202 168 89 39 1 1 0 0 0 0 0 0 0 0 0 0 0 0 0 0
"10" 10 0.503875968992 189 114 70 33 27 15 15 13 10 7 7 0 0 0 0 0 0 0 0 0
"11" 11 0.576923076923 499 1 0 0 0 0 0 0 0 0 0 0 0 0 0 0 0 0 0 0
"12" 12 0.0574712643678 305 107 25 16 16 15 7 5 2 1 1 0 0 0 0 0 0 0 0 0
"13" 13 0.397350993377 293 75 42 23 20 17 13 8 8 1 0 0 0 0 0 0 0 0 0 0
"14" 14 0.144230769231 500 0 0 0 0 0 0 0 0 0 0 0 0 0 0 0 0 0 0 0
"15" 15 0.35632183908 154 103 83 74 41 10 10 6 6 4 4 3 2 0 0 0 0 0 0 0
"16" 16 0.0 421 46 12 11 8 1 1 0 0 0 0 0 0 0 0 0 0 0 0 0
"17" 17 0.261603375527 184 116 62 49 48 24 7 5 4 1 0 0 0 0 0 0 0 0 0 0
"18" 18 0.00418410041841 332 162 5 1 0 0 0 0 0 0 0 0 0 0 0 0 0 0 0 0
"19" 19 0.446428571429 172 101 89 65 32 18 10 3 3 3 2 1 1 0 0 0 0 0 0 0
"20" 20 0.0 417 80 3 0 0 0 0 0 0 0 0 0 0 0 0 0 0 0 0 0
"21" 21 0.589147286822 219 117 68 40 29 11 10 2 2 1 1 0 0 0 0 0 0 0 0 0
"22" 22 0.35761589404 170 158 50 42 32 16 11 9 8 3 1 0 0 0 0 0 0 0 0 0
"23" 23 0.410714285714 404 56 13 12 9 3 2 1 0 0 0 0 0 0 0 0 0 0 0 0
"24" 24 0.695364238411 167 112 105 63 41 7 5 0 0 0 0 0 0 0 0 0 0 0 0 0
"25" 25 0.258928571429 138 136 61 60 24 23 18 13 9 9 6 2 1 0 0 0 0 0 0 0
"26" 26 0.308176100629 289 149 26 10 10 9 3 3 1 0 0 0 0 0 0 0 0 0 0 0
"27" 27 0.0 500 0 0 0 0 0 0 0 0 0 0 0 0 0 0 0 0 0 0 0
"28" 28 0.151162790698 186 162 70 48 15 7 6 2 2 1 1 0 0 0 0 0 0 0 0 0
"29" 29 0.0 262 209 14 11 1 1 1 1 0 0 0 0 0 0 0 0 0 0 0 0
"30" 30 0.298013245033 168 109 79 53 40 38 7 4 1 1 0 0 0 0 0 0 0 0 0 0
"31" 31 0.12927756654 403 97 0 0 0 0 0 0 0 0 0 0 0 0 0 0 0 0 0 0
"32" 32 0.446428571429 173 149 50 46 38 18 13 10 3 0 0 0 0 0 0 0 0 0 0 0
"33" 33 0.00507614213198 285 169 33 6 4 3 0 0 0 0 0 0 0 0 0 0 0 0 0 0
"34" 34 0.317829457364 108 107 75 64 36 35 24 17 9 6 6 6 4 3 0 0 0 0 0 0
"35" 35 0.413461538462 500 0 0 0 0 0 0 0 0 0 0 0 0 0 0 0 0 0 0 0
"36" 36 0.102564102564 430 40 23 4 2 1 0 0 0 0 0 0 0 0 0 0 0 0 0 0
"37" 37 0.377483443709 193 124 108 41 19 7 4 3 1 0 0 0 0 0 0 0 0 0 0 0
"38" 38 0.465408805031 249 235 16 0 0 0 0 0 0 0 0 0 0 0 0 0 0 0 0 0
"39" 39 0.594871794872 386 35 31 25 14 7 2 0 0 0 0 0 0 0 0 0 0 0 0 0
"40" 40 0.170542635659 416 43 40 1 0 0 0 0 0 0 0 0 0 0 0 0 0 0 0 0
"41" 41 0.330357142857 354 73 66 3 2 2 0 0 0 0 0 0 0 0 0 0 0 0 0 0
"42" 42 0.153284671533 435 44 16 3 2 0 0 0 0 0 0 0 0 0 0 0 0 0 0 0
"43" 43 0.0 498 1 1 0 0 0 0 0 0 0 0 0 0 0 0 0 0 0 0 0
"44" 44 0.0 431 35 20 5 4 2 2 1 0 0 0 0 0 0 0 0 0 0 0 0
"45" 45 0.0 495 3 2 0 0 0 0 0 0 0 0 0 0 0 0 0 0 0 0 0
"46" 46 0.0 306 88 60 15 15 13 2 1 0 0 0 0 0 0 0 0 0 0 0 0
"47" 47 0.0 168 118 76 60 35 34 4 4 1 0 0 0 0 0 0 0 0 0 0 0
"48" 48 0.321428571429 446 17 17 10 5 3 1 1 0 0 0 0 0 0 0 0 0 0 0 0
"49" 49 0.393305439331 336 128 27 4 4 1 0 0 0 0 0 0 0 0 0 0 0 0 0 0
"50" 50 0.298076923077 500 0 0 0 0 0 0 0 0 0 0 0 0 0 0 0 0 0 0 0
"51" 51 0.341968911917 270 188 21 11 8 2 0 0 0 0 0 0 0 0 0 0 0 0 0 0
"52" 52 0.53488372093 231 202 56 8 2 1 0 0 0 0 0 0 0 0 0 0 0 0 0 0
"53" 53 0.720930232558 183 145 47 28 27 21 20 19 5 3 2 0 0 0 0 0 0 0 0 0
"54" 54 0.54358974359 256 172 66 6 0 0 0 0 0 0 0 0 0 0 0 0 0 0 0 0
"55" 55 0.480769230769 500 0 0 0 0 0 0 0 0 0 0 0 0 0 0 0 0 0 0 0
"56" 56 0.0886075949367 500 0 0 0 0 0 0 0 0 0 0 0 0 0 0 0 0 0 0 0
"57" 57 0.563218390805 243 188 53 4 4 4 2 1 1 0 0 0 0 0 0 0 0 0 0 0
"58" 58 0.145695364238 315 180 3 1 1 0 0 0 0 0 0 0 0 0 0 0 0 0 0 0
"59" 59 0.0077519379845 206 124 109 56 5 0 0 0 0 0 0 0 0 0 0 0 0 0 0 0
"60" 60 0.153846153846 500 0 0 0 0 0 0 0 0 0 0 0 0 0 0 0 0 0 0 0
"61" 61 0.465408805031 400 89 5 3 1 1 1 0 0 0 0 0 0 0 0 0 0 0 0 0
"62" 62 0.0478468899522 405 54 23 10 3 3 2 0 0 0 0 0 0 0 0 0 0 0 0 0
"63" 63 0.0376569037657 255 167 38 12 12 9 5 1 1 0 0 0 0 0 0 0 0 0 0 0
"64" 64 0.230769230769 170 125 65 42 39 23 22 14 0 0 0 0 0 0 0 0 0 0 0 0
"65" 65 0.327044025157 328 66 24 19 19 17 11 7 4 2 1 1 1 0 0 0 0 0 0 0
"66" 66 0.523012552301 118 117 103 95 38 9 7 5 5 3 0 0 0 0 0 0 0 0 0 0
"67" 67 0.784810126582 386 87 25 2 0 0 0 0 0 0 0 0 0 0 0 0 0 0 0 0
"68" 68 0.37552742616 214 197 45 32 12 0 0 0 0 0 0 0 0 0 0 0 0 0 0 0
"69" 69 0.348837209302 245 188 21 16 10 7 5 4 3 1 0 0 0 0 0 0 0 0 0 0
"70" 70 0.0191387559809 500 0 0 0 0 0 0 0 0 0 0 0 0 0 0 0 0 0 0 0
"71" 71 0.00961538461538 500 0 0 0 0 0 0 0 0 0 0 0 0 0 0 0 0 0 0 0
"72" 72 0.062015503876 367 55 37 29 11 1 0 0 0 0 0 0 0 0 0 0 0 0 0 0
"73" 73 0.276729559748 185 174 66 24 24 13 9 2 2 1 0 0 0 0 0 0 0 0 0 0
"74" 74 0.78488372093 270 133 35 27 26 6 3 0 0 0 0 0 0 0 0 0 0 0 0 0
"75" 75 0.305699481865 352 127 21 0 0 0 0 0 0 0 0 0 0 0 0 0 0 0 0 0
"76" 76 0.763392857143 261 205 28 3 2 1 0 0 0 0 0 0 0 0 0 0 0 0 0 0
"77" 77 0.373563218391 275 104 47 36 33 4 1 0 0 0 0 0 0 0 0 0 0 0 0 0
"78" 78 0.0547445255474 455 20 15 5 5 0 0 0 0 0 0 0 0 0 0 0 0 0 0 0
"79" 79 0.0478468899522 439 26 21 6 5 2 1 0 0 0 0 0 0 0 0 0 0 0 0 0
"80" 80 0.0172413793103 163 130 75 40 29 19 18 8 7 6 5 0 0 0 0 0 0 0 0 0
"81" 81 0.0 500 0 0 0 0 0 0 0 0 0 0 0 0 0 0 0 0 0 0 0
"82" 82 0.0 498 2 0 0 0 0 0 0 0 0 0 0 0 0 0 0 0 0 0 0
"83" 83 0.045871559633 258 238 1 1 1 1 0 0 0 0 0 0 0 0 0 0 0 0 0 0
"84" 84 0.0288461538462 500 0 0 0 0 0 0 0 0 0 0 0 0 0 0 0 0 0 0 0
"85" 85 0.169230769231 299 118 30 24 11 10 7 1 0 0 0 0 0 0 0 0 0 0 0 0
"86" 86 0.0114942528736 252 195 20 10 9 8 2 2 1 1 0 0 0 0 0 0 0 0 0 0
"87" 87 0.649789029536 472 18 3 3 2 2 0 0 0 0 0 0 0 0 0 0 0 0 0 0
"88" 88 0.046511627907 361 139 0 0 0 0 0 0 0 0 0 0 0 0 0 0 0 0 0 0
"89" 89 0.300518134715 499 1 0 0 0 0 0 0 0 0 0 0 0 0 0 0 0 0 0 0
"90" 90 0.607142857143 469 21 5 2 1 1 1 0 0 0 0 0 0 0 0 0 0 0 0 0
"91" 91 0.676923076923 339 72 31 26 17 7 6 1 1 0 0 0 0 0 0 0 0 0 0 0
"92" 92 0.0 500 0 0 0 0 0 0 0 0 0 0 0 0 0 0 0 0 0 0 0
"93" 93 0.235632183908 201 85 79 66 37 20 6 3 2 1 0 0 0 0 0 0 0 0 0 0
"94" 94 0.0 388 112 0 0 0 0 0 0 0 0 0 0 0 0 0 0 0 0 0 0
"95" 95 0.637130801688 238 124 61 47 24 5 1 0 0 0 0 0 0 0 0 0 0 0 0 0
"96" 96 0.259615384615 500 0 0 0 0 0 0 0 0 0 0 0 0 0 0 0 0 0 0 0
"97" 97 0.456953642384 251 116 80 14 13 8 8 3 3 2 1 1 0 0 0 0 0 0 0 0
"98" 98 0.221757322176 383 37 32 18 15 5 4 3 1 1 1 0 0 0 0 0 0 0 0 0
"99" 99 0.594936708861 157 137 79 55 18 18 14 13 5 2 1 1 0 0 0 0 0 0 0 0
"100" 100 0.0621761658031 235 121 90 21 11 6 4 4 3 2 1 1 1 0 0 0 0 0 0 0
"101" 101 0.53642384106 418 68 9 3 1 1 0 0 0 0 0 0 0 0 0 0 0 0 0 0
"102" 102 0.298507462687 417 27 19 16 9 6 3 2 1 0 0 0 0 0 0 0 0 0 0 0
"103" 103 0.0 148 138 129 56 14 14 1 0 0 0 0 0 0 0 0 0 0 0 0 0
"104" 104 0.151898734177 329 118 38 12 3 0 0 0 0 0 0 0 0 0 0 0 0 0 0 0
"105" 105 0.044776119403 500 0 0 0 0 0 0 0 0 0 0 0 0 0 0 0 0 0 0 0
"106" 106 0.238578680203 230 102 62 48 22 14 10 6 4 2 0 0 0 0 0 0 0 0 0 0
"107" 107 0.317307692308 500 0 0 0 0 0 0 0 0 0 0 0 0 0 0 0 0 0 0 0
"108" 108 0.74213836478 411 38 27 12 12 0 0 0 0 0 0 0 0 0 0 0 0 0 0 0
"109" 109 0.122093023256 277 87 48 22 17 15 8 7 7 5 2 2 2 1 0 0 0 0 0 0
"110" 110 0.172185430464 256 230 5 5 2 1 1 0 0 0 0 0 0 0 0 0 0 0 0 0
"111" 111 0.0 239 184 52 11 4 4 3 2 1 0 0 0 0 0 0 0 0 0 0 0
"112" 112 0.252873563218 266 194 19 13 3 2 1 1 1 0 0 0 0 0 0 0 0 0 0 0
"113" 113 0.403846153846 500 0 0 0 0 0 0 0 0 0 0 0 0 0 0 0 0 0 0 0
"114" 114 0.20802919708 204 163 43 29 20 17 13 8 1 1 1 0 0 0 0 0 0 0 0 0
"115" 115 0.0264900662252 305 193 1 1 0 0 0 0 0 0 0 0 0 0 0 0 0 0 0 0
"116" 116 0.0 388 33 25 18 15 10 5 3 2 1 0 0 0 0 0 0 0 0 0 0
"117" 117 0.0 142 122 117 94 21 3 1 0 0 0 0 0 0 0 0 0 0 0 0 0
"118" 118 0.0 271 101 52 30 17 11 6 6 2 2 1 1 0 0 0 0 0 0 0 0
"119" 119 0.0239234449761 419 70 6 3 2 0 0 0 0 0 0 0 0 0 0 0 0 0 0 0
"120" 120 0.333333333333 199 82 56 44 32 28 16 15 10 10 8 0 0 0 0 0 0 0 0 0
"121" 121 0.163461538462 500 0 0 0 0 0 0 0 0 0 0 0 0 0 0 0 0 0 0 0
"122" 122 0.484304932735 380 52 27 19 9 7 5 1 0 0 0 0 0 0 0 0 0 0 0 0
"123" 123 0.0103626943005 462 37 1 0 0 0 0 0 0 0 0 0 0 0 0 0 0 0 0 0
"124" 124 0.238341968912 299 145 16 13 11 7 5 2 1 1 0 0 0 0 0 0 0 0 0 0
"125" 125 0.218905472637 404 63 17 8 6 2 0 0 0 0 0 0 0 0 0 0 0 0 0 0
"126" 126 0.144230769231 500 0 0 0 0 0 0 0 0 0 0 0 0 0 0 0 0 0 0 0
"127" 127 0.561181434599 98 95 93 69 63 53 9 8 7 2 2 1 0 0 0 0 0 0 0 0
"128" 128 0.240384615385 476 20 3 1 0 0 0 0 0 0 0 0 0 0 0 0 0 0 0 0
"129" 129 0.896373056995 387 107 4 2 0 0 0 0 0 0 0 0 0 0 0 0 0 0 0 0
"130" 130 0.412790697674 432 27 19 7 7 2 2 2 2 0 0 0 0 0 0 0 0 0 0 0
"131" 131 0.607142857143 125 92 87 86 59 36 14 1 0 0 0 0 0 0 0 0 0 0 0 0
"132" 132 0.316964285714 247 111 55 38 22 10 10 3 2 1 1 0 0 0 0 0 0 0 0 0
"133" 133 0.0 346 130 24 0 0 0 0 0 0 0 0 0 0 0 0 0 0 0 0 0
"134" 134 0.378109452736 184 155 71 58 23 9 0 0 0 0 0 0 0 0 0 0 0 0 0 0
"135" 135 0.455696202532 366 28 26 20 19 18 16 7 0 0 0 0 0 0 0 0 0 0 0 0
"136" 136 0.203488372093 339 47 44 27 19 8 7 5 3 1 0 0 0 0 0 0 0 0 0 0
"137" 137 0.0 500 0 0 0 0 0 0 0 0 0 0 0 0 0 0 0 0 0 0 0
"138" 138 0.379487179487 174 160 109 28 27 2 0 0 0 0 0 0 0 0 0 0 0 0 0 0
"139" 139 0.0 262 219 15 2 2 0 0 0 0 0 0 0 0 0 0 0 0 0 0 0
"140" 140 0.432692307692 500 0 0 0 0 0 0 0 0 0 0 0 0 0 0 0 0 0 0 0
"141" 141 0.591194968553 207 107 101 32 18 16 12 3 2 1 1 0 0 0 0 0 0 0 0 0
"142" 142 0.248175182482 197 182 62 33 6 4 4 4 4 3 1 0 0 0 0 0 0 0 0 0
"143" 143 0.138364779874 231 177 28 16 16 11 10 3 2 2 2 2 0 0 0 0 0 0 0 0
"144" 144 0.0 466 34 0 0 0 0 0 0 0 0 0 0 0 0 0 0 0 0 0 0
"145" 145 0.101265822785 500 0 0 0 0 0 0 0 0 0 0 0 0 0 0 0 0 0 0 0
"146" 146 0.0865384615385 500 0 0 0 0 0 0 0 0 0 0 0 0 0 0 0 0 0 0 0
"147" 147 0.362068965517 155 131 100 63 23 17 10 1 0 0 0 0 0 0 0 0 0 0 0 0
"148" 148 0.00507614213198 494 5 1 0 0 0 0 0 0 0 0 0 0 0 0 0 0 0 0 0
"149" 149 0.278846153846 242 93 82 39 13 11 8 8 2 1 1 0 0 0 0 0 0 0 0 0
"150" 150 0.592039800995 152 103 79 46 35 20 18 14 13 9 6 4 1 0 0 0 0 0 0 0
"151" 151 0.296511627907 389 46 33 17 6 4 2 2 1 0 0 0 0 0 0 0 0 0 0 0
"152" 152 0.917948717949 417 74 8 1 0 0 0 0 0 0 0 0 0 0 0 0 0 0 0 0
