"site" "RSA" "aa1" "aa2" "aa3" "aa4" "aa5" "aa6" "aa7" "aa8" "aa9" "aa10" "aa11" "aa12" "aa13" "aa14" "aa15" "aa16" "aa17" "aa18" "aa19" "aa20"
"0" 0 0.261627906977 295 52 43 33 30 22 19 4 2 0 0 0 0 0 0 0 0 0 0 0
"1" 1 0.623574144487 361 54 36 30 8 6 3 1 1 0 0 0 0 0 0 0 0 0 0 0
"2" 2 0.360465116279 236 177 77 9 1 0 0 0 0 0 0 0 0 0 0 0 0 0 0 0
"3" 3 0.279069767442 241 50 47 43 26 24 23 16 15 15 0 0 0 0 0 0 0 0 0 0
"4" 4 0.0875912408759 317 106 35 25 9 4 2 1 1 0 0 0 0 0 0 0 0 0 0 0
"5" 5 0.107623318386 252 103 43 31 27 14 13 6 6 2 2 1 0 0 0 0 0 0 0 0
"6" 6 0.0659898477157 218 203 63 9 2 2 1 1 1 0 0 0 0 0 0 0 0 0 0 0
"7" 7 0.0 500 0 0 0 0 0 0 0 0 0 0 0 0 0 0 0 0 0 0 0
"8" 8 0.062015503876 461 19 10 5 4 1 0 0 0 0 0 0 0 0 0 0 0 0 0 0
"9" 9 0.282700421941 412 38 22 17 7 1 1 1 1 0 0 0 0 0 0 0 0 0 0 0
"10" 10 0.0820512820513 296 75 74 35 6 5 4 2 2 1 0 0 0 0 0 0 0 0 0 0
"11" 11 0.21511627907 318 52 51 49 25 2 1 1 1 0 0 0 0 0 0 0 0 0 0 0
"12" 12 0.55223880597 126 119 104 40 39 32 16 10 8 5 1 0 0 0 0 0 0 0 0 0
"13" 13 0.379464285714 319 78 31 23 19 17 10 1 1 1 0 0 0 0 0 0 0 0 0 0
"14" 14 0.0152091254753 218 212 40 15 8 4 2 1 0 0 0 0 0 0 0 0 0 0 0 0
"15" 15 0.210970464135 124 102 75 72 54 42 13 8 6 2 2 0 0 0 0 0 0 0 0 0
"16" 16 0.0114942528736 321 130 16 12 9 5 5 1 1 0 0 0 0 0 0 0 0 0 0 0
"17" 17 0.0342205323194 259 205 32 3 1 0 0 0 0 0 0 0 0 0 0 0 0 0 0 0
"18" 18 0.00507614213198 414 53 29 3 1 0 0 0 0 0 0 0 0 0 0 0 0 0 0 0
"19" 19 0.111607142857 194 173 87 34 10 2 0 0 0 0 0 0 0 0 0 0 0 0 0 0
"20" 20 0.367088607595 239 159 56 29 9 3 2 2 1 0 0 0 0 0 0 0 0 0 0 0
"21" 21 0.580310880829 473 20 4 2 1 0 0 0 0 0 0 0 0 0 0 0 0 0 0 0
"22" 22 0.336538461538 499 1 0 0 0 0 0 0 0 0 0 0 0 0 0 0 0 0 0 0
"23" 23 0.354430379747 188 166 70 31 14 11 8 4 4 3 1 0 0 0 0 0 0 0 0 0
"24" 24 0.0 247 126 65 53 9 0 0 0 0 0 0 0 0 0 0 0 0 0 0 0
"25" 25 0.0459770114943 470 28 2 0 0 0 0 0 0 0 0 0 0 0 0 0 0 0 0 0
"26" 26 0.0 414 81 4 1 0 0 0 0 0 0 0 0 0 0 0 0 0 0 0 0
"27" 27 0.0077519379845 472 28 0 0 0 0 0 0 0 0 0 0 0 0 0 0 0 0 0 0
"28" 28 0.0 448 23 13 10 3 2 1 0 0 0 0 0 0 0 0 0 0 0 0 0
"29" 29 0.0 490 9 1 0 0 0 0 0 0 0 0 0 0 0 0 0 0 0 0 0
"30" 30 0.0310880829016 340 141 19 0 0 0 0 0 0 0 0 0 0 0 0 0 0 0 0 0
"31" 31 0.0 399 98 2 1 0 0 0 0 0 0 0 0 0 0 0 0 0 0 0 0
"32" 32 0.327044025157 287 130 46 27 9 1 0 0 0 0 0 0 0 0 0 0 0 0 0 0
"33" 33 0.00497512437811 397 56 18 12 9 8 0 0 0 0 0 0 0 0 0 0 0 0 0 0
"34" 34 0.269961977186 402 91 7 0 0 0 0 0 0 0 0 0 0 0 0 0 0 0 0 0
"35" 35 0.395348837209 256 92 61 35 19 13 7 5 4 3 2 1 1 1 0 0 0 0 0 0
"36" 36 0.243523316062 408 55 21 7 2 2 2 1 1 1 0 0 0 0 0 0 0 0 0 0
"37" 37 0.607594936709 366 45 38 36 7 6 2 0 0 0 0 0 0 0 0 0 0 0 0 0
"38" 38 0.607142857143 368 70 49 13 0 0 0 0 0 0 0 0 0 0 0 0 0 0 0 0
"39" 39 0.553846153846 397 28 26 19 12 11 6 1 0 0 0 0 0 0 0 0 0 0 0 0
"40" 40 0.210256410256 258 153 33 26 12 7 6 4 1 0 0 0 0 0 0 0 0 0 0 0
"41" 41 0.131979695431 139 115 102 45 38 23 12 11 8 5 1 1 0 0 0 0 0 0 0 0
"42" 42 0.00418410041841 400 67 31 2 0 0 0 0 0 0 0 0 0 0 0 0 0 0 0 0
"43" 43 0.0358974358974 287 125 46 15 9 9 5 2 1 1 0 0 0 0 0 0 0 0 0 0
"44" 44 0.0 303 181 6 4 2 2 1 1 0 0 0 0 0 0 0 0 0 0 0 0
"45" 45 0.0 320 139 26 7 6 1 1 0 0 0 0 0 0 0 0 0 0 0 0 0
"46" 46 0.0 377 89 29 2 1 1 1 0 0 0 0 0 0 0 0 0 0 0 0 0
"47" 47 0.0535714285714 357 124 10 4 2 2 1 0 0 0 0 0 0 0 0 0 0 0 0 0
"48" 48 0.0 494 4 2 0 0 0 0 0 0 0 0 0 0 0 0 0 0 0 0 0
"49" 49 0.0943396226415 157 153 110 24 22 14 14 6 0 0 0 0 0 0 0 0 0 0 0 0
"50" 50 0.105839416058 443 49 6 2 0 0 0 0 0 0 0 0 0 0 0 0 0 0 0 0
"51" 51 0.446808510638 467 14 12 4 3 0 0 0 0 0 0 0 0 0 0 0 0 0 0 0
"52" 52 0.28488372093 188 101 95 67 18 11 10 9 1 0 0 0 0 0 0 0 0 0 0 0
"53" 53 0.0820512820513 413 34 32 5 5 4 4 1 1 1 0 0 0 0 0 0 0 0 0 0
"54" 54 0.062015503876 183 165 117 13 12 4 4 1 1 0 0 0 0 0 0 0 0 0 0 0
"55" 55 0.0675105485232 458 13 11 7 4 3 2 1 1 0 0 0 0 0 0 0 0 0 0 0
"56" 56 0.0248756218905 400 44 36 9 5 4 1 1 0 0 0 0 0 0 0 0 0 0 0 0
"57" 57 0.183035714286 279 133 68 15 2 1 1 1 0 0 0 0 0 0 0 0 0 0 0 0
"58" 58 0.0152284263959 270 105 83 40 1 1 0 0 0 0 0 0 0 0 0 0 0 0 0 0
"59" 59 0.110465116279 480 13 4 2 1 0 0 0 0 0 0 0 0 0 0 0 0 0 0 0
"60" 60 0.189781021898 184 158 71 58 10 8 4 3 2 1 1 0 0 0 0 0 0 0 0 0
"61" 61 0.433035714286 487 5 3 2 1 1 1 0 0 0 0 0 0 0 0 0 0 0 0 0
"62" 62 0.334821428571 111 110 104 68 51 25 19 5 3 2 1 1 0 0 0 0 0 0 0 0
"63" 63 0.267441860465 470 11 7 4 4 3 1 0 0 0 0 0 0 0 0 0 0 0 0 0
"64" 64 0.0 221 212 65 2 0 0 0 0 0 0 0 0 0 0 0 0 0 0 0 0
"65" 65 0.0 409 86 5 0 0 0 0 0 0 0 0 0 0 0 0 0 0 0 0 0
"66" 66 0.0 374 79 41 6 0 0 0 0 0 0 0 0 0 0 0 0 0 0 0 0
"67" 67 0.0 488 10 1 1 0 0 0 0 0 0 0 0 0 0 0 0 0 0 0 0
"68" 68 0.157360406091 179 154 94 40 20 8 3 1 1 0 0 0 0 0 0 0 0 0 0 0
"69" 69 0.0358744394619 178 130 118 41 19 9 5 0 0 0 0 0 0 0 0 0 0 0 0 0
"70" 70 0.20725388601 208 81 66 45 34 29 25 5 4 2 1 0 0 0 0 0 0 0 0 0
"71" 71 0.348837209302 164 143 141 20 18 6 4 1 1 1 1 0 0 0 0 0 0 0 0 0
"72" 72 0.409282700422 386 50 20 20 9 5 5 4 1 0 0 0 0 0 0 0 0 0 0 0
"73" 73 0.776371308017 496 2 1 1 0 0 0 0 0 0 0 0 0 0 0 0 0 0 0 0
"74" 74 0.5 486 14 0 0 0 0 0 0 0 0 0 0 0 0 0 0 0 0 0 0
"75" 75 0.451476793249 175 155 76 26 25 13 11 6 4 3 3 2 1 0 0 0 0 0 0 0
"76" 76 0.18407960199 457 15 12 5 4 2 1 1 1 1 1 0 0 0 0 0 0 0 0 0
"77" 77 0.124087591241 174 161 64 58 19 14 6 2 1 1 0 0 0 0 0 0 0 0 0 0
"78" 78 0.112970711297 296 105 98 1 0 0 0 0 0 0 0 0 0 0 0 0 0 0 0 0
"79" 79 0.0 254 76 49 44 34 16 7 5 5 3 3 1 1 1 1 0 0 0 0 0
"80" 80 0.167883211679 428 25 19 17 7 3 1 0 0 0 0 0 0 0 0 0 0 0 0 0
"81" 81 0.0358974358974 226 138 81 23 14 13 5 0 0 0 0 0 0 0 0 0 0 0 0 0
"82" 82 0.0569620253165 327 157 11 4 1 0 0 0 0 0 0 0 0 0 0 0 0 0 0 0
"83" 83 0.359832635983 300 86 70 31 5 5 3 0 0 0 0 0 0 0 0 0 0 0 0 0
"84" 84 0.465408805031 393 61 25 12 6 2 1 0 0 0 0 0 0 0 0 0 0 0 0 0
"85" 85 0.0765550239234 367 110 18 2 1 1 1 0 0 0 0 0 0 0 0 0 0 0 0 0
"86" 86 0.454545454545 194 105 84 54 27 11 8 7 4 2 2 1 1 0 0 0 0 0 0 0
"87" 87 0.0 500 0 0 0 0 0 0 0 0 0 0 0 0 0 0 0 0 0 0 0
"88" 88 0.0 308 133 41 14 2 1 1 0 0 0 0 0 0 0 0 0 0 0 0 0
"89" 89 0.106598984772 359 56 48 35 1 1 0 0 0 0 0 0 0 0 0 0 0 0 0 0
"90" 90 0.00956937799043 400 28 23 22 13 6 5 3 0 0 0 0 0 0 0 0 0 0 0 0
"91" 91 0.0 430 70 0 0 0 0 0 0 0 0 0 0 0 0 0 0 0 0 0 0
"92" 92 0.0342205323194 395 82 21 1 1 0 0 0 0 0 0 0 0 0 0 0 0 0 0 0
"93" 93 0.0 500 0 0 0 0 0 0 0 0 0 0 0 0 0 0 0 0 0 0 0
"94" 94 0.0077519379845 208 131 66 27 20 15 10 8 4 3 3 3 2 0 0 0 0 0 0 0
"95" 95 0.0 258 83 54 51 26 17 6 3 1 1 0 0 0 0 0 0 0 0 0 0
"96" 96 0.0062893081761 274 146 80 0 0 0 0 0 0 0 0 0 0 0 0 0 0 0 0 0
"97" 97 0.103139013453 242 183 75 0 0 0 0 0 0 0 0 0 0 0 0 0 0 0 0 0
"98" 98 0.0 417 83 0 0 0 0 0 0 0 0 0 0 0 0 0 0 0 0 0 0
"99" 99 0.00354609929078 454 35 6 5 0 0 0 0 0 0 0 0 0 0 0 0 0 0 0 0
"100" 100 0.0 385 82 20 6 4 2 1 0 0 0 0 0 0 0 0 0 0 0 0 0
"101" 101 0.134715025907 449 35 13 2 1 0 0 0 0 0 0 0 0 0 0 0 0 0 0 0
"102" 102 0.0880503144654 486 5 4 3 1 1 0 0 0 0 0 0 0 0 0 0 0 0 0 0
"103" 103 0.261538461538 389 39 18 15 14 14 11 0 0 0 0 0 0 0 0 0 0 0 0 0
"104" 104 0.419540229885 241 112 90 41 8 2 2 1 1 1 1 0 0 0 0 0 0 0 0 0
"105" 105 0.456953642384 254 108 34 26 23 16 10 10 6 5 3 3 1 1 0 0 0 0 0 0
"106" 106 0.0143540669856 489 6 3 1 1 0 0 0 0 0 0 0 0 0 0 0 0 0 0 0
"107" 107 0.641509433962 351 56 44 14 13 13 5 3 1 0 0 0 0 0 0 0 0 0 0 0
"108" 108 0.174107142857 250 129 41 18 17 17 17 8 3 0 0 0 0 0 0 0 0 0 0 0
"109" 109 0.0872093023256 325 120 49 4 1 1 0 0 0 0 0 0 0 0 0 0 0 0 0 0
"110" 110 0.691983122363 483 10 4 2 1 0 0 0 0 0 0 0 0 0 0 0 0 0 0 0
"111" 111 0.100775193798 348 82 70 0 0 0 0 0 0 0 0 0 0 0 0 0 0 0 0 0
"112" 112 0.33908045977 334 43 43 22 19 12 9 7 5 3 1 1 1 0 0 0 0 0 0 0
"113" 113 0.00961538461538 500 0 0 0 0 0 0 0 0 0 0 0 0 0 0 0 0 0 0 0
"114" 114 0.0984455958549 276 217 5 1 1 0 0 0 0 0 0 0 0 0 0 0 0 0 0 0
"115" 115 0.0666666666667 361 120 18 1 0 0 0 0 0 0 0 0 0 0 0 0 0 0 0 0
"116" 116 0.155440414508 280 109 63 26 18 4 0 0 0 0 0 0 0 0 0 0 0 0 0 0
"117" 117 0.0188679245283 335 141 9 6 6 2 1 0 0 0 0 0 0 0 0 0 0 0 0 0
"118" 118 0.0 308 121 50 9 5 4 3 0 0 0 0 0 0 0 0 0 0 0 0 0
"119" 119 0.0466321243523 409 39 19 8 7 4 4 4 2 2 1 1 0 0 0 0 0 0 0 0
"120" 120 0.0 249 146 90 13 2 0 0 0 0 0 0 0 0 0 0 0 0 0 0 0
"121" 121 0.0 218 123 87 38 26 4 2 1 1 0 0 0 0 0 0 0 0 0 0 0
"122" 122 0.00446428571429 363 70 53 7 4 2 1 0 0 0 0 0 0 0 0 0 0 0 0 0
"123" 123 0.0609137055838 456 32 6 4 1 1 0 0 0 0 0 0 0 0 0 0 0 0 0 0
"124" 124 0.0192307692308 372 98 16 13 1 0 0 0 0 0 0 0 0 0 0 0 0 0 0 0
"125" 125 0.566964285714 150 100 84 48 47 30 16 14 6 5 0 0 0 0 0 0 0 0 0 0
"126" 126 0.546511627907 122 78 73 65 52 44 28 17 8 5 5 2 1 0 0 0 0 0 0 0
"127" 127 0.406091370558 141 106 70 43 39 33 31 13 11 6 5 1 1 0 0 0 0 0 0 0
"128" 128 0.0697674418605 352 56 23 21 15 15 13 2 1 1 1 0 0 0 0 0 0 0 0 0
"129" 129 0.479087452471 220 113 58 38 26 20 11 7 4 2 1 0 0 0 0 0 0 0 0 0
"130" 130 0.0813953488372 496 4 0 0 0 0 0 0 0 0 0 0 0 0 0 0 0 0 0 0
"131" 131 0.0192307692308 500 0 0 0 0 0 0 0 0 0 0 0 0 0 0 0 0 0 0 0
"132" 132 0.14798206278 169 99 81 79 60 5 4 1 1 1 0 0 0 0 0 0 0 0 0 0
"133" 133 0.126436781609 385 108 4 2 1 0 0 0 0 0 0 0 0 0 0 0 0 0 0 0
"134" 134 0.042194092827 372 44 40 38 3 1 1 1 0 0 0 0 0 0 0 0 0 0 0 0
"135" 135 0.304932735426 215 119 32 31 28 24 24 10 7 4 2 2 1 1 0 0 0 0 0 0
"136" 136 0.0 266 227 5 2 0 0 0 0 0 0 0 0 0 0 0 0 0 0 0 0
"137" 137 0.130801687764 175 109 73 42 41 39 10 6 2 1 1 1 0 0 0 0 0 0 0 0
"138" 138 0.015503875969 245 75 69 42 20 20 18 6 3 2 0 0 0 0 0 0 0 0 0 0
"139" 139 0.0 361 56 43 26 10 2 2 0 0 0 0 0 0 0 0 0 0 0 0 0
"140" 140 0.0 500 0 0 0 0 0 0 0 0 0 0 0 0 0 0 0 0 0 0 0
"141" 141 0.0 317 113 27 25 6 6 2 2 1 1 0 0 0 0 0 0 0 0 0 0
"142" 142 0.0137614678899 256 112 97 15 9 3 3 3 2 0 0 0 0 0 0 0 0 0 0 0
"143" 143 0.0 385 67 20 8 8 5 4 1 1 1 0 0 0 0 0 0 0 0 0 0
"144" 144 0.0 229 145 62 18 13 11 9 8 2 1 1 1 0 0 0 0 0 0 0 0
"145" 145 0.119402985075 217 151 42 20 16 15 14 9 8 8 0 0 0 0 0 0 0 0 0 0
"146" 146 0.0362694300518 334 76 52 30 6 1 1 0 0 0 0 0 0 0 0 0 0 0 0 0
"147" 147 0.424107142857 264 140 63 17 12 3 1 0 0 0 0 0 0 0 0 0 0 0 0 0
"148" 148 0.509615384615 479 16 4 1 0 0 0 0 0 0 0 0 0 0 0 0 0 0 0 0
"149" 149 0.330357142857 291 121 85 2 1 0 0 0 0 0 0 0 0 0 0 0 0 0 0 0
"150" 150 0.0 159 151 130 55 3 1 1 0 0 0 0 0 0 0 0 0 0 0 0 0
"151" 151 0.0414507772021 244 162 44 33 17 0 0 0 0 0 0 0 0 0 0 0 0 0 0 0
"152" 152 0.0 289 116 84 8 3 0 0 0 0 0 0 0 0 0 0 0 0 0 0 0
"153" 153 0.0 245 123 91 14 11 4 4 3 2 1 1 1 0 0 0 0 0 0 0 0
"154" 154 0.0 186 157 51 43 35 13 5 4 4 2 0 0 0 0 0 0 0 0 0 0
"155" 155 0.010152284264 458 34 5 3 0 0 0 0 0 0 0 0 0 0 0 0 0 0 0 0
"156" 156 0.0 307 128 57 6 1 1 0 0 0 0 0 0 0 0 0 0 0 0 0 0
"157" 157 0.0 301 81 76 15 13 10 2 1 1 0 0 0 0 0 0 0 0 0 0 0
"158" 158 0.113989637306 436 29 19 10 3 2 1 0 0 0 0 0 0 0 0 0 0 0 0 0
"159" 159 0.289340101523 112 88 64 62 52 43 22 15 15 9 7 5 4 2 0 0 0 0 0 0
"160" 160 0.651282051282 189 138 112 23 11 10 7 5 3 1 1 0 0 0 0 0 0 0 0 0
"161" 161 0.0673575129534 190 158 83 55 7 4 2 1 0 0 0 0 0 0 0 0 0 0 0 0
"162" 162 0.584905660377 313 81 71 15 10 9 1 0 0 0 0 0 0 0 0 0 0 0 0 0
"163" 163 0.199004975124 164 74 55 46 44 36 32 18 10 10 6 3 1 1 0 0 0 0 0 0
"164" 164 0.046511627907 330 169 1 0 0 0 0 0 0 0 0 0 0 0 0 0 0 0 0 0
"165" 165 0.62893081761 442 43 11 2 2 0 0 0 0 0 0 0 0 0 0 0 0 0 0 0
"166" 166 0.523206751055 376 37 22 20 17 13 11 3 1 0 0 0 0 0 0 0 0 0 0 0
"167" 167 0.0 299 89 61 33 5 3 3 2 2 2 1 0 0 0 0 0 0 0 0 0
"168" 168 0.435897435897 323 108 23 22 16 3 2 1 1 1 0 0 0 0 0 0 0 0 0 0
"169" 169 0.222797927461 447 34 18 1 0 0 0 0 0 0 0 0 0 0 0 0 0 0 0 0
"170" 170 0.0710659898477 439 52 3 3 2 1 0 0 0 0 0 0 0 0 0 0 0 0 0 0
"171" 171 0.482142857143 332 75 35 24 23 5 3 2 1 0 0 0 0 0 0 0 0 0 0 0
"172" 172 0.113989637306 329 171 0 0 0 0 0 0 0 0 0 0 0 0 0 0 0 0 0 0
"173" 173 0.0 200 187 60 20 19 7 4 1 1 1 0 0 0 0 0 0 0 0 0 0
"174" 174 0.370535714286 273 57 51 44 31 24 12 5 2 1 0 0 0 0 0 0 0 0 0 0
"175" 175 0.527426160338 448 44 5 1 1 1 0 0 0 0 0 0 0 0 0 0 0 0 0 0
"176" 176 0.357414448669 415 58 23 3 1 0 0 0 0 0 0 0 0 0 0 0 0 0 0 0
"177" 177 0.163179916318 250 206 26 17 1 0 0 0 0 0 0 0 0 0 0 0 0 0 0 0
"178" 178 0.622641509434 349 58 36 29 12 10 5 1 0 0 0 0 0 0 0 0 0 0 0 0
"179" 179 0.278846153846 497 3 0 0 0 0 0 0 0 0 0 0 0 0 0 0 0 0 0 0
"180" 180 0.169154228856 238 117 45 43 37 17 2 1 0 0 0 0 0 0 0 0 0 0 0 0
"181" 181 0.0995024875622 412 34 17 7 7 6 6 3 3 2 2 1 0 0 0 0 0 0 0 0
"182" 182 0.740875912409 279 112 44 22 16 8 8 6 2 2 1 0 0 0 0 0 0 0 0 0
"183" 183 0.178294573643 143 123 102 67 23 20 14 2 2 1 1 1 1 0 0 0 0 0 0 0
"184" 184 0.0116279069767 227 194 15 13 10 9 8 8 7 5 3 1 0 0 0 0 0 0 0 0
"185" 185 0.148717948718 290 87 39 38 29 6 5 1 1 1 1 1 1 0 0 0 0 0 0 0
"186" 186 0.299107142857 237 119 35 30 25 20 17 12 2 1 1 1 0 0 0 0 0 0 0 0
"187" 187 0.00709219858156 195 155 148 1 1 0 0 0 0 0 0 0 0 0 0 0 0 0 0 0
"188" 188 0.0 335 67 51 19 19 6 2 1 0 0 0 0 0 0 0 0 0 0 0 0
"189" 189 0.270072992701 221 170 98 4 3 1 1 1 1 0 0 0 0 0 0 0 0 0 0 0
"190" 190 0.167512690355 260 80 47 44 27 16 11 7 4 2 1 1 0 0 0 0 0 0 0 0
"191" 191 0.0190114068441 190 116 90 79 17 4 2 1 1 0 0 0 0 0 0 0 0 0 0 0
"192" 192 0.0548523206751 173 138 98 40 27 14 7 1 1 1 0 0 0 0 0 0 0 0 0 0
"193" 193 0.395939086294 314 56 38 28 20 14 10 8 8 3 1 0 0 0 0 0 0 0 0 0
"194" 194 0.213836477987 492 7 1 0 0 0 0 0 0 0 0 0 0 0 0 0 0 0 0 0
"195" 195 0.336787564767 294 95 50 40 12 6 2 1 0 0 0 0 0 0 0 0 0 0 0 0
"196" 196 0.730769230769 500 0 0 0 0 0 0 0 0 0 0 0 0 0 0 0 0 0 0 0
"197" 197 0.320675105485 189 167 68 52 22 2 0 0 0 0 0 0 0 0 0 0 0 0 0 0
"198" 198 0.610062893082 500 0 0 0 0 0 0 0 0 0 0 0 0 0 0 0 0 0 0 0
"199" 199 0.415178571429 190 185 67 19 12 11 9 5 2 0 0 0 0 0 0 0 0 0 0 0
"200" 200 0.0461538461538 339 98 56 6 1 0 0 0 0 0 0 0 0 0 0 0 0 0 0 0
"201" 201 0.578475336323 324 145 10 8 4 4 4 1 0 0 0 0 0 0 0 0 0 0 0 0
"202" 202 0.100418410042 485 13 2 0 0 0 0 0 0 0 0 0 0 0 0 0 0 0 0 0
"203" 203 0.139534883721 311 92 46 21 20 6 1 1 1 1 0 0 0 0 0 0 0 0 0 0
"204" 204 0.276150627615 119 106 92 71 48 23 22 14 2 1 1 1 0 0 0 0 0 0 0 0
"205" 205 0.82119205298 499 1 0 0 0 0 0 0 0 0 0 0 0 0 0 0 0 0 0 0
"206" 206 0.0769230769231 500 0 0 0 0 0 0 0 0 0 0 0 0 0 0 0 0 0 0 0
"207" 207 0.459821428571 393 51 30 14 7 2 2 1 0 0 0 0 0 0 0 0 0 0 0 0
"208" 208 0.162790697674 310 88 80 9 7 3 2 1 0 0 0 0 0 0 0 0 0 0 0 0
"209" 209 0.172995780591 198 86 60 40 38 18 16 16 9 6 6 3 3 1 0 0 0 0 0 0
"210" 210 0.323076923077 498 1 1 0 0 0 0 0 0 0 0 0 0 0 0 0 0 0 0 0
"211" 211 0.253164556962 223 120 53 41 39 16 5 3 0 0 0 0 0 0 0 0 0 0 0 0
"212" 212 0.713080168776 237 139 76 22 16 4 2 2 1 1 0 0 0 0 0 0 0 0 0 0
"213" 213 0.220532319392 341 59 48 19 13 8 4 2 2 2 1 1 0 0 0 0 0 0 0 0
"214" 214 0.0 415 84 1 0 0 0 0 0 0 0 0 0 0 0 0 0 0 0 0 0
"215" 215 0.213930348259 273 178 15 13 7 6 2 2 2 2 0 0 0 0 0 0 0 0 0 0
"216" 216 0.512953367876 321 105 38 9 8 5 4 4 3 2 1 0 0 0 0 0 0 0 0 0
"217" 217 0.0 282 82 63 55 8 7 3 0 0 0 0 0 0 0 0 0 0 0 0 0
"218" 218 0.0 277 92 70 34 10 9 3 2 2 1 0 0 0 0 0 0 0 0 0 0
"219" 219 0.476793248945 115 88 85 82 69 25 24 7 3 2 0 0 0 0 0 0 0 0 0 0
"220" 220 0.205357142857 405 58 16 15 3 3 0 0 0 0 0 0 0 0 0 0 0 0 0 0
"221" 221 0.0 500 0 0 0 0 0 0 0 0 0 0 0 0 0 0 0 0 0 0 0
"222" 222 0.124401913876 331 112 14 13 9 9 4 3 3 1 1 0 0 0 0 0 0 0 0 0
"223" 223 0.295336787565 127 88 86 79 48 47 17 6 1 1 0 0 0 0 0 0 0 0 0 0
"224" 224 0.112582781457 401 44 28 26 1 0 0 0 0 0 0 0 0 0 0 0 0 0 0 0
"225" 225 0.0460992907801 457 43 0 0 0 0 0 0 0 0 0 0 0 0 0 0 0 0 0 0
"226" 226 0.396624472574 201 109 59 56 48 9 8 7 2 1 0 0 0 0 0 0 0 0 0 0
"227" 227 0.42600896861 161 119 109 52 49 7 3 0 0 0 0 0 0 0 0 0 0 0 0 0
"228" 228 0.00497512437811 468 15 7 5 3 2 0 0 0 0 0 0 0 0 0 0 0 0 0 0
"229" 229 0.0355329949239 285 77 52 41 24 7 5 4 3 1 1 0 0 0 0 0 0 0 0 0
"230" 230 0.302325581395 319 113 37 20 7 3 1 0 0 0 0 0 0 0 0 0 0 0 0 0
"231" 231 0.519230769231 500 0 0 0 0 0 0 0 0 0 0 0 0 0 0 0 0 0 0 0
"232" 232 0.603375527426 369 59 30 17 13 12 0 0 0 0 0 0 0 0 0 0 0 0 0 0
"233" 233 0.152317880795 268 221 9 1 1 0 0 0 0 0 0 0 0 0 0 0 0 0 0 0
"234" 234 0.695364238411 317 107 62 11 2 1 0 0 0 0 0 0 0 0 0 0 0 0 0 0
"235" 235 0.347150259067 463 20 17 0 0 0 0 0 0 0 0 0 0 0 0 0 0 0 0 0
"236" 236 0.311258278146 400 29 25 24 11 6 4 1 0 0 0 0 0 0 0 0 0 0 0 0
"237" 237 0.350210970464 414 43 26 6 6 5 0 0 0 0 0 0 0 0 0 0 0 0 0 0
"238" 238 0.567307692308 473 27 0 0 0 0 0 0 0 0 0 0 0 0 0 0 0 0 0 0
"239" 239 0.0609137055838 424 38 14 6 4 4 3 2 1 1 1 1 1 0 0 0 0 0 0 0
"240" 240 0.186528497409 489 9 1 1 0 0 0 0 0 0 0 0 0 0 0 0 0 0 0 0
"241" 241 0.0845771144279 475 25 0 0 0 0 0 0 0 0 0 0 0 0 0 0 0 0 0 0
"242" 242 0.162790697674 463 23 4 3 2 2 1 1 1 0 0 0 0 0 0 0 0 0 0 0
"243" 243 0.0 245 154 64 14 14 3 3 2 1 0 0 0 0 0 0 0 0 0 0 0
"244" 244 0.0747126436782 238 196 53 11 2 0 0 0 0 0 0 0 0 0 0 0 0 0 0 0
"245" 245 0.354651162791 412 51 11 9 8 4 3 1 1 0 0 0 0 0 0 0 0 0 0 0
"246" 246 0.18407960199 457 15 11 8 3 2 1 1 1 1 0 0 0 0 0 0 0 0 0 0
"247" 247 0.534591194969 240 194 59 4 2 1 0 0 0 0 0 0 0 0 0 0 0 0 0 0
"248" 248 0.860103626943 386 65 39 9 1 0 0 0 0 0 0 0 0 0 0 0 0 0 0 0
"249" 249 0.116279069767 265 67 64 53 22 16 9 2 1 1 0 0 0 0 0 0 0 0 0 0
"250" 250 0.641509433962 480 13 3 2 1 1 0 0 0 0 0 0 0 0 0 0 0 0 0 0
"251" 251 0.296511627907 213 147 137 1 1 1 0 0 0 0 0 0 0 0 0 0 0 0 0 0
"252" 252 0.304182509506 391 53 44 11 1 0 0 0 0 0 0 0 0 0 0 0 0 0 0 0
"253" 253 0.35761589404 385 34 17 15 13 12 11 5 4 3 1 0 0 0 0 0 0 0 0 0
"254" 254 0.649789029536 127 84 74 72 49 27 21 14 9 8 7 3 3 2 0 0 0 0 0 0
"255" 255 0.449612403101 119 104 78 55 37 31 24 24 14 10 2 1 1 0 0 0 0 0 0 0
"256" 256 0.124031007752 302 185 10 2 1 0 0 0 0 0 0 0 0 0 0 0 0 0 0 0
"257" 257 0.0331125827815 349 136 6 5 4 0 0 0 0 0 0 0 0 0 0 0 0 0 0 0
"258" 258 0.533678756477 129 124 95 48 33 16 15 8 8 7 7 4 4 2 0 0 0 0 0 0
"259" 259 0.635658914729 177 148 136 17 7 6 3 3 2 1 0 0 0 0 0 0 0 0 0 0
"260" 260 0.10152284264 268 196 23 5 4 2 1 1 0 0 0 0 0 0 0 0 0 0 0 0
"261" 261 0.459119496855 482 10 4 3 1 0 0 0 0 0 0 0 0 0 0 0 0 0 0 0
"262" 262 0.622641509434 484 12 1 1 1 1 0 0 0 0 0 0 0 0 0 0 0 0 0 0
"263" 263 0.503875968992 252 73 66 36 32 31 8 1 1 0 0 0 0 0 0 0 0 0 0 0
"264" 264 0.331125827815 349 92 31 19 4 3 1 1 0 0 0 0 0 0 0 0 0 0 0 0
"265" 265 0.621890547264 213 197 25 22 13 8 8 6 3 3 2 0 0 0 0 0 0 0 0 0
"266" 266 0.447257383966 286 69 67 35 15 15 13 0 0 0 0 0 0 0 0 0 0 0 0 0
"267" 267 0.658914728682 181 175 82 32 16 7 4 1 1 1 0 0 0 0 0 0 0 0 0 0
"268" 268 0.435233160622 268 106 57 37 11 8 6 6 1 0 0 0 0 0 0 0 0 0 0 0
"269" 269 0.178294573643 185 152 57 37 30 14 14 7 4 0 0 0 0 0 0 0 0 0 0 0
"270" 270 0.779874213836 272 197 25 4 1 1 0 0 0 0 0 0 0 0 0 0 0 0 0 0
"271" 271 0.355329949239 235 67 66 49 20 16 15 10 10 7 2 1 1 1 0 0 0 0 0 0
"272" 272 0.585492227979 115 101 91 85 56 15 14 12 8 2 1 0 0 0 0 0 0 0 0 0
"273" 273 0.675105485232 208 200 37 20 16 13 3 2 1 0 0 0 0 0 0 0 0 0 0 0
"274" 274 0.364238410596 199 135 70 51 19 14 11 1 0 0 0 0 0 0 0 0 0 0 0 0
"275" 275 0.0761421319797 315 100 27 20 12 7 6 5 3 3 1 1 0 0 0 0 0 0 0 0
"276" 276 0.554404145078 156 153 137 32 10 6 4 2 0 0 0 0 0 0 0 0 0 0 0 0
"277" 277 0.497890295359 285 143 51 12 3 3 3 0 0 0 0 0 0 0 0 0 0 0 0 0
"278" 278 0.421985815603 219 129 85 32 15 10 5 5 0 0 0 0 0 0 0 0 0 0 0 0
"279" 279 0.18410041841 267 229 3 1 0 0 0 0 0 0 0 0 0 0 0 0 0 0 0 0
"280" 280 0.861924686192 370 69 50 4 3 2 2 0 0 0 0 0 0 0 0 0 0 0 0 0
