"site" "RSA" "aa1" "aa2" "aa3" "aa4" "aa5" "aa6" "aa7" "aa8" "aa9" "aa10" "aa11" "aa12" "aa13" "aa14" "aa15" "aa16" "aa17" "aa18" "aa19" "aa20"
"0" 0 0.275229357798 360 79 61 0 0 0 0 0 0 0 0 0 0 0 0 0 0 0 0 0
"1" 1 0.723214285714 348 61 33 32 25 1 0 0 0 0 0 0 0 0 0 0 0 0 0 0
"2" 2 0.317948717949 230 76 73 44 32 20 18 4 3 0 0 0 0 0 0 0 0 0 0 0
"3" 3 0.0836820083682 483 9 5 2 1 0 0 0 0 0 0 0 0 0 0 0 0 0 0 0
"4" 4 0.390134529148 231 118 95 35 10 5 3 1 1 1 0 0 0 0 0 0 0 0 0 0
"5" 5 0.316455696203 282 188 20 7 2 1 0 0 0 0 0 0 0 0 0 0 0 0 0 0
"6" 6 0.402298850575 392 48 42 16 2 0 0 0 0 0 0 0 0 0 0 0 0 0 0 0
"7" 7 0.482142857143 451 23 23 3 0 0 0 0 0 0 0 0 0 0 0 0 0 0 0 0
"8" 8 0.514767932489 244 134 60 29 12 9 5 5 1 1 0 0 0 0 0 0 0 0 0 0
"9" 9 0.395939086294 364 81 54 1 0 0 0 0 0 0 0 0 0 0 0 0 0 0 0 0
"10" 10 0.240384615385 500 0 0 0 0 0 0 0 0 0 0 0 0 0 0 0 0 0 0 0
"11" 11 0.683035714286 362 29 23 22 22 20 12 4 3 2 1 0 0 0 0 0 0 0 0 0
"12" 12 0.336538461538 273 92 48 46 29 6 5 1 0 0 0 0 0 0 0 0 0 0 0 0
"13" 13 1.06976744186 218 206 53 7 6 3 3 3 1 0 0 0 0 0 0 0 0 0 0 0
"14" 14 0.269230769231 500 0 0 0 0 0 0 0 0 0 0 0 0 0 0 0 0 0 0 0
"15" 15 0.14367816092 251 71 69 33 23 20 15 10 4 1 1 1 1 0 0 0 0 0 0 0
"16" 16 0.183908045977 238 99 52 30 21 15 15 10 7 4 4 3 1 1 0 0 0 0 0 0
"17" 17 0.171102661597 296 115 89 0 0 0 0 0 0 0 0 0 0 0 0 0 0 0 0 0
"18" 18 0.240506329114 498 2 0 0 0 0 0 0 0 0 0 0 0 0 0 0 0 0 0 0
"19" 19 0.0 323 155 14 8 0 0 0 0 0 0 0 0 0 0 0 0 0 0 0 0
"20" 20 0.357664233577 339 55 45 32 18 9 2 0 0 0 0 0 0 0 0 0 0 0 0 0
"21" 21 0.0923076923077 172 154 86 27 25 20 10 3 1 1 1 0 0 0 0 0 0 0 0 0
"22" 22 0.455696202532 254 89 34 33 28 19 15 15 11 2 0 0 0 0 0 0 0 0 0 0
"23" 23 0.696517412935 166 111 94 41 21 18 15 12 8 6 4 2 2 0 0 0 0 0 0 0
"24" 24 0.563953488372 82 80 75 73 66 62 29 19 7 6 1 0 0 0 0 0 0 0 0 0
"25" 25 0.432692307692 500 0 0 0 0 0 0 0 0 0 0 0 0 0 0 0 0 0 0 0
"26" 26 0.379464285714 237 146 34 30 13 12 8 8 5 3 2 2 0 0 0 0 0 0 0 0
"27" 27 0.350574712644 274 109 36 30 24 24 3 0 0 0 0 0 0 0 0 0 0 0 0 0
"28" 28 0.0 305 147 16 12 6 5 4 4 1 0 0 0 0 0 0 0 0 0 0 0
"29" 29 0.124031007752 231 127 46 38 16 15 9 8 6 4 0 0 0 0 0 0 0 0 0 0
"30" 30 0.0 172 132 74 73 44 4 1 0 0 0 0 0 0 0 0 0 0 0 0 0
"31" 31 0.177215189873 219 69 60 46 32 23 15 9 9 7 4 3 3 1 0 0 0 0 0 0
"32" 32 0.0759493670886 157 150 75 36 23 19 15 9 6 4 3 1 1 1 0 0 0 0 0 0
"33" 33 0.10152284264 248 93 80 19 15 14 13 6 3 3 2 2 2 0 0 0 0 0 0 0
"34" 34 0.489051094891 276 49 47 43 22 16 15 14 9 4 3 1 1 0 0 0 0 0 0 0
"35" 35 0.139303482587 366 87 35 4 4 3 1 0 0 0 0 0 0 0 0 0 0 0 0 0
"36" 36 0.378238341969 210 147 62 19 11 10 10 7 6 6 6 4 2 0 0 0 0 0 0 0
"37" 37 0.343023255814 219 86 42 39 36 32 14 13 8 4 3 2 2 0 0 0 0 0 0 0
"38" 38 0.723214285714 123 105 102 75 50 19 9 8 3 3 2 1 0 0 0 0 0 0 0 0
"39" 39 0.593023255814 210 150 59 27 12 11 7 7 6 4 4 2 1 0 0 0 0 0 0 0
"40" 40 0.709821428571 186 93 88 50 44 22 8 3 2 2 1 1 0 0 0 0 0 0 0 0
"41" 41 0.288461538462 500 0 0 0 0 0 0 0 0 0 0 0 0 0 0 0 0 0 0 0
"42" 42 0.362068965517 331 51 35 17 17 12 8 8 7 6 4 3 1 0 0 0 0 0 0 0
"43" 43 0.207547169811 159 118 91 53 41 18 12 4 3 1 0 0 0 0 0 0 0 0 0 0
"44" 44 0.569536423841 171 149 58 57 40 14 3 3 2 2 1 0 0 0 0 0 0 0 0 0
"45" 45 0.348837209302 159 108 92 48 39 31 7 6 5 5 0 0 0 0 0 0 0 0 0 0
"46" 46 0.0 138 126 71 44 36 31 14 11 10 9 3 3 2 1 1 0 0 0 0 0
"47" 47 0.482233502538 249 105 86 34 9 9 5 2 1 0 0 0 0 0 0 0 0 0 0 0
"48" 48 0.29197080292 209 183 29 27 26 21 3 1 1 0 0 0 0 0 0 0 0 0 0 0
"49" 49 0.0267857142857 294 73 46 43 33 8 1 1 1 0 0 0 0 0 0 0 0 0 0 0
"50" 50 0.121827411168 130 126 99 75 21 13 10 10 9 3 2 1 1 0 0 0 0 0 0 0
"51" 51 0.403973509934 151 126 86 79 21 14 13 6 2 2 0 0 0 0 0 0 0 0 0 0
"52" 52 0.0597014925373 284 73 55 45 20 18 2 1 1 1 0 0 0 0 0 0 0 0 0 0
"53" 53 0.0398009950249 170 156 116 31 10 8 4 3 1 1 0 0 0 0 0 0 0 0 0 0
"54" 54 0.632911392405 224 109 55 38 25 25 8 6 5 3 2 0 0 0 0 0 0 0 0 0
"55" 55 0.424107142857 151 82 58 54 51 47 41 16 0 0 0 0 0 0 0 0 0 0 0 0
"56" 56 0.0199004975124 494 3 2 1 0 0 0 0 0 0 0 0 0 0 0 0 0 0 0 0
"57" 57 0.594871794872 213 74 73 63 41 15 9 7 4 1 0 0 0 0 0 0 0 0 0 0
"58" 58 0.177033492823 463 26 6 4 1 0 0 0 0 0 0 0 0 0 0 0 0 0 0 0
"59" 59 0.566037735849 235 129 88 27 17 4 0 0 0 0 0 0 0 0 0 0 0 0 0 0
"60" 60 0.0564102564103 271 94 73 50 6 3 2 1 0 0 0 0 0 0 0 0 0 0 0 0
"61" 61 0.010152284264 491 5 4 0 0 0 0 0 0 0 0 0 0 0 0 0 0 0 0 0
"62" 62 0.0287356321839 163 109 83 41 39 20 13 10 9 7 5 1 0 0 0 0 0 0 0 0
"63" 63 0.430379746835 207 159 68 34 8 6 6 4 3 3 2 0 0 0 0 0 0 0 0 0
"64" 64 0.124378109453 388 102 4 2 1 1 1 1 0 0 0 0 0 0 0 0 0 0 0 0
"65" 65 0.268656716418 451 13 10 8 8 3 2 2 1 1 1 0 0 0 0 0 0 0 0 0
"66" 66 0.461139896373 384 63 50 2 1 0 0 0 0 0 0 0 0 0 0 0 0 0 0 0
"67" 67 0.155172413793 307 127 20 19 13 5 5 2 1 1 0 0 0 0 0 0 0 0 0 0
"68" 68 0.147208121827 484 9 4 2 1 0 0 0 0 0 0 0 0 0 0 0 0 0 0 0
"69" 69 0.66985645933 154 127 92 92 11 9 8 4 3 0 0 0 0 0 0 0 0 0 0 0
"70" 70 0.348837209302 435 58 2 2 1 1 1 0 0 0 0 0 0 0 0 0 0 0 0 0
"71" 71 0.723214285714 159 156 140 18 12 6 3 2 2 1 1 0 0 0 0 0 0 0 0 0
"72" 72 0.4 383 29 25 18 16 10 7 6 2 2 1 1 0 0 0 0 0 0 0 0
"73" 73 0.257383966245 315 80 39 37 15 11 1 1 1 0 0 0 0 0 0 0 0 0 0 0
"74" 74 0.0298507462687 299 91 47 20 11 7 6 5 4 4 2 2 2 0 0 0 0 0 0 0
"75" 75 0.0836501901141 311 60 58 34 30 5 1 1 0 0 0 0 0 0 0 0 0 0 0 0
"76" 76 0.0 251 114 105 11 10 6 1 1 1 0 0 0 0 0 0 0 0 0 0 0
"77" 77 0.0172413793103 353 127 9 5 2 2 1 1 0 0 0 0 0 0 0 0 0 0 0 0
"78" 78 0.0836820083682 294 79 71 39 6 5 4 2 0 0 0 0 0 0 0 0 0 0 0 0
"79" 79 0.174107142857 234 131 70 18 14 8 7 7 3 3 3 2 0 0 0 0 0 0 0 0
"80" 80 0.163179916318 349 146 5 0 0 0 0 0 0 0 0 0 0 0 0 0 0 0 0 0
"81" 81 0.0497512437811 356 104 17 12 7 2 1 1 0 0 0 0 0 0 0 0 0 0 0 0
"82" 82 0.377990430622 286 124 23 19 11 9 8 5 5 5 4 1 0 0 0 0 0 0 0 0
"83" 83 0.125560538117 244 87 60 32 29 29 10 3 2 2 1 1 0 0 0 0 0 0 0 0
"84" 84 0.217616580311 272 87 77 37 9 8 3 3 2 1 1 0 0 0 0 0 0 0 0 0
"85" 85 0.0 417 45 14 9 6 5 2 1 1 0 0 0 0 0 0 0 0 0 0 0
"86" 86 0.232067510549 126 117 100 56 39 37 8 6 5 3 1 1 1 0 0 0 0 0 0 0
"87" 87 0.485232067511 207 115 65 40 31 17 9 5 4 2 2 2 1 0 0 0 0 0 0 0
"88" 88 0.0334728033473 296 52 48 37 25 20 7 6 3 2 1 1 1 1 0 0 0 0 0 0
"89" 89 0.0321100917431 274 143 34 16 10 5 5 4 4 3 1 1 0 0 0 0 0 0 0 0
"90" 90 0.492227979275 113 97 69 68 61 42 17 15 7 5 3 2 1 0 0 0 0 0 0 0
"91" 91 0.612403100775 116 68 55 42 36 33 33 33 31 24 19 9 1 0 0 0 0 0 0 0
"92" 92 0.0927152317881 111 96 85 47 38 37 24 16 15 9 8 7 3 2 1 1 0 0 0 0
"93" 93 0.527131782946 117 90 87 69 65 37 14 7 4 4 3 3 0 0 0 0 0 0 0 0
"94" 94 0.880597014925 187 137 109 19 19 13 10 6 0 0 0 0 0 0 0 0 0 0 0 0
"95" 95 0.761627906977 163 135 56 46 33 17 15 14 10 6 2 2 1 0 0 0 0 0 0 0
"96" 96 0.173076923077 500 0 0 0 0 0 0 0 0 0 0 0 0 0 0 0 0 0 0 0
"97" 97 0.0710659898477 272 82 53 38 13 11 9 8 8 4 2 0 0 0 0 0 0 0 0 0
"98" 98 0.51572327044 316 129 23 19 9 3 1 0 0 0 0 0 0 0 0 0 0 0 0 0
"99" 99 0.283582089552 180 118 62 37 33 23 14 9 6 6 4 4 2 1 1 0 0 0 0 0
"100" 100 0.396226415094 186 163 119 9 7 5 5 3 1 1 1 0 0 0 0 0 0 0 0 0
"101" 101 0.0199004975124 419 47 11 10 5 2 2 1 1 1 1 0 0 0 0 0 0 0 0 0
"102" 102 0.0304568527919 475 13 6 2 2 1 1 0 0 0 0 0 0 0 0 0 0 0 0 0
"103" 103 0.0632911392405 330 68 50 15 12 8 7 4 2 1 1 1 1 0 0 0 0 0 0 0
"104" 104 0.0132450331126 483 12 3 2 0 0 0 0 0 0 0 0 0 0 0 0 0 0 0 0
"105" 105 0.0 361 64 33 14 10 7 3 3 2 1 1 1 0 0 0 0 0 0 0 0
"106" 106 0.0 310 46 31 29 22 20 15 15 8 2 1 1 0 0 0 0 0 0 0 0
"107" 107 0.209205020921 261 189 36 4 3 3 2 1 1 0 0 0 0 0 0 0 0 0 0 0
"108" 108 0.0582959641256 224 161 48 27 11 7 7 6 4 4 1 0 0 0 0 0 0 0 0 0
"109" 109 0.0 413 71 5 4 2 2 2 1 0 0 0 0 0 0 0 0 0 0 0 0
"110" 110 0.0 407 35 34 10 5 4 4 1 0 0 0 0 0 0 0 0 0 0 0 0
"111" 111 0.282511210762 277 110 55 43 5 4 3 1 1 1 0 0 0 0 0 0 0 0 0 0
"112" 112 0.0 427 72 1 0 0 0 0 0 0 0 0 0 0 0 0 0 0 0 0 0
"113" 113 0.0 135 88 78 75 43 27 12 12 11 10 9 0 0 0 0 0 0 0 0 0
"114" 114 0.116279069767 312 146 14 10 8 6 2 1 1 0 0 0 0 0 0 0 0 0 0 0
"115" 115 0.209205020921 403 71 19 5 1 1 0 0 0 0 0 0 0 0 0 0 0 0 0 0
"116" 116 0.0 384 57 27 11 9 7 3 2 0 0 0 0 0 0 0 0 0 0 0 0
"117" 117 0.124401913876 427 19 15 13 5 5 5 5 2 2 1 1 0 0 0 0 0 0 0 0
"118" 118 0.576158940397 180 164 80 21 16 15 13 5 2 2 1 1 0 0 0 0 0 0 0 0
"119" 119 0.320574162679 182 180 60 41 15 8 5 5 2 1 1 0 0 0 0 0 0 0 0 0
"120" 120 0.35401459854 163 148 136 19 19 6 3 3 1 1 1 0 0 0 0 0 0 0 0 0
"121" 121 0.0 310 86 52 27 23 1 1 0 0 0 0 0 0 0 0 0 0 0 0 0
"122" 122 0.0 296 49 28 26 26 25 23 20 3 2 1 1 0 0 0 0 0 0 0 0
"123" 123 0.0 500 0 0 0 0 0 0 0 0 0 0 0 0 0 0 0 0 0 0 0
"124" 124 0.0583941605839 380 64 36 11 6 1 1 1 0 0 0 0 0 0 0 0 0 0 0 0
"125" 125 0.0880829015544 219 202 60 5 4 3 2 2 2 1 0 0 0 0 0 0 0 0 0 0
"126" 126 0.0 155 117 106 46 38 19 6 4 3 3 2 1 0 0 0 0 0 0 0 0
"127" 127 0.172995780591 271 77 69 50 13 12 5 2 1 0 0 0 0 0 0 0 0 0 0 0
"128" 128 0.0 264 173 30 14 12 3 2 2 0 0 0 0 0 0 0 0 0 0 0 0
"129" 129 0.309417040359 196 150 72 66 14 2 0 0 0 0 0 0 0 0 0 0 0 0 0 0
"130" 130 0.0717948717949 261 75 74 50 30 7 1 1 1 0 0 0 0 0 0 0 0 0 0 0
"131" 131 0.0 312 160 11 7 5 3 1 1 0 0 0 0 0 0 0 0 0 0 0 0
"132" 132 0.199004975124 155 140 111 36 20 17 10 4 4 2 1 0 0 0 0 0 0 0 0 0
"133" 133 0.0 348 56 49 35 3 2 2 1 1 1 1 1 0 0 0 0 0 0 0 0
"134" 134 0.138461538462 485 11 3 1 0 0 0 0 0 0 0 0 0 0 0 0 0 0 0 0
"135" 135 0.383720930233 152 132 96 74 15 10 9 7 2 1 1 1 0 0 0 0 0 0 0 0
"136" 136 0.571428571429 259 78 67 34 22 13 11 10 4 2 0 0 0 0 0 0 0 0 0 0
"137" 137 0.0 500 0 0 0 0 0 0 0 0 0 0 0 0 0 0 0 0 0 0 0
"138" 138 0.0697674418605 262 120 89 18 6 3 1 1 0 0 0 0 0 0 0 0 0 0 0 0
"139" 139 0.0 402 75 17 4 2 0 0 0 0 0 0 0 0 0 0 0 0 0 0 0
"140" 140 0.10970464135 434 25 11 8 7 6 6 3 0 0 0 0 0 0 0 0 0 0 0 0
"141" 141 0.0 320 89 51 16 13 6 3 1 1 0 0 0 0 0 0 0 0 0 0 0
"142" 142 0.0697674418605 323 145 18 14 0 0 0 0 0 0 0 0 0 0 0 0 0 0 0 0
"143" 143 0.305699481865 232 204 42 14 4 2 1 1 0 0 0 0 0 0 0 0 0 0 0 0
"144" 144 0.00418410041841 463 18 16 2 1 0 0 0 0 0 0 0 0 0 0 0 0 0 0 0
"145" 145 0.105769230769 147 107 81 60 41 21 21 6 4 4 3 2 2 1 0 0 0 0 0 0
"146" 146 0.268656716418 214 83 51 37 32 26 23 15 14 2 2 1 0 0 0 0 0 0 0 0
"147" 147 0.0 343 157 0 0 0 0 0 0 0 0 0 0 0 0 0 0 0 0 0 0
"148" 148 0.197080291971 318 54 39 35 20 15 5 4 4 2 2 1 1 0 0 0 0 0 0 0
"149" 149 0.325581395349 110 103 86 75 53 29 21 9 4 2 2 2 2 2 0 0 0 0 0 0
"150" 150 0.125523012552 119 90 72 55 48 40 19 18 15 11 4 3 2 1 1 1 1 0 0 0
"151" 151 0.269230769231 299 152 23 10 6 5 3 1 1 0 0 0 0 0 0 0 0 0 0 0
"152" 152 0.804597701149 209 108 60 45 38 29 4 4 3 0 0 0 0 0 0 0 0 0 0 0
"153" 153 0.748427672956 178 155 117 43 7 0 0 0 0 0 0 0 0 0 0 0 0 0 0 0
"154" 154 0.16091954023 162 145 108 17 13 10 9 9 8 8 6 2 1 1 1 0 0 0 0 0
"155" 155 0.558394160584 456 19 13 9 3 0 0 0 0 0 0 0 0 0 0 0 0 0 0 0
"156" 156 0.523255813953 234 99 47 32 20 19 18 13 8 6 4 0 0 0 0 0 0 0 0 0
"157" 157 0.110266159696 313 177 4 3 2 1 0 0 0 0 0 0 0 0 0 0 0 0 0 0
"158" 158 0.832535885167 155 116 60 55 33 30 24 15 8 2 1 1 0 0 0 0 0 0 0 0
"159" 159 0.790178571429 476 13 11 0 0 0 0 0 0 0 0 0 0 0 0 0 0 0 0 0
"160" 160 0.0804597701149 231 97 71 52 20 10 9 6 3 1 0 0 0 0 0 0 0 0 0 0
"161" 161 0.0114942528736 130 87 73 64 57 40 16 15 13 5 0 0 0 0 0 0 0 0 0 0
"162" 162 0.273255813953 217 140 64 28 25 12 6 4 3 1 0 0 0 0 0 0 0 0 0 0
"163" 163 0.164179104478 406 91 2 1 0 0 0 0 0 0 0 0 0 0 0 0 0 0 0 0
"164" 164 0.351063829787 295 65 58 28 23 19 7 2 1 1 1 0 0 0 0 0 0 0 0 0
"165" 165 0.0152091254753 285 155 56 2 2 0 0 0 0 0 0 0 0 0 0 0 0 0 0 0
"166" 166 0.142335766423 492 8 0 0 0 0 0 0 0 0 0 0 0 0 0 0 0 0 0 0
"167" 167 0.0077519379845 313 131 26 10 8 6 4 1 1 0 0 0 0 0 0 0 0 0 0 0
"168" 168 0.0 126 102 82 51 32 28 25 20 15 10 9 0 0 0 0 0 0 0 0 0
"169" 169 0.0223214285714 441 28 12 6 3 3 3 2 1 1 0 0 0 0 0 0 0 0 0 0
"170" 170 0.0761421319797 177 104 82 42 35 32 12 7 3 3 2 1 0 0 0 0 0 0 0 0
"171" 171 0.0199004975124 420 72 3 2 2 1 0 0 0 0 0 0 0 0 0 0 0 0 0 0
"172" 172 0.0 338 47 34 22 13 13 9 6 6 4 4 3 1 0 0 0 0 0 0 0
"173" 173 0.259615384615 362 49 42 33 12 2 0 0 0 0 0 0 0 0 0 0 0 0 0 0
"174" 174 0.113924050633 291 132 58 17 1 1 0 0 0 0 0 0 0 0 0 0 0 0 0 0
"175" 175 0.455696202532 133 81 76 62 58 30 21 21 12 5 1 0 0 0 0 0 0 0 0 0
"176" 176 0.539923954373 347 103 17 13 8 5 3 2 1 1 0 0 0 0 0 0 0 0 0 0
"177" 177 0.0304182509506 315 82 43 38 13 5 2 1 1 0 0 0 0 0 0 0 0 0 0 0
"178" 178 0.23178807947 247 170 44 39 0 0 0 0 0 0 0 0 0 0 0 0 0 0 0 0
"179" 179 0.267441860465 188 102 94 36 34 29 12 2 1 1 1 0 0 0 0 0 0 0 0 0
"180" 180 0.0852713178295 370 57 36 23 9 4 1 0 0 0 0 0 0 0 0 0 0 0 0 0
"181" 181 0.0 262 94 78 55 6 5 0 0 0 0 0 0 0 0 0 0 0 0 0 0
"182" 182 0.0 500 0 0 0 0 0 0 0 0 0 0 0 0 0 0 0 0 0 0 0
"183" 183 0.010152284264 161 119 70 52 30 21 21 18 6 2 0 0 0 0 0 0 0 0 0 0
"184" 184 0.0 268 137 88 4 1 1 1 0 0 0 0 0 0 0 0 0 0 0 0 0
"185" 185 0.0 393 70 26 10 1 0 0 0 0 0 0 0 0 0 0 0 0 0 0 0
"186" 186 0.00497512437811 377 88 9 7 7 4 3 1 1 1 1 1 0 0 0 0 0 0 0 0
"187" 187 0.0 496 4 0 0 0 0 0 0 0 0 0 0 0 0 0 0 0 0 0 0
"188" 188 0.00632911392405 333 122 29 10 3 1 1 1 0 0 0 0 0 0 0 0 0 0 0 0
"189" 189 0.0 293 121 48 21 7 3 2 2 2 1 0 0 0 0 0 0 0 0 0 0
"190" 190 0.0 305 91 38 14 13 11 10 7 5 5 1 0 0 0 0 0 0 0 0 0
"191" 191 0.0 208 186 36 20 15 9 9 6 3 3 2 2 1 0 0 0 0 0 0 0
"192" 192 0.0178571428571 232 149 42 30 15 8 5 5 3 3 3 2 2 1 0 0 0 0 0 0
"193" 193 0.0 404 35 20 14 9 5 4 2 2 2 2 1 0 0 0 0 0 0 0 0
"194" 194 0.0689655172414 120 73 65 53 41 35 32 30 14 14 9 4 3 2 2 2 1 0 0 0
"195" 195 0.191860465116 317 109 25 15 15 14 3 2 0 0 0 0 0 0 0 0 0 0 0 0
"196" 196 0.299270072993 271 115 84 21 3 2 1 1 1 1 0 0 0 0 0 0 0 0 0 0
"197" 197 0.631386861314 214 137 124 6 6 4 4 3 2 0 0 0 0 0 0 0 0 0 0 0
"198" 198 0.15503875969 265 62 49 36 19 17 17 12 5 5 4 3 2 1 1 1 1 0 0 0
"199" 199 0.144278606965 373 69 30 12 7 3 2 1 1 1 1 0 0 0 0 0 0 0 0 0
"200" 200 0.00836820083682 438 47 3 3 2 2 1 1 1 1 1 0 0 0 0 0 0 0 0 0
"201" 201 0.245283018868 478 11 10 1 0 0 0 0 0 0 0 0 0 0 0 0 0 0 0 0
"202" 202 0.0384615384615 500 0 0 0 0 0 0 0 0 0 0 0 0 0 0 0 0 0 0 0
"203" 203 0.683937823834 189 123 96 50 13 12 12 4 1 0 0 0 0 0 0 0 0 0 0 0
"204" 204 0.337748344371 453 26 16 3 1 1 0 0 0 0 0 0 0 0 0 0 0 0 0 0
"205" 205 0.495535714286 432 27 18 15 3 2 2 1 0 0 0 0 0 0 0 0 0 0 0 0
"206" 206 0.324873096447 365 95 13 9 5 4 4 2 2 1 0 0 0 0 0 0 0 0 0 0
"207" 207 0.124352331606 313 78 33 29 15 10 10 6 3 2 1 0 0 0 0 0 0 0 0 0
"208" 208 0.0 322 73 60 20 18 4 3 0 0 0 0 0 0 0 0 0 0 0 0 0
"209" 209 0.0348258706468 342 120 25 4 2 2 2 1 1 1 0 0 0 0 0 0 0 0 0 0
"210" 210 0.200836820084 398 64 29 4 2 1 1 1 0 0 0 0 0 0 0 0 0 0 0 0
"211" 211 0.277372262774 264 186 32 9 6 1 1 1 0 0 0 0 0 0 0 0 0 0 0 0
"212" 212 0.0 305 129 39 9 5 3 3 3 2 1 1 0 0 0 0 0 0 0 0 0
"213" 213 0.00418410041841 277 109 64 40 7 2 1 0 0 0 0 0 0 0 0 0 0 0 0 0
"214" 214 0.383211678832 332 131 26 10 1 0 0 0 0 0 0 0 0 0 0 0 0 0 0 0
"215" 215 0.104651162791 403 21 20 18 7 6 6 5 5 4 3 1 1 0 0 0 0 0 0 0
"216" 216 0.0298507462687 385 95 8 5 4 2 1 0 0 0 0 0 0 0 0 0 0 0 0 0
"217" 217 0.0576923076923 500 0 0 0 0 0 0 0 0 0 0 0 0 0 0 0 0 0 0 0
"218" 218 0.156976744186 119 118 101 80 75 7 0 0 0 0 0 0 0 0 0 0 0 0 0 0
"219" 219 0.0377358490566 194 194 85 9 4 4 4 3 1 1 1 0 0 0 0 0 0 0 0 0
"220" 220 0.424870466321 466 25 7 1 1 0 0 0 0 0 0 0 0 0 0 0 0 0 0 0
"221" 221 0.34375 369 86 20 8 4 3 3 3 2 2 0 0 0 0 0 0 0 0 0 0
"222" 222 0.770114942529 295 139 25 24 8 5 2 1 1 0 0 0 0 0 0 0 0 0 0 0
"223" 223 0.350574712644 175 125 112 54 7 6 4 4 4 3 2 2 2 0 0 0 0 0 0 0
"224" 224 0.0390070921986 258 216 11 7 7 1 0 0 0 0 0 0 0 0 0 0 0 0 0 0
"225" 225 0.522012578616 376 62 24 20 12 4 1 1 0 0 0 0 0 0 0 0 0 0 0 0
"226" 226 0.317307692308 500 0 0 0 0 0 0 0 0 0 0 0 0 0 0 0 0 0 0 0
"227" 227 0.0 286 85 33 32 24 19 10 4 4 2 1 0 0 0 0 0 0 0 0 0
"228" 228 0.354651162791 267 116 54 13 13 10 8 8 6 3 1 1 0 0 0 0 0 0 0 0
"229" 229 0.675496688742 381 54 31 28 4 2 0 0 0 0 0 0 0 0 0 0 0 0 0 0
"230" 230 0.0871559633028 365 86 21 19 5 1 1 1 1 0 0 0 0 0 0 0 0 0 0 0
"231" 231 0.509433962264 297 150 38 5 4 3 2 1 0 0 0 0 0 0 0 0 0 0 0 0
"232" 232 0.466321243523 181 114 79 55 20 15 9 9 7 6 3 2 0 0 0 0 0 0 0 0
"233" 233 0.155893536122 191 166 76 59 6 2 0 0 0 0 0 0 0 0 0 0 0 0 0 0
"234" 234 0.426160337553 201 179 67 24 13 6 4 3 2 1 0 0 0 0 0 0 0 0 0 0
"235" 235 0.654088050314 172 91 89 78 29 14 10 7 4 3 1 1 1 0 0 0 0 0 0 0
"236" 236 0.668874172185 190 112 108 83 4 3 0 0 0 0 0 0 0 0 0 0 0 0 0 0
"237" 237 0.0376569037657 132 122 110 57 33 20 7 7 5 3 2 1 1 0 0 0 0 0 0 0
"238" 238 0.345911949686 170 150 119 26 14 9 8 3 1 0 0 0 0 0 0 0 0 0 0 0
"239" 239 0.763713080169 401 51 16 15 12 3 2 0 0 0 0 0 0 0 0 0 0 0 0 0
"240" 240 0.27304964539 381 65 52 2 0 0 0 0 0 0 0 0 0 0 0 0 0 0 0 0
"241" 241 0.713178294574 368 83 47 1 1 0 0 0 0 0 0 0 0 0 0 0 0 0 0 0
"242" 242 0.416058394161 251 117 56 36 15 12 10 3 0 0 0 0 0 0 0 0 0 0 0 0
"243" 243 0.367713004484 327 94 46 20 7 2 1 1 1 1 0 0 0 0 0 0 0 0 0 0
"244" 244 0.528497409326 198 192 77 9 7 6 5 4 1 1 0 0 0 0 0 0 0 0 0 0
"245" 245 0.0753138075314 204 143 89 36 11 5 3 3 2 2 1 1 0 0 0 0 0 0 0 0
"246" 246 0.291390728477 219 127 56 35 21 16 14 4 3 3 1 1 0 0 0 0 0 0 0 0
"247" 247 0.590717299578 243 161 35 33 20 2 2 2 1 1 0 0 0 0 0 0 0 0 0 0
"248" 248 0.0689655172414 278 178 13 9 6 4 4 2 2 2 1 1 0 0 0 0 0 0 0 0
"249" 249 0.00574712643678 136 115 93 45 40 40 13 7 3 3 2 1 1 1 0 0 0 0 0 0
"250" 250 0.509433962264 205 123 105 50 16 1 0 0 0 0 0 0 0 0 0 0 0 0 0 0
"251" 251 0.59748427673 186 117 116 60 10 4 4 2 1 0 0 0 0 0 0 0 0 0 0 0
"252" 252 0.0298507462687 167 151 101 49 19 5 4 2 2 0 0 0 0 0 0 0 0 0 0 0
"253" 253 0.316062176166 390 91 8 6 4 1 0 0 0 0 0 0 0 0 0 0 0 0 0 0
"254" 254 0.647321428571 158 127 120 57 14 11 5 4 3 1 0 0 0 0 0 0 0 0 0 0
"255" 255 0.238341968912 195 143 47 46 27 20 14 3 2 2 1 0 0 0 0 0 0 0 0 0
"256" 256 0.0 126 108 79 69 41 28 18 12 7 7 3 1 1 0 0 0 0 0 0 0
"257" 257 0.284671532847 207 150 42 41 38 13 7 1 1 0 0 0 0 0 0 0 0 0 0 0
"258" 258 0.304635761589 163 140 72 58 31 24 8 2 1 1 0 0 0 0 0 0 0 0 0 0
"259" 259 0.0 373 73 34 8 4 2 2 1 1 1 1 0 0 0 0 0 0 0 0 0
"260" 260 0.00497512437811 338 90 27 24 5 5 4 3 2 1 1 0 0 0 0 0 0 0 0 0
"261" 261 0.264900662252 295 135 32 20 7 6 3 2 0 0 0 0 0 0 0 0 0 0 0 0
"262" 262 0.318385650224 207 108 84 49 34 6 6 4 2 0 0 0 0 0 0 0 0 0 0 0
"263" 263 0.0 321 91 48 13 12 6 2 2 2 1 1 1 0 0 0 0 0 0 0 0
"264" 264 0.0248756218905 254 235 5 2 2 2 0 0 0 0 0 0 0 0 0 0 0 0 0 0
"265" 265 0.282296650718 391 98 5 3 2 1 0 0 0 0 0 0 0 0 0 0 0 0 0 0
"266" 266 0.0304182509506 251 112 46 41 31 9 4 2 1 1 1 1 0 0 0 0 0 0 0 0
"267" 267 0.0984455958549 220 125 107 24 17 3 2 1 1 0 0 0 0 0 0 0 0 0 0 0
"268" 268 0.194968553459 201 168 69 28 8 8 6 5 2 2 2 1 0 0 0 0 0 0 0 0
"269" 269 0.723076923077 209 191 45 33 11 6 3 2 0 0 0 0 0 0 0 0 0 0 0 0
"270" 270 0.616033755274 196 130 103 33 25 9 3 1 0 0 0 0 0 0 0 0 0 0 0 0
"271" 271 0.0510948905109 387 53 53 4 2 1 0 0 0 0 0 0 0 0 0 0 0 0 0 0
"272" 272 0.10152284264 198 139 97 40 20 3 2 1 0 0 0 0 0 0 0 0 0 0 0 0
"273" 273 0.364238410596 449 33 9 5 3 1 0 0 0 0 0 0 0 0 0 0 0 0 0 0
"274" 274 0.0077519379845 318 110 72 0 0 0 0 0 0 0 0 0 0 0 0 0 0 0 0 0
"275" 275 0.675105485232 425 42 13 8 3 3 3 2 1 0 0 0 0 0 0 0 0 0 0 0
"276" 276 0.348837209302 222 180 65 15 7 6 3 1 1 0 0 0 0 0 0 0 0 0 0 0
"277" 277 0.0 430 47 6 6 4 2 2 1 1 1 0 0 0 0 0 0 0 0 0 0
"278" 278 0.233830845771 499 1 0 0 0 0 0 0 0 0 0 0 0 0 0 0 0 0 0 0
"279" 279 0.697674418605 398 56 32 6 3 3 2 0 0 0 0 0 0 0 0 0 0 0 0 0
"280" 280 0.0813397129187 500 0 0 0 0 0 0 0 0 0 0 0 0 0 0 0 0 0 0 0
"281" 281 0.415094339623 162 157 128 20 14 5 5 4 4 1 0 0 0 0 0 0 0 0 0 0
"282" 282 0.0 131 99 95 91 34 16 16 9 6 2 1 0 0 0 0 0 0 0 0 0
"283" 283 0.0418410041841 433 52 15 0 0 0 0 0 0 0 0 0 0 0 0 0 0 0 0 0
"284" 284 0.677130044843 390 37 18 17 11 7 7 5 3 3 1 1 0 0 0 0 0 0 0 0
"285" 285 0.518134715026 249 68 61 46 42 25 4 3 2 0 0 0 0 0 0 0 0 0 0 0
"286" 286 0.229885057471 255 209 21 9 5 1 0 0 0 0 0 0 0 0 0 0 0 0 0 0
"287" 287 0.517441860465 422 62 6 3 2 2 2 1 0 0 0 0 0 0 0 0 0 0 0 0
"288" 288 0.489451476793 222 177 51 32 7 5 4 1 1 0 0 0 0 0 0 0 0 0 0 0
"289" 289 0.22641509434 289 93 43 33 18 17 4 2 1 0 0 0 0 0 0 0 0 0 0 0
"290" 290 0.563218390805 197 189 47 28 24 12 1 1 1 0 0 0 0 0 0 0 0 0 0 0
"291" 291 0.0377358490566 363 67 21 14 11 5 5 5 2 2 2 1 1 1 0 0 0 0 0 0
"292" 292 0.88995215311 442 22 16 10 3 2 1 1 1 1 1 0 0 0 0 0 0 0 0 0
"293" 293 0.497512437811 327 56 48 29 10 9 9 6 2 2 1 1 0 0 0 0 0 0 0 0
