"site" "RSA" "aa1" "aa2" "aa3" "aa4" "aa5" "aa6" "aa7" "aa8" "aa9" "aa10" "aa11" "aa12" "aa13" "aa14" "aa15" "aa16" "aa17" "aa18" "aa19" "aa20"
"0" 0 0.230769230769 500 0 0 0 0 0 0 0 0 0 0 0 0 0 0 0 0 0 0 0
"1" 1 0.558974358974 495 5 0 0 0 0 0 0 0 0 0 0 0 0 0 0 0 0 0 0
"2" 2 0.43654822335 248 181 39 14 12 5 1 0 0 0 0 0 0 0 0 0 0 0 0 0
"3" 3 0.071129707113 219 181 66 17 8 3 3 3 0 0 0 0 0 0 0 0 0 0 0 0
"4" 4 0.0697674418605 500 0 0 0 0 0 0 0 0 0 0 0 0 0 0 0 0 0 0 0
"5" 5 0.507692307692 493 5 2 0 0 0 0 0 0 0 0 0 0 0 0 0 0 0 0 0
"6" 6 0.0945273631841 328 169 3 0 0 0 0 0 0 0 0 0 0 0 0 0 0 0 0 0
"7" 7 0.0 331 88 64 7 6 3 1 0 0 0 0 0 0 0 0 0 0 0 0 0
"8" 8 0.447257383966 491 8 1 0 0 0 0 0 0 0 0 0 0 0 0 0 0 0 0 0
"9" 9 0.528846153846 500 0 0 0 0 0 0 0 0 0 0 0 0 0 0 0 0 0 0 0
"10" 10 0.134328358209 240 200 56 3 1 0 0 0 0 0 0 0 0 0 0 0 0 0 0 0
"11" 11 0.317991631799 492 8 0 0 0 0 0 0 0 0 0 0 0 0 0 0 0 0 0 0
"12" 12 0.615384615385 455 44 1 0 0 0 0 0 0 0 0 0 0 0 0 0 0 0 0 0
"13" 13 0.573839662447 492 7 1 0 0 0 0 0 0 0 0 0 0 0 0 0 0 0 0 0
"14" 14 0.772151898734 352 67 53 13 10 2 2 1 0 0 0 0 0 0 0 0 0 0 0 0
"15" 15 0.352678571429 305 195 0 0 0 0 0 0 0 0 0 0 0 0 0 0 0 0 0 0
"16" 16 0.0596330275229 295 67 47 32 14 13 11 6 5 5 3 2 0 0 0 0 0 0 0 0
"17" 17 0.120437956204 207 136 65 61 17 11 2 1 0 0 0 0 0 0 0 0 0 0 0 0
"18" 18 0.0 196 151 129 12 7 2 1 1 1 0 0 0 0 0 0 0 0 0 0 0
"19" 19 0.0 240 145 53 26 25 3 3 2 2 1 0 0 0 0 0 0 0 0 0 0
"20" 20 0.0 322 95 43 18 7 3 3 3 3 2 1 0 0 0 0 0 0 0 0 0
"21" 21 0.0 152 128 101 38 35 18 11 7 4 3 2 1 0 0 0 0 0 0 0 0
"22" 22 0.0 500 0 0 0 0 0 0 0 0 0 0 0 0 0 0 0 0 0 0 0
"23" 23 0.0696517412935 211 189 99 1 0 0 0 0 0 0 0 0 0 0 0 0 0 0 0 0
"24" 24 0.424870466321 499 1 0 0 0 0 0 0 0 0 0 0 0 0 0 0 0 0 0 0
"25" 25 0.527131782946 497 3 0 0 0 0 0 0 0 0 0 0 0 0 0 0 0 0 0 0
"26" 26 0.015503875969 385 92 23 0 0 0 0 0 0 0 0 0 0 0 0 0 0 0 0 0
"27" 27 0.115384615385 500 0 0 0 0 0 0 0 0 0 0 0 0 0 0 0 0 0 0 0
"28" 28 0.0295358649789 219 203 64 10 2 1 1 0 0 0 0 0 0 0 0 0 0 0 0 0
"29" 29 0.348837209302 216 189 64 12 9 8 2 0 0 0 0 0 0 0 0 0 0 0 0 0
"30" 30 0.343023255814 172 121 98 66 39 3 1 0 0 0 0 0 0 0 0 0 0 0 0 0
"31" 31 0.010152284264 414 28 24 17 13 2 1 1 0 0 0 0 0 0 0 0 0 0 0 0
"32" 32 0.00995024875622 336 153 8 2 1 0 0 0 0 0 0 0 0 0 0 0 0 0 0 0
"33" 33 0.608365019011 358 86 42 11 2 1 0 0 0 0 0 0 0 0 0 0 0 0 0 0
"34" 34 0.345991561181 376 116 7 1 0 0 0 0 0 0 0 0 0 0 0 0 0 0 0 0
"35" 35 0.0199004975124 225 174 43 25 9 8 6 3 3 2 2 0 0 0 0 0 0 0 0 0
"36" 36 0.573839662447 500 0 0 0 0 0 0 0 0 0 0 0 0 0 0 0 0 0 0 0
"37" 37 0.0547263681592 500 0 0 0 0 0 0 0 0 0 0 0 0 0 0 0 0 0 0 0
"38" 38 0.394230769231 500 0 0 0 0 0 0 0 0 0 0 0 0 0 0 0 0 0 0 0
"39" 39 0.705357142857 499 1 0 0 0 0 0 0 0 0 0 0 0 0 0 0 0 0 0 0
"40" 40 0.248730964467 482 13 2 1 1 1 0 0 0 0 0 0 0 0 0 0 0 0 0 0
"41" 41 0.396551724138 499 1 0 0 0 0 0 0 0 0 0 0 0 0 0 0 0 0 0 0
"42" 42 0.453488372093 262 169 22 21 19 3 2 1 1 0 0 0 0 0 0 0 0 0 0 0
"43" 43 0.401162790698 204 100 86 86 9 7 5 3 0 0 0 0 0 0 0 0 0 0 0 0
"44" 44 0.502538071066 270 144 83 2 1 0 0 0 0 0 0 0 0 0 0 0 0 0 0 0
"45" 45 0.295597484277 188 92 70 67 45 21 11 3 2 1 0 0 0 0 0 0 0 0 0 0
"46" 46 0.279069767442 352 57 44 39 5 1 1 1 0 0 0 0 0 0 0 0 0 0 0 0
"47" 47 0.680203045685 404 74 22 0 0 0 0 0 0 0 0 0 0 0 0 0 0 0 0 0
"48" 48 0.471153846154 500 0 0 0 0 0 0 0 0 0 0 0 0 0 0 0 0 0 0 0
"49" 49 0.0209205020921 480 13 5 2 0 0 0 0 0 0 0 0 0 0 0 0 0 0 0 0
"50" 50 0.466666666667 189 122 102 60 18 4 3 2 0 0 0 0 0 0 0 0 0 0 0 0
"51" 51 0.0 251 167 61 13 2 2 1 1 1 1 0 0 0 0 0 0 0 0 0 0
"52" 52 0.133928571429 175 164 58 40 39 10 10 2 1 1 0 0 0 0 0 0 0 0 0 0
"53" 53 0.21511627907 236 187 44 11 10 9 2 1 0 0 0 0 0 0 0 0 0 0 0 0
"54" 54 0.0172413793103 497 3 0 0 0 0 0 0 0 0 0 0 0 0 0 0 0 0 0 0
"55" 55 0.540178571429 229 178 36 31 15 10 1 0 0 0 0 0 0 0 0 0 0 0 0 0
"56" 56 0.239543726236 499 1 0 0 0 0 0 0 0 0 0 0 0 0 0 0 0 0 0 0
"57" 57 0.409282700422 500 0 0 0 0 0 0 0 0 0 0 0 0 0 0 0 0 0 0 0
"58" 58 0.0769230769231 491 8 1 0 0 0 0 0 0 0 0 0 0 0 0 0 0 0 0 0
"59" 59 0.0 149 119 96 76 21 20 14 2 2 1 0 0 0 0 0 0 0 0 0 0
"60" 60 0.0198675496689 398 42 31 16 6 6 1 0 0 0 0 0 0 0 0 0 0 0 0 0
"61" 61 0.00418410041841 349 27 26 26 18 15 9 8 7 4 3 3 2 2 1 0 0 0 0 0
"62" 62 0.00581395348837 228 209 23 19 15 2 2 1 1 0 0 0 0 0 0 0 0 0 0 0
"63" 63 0.0 208 206 32 19 12 9 6 4 3 1 0 0 0 0 0 0 0 0 0 0
"64" 64 0.0106382978723 267 113 47 20 17 11 11 11 2 1 0 0 0 0 0 0 0 0 0 0
"65" 65 0.419689119171 382 113 2 2 1 0 0 0 0 0 0 0 0 0 0 0 0 0 0 0
"66" 66 0.051724137931 220 117 72 35 16 14 10 8 6 1 1 0 0 0 0 0 0 0 0 0
"67" 67 0.298076923077 500 0 0 0 0 0 0 0 0 0 0 0 0 0 0 0 0 0 0 0
"68" 68 0.634615384615 500 0 0 0 0 0 0 0 0 0 0 0 0 0 0 0 0 0 0 0
"69" 69 0.165919282511 238 88 51 38 31 27 16 5 5 1 0 0 0 0 0 0 0 0 0 0
"70" 70 0.373056994819 494 4 2 0 0 0 0 0 0 0 0 0 0 0 0 0 0 0 0 0
"71" 71 0.637130801688 434 44 22 0 0 0 0 0 0 0 0 0 0 0 0 0 0 0 0 0
"72" 72 0.558375634518 390 63 47 0 0 0 0 0 0 0 0 0 0 0 0 0 0 0 0 0
"73" 73 0.543795620438 466 34 0 0 0 0 0 0 0 0 0 0 0 0 0 0 0 0 0 0
"74" 74 0.220125786164 210 102 51 30 28 25 21 15 6 5 3 2 1 1 0 0 0 0 0 0
"75" 75 0.26368159204 335 103 21 13 12 9 3 3 1 0 0 0 0 0 0 0 0 0 0 0
"76" 76 0.0780141843972 215 90 82 42 37 15 15 2 1 1 0 0 0 0 0 0 0 0 0 0
"77" 77 0.448905109489 195 117 73 30 16 15 14 10 8 8 8 4 2 0 0 0 0 0 0 0
"78" 78 0.66985645933 221 104 104 31 29 11 0 0 0 0 0 0 0 0 0 0 0 0 0 0
"79" 79 0.167300380228 273 89 88 21 19 5 1 1 1 1 1 0 0 0 0 0 0 0 0 0
"80" 80 0.00836820083682 195 99 75 72 13 11 9 8 5 5 2 2 1 1 1 1 0 0 0 0
"81" 81 0.461883408072 477 23 0 0 0 0 0 0 0 0 0 0 0 0 0 0 0 0 0 0
"82" 82 0.189743589744 357 60 46 13 11 9 3 1 0 0 0 0 0 0 0 0 0 0 0 0
"83" 83 0.0232558139535 333 167 0 0 0 0 0 0 0 0 0 0 0 0 0 0 0 0 0 0
"84" 84 0.313901345291 334 106 28 11 4 4 4 4 2 2 1 0 0 0 0 0 0 0 0 0
"85" 85 0.0 336 64 53 28 7 6 3 1 1 1 0 0 0 0 0 0 0 0 0 0
"86" 86 0.0149253731343 165 152 119 36 20 3 2 1 1 1 0 0 0 0 0 0 0 0 0 0
"87" 87 0.010152284264 426 69 2 2 1 0 0 0 0 0 0 0 0 0 0 0 0 0 0 0
"88" 88 0.00418410041841 199 195 64 14 8 8 6 4 1 1 0 0 0 0 0 0 0 0 0 0
"89" 89 0.0 474 19 3 2 1 1 0 0 0 0 0 0 0 0 0 0 0 0 0 0
"90" 90 0.0402298850575 208 176 47 39 18 5 4 3 0 0 0 0 0 0 0 0 0 0 0 0
"91" 91 0.145077720207 499 1 0 0 0 0 0 0 0 0 0 0 0 0 0 0 0 0 0 0
"92" 92 0.0 388 110 2 0 0 0 0 0 0 0 0 0 0 0 0 0 0 0 0 0
"93" 93 0.230769230769 464 36 0 0 0 0 0 0 0 0 0 0 0 0 0 0 0 0 0 0
"94" 94 0.150259067358 499 1 0 0 0 0 0 0 0 0 0 0 0 0 0 0 0 0 0 0
"95" 95 0.379562043796 411 43 19 11 8 5 3 0 0 0 0 0 0 0 0 0 0 0 0 0
"96" 96 0.638392857143 375 100 20 4 1 0 0 0 0 0 0 0 0 0 0 0 0 0 0 0
"97" 97 0.288321167883 409 89 1 1 0 0 0 0 0 0 0 0 0 0 0 0 0 0 0 0
"98" 98 0.0459770114943 207 193 68 13 9 6 3 1 0 0 0 0 0 0 0 0 0 0 0 0
"99" 99 0.507692307692 223 160 67 27 11 10 1 1 0 0 0 0 0 0 0 0 0 0 0 0
"100" 100 0.272321428571 272 175 50 3 0 0 0 0 0 0 0 0 0 0 0 0 0 0 0 0
"101" 101 0.0232558139535 153 97 86 78 64 8 4 4 4 2 0 0 0 0 0 0 0 0 0 0
"102" 102 0.332116788321 416 48 16 9 7 4 0 0 0 0 0 0 0 0 0 0 0 0 0 0
"103" 103 0.419642857143 200 169 90 28 10 1 1 1 0 0 0 0 0 0 0 0 0 0 0 0
"104" 104 0.03125 362 126 4 3 2 2 1 0 0 0 0 0 0 0 0 0 0 0 0 0
"105" 105 0.0 258 155 60 17 4 2 2 2 0 0 0 0 0 0 0 0 0 0 0 0
"106" 106 0.238532110092 458 32 8 2 0 0 0 0 0 0 0 0 0 0 0 0 0 0 0 0
"107" 107 0.474452554745 156 144 138 26 12 12 6 3 2 1 0 0 0 0 0 0 0 0 0 0
"108" 108 0.0229357798165 140 116 109 69 17 10 9 6 5 5 5 4 3 1 1 0 0 0 0 0
"109" 109 0.0696517412935 248 131 53 24 17 15 12 0 0 0 0 0 0 0 0 0 0 0 0 0
"110" 110 0.581395348837 450 35 13 1 1 0 0 0 0 0 0 0 0 0 0 0 0 0 0 0
"111" 111 0.232142857143 258 123 39 18 14 11 11 7 5 4 3 3 2 1 1 0 0 0 0 0
"112" 112 0.678756476684 191 131 90 46 36 6 0 0 0 0 0 0 0 0 0 0 0 0 0 0
"113" 113 0.428571428571 487 6 3 2 1 1 0 0 0 0 0 0 0 0 0 0 0 0 0 0
"114" 114 0.00497512437811 356 131 7 3 1 1 1 0 0 0 0 0 0 0 0 0 0 0 0 0
"115" 115 0.448905109489 200 191 90 19 0 0 0 0 0 0 0 0 0 0 0 0 0 0 0 0
"116" 116 0.642487046632 246 200 43 8 3 0 0 0 0 0 0 0 0 0 0 0 0 0 0 0
"117" 117 0.0232558139535 316 184 0 0 0 0 0 0 0 0 0 0 0 0 0 0 0 0 0 0
"118" 118 0.0114942528736 252 176 39 15 7 6 3 1 1 0 0 0 0 0 0 0 0 0 0 0
"119" 119 0.00497512437811 252 155 89 2 2 0 0 0 0 0 0 0 0 0 0 0 0 0 0 0
"120" 120 0.0 340 149 9 2 0 0 0 0 0 0 0 0 0 0 0 0 0 0 0 0
"121" 121 0.0 278 120 97 5 0 0 0 0 0 0 0 0 0 0 0 0 0 0 0 0
"122" 122 0.00418410041841 380 71 49 0 0 0 0 0 0 0 0 0 0 0 0 0 0 0 0 0
"123" 123 0.0 315 110 73 2 0 0 0 0 0 0 0 0 0 0 0 0 0 0 0 0
"124" 124 0.025641025641 198 185 116 1 0 0 0 0 0 0 0 0 0 0 0 0 0 0 0 0
"125" 125 0.227848101266 430 62 6 1 1 0 0 0 0 0 0 0 0 0 0 0 0 0 0 0
"126" 126 0.22869955157 487 9 2 2 0 0 0 0 0 0 0 0 0 0 0 0 0 0 0 0
"127" 127 0.538860103627 399 44 39 12 4 1 1 0 0 0 0 0 0 0 0 0 0 0 0 0
"128" 128 0.298507462687 394 66 36 3 1 0 0 0 0 0 0 0 0 0 0 0 0 0 0 0
"129" 129 0.805031446541 423 77 0 0 0 0 0 0 0 0 0 0 0 0 0 0 0 0 0 0
"130" 130 0.476923076923 500 0 0 0 0 0 0 0 0 0 0 0 0 0 0 0 0 0 0 0
"131" 131 0.147286821705 429 71 0 0 0 0 0 0 0 0 0 0 0 0 0 0 0 0 0 0
"132" 132 0.0229357798165 175 158 82 47 25 7 2 2 1 1 0 0 0 0 0 0 0 0 0 0
"133" 133 0.415384615385 252 242 6 0 0 0 0 0 0 0 0 0 0 0 0 0 0 0 0 0
"134" 134 0.22480620155 230 189 59 18 1 1 1 1 0 0 0 0 0 0 0 0 0 0 0 0
"135" 135 0.527131782946 272 104 100 12 7 3 1 1 0 0 0 0 0 0 0 0 0 0 0 0
"136" 136 0.330357142857 177 115 88 58 46 9 4 1 1 1 0 0 0 0 0 0 0 0 0 0
"137" 137 0.0 221 102 97 41 15 14 5 2 2 1 0 0 0 0 0 0 0 0 0 0
"138" 138 0.0813953488372 352 58 52 24 5 4 2 2 1 0 0 0 0 0 0 0 0 0 0 0
"139" 139 0.668393782383 246 148 74 23 4 2 2 1 0 0 0 0 0 0 0 0 0 0 0 0
"140" 140 0.481012658228 243 107 41 31 28 14 9 9 6 5 5 2 0 0 0 0 0 0 0 0
"141" 141 0.0 460 36 2 2 0 0 0 0 0 0 0 0 0 0 0 0 0 0 0 0
"142" 142 0.125 344 51 39 38 22 4 2 0 0 0 0 0 0 0 0 0 0 0 0 0
"143" 143 0.0 493 3 2 1 1 0 0 0 0 0 0 0 0 0 0 0 0 0 0 0
"144" 144 0.626794258373 190 136 44 43 39 24 18 2 2 1 1 0 0 0 0 0 0 0 0 0
"145" 145 0.516556291391 207 163 44 42 40 2 1 1 0 0 0 0 0 0 0 0 0 0 0 0
"146" 146 0.124378109453 276 206 11 7 0 0 0 0 0 0 0 0 0 0 0 0 0 0 0 0
"147" 147 0.678832116788 500 0 0 0 0 0 0 0 0 0 0 0 0 0 0 0 0 0 0 0
"148" 148 0.918660287081 500 0 0 0 0 0 0 0 0 0 0 0 0 0 0 0 0 0 0 0
"149" 149 0.109489051095 247 190 35 18 8 2 0 0 0 0 0 0 0 0 0 0 0 0 0 0
"150" 150 0.348717948718 191 128 48 39 28 22 14 7 7 6 5 3 2 0 0 0 0 0 0 0
"151" 151 0.191489361702 459 41 0 0 0 0 0 0 0 0 0 0 0 0 0 0 0 0 0 0
"152" 152 0.307984790875 500 0 0 0 0 0 0 0 0 0 0 0 0 0 0 0 0 0 0 0
"153" 153 0.147208121827 385 107 3 2 2 1 0 0 0 0 0 0 0 0 0 0 0 0 0 0
"154" 154 0.116591928251 500 0 0 0 0 0 0 0 0 0 0 0 0 0 0 0 0 0 0 0
"155" 155 0.279069767442 301 175 11 8 2 2 1 0 0 0 0 0 0 0 0 0 0 0 0 0
"156" 156 0.0 491 9 0 0 0 0 0 0 0 0 0 0 0 0 0 0 0 0 0 0
"157" 157 0.0443037974684 355 55 50 26 7 2 2 1 1 1 0 0 0 0 0 0 0 0 0 0
"158" 158 0.0232558139535 398 42 37 17 3 2 1 0 0 0 0 0 0 0 0 0 0 0 0 0
"159" 159 0.540697674419 169 135 120 50 13 4 4 3 1 1 0 0 0 0 0 0 0 0 0 0
"160" 160 0.556291390728 362 56 45 32 5 0 0 0 0 0 0 0 0 0 0 0 0 0 0 0
"161" 161 0.221153846154 500 0 0 0 0 0 0 0 0 0 0 0 0 0 0 0 0 0 0 0
"162" 162 0.528497409326 500 0 0 0 0 0 0 0 0 0 0 0 0 0 0 0 0 0 0 0
"163" 163 0.0 500 0 0 0 0 0 0 0 0 0 0 0 0 0 0 0 0 0 0 0
"164" 164 0.00497512437811 481 15 1 1 1 1 0 0 0 0 0 0 0 0 0 0 0 0 0 0
"165" 165 0.319391634981 160 147 91 84 9 8 1 0 0 0 0 0 0 0 0 0 0 0 0 0
"166" 166 0.370535714286 315 107 36 18 16 8 0 0 0 0 0 0 0 0 0 0 0 0 0 0
"167" 167 0.0 500 0 0 0 0 0 0 0 0 0 0 0 0 0 0 0 0 0 0 0
"168" 168 0.0149253731343 256 69 46 43 33 28 12 8 5 0 0 0 0 0 0 0 0 0 0 0
"169" 169 0.331606217617 222 121 89 64 4 0 0 0 0 0 0 0 0 0 0 0 0 0 0 0
"170" 170 0.131205673759 490 9 1 0 0 0 0 0 0 0 0 0 0 0 0 0 0 0 0 0
"171" 171 0.0 364 75 56 5 0 0 0 0 0 0 0 0 0 0 0 0 0 0 0 0
"172" 172 0.0662251655629 500 0 0 0 0 0 0 0 0 0 0 0 0 0 0 0 0 0 0 0
"173" 173 0.353846153846 339 72 30 22 17 15 3 2 0 0 0 0 0 0 0 0 0 0 0 0
"174" 174 0.125560538117 222 118 41 40 30 20 17 8 3 1 0 0 0 0 0 0 0 0 0 0
"175" 175 0.044776119403 365 52 25 18 11 10 10 6 2 1 0 0 0 0 0 0 0 0 0 0
"176" 176 0.204379562044 345 75 67 10 2 1 0 0 0 0 0 0 0 0 0 0 0 0 0 0
"177" 177 0.651282051282 149 89 73 60 44 33 25 21 3 3 0 0 0 0 0 0 0 0 0 0
"178" 178 0.452914798206 197 131 66 44 30 25 7 0 0 0 0 0 0 0 0 0 0 0 0 0
"179" 179 1.03797468354 246 90 83 42 13 11 8 7 0 0 0 0 0 0 0 0 0 0 0 0
