"site" "RSA" "aa1" "aa2" "aa3" "aa4" "aa5" "aa6" "aa7" "aa8" "aa9" "aa10" "aa11" "aa12" "aa13" "aa14" "aa15" "aa16" "aa17" "aa18" "aa19" "aa20"
"0" 0 0.790697674419 282 194 23 1 0 0 0 0 0 0 0 0 0 0 0 0 0 0 0 0
"1" 1 0.34375 247 119 48 34 28 15 7 1 1 0 0 0 0 0 0 0 0 0 0 0
"2" 2 0.601990049751 341 47 23 22 18 15 14 11 8 1 0 0 0 0 0 0 0 0 0 0
"3" 3 0.267857142857 201 135 112 46 6 0 0 0 0 0 0 0 0 0 0 0 0 0 0 0
"4" 4 0.20802919708 321 55 40 35 22 15 6 3 2 1 0 0 0 0 0 0 0 0 0 0
"5" 5 0.0 327 144 26 2 1 0 0 0 0 0 0 0 0 0 0 0 0 0 0 0
"6" 6 0.0 368 123 7 2 0 0 0 0 0 0 0 0 0 0 0 0 0 0 0 0
"7" 7 0.0 207 162 120 5 3 1 1 1 0 0 0 0 0 0 0 0 0 0 0 0
"8" 8 0.031007751938 220 143 49 46 24 12 3 2 1 0 0 0 0 0 0 0 0 0 0 0
"9" 9 0.0 495 3 1 1 0 0 0 0 0 0 0 0 0 0 0 0 0 0 0 0
"10" 10 0.101265822785 217 146 71 28 26 6 2 2 1 1 0 0 0 0 0 0 0 0 0 0
"11" 11 0.0251572327044 218 178 41 33 18 6 5 1 0 0 0 0 0 0 0 0 0 0 0 0
"12" 12 0.0777202072539 122 70 66 55 52 42 38 20 19 13 2 1 0 0 0 0 0 0 0 0
"13" 13 0.0 499 1 0 0 0 0 0 0 0 0 0 0 0 0 0 0 0 0 0 0
"14" 14 0.14367816092 241 124 49 29 20 11 6 4 4 4 4 2 2 0 0 0 0 0 0 0
"15" 15 0.614349775785 219 101 52 31 26 19 16 9 9 8 5 3 2 0 0 0 0 0 0 0
"16" 16 0.470802919708 164 126 72 35 35 21 17 9 7 6 5 1 1 1 0 0 0 0 0 0
"17" 17 0.538461538462 382 108 10 0 0 0 0 0 0 0 0 0 0 0 0 0 0 0 0 0
"18" 18 0.0995024875622 281 148 37 15 11 5 1 1 1 0 0 0 0 0 0 0 0 0 0 0
"19" 19 0.294416243655 201 106 78 66 11 9 6 5 5 4 4 3 1 1 0 0 0 0 0 0
"20" 20 0.629139072848 175 131 87 57 25 16 6 2 1 0 0 0 0 0 0 0 0 0 0 0
"21" 21 0.303571428571 145 136 80 37 27 24 16 12 11 6 3 2 1 0 0 0 0 0 0 0
"22" 22 0.0 238 184 32 24 11 7 3 1 0 0 0 0 0 0 0 0 0 0 0 0
"23" 23 0.157360406091 120 91 88 79 72 32 7 3 3 2 2 1 0 0 0 0 0 0 0 0
"24" 24 0.238410596026 122 115 104 51 36 35 19 12 3 2 1 0 0 0 0 0 0 0 0 0
"25" 25 0.0656934306569 241 62 51 39 38 16 13 13 7 6 4 3 2 2 1 1 1 0 0 0
"26" 26 0.0 370 86 25 19 0 0 0 0 0 0 0 0 0 0 0 0 0 0 0 0
"27" 27 0.607142857143 148 100 74 61 50 43 11 6 5 2 0 0 0 0 0 0 0 0 0 0
"28" 28 0.667883211679 192 119 89 53 26 13 2 2 2 1 1 0 0 0 0 0 0 0 0 0
"29" 29 0.409282700422 208 122 63 31 25 21 8 6 4 4 4 2 2 0 0 0 0 0 0 0
"30" 30 0.182692307692 500 0 0 0 0 0 0 0 0 0 0 0 0 0 0 0 0 0 0 0
"31" 31 0.0669456066946 316 109 28 23 17 7 0 0 0 0 0 0 0 0 0 0 0 0 0 0
"32" 32 0.0928270042194 98 94 78 66 48 45 31 9 7 6 6 6 3 1 1 1 0 0 0 0
"33" 33 0.293532338308 483 9 7 1 0 0 0 0 0 0 0 0 0 0 0 0 0 0 0 0
"34" 34 0.0114942528736 358 58 23 18 18 13 9 2 1 0 0 0 0 0 0 0 0 0 0 0
"35" 35 0.0288461538462 465 27 7 1 0 0 0 0 0 0 0 0 0 0 0 0 0 0 0 0
"36" 36 0.41116751269 127 117 75 60 30 23 23 23 8 8 2 2 1 1 0 0 0 0 0 0
"37" 37 0.215189873418 335 78 34 19 16 12 6 0 0 0 0 0 0 0 0 0 0 0 0 0
"38" 38 0.540229885057 273 92 71 16 11 10 10 8 7 1 1 0 0 0 0 0 0 0 0 0
"39" 39 0.223880597015 226 191 54 12 11 3 2 1 0 0 0 0 0 0 0 0 0 0 0 0
"40" 40 0.573604060914 280 194 10 9 7 0 0 0 0 0 0 0 0 0 0 0 0 0 0 0
"41" 41 0.0314465408805 342 92 33 17 8 4 3 1 0 0 0 0 0 0 0 0 0 0 0 0
"42" 42 0.482558139535 337 109 39 6 4 3 2 0 0 0 0 0 0 0 0 0 0 0 0 0
"43" 43 0.286919831224 403 41 15 12 11 7 5 4 2 0 0 0 0 0 0 0 0 0 0 0
"44" 44 0.596412556054 232 169 55 13 10 6 6 4 2 2 1 0 0 0 0 0 0 0 0 0
"45" 45 0.154811715481 178 160 74 61 20 5 2 0 0 0 0 0 0 0 0 0 0 0 0 0
"46" 46 0.0 413 87 0 0 0 0 0 0 0 0 0 0 0 0 0 0 0 0 0 0
"47" 47 0.304932735426 368 126 4 1 1 0 0 0 0 0 0 0 0 0 0 0 0 0 0 0
"48" 48 0.439461883408 151 129 105 45 22 18 14 9 5 1 1 0 0 0 0 0 0 0 0 0
"49" 49 0.0717703349282 400 60 16 16 4 2 1 1 0 0 0 0 0 0 0 0 0 0 0 0
"50" 50 0.0684410646388 206 106 98 34 14 13 11 11 4 2 1 0 0 0 0 0 0 0 0 0
"51" 51 0.382775119617 225 105 41 27 27 25 23 11 6 6 2 1 1 0 0 0 0 0 0 0
"52" 52 0.59585492228 262 66 45 32 24 18 16 12 10 6 4 3 2 0 0 0 0 0 0 0
"53" 53 0.228855721393 132 125 91 43 41 20 19 14 8 4 3 0 0 0 0 0 0 0 0 0
"54" 54 0.582278481013 197 181 77 35 4 2 2 1 1 0 0 0 0 0 0 0 0 0 0 0
"55" 55 0.705357142857 204 61 56 44 39 26 21 17 15 11 5 1 0 0 0 0 0 0 0 0
"56" 56 0.507299270073 148 145 66 53 32 17 14 14 8 2 1 0 0 0 0 0 0 0 0 0
"57" 57 0.823899371069 428 70 2 0 0 0 0 0 0 0 0 0 0 0 0 0 0 0 0 0
"58" 58 0.355648535565 112 78 72 48 48 38 38 29 28 3 3 2 1 0 0 0 0 0 0 0
"59" 59 0.10460251046 485 8 5 2 0 0 0 0 0 0 0 0 0 0 0 0 0 0 0 0
"60" 60 0.482051282051 248 197 38 10 3 2 1 1 0 0 0 0 0 0 0 0 0 0 0 0
"61" 61 0.413461538462 180 145 59 39 37 17 12 9 1 1 0 0 0 0 0 0 0 0 0 0
"62" 62 0.238805970149 127 126 112 79 32 12 8 1 1 1 1 0 0 0 0 0 0 0 0 0
"63" 63 0.0 464 13 11 9 2 1 0 0 0 0 0 0 0 0 0 0 0 0 0 0
"64" 64 0.40414507772 340 53 49 23 11 8 7 4 4 1 0 0 0 0 0 0 0 0 0 0
"65" 65 0.138075313808 130 118 70 52 47 35 19 15 9 2 1 1 1 0 0 0 0 0 0 0
"66" 66 0.0248756218905 192 129 91 34 17 10 10 8 3 3 2 1 0 0 0 0 0 0 0 0
"67" 67 0.165562913907 492 8 0 0 0 0 0 0 0 0 0 0 0 0 0 0 0 0 0 0
"68" 68 0.523178807947 297 176 15 10 2 0 0 0 0 0 0 0 0 0 0 0 0 0 0 0
"69" 69 0.0769230769231 492 5 3 0 0 0 0 0 0 0 0 0 0 0 0 0 0 0 0 0
"70" 70 0.220125786164 261 181 17 12 9 8 7 2 1 1 1 0 0 0 0 0 0 0 0 0
"71" 71 0.0 360 115 11 9 2 1 1 1 0 0 0 0 0 0 0 0 0 0 0 0
"72" 72 0.0761421319797 206 164 51 31 17 10 6 4 3 2 2 1 1 1 1 0 0 0 0 0
"73" 73 0.0 480 7 4 3 3 2 1 0 0 0 0 0 0 0 0 0 0 0 0 0
"74" 74 0.0 230 178 44 41 2 2 2 1 0 0 0 0 0 0 0 0 0 0 0 0
"75" 75 0.0 483 6 6 5 0 0 0 0 0 0 0 0 0 0 0 0 0 0 0 0
"76" 76 0.0106382978723 490 10 0 0 0 0 0 0 0 0 0 0 0 0 0 0 0 0 0 0
"77" 77 0.03125 349 53 36 34 15 11 2 0 0 0 0 0 0 0 0 0 0 0 0 0
"78" 78 0.0 500 0 0 0 0 0 0 0 0 0 0 0 0 0 0 0 0 0 0 0
"79" 79 0.491071428571 328 133 20 16 2 1 0 0 0 0 0 0 0 0 0 0 0 0 0 0
"80" 80 0.25 285 154 48 7 6 0 0 0 0 0 0 0 0 0 0 0 0 0 0 0
"81" 81 0.0 303 169 9 7 7 3 2 0 0 0 0 0 0 0 0 0 0 0 0 0
"82" 82 0.0456852791878 313 113 38 16 9 6 2 2 1 0 0 0 0 0 0 0 0 0 0 0
"83" 83 0.494186046512 387 41 29 11 10 10 6 4 1 1 0 0 0 0 0 0 0 0 0 0
"84" 84 0.326996197719 196 136 57 27 25 23 11 10 7 3 2 2 1 0 0 0 0 0 0 0
"85" 85 0.00961538461538 333 134 33 0 0 0 0 0 0 0 0 0 0 0 0 0 0 0 0 0
"86" 86 0.474452554745 107 106 98 44 30 23 21 17 16 14 6 6 4 3 3 2 0 0 0 0
"87" 87 0.569620253165 387 35 16 13 12 12 9 8 5 3 0 0 0 0 0 0 0 0 0 0
"88" 88 0.114427860697 153 153 113 29 18 13 10 4 3 2 2 0 0 0 0 0 0 0 0 0
"89" 89 0.0203045685279 290 92 37 26 15 10 7 6 5 5 4 2 1 0 0 0 0 0 0 0
"90" 90 0.163461538462 500 0 0 0 0 0 0 0 0 0 0 0 0 0 0 0 0 0 0 0
"91" 91 0.31007751938 480 11 4 3 1 1 0 0 0 0 0 0 0 0 0 0 0 0 0 0
"92" 92 0.540697674419 281 177 17 16 5 2 1 1 0 0 0 0 0 0 0 0 0 0 0 0
"93" 93 0.176165803109 156 148 134 26 12 7 6 4 3 2 1 1 0 0 0 0 0 0 0 0
"94" 94 0.0440251572327 325 94 28 25 11 5 4 4 3 1 0 0 0 0 0 0 0 0 0 0
"95" 95 0.668161434978 172 121 71 46 44 33 5 4 2 2 0 0 0 0 0 0 0 0 0 0
"96" 96 0.691983122363 200 155 68 58 7 3 3 3 1 1 1 0 0 0 0 0 0 0 0 0
"97" 97 0.0993377483444 395 99 6 0 0 0 0 0 0 0 0 0 0 0 0 0 0 0 0 0
"98" 98 0.457364341085 428 39 9 5 4 4 3 2 2 2 1 1 0 0 0 0 0 0 0 0
"99" 99 0.748427672956 192 94 71 44 33 25 19 11 8 3 0 0 0 0 0 0 0 0 0 0
"100" 100 0.461538461538 500 0 0 0 0 0 0 0 0 0 0 0 0 0 0 0 0 0 0 0
"101" 101 0.110465116279 195 131 77 70 14 11 1 1 0 0 0 0 0 0 0 0 0 0 0 0
"102" 102 0.0 274 181 18 9 4 4 3 2 2 1 1 1 0 0 0 0 0 0 0 0
"103" 103 0.0839416058394 172 113 45 36 28 27 22 22 13 13 5 2 1 1 0 0 0 0 0 0
"104" 104 0.240384615385 447 53 0 0 0 0 0 0 0 0 0 0 0 0 0 0 0 0 0 0
"105" 105 0.367875647668 218 95 75 51 37 7 7 5 3 1 1 0 0 0 0 0 0 0 0 0
"106" 106 0.139303482587 230 199 35 17 13 6 0 0 0 0 0 0 0 0 0 0 0 0 0 0
"107" 107 0.093023255814 248 241 7 4 0 0 0 0 0 0 0 0 0 0 0 0 0 0 0 0
"108" 108 0.568965517241 279 100 61 32 13 8 6 1 0 0 0 0 0 0 0 0 0 0 0 0
"109" 109 0.413793103448 242 90 82 24 24 18 11 4 3 1 1 0 0 0 0 0 0 0 0 0
"110" 110 0.379310344828 148 141 55 53 20 17 16 14 9 9 7 7 2 1 1 0 0 0 0 0
"111" 111 0.451923076923 134 120 106 52 31 28 16 6 3 1 1 1 1 0 0 0 0 0 0 0
"112" 112 0.448905109489 208 99 98 35 19 16 15 6 2 1 1 0 0 0 0 0 0 0 0 0
"113" 113 0.0512820512821 436 49 12 3 0 0 0 0 0 0 0 0 0 0 0 0 0 0 0 0
"114" 114 0.0 143 111 82 70 40 13 10 10 7 5 4 4 1 0 0 0 0 0 0 0
"115" 115 0.0 257 97 82 55 3 1 1 1 1 1 1 0 0 0 0 0 0 0 0 0
"116" 116 0.157894736842 323 82 37 21 21 9 4 3 0 0 0 0 0 0 0 0 0 0 0 0
"117" 117 0.134615384615 191 142 90 46 20 6 4 1 0 0 0 0 0 0 0 0 0 0 0 0
"118" 118 0.0 349 151 0 0 0 0 0 0 0 0 0 0 0 0 0 0 0 0 0 0
"119" 119 0.502590673575 108 79 74 64 52 40 30 22 13 10 4 4 0 0 0 0 0 0 0 0
"120" 120 0.105769230769 331 50 45 44 11 7 5 4 2 1 0 0 0 0 0 0 0 0 0 0
"121" 121 0.553459119497 239 119 55 49 25 6 4 2 1 0 0 0 0 0 0 0 0 0 0 0
"122" 122 0.575892857143 216 169 34 32 24 8 7 5 3 1 1 0 0 0 0 0 0 0 0 0
"123" 123 0.174418604651 99 97 68 67 44 32 18 17 16 12 10 7 4 4 3 2 0 0 0 0
"124" 124 0.015503875969 498 2 0 0 0 0 0 0 0 0 0 0 0 0 0 0 0 0 0 0
"125" 125 0.573839662447 227 158 40 34 16 11 5 5 2 1 1 0 0 0 0 0 0 0 0 0
"126" 126 0.507772020725 262 102 51 36 30 6 6 3 2 1 1 0 0 0 0 0 0 0 0 0
"127" 127 0.09375 256 86 44 35 33 17 14 6 4 3 1 1 0 0 0 0 0 0 0 0
"128" 128 0.0964467005076 485 6 5 2 1 1 0 0 0 0 0 0 0 0 0 0 0 0 0 0
"129" 129 0.713080168776 245 155 47 44 4 3 2 0 0 0 0 0 0 0 0 0 0 0 0 0
"130" 130 0.243781094527 138 114 91 58 39 21 20 10 5 4 0 0 0 0 0 0 0 0 0 0
"131" 131 0.0354609929078 494 3 3 0 0 0 0 0 0 0 0 0 0 0 0 0 0 0 0 0
"132" 132 0.0418410041841 493 7 0 0 0 0 0 0 0 0 0 0 0 0 0 0 0 0 0 0
"133" 133 0.518987341772 338 45 39 30 15 15 14 2 2 0 0 0 0 0 0 0 0 0 0 0
"134" 134 0.685534591195 172 152 104 22 22 19 5 3 1 0 0 0 0 0 0 0 0 0 0 0
"135" 135 0.629464285714 178 136 102 51 20 8 2 2 1 0 0 0 0 0 0 0 0 0 0 0
"136" 136 0.290178571429 403 50 36 9 1 1 0 0 0 0 0 0 0 0 0 0 0 0 0 0
"137" 137 0.169154228856 465 15 6 4 3 3 2 1 1 0 0 0 0 0 0 0 0 0 0 0
"138" 138 0.390804597701 145 132 95 65 21 16 15 8 3 0 0 0 0 0 0 0 0 0 0 0
"139" 139 0.741721854305 282 155 15 13 7 7 6 4 3 3 3 1 1 0 0 0 0 0 0 0
"140" 140 0.430962343096 283 163 27 7 7 5 4 2 1 1 0 0 0 0 0 0 0 0 0 0
"141" 141 0.651162790698 183 122 50 28 25 24 19 12 9 7 6 5 5 4 1 0 0 0 0 0
"142" 142 0.145695364238 194 129 92 35 19 10 6 4 3 3 2 1 1 1 0 0 0 0 0 0
"143" 143 0.692307692308 199 126 112 47 11 3 1 1 0 0 0 0 0 0 0 0 0 0 0 0
"144" 144 0.390728476821 137 126 107 67 12 11 8 8 7 7 5 2 1 1 1 0 0 0 0 0
"145" 145 0.147321428571 99 99 59 48 47 42 42 25 23 5 3 3 2 1 1 1 0 0 0 0
"146" 146 0.599156118143 203 99 66 49 20 19 18 10 8 4 3 1 0 0 0 0 0 0 0 0
"147" 147 0.794326241135 200 164 46 31 24 24 9 1 1 0 0 0 0 0 0 0 0 0 0 0
"148" 148 0.335025380711 189 165 86 26 7 7 6 5 3 3 2 1 0 0 0 0 0 0 0 0
"149" 149 0.406844106464 496 2 1 1 0 0 0 0 0 0 0 0 0 0 0 0 0 0 0 0
