"site" "RSA" "aa1" "aa2" "aa3" "aa4" "aa5" "aa6" "aa7" "aa8" "aa9" "aa10" "aa11" "aa12" "aa13" "aa14" "aa15" "aa16" "aa17" "aa18" "aa19" "aa20"
"0" 0 1.17054263566 409 58 18 10 5 0 0 0 0 0 0 0 0 0 0 0 0 0 0 0
"1" 1 0.273722627737 152 129 65 26 22 22 22 17 14 14 7 4 4 2 0 0 0 0 0 0
"2" 2 0.395348837209 235 70 36 32 28 22 18 15 14 6 6 6 5 4 1 1 1 0 0 0
"3" 3 0.0794979079498 145 115 41 40 38 27 25 23 15 13 8 3 2 2 1 1 1 0 0 0
"4" 4 0.0 147 104 97 52 37 17 14 11 6 5 4 2 2 1 1 0 0 0 0 0
"5" 5 0.0 165 155 76 40 20 9 9 6 5 5 4 4 2 0 0 0 0 0 0 0
"6" 6 0.0 165 137 63 51 21 20 19 9 5 3 2 2 2 1 0 0 0 0 0 0
"7" 7 0.0 240 74 65 64 24 15 10 3 2 1 1 1 0 0 0 0 0 0 0 0
"8" 8 0.0205128205128 257 151 33 30 8 5 5 3 2 2 2 2 0 0 0 0 0 0 0 0
"9" 9 0.00418410041841 325 86 28 15 15 10 7 5 2 2 2 1 1 1 0 0 0 0 0 0
"10" 10 0.253164556962 493 5 2 0 0 0 0 0 0 0 0 0 0 0 0 0 0 0 0 0
"11" 11 0.805970149254 187 131 60 43 18 15 13 12 7 7 5 1 1 0 0 0 0 0 0 0
"12" 12 0.389743589744 112 112 82 68 36 27 11 11 10 8 7 6 4 4 1 1 0 0 0 0
"13" 13 0.317307692308 499 1 0 0 0 0 0 0 0 0 0 0 0 0 0 0 0 0 0 0
"14" 14 0.264900662252 218 107 50 50 29 15 9 7 4 4 3 1 1 1 1 0 0 0 0 0
"15" 15 0.540084388186 130 68 59 46 41 41 30 29 25 9 8 4 3 3 3 1 0 0 0 0
"16" 16 0.708520179372 154 110 72 42 30 22 20 15 11 9 7 7 1 0 0 0 0 0 0 0
"17" 17 0.218543046358 133 68 67 50 35 25 24 17 17 17 16 12 7 6 2 2 1 1 0 0
"18" 18 0.0 95 82 71 61 61 49 20 18 13 9 6 6 4 2 1 1 1 0 0 0
"19" 19 0.379746835443 118 87 73 52 50 41 35 19 11 6 2 2 2 1 1 0 0 0 0 0
"20" 20 0.491071428571 120 108 67 63 48 20 17 17 11 8 8 8 3 2 0 0 0 0 0 0
"21" 21 0.0304568527919 272 48 47 36 21 18 15 13 5 5 4 4 4 3 2 1 1 1 0 0
"22" 22 0.0 185 74 67 33 27 24 17 15 15 10 10 7 6 5 2 1 1 1 0 0
"23" 23 0.285714285714 98 72 52 52 50 33 28 24 23 19 18 17 12 1 1 0 0 0 0 0
"24" 24 0.222627737226 165 77 53 33 29 28 21 19 17 16 13 10 5 5 3 3 3 0 0 0
"25" 25 0.0149253731343 168 116 85 69 37 8 4 3 3 2 2 1 1 1 0 0 0 0 0 0
"26" 26 0.138461538462 495 2 1 1 1 0 0 0 0 0 0 0 0 0 0 0 0 0 0 0
"27" 27 0.645348837209 129 58 56 53 50 41 37 19 15 14 12 9 3 2 1 1 0 0 0 0
"28" 28 0.124031007752 173 96 40 34 33 27 20 17 15 11 11 7 4 4 3 3 2 0 0 0
"29" 29 0.682119205298 405 17 17 16 14 10 7 5 3 3 1 1 1 0 0 0 0 0 0 0
"30" 30 0.0862944162437 142 79 62 40 38 35 34 23 11 9 8 6 5 3 3 2 0 0 0 0
"31" 31 0.125786163522 155 153 62 49 19 12 11 11 10 9 3 2 2 1 1 0 0 0 0 0
"32" 32 0.65625 147 80 75 52 34 22 18 15 14 12 9 8 7 5 2 0 0 0 0 0
"33" 33 0.553846153846 389 42 18 10 9 7 6 6 4 3 3 2 1 0 0 0 0 0 0 0
"34" 34 0.0459770114943 84 70 60 51 47 44 36 28 23 18 14 7 5 4 4 2 2 1 0 0
"35" 35 0.241071428571 108 90 89 69 51 39 9 8 7 6 5 5 5 3 3 2 1 0 0 0
"36" 36 0.0 104 90 90 76 48 31 16 10 10 8 6 5 4 1 1 0 0 0 0 0
"37" 37 0.0 239 69 56 43 31 25 18 11 5 1 1 1 0 0 0 0 0 0 0 0
"38" 38 0.0 296 51 42 36 23 15 10 8 4 4 3 3 3 1 1 0 0 0 0 0
"39" 39 0.0 240 142 43 33 19 14 5 2 1 1 0 0 0 0 0 0 0 0 0 0
"40" 40 0.0 241 115 91 29 12 5 3 1 1 1 1 0 0 0 0 0 0 0 0 0
"41" 41 0.106918238994 163 90 69 58 39 30 24 17 5 4 1 0 0 0 0 0 0 0 0 0
"42" 42 0.356589147287 185 59 49 37 35 26 25 19 12 12 11 7 6 6 5 4 2 0 0 0
"43" 43 0.697674418605 141 100 78 61 45 26 24 9 8 5 2 1 0 0 0 0 0 0 0 0
"44" 44 0.186311787072 214 124 95 25 16 8 4 3 2 2 2 2 2 1 0 0 0 0 0 0
"45" 45 0.0547263681592 196 142 50 22 20 20 19 11 7 5 4 2 1 1 0 0 0 0 0 0
"46" 46 0.528497409326 168 139 80 39 27 11 11 10 7 4 2 1 1 0 0 0 0 0 0 0
"47" 47 0.216730038023 225 69 52 42 35 20 20 11 7 6 5 2 2 1 1 1 1 0 0 0
"48" 48 0.0 203 159 32 31 27 13 10 6 4 4 3 3 3 1 1 0 0 0 0 0
"49" 49 0.247126436782 160 78 51 44 33 32 32 15 14 14 9 5 3 3 3 2 2 0 0 0
"50" 50 0.53642384106 222 114 97 17 14 10 9 4 3 3 2 2 1 1 1 0 0 0 0 0
"51" 51 0.0796019900498 190 64 48 45 34 33 23 18 14 10 6 6 6 2 1 0 0 0 0 0
"52" 52 0.155172413793 156 92 63 43 28 25 24 17 16 11 11 4 4 2 2 1 1 0 0 0
"53" 53 0.53164556962 155 119 52 48 40 30 16 15 9 7 3 2 2 2 0 0 0 0 0 0
"54" 54 0.189873417722 158 153 40 23 20 19 18 16 16 10 8 5 4 4 3 3 0 0 0 0
"55" 55 0.77358490566 212 131 58 42 28 11 6 5 3 2 2 0 0 0 0 0 0 0 0 0
"56" 56 0.152466367713 126 83 53 46 40 29 27 23 17 14 12 9 6 5 5 4 1 0 0 0
"57" 57 0.0632183908046 152 110 53 34 34 24 20 19 15 11 7 6 5 5 4 1 0 0 0 0
"58" 58 0.186046511628 117 86 81 75 44 24 15 14 13 12 9 5 2 2 1 0 0 0 0 0
"59" 59 0.0287356321839 221 137 53 37 27 6 5 4 4 3 1 1 1 0 0 0 0 0 0 0
"60" 60 0.0 479 17 4 0 0 0 0 0 0 0 0 0 0 0 0 0 0 0 0 0
"61" 61 0.015503875969 388 42 26 14 11 7 6 2 2 1 1 0 0 0 0 0 0 0 0 0
"62" 62 0.206278026906 135 87 64 50 44 42 33 26 12 3 2 1 1 0 0 0 0 0 0 0
"63" 63 0.0666666666667 121 96 89 69 39 20 19 19 14 7 4 2 1 0 0 0 0 0 0 0
"64" 64 0.015503875969 319 88 51 14 13 10 2 2 1 0 0 0 0 0 0 0 0 0 0 0
"65" 65 0.197718631179 163 66 59 46 31 28 25 20 15 14 14 5 4 4 2 2 1 1 0 0
"66" 66 0.134328358209 86 82 78 67 58 51 15 13 11 8 7 6 5 4 4 2 2 1 0 0
"67" 67 0.459915611814 104 71 65 57 53 46 26 25 13 7 7 6 5 5 4 3 2 1 0 0
"68" 68 0.147286821705 82 67 65 61 48 42 30 27 21 15 12 11 6 4 3 3 2 1 0 0
"69" 69 0.596026490066 141 85 78 72 53 19 18 10 7 6 5 4 2 0 0 0 0 0 0 0
"70" 70 0.605769230769 497 2 1 0 0 0 0 0 0 0 0 0 0 0 0 0 0 0 0 0
"71" 71 0.736434108527 280 205 7 5 1 1 1 0 0 0 0 0 0 0 0 0 0 0 0 0
"72" 72 0.322175732218 159 149 91 70 17 7 3 1 1 1 1 0 0 0 0 0 0 0 0 0
"73" 73 0.895348837209 206 177 45 18 15 12 11 9 2 2 2 1 0 0 0 0 0 0 0 0
"74" 74 0.673076923077 468 32 0 0 0 0 0 0 0 0 0 0 0 0 0 0 0 0 0 0
"75" 75 0.330357142857 124 86 80 55 37 21 19 17 15 10 9 7 6 6 5 3 0 0 0 0
"76" 76 0.297435897436 74 58 54 54 52 47 32 31 21 19 18 17 13 7 2 1 0 0 0 0
"77" 77 0.0529801324503 132 90 59 51 41 38 19 19 11 9 6 6 5 4 3 3 2 2 0 0
"78" 78 0.0 147 61 58 47 32 26 21 17 13 11 11 10 10 9 8 7 5 4 3 0
"79" 79 0.331606217617 131 90 55 41 41 37 33 15 11 11 8 7 7 6 2 2 2 1 0 0
"80" 80 0.511210762332 119 81 69 56 51 29 22 21 18 11 7 6 5 3 1 1 0 0 0 0
"81" 81 0.0152284263959 107 71 43 43 43 42 40 34 27 27 5 4 3 3 2 2 2 2 0 0
"82" 82 0.405063291139 104 77 51 49 46 42 31 25 15 13 12 11 10 5 4 2 2 1 0 0
"83" 83 0.689119170984 156 99 85 37 29 23 17 14 10 10 10 6 2 2 0 0 0 0 0 0
"84" 84 0.195402298851 107 72 69 55 44 36 22 20 19 17 16 7 5 5 3 2 1 0 0 0
"85" 85 0.211538461538 499 1 0 0 0 0 0 0 0 0 0 0 0 0 0 0 0 0 0 0
"86" 86 0.0077519379845 284 124 44 15 13 6 4 3 2 2 2 1 0 0 0 0 0 0 0 0
"87" 87 0.455696202532 168 127 67 54 37 21 9 6 2 2 2 2 1 1 1 0 0 0 0 0
"88" 88 0.0780141843972 129 104 95 55 42 33 15 9 5 4 4 3 2 0 0 0 0 0 0 0
"89" 89 0.00574712643678 159 153 100 36 32 9 6 4 1 0 0 0 0 0 0 0 0 0 0 0
"90" 90 0.010152284264 183 94 61 45 42 24 16 14 6 6 4 3 1 1 0 0 0 0 0 0
"91" 91 0.00995024875622 135 98 83 77 58 26 9 4 2 2 2 2 2 0 0 0 0 0 0 0
"92" 92 0.0 477 21 2 0 0 0 0 0 0 0 0 0 0 0 0 0 0 0 0 0
"93" 93 0.0526315789474 452 27 7 3 3 3 2 2 1 0 0 0 0 0 0 0 0 0 0 0
"94" 94 0.158940397351 177 57 43 42 41 30 27 18 13 11 10 8 7 5 4 4 2 1 0 0
"95" 95 0.303571428571 175 76 72 52 43 38 18 10 7 5 4 0 0 0 0 0 0 0 0 0
"96" 96 0.21897810219 111 100 96 55 42 25 21 19 11 10 5 3 2 0 0 0 0 0 0 0
"97" 97 0.14598540146 271 58 32 22 14 14 13 12 11 11 9 9 9 7 5 2 1 0 0 0
"98" 98 0.470198675497 105 68 67 62 58 26 21 20 17 17 13 11 8 3 2 2 0 0 0 0
"99" 99 0.642585551331 185 91 66 43 30 27 17 15 13 4 4 2 2 1 0 0 0 0 0 0
"100" 100 0.485355648536 136 95 81 49 32 32 31 28 7 3 3 2 1 0 0 0 0 0 0 0
"101" 101 0.736842105263 233 115 59 21 17 13 11 11 8 3 3 3 2 1 0 0 0 0 0 0
"102" 102 0.0625 84 55 50 50 46 43 38 29 19 19 17 14 10 9 9 8 0 0 0 0
"103" 103 0.476683937824 194 92 88 30 17 17 14 13 9 7 7 3 3 3 2 1 0 0 0 0
"104" 104 0.165803108808 89 86 80 47 39 34 32 18 18 17 14 9 7 3 3 2 1 1 0 0
"105" 105 0.409282700422 189 79 72 33 29 22 21 16 14 13 6 3 2 1 0 0 0 0 0 0
"106" 106 0.217573221757 162 85 76 42 36 28 15 12 12 11 7 5 3 3 2 1 0 0 0 0
"107" 107 0.00507614213198 122 63 52 52 46 45 29 24 17 17 9 8 7 4 4 1 0 0 0 0
"108" 108 0.0 412 42 20 12 9 4 1 0 0 0 0 0 0 0 0 0 0 0 0 0
"109" 109 0.243523316062 153 114 67 62 30 23 12 12 11 6 4 4 1 1 0 0 0 0 0 0
"110" 110 0.0126582278481 167 75 70 60 42 19 17 17 10 6 4 4 3 2 2 2 0 0 0 0
"111" 111 0.0 109 104 73 54 41 32 25 24 23 9 4 2 0 0 0 0 0 0 0 0
"112" 112 0.476793248945 194 111 60 41 35 26 14 8 5 3 1 1 1 0 0 0 0 0 0 0
"113" 113 0.205020920502 140 81 57 49 38 33 28 26 24 8 4 3 2 2 2 1 1 1 0 0
"114" 114 0.0232558139535 102 102 76 58 47 33 27 17 15 9 5 5 3 1 0 0 0 0 0 0
"115" 115 0.203980099502 230 76 45 44 17 14 12 12 10 10 6 6 5 4 4 3 1 1 0 0
"116" 116 0.538461538462 198 82 63 50 35 19 19 10 9 5 4 2 2 1 1 0 0 0 0 0
"117" 117 0.255605381166 62 61 60 41 41 37 33 33 29 20 19 15 14 14 10 6 5 0 0 0
"118" 118 0.615384615385 473 26 1 0 0 0 0 0 0 0 0 0 0 0 0 0 0 0 0 0
"119" 119 0.0172413793103 191 70 55 43 33 31 27 16 11 5 5 4 3 2 2 1 1 0 0 0
"120" 120 0.0769230769231 121 62 55 52 44 37 35 20 18 15 14 12 6 5 3 1 0 0 0 0
"121" 121 0.0 306 69 58 31 16 10 6 3 1 0 0 0 0 0 0 0 0 0 0 0
"122" 122 0.0 164 161 84 35 20 8 8 8 7 4 1 0 0 0 0 0 0 0 0 0
"123" 123 0.00497512437811 90 83 75 61 58 53 38 19 10 7 5 1 0 0 0 0 0 0 0 0
"124" 124 0.0 160 128 66 60 28 26 10 9 7 3 1 1 1 0 0 0 0 0 0 0
"125" 125 0.010152284264 206 152 43 38 31 9 9 6 2 2 1 1 0 0 0 0 0 0 0 0
"126" 126 0.0961538461538 500 0 0 0 0 0 0 0 0 0 0 0 0 0 0 0 0 0 0 0
"127" 127 0.00446428571429 198 120 60 50 18 15 10 7 7 4 3 3 2 2 1 0 0 0 0 0
"128" 128 0.209302325581 222 87 44 39 30 20 20 8 8 7 6 4 3 1 1 0 0 0 0 0
"129" 129 0.18407960199 180 66 59 46 38 38 18 17 14 6 5 4 4 2 2 1 0 0 0 0
"130" 130 0.571428571429 196 119 42 39 32 21 16 16 6 4 4 3 2 0 0 0 0 0 0 0
"131" 131 0.285714285714 105 84 74 47 40 35 34 22 12 8 8 8 7 6 5 4 1 0 0 0
"132" 132 0.26582278481 108 87 81 53 33 32 29 21 16 16 14 3 2 2 2 1 0 0 0 0
"133" 133 0.679324894515 186 47 43 43 42 35 28 20 14 9 9 7 6 4 4 1 1 1 0 0
"134" 134 0.511627906977 106 86 60 53 37 29 29 26 20 16 14 12 8 3 1 0 0 0 0 0
"135" 135 0.5 244 234 12 3 2 1 1 1 1 1 0 0 0 0 0 0 0 0 0 0
"136" 136 0.438818565401 111 108 64 56 41 30 20 17 16 12 8 7 3 2 2 1 1 1 0 0
"137" 137 0.145348837209 146 120 56 41 27 19 19 18 11 10 9 6 5 4 4 4 1 0 0 0
"138" 138 0.353233830846 112 72 56 51 47 40 34 26 19 16 11 5 5 4 1 1 0 0 0 0
"139" 139 0.440414507772 95 84 72 56 55 32 32 25 13 12 12 5 5 2 0 0 0 0 0 0
"140" 140 0.0344827586207 122 94 62 46 33 32 24 21 18 15 9 7 5 5 5 1 1 0 0 0
"141" 141 0.0229885057471 169 95 64 52 19 18 15 14 13 13 11 4 4 4 2 2 1 0 0 0
"142" 142 0.348214285714 190 150 40 29 27 26 12 11 5 3 3 2 2 0 0 0 0 0 0 0
"143" 143 0.408759124088 147 104 71 68 25 20 12 9 9 8 7 5 4 3 3 2 2 1 0 0
"144" 144 0.0403587443946 132 100 47 36 30 29 27 25 17 17 16 8 8 4 2 1 1 0 0 0
"145" 145 0.0 237 145 21 17 15 14 13 10 8 6 4 4 4 1 1 0 0 0 0 0
"146" 146 0.205128205128 91 67 62 59 59 51 25 22 17 15 13 6 5 4 3 1 0 0 0 0
"147" 147 0.15503875969 154 109 52 38 29 27 22 17 13 13 6 6 4 4 2 2 2 0 0 0
"148" 148 0.0172413793103 111 103 70 43 37 31 28 24 24 11 5 4 3 2 2 1 1 0 0 0
"149" 149 0.119402985075 104 61 60 47 45 39 32 23 22 22 21 13 6 2 2 1 0 0 0 0
"150" 150 0.602678571429 190 86 66 55 19 17 14 13 10 8 7 5 5 3 1 1 0 0 0 0
"151" 151 0.321428571429 185 91 62 46 29 22 16 10 10 8 8 5 4 3 1 0 0 0 0 0
"152" 152 0.0574712643678 195 92 70 63 35 27 5 4 4 2 2 1 0 0 0 0 0 0 0 0
"153" 153 0.831223628692 205 97 61 61 20 20 13 12 4 3 1 1 1 1 0 0 0 0 0 0
"154" 154 0.538860103627 187 67 40 36 35 30 23 23 22 11 9 6 4 4 2 1 0 0 0 0
"155" 155 0.0425531914894 201 176 77 28 11 3 1 1 1 1 0 0 0 0 0 0 0 0 0 0
"156" 156 0.575581395349 113 79 70 46 41 39 27 21 19 16 12 11 2 2 1 1 0 0 0 0
"157" 157 0.523076923077 133 86 78 59 46 23 14 13 13 13 7 5 3 3 2 1 1 0 0 0
"158" 158 0.0172413793103 202 51 45 40 38 34 31 25 11 9 6 4 3 1 0 0 0 0 0 0
"159" 159 0.0 246 93 74 18 16 10 9 9 9 4 3 3 3 1 1 1 0 0 0 0
"160" 160 0.0 158 156 62 31 21 19 16 10 7 5 5 4 3 2 1 0 0 0 0 0
"161" 161 0.0 206 202 70 13 7 1 1 0 0 0 0 0 0 0 0 0 0 0 0 0
"162" 162 0.00760456273764 390 45 17 15 7 6 6 5 3 3 2 1 0 0 0 0 0 0 0 0
"163" 163 0.0669642857143 332 76 23 17 16 14 6 5 4 3 2 1 1 0 0 0 0 0 0 0
"164" 164 0.0062893081761 348 78 35 14 11 4 3 3 2 1 1 0 0 0 0 0 0 0 0 0
"165" 165 0.241379310345 95 82 73 39 37 33 24 20 18 14 13 12 10 10 8 7 3 2 0 0
"166" 166 0.031914893617 208 163 36 34 20 12 12 6 3 2 2 1 1 0 0 0 0 0 0 0
"167" 167 0.131782945736 184 142 64 40 15 15 15 7 7 6 2 1 1 1 0 0 0 0 0 0
"168" 168 0.46192893401 178 68 62 62 23 19 17 14 14 13 12 8 4 3 2 1 0 0 0 0
"169" 169 0.865384615385 339 151 5 2 1 1 1 0 0 0 0 0 0 0 0 0 0 0 0 0
"170" 170 0.302325581395 225 60 52 47 31 23 23 8 8 6 5 4 3 2 2 1 0 0 0 0
"171" 171 0.75 495 5 0 0 0 0 0 0 0 0 0 0 0 0 0 0 0 0 0 0
"172" 172 0.442786069652 156 58 52 49 42 26 19 18 18 17 15 9 8 7 2 2 1 1 0 0
"173" 173 0.627906976744 85 81 71 56 43 41 30 28 23 13 11 8 7 3 0 0 0 0 0 0
"174" 174 0.193798449612 278 64 51 38 26 11 10 8 3 3 2 2 2 1 1 0 0 0 0 0
"175" 175 0.296511627907 208 137 91 15 14 7 7 5 5 3 3 3 2 0 0 0 0 0 0 0
"176" 176 0.100628930818 209 59 52 44 41 32 25 12 10 8 2 2 2 1 1 0 0 0 0 0
"177" 177 0.517857142857 264 94 88 19 10 8 6 3 2 2 2 1 1 0 0 0 0 0 0 0
"178" 178 0.243523316062 179 125 57 50 20 19 12 9 8 6 6 2 2 2 1 1 1 0 0 0
"179" 179 0.0077519379845 201 119 65 28 28 19 14 7 6 3 3 3 2 1 1 0 0 0 0 0
"180" 180 0.192825112108 341 60 32 19 15 10 8 7 2 2 2 1 1 0 0 0 0 0 0 0
"181" 181 0.502590673575 167 155 68 63 10 9 7 6 6 4 2 1 1 1 0 0 0 0 0 0
"182" 182 0.0659898477157 240 128 44 28 13 12 6 6 5 4 4 3 2 2 1 1 1 0 0 0
"183" 183 0.0 378 61 16 13 12 9 3 3 2 2 1 0 0 0 0 0 0 0 0 0
"184" 184 0.271317829457 171 164 66 25 22 8 8 7 6 5 5 5 4 4 0 0 0 0 0 0
"185" 185 0.291390728477 170 98 48 43 29 24 20 18 16 12 9 6 3 2 1 1 0 0 0 0
"186" 186 0.00507614213198 196 77 66 48 27 24 23 17 10 7 2 2 1 0 0 0 0 0 0 0
"187" 187 0.0693430656934 150 121 53 45 39 20 17 14 10 10 6 5 3 3 2 1 1 0 0 0
"188" 188 0.675105485232 180 71 70 57 56 21 11 7 7 4 4 4 3 3 2 0 0 0 0 0
"189" 189 0.117154811715 235 131 56 17 15 11 8 7 6 5 3 2 1 1 1 1 0 0 0 0
"190" 190 0.0 207 73 59 40 31 26 26 10 8 6 5 4 3 1 1 0 0 0 0 0
"191" 191 0.232558139535 274 65 51 38 30 28 3 3 2 2 1 1 1 1 0 0 0 0 0 0
"192" 192 0.549668874172 124 78 76 49 41 25 22 18 18 14 10 8 5 5 3 3 1 0 0 0
"193" 193 0.46835443038 102 91 63 50 41 27 23 20 18 16 16 14 12 4 2 1 0 0 0 0
"194" 194 0.208955223881 231 96 58 23 17 17 14 11 8 8 6 3 2 2 1 1 1 1 0 0
"195" 195 0.278846153846 500 0 0 0 0 0 0 0 0 0 0 0 0 0 0 0 0 0 0 0
"196" 196 0.60621761658 104 91 88 46 42 30 29 20 19 17 6 4 2 1 1 0 0 0 0 0
"197" 197 0.535864978903 103 89 79 76 36 26 22 21 15 10 7 6 5 2 2 1 0 0 0 0
"198" 198 0.31007751938 92 43 35 33 32 30 29 28 27 27 24 22 22 19 12 12 7 6 0 0
"199" 199 0.0077519379845 394 33 29 11 9 6 5 3 3 2 2 1 1 1 0 0 0 0 0 0
"200" 200 0.225165562914 130 72 59 53 50 28 27 21 16 12 10 7 5 4 3 2 1 0 0 0
"201" 201 0.540178571429 101 100 98 48 47 25 21 15 13 6 6 6 5 5 2 1 1 0 0 0
"202" 202 0.0398009950249 163 75 58 53 24 24 23 23 21 17 7 7 2 1 1 1 0 0 0 0
"203" 203 0.105839416058 217 124 32 26 23 20 16 10 9 6 5 4 3 2 1 1 1 0 0 0
"204" 204 0.0 200 98 75 51 37 19 14 3 1 1 1 0 0 0 0 0 0 0 0 0
"205" 205 0.0 398 38 26 12 9 5 5 3 2 1 1 0 0 0 0 0 0 0 0 0
"206" 206 0.0342205323194 253 117 49 16 15 12 11 6 5 5 3 3 2 2 1 0 0 0 0 0
"207" 207 0.125 377 45 32 22 22 2 0 0 0 0 0 0 0 0 0 0 0 0 0 0
"208" 208 0.0865384615385 183 164 113 26 9 4 1 0 0 0 0 0 0 0 0 0 0 0 0 0
"209" 209 0.549668874172 312 39 36 27 24 14 14 7 6 6 6 4 3 1 1 0 0 0 0 0
"210" 210 0.046511627907 121 99 81 71 40 21 17 12 8 7 7 6 3 3 2 1 1 0 0 0
"211" 211 0.241025641026 183 77 73 70 47 29 6 5 3 3 2 1 1 0 0 0 0 0 0 0
"212" 212 0.201923076923 162 96 89 40 33 22 13 11 9 8 8 5 2 2 0 0 0 0 0 0
"213" 213 0.708609271523 212 115 67 39 23 23 8 5 4 2 1 1 0 0 0 0 0 0 0 0
"214" 214 0.2 131 98 62 52 31 27 23 16 14 12 10 10 4 3 3 2 2 0 0 0
"215" 215 0.0077519379845 354 86 31 7 6 6 3 2 1 1 1 1 1 0 0 0 0 0 0 0
"216" 216 0.379310344828 101 87 58 50 44 40 39 26 17 13 11 10 1 1 1 1 0 0 0 0
"217" 217 0.354651162791 153 112 95 35 26 23 16 15 13 3 2 2 2 1 1 1 0 0 0 0
"218" 218 0.0167364016736 271 40 35 26 19 19 18 13 13 13 8 6 5 5 4 4 1 0 0 0
"219" 219 0.345991561181 176 94 64 49 21 15 14 12 11 9 8 7 7 5 4 2 1 1 0 0
"220" 220 0.699481865285 253 67 54 53 24 24 10 8 3 2 1 1 0 0 0 0 0 0 0 0
"221" 221 0.160337552743 144 113 81 40 38 36 17 11 8 5 2 2 1 1 1 0 0 0 0 0
"222" 222 0.573643410853 161 139 72 42 32 29 17 3 2 1 1 1 0 0 0 0 0 0 0 0
"223" 223 0.145077720207 111 100 82 71 30 22 17 14 12 11 7 7 6 6 3 1 0 0 0 0
"224" 224 0.00574712643678 289 84 77 22 15 6 3 2 2 0 0 0 0 0 0 0 0 0 0 0
"225" 225 0.0414507772021 292 108 29 17 13 12 10 6 4 4 2 2 1 0 0 0 0 0 0 0
"226" 226 0.0 500 0 0 0 0 0 0 0 0 0 0 0 0 0 0 0 0 0 0 0
"227" 227 0.0 289 125 37 24 6 6 5 5 1 1 1 0 0 0 0 0 0 0 0 0
"228" 228 0.0398009950249 190 183 33 32 21 17 10 7 2 2 1 1 1 0 0 0 0 0 0 0
"229" 229 0.0114942528736 147 85 71 57 32 31 29 20 10 5 5 3 3 2 0 0 0 0 0 0
"230" 230 0.173076923077 218 141 79 29 10 6 6 4 4 1 1 1 0 0 0 0 0 0 0 0
"231" 231 0.5 137 129 47 36 33 27 21 19 13 10 9 8 7 2 2 0 0 0 0 0
"232" 232 0.0697674418605 219 77 24 20 19 18 18 16 16 16 14 12 10 7 6 3 2 2 1 0
"233" 233 0.0 221 183 75 14 5 2 0 0 0 0 0 0 0 0 0 0 0 0 0 0
"234" 234 0.243781094527 134 85 64 41 39 33 28 20 18 15 13 4 2 2 1 1 0 0 0 0
"235" 235 0.434599156118 137 80 74 46 41 36 32 17 15 8 5 5 2 1 1 0 0 0 0 0
"236" 236 0.48427672956 87 75 63 61 52 42 38 28 25 13 7 5 4 0 0 0 0 0 0 0
"237" 237 0.191964285714 163 103 102 46 35 14 12 12 4 4 4 1 0 0 0 0 0 0 0 0
"238" 238 0.0167364016736 206 86 53 53 27 25 19 11 6 4 4 3 1 1 1 0 0 0 0 0
"239" 239 0.149425287356 129 102 51 40 26 26 26 25 21 13 11 8 7 4 4 3 3 1 0 0
"240" 240 0.492227979275 201 54 51 42 39 28 19 17 12 12 6 6 4 3 2 2 1 1 0 0
"241" 241 0.0 181 70 48 46 29 27 20 20 17 11 9 8 7 5 1 1 0 0 0 0
"242" 242 0.00507614213198 114 92 82 57 32 23 17 17 16 10 10 7 7 7 5 3 1 0 0 0
"243" 243 0.235897435897 133 94 87 57 30 21 19 15 12 11 10 3 3 2 2 1 0 0 0 0
"244" 244 0.0927152317881 273 145 25 22 18 9 3 3 1 1 0 0 0 0 0 0 0 0 0 0
"245" 245 0.273722627737 62 60 52 51 45 42 35 34 34 32 20 13 8 5 4 2 1 0 0 0
"246" 246 0.907692307692 226 80 70 47 33 26 17 1 0 0 0 0 0 0 0 0 0 0 0 0
