"site" "RSA" "aa1" "aa2" "aa3" "aa4" "aa5" "aa6" "aa7" "aa8" "aa9" "aa10" "aa11" "aa12" "aa13" "aa14" "aa15" "aa16" "aa17" "aa18" "aa19" "aa20"
"0" 0 1.05960264901 389 61 20 14 8 4 3 1 0 0 0 0 0 0 0 0 0 0 0 0
"1" 1 0.732142857143 186 95 57 34 31 29 16 12 11 10 9 4 2 2 2 0 0 0 0 0
"2" 2 0.0722433460076 431 27 13 12 6 4 2 2 1 1 1 0 0 0 0 0 0 0 0 0
"3" 3 0.357512953368 97 94 71 60 47 34 29 21 16 14 6 4 3 2 2 0 0 0 0 0
"4" 4 0.06463878327 187 144 55 51 29 12 6 3 3 3 3 2 1 1 0 0 0 0 0 0
"5" 5 0.273631840796 132 80 63 53 48 48 37 11 6 5 5 4 3 3 2 0 0 0 0 0
"6" 6 0.00418410041841 265 84 78 36 18 9 4 2 2 1 1 0 0 0 0 0 0 0 0 0
"7" 7 0.160337552743 125 107 84 57 48 21 21 15 11 5 3 2 1 0 0 0 0 0 0 0
"8" 8 0.0 166 108 79 56 34 15 13 11 9 6 2 1 0 0 0 0 0 0 0 0
"9" 9 0.0 367 43 24 14 11 8 7 7 6 5 5 1 1 1 0 0 0 0 0 0
"10" 10 0.0 305 55 38 33 20 13 9 8 5 4 3 3 1 1 1 1 0 0 0 0
"11" 11 0.0 134 76 75 72 37 37 19 17 9 7 7 5 3 1 1 0 0 0 0 0
"12" 12 0.0 500 0 0 0 0 0 0 0 0 0 0 0 0 0 0 0 0 0 0 0
"13" 13 0.14358974359 169 57 56 54 33 24 22 21 17 16 8 6 6 4 3 2 2 0 0 0
"14" 14 0.377483443709 102 74 48 43 35 34 34 31 16 15 13 10 10 10 9 7 6 2 1 0
"15" 15 0.538461538462 496 4 0 0 0 0 0 0 0 0 0 0 0 0 0 0 0 0 0 0
"16" 16 0.0114942528736 163 100 96 94 17 14 6 5 2 1 1 1 0 0 0 0 0 0 0 0
"17" 17 0.153846153846 487 8 3 1 1 0 0 0 0 0 0 0 0 0 0 0 0 0 0 0
"18" 18 0.0253164556962 82 79 76 72 61 32 22 22 13 12 11 7 6 3 1 1 0 0 0 0
"19" 19 0.192052980132 98 80 50 44 41 35 30 28 22 19 13 12 8 6 6 6 2 0 0 0
"20" 20 0.0886075949367 87 87 77 70 30 23 23 19 19 16 13 9 7 7 6 4 2 1 0 0
"21" 21 0.0199004975124 206 74 54 49 39 25 19 14 8 4 4 1 1 1 1 0 0 0 0 0
"22" 22 0.0 274 72 44 23 19 17 12 11 11 7 6 2 1 1 0 0 0 0 0 0
"23" 23 0.109452736318 116 114 88 72 17 16 16 15 15 10 6 5 4 3 2 1 0 0 0 0
"24" 24 0.153284671533 150 71 56 53 32 31 22 18 16 11 8 8 8 6 4 4 2 0 0 0
"25" 25 0.0167364016736 358 43 25 23 10 9 7 7 6 5 3 2 1 1 0 0 0 0 0 0
"26" 26 0.185430463576 215 66 59 45 26 19 14 13 12 10 9 4 3 2 2 1 0 0 0 0
"27" 27 0.40414507772 107 87 87 59 37 30 26 20 13 8 7 6 6 2 2 1 1 1 0 0
"28" 28 0.59585492228 175 126 48 28 24 22 22 17 15 13 10 0 0 0 0 0 0 0 0 0
"29" 29 0.377906976744 101 79 68 67 43 40 34 15 13 13 8 6 5 4 3 1 0 0 0 0
"30" 30 0.281368821293 129 118 96 40 22 20 17 13 10 9 8 6 5 3 3 1 0 0 0 0
"31" 31 0.470930232558 92 70 61 52 50 42 35 33 15 15 13 10 5 3 2 1 1 0 0 0
"32" 32 0.589743589744 116 107 89 44 39 28 16 15 15 13 6 5 4 2 1 0 0 0 0 0
"33" 33 0.787564766839 390 99 5 4 1 1 0 0 0 0 0 0 0 0 0 0 0 0 0 0
"34" 34 0.220532319392 100 94 64 50 49 45 34 13 10 10 10 6 6 4 2 1 1 1 0 0
"35" 35 0.802030456853 136 69 57 57 48 40 32 20 15 15 6 3 2 0 0 0 0 0 0 0
"36" 36 0.377483443709 124 51 50 45 41 29 25 24 23 20 16 14 11 10 6 5 4 1 1 0
"37" 37 0.802325581395 117 101 67 47 39 32 19 19 19 15 9 6 5 2 2 1 0 0 0 0
"38" 38 0.675126903553 178 123 51 35 28 25 16 15 10 8 7 2 2 0 0 0 0 0 0 0
"39" 39 0.451923076923 204 65 47 44 38 22 20 13 10 7 7 7 6 4 3 2 1 0 0 0
"40" 40 0.0919540229885 73 66 57 49 47 37 36 26 25 20 18 11 9 9 5 4 3 3 2 0
"41" 41 0.523316062176 138 113 33 33 32 32 25 18 18 16 15 12 8 5 1 1 0 0 0 0
"42" 42 0.292887029289 233 190 18 15 14 14 7 5 2 1 1 0 0 0 0 0 0 0 0 0
"43" 43 0.270042194093 154 54 45 44 41 33 25 21 18 17 14 13 7 6 3 2 2 1 0 0
"44" 44 0.446700507614 135 98 58 57 42 35 31 11 10 9 6 5 1 1 1 0 0 0 0 0
"45" 45 0.227848101266 149 96 42 41 39 26 25 22 14 11 11 6 5 5 4 4 0 0 0 0
"46" 46 0.424418604651 135 106 84 38 31 30 18 12 9 8 8 7 6 4 1 1 1 1 0 0
"47" 47 0.0689655172414 103 50 48 47 46 32 30 29 27 23 19 13 12 10 6 2 2 1 0 0
"48" 48 0.53125 111 92 63 55 52 31 18 18 16 15 9 8 5 4 2 1 0 0 0 0
"49" 49 0.0199004975124 195 78 44 36 35 30 24 15 12 10 7 6 5 2 1 0 0 0 0 0
"50" 50 0.549222797927 346 67 16 13 13 11 11 11 6 3 2 1 0 0 0 0 0 0 0 0
"51" 51 0.692307692308 363 137 0 0 0 0 0 0 0 0 0 0 0 0 0 0 0 0 0 0
"52" 52 0.303797468354 106 60 52 48 43 29 26 22 21 20 19 17 13 9 7 7 1 0 0 0
"53" 53 0.174418604651 174 78 60 35 35 24 23 22 14 8 7 6 6 4 1 1 1 1 0 0
"54" 54 0.0 216 127 77 15 14 11 9 8 7 5 4 3 1 1 1 1 0 0 0 0
"55" 55 0.244725738397 188 106 105 43 31 8 6 3 3 3 3 1 0 0 0 0 0 0 0 0
"56" 56 0.0 295 52 35 28 25 16 11 11 9 8 3 2 2 2 1 0 0 0 0 0
"57" 57 0.22869955157 142 101 70 49 38 38 22 12 11 9 3 2 2 1 0 0 0 0 0 0
"58" 58 0.00507614213198 308 61 32 24 22 16 14 10 6 5 1 1 0 0 0 0 0 0 0 0
"59" 59 0.195035460993 159 158 107 20 15 14 9 7 4 3 2 2 0 0 0 0 0 0 0 0
"60" 60 0.0259067357513 134 126 74 50 35 27 22 10 9 4 4 4 1 0 0 0 0 0 0 0
"61" 61 0.0116279069767 251 69 64 42 34 6 5 5 5 4 4 4 3 3 1 0 0 0 0 0
"62" 62 0.519379844961 318 38 37 28 26 16 10 9 6 4 3 2 2 1 0 0 0 0 0 0
"63" 63 0.403846153846 409 52 11 10 8 3 2 2 1 1 1 0 0 0 0 0 0 0 0 0
"64" 64 0.255605381166 140 77 61 50 41 40 27 19 9 8 6 6 5 4 4 2 1 0 0 0
"65" 65 0.0625 134 63 54 50 39 35 33 18 18 14 12 10 6 5 3 3 2 1 0 0
"66" 66 0.642335766423 149 62 49 48 47 33 25 20 18 18 10 7 5 5 2 1 1 0 0 0
"67" 67 0.602510460251 218 155 38 26 19 15 8 8 5 4 2 1 1 0 0 0 0 0 0 0
"68" 68 0.481751824818 350 40 21 21 18 16 12 9 5 5 3 0 0 0 0 0 0 0 0 0
"69" 69 0.5 157 108 64 57 42 16 13 13 13 7 6 2 1 1 0 0 0 0 0 0
"70" 70 0.106598984772 192 105 50 38 26 26 15 14 9 7 4 4 3 3 2 2 0 0 0 0
"71" 71 0.377906976744 105 78 71 62 37 27 25 25 13 13 10 8 8 6 5 5 2 0 0 0
"72" 72 0.324503311258 69 68 49 47 47 46 45 26 23 23 18 14 11 5 5 3 1 0 0 0
"73" 73 0.456953642384 94 90 87 58 47 37 36 13 11 11 7 6 2 1 0 0 0 0 0 0
"74" 74 0.06463878327 226 204 13 8 8 8 6 5 5 4 3 3 3 2 1 1 0 0 0 0
"75" 75 0.0114068441065 239 106 104 26 17 2 2 1 1 1 1 0 0 0 0 0 0 0 0 0
"76" 76 0.613138686131 206 85 51 29 23 23 18 15 14 10 10 8 5 2 1 0 0 0 0 0
"77" 77 0.528846153846 391 83 21 3 2 0 0 0 0 0 0 0 0 0 0 0 0 0 0 0
"78" 78 0.0331125827815 295 143 13 8 7 7 6 5 5 4 3 2 1 1 0 0 0 0 0 0
"79" 79 0.239234449761 223 79 53 30 28 28 12 9 8 6 5 5 5 4 2 2 1 0 0 0
"80" 80 0.0 204 114 106 60 7 2 2 2 1 1 1 0 0 0 0 0 0 0 0 0
"81" 81 0.0 244 91 66 35 35 11 8 5 2 1 1 1 0 0 0 0 0 0 0 0
"82" 82 0.0152284263959 289 58 38 38 19 18 9 9 8 6 4 2 1 1 0 0 0 0 0 0
"83" 83 0.0 158 150 79 77 18 11 2 2 2 1 0 0 0 0 0 0 0 0 0 0
"84" 84 0.00574712643678 190 161 77 34 17 8 5 5 2 1 0 0 0 0 0 0 0 0 0 0
"85" 85 0.0 161 115 104 38 29 17 13 9 5 4 3 1 1 0 0 0 0 0 0 0
"86" 86 0.0621761658031 308 92 46 38 8 4 3 1 0 0 0 0 0 0 0 0 0 0 0 0
"87" 87 0.00574712643678 407 25 13 12 8 6 5 5 4 4 4 3 2 1 1 0 0 0 0 0
"88" 88 0.209302325581 303 87 41 26 13 8 4 4 4 2 2 2 2 1 1 0 0 0 0 0
"89" 89 0.378238341969 324 69 16 16 15 11 10 9 9 8 4 4 2 2 1 0 0 0 0 0
"90" 90 0.381165919283 152 94 59 39 30 29 25 19 18 15 6 6 2 2 2 2 0 0 0 0
"91" 91 0.477678571429 176 92 79 61 19 15 15 11 10 10 5 3 2 2 0 0 0 0 0 0
"92" 92 0.0132450331126 335 53 25 18 15 13 11 9 8 7 2 1 1 1 1 0 0 0 0 0
"93" 93 0.0627615062762 241 98 47 34 18 14 11 10 10 6 5 2 2 1 1 0 0 0 0 0
"94" 94 0.394871794872 99 87 70 51 41 36 36 24 15 15 13 7 3 1 1 1 0 0 0 0
"95" 95 0.00961538461538 80 62 59 55 48 42 39 19 17 16 16 15 15 9 6 2 0 0 0 0
"96" 96 0.0 151 60 41 33 32 30 29 21 21 20 12 12 12 12 10 2 2 0 0 0
"97" 97 0.565400843882 166 73 62 52 41 22 20 20 18 8 7 5 2 2 2 0 0 0 0 0
"98" 98 0.155963302752 158 93 44 36 35 29 28 20 19 19 12 4 2 1 0 0 0 0 0 0
"99" 99 0.0141843971631 137 117 76 39 26 23 20 16 13 8 7 6 5 3 3 1 0 0 0 0
"100" 100 0.0796019900498 130 103 84 41 33 27 21 20 13 11 8 3 2 2 2 0 0 0 0 0
"101" 101 0.506726457399 174 86 66 41 33 29 20 14 14 12 9 2 0 0 0 0 0 0 0 0
"102" 102 0.200892857143 116 86 77 49 34 30 26 25 15 13 7 6 6 3 3 2 2 0 0 0
"103" 103 0.0203045685279 186 65 57 48 48 34 17 11 10 7 5 4 4 2 1 1 0 0 0 0
"104" 104 0.709844559585 120 73 67 35 32 31 31 29 28 13 11 10 8 5 3 2 2 0 0 0
"105" 105 0.653284671533 192 73 59 46 43 33 28 9 4 4 3 3 2 1 0 0 0 0 0 0
"106" 106 0.285171102662 245 110 44 29 21 19 17 4 4 3 2 1 1 0 0 0 0 0 0 0
"107" 107 0.116279069767 128 117 116 56 28 20 14 9 3 3 2 2 2 0 0 0 0 0 0 0
"108" 108 0.459302325581 229 57 38 33 27 23 19 18 18 14 6 5 4 3 3 2 1 0 0 0
"109" 109 0.788079470199 174 65 63 53 46 29 16 14 10 8 7 6 5 2 1 1 0 0 0 0
"110" 110 0.523255813953 114 76 65 64 49 42 24 15 15 14 8 6 4 3 1 0 0 0 0 0
"111" 111 0.109195402299 94 93 91 69 39 25 22 18 17 11 9 6 3 2 1 0 0 0 0 0
"112" 112 0.129353233831 89 74 64 48 39 38 37 28 20 14 11 9 9 7 6 5 2 0 0 0
"113" 113 0.198312236287 155 144 50 26 25 21 16 14 14 12 11 3 3 3 3 0 0 0 0 0
"114" 114 0.0 359 59 35 17 10 7 5 3 1 1 1 1 1 0 0 0 0 0 0 0
"115" 115 0.0 145 104 96 42 17 16 14 14 14 10 9 9 8 1 1 0 0 0 0 0
"116" 116 0.00574712643678 155 113 64 52 32 26 14 13 10 10 8 3 0 0 0 0 0 0 0 0
"117" 117 0.0 262 97 31 29 25 13 12 9 8 4 3 2 2 1 1 1 0 0 0 0
"118" 118 0.025641025641 249 72 60 56 52 7 1 1 1 1 0 0 0 0 0 0 0 0 0 0
"119" 119 0.244725738397 240 114 61 55 11 8 5 2 2 1 1 0 0 0 0 0 0 0 0 0
"120" 120 0.0759493670886 344 75 18 15 10 8 6 6 5 3 3 3 2 1 1 0 0 0 0 0
"121" 121 0.20725388601 144 101 50 44 34 21 20 20 19 15 14 13 4 1 0 0 0 0 0 0
"122" 122 0.363184079602 90 87 84 54 53 30 21 18 17 17 12 5 4 3 3 2 0 0 0 0
"123" 123 0.632911392405 138 137 51 39 32 30 20 15 13 13 9 3 0 0 0 0 0 0 0 0
"124" 124 0.875647668394 147 110 84 82 25 19 11 6 6 4 3 2 1 0 0 0 0 0 0 0
"125" 125 0.637130801688 201 97 92 32 21 14 10 9 8 7 3 3 2 1 0 0 0 0 0 0
"126" 126 0.255474452555 167 158 40 40 23 16 14 12 9 9 6 3 2 1 0 0 0 0 0 0
"127" 127 0.431034482759 178 161 33 30 29 18 15 8 7 7 5 5 2 2 0 0 0 0 0 0
"128" 128 0.0172413793103 226 68 49 49 38 22 14 9 7 6 5 3 2 1 1 0 0 0 0 0
"129" 129 0.526785714286 142 81 76 70 34 24 18 15 8 8 5 4 4 4 3 2 2 0 0 0
"130" 130 0.372623574144 146 81 51 39 30 28 27 26 21 17 14 10 5 4 1 0 0 0 0 0
"131" 131 0.549222797927 198 56 56 55 45 23 20 18 17 5 3 2 1 1 0 0 0 0 0 0
"132" 132 0.48275862069 144 108 57 43 36 29 15 14 13 11 10 7 4 4 2 2 1 0 0 0
"133" 133 0.0 257 72 49 41 17 14 12 11 8 8 3 2 2 2 1 1 0 0 0 0
"134" 134 0.303797468354 169 87 66 61 35 27 13 13 9 7 5 3 3 1 1 0 0 0 0 0
"135" 135 0.584821428571 146 116 74 55 27 21 19 14 9 7 7 2 2 1 0 0 0 0 0 0
"136" 136 0.213389121339 152 76 52 51 42 30 23 22 12 11 8 6 4 3 2 2 2 2 0 0
"137" 137 0.0 392 69 16 9 6 5 1 1 1 0 0 0 0 0 0 0 0 0 0 0
"138" 138 0.492227979275 156 75 59 49 32 32 25 21 13 11 9 7 4 4 2 1 0 0 0 0
"139" 139 0.635658914729 145 70 64 53 37 23 22 19 17 15 11 10 10 2 2 0 0 0 0 0
"140" 140 0.246153846154 119 84 69 54 47 37 27 16 11 8 8 7 7 3 2 1 0 0 0 0
"141" 141 0.789029535865 363 136 1 0 0 0 0 0 0 0 0 0 0 0 0 0 0 0 0 0
"142" 142 0.0321100917431 134 106 94 45 29 21 14 10 10 8 8 7 5 4 3 2 0 0 0 0
"143" 143 0.327044025157 421 43 8 8 8 4 3 2 1 1 1 0 0 0 0 0 0 0 0 0
"144" 144 0.0627615062762 157 151 107 43 9 8 7 4 3 3 2 2 2 1 1 0 0 0 0 0
"145" 145 0.174129353234 236 82 56 55 15 11 10 7 6 5 5 4 4 2 1 1 0 0 0 0
"146" 146 0.116071428571 128 77 66 62 42 28 28 22 19 13 3 3 3 2 1 1 1 1 0 0
"147" 147 0.0 342 104 39 8 4 2 1 0 0 0 0 0 0 0 0 0 0 0 0 0
"148" 148 0.0 431 29 13 8 6 6 4 1 1 1 0 0 0 0 0 0 0 0 0 0
"149" 149 0.015503875969 183 133 44 37 29 24 14 12 9 6 4 2 2 1 0 0 0 0 0 0
"150" 150 0.333333333333 119 94 71 66 44 24 19 16 10 10 7 6 5 4 2 2 1 0 0 0
"151" 151 0.347150259067 110 101 94 35 33 29 25 16 15 15 13 9 2 1 1 1 0 0 0 0
"152" 152 0.41059602649 399 43 20 9 6 6 5 3 3 3 2 1 0 0 0 0 0 0 0 0
"153" 153 0.308139534884 105 78 75 57 42 33 32 24 23 12 7 4 3 2 1 1 1 0 0 0
"154" 154 0.307692307692 376 57 28 22 4 3 2 2 2 2 1 1 0 0 0 0 0 0 0 0
"155" 155 0.0172413793103 316 100 24 18 13 10 7 5 4 3 0 0 0 0 0 0 0 0 0 0
"156" 156 0.397321428571 177 72 41 37 36 35 34 14 14 11 7 6 5 5 3 2 1 0 0 0
"157" 157 0.430051813472 143 102 80 62 50 17 14 7 6 6 6 5 2 0 0 0 0 0 0 0
"158" 158 0.031007751938 232 158 26 13 13 13 12 11 10 8 3 1 0 0 0 0 0 0 0 0
"159" 159 0.0125523012552 308 78 49 12 12 7 6 6 5 5 4 4 2 1 1 0 0 0 0 0
"160" 160 0.26368159204 182 84 57 52 38 28 15 10 8 4 4 4 3 3 3 2 2 1 0 0
"161" 161 0.261627906977 146 134 64 35 30 17 16 16 12 11 6 5 4 2 1 1 0 0 0 0
"162" 162 0.0 186 121 70 27 26 23 20 15 4 4 3 1 0 0 0 0 0 0 0 0
"163" 163 0.0 288 67 38 20 15 15 13 12 9 8 8 3 2 1 1 0 0 0 0 0
"164" 164 0.317518248175 182 105 69 26 22 21 19 13 11 11 8 3 3 2 2 1 1 1 0 0
"165" 165 0.134529147982 93 84 67 60 59 43 23 18 12 11 6 6 5 5 4 3 1 0 0 0
"166" 166 0.0 150 74 67 64 38 36 20 16 13 10 4 3 2 2 1 0 0 0 0 0
"167" 167 0.177215189873 141 74 55 49 45 36 32 17 13 11 10 8 4 3 1 1 0 0 0 0
"168" 168 0.651785714286 91 87 72 70 35 32 25 23 21 12 12 8 7 4 1 0 0 0 0 0
"169" 169 0.490066225166 107 57 55 51 42 32 27 27 24 19 16 15 8 7 5 5 2 1 0 0
"170" 170 0.160550458716 154 86 52 47 33 22 22 20 17 12 12 7 6 4 2 2 1 1 0 0
"171" 171 0.417218543046 123 84 53 46 39 35 32 27 18 15 12 8 4 2 1 1 0 0 0 0
"172" 172 0.547085201794 115 105 88 77 37 26 22 10 8 4 3 3 1 1 0 0 0 0 0 0
"173" 173 0.690582959641 192 114 61 42 23 17 15 14 9 4 4 3 1 1 0 0 0 0 0 0
"174" 174 0.323076923077 120 102 55 47 40 32 23 21 20 14 8 7 5 3 3 0 0 0 0 0
"175" 175 0.0845771144279 247 76 65 30 29 15 11 7 7 5 2 2 2 1 1 0 0 0 0 0
"176" 176 0.364102564103 125 74 53 45 44 38 34 29 15 13 10 8 8 2 2 0 0 0 0 0
"177" 177 0.441964285714 128 121 48 31 30 28 26 26 23 17 8 5 2 2 2 2 1 0 0 0
"178" 178 0.0523255813953 138 53 51 48 43 33 29 26 26 12 11 6 6 5 5 5 2 1 0 0
"179" 179 0.0523255813953 101 71 63 62 55 36 26 17 15 14 9 8 7 6 5 3 1 1 0 0
"180" 180 0.27802690583 163 85 85 35 25 22 19 12 11 9 8 7 7 6 3 1 1 1 0 0
"181" 181 0.654008438819 179 129 60 40 31 28 7 6 5 5 4 2 2 2 0 0 0 0 0 0
"182" 182 0.443037974684 196 137 44 36 27 12 12 12 7 5 4 3 2 2 1 0 0 0 0 0
"183" 183 0.504464285714 100 79 73 71 57 29 24 12 11 10 8 8 7 4 3 2 1 1 0 0
"184" 184 0.694300518135 350 46 28 17 12 10 8 7 5 4 3 3 3 3 1 0 0 0 0 0
"185" 185 0.459915611814 102 57 55 53 52 45 34 32 23 14 14 10 4 2 1 1 1 0 0 0
"186" 186 0.586538461538 469 30 1 0 0 0 0 0 0 0 0 0 0 0 0 0 0 0 0 0
"187" 187 0.692307692308 92 80 71 45 36 35 26 24 24 21 13 13 9 4 3 3 1 0 0 0
"188" 188 0.701149425287 104 94 80 58 42 31 24 22 19 18 3 2 2 1 0 0 0 0 0 0
"189" 189 0.579487179487 158 121 37 37 34 28 20 16 9 6 6 6 5 4 4 3 3 3 0 0
"190" 190 0.786069651741 89 64 59 53 49 47 43 34 20 14 13 12 2 1 0 0 0 0 0 0
"191" 191 0.835443037975 275 59 40 39 20 19 17 7 7 6 5 3 2 1 0 0 0 0 0 0
"192" 192 0.423076923077 191 54 47 38 33 24 22 21 17 10 8 7 6 6 5 5 5 1 0 0
"193" 193 1.05381165919 342 69 30 23 14 14 4 3 1 0 0 0 0 0 0 0 0 0 0 0
