"site" "RSA" "aa1" "aa2" "aa3" "aa4" "aa5" "aa6" "aa7" "aa8" "aa9" "aa10" "aa11" "aa12" "aa13" "aa14" "aa15" "aa16" "aa17" "aa18" "aa19" "aa20"
"0" 0 0.261627906977 197 72 58 52 50 25 17 16 4 3 2 2 1 1 0 0 0 0 0 0
"1" 1 0.623574144487 180 73 73 48 39 21 20 15 13 7 5 4 1 1 0 0 0 0 0 0
"2" 2 0.360465116279 219 147 83 25 19 2 2 2 1 0 0 0 0 0 0 0 0 0 0 0
"3" 3 0.279069767442 171 85 64 49 41 32 21 12 7 6 5 5 1 1 0 0 0 0 0 0
"4" 4 0.0875912408759 198 116 46 33 28 24 16 15 11 7 5 1 0 0 0 0 0 0 0 0
"5" 5 0.107623318386 147 72 64 33 33 31 27 26 24 19 16 3 2 2 1 0 0 0 0 0
"6" 6 0.0659898477157 211 106 79 31 21 12 11 10 5 5 4 2 1 1 1 0 0 0 0 0
"7" 7 0.0 500 0 0 0 0 0 0 0 0 0 0 0 0 0 0 0 0 0 0 0
"8" 8 0.062015503876 238 152 46 36 12 6 4 2 2 1 1 0 0 0 0 0 0 0 0 0
"9" 9 0.282700421941 161 92 73 55 26 18 17 13 13 10 8 4 3 3 3 1 0 0 0 0
"10" 10 0.0820512820513 169 100 97 58 31 17 14 6 3 3 2 0 0 0 0 0 0 0 0 0
"11" 11 0.21511627907 211 82 69 43 41 17 7 5 5 4 4 4 3 2 2 1 0 0 0 0
"12" 12 0.55223880597 93 82 66 50 40 37 34 25 20 19 17 5 5 4 2 1 0 0 0 0
"13" 13 0.379464285714 187 76 65 46 40 36 27 8 7 5 3 0 0 0 0 0 0 0 0 0
"14" 14 0.0152091254753 217 140 48 28 26 12 6 6 4 3 3 2 2 2 1 0 0 0 0 0
"15" 15 0.210970464135 107 101 66 62 60 28 27 24 8 5 4 3 3 1 1 0 0 0 0 0
"16" 16 0.0114942528736 195 107 39 32 28 26 20 12 11 10 7 6 4 2 1 0 0 0 0 0
"17" 17 0.0342205323194 216 184 55 27 6 4 4 1 1 1 1 0 0 0 0 0 0 0 0 0
"18" 18 0.00507614213198 189 146 92 33 31 6 2 1 0 0 0 0 0 0 0 0 0 0 0 0
"19" 19 0.111607142857 190 163 86 39 12 3 2 2 1 1 1 0 0 0 0 0 0 0 0 0
"20" 20 0.367088607595 322 82 28 21 17 5 5 5 5 3 3 2 1 1 0 0 0 0 0 0
"21" 21 0.580310880829 346 130 5 4 4 3 2 2 2 2 0 0 0 0 0 0 0 0 0 0
"22" 22 0.336538461538 469 29 2 0 0 0 0 0 0 0 0 0 0 0 0 0 0 0 0 0
"23" 23 0.354430379747 121 99 56 51 39 35 26 21 16 15 8 4 3 3 1 1 1 0 0 0
"24" 24 0.0 156 128 98 50 48 11 4 2 2 1 0 0 0 0 0 0 0 0 0 0
"25" 25 0.0459770114943 281 97 47 33 14 10 8 6 1 1 1 1 0 0 0 0 0 0 0 0
"26" 26 0.0 394 78 14 7 7 0 0 0 0 0 0 0 0 0 0 0 0 0 0 0
"27" 27 0.0077519379845 381 69 26 11 6 3 2 1 1 0 0 0 0 0 0 0 0 0 0 0
"28" 28 0.0 362 49 32 13 13 9 8 6 2 2 2 1 1 0 0 0 0 0 0 0
"29" 29 0.0 398 55 10 9 9 6 4 2 2 2 2 1 0 0 0 0 0 0 0 0
"30" 30 0.0310880829016 371 100 14 13 2 0 0 0 0 0 0 0 0 0 0 0 0 0 0 0
"31" 31 0.0 358 76 33 13 8 4 4 2 1 1 0 0 0 0 0 0 0 0 0 0
"32" 32 0.327044025157 173 146 70 59 28 10 9 5 0 0 0 0 0 0 0 0 0 0 0 0
"33" 33 0.00497512437811 269 94 55 39 26 6 5 4 1 1 0 0 0 0 0 0 0 0 0 0
"34" 34 0.269961977186 341 127 16 14 1 1 0 0 0 0 0 0 0 0 0 0 0 0 0 0
"35" 35 0.395348837209 131 86 58 38 26 23 23 22 21 18 11 9 8 7 7 5 4 3 0 0
"36" 36 0.243523316062 296 63 40 31 18 13 10 8 6 4 4 3 2 2 0 0 0 0 0 0
"37" 37 0.607594936709 245 66 38 35 32 24 21 14 10 9 2 1 1 1 1 0 0 0 0 0
"38" 38 0.607142857143 190 172 61 47 15 3 3 2 2 2 1 1 1 0 0 0 0 0 0 0
"39" 39 0.553846153846 212 77 49 35 33 29 25 19 8 7 6 0 0 0 0 0 0 0 0 0
"40" 40 0.210256410256 127 90 67 54 45 41 22 16 16 13 8 1 0 0 0 0 0 0 0 0
"41" 41 0.131979695431 122 111 77 49 42 36 20 13 10 9 5 3 1 1 1 0 0 0 0 0
"42" 42 0.00418410041841 296 87 83 11 9 9 3 1 1 0 0 0 0 0 0 0 0 0 0 0
"43" 43 0.0358974358974 156 138 57 37 21 20 18 12 9 8 7 4 3 3 3 2 2 0 0 0
"44" 44 0.0 224 133 48 31 23 13 8 7 6 6 1 0 0 0 0 0 0 0 0 0
"45" 45 0.0 228 155 32 30 22 20 4 3 2 2 1 1 0 0 0 0 0 0 0 0
"46" 46 0.0 264 131 51 17 13 10 6 2 1 1 1 1 1 1 0 0 0 0 0 0
"47" 47 0.0535714285714 248 153 44 17 11 9 5 5 2 2 2 1 1 0 0 0 0 0 0 0
"48" 48 0.0 402 51 16 13 11 4 2 1 0 0 0 0 0 0 0 0 0 0 0 0
"49" 49 0.0943396226415 226 89 85 30 29 26 7 6 2 0 0 0 0 0 0 0 0 0 0 0
"50" 50 0.105839416058 318 103 23 22 9 8 4 3 3 2 2 1 1 1 0 0 0 0 0 0
"51" 51 0.446808510638 400 48 34 4 3 3 3 2 2 1 0 0 0 0 0 0 0 0 0 0
"52" 52 0.28488372093 129 109 105 55 31 31 19 16 2 1 1 1 0 0 0 0 0 0 0 0
"53" 53 0.0820512820513 183 122 44 29 23 19 16 12 11 11 9 6 4 4 4 1 1 1 0 0
"54" 54 0.062015503876 123 121 73 65 46 18 10 8 8 8 8 5 3 2 1 1 0 0 0 0
"55" 55 0.0675105485232 389 36 21 15 10 8 6 4 4 2 1 1 1 1 1 0 0 0 0 0
"56" 56 0.0248756218905 150 144 36 34 21 20 19 15 14 13 9 9 7 4 2 2 1 0 0 0
"57" 57 0.183035714286 185 115 68 38 33 22 15 13 5 3 2 1 0 0 0 0 0 0 0 0
"58" 58 0.0152284263959 179 166 79 28 14 11 9 6 4 3 1 0 0 0 0 0 0 0 0 0
"59" 59 0.110465116279 390 21 21 12 11 10 8 8 7 4 3 2 1 1 1 0 0 0 0 0
"60" 60 0.189781021898 228 89 61 39 18 12 11 8 6 6 6 6 5 2 2 1 0 0 0 0
"61" 61 0.433035714286 263 66 36 34 24 22 16 10 9 7 6 4 3 0 0 0 0 0 0 0
"62" 62 0.334821428571 135 83 62 49 40 38 27 20 13 11 9 6 2 2 1 1 1 0 0 0
"63" 63 0.267441860465 195 82 59 35 31 31 25 9 8 8 7 2 2 2 2 1 1 0 0 0
"64" 64 0.0 209 148 65 40 15 9 7 5 2 0 0 0 0 0 0 0 0 0 0 0
"65" 65 0.0 186 156 87 57 4 4 4 1 1 0 0 0 0 0 0 0 0 0 0 0
"66" 66 0.0 326 90 47 33 2 1 1 0 0 0 0 0 0 0 0 0 0 0 0 0
"67" 67 0.0 416 20 20 13 12 10 6 1 1 1 0 0 0 0 0 0 0 0 0 0
"68" 68 0.157360406091 166 146 59 46 24 16 11 10 8 6 6 1 1 0 0 0 0 0 0 0
"69" 69 0.0358744394619 136 88 83 66 28 22 22 19 10 7 6 5 3 2 1 1 1 0 0 0
"70" 70 0.20725388601 135 77 53 49 45 35 31 26 21 15 4 3 2 2 1 1 0 0 0 0
"71" 71 0.348837209302 127 81 75 37 29 28 27 21 19 14 9 8 7 6 4 4 3 1 0 0
"72" 72 0.409282700422 355 31 24 18 12 12 8 8 7 6 5 5 3 2 2 2 0 0 0 0
"73" 73 0.776371308017 449 47 2 1 1 0 0 0 0 0 0 0 0 0 0 0 0 0 0 0
"74" 74 0.5 459 39 2 0 0 0 0 0 0 0 0 0 0 0 0 0 0 0 0 0
"75" 75 0.451476793249 88 83 78 51 48 29 29 21 21 14 11 7 7 6 3 2 1 1 0 0
"76" 76 0.18407960199 199 78 41 36 35 34 17 13 10 9 8 6 6 4 2 1 1 0 0 0
"77" 77 0.124087591241 103 75 69 64 57 41 38 20 13 6 3 2 2 2 2 2 1 0 0 0
"78" 78 0.112970711297 225 103 94 25 15 8 7 6 5 4 2 2 2 1 1 0 0 0 0 0
"79" 79 0.0 162 74 65 40 34 30 21 15 14 13 12 8 4 3 2 2 1 0 0 0
"80" 80 0.167883211679 222 52 49 41 28 20 16 16 14 11 9 9 7 3 2 1 0 0 0 0
"81" 81 0.0358974358974 158 88 74 52 33 30 23 13 8 8 4 3 2 1 1 1 1 0 0 0
"82" 82 0.0569620253165 193 158 49 35 22 16 10 7 3 2 2 2 1 0 0 0 0 0 0 0
"83" 83 0.359832635983 213 92 89 41 34 19 6 3 2 1 0 0 0 0 0 0 0 0 0 0
"84" 84 0.465408805031 352 50 40 34 12 4 3 2 1 1 1 0 0 0 0 0 0 0 0 0
"85" 85 0.0765550239234 279 150 27 14 7 6 6 3 2 2 2 1 1 0 0 0 0 0 0 0
"86" 86 0.454545454545 198 58 55 49 37 25 17 14 12 11 9 6 5 4 0 0 0 0 0 0
"87" 87 0.0 500 0 0 0 0 0 0 0 0 0 0 0 0 0 0 0 0 0 0 0
"88" 88 0.0 213 156 48 33 25 10 8 4 2 1 0 0 0 0 0 0 0 0 0 0
"89" 89 0.106598984772 194 127 87 55 13 8 6 2 2 2 1 1 1 1 0 0 0 0 0 0
"90" 90 0.00956937799043 296 76 44 24 19 12 12 10 3 2 1 1 0 0 0 0 0 0 0 0
"91" 91 0.0 273 117 54 14 13 9 7 6 4 2 1 0 0 0 0 0 0 0 0 0
"92" 92 0.0342205323194 311 78 57 16 14 7 6 3 3 2 2 1 0 0 0 0 0 0 0 0
"93" 93 0.0 500 0 0 0 0 0 0 0 0 0 0 0 0 0 0 0 0 0 0 0
"94" 94 0.0077519379845 144 95 63 61 34 25 21 18 13 10 7 5 1 1 1 1 0 0 0 0
"95" 95 0.0 149 135 115 31 28 12 7 7 6 5 1 1 1 1 1 0 0 0 0 0
"96" 96 0.0062893081761 263 128 101 7 1 0 0 0 0 0 0 0 0 0 0 0 0 0 0 0
"97" 97 0.103139013453 258 143 69 7 7 5 5 4 1 1 0 0 0 0 0 0 0 0 0 0
"98" 98 0.0 333 165 2 0 0 0 0 0 0 0 0 0 0 0 0 0 0 0 0 0
"99" 99 0.00354609929078 241 106 100 47 3 1 1 1 0 0 0 0 0 0 0 0 0 0 0 0
"100" 100 0.0 248 93 77 34 22 14 4 3 2 2 1 0 0 0 0 0 0 0 0 0
"101" 101 0.134715025907 267 160 36 23 7 3 2 2 0 0 0 0 0 0 0 0 0 0 0 0
"102" 102 0.0880503144654 307 35 32 29 26 23 15 7 6 5 4 4 3 2 1 1 0 0 0 0
"103" 103 0.261538461538 96 67 66 63 45 43 29 27 22 8 7 7 6 5 4 3 2 0 0 0
"104" 104 0.419540229885 159 140 38 35 30 16 15 14 11 9 8 7 7 6 5 0 0 0 0 0
"105" 105 0.456953642384 77 63 58 55 42 37 31 21 20 19 18 17 15 15 5 4 3 0 0 0
"106" 106 0.0143540669856 292 73 41 24 23 18 12 7 4 3 1 1 1 0 0 0 0 0 0 0
"107" 107 0.641509433962 200 118 60 38 24 23 16 7 6 5 2 1 0 0 0 0 0 0 0 0
"108" 108 0.174107142857 159 141 83 38 30 16 12 9 7 3 2 0 0 0 0 0 0 0 0 0
"109" 109 0.0872093023256 165 125 96 73 14 9 8 2 2 1 1 1 1 1 1 0 0 0 0 0
"110" 110 0.691983122363 355 42 40 16 15 12 9 8 1 1 1 0 0 0 0 0 0 0 0 0
"111" 111 0.100775193798 198 187 59 21 13 12 3 3 2 2 0 0 0 0 0 0 0 0 0 0
"112" 112 0.33908045977 106 105 66 54 50 23 22 19 12 11 9 8 7 3 3 2 0 0 0 0
"113" 113 0.00961538461538 500 0 0 0 0 0 0 0 0 0 0 0 0 0 0 0 0 0 0 0
"114" 114 0.0984455958549 269 183 17 13 7 7 1 1 1 1 0 0 0 0 0 0 0 0 0 0
"115" 115 0.0666666666667 361 84 34 12 4 2 1 1 1 0 0 0 0 0 0 0 0 0 0 0
"116" 116 0.155440414508 183 152 62 57 31 14 1 0 0 0 0 0 0 0 0 0 0 0 0 0
"117" 117 0.0188679245283 246 131 30 25 24 16 12 9 7 0 0 0 0 0 0 0 0 0 0 0
"118" 118 0.0 258 99 66 19 16 12 10 6 5 4 3 2 0 0 0 0 0 0 0 0
"119" 119 0.0466321243523 364 67 14 11 10 9 9 4 4 3 3 1 1 0 0 0 0 0 0 0
"120" 120 0.0 176 163 89 44 7 7 5 4 3 1 1 0 0 0 0 0 0 0 0 0
"121" 121 0.0 128 116 102 86 53 6 4 2 1 1 1 0 0 0 0 0 0 0 0 0
"122" 122 0.00446428571429 302 78 75 11 11 10 7 4 1 1 0 0 0 0 0 0 0 0 0 0
"123" 123 0.0609137055838 403 29 19 14 11 6 4 3 3 2 2 1 1 1 1 0 0 0 0 0
"124" 124 0.0192307692308 353 72 49 14 5 3 1 1 1 1 0 0 0 0 0 0 0 0 0 0
"125" 125 0.566964285714 108 108 81 53 39 28 26 25 18 8 2 2 1 1 0 0 0 0 0 0
"126" 126 0.546511627907 83 69 66 52 48 35 32 27 20 14 14 13 10 9 7 1 0 0 0 0
"127" 127 0.406091370558 86 83 79 46 41 33 26 23 18 18 18 10 9 7 1 1 1 0 0 0
"128" 128 0.0697674418605 202 154 75 14 12 8 8 7 6 4 3 3 2 1 1 0 0 0 0 0
"129" 129 0.479087452471 179 77 65 58 36 34 12 10 7 6 6 3 3 2 2 0 0 0 0 0
"130" 130 0.0813953488372 366 36 28 26 14 14 8 3 2 1 1 1 0 0 0 0 0 0 0 0
"131" 131 0.0192307692308 500 0 0 0 0 0 0 0 0 0 0 0 0 0 0 0 0 0 0 0
"132" 132 0.14798206278 139 91 89 69 49 22 15 8 5 4 3 2 1 1 1 1 0 0 0 0
"133" 133 0.126436781609 320 102 30 24 11 9 2 1 1 0 0 0 0 0 0 0 0 0 0 0
"134" 134 0.042194092827 225 108 63 23 17 16 15 12 9 5 3 2 1 1 0 0 0 0 0 0
"135" 135 0.304932735426 175 91 52 48 29 29 20 15 8 8 7 7 5 4 2 0 0 0 0 0
"136" 136 0.0 202 201 75 10 7 3 1 1 0 0 0 0 0 0 0 0 0 0 0 0
"137" 137 0.130801687764 131 83 61 43 38 25 24 23 21 18 15 6 6 3 2 1 0 0 0 0
"138" 138 0.015503875969 79 72 70 57 49 47 47 44 14 9 6 2 1 1 1 1 0 0 0 0
"139" 139 0.0 242 67 44 43 30 27 13 9 6 5 4 3 3 3 1 0 0 0 0 0
"140" 140 0.0 492 6 2 0 0 0 0 0 0 0 0 0 0 0 0 0 0 0 0 0
"141" 141 0.0 165 121 77 58 19 15 15 10 7 5 3 2 1 1 1 0 0 0 0 0
"142" 142 0.0137614678899 203 141 49 29 20 11 9 9 8 6 6 3 3 1 1 1 0 0 0 0
"143" 143 0.0 308 90 35 11 10 9 6 6 6 5 4 3 2 2 1 1 1 0 0 0
"144" 144 0.0 268 114 35 28 9 9 6 6 5 5 5 3 2 2 1 1 1 0 0 0
"145" 145 0.119402985075 291 46 44 30 20 17 13 11 10 5 5 3 2 2 1 0 0 0 0 0
"146" 146 0.0362694300518 303 67 65 30 27 2 2 1 1 1 1 0 0 0 0 0 0 0 0 0
"147" 147 0.424107142857 281 117 34 24 13 10 8 7 4 1 1 0 0 0 0 0 0 0 0 0
"148" 148 0.509615384615 416 72 5 3 2 1 1 0 0 0 0 0 0 0 0 0 0 0 0 0
"149" 149 0.330357142857 180 168 64 28 26 14 7 6 3 2 2 0 0 0 0 0 0 0 0 0
"150" 150 0.0 228 113 55 30 15 14 11 7 5 5 3 3 3 3 3 1 1 0 0 0
"151" 151 0.0414507772021 223 213 31 22 8 2 1 0 0 0 0 0 0 0 0 0 0 0 0 0
"152" 152 0.0 158 156 107 27 23 8 3 3 3 2 2 2 2 2 1 1 0 0 0 0
"153" 153 0.0 350 79 34 14 4 4 4 3 3 2 1 1 1 0 0 0 0 0 0 0
"154" 154 0.0 125 75 64 53 51 36 34 25 23 8 3 1 1 1 0 0 0 0 0 0
"155" 155 0.010152284264 417 46 18 6 4 3 2 2 1 1 0 0 0 0 0 0 0 0 0 0
"156" 156 0.0 207 156 96 23 9 4 2 1 1 1 0 0 0 0 0 0 0 0 0 0
"157" 157 0.0 153 76 70 61 44 25 23 12 12 11 6 2 2 2 1 0 0 0 0 0
"158" 158 0.113989637306 336 66 22 22 19 19 5 4 3 3 1 0 0 0 0 0 0 0 0 0
"159" 159 0.289340101523 85 76 71 47 37 33 28 24 24 22 19 19 13 2 0 0 0 0 0 0
"160" 160 0.651282051282 154 114 76 41 33 24 19 15 9 9 3 3 0 0 0 0 0 0 0 0
"161" 161 0.0673575129534 216 98 34 31 30 22 15 14 12 11 8 5 4 0 0 0 0 0 0 0
"162" 162 0.584905660377 234 97 77 50 13 11 10 8 0 0 0 0 0 0 0 0 0 0 0 0
"163" 163 0.199004975124 82 74 71 69 47 31 30 21 20 16 14 11 9 5 0 0 0 0 0 0
"164" 164 0.046511627907 277 125 52 15 13 8 5 2 1 1 1 0 0 0 0 0 0 0 0 0
"165" 165 0.62893081761 332 98 22 21 8 8 7 2 2 0 0 0 0 0 0 0 0 0 0 0
"166" 166 0.523206751055 206 91 55 35 31 26 13 11 10 9 6 5 2 0 0 0 0 0 0 0
"167" 167 0.0 147 142 67 28 21 21 20 17 13 7 6 4 2 2 1 1 1 0 0 0
"168" 168 0.435897435897 174 85 67 50 30 26 17 16 16 8 5 4 1 1 0 0 0 0 0 0
"169" 169 0.222797927461 136 110 86 79 28 21 11 6 5 4 4 2 2 2 2 1 1 0 0 0
"170" 170 0.0710659898477 130 122 47 46 30 29 22 14 14 13 11 7 5 4 3 2 1 0 0 0
"171" 171 0.482142857143 102 88 86 58 45 38 32 15 13 11 7 4 1 0 0 0 0 0 0 0
"172" 172 0.113989637306 162 152 42 30 21 21 11 10 9 9 8 7 6 4 4 3 1 0 0 0
"173" 173 0.0 167 91 53 41 37 31 16 16 14 13 6 5 4 4 1 1 0 0 0 0
"174" 174 0.370535714286 149 71 62 43 36 27 22 19 17 17 12 10 8 3 3 1 0 0 0 0
"175" 175 0.527426160338 286 106 21 19 17 13 9 6 4 3 3 3 3 3 2 1 1 0 0 0
"176" 176 0.357414448669 246 82 54 53 19 18 7 7 4 4 3 2 1 0 0 0 0 0 0 0
"177" 177 0.163179916318 239 167 43 25 19 3 2 1 1 0 0 0 0 0 0 0 0 0 0 0
"178" 178 0.622641509434 214 140 51 26 24 17 9 7 6 3 3 0 0 0 0 0 0 0 0 0
"179" 179 0.278846153846 453 40 3 3 1 0 0 0 0 0 0 0 0 0 0 0 0 0 0 0
"180" 180 0.169154228856 210 112 46 44 23 14 14 13 5 5 3 3 2 2 2 1 1 0 0 0
"181" 181 0.0995024875622 195 106 59 52 27 13 11 10 7 5 3 3 2 2 2 2 1 0 0 0
"182" 182 0.740875912409 116 93 69 54 53 38 34 18 10 9 3 1 1 1 0 0 0 0 0 0
"183" 183 0.178294573643 102 92 67 66 47 39 26 20 19 7 4 3 3 2 2 1 0 0 0 0
"184" 184 0.0116279069767 233 133 26 24 23 19 17 11 4 4 1 1 1 1 1 1 0 0 0 0
"185" 185 0.148717948718 123 110 50 49 44 31 25 15 15 13 9 5 4 4 2 1 0 0 0 0
"186" 186 0.299107142857 168 146 44 38 24 16 13 12 12 12 8 4 3 0 0 0 0 0 0 0
"187" 187 0.00709219858156 204 139 137 15 3 1 1 0 0 0 0 0 0 0 0 0 0 0 0 0
"188" 188 0.0 300 71 64 32 21 4 2 2 1 1 1 1 0 0 0 0 0 0 0 0
"189" 189 0.270072992701 214 119 92 20 15 8 7 7 5 4 4 2 2 1 0 0 0 0 0 0
"190" 190 0.167512690355 222 61 54 44 37 32 14 10 9 8 4 3 2 0 0 0 0 0 0 0
"191" 191 0.0190114068441 165 111 97 59 17 17 14 12 5 2 1 0 0 0 0 0 0 0 0 0
"192" 192 0.0548523206751 136 95 90 60 30 26 25 19 9 4 3 2 1 0 0 0 0 0 0 0
"193" 193 0.395939086294 262 47 47 34 29 29 28 8 7 2 2 2 1 1 1 0 0 0 0 0
"194" 194 0.213836477987 350 57 36 25 12 7 4 3 2 2 1 1 0 0 0 0 0 0 0 0
"195" 195 0.336787564767 148 140 55 52 34 19 13 12 12 6 4 2 2 1 0 0 0 0 0 0
"196" 196 0.730769230769 469 31 0 0 0 0 0 0 0 0 0 0 0 0 0 0 0 0 0 0
"197" 197 0.320675105485 179 110 68 57 53 15 4 3 3 2 2 1 1 1 1 0 0 0 0 0
"198" 198 0.610062893082 498 2 0 0 0 0 0 0 0 0 0 0 0 0 0 0 0 0 0 0
"199" 199 0.415178571429 163 101 65 64 39 18 18 11 11 4 3 1 1 1 0 0 0 0 0 0
"200" 200 0.0461538461538 178 105 71 65 31 20 13 7 3 3 2 1 1 0 0 0 0 0 0 0
"201" 201 0.578475336323 189 75 60 59 39 26 13 11 8 6 5 4 2 2 1 0 0 0 0 0
"202" 202 0.100418410042 409 62 9 7 5 4 1 1 1 1 0 0 0 0 0 0 0 0 0 0
"203" 203 0.139534883721 117 79 60 44 41 30 29 27 16 13 11 10 10 5 3 2 2 1 0 0
"204" 204 0.276150627615 180 93 86 47 21 19 19 18 8 5 4 0 0 0 0 0 0 0 0 0
"205" 205 0.82119205298 391 108 1 0 0 0 0 0 0 0 0 0 0 0 0 0 0 0 0 0
"206" 206 0.0769230769231 491 3 2 2 1 1 0 0 0 0 0 0 0 0 0 0 0 0 0 0
"207" 207 0.459821428571 179 88 71 44 40 19 17 13 9 7 4 3 3 2 1 0 0 0 0 0
"208" 208 0.162790697674 123 87 84 68 39 29 23 16 16 5 2 2 2 2 2 0 0 0 0 0
"209" 209 0.172995780591 108 78 78 51 49 34 30 28 13 13 7 6 2 2 1 0 0 0 0 0
"210" 210 0.323076923077 421 40 12 10 8 4 3 1 1 0 0 0 0 0 0 0 0 0 0 0
"211" 211 0.253164556962 96 78 64 54 44 37 36 33 15 12 10 7 6 5 1 1 1 0 0 0
"212" 212 0.713080168776 157 78 69 67 37 28 24 14 10 6 5 3 2 0 0 0 0 0 0 0
"213" 213 0.220532319392 130 107 81 54 39 34 14 11 10 10 3 3 3 1 0 0 0 0 0 0
"214" 214 0.0 406 66 27 1 0 0 0 0 0 0 0 0 0 0 0 0 0 0 0 0
"215" 215 0.213930348259 142 127 59 35 31 31 25 15 9 8 4 4 3 3 2 2 0 0 0 0
"216" 216 0.512953367876 126 123 111 35 24 19 13 13 12 12 4 3 3 1 1 0 0 0 0 0
"217" 217 0.0 196 146 76 41 16 9 6 3 3 2 1 1 0 0 0 0 0 0 0 0
"218" 218 0.0 141 74 72 71 44 22 19 17 17 10 5 3 3 1 1 0 0 0 0 0
"219" 219 0.476793248945 119 89 89 65 48 28 11 11 10 7 6 4 3 3 3 2 1 1 0 0
"220" 220 0.205357142857 194 165 69 36 13 6 6 4 4 2 1 0 0 0 0 0 0 0 0 0
"221" 221 0.0 452 14 11 6 5 4 4 2 1 1 0 0 0 0 0 0 0 0 0 0
"222" 222 0.124401913876 214 100 40 27 26 25 23 15 8 7 5 4 3 1 1 1 0 0 0 0
"223" 223 0.295336787565 105 80 79 64 45 38 36 15 12 9 6 4 3 2 2 0 0 0 0 0
"224" 224 0.112582781457 199 110 46 42 26 20 18 14 11 6 5 2 1 0 0 0 0 0 0 0
"225" 225 0.0460992907801 282 155 38 12 6 3 2 1 1 0 0 0 0 0 0 0 0 0 0 0
"226" 226 0.396624472574 228 87 64 42 29 15 12 7 4 4 3 2 1 1 1 0 0 0 0 0
"227" 227 0.42600896861 228 97 72 33 30 10 9 6 6 3 2 2 1 1 0 0 0 0 0 0
"228" 228 0.00497512437811 281 83 42 19 18 11 11 7 6 5 5 4 3 2 2 1 0 0 0 0
"229" 229 0.0355329949239 80 72 71 58 58 40 27 24 17 15 15 9 7 6 1 0 0 0 0 0
"230" 230 0.302325581395 223 71 61 38 24 19 14 14 13 10 6 4 2 1 0 0 0 0 0 0
"231" 231 0.519230769231 491 7 2 0 0 0 0 0 0 0 0 0 0 0 0 0 0 0 0 0
"232" 232 0.603375527426 203 91 60 49 35 25 11 8 6 3 3 2 1 1 1 1 0 0 0 0
"233" 233 0.152317880795 169 87 51 31 24 23 23 22 17 13 13 8 6 4 3 3 2 1 0 0
"234" 234 0.695364238411 139 80 74 71 50 34 25 11 7 5 2 1 1 0 0 0 0 0 0 0
"235" 235 0.347150259067 338 37 29 22 18 14 11 6 6 6 3 3 3 2 2 0 0 0 0 0
"236" 236 0.311258278146 218 77 38 37 31 19 15 14 11 10 8 7 6 4 4 1 0 0 0 0
"237" 237 0.350210970464 180 156 100 30 9 8 6 4 3 2 1 1 0 0 0 0 0 0 0 0
"238" 238 0.567307692308 416 84 0 0 0 0 0 0 0 0 0 0 0 0 0 0 0 0 0 0
"239" 239 0.0609137055838 154 122 53 49 34 21 15 12 11 7 5 5 3 3 3 2 1 0 0 0
"240" 240 0.186528497409 358 39 21 14 14 12 8 7 6 5 4 4 4 3 1 0 0 0 0 0
"241" 241 0.0845771144279 285 106 36 25 11 7 6 6 4 3 2 2 2 2 1 1 1 0 0 0
"242" 242 0.162790697674 163 155 51 29 24 13 13 12 9 7 7 4 4 4 3 2 0 0 0 0
"243" 243 0.0 185 98 52 52 28 24 19 13 12 9 5 1 1 1 0 0 0 0 0 0
"244" 244 0.0747126436782 240 160 42 29 12 11 1 1 1 1 1 1 0 0 0 0 0 0 0 0
"245" 245 0.354651162791 252 97 49 43 17 17 14 6 5 0 0 0 0 0 0 0 0 0 0 0
"246" 246 0.18407960199 269 120 19 16 16 14 11 11 11 5 4 2 2 0 0 0 0 0 0 0
"247" 247 0.534591194969 241 122 55 51 8 8 4 4 4 2 1 0 0 0 0 0 0 0 0 0
"248" 248 0.860103626943 142 123 97 62 27 26 9 5 4 4 1 0 0 0 0 0 0 0 0 0
"249" 249 0.116279069767 91 84 56 50 47 47 24 22 17 17 16 8 7 6 3 2 2 1 0 0
"250" 250 0.641509433962 250 126 51 29 10 9 8 8 8 1 0 0 0 0 0 0 0 0 0 0
"251" 251 0.296511627907 166 113 80 32 18 18 18 16 15 10 10 2 1 1 0 0 0 0 0 0
"252" 252 0.304182509506 271 133 43 28 19 6 0 0 0 0 0 0 0 0 0 0 0 0 0 0
"253" 253 0.35761589404 223 95 42 25 19 17 17 14 14 13 11 5 3 1 1 0 0 0 0 0
"254" 254 0.649789029536 97 79 72 57 42 35 27 25 19 14 8 8 7 5 4 1 0 0 0 0
"255" 255 0.449612403101 111 68 66 62 54 33 31 29 16 15 6 4 3 1 1 0 0 0 0 0
"256" 256 0.124031007752 270 77 32 29 20 16 14 14 12 7 5 3 1 0 0 0 0 0 0 0
"257" 257 0.0331125827815 184 83 62 30 30 28 23 23 13 10 5 3 2 2 1 1 0 0 0 0
"258" 258 0.533678756477 104 85 83 33 29 28 28 24 22 21 16 10 5 5 3 2 1 1 0 0
"259" 259 0.635658914729 113 77 59 57 39 36 33 25 14 14 9 9 5 5 2 2 1 0 0 0
"260" 260 0.10152284264 155 150 58 39 31 18 16 15 6 3 3 2 1 1 1 1 0 0 0 0
"261" 261 0.459119496855 404 49 39 3 2 1 1 1 0 0 0 0 0 0 0 0 0 0 0 0
"262" 262 0.622641509434 470 9 7 6 6 1 1 0 0 0 0 0 0 0 0 0 0 0 0 0
"263" 263 0.503875968992 136 133 87 55 42 14 14 7 4 4 2 1 1 0 0 0 0 0 0 0
"264" 264 0.331125827815 168 151 52 50 33 19 10 5 4 3 2 1 1 1 0 0 0 0 0 0
"265" 265 0.621890547264 175 127 38 35 24 21 20 20 7 7 7 6 6 5 1 1 0 0 0 0
"266" 266 0.447257383966 120 116 80 54 50 33 15 8 7 4 4 3 3 2 1 0 0 0 0 0
"267" 267 0.658914728682 110 108 85 60 53 30 18 11 9 8 3 2 1 1 1 0 0 0 0 0
"268" 268 0.435233160622 115 113 93 44 39 30 15 10 10 7 7 4 4 3 3 2 1 0 0 0
"269" 269 0.178294573643 96 83 51 48 43 34 29 29 28 18 11 9 6 5 4 4 1 1 0 0
"270" 270 0.779874213836 231 151 45 38 14 8 6 3 3 1 0 0 0 0 0 0 0 0 0 0
"271" 271 0.355329949239 110 104 58 56 43 24 20 17 14 14 14 8 8 5 5 0 0 0 0 0
"272" 272 0.585492227979 117 87 76 61 38 25 17 15 15 13 11 9 7 4 3 1 1 0 0 0
"273" 273 0.675105485232 127 111 78 65 38 29 25 12 10 2 1 1 1 0 0 0 0 0 0 0
"274" 274 0.364238410596 103 96 72 60 59 31 31 13 10 9 7 5 2 2 0 0 0 0 0 0
"275" 275 0.0761421319797 202 61 53 48 38 28 14 11 10 8 8 7 4 4 2 2 0 0 0 0
"276" 276 0.554404145078 98 88 76 54 48 44 27 18 14 11 6 6 4 3 3 0 0 0 0 0
"277" 277 0.497890295359 133 75 66 66 52 45 14 14 13 7 4 4 4 3 0 0 0 0 0 0
"278" 278 0.421985815603 174 120 62 57 37 11 10 10 7 5 2 2 2 1 0 0 0 0 0 0
"279" 279 0.18410041841 267 186 26 6 6 3 2 1 1 1 1 0 0 0 0 0 0 0 0 0
"280" 280 0.861924686192 221 94 57 55 43 15 6 4 2 1 1 1 0 0 0 0 0 0 0 0
