"site" "RSA" "aa1" "aa2" "aa3" "aa4" "aa5" "aa6" "aa7" "aa8" "aa9" "aa10" "aa11" "aa12" "aa13" "aa14" "aa15" "aa16" "aa17" "aa18" "aa19" "aa20"
"0" 0 0.842767295597 490 8 2 0 0 0 0 0 0 0 0 0 0 0 0 0 0 0 0 0
"1" 1 0.122093023256 229 130 90 15 12 9 5 4 4 1 1 0 0 0 0 0 0 0 0 0
"2" 2 0.360465116279 435 63 2 0 0 0 0 0 0 0 0 0 0 0 0 0 0 0 0 0
"3" 3 0.147208121827 343 131 12 7 5 1 1 0 0 0 0 0 0 0 0 0 0 0 0 0
"4" 4 0.556291390728 442 32 12 8 3 2 1 0 0 0 0 0 0 0 0 0 0 0 0 0
"5" 5 0.223880597015 368 73 39 11 8 1 0 0 0 0 0 0 0 0 0 0 0 0 0 0
"6" 6 0.00995024875622 354 110 19 8 6 1 1 1 0 0 0 0 0 0 0 0 0 0 0 0
"7" 7 0.322869955157 332 74 33 26 15 13 3 3 1 0 0 0 0 0 0 0 0 0 0 0
"8" 8 0.409282700422 257 109 82 37 11 2 1 1 0 0 0 0 0 0 0 0 0 0 0 0
"9" 9 0.197718631179 346 97 38 10 4 3 1 1 0 0 0 0 0 0 0 0 0 0 0 0
"10" 10 0.101265822785 322 139 30 9 0 0 0 0 0 0 0 0 0 0 0 0 0 0 0 0
"11" 11 0.632286995516 429 31 24 10 4 2 0 0 0 0 0 0 0 0 0 0 0 0 0 0
"12" 12 0.34375 368 103 17 11 1 0 0 0 0 0 0 0 0 0 0 0 0 0 0 0
"13" 13 0.742616033755 497 2 1 0 0 0 0 0 0 0 0 0 0 0 0 0 0 0 0 0
"14" 14 0.286919831224 487 5 4 3 1 0 0 0 0 0 0 0 0 0 0 0 0 0 0 0
"15" 15 0.266423357664 459 21 13 6 1 0 0 0 0 0 0 0 0 0 0 0 0 0 0 0
"16" 16 0.0627615062762 437 27 26 4 2 1 1 1 1 0 0 0 0 0 0 0 0 0 0 0
"17" 17 0.100775193798 161 150 88 66 15 14 4 1 1 0 0 0 0 0 0 0 0 0 0 0
"18" 18 0.0174418604651 434 63 3 0 0 0 0 0 0 0 0 0 0 0 0 0 0 0 0 0
"19" 19 0.00507614213198 445 53 1 1 0 0 0 0 0 0 0 0 0 0 0 0 0 0 0 0
"20" 20 0.0174418604651 491 8 1 0 0 0 0 0 0 0 0 0 0 0 0 0 0 0 0 0
"21" 21 0.0 374 126 0 0 0 0 0 0 0 0 0 0 0 0 0 0 0 0 0 0
"22" 22 0.0114068441065 371 96 26 3 3 1 0 0 0 0 0 0 0 0 0 0 0 0 0 0
"23" 23 0.274611398964 417 82 1 0 0 0 0 0 0 0 0 0 0 0 0 0 0 0 0 0
"24" 24 0.441064638783 254 152 66 24 2 2 0 0 0 0 0 0 0 0 0 0 0 0 0 0
"25" 25 0.53642384106 319 115 64 2 0 0 0 0 0 0 0 0 0 0 0 0 0 0 0 0
"26" 26 0.188284518828 481 18 1 0 0 0 0 0 0 0 0 0 0 0 0 0 0 0 0 0
"27" 27 0.0 490 10 0 0 0 0 0 0 0 0 0 0 0 0 0 0 0 0 0 0
"28" 28 0.337552742616 189 169 93 28 12 8 1 0 0 0 0 0 0 0 0 0 0 0 0 0
"29" 29 0.0547263681592 414 81 5 0 0 0 0 0 0 0 0 0 0 0 0 0 0 0 0 0
"30" 30 0.0 368 93 16 12 5 5 1 0 0 0 0 0 0 0 0 0 0 0 0 0
"31" 31 0.217054263566 249 202 42 3 2 1 1 0 0 0 0 0 0 0 0 0 0 0 0 0
"32" 32 0.461139896373 189 144 93 37 23 8 4 2 0 0 0 0 0 0 0 0 0 0 0 0
"33" 33 0.196428571429 238 109 69 35 19 14 9 5 2 0 0 0 0 0 0 0 0 0 0 0
"34" 34 0.317307692308 500 0 0 0 0 0 0 0 0 0 0 0 0 0 0 0 0 0 0 0
"35" 35 0.0149253731343 308 135 27 19 8 1 1 1 0 0 0 0 0 0 0 0 0 0 0 0
"36" 36 0.287179487179 244 81 80 73 18 2 1 1 0 0 0 0 0 0 0 0 0 0 0 0
"37" 37 0.0574712643678 464 14 7 6 3 2 2 1 1 0 0 0 0 0 0 0 0 0 0 0
"38" 38 0.0045871559633 492 3 3 1 1 0 0 0 0 0 0 0 0 0 0 0 0 0 0 0
"39" 39 0.0646766169154 492 4 2 2 0 0 0 0 0 0 0 0 0 0 0 0 0 0 0 0
"40" 40 0.0 468 21 11 0 0 0 0 0 0 0 0 0 0 0 0 0 0 0 0 0
"41" 41 0.00961538461538 426 72 2 0 0 0 0 0 0 0 0 0 0 0 0 0 0 0 0 0
"42" 42 0.0259067357513 491 9 0 0 0 0 0 0 0 0 0 0 0 0 0 0 0 0 0 0
"43" 43 0.158940397351 298 153 15 15 14 5 0 0 0 0 0 0 0 0 0 0 0 0 0 0
"44" 44 0.0 418 61 19 2 0 0 0 0 0 0 0 0 0 0 0 0 0 0 0 0
"45" 45 0.0 500 0 0 0 0 0 0 0 0 0 0 0 0 0 0 0 0 0 0 0
"46" 46 0.325688073394 272 189 27 11 1 0 0 0 0 0 0 0 0 0 0 0 0 0 0 0
"47" 47 0.273255813953 274 162 32 13 7 4 3 2 1 1 1 0 0 0 0 0 0 0 0 0
"48" 48 0.367816091954 433 40 22 5 0 0 0 0 0 0 0 0 0 0 0 0 0 0 0 0
"49" 49 0.27802690583 291 165 35 5 3 1 0 0 0 0 0 0 0 0 0 0 0 0 0 0
"50" 50 0.596153846154 500 0 0 0 0 0 0 0 0 0 0 0 0 0 0 0 0 0 0 0
"51" 51 0.401913875598 496 3 1 0 0 0 0 0 0 0 0 0 0 0 0 0 0 0 0 0
"52" 52 0.725388601036 498 2 0 0 0 0 0 0 0 0 0 0 0 0 0 0 0 0 0 0
"53" 53 0.105960264901 292 164 43 1 0 0 0 0 0 0 0 0 0 0 0 0 0 0 0 0
"54" 54 0.0232558139535 315 93 42 37 5 5 3 0 0 0 0 0 0 0 0 0 0 0 0 0
"55" 55 0.174129353234 215 159 65 37 19 2 2 1 0 0 0 0 0 0 0 0 0 0 0 0
"56" 56 0.37106918239 476 20 3 1 0 0 0 0 0 0 0 0 0 0 0 0 0 0 0 0
"57" 57 0.0229885057471 329 165 5 1 0 0 0 0 0 0 0 0 0 0 0 0 0 0 0 0
"58" 58 0.372093023256 331 169 0 0 0 0 0 0 0 0 0 0 0 0 0 0 0 0 0 0
"59" 59 0.120689655172 324 66 59 34 9 8 0 0 0 0 0 0 0 0 0 0 0 0 0 0
"60" 60 0.53488372093 320 138 22 8 8 2 2 0 0 0 0 0 0 0 0 0 0 0 0 0
"61" 61 0.238341968912 291 171 37 1 0 0 0 0 0 0 0 0 0 0 0 0 0 0 0 0
"62" 62 0.0 250 138 76 25 4 3 3 1 0 0 0 0 0 0 0 0 0 0 0 0
"63" 63 0.131782945736 371 116 8 3 1 1 0 0 0 0 0 0 0 0 0 0 0 0 0 0
"64" 64 0.631178707224 109 100 88 74 45 24 22 21 8 5 4 0 0 0 0 0 0 0 0 0
"65" 65 0.11004784689 499 1 0 0 0 0 0 0 0 0 0 0 0 0 0 0 0 0 0 0
"66" 66 0.0 496 3 1 0 0 0 0 0 0 0 0 0 0 0 0 0 0 0 0 0
"67" 67 0.162790697674 222 171 104 3 0 0 0 0 0 0 0 0 0 0 0 0 0 0 0 0
"68" 68 0.139534883721 162 133 104 97 4 0 0 0 0 0 0 0 0 0 0 0 0 0 0 0
"69" 69 0.0 423 65 11 1 0 0 0 0 0 0 0 0 0 0 0 0 0 0 0 0
"70" 70 0.171532846715 489 10 1 0 0 0 0 0 0 0 0 0 0 0 0 0 0 0 0 0
"71" 71 0.620437956204 167 152 134 24 19 4 0 0 0 0 0 0 0 0 0 0 0 0 0 0
"72" 72 0.0384615384615 500 0 0 0 0 0 0 0 0 0 0 0 0 0 0 0 0 0 0 0
"73" 73 0.0077519379845 498 2 0 0 0 0 0 0 0 0 0 0 0 0 0 0 0 0 0 0
"74" 74 0.51572327044 490 6 4 0 0 0 0 0 0 0 0 0 0 0 0 0 0 0 0 0
"75" 75 0.538461538462 468 25 3 1 1 1 1 0 0 0 0 0 0 0 0 0 0 0 0 0
"76" 76 0.0316455696203 493 7 0 0 0 0 0 0 0 0 0 0 0 0 0 0 0 0 0 0
"77" 77 0.0298507462687 483 11 3 2 1 0 0 0 0 0 0 0 0 0 0 0 0 0 0 0
"78" 78 0.0 489 10 1 0 0 0 0 0 0 0 0 0 0 0 0 0 0 0 0 0
"79" 79 0.0348258706468 405 40 22 22 6 2 2 1 0 0 0 0 0 0 0 0 0 0 0 0
"80" 80 0.0 391 106 3 0 0 0 0 0 0 0 0 0 0 0 0 0 0 0 0 0
"81" 81 0.020725388601 480 12 8 0 0 0 0 0 0 0 0 0 0 0 0 0 0 0 0 0
"82" 82 0.0 499 1 0 0 0 0 0 0 0 0 0 0 0 0 0 0 0 0 0 0
"83" 83 0.0062893081761 466 29 4 1 0 0 0 0 0 0 0 0 0 0 0 0 0 0 0 0
"84" 84 0.380753138075 313 124 58 4 1 0 0 0 0 0 0 0 0 0 0 0 0 0 0 0
"85" 85 0.545871559633 304 93 80 11 8 4 0 0 0 0 0 0 0 0 0 0 0 0 0 0
"86" 86 0.031007751938 201 137 63 42 41 12 4 0 0 0 0 0 0 0 0 0 0 0 0 0
"87" 87 0.041825095057 317 183 0 0 0 0 0 0 0 0 0 0 0 0 0 0 0 0 0 0
"88" 88 0.341085271318 359 50 38 37 11 5 0 0 0 0 0 0 0 0 0 0 0 0 0 0
"89" 89 0.267441860465 235 164 49 41 11 0 0 0 0 0 0 0 0 0 0 0 0 0 0 0
"90" 90 0.0943396226415 208 111 108 49 8 8 7 1 0 0 0 0 0 0 0 0 0 0 0 0
"91" 91 0.544642857143 383 104 7 6 0 0 0 0 0 0 0 0 0 0 0 0 0 0 0 0
"92" 92 0.408071748879 276 117 55 31 13 8 0 0 0 0 0 0 0 0 0 0 0 0 0 0
"93" 93 0.0 499 1 0 0 0 0 0 0 0 0 0 0 0 0 0 0 0 0 0 0
"94" 94 0.192468619247 293 71 39 34 30 14 9 5 4 1 0 0 0 0 0 0 0 0 0 0
"95" 95 0.540178571429 190 146 66 65 12 10 6 5 0 0 0 0 0 0 0 0 0 0 0 0
"96" 96 0.174358974359 264 73 53 43 26 20 13 5 3 0 0 0 0 0 0 0 0 0 0 0
"97" 97 0.0 496 2 2 0 0 0 0 0 0 0 0 0 0 0 0 0 0 0 0 0
"98" 98 0.162790697674 207 141 85 32 24 7 2 2 0 0 0 0 0 0 0 0 0 0 0 0
"99" 99 0.267441860465 149 104 102 63 29 23 17 7 5 1 0 0 0 0 0 0 0 0 0 0
"100" 100 0.0 337 141 12 3 3 2 1 1 0 0 0 0 0 0 0 0 0 0 0 0
"101" 101 0.197247706422 169 158 137 16 10 10 0 0 0 0 0 0 0 0 0 0 0 0 0 0
"102" 102 0.689781021898 133 110 80 74 69 33 1 0 0 0 0 0 0 0 0 0 0 0 0 0
"103" 103 0.217054263566 488 9 3 0 0 0 0 0 0 0 0 0 0 0 0 0 0 0 0 0
"104" 104 0.134615384615 500 0 0 0 0 0 0 0 0 0 0 0 0 0 0 0 0 0 0 0
"105" 105 0.0387596899225 495 5 0 0 0 0 0 0 0 0 0 0 0 0 0 0 0 0 0 0
"106" 106 0.302564102564 492 7 1 0 0 0 0 0 0 0 0 0 0 0 0 0 0 0 0 0
"107" 107 0.0137614678899 398 65 37 0 0 0 0 0 0 0 0 0 0 0 0 0 0 0 0 0
"108" 108 0.0 477 21 1 1 0 0 0 0 0 0 0 0 0 0 0 0 0 0 0 0
"109" 109 0.0295358649789 421 65 6 4 4 0 0 0 0 0 0 0 0 0 0 0 0 0 0 0
"110" 110 0.010152284264 497 2 1 0 0 0 0 0 0 0 0 0 0 0 0 0 0 0 0 0
"111" 111 0.0357142857143 481 9 6 3 1 0 0 0 0 0 0 0 0 0 0 0 0 0 0 0
"112" 112 0.115384615385 500 0 0 0 0 0 0 0 0 0 0 0 0 0 0 0 0 0 0 0
"113" 113 0.0769230769231 500 0 0 0 0 0 0 0 0 0 0 0 0 0 0 0 0 0 0 0
"114" 114 0.495535714286 211 101 77 45 27 25 7 4 2 1 0 0 0 0 0 0 0 0 0 0
"115" 115 0.556737588652 421 74 3 1 1 0 0 0 0 0 0 0 0 0 0 0 0 0 0 0
"116" 116 0.00497512437811 478 22 0 0 0 0 0 0 0 0 0 0 0 0 0 0 0 0 0 0
"117" 117 0.195402298851 139 135 114 38 28 28 18 0 0 0 0 0 0 0 0 0 0 0 0 0
"118" 118 0.513392857143 332 53 41 31 15 14 6 4 3 1 0 0 0 0 0 0 0 0 0 0
"119" 119 0.0348837209302 433 35 31 1 0 0 0 0 0 0 0 0 0 0 0 0 0 0 0 0
"120" 120 0.00574712643678 286 208 6 0 0 0 0 0 0 0 0 0 0 0 0 0 0 0 0 0
"121" 121 0.421524663677 377 47 40 35 1 0 0 0 0 0 0 0 0 0 0 0 0 0 0 0
"122" 122 0.178899082569 236 94 92 36 20 7 5 5 3 1 1 0 0 0 0 0 0 0 0 0
"123" 123 0.0 500 0 0 0 0 0 0 0 0 0 0 0 0 0 0 0 0 0 0 0
"124" 124 0.261627906977 495 3 2 0 0 0 0 0 0 0 0 0 0 0 0 0 0 0 0 0
"125" 125 0.633928571429 416 26 21 21 8 5 2 1 0 0 0 0 0 0 0 0 0 0 0 0
"126" 126 0.419708029197 247 146 59 22 13 8 3 2 0 0 0 0 0 0 0 0 0 0 0 0
"127" 127 0.643410852713 500 0 0 0 0 0 0 0 0 0 0 0 0 0 0 0 0 0 0 0
"128" 128 0.0804597701149 218 135 85 46 16 0 0 0 0 0 0 0 0 0 0 0 0 0 0 0
"129" 129 0.182389937107 365 82 26 14 6 5 1 1 0 0 0 0 0 0 0 0 0 0 0 0
"130" 130 0.0 500 0 0 0 0 0 0 0 0 0 0 0 0 0 0 0 0 0 0 0
"131" 131 0.0 325 99 38 35 1 1 1 0 0 0 0 0 0 0 0 0 0 0 0 0
"132" 132 0.0192307692308 249 236 15 0 0 0 0 0 0 0 0 0 0 0 0 0 0 0 0 0
"133" 133 0.0239234449761 487 11 2 0 0 0 0 0 0 0 0 0 0 0 0 0 0 0 0 0
"134" 134 0.0199004975124 437 55 6 2 0 0 0 0 0 0 0 0 0 0 0 0 0 0 0 0
"135" 135 0.0673076923077 500 0 0 0 0 0 0 0 0 0 0 0 0 0 0 0 0 0 0 0
"136" 136 0.0348258706468 198 196 82 13 9 2 0 0 0 0 0 0 0 0 0 0 0 0 0 0
"137" 137 0.0697674418605 158 141 99 66 33 3 0 0 0 0 0 0 0 0 0 0 0 0 0 0
"138" 138 0.100628930818 302 74 64 28 23 6 2 1 0 0 0 0 0 0 0 0 0 0 0 0
"139" 139 0.0627802690583 484 13 2 1 0 0 0 0 0 0 0 0 0 0 0 0 0 0 0 0
"140" 140 0.291390728477 192 151 137 19 1 0 0 0 0 0 0 0 0 0 0 0 0 0 0 0
"141" 141 0.0804597701149 466 27 6 1 0 0 0 0 0 0 0 0 0 0 0 0 0 0 0 0
"142" 142 0.610256410256 205 142 82 38 14 11 5 2 1 0 0 0 0 0 0 0 0 0 0 0
"143" 143 0.705583756345 287 136 58 14 4 1 0 0 0 0 0 0 0 0 0 0 0 0 0 0
"144" 144 0.225941422594 486 6 6 1 1 0 0 0 0 0 0 0 0 0 0 0 0 0 0 0
"145" 145 0.538461538462 500 0 0 0 0 0 0 0 0 0 0 0 0 0 0 0 0 0 0 0
"146" 146 0.153846153846 500 0 0 0 0 0 0 0 0 0 0 0 0 0 0 0 0 0 0 0
"147" 147 0.399239543726 361 40 36 26 22 6 5 2 1 1 0 0 0 0 0 0 0 0 0 0
"148" 148 0.464135021097 335 156 9 0 0 0 0 0 0 0 0 0 0 0 0 0 0 0 0 0
"149" 149 0.183908045977 248 189 63 0 0 0 0 0 0 0 0 0 0 0 0 0 0 0 0 0
"150" 150 0.224215246637 500 0 0 0 0 0 0 0 0 0 0 0 0 0 0 0 0 0 0 0
"151" 151 0.0865384615385 500 0 0 0 0 0 0 0 0 0 0 0 0 0 0 0 0 0 0 0
"152" 152 0.492700729927 481 19 0 0 0 0 0 0 0 0 0 0 0 0 0 0 0 0 0 0
"153" 153 0.471153846154 500 0 0 0 0 0 0 0 0 0 0 0 0 0 0 0 0 0 0 0
"154" 154 0.611398963731 329 71 52 19 15 9 3 2 0 0 0 0 0 0 0 0 0 0 0 0
"155" 155 0.75 320 80 80 8 4 4 3 1 0 0 0 0 0 0 0 0 0 0 0 0
"156" 156 0.317829457364 470 18 6 5 1 0 0 0 0 0 0 0 0 0 0 0 0 0 0 0
"157" 157 0.0288461538462 302 94 66 24 14 0 0 0 0 0 0 0 0 0 0 0 0 0 0 0
"158" 158 0.414507772021 198 138 74 30 24 12 12 10 1 1 0 0 0 0 0 0 0 0 0 0
"159" 159 0.42600896861 316 71 59 50 3 1 0 0 0 0 0 0 0 0 0 0 0 0 0 0
"160" 160 0.109452736318 469 25 6 0 0 0 0 0 0 0 0 0 0 0 0 0 0 0 0 0
"161" 161 0.144278606965 228 217 24 20 7 3 1 0 0 0 0 0 0 0 0 0 0 0 0 0
"162" 162 0.364238410596 216 84 52 49 42 37 6 5 3 3 2 1 0 0 0 0 0 0 0 0
"163" 163 0.0880829015544 162 132 84 57 46 12 5 2 0 0 0 0 0 0 0 0 0 0 0 0
"164" 164 0.0077519379845 473 20 5 2 0 0 0 0 0 0 0 0 0 0 0 0 0 0 0 0
"165" 165 0.348258706468 255 134 100 5 4 2 0 0 0 0 0 0 0 0 0 0 0 0 0 0
"166" 166 0.116279069767 137 93 62 47 41 41 23 19 18 9 6 2 2 0 0 0 0 0 0 0
"167" 167 0.0149253731343 234 127 115 18 6 0 0 0 0 0 0 0 0 0 0 0 0 0 0 0
"168" 168 0.191964285714 437 53 3 3 2 2 0 0 0 0 0 0 0 0 0 0 0 0 0 0
"169" 169 0.674418604651 289 133 38 21 11 5 2 1 0 0 0 0 0 0 0 0 0 0 0 0
"170" 170 0.046511627907 499 1 0 0 0 0 0 0 0 0 0 0 0 0 0 0 0 0 0 0
"171" 171 0.259615384615 500 0 0 0 0 0 0 0 0 0 0 0 0 0 0 0 0 0 0 0
"172" 172 0.031007751938 488 12 0 0 0 0 0 0 0 0 0 0 0 0 0 0 0 0 0 0
"173" 173 0.313901345291 463 17 8 3 3 3 1 1 1 0 0 0 0 0 0 0 0 0 0 0
"174" 174 0.0 328 101 62 8 1 0 0 0 0 0 0 0 0 0 0 0 0 0 0 0
"175" 175 0.0149253731343 243 213 21 8 7 6 2 0 0 0 0 0 0 0 0 0 0 0 0 0
"176" 176 0.0229885057471 494 3 1 1 1 0 0 0 0 0 0 0 0 0 0 0 0 0 0 0
"177" 177 0.0 347 67 50 11 9 8 4 2 1 1 0 0 0 0 0 0 0 0 0 0
"178" 178 0.120535714286 269 94 81 50 3 1 1 1 0 0 0 0 0 0 0 0 0 0 0 0
"179" 179 0.0316455696203 281 152 49 10 3 3 2 0 0 0 0 0 0 0 0 0 0 0 0 0
"180" 180 0.0 376 122 2 0 0 0 0 0 0 0 0 0 0 0 0 0 0 0 0 0
"181" 181 0.0566037735849 481 13 6 0 0 0 0 0 0 0 0 0 0 0 0 0 0 0 0 0
"182" 182 0.0919540229885 468 22 9 1 0 0 0 0 0 0 0 0 0 0 0 0 0 0 0 0
"183" 183 0.441964285714 266 100 73 44 12 4 1 0 0 0 0 0 0 0 0 0 0 0 0 0
"184" 184 0.0497512437811 303 165 19 13 0 0 0 0 0 0 0 0 0 0 0 0 0 0 0 0
"185" 185 0.0 421 78 1 0 0 0 0 0 0 0 0 0 0 0 0 0 0 0 0 0
"186" 186 0.430379746835 281 117 55 37 5 3 2 0 0 0 0 0 0 0 0 0 0 0 0 0
"187" 187 0.357664233577 311 93 65 21 5 2 2 1 0 0 0 0 0 0 0 0 0 0 0 0
"188" 188 0.0 490 4 3 3 0 0 0 0 0 0 0 0 0 0 0 0 0 0 0 0
"189" 189 0.0639534883721 193 156 78 59 10 3 1 0 0 0 0 0 0 0 0 0 0 0 0 0
"190" 190 0.607142857143 244 161 43 37 9 6 0 0 0 0 0 0 0 0 0 0 0 0 0 0
"191" 191 0.364341085271 209 81 77 38 29 16 15 13 11 7 2 2 0 0 0 0 0 0 0 0
"192" 192 0.0298507462687 451 19 18 8 2 1 1 0 0 0 0 0 0 0 0 0 0 0 0 0
"193" 193 0.496124031008 437 52 6 2 2 1 0 0 0 0 0 0 0 0 0 0 0 0 0 0
"194" 194 0.0812182741117 437 22 22 7 4 4 2 1 1 0 0 0 0 0 0 0 0 0 0 0
"195" 195 0.0 230 154 116 0 0 0 0 0 0 0 0 0 0 0 0 0 0 0 0 0
"196" 196 0.0 347 148 4 1 0 0 0 0 0 0 0 0 0 0 0 0 0 0 0 0
"197" 197 0.0152284263959 435 31 17 7 5 3 2 0 0 0 0 0 0 0 0 0 0 0 0 0
"198" 198 0.0 468 32 0 0 0 0 0 0 0 0 0 0 0 0 0 0 0 0 0 0
"199" 199 0.0710659898477 407 59 19 12 3 0 0 0 0 0 0 0 0 0 0 0 0 0 0 0
"200" 200 0.0288461538462 499 1 0 0 0 0 0 0 0 0 0 0 0 0 0 0 0 0 0 0
"201" 201 0.0 453 33 14 0 0 0 0 0 0 0 0 0 0 0 0 0 0 0 0 0
"202" 202 0.0 500 0 0 0 0 0 0 0 0 0 0 0 0 0 0 0 0 0 0 0
"203" 203 0.282051282051 409 82 9 0 0 0 0 0 0 0 0 0 0 0 0 0 0 0 0 0
"204" 204 0.235632183908 396 28 28 11 10 9 8 7 2 1 0 0 0 0 0 0 0 0 0 0
"205" 205 0.0116279069767 467 32 1 0 0 0 0 0 0 0 0 0 0 0 0 0 0 0 0 0
"206" 206 0.0880829015544 241 85 80 78 12 3 1 0 0 0 0 0 0 0 0 0 0 0 0 0
"207" 207 0.0 500 0 0 0 0 0 0 0 0 0 0 0 0 0 0 0 0 0 0 0
"208" 208 0.0134529147982 499 1 0 0 0 0 0 0 0 0 0 0 0 0 0 0 0 0 0 0
"209" 209 0.0659898477157 486 11 2 1 0 0 0 0 0 0 0 0 0 0 0 0 0 0 0 0
"210" 210 0.00497512437811 403 62 21 8 4 2 0 0 0 0 0 0 0 0 0 0 0 0 0 0
"211" 211 0.120689655172 323 152 17 6 1 1 0 0 0 0 0 0 0 0 0 0 0 0 0 0
"212" 212 0.0 352 126 15 6 1 0 0 0 0 0 0 0 0 0 0 0 0 0 0 0
"213" 213 0.129186602871 223 139 60 35 20 14 9 0 0 0 0 0 0 0 0 0 0 0 0 0
"214" 214 0.0880829015544 344 132 7 5 5 4 2 1 0 0 0 0 0 0 0 0 0 0 0 0
"215" 215 0.0077519379845 270 174 20 13 12 10 1 0 0 0 0 0 0 0 0 0 0 0 0 0
"216" 216 0.0418410041841 482 14 2 1 1 0 0 0 0 0 0 0 0 0 0 0 0 0 0 0
"217" 217 0.307692307692 498 2 0 0 0 0 0 0 0 0 0 0 0 0 0 0 0 0 0 0
"218" 218 0.446700507614 499 1 0 0 0 0 0 0 0 0 0 0 0 0 0 0 0 0 0 0
"219" 219 0.313953488372 345 111 21 7 5 4 3 1 1 1 1 0 0 0 0 0 0 0 0 0
"220" 220 0.625 495 4 1 0 0 0 0 0 0 0 0 0 0 0 0 0 0 0 0 0
"221" 221 0.673076923077 500 0 0 0 0 0 0 0 0 0 0 0 0 0 0 0 0 0 0 0
"222" 222 0.928229665072 479 21 0 0 0 0 0 0 0 0 0 0 0 0 0 0 0 0 0 0
"223" 223 0.253807106599 292 180 24 2 1 1 0 0 0 0 0 0 0 0 0 0 0 0 0 0
"224" 224 0.295597484277 280 84 83 21 17 10 3 2 0 0 0 0 0 0 0 0 0 0 0 0
"225" 225 0.476793248945 428 63 7 2 0 0 0 0 0 0 0 0 0 0 0 0 0 0 0 0
"226" 226 0.108786610879 337 101 39 22 1 0 0 0 0 0 0 0 0 0 0 0 0 0 0 0
"227" 227 0.0387596899225 393 31 23 19 16 12 4 2 0 0 0 0 0 0 0 0 0 0 0 0
"228" 228 0.143459915612 397 44 32 12 11 4 0 0 0 0 0 0 0 0 0 0 0 0 0 0
"229" 229 0.25641025641 473 25 2 0 0 0 0 0 0 0 0 0 0 0 0 0 0 0 0 0
"230" 230 0.00418410041841 287 212 1 0 0 0 0 0 0 0 0 0 0 0 0 0 0 0 0 0
"231" 231 0.218905472637 498 2 0 0 0 0 0 0 0 0 0 0 0 0 0 0 0 0 0 0
"232" 232 0.612403100775 458 35 4 2 1 0 0 0 0 0 0 0 0 0 0 0 0 0 0 0
"233" 233 0.651785714286 447 36 13 4 0 0 0 0 0 0 0 0 0 0 0 0 0 0 0 0
"234" 234 0.174418604651 211 201 71 9 4 3 1 0 0 0 0 0 0 0 0 0 0 0 0 0
"235" 235 0.663461538462 500 0 0 0 0 0 0 0 0 0 0 0 0 0 0 0 0 0 0 0
"236" 236 0.419689119171 310 58 50 37 23 13 6 3 0 0 0 0 0 0 0 0 0 0 0 0
"237" 237 0.269035532995 500 0 0 0 0 0 0 0 0 0 0 0 0 0 0 0 0 0 0 0
"238" 238 0.412408759124 184 130 94 55 21 8 4 3 1 0 0 0 0 0 0 0 0 0 0 0
"239" 239 0.116279069767 223 143 45 37 23 13 13 3 0 0 0 0 0 0 0 0 0 0 0 0
"240" 240 0.0 500 0 0 0 0 0 0 0 0 0 0 0 0 0 0 0 0 0 0 0
"241" 241 0.00574712643678 167 124 97 62 18 14 8 5 2 1 1 1 0 0 0 0 0 0 0 0
"242" 242 0.441605839416 314 85 70 29 2 0 0 0 0 0 0 0 0 0 0 0 0 0 0 0
"243" 243 0.22869955157 184 133 127 22 20 12 1 1 0 0 0 0 0 0 0 0 0 0 0 0
"244" 244 0.0114068441065 224 124 101 47 3 1 0 0 0 0 0 0 0 0 0 0 0 0 0 0
"245" 245 0.229357798165 432 23 14 13 8 5 4 1 0 0 0 0 0 0 0 0 0 0 0 0
"246" 246 0.46511627907 167 156 110 39 25 2 1 0 0 0 0 0 0 0 0 0 0 0 0 0
"247" 247 0.142857142857 392 64 19 18 2 2 1 1 1 0 0 0 0 0 0 0 0 0 0 0
"248" 248 0.00574712643678 243 110 102 31 11 3 0 0 0 0 0 0 0 0 0 0 0 0 0 0
"249" 249 0.504464285714 482 7 5 4 1 1 0 0 0 0 0 0 0 0 0 0 0 0 0 0
"250" 250 0.483443708609 327 62 61 37 11 1 1 0 0 0 0 0 0 0 0 0 0 0 0 0
"251" 251 0.0961538461538 500 0 0 0 0 0 0 0 0 0 0 0 0 0 0 0 0 0 0 0
"252" 252 0.505747126437 390 60 41 6 3 0 0 0 0 0 0 0 0 0 0 0 0 0 0 0
"253" 253 0.0114068441065 422 48 21 4 4 1 0 0 0 0 0 0 0 0 0 0 0 0 0 0
"254" 254 0.0188679245283 471 22 3 2 2 0 0 0 0 0 0 0 0 0 0 0 0 0 0 0
"255" 255 0.182692307692 500 0 0 0 0 0 0 0 0 0 0 0 0 0 0 0 0 0 0 0
"256" 256 0.584821428571 492 5 3 0 0 0 0 0 0 0 0 0 0 0 0 0 0 0 0 0
"257" 257 0.669642857143 499 1 0 0 0 0 0 0 0 0 0 0 0 0 0 0 0 0 0 0
"258" 258 0.0717703349282 499 1 0 0 0 0 0 0 0 0 0 0 0 0 0 0 0 0 0 0
"259" 259 0.0331125827815 482 18 0 0 0 0 0 0 0 0 0 0 0 0 0 0 0 0 0 0
"260" 260 0.112970711297 382 101 8 7 2 0 0 0 0 0 0 0 0 0 0 0 0 0 0 0
"261" 261 0.535885167464 387 90 21 2 0 0 0 0 0 0 0 0 0 0 0 0 0 0 0 0
