"site" "RSA" "aa1" "aa2" "aa3" "aa4" "aa5" "aa6" "aa7" "aa8" "aa9" "aa10" "aa11" "aa12" "aa13" "aa14" "aa15" "aa16" "aa17" "aa18" "aa19" "aa20"
"0" 0 0.704641350211 469 18 4 3 2 2 1 1 0 0 0 0 0 0 0 0 0 0 0 0
"1" 1 0.0288461538462 500 0 0 0 0 0 0 0 0 0 0 0 0 0 0 0 0 0 0 0
"2" 2 0.105769230769 288 82 47 20 13 13 10 9 8 5 4 1 0 0 0 0 0 0 0 0
"3" 3 0.00574712643678 234 212 23 14 9 4 3 1 0 0 0 0 0 0 0 0 0 0 0 0
"4" 4 0.0203045685279 162 118 72 60 28 18 11 10 9 5 4 2 1 0 0 0 0 0 0 0
"5" 5 0.0 230 202 16 15 13 9 7 5 3 0 0 0 0 0 0 0 0 0 0 0
"6" 6 0.139896373057 218 96 62 46 26 15 15 9 7 2 1 1 1 1 0 0 0 0 0 0
"7" 7 0.0 475 23 2 0 0 0 0 0 0 0 0 0 0 0 0 0 0 0 0 0
"8" 8 0.333333333333 351 66 44 14 10 8 6 1 0 0 0 0 0 0 0 0 0 0 0 0
"9" 9 0.287179487179 191 161 106 42 0 0 0 0 0 0 0 0 0 0 0 0 0 0 0 0
"10" 10 0.201550387597 395 51 40 5 3 3 1 1 1 0 0 0 0 0 0 0 0 0 0 0
"11" 11 0.629464285714 231 162 59 16 14 7 4 3 3 1 0 0 0 0 0 0 0 0 0 0
"12" 12 0.143497757848 340 67 44 22 14 13 0 0 0 0 0 0 0 0 0 0 0 0 0 0
"13" 13 0.0 474 22 4 0 0 0 0 0 0 0 0 0 0 0 0 0 0 0 0 0
"14" 14 0.476793248945 427 41 16 8 7 1 0 0 0 0 0 0 0 0 0 0 0 0 0 0
"15" 15 0.152284263959 167 130 93 53 31 9 9 2 2 1 1 1 1 0 0 0 0 0 0 0
"16" 16 0.0 491 9 0 0 0 0 0 0 0 0 0 0 0 0 0 0 0 0 0 0
"17" 17 0.276785714286 238 203 28 10 7 6 6 1 1 0 0 0 0 0 0 0 0 0 0 0
"18" 18 0.410852713178 261 110 61 23 20 19 4 1 1 0 0 0 0 0 0 0 0 0 0 0
"19" 19 0.0387596899225 477 21 1 1 0 0 0 0 0 0 0 0 0 0 0 0 0 0 0 0
"20" 20 0.384615384615 500 0 0 0 0 0 0 0 0 0 0 0 0 0 0 0 0 0 0 0
"21" 21 0.0387596899225 480 15 5 0 0 0 0 0 0 0 0 0 0 0 0 0 0 0 0 0
"22" 22 0.413793103448 196 124 52 50 32 32 6 3 2 1 1 1 0 0 0 0 0 0 0 0
"23" 23 0.031007751938 249 182 37 21 9 2 0 0 0 0 0 0 0 0 0 0 0 0 0 0
"24" 24 0.0 396 87 16 1 0 0 0 0 0 0 0 0 0 0 0 0 0 0 0 0
"25" 25 0.0 243 66 60 45 39 27 10 6 2 1 1 0 0 0 0 0 0 0 0 0
"26" 26 0.015503875969 314 166 18 1 1 0 0 0 0 0 0 0 0 0 0 0 0 0 0 0
"27" 27 0.149253731343 205 97 44 37 29 22 19 18 13 9 3 3 1 0 0 0 0 0 0 0
"28" 28 0.647321428571 290 115 86 4 4 1 0 0 0 0 0 0 0 0 0 0 0 0 0 0
"29" 29 1.29807692308 212 206 34 22 17 4 4 1 0 0 0 0 0 0 0 0 0 0 0 0
"30" 30 0.653846153846 462 24 8 3 2 1 0 0 0 0 0 0 0 0 0 0 0 0 0 0
"31" 31 0.396551724138 163 109 68 55 38 26 19 19 2 1 0 0 0 0 0 0 0 0 0 0
"32" 32 0.302325581395 157 127 47 43 33 32 20 20 10 7 3 1 0 0 0 0 0 0 0 0
"33" 33 0.536496350365 495 2 2 1 0 0 0 0 0 0 0 0 0 0 0 0 0 0 0 0
"34" 34 0.224770642202 143 120 73 55 33 28 28 4 4 3 3 2 2 1 1 0 0 0 0 0
"35" 35 0.093023255814 150 122 106 80 29 8 3 1 1 0 0 0 0 0 0 0 0 0 0 0
"36" 36 0.378238341969 189 121 64 45 32 27 16 3 2 1 0 0 0 0 0 0 0 0 0 0
"37" 37 0.295597484277 100 88 63 56 36 33 31 26 17 16 14 11 6 1 1 1 0 0 0 0
"38" 38 0.540697674419 253 104 81 25 13 12 10 1 1 0 0 0 0 0 0 0 0 0 0 0
"39" 39 0.14367816092 192 66 66 51 45 32 13 13 12 6 2 1 1 0 0 0 0 0 0 0
"40" 40 0.0 315 50 49 34 17 15 10 5 2 2 1 0 0 0 0 0 0 0 0 0
"41" 41 0.415178571429 124 121 79 67 50 24 17 5 5 3 3 2 0 0 0 0 0 0 0 0
"42" 42 0.375 288 141 33 26 8 3 1 0 0 0 0 0 0 0 0 0 0 0 0 0
"43" 43 0.0 303 97 46 36 17 1 0 0 0 0 0 0 0 0 0 0 0 0 0 0
"44" 44 0.197247706422 264 124 38 32 24 13 2 2 1 0 0 0 0 0 0 0 0 0 0 0
"45" 45 0.723076923077 162 130 70 62 30 14 13 8 6 4 1 0 0 0 0 0 0 0 0 0
"46" 46 0.077519379845 486 14 0 0 0 0 0 0 0 0 0 0 0 0 0 0 0 0 0 0
"47" 47 0.0862068965517 437 33 28 2 0 0 0 0 0 0 0 0 0 0 0 0 0 0 0 0
"48" 48 0.788079470199 258 79 74 66 18 2 1 1 1 0 0 0 0 0 0 0 0 0 0 0
"49" 49 0.172588832487 424 22 20 11 4 4 4 3 3 3 1 1 0 0 0 0 0 0 0 0
"50" 50 0.364779874214 461 20 9 6 2 1 1 0 0 0 0 0 0 0 0 0 0 0 0 0
"51" 51 0.0172413793103 452 42 3 2 1 0 0 0 0 0 0 0 0 0 0 0 0 0 0 0
"52" 52 0.0275229357798 286 70 59 37 20 9 7 5 4 2 1 0 0 0 0 0 0 0 0 0
"53" 53 0.0077519379845 265 190 19 13 4 3 2 2 1 1 0 0 0 0 0 0 0 0 0 0
"54" 54 0.147679324895 258 171 24 18 13 6 5 2 2 1 0 0 0 0 0 0 0 0 0 0
"55" 55 0.0 420 35 31 6 6 2 0 0 0 0 0 0 0 0 0 0 0 0 0 0
"56" 56 0.142335766423 339 95 43 21 2 0 0 0 0 0 0 0 0 0 0 0 0 0 0 0
"57" 57 0.0913705583756 169 71 70 67 52 22 17 12 9 8 1 1 1 0 0 0 0 0 0 0
"58" 58 0.153846153846 500 0 0 0 0 0 0 0 0 0 0 0 0 0 0 0 0 0 0 0
"59" 59 0.234449760766 268 87 80 60 3 2 0 0 0 0 0 0 0 0 0 0 0 0 0 0
"60" 60 0.399239543726 406 75 5 4 3 3 2 1 1 0 0 0 0 0 0 0 0 0 0 0
"61" 61 0.505747126437 248 158 47 19 13 10 3 2 0 0 0 0 0 0 0 0 0 0 0 0
"62" 62 0.0401785714286 285 202 7 3 2 1 0 0 0 0 0 0 0 0 0 0 0 0 0 0
"63" 63 0.0 397 55 17 17 4 4 3 2 1 0 0 0 0 0 0 0 0 0 0 0
"64" 64 0.244525547445 283 144 33 21 8 5 2 1 1 1 1 0 0 0 0 0 0 0 0 0
"65" 65 0.310344827586 208 145 66 29 22 15 5 4 2 2 2 0 0 0 0 0 0 0 0 0
"66" 66 0.0 308 51 46 28 22 15 10 7 6 3 2 1 1 0 0 0 0 0 0 0
"67" 67 0.169642857143 226 59 58 58 39 20 16 10 8 3 2 1 0 0 0 0 0 0 0 0
"68" 68 0.68992248062 111 100 76 72 59 35 18 13 9 3 2 1 1 0 0 0 0 0 0 0
"69" 69 0.218905472637 160 74 65 60 46 21 20 13 12 11 9 7 1 1 0 0 0 0 0 0
"70" 70 0.403846153846 500 0 0 0 0 0 0 0 0 0 0 0 0 0 0 0 0 0 0 0
"71" 71 0.0459770114943 245 167 60 19 6 2 1 0 0 0 0 0 0 0 0 0 0 0 0 0
"72" 72 0.388601036269 275 159 21 19 8 6 4 3 2 2 1 0 0 0 0 0 0 0 0 0
"73" 73 0.178707224335 377 36 20 16 12 11 7 5 5 4 4 2 1 0 0 0 0 0 0 0
"74" 74 0.0 471 23 5 1 0 0 0 0 0 0 0 0 0 0 0 0 0 0 0 0
"75" 75 0.0103626943005 224 135 60 37 21 18 3 1 1 0 0 0 0 0 0 0 0 0 0 0
"76" 76 0.0133928571429 480 7 3 3 3 2 1 1 0 0 0 0 0 0 0 0 0 0 0 0
"77" 77 0.0 409 85 5 1 0 0 0 0 0 0 0 0 0 0 0 0 0 0 0 0
"78" 78 0.214285714286 143 130 78 74 38 14 9 5 5 2 1 1 0 0 0 0 0 0 0 0
"79" 79 0.385057471264 156 100 74 46 39 31 19 19 9 4 1 1 1 0 0 0 0 0 0 0
"80" 80 0.0995024875622 205 135 57 40 12 12 8 8 8 6 4 4 1 0 0 0 0 0 0 0
"81" 81 0.302325581395 251 198 13 13 9 6 3 2 2 2 1 0 0 0 0 0 0 0 0 0
"82" 82 0.314465408805 216 92 92 54 14 12 11 3 2 2 2 0 0 0 0 0 0 0 0 0
"83" 83 0.418604651163 201 132 66 54 12 10 9 6 6 4 0 0 0 0 0 0 0 0 0 0
"84" 84 0.274611398964 469 19 11 1 0 0 0 0 0 0 0 0 0 0 0 0 0 0 0 0
"85" 85 0.785714285714 177 159 71 36 26 11 7 6 4 3 0 0 0 0 0 0 0 0 0 0
"86" 86 0.678571428571 181 115 100 30 22 18 16 9 8 1 0 0 0 0 0 0 0 0 0 0
"87" 87 0.556485355649 139 132 62 55 54 16 15 11 8 3 2 2 1 0 0 0 0 0 0 0
"88" 88 0.248803827751 288 79 32 25 18 17 9 7 7 5 5 4 1 1 1 1 0 0 0 0
"89" 89 0.0253807106599 417 32 25 11 4 4 2 2 1 1 1 0 0 0 0 0 0 0 0 0
"90" 90 0.284974093264 484 10 2 2 1 1 0 0 0 0 0 0 0 0 0 0 0 0 0 0
"91" 91 0.0210970464135 121 112 104 64 50 11 11 9 8 7 2 1 0 0 0 0 0 0 0 0
"92" 92 0.587591240876 342 48 46 29 14 13 5 1 1 1 0 0 0 0 0 0 0 0 0 0
"93" 93 0.457399103139 286 83 60 31 25 13 1 1 0 0 0 0 0 0 0 0 0 0 0 0
"94" 94 0.0753138075314 478 14 3 3 1 1 0 0 0 0 0 0 0 0 0 0 0 0 0 0
"95" 95 0.761627906977 326 60 49 42 11 5 3 2 2 0 0 0 0 0 0 0 0 0 0 0
"96" 96 0.0689655172414 221 116 114 17 15 6 6 2 1 1 1 0 0 0 0 0 0 0 0 0
"97" 97 0.251572327044 280 137 31 16 9 7 6 5 5 2 1 1 0 0 0 0 0 0 0 0
"98" 98 0.00418410041841 344 125 20 4 4 3 0 0 0 0 0 0 0 0 0 0 0 0 0 0
"99" 99 0.0 232 169 25 21 15 11 11 8 3 2 1 1 1 0 0 0 0 0 0 0
"100" 100 0.0126582278481 301 81 77 21 19 1 0 0 0 0 0 0 0 0 0 0 0 0 0 0
"101" 101 0.0384615384615 295 93 63 17 10 6 5 3 2 2 1 1 1 1 0 0 0 0 0 0
"102" 102 0.00632911392405 264 215 9 8 3 1 0 0 0 0 0 0 0 0 0 0 0 0 0 0
"103" 103 0.441605839416 246 88 72 33 22 18 10 5 3 2 1 0 0 0 0 0 0 0 0 0
"104" 104 0.269430051813 241 219 13 12 8 3 2 1 1 0 0 0 0 0 0 0 0 0 0 0
"105" 105 0.0 346 65 58 15 13 2 1 0 0 0 0 0 0 0 0 0 0 0 0 0
"106" 106 0.0 487 8 5 0 0 0 0 0 0 0 0 0 0 0 0 0 0 0 0 0
"107" 107 0.0401785714286 303 87 43 36 10 9 6 5 1 0 0 0 0 0 0 0 0 0 0 0
"108" 108 0.0 160 156 64 63 29 14 7 5 1 1 0 0 0 0 0 0 0 0 0 0
"109" 109 0.0 389 49 37 16 3 2 1 1 1 1 0 0 0 0 0 0 0 0 0 0
"110" 110 0.332116788321 279 218 1 1 1 0 0 0 0 0 0 0 0 0 0 0 0 0 0 0
"111" 111 0.0620437956204 219 115 47 46 40 16 12 2 1 1 1 0 0 0 0 0 0 0 0 0
"112" 112 0.142131979695 226 69 59 51 40 19 18 10 3 2 1 1 1 0 0 0 0 0 0 0
"113" 113 0.387596899225 195 155 75 27 21 12 12 2 1 0 0 0 0 0 0 0 0 0 0 0
"114" 114 0.178571428571 223 137 35 21 21 18 13 10 8 5 4 3 2 0 0 0 0 0 0 0
"115" 115 0.192307692308 500 0 0 0 0 0 0 0 0 0 0 0 0 0 0 0 0 0 0 0
"116" 116 0.046511627907 291 208 1 0 0 0 0 0 0 0 0 0 0 0 0 0 0 0 0 0
"117" 117 0.370860927152 248 197 17 13 12 5 4 3 1 0 0 0 0 0 0 0 0 0 0 0
"118" 118 0.0366972477064 191 134 79 63 17 9 4 2 1 0 0 0 0 0 0 0 0 0 0 0
"119" 119 0.0 462 24 10 2 2 0 0 0 0 0 0 0 0 0 0 0 0 0 0 0
"120" 120 0.0474452554745 255 183 41 13 6 1 1 0 0 0 0 0 0 0 0 0 0 0 0 0
"121" 121 0.00581395348837 281 219 0 0 0 0 0 0 0 0 0 0 0 0 0 0 0 0 0 0
"122" 122 0.160337552743 280 97 56 26 13 8 5 5 5 3 2 0 0 0 0 0 0 0 0 0
"123" 123 0.115384615385 500 0 0 0 0 0 0 0 0 0 0 0 0 0 0 0 0 0 0 0
"124" 124 0.375 363 75 43 16 2 1 0 0 0 0 0 0 0 0 0 0 0 0 0 0
"125" 125 0.459119496855 246 73 53 50 39 29 5 2 2 1 0 0 0 0 0 0 0 0 0 0
"126" 126 0.836538461538 500 0 0 0 0 0 0 0 0 0 0 0 0 0 0 0 0 0 0 0
"127" 127 0.406976744186 357 49 30 26 26 8 3 1 0 0 0 0 0 0 0 0 0 0 0 0
"128" 128 0.442307692308 269 181 29 7 6 3 2 2 1 0 0 0 0 0 0 0 0 0 0 0
"129" 129 0.389743589744 407 47 31 11 2 1 1 0 0 0 0 0 0 0 0 0 0 0 0 0
"130" 130 0.126903553299 390 73 21 12 2 1 1 0 0 0 0 0 0 0 0 0 0 0 0 0
"131" 131 0.362068965517 273 92 58 41 28 4 1 1 1 1 0 0 0 0 0 0 0 0 0 0
"132" 132 0.21875 244 81 73 45 22 10 7 6 5 5 2 0 0 0 0 0 0 0 0 0
"133" 133 0.0 416 84 0 0 0 0 0 0 0 0 0 0 0 0 0 0 0 0 0 0
"134" 134 0.172413793103 240 192 17 12 9 9 7 5 4 2 2 1 0 0 0 0 0 0 0 0
"135" 135 0.503649635036 215 114 75 48 15 12 12 4 3 2 0 0 0 0 0 0 0 0 0 0
"136" 136 0.0574162679426 488 4 4 3 1 0 0 0 0 0 0 0 0 0 0 0 0 0 0 0
"137" 137 0.0 151 125 71 69 40 17 8 7 7 5 0 0 0 0 0 0 0 0 0 0
"138" 138 0.547445255474 279 125 43 19 17 10 2 1 1 1 1 1 0 0 0 0 0 0 0 0
"139" 139 0.438818565401 155 144 72 62 28 25 9 4 1 0 0 0 0 0 0 0 0 0 0 0
"140" 140 0.00574712643678 206 192 56 18 13 8 3 2 2 0 0 0 0 0 0 0 0 0 0 0
"141" 141 0.102564102564 166 113 79 48 35 24 9 8 8 3 3 2 2 0 0 0 0 0 0 0
"142" 142 0.403100775194 107 90 83 65 43 37 34 18 14 9 0 0 0 0 0 0 0 0 0 0
"143" 143 0.112107623318 244 69 41 39 38 25 20 11 10 3 0 0 0 0 0 0 0 0 0 0
"144" 144 0.0609137055838 287 54 41 25 23 18 18 11 9 7 4 2 1 0 0 0 0 0 0 0
"145" 145 0.532846715328 211 83 75 73 20 13 9 7 6 2 1 0 0 0 0 0 0 0 0 0
"146" 146 0.455696202532 110 103 86 66 56 43 12 7 7 5 4 1 0 0 0 0 0 0 0 0
"147" 147 0.0 213 102 84 48 29 12 11 1 0 0 0 0 0 0 0 0 0 0 0 0
"148" 148 0.281609195402 113 92 86 76 52 28 25 13 6 6 2 1 0 0 0 0 0 0 0 0
"149" 149 0.748717948718 264 91 84 30 18 7 2 2 1 1 0 0 0 0 0 0 0 0 0 0
"150" 150 0.0871559633028 274 82 48 30 28 18 9 5 3 2 1 0 0 0 0 0 0 0 0 0
"151" 151 0.384105960265 241 117 80 31 24 3 3 1 0 0 0 0 0 0 0 0 0 0 0 0
"152" 152 0.446428571429 390 40 16 10 9 8 7 6 4 4 2 2 1 1 0 0 0 0 0 0
"153" 153 0.704663212435 134 128 105 76 26 18 9 4 0 0 0 0 0 0 0 0 0 0 0 0
"154" 154 0.477678571429 258 111 47 43 35 5 1 0 0 0 0 0 0 0 0 0 0 0 0 0
"155" 155 0.0 473 9 6 4 3 2 1 1 1 0 0 0 0 0 0 0 0 0 0 0
"156" 156 0.48275862069 399 21 14 12 12 10 8 7 6 6 4 1 0 0 0 0 0 0 0 0
"157" 157 0.53488372093 372 50 34 20 12 5 4 1 1 1 0 0 0 0 0 0 0 0 0 0
"158" 158 0.116071428571 174 96 80 52 41 13 9 9 8 6 4 3 3 2 0 0 0 0 0 0
"159" 159 0.0387596899225 493 5 2 0 0 0 0 0 0 0 0 0 0 0 0 0 0 0 0 0
"160" 160 0.776371308017 409 32 22 10 9 8 6 2 1 1 0 0 0 0 0 0 0 0 0 0
"161" 161 0.717488789238 292 81 57 28 21 17 2 1 1 0 0 0 0 0 0 0 0 0 0 0
"162" 162 0.129353233831 377 57 28 27 5 3 2 1 0 0 0 0 0 0 0 0 0 0 0 0
"163" 163 0.365384615385 250 246 4 0 0 0 0 0 0 0 0 0 0 0 0 0 0 0 0 0
"164" 164 0.100775193798 449 51 0 0 0 0 0 0 0 0 0 0 0 0 0 0 0 0 0 0
"165" 165 0.276729559748 156 136 116 23 17 15 14 14 5 3 1 0 0 0 0 0 0 0 0 0
"166" 166 0.206896551724 185 80 50 49 45 39 21 17 6 6 1 1 0 0 0 0 0 0 0 0
"167" 167 0.549107142857 320 81 40 15 15 14 9 4 1 1 0 0 0 0 0 0 0 0 0 0
"168" 168 0.0804597701149 256 85 55 28 22 20 13 8 6 2 2 2 1 0 0 0 0 0 0 0
"169" 169 0.0 393 37 36 12 8 6 3 3 1 1 0 0 0 0 0 0 0 0 0 0
"170" 170 0.328467153285 297 92 52 22 20 10 4 1 1 1 0 0 0 0 0 0 0 0 0 0
"171" 171 0.299107142857 289 128 55 20 7 1 0 0 0 0 0 0 0 0 0 0 0 0 0 0
"172" 172 0.0 292 60 40 37 25 15 12 8 6 3 1 1 0 0 0 0 0 0 0 0
"173" 173 0.20253164557 374 36 31 19 15 14 3 3 3 1 1 0 0 0 0 0 0 0 0 0
"174" 174 0.605839416058 230 71 62 46 29 23 20 10 4 2 2 1 0 0 0 0 0 0 0 0
"175" 175 0.358208955224 198 169 89 16 9 8 4 4 2 1 0 0 0 0 0 0 0 0 0 0
"176" 176 0.375 500 0 0 0 0 0 0 0 0 0 0 0 0 0 0 0 0 0 0 0
"177" 177 0.357664233577 342 99 48 7 4 0 0 0 0 0 0 0 0 0 0 0 0 0 0 0
"178" 178 0.0199004975124 223 150 92 30 3 1 1 0 0 0 0 0 0 0 0 0 0 0 0 0
"179" 179 0.295597484277 256 153 49 14 10 5 5 4 2 1 1 0 0 0 0 0 0 0 0 0
"180" 180 0.126436781609 244 191 20 15 11 10 4 4 1 0 0 0 0 0 0 0 0 0 0 0
"181" 181 0.35632183908 427 22 20 18 6 3 2 2 0 0 0 0 0 0 0 0 0 0 0 0
"182" 182 0.0153846153846 126 123 86 72 56 13 8 8 5 3 0 0 0 0 0 0 0 0 0 0
"183" 183 0.071129707113 268 197 16 14 2 2 1 0 0 0 0 0 0 0 0 0 0 0 0 0
"184" 184 0.0 397 95 7 1 0 0 0 0 0 0 0 0 0 0 0 0 0 0 0 0
"185" 185 0.0697674418605 247 91 86 56 11 6 2 1 0 0 0 0 0 0 0 0 0 0 0 0
"186" 186 0.105769230769 500 0 0 0 0 0 0 0 0 0 0 0 0 0 0 0 0 0 0 0
"187" 187 0.125 500 0 0 0 0 0 0 0 0 0 0 0 0 0 0 0 0 0 0 0
"188" 188 0.0804597701149 177 113 68 51 41 29 15 5 1 0 0 0 0 0 0 0 0 0 0 0
"189" 189 0.273255813953 466 14 8 6 4 2 0 0 0 0 0 0 0 0 0 0 0 0 0 0
"190" 190 0.331395348837 330 104 17 12 12 10 7 5 2 1 0 0 0 0 0 0 0 0 0 0
"191" 191 0.0377358490566 297 122 64 8 7 2 0 0 0 0 0 0 0 0 0 0 0 0 0 0
"192" 192 0.37984496124 246 95 55 40 15 14 14 12 4 2 2 1 0 0 0 0 0 0 0 0
"193" 193 0.150259067358 290 201 5 3 1 0 0 0 0 0 0 0 0 0 0 0 0 0 0 0
"194" 194 0.0 270 175 43 9 1 1 1 0 0 0 0 0 0 0 0 0 0 0 0 0
"195" 195 0.0542635658915 496 4 0 0 0 0 0 0 0 0 0 0 0 0 0 0 0 0 0 0
"196" 196 0.318407960199 200 178 71 19 14 14 2 1 1 0 0 0 0 0 0 0 0 0 0 0
"197" 197 0.0 321 87 62 9 8 5 4 2 1 1 0 0 0 0 0 0 0 0 0 0
"198" 198 0.0183486238532 499 1 0 0 0 0 0 0 0 0 0 0 0 0 0 0 0 0 0 0
"199" 199 0.526315789474 207 147 90 30 16 3 2 2 2 1 0 0 0 0 0 0 0 0 0 0
"200" 200 0.044776119403 367 27 23 17 17 14 10 8 5 4 4 3 1 0 0 0 0 0 0 0
"201" 201 0.336538461538 500 0 0 0 0 0 0 0 0 0 0 0 0 0 0 0 0 0 0 0
"202" 202 0.0 341 158 1 0 0 0 0 0 0 0 0 0 0 0 0 0 0 0 0 0
"203" 203 0.0880829015544 494 4 1 1 0 0 0 0 0 0 0 0 0 0 0 0 0 0 0 0
"204" 204 0.0 500 0 0 0 0 0 0 0 0 0 0 0 0 0 0 0 0 0 0 0
"205" 205 0.0 226 184 54 22 10 4 0 0 0 0 0 0 0 0 0 0 0 0 0 0
"206" 206 0.0585774058577 346 62 34 21 19 13 2 2 1 0 0 0 0 0 0 0 0 0 0 0
"207" 207 0.0344827586207 157 92 84 80 33 30 21 1 1 1 0 0 0 0 0 0 0 0 0 0
"208" 208 0.269230769231 184 180 56 44 23 13 0 0 0 0 0 0 0 0 0 0 0 0 0 0
"209" 209 0.298013245033 181 121 87 77 19 4 4 2 2 2 1 0 0 0 0 0 0 0 0 0
"210" 210 0.307692307692 104 94 72 72 54 37 26 18 11 9 2 1 0 0 0 0 0 0 0 0
"211" 211 0.0253807106599 231 97 52 35 20 20 15 13 9 3 2 2 1 0 0 0 0 0 0 0
"212" 212 0.146443514644 230 98 57 49 38 17 3 3 3 2 0 0 0 0 0 0 0 0 0 0
"213" 213 0.679324894515 317 107 49 9 8 5 2 1 1 1 0 0 0 0 0 0 0 0 0 0
"214" 214 0.172185430464 150 122 95 44 24 18 17 9 6 5 4 4 2 0 0 0 0 0 0 0
"215" 215 0.821428571429 152 138 71 59 57 10 7 3 2 1 0 0 0 0 0 0 0 0 0 0
"216" 216 0.415384615385 187 158 61 30 20 20 19 3 2 0 0 0 0 0 0 0 0 0 0 0
"217" 217 0.176100628931 395 81 10 6 4 2 2 0 0 0 0 0 0 0 0 0 0 0 0 0
"218" 218 0.290178571429 274 151 28 24 9 6 3 2 2 1 0 0 0 0 0 0 0 0 0 0
"219" 219 0.438818565401 168 88 42 39 38 35 33 29 19 5 2 1 1 0 0 0 0 0 0 0
"220" 220 0.148288973384 227 73 53 37 26 24 15 12 10 9 6 3 2 2 1 0 0 0 0 0
"221" 221 0.0 179 171 59 36 24 21 6 2 2 0 0 0 0 0 0 0 0 0 0 0
"222" 222 0.481751824818 285 89 64 32 25 2 1 1 1 0 0 0 0 0 0 0 0 0 0 0
"223" 223 0.0542635658915 374 62 49 9 3 2 1 0 0 0 0 0 0 0 0 0 0 0 0 0
"224" 224 0.00507614213198 184 139 56 51 22 9 9 7 7 4 3 3 2 2 2 0 0 0 0 0
"225" 225 0.0977011494253 270 110 69 27 7 6 5 2 2 2 0 0 0 0 0 0 0 0 0 0
"226" 226 0.433035714286 263 176 24 20 12 2 1 1 1 0 0 0 0 0 0 0 0 0 0 0
"227" 227 0.0 481 19 0 0 0 0 0 0 0 0 0 0 0 0 0 0 0 0 0 0
"228" 228 0.0 314 162 18 4 2 0 0 0 0 0 0 0 0 0 0 0 0 0 0 0
"229" 229 0.354651162791 143 133 102 54 37 15 11 5 0 0 0 0 0 0 0 0 0 0 0 0
"230" 230 0.282296650718 371 98 19 11 1 0 0 0 0 0 0 0 0 0 0 0 0 0 0 0
"231" 231 0.19391634981 401 99 0 0 0 0 0 0 0 0 0 0 0 0 0 0 0 0 0 0
"232" 232 0.553571428571 310 88 68 31 2 1 0 0 0 0 0 0 0 0 0 0 0 0 0 0
"233" 233 0.388601036269 421 54 8 5 3 3 2 2 1 1 0 0 0 0 0 0 0 0 0 0
"234" 234 0.543726235741 271 51 50 44 42 19 6 6 5 4 2 0 0 0 0 0 0 0 0 0
"235" 235 0.714285714286 237 139 51 44 10 8 7 2 1 1 0 0 0 0 0 0 0 0 0 0
"236" 236 0.223880597015 458 19 6 6 5 2 2 1 1 0 0 0 0 0 0 0 0 0 0 0
"237" 237 0.0609137055838 460 36 2 2 0 0 0 0 0 0 0 0 0 0 0 0 0 0 0 0
"238" 238 0.410852713178 111 108 70 51 50 35 32 31 7 3 2 0 0 0 0 0 0 0 0 0
"239" 239 0.583732057416 299 93 58 21 15 6 4 3 1 0 0 0 0 0 0 0 0 0 0 0
"240" 240 0.164179104478 469 28 1 1 1 0 0 0 0 0 0 0 0 0 0 0 0 0 0 0
"241" 241 0.403973509934 231 121 69 39 16 12 4 3 2 1 1 1 0 0 0 0 0 0 0 0
"242" 242 0.607594936709 408 54 26 5 4 2 1 0 0 0 0 0 0 0 0 0 0 0 0 0
"243" 243 0.596153846154 441 59 0 0 0 0 0 0 0 0 0 0 0 0 0 0 0 0 0 0
"244" 244 0.691542288557 161 141 105 24 22 19 14 6 4 3 1 0 0 0 0 0 0 0 0 0
