"site" "RSA" "aa1" "aa2" "aa3" "aa4" "aa5" "aa6" "aa7" "aa8" "aa9" "aa10" "aa11" "aa12" "aa13" "aa14" "aa15" "aa16" "aa17" "aa18" "aa19" "aa20"
"0" 0 0.883408071749 305 169 10 6 4 3 1 1 1 0 0 0 0 0 0 0 0 0 0 0
"1" 1 0.759615384615 446 19 19 7 6 1 1 1 0 0 0 0 0 0 0 0 0 0 0 0
"2" 2 0.336538461538 453 47 0 0 0 0 0 0 0 0 0 0 0 0 0 0 0 0 0 0
"3" 3 0.114427860697 234 95 55 25 21 19 18 12 8 5 3 2 2 1 0 0 0 0 0 0
"4" 4 0.276785714286 219 185 40 28 11 4 4 4 1 1 1 1 1 0 0 0 0 0 0 0
"5" 5 0.678571428571 207 154 74 23 23 17 1 1 0 0 0 0 0 0 0 0 0 0 0 0
"6" 6 0.193798449612 213 162 79 12 9 7 5 4 3 3 2 1 0 0 0 0 0 0 0 0
"7" 7 0.0 411 41 26 9 7 5 1 0 0 0 0 0 0 0 0 0 0 0 0 0
"8" 8 0.383211678832 227 178 47 24 10 6 5 3 0 0 0 0 0 0 0 0 0 0 0 0
"9" 9 0.387596899225 314 104 37 13 12 12 3 2 1 1 1 0 0 0 0 0 0 0 0 0
"10" 10 0.177304964539 443 26 12 8 5 4 1 1 0 0 0 0 0 0 0 0 0 0 0 0
"11" 11 0.0696517412935 385 59 47 4 2 2 1 0 0 0 0 0 0 0 0 0 0 0 0 0
"12" 12 0.609489051095 313 84 64 18 9 9 3 0 0 0 0 0 0 0 0 0 0 0 0 0
"13" 13 0.723214285714 145 119 110 45 29 15 12 10 8 5 2 0 0 0 0 0 0 0 0 0
"14" 14 0.481865284974 117 73 64 62 60 48 36 20 13 3 2 1 1 0 0 0 0 0 0 0
"15" 15 0.194029850746 289 113 29 19 17 7 7 6 3 3 2 2 1 1 1 0 0 0 0 0
"16" 16 0.586538461538 500 0 0 0 0 0 0 0 0 0 0 0 0 0 0 0 0 0 0 0
"17" 17 0.816143497758 258 133 30 29 25 11 11 3 0 0 0 0 0 0 0 0 0 0 0 0
"18" 18 0.240384615385 500 0 0 0 0 0 0 0 0 0 0 0 0 0 0 0 0 0 0 0
"19" 19 0.217616580311 422 35 10 8 6 5 4 4 3 3 0 0 0 0 0 0 0 0 0 0
"20" 20 0.482587064677 195 128 73 26 21 19 15 12 10 1 0 0 0 0 0 0 0 0 0 0
"21" 21 0.610465116279 328 45 36 34 33 9 7 4 3 1 0 0 0 0 0 0 0 0 0 0
"22" 22 0.0728476821192 235 169 30 24 8 8 7 4 4 4 3 2 1 1 0 0 0 0 0 0
"23" 23 0.427860696517 137 117 47 41 41 30 29 23 18 9 4 3 1 0 0 0 0 0 0 0
"24" 24 0.726368159204 274 113 56 23 18 10 3 2 1 0 0 0 0 0 0 0 0 0 0 0
"25" 25 0.655172413793 395 37 22 13 10 8 6 6 1 1 1 0 0 0 0 0 0 0 0 0
"26" 26 0.0862068965517 285 201 7 4 2 1 0 0 0 0 0 0 0 0 0 0 0 0 0 0
"27" 27 0.427672955975 328 137 16 12 2 2 2 1 0 0 0 0 0 0 0 0 0 0 0 0
"28" 28 0.647321428571 287 98 66 28 10 6 2 2 1 0 0 0 0 0 0 0 0 0 0 0
"29" 29 0.751295336788 361 54 54 13 8 4 4 2 0 0 0 0 0 0 0 0 0 0 0 0
"30" 30 0.283582089552 355 96 37 5 2 2 1 1 1 0 0 0 0 0 0 0 0 0 0 0
"31" 31 0.526785714286 125 119 85 72 57 25 12 5 0 0 0 0 0 0 0 0 0 0 0 0
"32" 32 0.0769230769231 469 25 4 2 0 0 0 0 0 0 0 0 0 0 0 0 0 0 0 0
"33" 33 0.258928571429 214 83 77 60 44 10 8 4 0 0 0 0 0 0 0 0 0 0 0 0
"34" 34 0.0 447 53 0 0 0 0 0 0 0 0 0 0 0 0 0 0 0 0 0 0
"35" 35 0.0574712643678 177 90 47 40 38 36 32 20 10 6 1 1 1 1 0 0 0 0 0 0
"36" 36 0.00507614213198 361 44 27 24 20 20 2 1 1 0 0 0 0 0 0 0 0 0 0 0
"37" 37 0.169154228856 135 127 119 65 28 12 9 2 2 1 0 0 0 0 0 0 0 0 0 0
"38" 38 0.0 431 63 3 2 1 0 0 0 0 0 0 0 0 0 0 0 0 0 0 0
"39" 39 0.37552742616 219 174 52 50 4 1 0 0 0 0 0 0 0 0 0 0 0 0 0 0
"40" 40 0.25 456 44 0 0 0 0 0 0 0 0 0 0 0 0 0 0 0 0 0 0
"41" 41 0.394230769231 374 79 38 4 3 2 0 0 0 0 0 0 0 0 0 0 0 0 0 0
"42" 42 0.0 500 0 0 0 0 0 0 0 0 0 0 0 0 0 0 0 0 0 0 0
"43" 43 0.0 485 9 2 2 1 1 0 0 0 0 0 0 0 0 0 0 0 0 0 0
"44" 44 0.0 210 94 61 32 30 25 18 16 7 6 1 0 0 0 0 0 0 0 0 0
"45" 45 0.0 357 143 0 0 0 0 0 0 0 0 0 0 0 0 0 0 0 0 0 0
"46" 46 0.0 500 0 0 0 0 0 0 0 0 0 0 0 0 0 0 0 0 0 0 0
"47" 47 0.0547263681592 393 57 13 13 11 5 3 2 1 1 1 0 0 0 0 0 0 0 0 0
"48" 48 0.301418439716 129 112 92 92 28 19 19 7 1 1 0 0 0 0 0 0 0 0 0 0
"49" 49 0.00574712643678 328 67 42 23 21 7 4 4 1 1 1 1 0 0 0 0 0 0 0 0
"50" 50 0.0 486 9 4 1 0 0 0 0 0 0 0 0 0 0 0 0 0 0 0 0
"51" 51 0.410714285714 374 88 19 9 7 2 1 0 0 0 0 0 0 0 0 0 0 0 0 0
"52" 52 0.375912408759 395 53 21 11 11 3 2 2 1 1 0 0 0 0 0 0 0 0 0 0
"53" 53 0.00574712643678 437 27 19 14 2 1 0 0 0 0 0 0 0 0 0 0 0 0 0 0
"54" 54 0.0 455 37 6 1 1 0 0 0 0 0 0 0 0 0 0 0 0 0 0 0
"55" 55 0.279069767442 333 83 31 22 16 11 3 1 0 0 0 0 0 0 0 0 0 0 0 0
"56" 56 0.164179104478 439 27 22 9 2 1 0 0 0 0 0 0 0 0 0 0 0 0 0 0
"57" 57 0.217054263566 491 9 0 0 0 0 0 0 0 0 0 0 0 0 0 0 0 0 0 0
"58" 58 0.108808290155 464 23 4 4 2 2 1 0 0 0 0 0 0 0 0 0 0 0 0 0
"59" 59 0.691823899371 422 37 19 7 7 5 1 1 1 0 0 0 0 0 0 0 0 0 0 0
"60" 60 0.594890510949 335 86 41 21 10 4 2 1 0 0 0 0 0 0 0 0 0 0 0 0
"61" 61 0.104651162791 275 168 46 9 2 0 0 0 0 0 0 0 0 0 0 0 0 0 0 0
"62" 62 0.240310077519 248 123 71 38 7 6 5 1 1 0 0 0 0 0 0 0 0 0 0 0
"63" 63 0.0794979079498 435 51 9 2 1 1 1 0 0 0 0 0 0 0 0 0 0 0 0 0
"64" 64 0.354651162791 263 120 48 29 12 9 9 7 2 1 0 0 0 0 0 0 0 0 0 0
"65" 65 0.40251572327 475 23 2 0 0 0 0 0 0 0 0 0 0 0 0 0 0 0 0 0
"66" 66 0.422885572139 296 62 51 35 34 20 1 1 0 0 0 0 0 0 0 0 0 0 0 0
"67" 67 0.155172413793 192 111 111 72 6 6 1 1 0 0 0 0 0 0 0 0 0 0 0 0
"68" 68 0.519379844961 152 149 54 43 39 27 19 11 5 1 0 0 0 0 0 0 0 0 0 0
"69" 69 0.263392857143 304 45 41 35 29 20 9 7 5 2 2 1 0 0 0 0 0 0 0 0
"70" 70 0.115384615385 500 0 0 0 0 0 0 0 0 0 0 0 0 0 0 0 0 0 0 0
"71" 71 0.240310077519 276 126 47 26 14 5 2 1 1 1 1 0 0 0 0 0 0 0 0 0
"72" 72 0.434306569343 218 111 86 33 27 19 2 2 2 0 0 0 0 0 0 0 0 0 0 0
"73" 73 0.0747126436782 399 72 18 5 2 2 1 1 0 0 0 0 0 0 0 0 0 0 0 0
"74" 74 0.488372093023 152 136 128 64 13 4 1 1 1 0 0 0 0 0 0 0 0 0 0 0
"75" 75 0.660714285714 275 88 71 66 0 0 0 0 0 0 0 0 0 0 0 0 0 0 0 0
"76" 76 0.490384615385 500 0 0 0 0 0 0 0 0 0 0 0 0 0 0 0 0 0 0 0
"77" 77 0.25 168 121 112 47 35 8 4 3 2 0 0 0 0 0 0 0 0 0 0 0
"78" 78 0.325892857143 149 127 71 59 33 28 7 7 6 6 5 2 0 0 0 0 0 0 0 0
"79" 79 0.0 314 66 33 19 17 17 17 6 6 3 1 1 0 0 0 0 0 0 0 0
"80" 80 0.0 392 108 0 0 0 0 0 0 0 0 0 0 0 0 0 0 0 0 0 0
"81" 81 0.262773722628 224 92 60 43 40 19 10 6 4 2 0 0 0 0 0 0 0 0 0 0
"82" 82 0.0 478 10 4 3 2 2 1 0 0 0 0 0 0 0 0 0 0 0 0 0
"83" 83 0.368613138686 292 96 58 25 13 10 3 1 1 1 0 0 0 0 0 0 0 0 0 0
"84" 84 0.0480769230769 500 0 0 0 0 0 0 0 0 0 0 0 0 0 0 0 0 0 0 0
"85" 85 0.100628930818 280 110 53 35 11 9 1 1 0 0 0 0 0 0 0 0 0 0 0 0
"86" 86 0.044776119403 337 61 58 30 8 2 1 1 1 1 0 0 0 0 0 0 0 0 0 0
"87" 87 0.233576642336 403 31 18 15 14 12 5 1 1 0 0 0 0 0 0 0 0 0 0 0
"88" 88 0.0480769230769 500 0 0 0 0 0 0 0 0 0 0 0 0 0 0 0 0 0 0 0
"89" 89 0.0 489 11 0 0 0 0 0 0 0 0 0 0 0 0 0 0 0 0 0 0
"90" 90 0.223880597015 138 131 84 46 43 20 12 11 7 5 2 1 0 0 0 0 0 0 0 0
"91" 91 0.100775193798 177 92 73 44 44 26 15 12 7 4 2 2 1 1 0 0 0 0 0 0
"92" 92 0.0 489 6 5 0 0 0 0 0 0 0 0 0 0 0 0 0 0 0 0 0
"93" 93 0.214285714286 283 188 16 6 5 1 1 0 0 0 0 0 0 0 0 0 0 0 0 0
"94" 94 0.361313868613 142 102 72 67 54 24 11 11 6 6 4 1 0 0 0 0 0 0 0 0
"95" 95 0.0646766169154 455 14 10 9 6 3 2 1 0 0 0 0 0 0 0 0 0 0 0 0
"96" 96 0.0 498 1 1 0 0 0 0 0 0 0 0 0 0 0 0 0 0 0 0 0
"97" 97 0.00995024875622 464 10 9 7 6 2 1 1 0 0 0 0 0 0 0 0 0 0 0 0
"98" 98 0.430769230769 144 90 79 54 36 31 27 19 9 7 2 2 0 0 0 0 0 0 0 0
"99" 99 0.044776119403 406 36 30 7 6 4 4 3 2 1 1 0 0 0 0 0 0 0 0 0
"100" 100 0.00497512437811 356 87 32 7 7 4 3 2 2 0 0 0 0 0 0 0 0 0 0 0
"101" 101 0.107623318386 219 218 42 18 2 1 0 0 0 0 0 0 0 0 0 0 0 0 0 0
"102" 102 0.178832116788 291 72 56 34 23 6 6 4 2 2 2 1 1 0 0 0 0 0 0 0
"103" 103 0.00995024875622 387 89 13 8 2 1 0 0 0 0 0 0 0 0 0 0 0 0 0 0
"104" 104 0.0 494 6 0 0 0 0 0 0 0 0 0 0 0 0 0 0 0 0 0 0
"105" 105 0.0288461538462 500 0 0 0 0 0 0 0 0 0 0 0 0 0 0 0 0 0 0 0
"106" 106 0.0 406 87 4 3 0 0 0 0 0 0 0 0 0 0 0 0 0 0 0 0
"107" 107 0.0 500 0 0 0 0 0 0 0 0 0 0 0 0 0 0 0 0 0 0 0
"108" 108 0.168604651163 160 115 86 76 43 15 2 1 1 1 0 0 0 0 0 0 0 0 0 0
"109" 109 0.213930348259 332 70 60 17 8 4 3 2 2 1 1 0 0 0 0 0 0 0 0 0
"110" 110 0.0 338 132 30 0 0 0 0 0 0 0 0 0 0 0 0 0 0 0 0 0
"111" 111 0.167883211679 323 125 31 11 8 1 1 0 0 0 0 0 0 0 0 0 0 0 0 0
"112" 112 0.22480620155 153 122 111 55 20 16 12 7 3 1 0 0 0 0 0 0 0 0 0 0
"113" 113 0.0380228136882 414 64 9 4 3 3 2 1 0 0 0 0 0 0 0 0 0 0 0 0
"114" 114 0.252873563218 250 217 18 13 1 1 0 0 0 0 0 0 0 0 0 0 0 0 0 0
"115" 115 0.473214285714 181 141 63 30 29 27 24 5 0 0 0 0 0 0 0 0 0 0 0 0
"116" 116 0.178294573643 238 101 99 34 24 3 1 0 0 0 0 0 0 0 0 0 0 0 0 0
"117" 117 0.0298507462687 357 72 29 13 9 8 7 2 2 1 0 0 0 0 0 0 0 0 0 0
"118" 118 0.596899224806 150 140 79 44 36 24 14 5 4 2 2 0 0 0 0 0 0 0 0 0
"119" 119 0.846153846154 500 0 0 0 0 0 0 0 0 0 0 0 0 0 0 0 0 0 0 0
"120" 120 0.255813953488 334 70 33 22 19 16 6 0 0 0 0 0 0 0 0 0 0 0 0 0
"121" 121 0.616033755274 366 72 17 15 13 12 5 0 0 0 0 0 0 0 0 0 0 0 0 0
"122" 122 0.093023255814 304 106 79 11 0 0 0 0 0 0 0 0 0 0 0 0 0 0 0 0
"123" 123 0.260089686099 403 37 32 8 7 5 3 3 2 0 0 0 0 0 0 0 0 0 0 0
"124" 124 0.0203045685279 408 66 16 9 1 0 0 0 0 0 0 0 0 0 0 0 0 0 0 0
"125" 125 0.0646766169154 445 26 21 3 1 1 1 1 1 0 0 0 0 0 0 0 0 0 0 0
"126" 126 0.00518134715026 499 1 0 0 0 0 0 0 0 0 0 0 0 0 0 0 0 0 0 0
"127" 127 0.139534883721 495 5 0 0 0 0 0 0 0 0 0 0 0 0 0 0 0 0 0 0
"128" 128 0.332116788321 175 153 77 62 19 6 2 2 2 1 1 0 0 0 0 0 0 0 0 0
"129" 129 0.535864978903 203 177 37 22 22 22 6 5 3 2 1 0 0 0 0 0 0 0 0 0
"130" 130 0.122093023256 412 59 13 5 3 3 2 1 1 1 0 0 0 0 0 0 0 0 0 0
"131" 131 0.28488372093 127 97 77 41 41 35 29 29 11 7 2 2 1 1 0 0 0 0 0 0
"132" 132 0.761006289308 404 76 13 4 3 0 0 0 0 0 0 0 0 0 0 0 0 0 0 0
"133" 133 0.682692307692 500 0 0 0 0 0 0 0 0 0 0 0 0 0 0 0 0 0 0 0
"134" 134 0.1592039801 338 67 39 27 15 8 3 3 0 0 0 0 0 0 0 0 0 0 0 0
"135" 135 0.204379562044 157 149 92 41 41 6 6 4 2 2 0 0 0 0 0 0 0 0 0 0
"136" 136 0.410852713178 110 95 81 46 36 30 27 21 20 12 11 3 2 2 1 1 1 1 0 0
"137" 137 0.0497512437811 409 51 25 5 3 2 2 1 1 1 0 0 0 0 0 0 0 0 0 0
"138" 138 0.0 286 88 53 36 14 14 3 2 2 1 1 0 0 0 0 0 0 0 0 0
"139" 139 0.042194092827 113 93 80 71 56 43 32 5 2 2 2 1 0 0 0 0 0 0 0 0
"140" 140 0.163498098859 185 143 75 37 13 10 9 8 7 5 5 2 1 0 0 0 0 0 0 0
"141" 141 0.0 500 0 0 0 0 0 0 0 0 0 0 0 0 0 0 0 0 0 0 0
"142" 142 0.0 439 31 17 12 1 0 0 0 0 0 0 0 0 0 0 0 0 0 0 0
"143" 143 0.459854014599 252 82 65 58 17 13 6 3 2 1 1 0 0 0 0 0 0 0 0 0
"144" 144 0.132183908046 130 95 90 75 47 34 15 6 3 3 2 0 0 0 0 0 0 0 0 0
"145" 145 0.0 500 0 0 0 0 0 0 0 0 0 0 0 0 0 0 0 0 0 0 0
"146" 146 0.394230769231 500 0 0 0 0 0 0 0 0 0 0 0 0 0 0 0 0 0 0 0
"147" 147 0.0288461538462 483 17 0 0 0 0 0 0 0 0 0 0 0 0 0 0 0 0 0 0
"148" 148 0.496350364964 296 120 32 21 14 11 3 2 1 0 0 0 0 0 0 0 0 0 0 0
"149" 149 0.261538461538 477 10 6 4 1 1 1 0 0 0 0 0 0 0 0 0 0 0 0 0
"150" 150 0.200956937799 322 177 1 0 0 0 0 0 0 0 0 0 0 0 0 0 0 0 0 0
"151" 151 0.0985401459854 444 29 16 11 0 0 0 0 0 0 0 0 0 0 0 0 0 0 0 0
"152" 152 0.3536121673 114 100 68 59 48 27 23 21 16 7 6 6 5 0 0 0 0 0 0 0
"153" 153 0.0288461538462 406 43 32 19 0 0 0 0 0 0 0 0 0 0 0 0 0 0 0 0
"154" 154 0.572139303483 160 75 70 44 42 41 35 12 6 6 5 3 1 0 0 0 0 0 0 0
"155" 155 0.627615062762 207 111 88 23 21 19 9 9 8 3 2 0 0 0 0 0 0 0 0 0
"156" 156 0.316062176166 483 10 3 2 1 1 0 0 0 0 0 0 0 0 0 0 0 0 0 0
"157" 157 0.173076923077 257 56 31 30 27 22 20 17 10 9 9 7 4 1 0 0 0 0 0 0
"158" 158 0.177664974619 275 163 20 15 6 5 4 3 3 3 1 1 1 0 0 0 0 0 0 0
"159" 159 0.0796019900498 263 101 73 15 15 10 9 7 5 1 1 0 0 0 0 0 0 0 0 0
"160" 160 0.0995024875622 275 125 52 36 9 2 1 0 0 0 0 0 0 0 0 0 0 0 0 0
"161" 161 0.282700421941 371 73 33 14 4 3 1 1 0 0 0 0 0 0 0 0 0 0 0 0
"162" 162 0.308035714286 177 126 94 54 33 7 5 2 1 1 0 0 0 0 0 0 0 0 0 0
"163" 163 0.630769230769 271 100 52 31 27 17 1 1 0 0 0 0 0 0 0 0 0 0 0 0
"164" 164 0.435406698565 277 191 15 12 4 1 0 0 0 0 0 0 0 0 0 0 0 0 0 0
"165" 165 0.0747126436782 261 89 67 53 10 6 5 4 3 2 0 0 0 0 0 0 0 0 0 0
"166" 166 0.63503649635 156 141 123 40 36 1 1 1 1 0 0 0 0 0 0 0 0 0 0 0
"167" 167 0.627906976744 211 88 68 49 43 23 13 3 2 0 0 0 0 0 0 0 0 0 0 0
"168" 168 0.093023255814 459 19 11 6 3 2 0 0 0 0 0 0 0 0 0 0 0 0 0 0
"169" 169 0.673076923077 500 0 0 0 0 0 0 0 0 0 0 0 0 0 0 0 0 0 0 0
"170" 170 0.182692307692 500 0 0 0 0 0 0 0 0 0 0 0 0 0 0 0 0 0 0 0
"171" 171 0.00574712643678 361 117 21 1 0 0 0 0 0 0 0 0 0 0 0 0 0 0 0 0
"172" 172 0.0384615384615 195 130 84 74 8 7 2 0 0 0 0 0 0 0 0 0 0 0 0 0
"173" 173 0.34375 161 122 121 23 22 21 19 5 4 2 0 0 0 0 0 0 0 0 0 0
"174" 174 0.031007751938 389 110 1 0 0 0 0 0 0 0 0 0 0 0 0 0 0 0 0 0
"175" 175 0.0 325 156 10 9 0 0 0 0 0 0 0 0 0 0 0 0 0 0 0 0
"176" 176 0.481751824818 165 144 91 34 29 17 11 5 4 0 0 0 0 0 0 0 0 0 0 0
"177" 177 0.386861313869 157 89 89 52 35 33 19 12 8 5 1 0 0 0 0 0 0 0 0 0
"178" 178 0.124031007752 260 94 53 38 20 17 6 4 3 3 2 0 0 0 0 0 0 0 0 0
"179" 179 0.409282700422 235 162 46 44 5 3 3 1 1 0 0 0 0 0 0 0 0 0 0 0
"180" 180 0.627906976744 235 89 55 43 37 17 13 5 4 2 0 0 0 0 0 0 0 0 0 0
"181" 181 0.722627737226 353 79 32 27 5 2 1 1 0 0 0 0 0 0 0 0 0 0 0 0
"182" 182 0.22480620155 276 197 20 7 0 0 0 0 0 0 0 0 0 0 0 0 0 0 0 0
"183" 183 0.314465408805 422 43 11 8 7 6 1 1 1 0 0 0 0 0 0 0 0 0 0 0
"184" 184 0.885167464115 416 34 29 16 4 1 0 0 0 0 0 0 0 0 0 0 0 0 0 0
"185" 185 0.631178707224 363 42 31 28 20 5 5 4 1 1 0 0 0 0 0 0 0 0 0 0
"186" 186 0.199004975124 474 16 6 3 1 0 0 0 0 0 0 0 0 0 0 0 0 0 0 0
"187" 187 0.569620253165 224 180 32 22 20 7 6 4 2 1 1 1 0 0 0 0 0 0 0 0
"188" 188 0.0172413793103 423 43 25 7 2 0 0 0 0 0 0 0 0 0 0 0 0 0 0 0
"189" 189 0.0223214285714 252 157 79 5 3 2 1 1 0 0 0 0 0 0 0 0 0 0 0 0
"190" 190 0.0 289 107 84 10 10 0 0 0 0 0 0 0 0 0 0 0 0 0 0 0
"191" 191 0.0892857142857 319 142 18 13 2 2 1 1 1 1 0 0 0 0 0 0 0 0 0 0
"192" 192 0.0 493 7 0 0 0 0 0 0 0 0 0 0 0 0 0 0 0 0 0 0
"193" 193 0.434306569343 430 49 5 4 4 3 3 2 0 0 0 0 0 0 0 0 0 0 0 0
"194" 194 0.192052980132 495 2 2 1 0 0 0 0 0 0 0 0 0 0 0 0 0 0 0 0
"195" 195 0.164179104478 442 39 12 3 1 1 1 1 0 0 0 0 0 0 0 0 0 0 0 0
"196" 196 0.584821428571 318 168 6 4 3 1 0 0 0 0 0 0 0 0 0 0 0 0 0 0
"197" 197 0.138392857143 422 57 9 8 2 1 1 0 0 0 0 0 0 0 0 0 0 0 0 0
"198" 198 0.0 418 56 8 7 6 4 1 0 0 0 0 0 0 0 0 0 0 0 0 0
"199" 199 0.361607142857 223 123 62 47 26 10 4 3 2 0 0 0 0 0 0 0 0 0 0 0
"200" 200 0.375 451 33 13 2 1 0 0 0 0 0 0 0 0 0 0 0 0 0 0 0
"201" 201 0.0 494 6 0 0 0 0 0 0 0 0 0 0 0 0 0 0 0 0 0 0
"202" 202 0.139303482587 437 20 12 11 9 4 3 2 1 1 0 0 0 0 0 0 0 0 0 0
"203" 203 0.705357142857 150 121 104 103 7 7 5 2 1 0 0 0 0 0 0 0 0 0 0 0
"204" 204 0.124031007752 491 7 2 0 0 0 0 0 0 0 0 0 0 0 0 0 0 0 0 0
"205" 205 0.269230769231 500 0 0 0 0 0 0 0 0 0 0 0 0 0 0 0 0 0 0 0
"206" 206 0.0387596899225 486 14 0 0 0 0 0 0 0 0 0 0 0 0 0 0 0 0 0 0
"207" 207 0.269430051813 374 125 1 0 0 0 0 0 0 0 0 0 0 0 0 0 0 0 0 0
"208" 208 0.164179104478 346 88 39 12 7 4 2 1 1 0 0 0 0 0 0 0 0 0 0 0
"209" 209 0.0 488 7 5 0 0 0 0 0 0 0 0 0 0 0 0 0 0 0 0 0
"210" 210 0.0149253731343 234 158 22 17 17 14 12 8 4 3 3 2 2 2 2 0 0 0 0 0
"211" 211 0.00995024875622 410 29 27 20 6 5 1 1 1 0 0 0 0 0 0 0 0 0 0 0
"212" 212 0.145077720207 188 186 51 30 28 9 5 3 0 0 0 0 0 0 0 0 0 0 0 0
"213" 213 0.389743589744 256 169 66 6 3 0 0 0 0 0 0 0 0 0 0 0 0 0 0 0
"214" 214 0.092050209205 205 98 97 36 29 15 12 5 1 1 1 0 0 0 0 0 0 0 0 0
"215" 215 0.522012578616 423 40 23 6 6 1 1 0 0 0 0 0 0 0 0 0 0 0 0 0
"216" 216 0.273631840796 263 46 45 38 25 21 17 15 10 8 6 3 1 1 1 0 0 0 0 0
"217" 217 0.589285714286 256 91 81 53 8 5 3 1 1 1 0 0 0 0 0 0 0 0 0 0
"218" 218 0.170542635659 278 66 58 45 39 14 0 0 0 0 0 0 0 0 0 0 0 0 0 0
"219" 219 0.0497512437811 198 168 84 16 13 6 5 5 3 1 1 0 0 0 0 0 0 0 0 0
"220" 220 0.510948905109 239 162 46 20 16 12 2 2 1 0 0 0 0 0 0 0 0 0 0 0
"221" 221 0.227678571429 218 156 62 36 12 7 5 2 1 1 0 0 0 0 0 0 0 0 0 0
"222" 222 0.0 433 32 21 3 3 2 2 2 1 1 0 0 0 0 0 0 0 0 0 0
"223" 223 0.183908045977 433 55 4 4 2 1 1 0 0 0 0 0 0 0 0 0 0 0 0 0
"224" 224 0.598540145985 206 100 47 45 42 35 7 5 5 4 3 1 0 0 0 0 0 0 0 0
"225" 225 0.321167883212 169 127 89 34 22 20 13 12 6 5 2 1 0 0 0 0 0 0 0 0
"226" 226 0.00574712643678 331 103 21 15 11 7 4 3 3 1 1 0 0 0 0 0 0 0 0 0
"227" 227 0.557692307692 328 153 14 5 0 0 0 0 0 0 0 0 0 0 0 0 0 0 0 0
"228" 228 0.653846153846 485 12 3 0 0 0 0 0 0 0 0 0 0 0 0 0 0 0 0 0
"229" 229 0.580291970803 175 166 54 24 24 20 18 6 6 3 2 2 0 0 0 0 0 0 0 0
"230" 230 0.132183908046 371 121 6 1 1 0 0 0 0 0 0 0 0 0 0 0 0 0 0 0
"231" 231 0.295597484277 307 110 72 10 1 0 0 0 0 0 0 0 0 0 0 0 0 0 0 0
"232" 232 0.0199004975124 466 18 6 5 2 2 1 0 0 0 0 0 0 0 0 0 0 0 0 0
"233" 233 0.03125 144 111 99 90 35 7 7 3 2 1 1 0 0 0 0 0 0 0 0 0
"234" 234 0.0077519379845 282 135 27 19 16 12 6 2 1 0 0 0 0 0 0 0 0 0 0 0
"235" 235 0.152317880795 274 219 3 2 2 0 0 0 0 0 0 0 0 0 0 0 0 0 0 0
"236" 236 0.163461538462 500 0 0 0 0 0 0 0 0 0 0 0 0 0 0 0 0 0 0 0
"237" 237 0.605128205128 234 179 85 2 0 0 0 0 0 0 0 0 0 0 0 0 0 0 0 0
"238" 238 0.133027522936 259 156 35 21 21 7 1 0 0 0 0 0 0 0 0 0 0 0 0 0
"239" 239 0.348837209302 490 5 3 1 1 0 0 0 0 0 0 0 0 0 0 0 0 0 0 0
"240" 240 0.373134328358 195 131 109 30 12 10 5 4 2 1 1 0 0 0 0 0 0 0 0 0
"241" 241 0.71875 233 218 18 9 9 7 3 2 1 0 0 0 0 0 0 0 0 0 0 0
"242" 242 0.507299270073 363 120 8 4 3 1 1 0 0 0 0 0 0 0 0 0 0 0 0 0
"243" 243 0.0 398 96 3 2 1 0 0 0 0 0 0 0 0 0 0 0 0 0 0 0
"244" 244 0.413502109705 233 113 64 63 21 2 2 1 1 0 0 0 0 0 0 0 0 0 0 0
"245" 245 0.170542635659 201 187 30 27 24 15 10 2 2 1 1 0 0 0 0 0 0 0 0 0
"246" 246 0.0077519379845 411 79 5 2 2 1 0 0 0 0 0 0 0 0 0 0 0 0 0 0
"247" 247 0.0387596899225 444 45 11 0 0 0 0 0 0 0 0 0 0 0 0 0 0 0 0 0
"248" 248 0.589285714286 304 57 51 35 24 11 11 6 1 0 0 0 0 0 0 0 0 0 0 0
"249" 249 0.162790697674 392 78 12 11 3 3 1 0 0 0 0 0 0 0 0 0 0 0 0 0
"250" 250 0.221153846154 500 0 0 0 0 0 0 0 0 0 0 0 0 0 0 0 0 0 0 0
"251" 251 0.00574712643678 237 121 98 16 12 9 4 3 0 0 0 0 0 0 0 0 0 0 0 0
"252" 252 0.19170984456 496 3 1 0 0 0 0 0 0 0 0 0 0 0 0 0 0 0 0 0
"253" 253 0.285171102662 442 27 14 13 4 0 0 0 0 0 0 0 0 0 0 0 0 0 0 0
"254" 254 0.0 301 101 77 21 0 0 0 0 0 0 0 0 0 0 0 0 0 0 0 0
"255" 255 0.0198675496689 411 53 27 3 3 2 1 0 0 0 0 0 0 0 0 0 0 0 0 0
"256" 256 0.0 405 86 4 2 2 1 0 0 0 0 0 0 0 0 0 0 0 0 0 0
"257" 257 0.134615384615 267 102 56 20 15 15 15 5 3 1 1 0 0 0 0 0 0 0 0 0
"258" 258 0.147286821705 270 91 34 28 19 19 11 10 10 3 3 2 0 0 0 0 0 0 0 0
"259" 259 0.0 399 72 14 10 4 1 0 0 0 0 0 0 0 0 0 0 0 0 0 0
"260" 260 0.0290697674419 485 15 0 0 0 0 0 0 0 0 0 0 0 0 0 0 0 0 0 0
"261" 261 0.641148325359 244 141 33 29 26 16 4 3 1 1 1 1 0 0 0 0 0 0 0 0
"262" 262 0.523178807947 281 95 61 27 14 9 9 2 2 0 0 0 0 0 0 0 0 0 0 0
"263" 263 0.0697674418605 494 3 1 1 1 0 0 0 0 0 0 0 0 0 0 0 0 0 0 0
"264" 264 0.527426160338 165 155 97 29 24 9 6 6 4 4 1 0 0 0 0 0 0 0 0 0
"265" 265 0.387596899225 154 123 80 68 20 14 13 11 6 5 2 2 1 1 0 0 0 0 0 0
"266" 266 0.00497512437811 352 87 40 14 3 2 1 1 0 0 0 0 0 0 0 0 0 0 0 0
"267" 267 0.414507772021 344 96 46 7 2 2 1 1 1 0 0 0 0 0 0 0 0 0 0 0
"268" 268 0.0199004975124 133 123 94 86 22 11 11 10 7 1 1 1 0 0 0 0 0 0 0 0
"269" 269 0.17880794702 263 228 2 2 2 1 1 1 0 0 0 0 0 0 0 0 0 0 0 0
"270" 270 0.0746268656716 339 60 23 22 14 13 10 8 7 4 0 0 0 0 0 0 0 0 0 0
"271" 271 0.557213930348 163 150 84 72 13 11 3 1 1 1 1 0 0 0 0 0 0 0 0 0
"272" 272 0.258620689655 170 156 67 52 25 17 4 4 2 2 1 0 0 0 0 0 0 0 0 0
"273" 273 0.350574712644 131 88 78 75 45 36 19 17 7 3 1 0 0 0 0 0 0 0 0 0
"274" 274 0.824817518248 258 134 100 7 1 0 0 0 0 0 0 0 0 0 0 0 0 0 0 0
"275" 275 1.0 173 148 82 37 16 15 11 9 5 1 1 1 1 0 0 0 0 0 0 0
