"site" "RSA" "aa1" "aa2" "aa3" "aa4" "aa5" "aa6" "aa7" "aa8" "aa9" "aa10" "aa11" "aa12" "aa13" "aa14" "aa15" "aa16" "aa17" "aa18" "aa19" "aa20"
"0" 0 0.79274611399 445 35 20 0 0 0 0 0 0 0 0 0 0 0 0 0 0 0 0 0
"1" 1 0.593908629442 372 80 45 3 0 0 0 0 0 0 0 0 0 0 0 0 0 0 0 0
"2" 2 0.611398963731 443 28 22 5 2 0 0 0 0 0 0 0 0 0 0 0 0 0 0 0
"3" 3 0.43023255814 251 110 78 50 7 3 1 0 0 0 0 0 0 0 0 0 0 0 0 0
"4" 4 0.512437810945 189 114 114 64 14 5 0 0 0 0 0 0 0 0 0 0 0 0 0 0
"5" 5 0.548223350254 399 65 15 10 8 3 0 0 0 0 0 0 0 0 0 0 0 0 0 0
"6" 6 0.403973509934 167 70 65 61 51 49 29 5 3 0 0 0 0 0 0 0 0 0 0 0
"7" 7 0.410256410256 181 139 75 73 12 10 5 3 2 0 0 0 0 0 0 0 0 0 0 0
"8" 8 0.502564102564 292 125 42 15 6 5 5 4 3 2 1 0 0 0 0 0 0 0 0 0
"9" 9 0.410852713178 270 153 72 3 2 0 0 0 0 0 0 0 0 0 0 0 0 0 0 0
"10" 10 0.567164179104 170 71 69 57 55 51 12 10 3 1 1 0 0 0 0 0 0 0 0 0
"11" 11 0.418439716312 267 93 70 47 10 8 5 0 0 0 0 0 0 0 0 0 0 0 0 0
"12" 12 0.271523178808 158 155 148 12 11 9 6 1 0 0 0 0 0 0 0 0 0 0 0 0
"13" 13 0.497890295359 360 93 44 2 1 0 0 0 0 0 0 0 0 0 0 0 0 0 0 0
"14" 14 0.422018348624 230 183 86 1 0 0 0 0 0 0 0 0 0 0 0 0 0 0 0 0
"15" 15 0.10447761194 345 94 44 14 2 1 0 0 0 0 0 0 0 0 0 0 0 0 0 0
"16" 16 0.436781609195 196 138 133 30 3 0 0 0 0 0 0 0 0 0 0 0 0 0 0 0
"17" 17 0.549107142857 422 78 0 0 0 0 0 0 0 0 0 0 0 0 0 0 0 0 0 0
"18" 18 0.709821428571 232 182 48 38 0 0 0 0 0 0 0 0 0 0 0 0 0 0 0 0
"19" 19 0.450777202073 302 166 19 4 4 4 1 0 0 0 0 0 0 0 0 0 0 0 0 0
"20" 20 0.465408805031 275 186 35 4 0 0 0 0 0 0 0 0 0 0 0 0 0 0 0 0
"21" 21 0.125 163 129 121 29 21 16 16 4 1 0 0 0 0 0 0 0 0 0 0 0
"22" 22 0.26359832636 387 107 4 2 0 0 0 0 0 0 0 0 0 0 0 0 0 0 0 0
"23" 23 0.301255230126 436 56 4 1 1 1 1 0 0 0 0 0 0 0 0 0 0 0 0 0
"24" 24 0.526785714286 254 228 16 1 1 0 0 0 0 0 0 0 0 0 0 0 0 0 0 0
"25" 25 0.464135021097 264 102 86 17 16 9 6 0 0 0 0 0 0 0 0 0 0 0 0 0
"26" 26 0.402985074627 493 3 2 1 1 0 0 0 0 0 0 0 0 0 0 0 0 0 0 0
"27" 27 0.627906976744 499 1 0 0 0 0 0 0 0 0 0 0 0 0 0 0 0 0 0 0
"28" 28 0.497757847534 500 0 0 0 0 0 0 0 0 0 0 0 0 0 0 0 0 0 0 0
"29" 29 0.736434108527 498 2 0 0 0 0 0 0 0 0 0 0 0 0 0 0 0 0 0 0
"30" 30 0.618834080717 332 144 18 4 1 1 0 0 0 0 0 0 0 0 0 0 0 0 0 0
"31" 31 0.561181434599 369 129 2 0 0 0 0 0 0 0 0 0 0 0 0 0 0 0 0 0
"32" 32 0.132075471698 500 0 0 0 0 0 0 0 0 0 0 0 0 0 0 0 0 0 0 0
"33" 33 0.441605839416 228 206 25 16 6 6 4 4 3 2 0 0 0 0 0 0 0 0 0 0
"34" 34 0.175732217573 198 115 55 51 27 16 16 14 7 1 0 0 0 0 0 0 0 0 0 0
"35" 35 0.0 479 11 6 2 1 1 0 0 0 0 0 0 0 0 0 0 0 0 0 0
"36" 36 0.0141843971631 274 111 40 24 16 12 7 5 5 4 2 0 0 0 0 0 0 0 0 0
"37" 37 0.0 274 104 48 24 16 13 12 7 2 0 0 0 0 0 0 0 0 0 0 0
"38" 38 0.00961538461538 453 39 8 0 0 0 0 0 0 0 0 0 0 0 0 0 0 0 0 0
"39" 39 0.0189873417722 500 0 0 0 0 0 0 0 0 0 0 0 0 0 0 0 0 0 0 0
"40" 40 0.430463576159 288 174 19 11 6 2 0 0 0 0 0 0 0 0 0 0 0 0 0 0
"41" 41 0.40414507772 131 112 98 86 67 4 1 1 0 0 0 0 0 0 0 0 0 0 0 0
"42" 42 0.23178807947 311 87 80 13 5 4 0 0 0 0 0 0 0 0 0 0 0 0 0 0
"43" 43 0.551094890511 214 172 39 35 24 9 4 2 1 0 0 0 0 0 0 0 0 0 0 0
"44" 44 0.166666666667 363 121 4 3 2 2 2 2 1 0 0 0 0 0 0 0 0 0 0 0
"45" 45 0.364779874214 275 133 35 20 20 8 4 3 2 0 0 0 0 0 0 0 0 0 0 0
"46" 46 0.0 332 63 59 17 8 5 5 4 4 2 1 0 0 0 0 0 0 0 0 0
"47" 47 0.294642857143 293 99 32 29 27 15 3 2 0 0 0 0 0 0 0 0 0 0 0 0
"48" 48 0.748175182482 227 98 92 40 37 4 1 1 0 0 0 0 0 0 0 0 0 0 0 0
"49" 49 0.1592039801 479 7 7 6 1 0 0 0 0 0 0 0 0 0 0 0 0 0 0 0
"50" 50 0.28488372093 237 155 59 16 14 5 5 4 2 1 1 1 0 0 0 0 0 0 0 0
"51" 51 0.538461538462 500 0 0 0 0 0 0 0 0 0 0 0 0 0 0 0 0 0 0 0
"52" 52 0.124378109453 140 112 84 42 31 21 18 18 14 10 4 4 2 0 0 0 0 0 0 0
"53" 53 0.459821428571 159 149 148 38 5 1 0 0 0 0 0 0 0 0 0 0 0 0 0 0
"54" 54 0.534591194969 367 101 11 10 7 2 2 0 0 0 0 0 0 0 0 0 0 0 0 0
"55" 55 0.384615384615 500 0 0 0 0 0 0 0 0 0 0 0 0 0 0 0 0 0 0 0
"56" 56 0.290178571429 178 168 144 6 2 2 0 0 0 0 0 0 0 0 0 0 0 0 0 0
"57" 57 0.089552238806 215 112 60 46 45 10 9 2 1 0 0 0 0 0 0 0 0 0 0 0
"58" 58 0.255230125523 245 208 31 7 4 3 1 1 0 0 0 0 0 0 0 0 0 0 0 0
"59" 59 0.333333333333 340 111 28 11 8 2 0 0 0 0 0 0 0 0 0 0 0 0 0 0
"60" 60 0.0765550239234 290 166 41 1 1 1 0 0 0 0 0 0 0 0 0 0 0 0 0 0
"61" 61 0.251824817518 449 28 11 4 3 2 2 1 0 0 0 0 0 0 0 0 0 0 0 0
"62" 62 0.0769230769231 436 64 0 0 0 0 0 0 0 0 0 0 0 0 0 0 0 0 0 0
"63" 63 0.293103448276 238 125 68 24 10 8 7 7 7 2 2 1 1 0 0 0 0 0 0 0
"64" 64 0.0 500 0 0 0 0 0 0 0 0 0 0 0 0 0 0 0 0 0 0 0
"65" 65 0.0102564102564 362 47 40 27 24 0 0 0 0 0 0 0 0 0 0 0 0 0 0 0
"66" 66 0.0 367 101 13 9 3 3 2 1 1 0 0 0 0 0 0 0 0 0 0 0
"67" 67 0.0114942528736 155 123 101 69 20 16 7 5 3 1 0 0 0 0 0 0 0 0 0 0
"68" 68 0.0659898477157 320 168 9 1 1 1 0 0 0 0 0 0 0 0 0 0 0 0 0 0
"69" 69 0.622009569378 404 31 29 21 6 4 4 1 0 0 0 0 0 0 0 0 0 0 0 0
"70" 70 0.720930232558 433 27 22 17 1 0 0 0 0 0 0 0 0 0 0 0 0 0 0 0
"71" 71 0.150259067358 499 1 0 0 0 0 0 0 0 0 0 0 0 0 0 0 0 0 0 0
"72" 72 0.616915422886 274 106 41 40 39 0 0 0 0 0 0 0 0 0 0 0 0 0 0 0
"73" 73 0.517948717949 165 92 76 67 50 46 3 1 0 0 0 0 0 0 0 0 0 0 0 0
"74" 74 0.0 121 115 113 42 40 39 30 0 0 0 0 0 0 0 0 0 0 0 0 0
"75" 75 0.169154228856 248 71 64 63 28 22 3 1 0 0 0 0 0 0 0 0 0 0 0 0
"76" 76 0.403973509934 271 74 57 37 24 17 12 4 4 0 0 0 0 0 0 0 0 0 0 0
"77" 77 0.149425287356 220 208 37 25 6 3 1 0 0 0 0 0 0 0 0 0 0 0 0 0
"78" 78 0.0 254 150 55 14 8 6 5 3 2 1 1 1 0 0 0 0 0 0 0 0
"79" 79 0.345291479821 233 117 81 34 22 6 4 1 1 1 0 0 0 0 0 0 0 0 0 0
"80" 80 0.41825095057 477 16 4 3 0 0 0 0 0 0 0 0 0 0 0 0 0 0 0 0
"81" 81 0.0 373 124 3 0 0 0 0 0 0 0 0 0 0 0 0 0 0 0 0 0
"82" 82 0.0 254 88 47 47 21 19 13 4 2 2 1 1 1 0 0 0 0 0 0 0
"83" 83 0.295336787565 137 128 112 72 27 10 10 3 1 0 0 0 0 0 0 0 0 0 0 0
"84" 84 0.373563218391 478 19 3 0 0 0 0 0 0 0 0 0 0 0 0 0 0 0 0 0
"85" 85 0.0995024875622 499 1 0 0 0 0 0 0 0 0 0 0 0 0 0 0 0 0 0 0
"86" 86 0.513392857143 481 7 6 3 2 1 0 0 0 0 0 0 0 0 0 0 0 0 0 0
"87" 87 0.0 364 136 0 0 0 0 0 0 0 0 0 0 0 0 0 0 0 0 0 0
"88" 88 0.379464285714 224 152 61 56 3 3 1 0 0 0 0 0 0 0 0 0 0 0 0 0
"89" 89 0.200956937799 218 126 126 25 2 1 1 1 0 0 0 0 0 0 0 0 0 0 0 0
"90" 90 0.0 220 127 39 35 32 22 13 10 1 1 0 0 0 0 0 0 0 0 0 0
"91" 91 0.0355329949239 178 175 64 62 15 5 1 0 0 0 0 0 0 0 0 0 0 0 0 0
"92" 92 0.00507614213198 269 132 40 27 15 11 3 3 0 0 0 0 0 0 0 0 0 0 0 0
"93" 93 0.0253164556962 164 108 107 72 45 2 1 1 0 0 0 0 0 0 0 0 0 0 0 0
"94" 94 0.0 437 48 6 5 3 1 0 0 0 0 0 0 0 0 0 0 0 0 0 0
"95" 95 0.0478468899522 298 195 5 1 1 0 0 0 0 0 0 0 0 0 0 0 0 0 0 0
"96" 96 0.106463878327 244 191 17 17 11 10 3 3 1 1 1 1 0 0 0 0 0 0 0 0
"97" 97 0.557692307692 500 0 0 0 0 0 0 0 0 0 0 0 0 0 0 0 0 0 0 0
"98" 98 0.0189873417722 362 111 17 8 2 0 0 0 0 0 0 0 0 0 0 0 0 0 0 0
"99" 99 0.384615384615 161 150 122 32 16 14 5 0 0 0 0 0 0 0 0 0 0 0 0 0
"100" 100 0.0576923076923 281 195 13 11 0 0 0 0 0 0 0 0 0 0 0 0 0 0 0 0
"101" 101 0.0287356321839 381 73 29 6 4 3 2 1 1 0 0 0 0 0 0 0 0 0 0 0
"102" 102 0.363228699552 327 85 40 35 6 6 1 0 0 0 0 0 0 0 0 0 0 0 0 0
"103" 103 0.100775193798 233 87 59 36 28 20 15 11 5 5 1 0 0 0 0 0 0 0 0 0
"104" 104 0.0697674418605 500 0 0 0 0 0 0 0 0 0 0 0 0 0 0 0 0 0 0 0
"105" 105 0.229885057471 295 99 76 9 9 4 3 2 2 1 0 0 0 0 0 0 0 0 0 0
"106" 106 0.486607142857 320 93 38 37 6 3 2 1 0 0 0 0 0 0 0 0 0 0 0 0
"107" 107 0.476923076923 447 53 0 0 0 0 0 0 0 0 0 0 0 0 0 0 0 0 0 0
"108" 108 0.283018867925 297 109 33 20 17 13 5 4 2 0 0 0 0 0 0 0 0 0 0 0
"109" 109 0.857142857143 500 0 0 0 0 0 0 0 0 0 0 0 0 0 0 0 0 0 0 0
"110" 110 0.477611940299 187 91 55 46 36 28 19 16 12 4 3 2 1 0 0 0 0 0 0 0
"111" 111 0.442307692308 500 0 0 0 0 0 0 0 0 0 0 0 0 0 0 0 0 0 0 0
"112" 112 0.756218905473 499 1 0 0 0 0 0 0 0 0 0 0 0 0 0 0 0 0 0 0
"113" 113 0.269035532995 172 128 76 43 31 18 13 7 6 4 2 0 0 0 0 0 0 0 0 0
"114" 114 0.148717948718 422 47 22 6 1 1 1 0 0 0 0 0 0 0 0 0 0 0 0 0
"115" 115 0.523076923077 298 202 0 0 0 0 0 0 0 0 0 0 0 0 0 0 0 0 0 0
"116" 116 0.234042553191 366 58 45 24 7 0 0 0 0 0 0 0 0 0 0 0 0 0 0 0
"117" 117 0.0199004975124 217 151 49 40 40 3 0 0 0 0 0 0 0 0 0 0 0 0 0 0
"118" 118 0.393034825871 298 198 3 1 0 0 0 0 0 0 0 0 0 0 0 0 0 0 0 0
"119" 119 0.358851674641 268 133 29 25 23 11 5 2 2 1 1 0 0 0 0 0 0 0 0 0
"120" 120 0.0 372 104 7 5 4 4 2 1 1 0 0 0 0 0 0 0 0 0 0 0
"121" 121 0.375912408759 394 105 1 0 0 0 0 0 0 0 0 0 0 0 0 0 0 0 0 0
"122" 122 0.528497409326 289 92 60 35 14 5 2 2 1 0 0 0 0 0 0 0 0 0 0 0
"123" 123 0.0609137055838 263 190 34 5 3 2 2 1 0 0 0 0 0 0 0 0 0 0 0 0
"124" 124 0.205673758865 379 72 22 17 7 1 1 1 0 0 0 0 0 0 0 0 0 0 0 0
"125" 125 0.456066945607 322 109 54 14 1 0 0 0 0 0 0 0 0 0 0 0 0 0 0 0
"126" 126 0.497890295359 409 59 15 14 2 1 0 0 0 0 0 0 0 0 0 0 0 0 0 0
"127" 127 0.0622009569378 331 148 21 0 0 0 0 0 0 0 0 0 0 0 0 0 0 0 0 0
"128" 128 0.423841059603 321 106 58 9 6 0 0 0 0 0 0 0 0 0 0 0 0 0 0 0
"129" 129 0.615894039735 382 92 17 5 4 0 0 0 0 0 0 0 0 0 0 0 0 0 0 0
"130" 130 0.0398009950249 430 23 16 16 6 5 2 1 1 0 0 0 0 0 0 0 0 0 0 0
"131" 131 0.0199004975124 494 6 0 0 0 0 0 0 0 0 0 0 0 0 0 0 0 0 0 0
"132" 132 0.413461538462 309 125 58 6 1 1 0 0 0 0 0 0 0 0 0 0 0 0 0 0
"133" 133 0.59375 382 90 14 10 2 2 0 0 0 0 0 0 0 0 0 0 0 0 0 0
"134" 134 0.178899082569 487 13 0 0 0 0 0 0 0 0 0 0 0 0 0 0 0 0 0 0
"135" 135 0.433962264151 237 205 20 18 13 3 2 1 1 0 0 0 0 0 0 0 0 0 0 0
"136" 136 0.614349775785 447 32 14 4 3 0 0 0 0 0 0 0 0 0 0 0 0 0 0 0
"137" 137 0.607142857143 228 212 26 20 13 1 0 0 0 0 0 0 0 0 0 0 0 0 0 0
"138" 138 0.430656934307 307 123 40 28 1 1 0 0 0 0 0 0 0 0 0 0 0 0 0 0
"139" 139 0.20802919708 452 37 11 0 0 0 0 0 0 0 0 0 0 0 0 0 0 0 0 0
"140" 140 0.228855721393 328 134 9 9 6 4 4 3 2 1 0 0 0 0 0 0 0 0 0 0
"141" 141 0.212435233161 231 171 42 20 13 10 7 3 2 1 0 0 0 0 0 0 0 0 0 0
"142" 142 0.0988372093023 429 41 18 5 4 2 1 0 0 0 0 0 0 0 0 0 0 0 0 0
"143" 143 0.0 339 114 31 13 2 1 0 0 0 0 0 0 0 0 0 0 0 0 0 0
"144" 144 0.0253164556962 379 94 12 8 6 1 0 0 0 0 0 0 0 0 0 0 0 0 0 0
"145" 145 0.0892857142857 212 84 76 51 27 15 12 8 6 5 3 1 0 0 0 0 0 0 0 0
"146" 146 0.0 440 25 18 16 1 0 0 0 0 0 0 0 0 0 0 0 0 0 0 0
"147" 147 0.00512820512821 234 107 61 47 32 8 4 4 1 1 1 0 0 0 0 0 0 0 0 0
"148" 148 0.0 362 126 6 5 1 0 0 0 0 0 0 0 0 0 0 0 0 0 0 0
"149" 149 0.0137614678899 276 139 28 26 11 7 5 4 2 2 0 0 0 0 0 0 0 0 0 0
"150" 150 0.0535714285714 268 94 58 52 18 7 2 1 0 0 0 0 0 0 0 0 0 0 0 0
"151" 151 0.0179372197309 310 189 1 0 0 0 0 0 0 0 0 0 0 0 0 0 0 0 0 0
"152" 152 0.0172413793103 261 149 41 37 12 0 0 0 0 0 0 0 0 0 0 0 0 0 0 0
"153" 153 0.19391634981 215 203 44 22 5 4 2 2 2 1 0 0 0 0 0 0 0 0 0 0
"154" 154 0.133333333333 251 149 46 29 12 6 4 2 1 0 0 0 0 0 0 0 0 0 0 0
"155" 155 0.0 223 131 61 61 13 6 3 1 1 0 0 0 0 0 0 0 0 0 0 0
"156" 156 0.0 279 183 32 6 0 0 0 0 0 0 0 0 0 0 0 0 0 0 0 0
"157" 157 0.334928229665 235 95 82 43 35 4 4 1 1 0 0 0 0 0 0 0 0 0 0 0
"158" 158 0.105960264901 213 182 65 19 15 2 2 1 1 0 0 0 0 0 0 0 0 0 0 0
"159" 159 0.686046511628 314 101 39 16 12 12 3 2 1 0 0 0 0 0 0 0 0 0 0 0
"160" 160 0.0964467005076 279 89 55 45 25 4 2 1 0 0 0 0 0 0 0 0 0 0 0 0
"161" 161 0.0 229 160 46 34 28 2 1 0 0 0 0 0 0 0 0 0 0 0 0 0
"162" 162 0.233183856502 215 171 71 25 15 2 1 0 0 0 0 0 0 0 0 0 0 0 0 0
"163" 163 0.350993377483 338 120 22 9 3 3 2 2 1 0 0 0 0 0 0 0 0 0 0 0
"164" 164 0.0 301 90 73 16 6 5 4 2 1 1 1 0 0 0 0 0 0 0 0 0
"165" 165 0.0567375886525 498 1 1 0 0 0 0 0 0 0 0 0 0 0 0 0 0 0 0 0
"166" 166 0.662447257384 134 123 121 61 28 20 12 1 0 0 0 0 0 0 0 0 0 0 0 0
"167" 167 0.463503649635 288 154 29 15 7 4 2 1 0 0 0 0 0 0 0 0 0 0 0 0
"168" 168 0.423076923077 500 0 0 0 0 0 0 0 0 0 0 0 0 0 0 0 0 0 0 0
"169" 169 0.170403587444 460 8 6 6 5 4 3 3 3 1 1 0 0 0 0 0 0 0 0 0
"170" 170 0.725738396624 499 1 0 0 0 0 0 0 0 0 0 0 0 0 0 0 0 0 0 0
"171" 171 0.0114942528736 418 72 5 2 1 1 1 0 0 0 0 0 0 0 0 0 0 0 0 0
"172" 172 0.151162790698 321 60 55 47 8 7 1 1 0 0 0 0 0 0 0 0 0 0 0 0
"173" 173 0.0 247 96 61 48 33 9 4 2 0 0 0 0 0 0 0 0 0 0 0 0
"174" 174 0.124401913876 196 126 114 28 16 10 5 2 2 1 0 0 0 0 0 0 0 0 0 0
"175" 175 0.0 449 51 0 0 0 0 0 0 0 0 0 0 0 0 0 0 0 0 0 0
"176" 176 0.184397163121 257 106 61 51 19 5 1 0 0 0 0 0 0 0 0 0 0 0 0 0
"177" 177 0.0 280 129 64 13 13 1 0 0 0 0 0 0 0 0 0 0 0 0 0 0
"178" 178 0.0380228136882 403 96 1 0 0 0 0 0 0 0 0 0 0 0 0 0 0 0 0 0
"179" 179 0.125 133 96 77 74 71 39 10 0 0 0 0 0 0 0 0 0 0 0 0 0
"180" 180 0.38578680203 428 24 19 15 6 5 1 1 1 0 0 0 0 0 0 0 0 0 0 0
"181" 181 0.870813397129 147 145 108 43 26 25 5 1 0 0 0 0 0 0 0 0 0 0 0 0
"182" 182 0.59585492228 491 7 2 0 0 0 0 0 0 0 0 0 0 0 0 0 0 0 0 0
"183" 183 0.25 485 5 4 3 3 0 0 0 0 0 0 0 0 0 0 0 0 0 0 0
"184" 184 0.597014925373 500 0 0 0 0 0 0 0 0 0 0 0 0 0 0 0 0 0 0 0
"185" 185 0.238805970149 181 96 80 75 34 15 5 5 4 4 1 0 0 0 0 0 0 0 0 0
"186" 186 0.441605839416 382 110 3 2 2 1 0 0 0 0 0 0 0 0 0 0 0 0 0 0
"187" 187 0.430051813472 461 35 4 0 0 0 0 0 0 0 0 0 0 0 0 0 0 0 0 0
"188" 188 0.109452736318 309 61 61 58 6 3 2 0 0 0 0 0 0 0 0 0 0 0 0 0
"189" 189 0.414507772021 459 37 2 2 0 0 0 0 0 0 0 0 0 0 0 0 0 0 0 0
"190" 190 0.0229885057471 278 181 19 18 2 2 0 0 0 0 0 0 0 0 0 0 0 0 0 0
"191" 191 0.197674418605 320 94 55 16 8 6 1 0 0 0 0 0 0 0 0 0 0 0 0 0
"192" 192 0.0 323 93 84 0 0 0 0 0 0 0 0 0 0 0 0 0 0 0 0 0
"193" 193 0.43023255814 333 75 34 34 13 8 2 1 0 0 0 0 0 0 0 0 0 0 0 0
"194" 194 0.266666666667 203 178 82 36 1 0 0 0 0 0 0 0 0 0 0 0 0 0 0 0
"195" 195 0.321167883212 257 90 88 52 9 1 1 1 1 0 0 0 0 0 0 0 0 0 0 0
"196" 196 0.486607142857 245 161 71 23 0 0 0 0 0 0 0 0 0 0 0 0 0 0 0 0
"197" 197 0.191860465116 326 137 30 3 2 2 0 0 0 0 0 0 0 0 0 0 0 0 0 0
"198" 198 0.0199004975124 301 193 6 0 0 0 0 0 0 0 0 0 0 0 0 0 0 0 0 0
"199" 199 0.25 238 127 81 26 18 4 3 2 1 0 0 0 0 0 0 0 0 0 0 0
"200" 200 0.367713004484 196 169 89 45 1 0 0 0 0 0 0 0 0 0 0 0 0 0 0 0
"201" 201 0.175182481752 191 124 90 40 34 16 5 0 0 0 0 0 0 0 0 0 0 0 0 0
"202" 202 0.102661596958 293 124 31 17 13 10 7 4 1 0 0 0 0 0 0 0 0 0 0 0
"203" 203 0.521897810219 146 142 102 94 13 2 1 0 0 0 0 0 0 0 0 0 0 0 0 0
"204" 204 0.354066985646 171 138 90 89 7 4 1 0 0 0 0 0 0 0 0 0 0 0 0 0
"205" 205 0.0769230769231 259 229 7 5 0 0 0 0 0 0 0 0 0 0 0 0 0 0 0 0
"206" 206 0.0761421319797 352 46 43 19 14 12 5 4 2 2 1 0 0 0 0 0 0 0 0 0
"207" 207 0.311258278146 297 100 93 6 3 1 0 0 0 0 0 0 0 0 0 0 0 0 0 0
"208" 208 0.394871794872 293 108 82 9 5 3 0 0 0 0 0 0 0 0 0 0 0 0 0 0
"209" 209 0.149253731343 382 45 45 12 5 5 4 1 1 0 0 0 0 0 0 0 0 0 0 0
"210" 210 0.493670886076 487 7 2 2 2 0 0 0 0 0 0 0 0 0 0 0 0 0 0 0
"211" 211 0.716417910448 324 153 23 0 0 0 0 0 0 0 0 0 0 0 0 0 0 0 0 0
"212" 212 0.835443037975 229 164 72 18 7 5 5 0 0 0 0 0 0 0 0 0 0 0 0 0
