"site" "RSA" "aa1" "aa2" "aa3" "aa4" "aa5" "aa6" "aa7" "aa8" "aa9" "aa10" "aa11" "aa12" "aa13" "aa14" "aa15" "aa16" "aa17" "aa18" "aa19" "aa20"
"0" 0 0.883408071749 322 160 6 4 3 2 2 1 0 0 0 0 0 0 0 0 0 0 0 0
"1" 1 0.759615384615 432 27 17 13 5 2 2 1 1 0 0 0 0 0 0 0 0 0 0 0
"2" 2 0.336538461538 445 54 1 0 0 0 0 0 0 0 0 0 0 0 0 0 0 0 0 0
"3" 3 0.114427860697 282 84 52 24 20 16 5 4 3 3 2 2 1 1 1 0 0 0 0 0
"4" 4 0.276785714286 208 206 44 14 9 7 5 3 2 1 1 0 0 0 0 0 0 0 0 0
"5" 5 0.678571428571 192 174 62 31 27 13 1 0 0 0 0 0 0 0 0 0 0 0 0 0
"6" 6 0.193798449612 197 192 87 5 5 4 3 2 2 1 1 1 0 0 0 0 0 0 0 0
"7" 7 0.0 442 19 15 14 6 4 0 0 0 0 0 0 0 0 0 0 0 0 0 0
"8" 8 0.383211678832 212 169 65 34 10 6 3 1 0 0 0 0 0 0 0 0 0 0 0 0
"9" 9 0.387596899225 312 136 24 11 8 4 3 2 0 0 0 0 0 0 0 0 0 0 0 0
"10" 10 0.177304964539 471 18 5 3 2 1 0 0 0 0 0 0 0 0 0 0 0 0 0 0
"11" 11 0.0696517412935 403 68 26 2 1 0 0 0 0 0 0 0 0 0 0 0 0 0 0 0
"12" 12 0.609489051095 343 67 60 13 7 6 3 1 0 0 0 0 0 0 0 0 0 0 0 0
"13" 13 0.723214285714 152 122 103 51 38 10 7 5 5 4 3 0 0 0 0 0 0 0 0 0
"14" 14 0.481865284974 122 87 75 65 53 52 18 12 10 4 1 1 0 0 0 0 0 0 0 0
"15" 15 0.194029850746 296 139 15 14 12 6 5 4 3 3 2 1 0 0 0 0 0 0 0 0
"16" 16 0.586538461538 500 0 0 0 0 0 0 0 0 0 0 0 0 0 0 0 0 0 0 0
"17" 17 0.816143497758 262 135 33 27 19 10 7 7 0 0 0 0 0 0 0 0 0 0 0 0
"18" 18 0.240384615385 500 0 0 0 0 0 0 0 0 0 0 0 0 0 0 0 0 0 0 0
"19" 19 0.217616580311 454 21 8 4 4 4 2 2 1 0 0 0 0 0 0 0 0 0 0 0
"20" 20 0.482587064677 219 120 65 34 21 14 12 10 5 0 0 0 0 0 0 0 0 0 0 0
"21" 21 0.610465116279 350 40 37 36 25 5 4 2 1 0 0 0 0 0 0 0 0 0 0 0
"22" 22 0.0728476821192 241 192 22 12 12 5 3 3 3 2 2 2 1 0 0 0 0 0 0 0
"23" 23 0.427860696517 168 115 50 42 32 26 21 19 18 4 4 1 0 0 0 0 0 0 0 0
"24" 24 0.726368159204 285 120 42 30 11 6 2 2 2 0 0 0 0 0 0 0 0 0 0 0
"25" 25 0.655172413793 427 27 20 12 4 3 3 2 1 1 0 0 0 0 0 0 0 0 0 0
"26" 26 0.0862068965517 285 204 11 0 0 0 0 0 0 0 0 0 0 0 0 0 0 0 0 0
"27" 27 0.427672955975 346 129 17 5 1 1 1 0 0 0 0 0 0 0 0 0 0 0 0 0
"28" 28 0.647321428571 336 78 45 21 10 7 3 0 0 0 0 0 0 0 0 0 0 0 0 0
"29" 29 0.751295336788 378 56 45 9 6 3 3 0 0 0 0 0 0 0 0 0 0 0 0 0
"30" 30 0.283582089552 369 68 43 8 6 3 1 1 1 0 0 0 0 0 0 0 0 0 0 0
"31" 31 0.526785714286 143 108 95 62 48 25 14 4 1 0 0 0 0 0 0 0 0 0 0 0
"32" 32 0.0769230769231 485 14 1 0 0 0 0 0 0 0 0 0 0 0 0 0 0 0 0 0
"33" 33 0.258928571429 223 76 67 61 54 11 4 3 1 0 0 0 0 0 0 0 0 0 0 0
"34" 34 0.0 450 47 2 1 0 0 0 0 0 0 0 0 0 0 0 0 0 0 0 0
"35" 35 0.0574712643678 195 81 47 41 36 35 32 17 8 4 2 1 1 0 0 0 0 0 0 0
"36" 36 0.00507614213198 372 31 31 23 19 18 4 1 1 0 0 0 0 0 0 0 0 0 0 0
"37" 37 0.169154228856 141 136 136 36 27 13 8 3 0 0 0 0 0 0 0 0 0 0 0 0
"38" 38 0.0 435 50 9 3 3 0 0 0 0 0 0 0 0 0 0 0 0 0 0 0
"39" 39 0.37552742616 244 169 47 39 1 0 0 0 0 0 0 0 0 0 0 0 0 0 0 0
"40" 40 0.25 442 57 1 0 0 0 0 0 0 0 0 0 0 0 0 0 0 0 0 0
"41" 41 0.394230769231 386 81 26 4 1 1 1 0 0 0 0 0 0 0 0 0 0 0 0 0
"42" 42 0.0 500 0 0 0 0 0 0 0 0 0 0 0 0 0 0 0 0 0 0 0
"43" 43 0.0 479 11 3 2 1 1 1 1 1 0 0 0 0 0 0 0 0 0 0 0
"44" 44 0.0 227 100 61 26 23 21 20 11 9 1 1 0 0 0 0 0 0 0 0 0
"45" 45 0.0 343 157 0 0 0 0 0 0 0 0 0 0 0 0 0 0 0 0 0 0
"46" 46 0.0 500 0 0 0 0 0 0 0 0 0 0 0 0 0 0 0 0 0 0 0
"47" 47 0.0547263681592 406 55 11 9 7 6 2 2 1 1 0 0 0 0 0 0 0 0 0 0
"48" 48 0.301418439716 123 120 110 73 24 21 15 6 3 2 1 1 1 0 0 0 0 0 0 0
"49" 49 0.00574712643678 352 69 26 18 12 6 4 3 3 2 2 1 1 1 0 0 0 0 0 0
"50" 50 0.0 493 4 3 0 0 0 0 0 0 0 0 0 0 0 0 0 0 0 0 0
"51" 51 0.410714285714 393 87 12 4 3 1 0 0 0 0 0 0 0 0 0 0 0 0 0 0
"52" 52 0.375912408759 400 48 21 11 9 7 2 1 1 0 0 0 0 0 0 0 0 0 0 0
"53" 53 0.00574712643678 467 18 10 4 1 0 0 0 0 0 0 0 0 0 0 0 0 0 0 0
"54" 54 0.0 465 32 2 1 0 0 0 0 0 0 0 0 0 0 0 0 0 0 0 0
"55" 55 0.279069767442 351 92 27 15 10 3 2 0 0 0 0 0 0 0 0 0 0 0 0 0
"56" 56 0.164179104478 458 19 15 4 2 1 1 0 0 0 0 0 0 0 0 0 0 0 0 0
"57" 57 0.217054263566 497 3 0 0 0 0 0 0 0 0 0 0 0 0 0 0 0 0 0 0
"58" 58 0.108808290155 465 24 4 4 2 1 0 0 0 0 0 0 0 0 0 0 0 0 0 0
"59" 59 0.691823899371 440 31 10 10 4 4 1 0 0 0 0 0 0 0 0 0 0 0 0 0
"60" 60 0.594890510949 321 115 31 21 7 3 1 1 0 0 0 0 0 0 0 0 0 0 0 0
"61" 61 0.104651162791 326 130 38 5 1 0 0 0 0 0 0 0 0 0 0 0 0 0 0 0
"62" 62 0.240310077519 263 121 66 33 8 4 3 1 1 0 0 0 0 0 0 0 0 0 0 0
"63" 63 0.0794979079498 437 56 4 3 0 0 0 0 0 0 0 0 0 0 0 0 0 0 0 0
"64" 64 0.354651162791 282 117 39 25 13 10 6 5 3 0 0 0 0 0 0 0 0 0 0 0
"65" 65 0.40251572327 482 17 1 0 0 0 0 0 0 0 0 0 0 0 0 0 0 0 0 0
"66" 66 0.422885572139 298 69 46 31 27 22 6 1 0 0 0 0 0 0 0 0 0 0 0 0
"67" 67 0.155172413793 189 116 103 80 5 5 2 0 0 0 0 0 0 0 0 0 0 0 0 0
"68" 68 0.519379844961 155 143 56 44 39 36 16 6 3 1 1 0 0 0 0 0 0 0 0 0
"69" 69 0.263392857143 293 51 46 36 27 23 6 5 4 4 4 1 0 0 0 0 0 0 0 0
"70" 70 0.115384615385 500 0 0 0 0 0 0 0 0 0 0 0 0 0 0 0 0 0 0 0
"71" 71 0.240310077519 301 114 49 18 11 6 1 0 0 0 0 0 0 0 0 0 0 0 0 0
"72" 72 0.434306569343 264 108 59 41 17 10 1 0 0 0 0 0 0 0 0 0 0 0 0 0
"73" 73 0.0747126436782 399 66 22 6 3 2 1 1 0 0 0 0 0 0 0 0 0 0 0 0
"74" 74 0.488372093023 160 142 139 52 5 1 1 0 0 0 0 0 0 0 0 0 0 0 0 0
"75" 75 0.660714285714 304 87 69 40 0 0 0 0 0 0 0 0 0 0 0 0 0 0 0 0
"76" 76 0.490384615385 500 0 0 0 0 0 0 0 0 0 0 0 0 0 0 0 0 0 0 0
"77" 77 0.25 137 136 128 48 39 9 2 1 0 0 0 0 0 0 0 0 0 0 0 0
"78" 78 0.325892857143 151 127 62 60 37 28 10 7 6 4 3 3 1 1 0 0 0 0 0 0
"79" 79 0.0 335 56 29 21 16 12 10 8 7 4 1 1 0 0 0 0 0 0 0 0
"80" 80 0.0 401 99 0 0 0 0 0 0 0 0 0 0 0 0 0 0 0 0 0 0
"81" 81 0.262773722628 230 102 48 34 33 19 14 14 4 1 1 0 0 0 0 0 0 0 0 0
"82" 82 0.0 488 6 2 2 1 1 0 0 0 0 0 0 0 0 0 0 0 0 0 0
"83" 83 0.368613138686 308 98 42 22 16 7 2 2 2 1 0 0 0 0 0 0 0 0 0 0
"84" 84 0.0480769230769 500 0 0 0 0 0 0 0 0 0 0 0 0 0 0 0 0 0 0 0
"85" 85 0.100628930818 272 128 45 29 14 8 4 0 0 0 0 0 0 0 0 0 0 0 0 0
"86" 86 0.044776119403 338 65 62 28 5 2 0 0 0 0 0 0 0 0 0 0 0 0 0 0
"87" 87 0.233576642336 413 22 15 15 15 11 5 3 1 0 0 0 0 0 0 0 0 0 0 0
"88" 88 0.0480769230769 500 0 0 0 0 0 0 0 0 0 0 0 0 0 0 0 0 0 0 0
"89" 89 0.0 495 5 0 0 0 0 0 0 0 0 0 0 0 0 0 0 0 0 0 0
"90" 90 0.223880597015 137 133 83 57 43 16 10 9 7 3 1 1 0 0 0 0 0 0 0 0
"91" 91 0.100775193798 202 108 70 43 29 20 9 6 6 4 1 1 1 0 0 0 0 0 0 0
"92" 92 0.0 497 3 0 0 0 0 0 0 0 0 0 0 0 0 0 0 0 0 0 0
"93" 93 0.214285714286 303 170 20 3 1 1 1 1 0 0 0 0 0 0 0 0 0 0 0 0
"94" 94 0.361313868613 151 86 80 73 54 23 12 11 5 2 2 1 0 0 0 0 0 0 0 0
"95" 95 0.0646766169154 471 11 6 4 4 1 1 1 1 0 0 0 0 0 0 0 0 0 0 0
"96" 96 0.0 500 0 0 0 0 0 0 0 0 0 0 0 0 0 0 0 0 0 0 0
"97" 97 0.00995024875622 468 10 8 7 6 1 0 0 0 0 0 0 0 0 0 0 0 0 0 0
"98" 98 0.430769230769 115 90 89 73 39 35 30 9 8 6 3 2 1 0 0 0 0 0 0 0
"99" 99 0.044776119403 415 50 14 6 4 3 2 2 2 1 1 0 0 0 0 0 0 0 0 0
"100" 100 0.00497512437811 367 96 18 12 3 2 1 1 0 0 0 0 0 0 0 0 0 0 0 0
"101" 101 0.107623318386 230 220 35 14 1 0 0 0 0 0 0 0 0 0 0 0 0 0 0 0
"102" 102 0.178832116788 302 62 58 31 21 10 6 3 2 2 1 1 1 0 0 0 0 0 0 0
"103" 103 0.00995024875622 414 75 6 2 1 1 1 0 0 0 0 0 0 0 0 0 0 0 0 0
"104" 104 0.0 498 2 0 0 0 0 0 0 0 0 0 0 0 0 0 0 0 0 0 0
"105" 105 0.0288461538462 500 0 0 0 0 0 0 0 0 0 0 0 0 0 0 0 0 0 0 0
"106" 106 0.0 402 95 2 1 0 0 0 0 0 0 0 0 0 0 0 0 0 0 0 0
"107" 107 0.0 500 0 0 0 0 0 0 0 0 0 0 0 0 0 0 0 0 0 0 0
"108" 108 0.168604651163 140 135 81 57 47 28 8 2 2 0 0 0 0 0 0 0 0 0 0 0
"109" 109 0.213930348259 340 61 51 19 13 5 4 3 3 1 0 0 0 0 0 0 0 0 0 0
"110" 110 0.0 369 114 17 0 0 0 0 0 0 0 0 0 0 0 0 0 0 0 0 0
"111" 111 0.167883211679 295 149 26 15 7 5 3 0 0 0 0 0 0 0 0 0 0 0 0 0
"112" 112 0.22480620155 156 132 95 51 22 18 14 7 3 1 1 0 0 0 0 0 0 0 0 0
"113" 113 0.0380228136882 418 65 6 3 3 3 2 0 0 0 0 0 0 0 0 0 0 0 0 0
"114" 114 0.252873563218 251 220 15 14 0 0 0 0 0 0 0 0 0 0 0 0 0 0 0 0
"115" 115 0.473214285714 172 135 58 57 33 22 17 3 1 1 1 0 0 0 0 0 0 0 0 0
"116" 116 0.178294573643 237 127 83 31 16 3 3 0 0 0 0 0 0 0 0 0 0 0 0 0
"117" 117 0.0298507462687 365 69 34 15 6 4 4 3 0 0 0 0 0 0 0 0 0 0 0 0
"118" 118 0.596899224806 152 151 82 42 33 26 7 3 2 1 1 0 0 0 0 0 0 0 0 0
"119" 119 0.846153846154 500 0 0 0 0 0 0 0 0 0 0 0 0 0 0 0 0 0 0 0
"120" 120 0.255813953488 337 61 46 34 11 9 2 0 0 0 0 0 0 0 0 0 0 0 0 0
"121" 121 0.616033755274 340 91 24 22 11 9 2 1 0 0 0 0 0 0 0 0 0 0 0 0
"122" 122 0.093023255814 324 90 73 11 2 0 0 0 0 0 0 0 0 0 0 0 0 0 0 0
"123" 123 0.260089686099 431 26 22 6 5 5 3 2 0 0 0 0 0 0 0 0 0 0 0 0
"124" 124 0.0203045685279 416 63 13 7 1 0 0 0 0 0 0 0 0 0 0 0 0 0 0 0
"125" 125 0.0646766169154 457 21 18 3 1 0 0 0 0 0 0 0 0 0 0 0 0 0 0 0
"126" 126 0.00518134715026 500 0 0 0 0 0 0 0 0 0 0 0 0 0 0 0 0 0 0 0
"127" 127 0.139534883721 493 7 0 0 0 0 0 0 0 0 0 0 0 0 0 0 0 0 0 0
"128" 128 0.332116788321 192 141 83 53 21 3 3 2 1 1 0 0 0 0 0 0 0 0 0 0
"129" 129 0.535864978903 227 162 34 30 20 9 7 4 2 2 1 1 1 0 0 0 0 0 0 0
"130" 130 0.122093023256 406 67 10 5 4 2 2 1 1 1 1 0 0 0 0 0 0 0 0 0
"131" 131 0.28488372093 145 92 78 47 44 26 24 19 8 7 3 3 2 1 1 0 0 0 0 0
"132" 132 0.761006289308 391 86 15 5 3 0 0 0 0 0 0 0 0 0 0 0 0 0 0 0
"133" 133 0.682692307692 500 0 0 0 0 0 0 0 0 0 0 0 0 0 0 0 0 0 0 0
"134" 134 0.1592039801 384 62 23 12 9 7 2 1 0 0 0 0 0 0 0 0 0 0 0 0
"135" 135 0.204379562044 170 129 100 38 36 14 6 4 2 1 0 0 0 0 0 0 0 0 0 0
"136" 136 0.410852713178 115 103 83 56 36 30 24 19 13 11 5 3 1 1 0 0 0 0 0 0
"137" 137 0.0497512437811 422 35 30 7 2 1 1 1 1 0 0 0 0 0 0 0 0 0 0 0
"138" 138 0.0 307 89 59 14 13 13 4 1 0 0 0 0 0 0 0 0 0 0 0 0
"139" 139 0.042194092827 112 86 84 71 70 38 22 6 5 3 2 1 0 0 0 0 0 0 0 0
"140" 140 0.163498098859 201 131 57 41 17 16 11 7 7 6 4 2 0 0 0 0 0 0 0 0
"141" 141 0.0 500 0 0 0 0 0 0 0 0 0 0 0 0 0 0 0 0 0 0 0
"142" 142 0.0 449 30 16 5 0 0 0 0 0 0 0 0 0 0 0 0 0 0 0 0
"143" 143 0.459854014599 236 100 73 60 12 11 4 3 1 0 0 0 0 0 0 0 0 0 0 0
"144" 144 0.132183908046 128 102 96 85 36 27 10 8 3 3 1 1 0 0 0 0 0 0 0 0
"145" 145 0.0 500 0 0 0 0 0 0 0 0 0 0 0 0 0 0 0 0 0 0 0
"146" 146 0.394230769231 500 0 0 0 0 0 0 0 0 0 0 0 0 0 0 0 0 0 0 0
"147" 147 0.0288461538462 484 16 0 0 0 0 0 0 0 0 0 0 0 0 0 0 0 0 0 0
"148" 148 0.496350364964 309 124 34 12 10 9 2 0 0 0 0 0 0 0 0 0 0 0 0 0
"149" 149 0.261538461538 480 11 4 2 2 1 0 0 0 0 0 0 0 0 0 0 0 0 0 0
"150" 150 0.200956937799 332 167 1 0 0 0 0 0 0 0 0 0 0 0 0 0 0 0 0 0
"151" 151 0.0985401459854 453 25 16 4 1 1 0 0 0 0 0 0 0 0 0 0 0 0 0 0
"152" 152 0.3536121673 116 92 69 58 58 29 18 18 15 15 6 4 2 0 0 0 0 0 0 0
"153" 153 0.0288461538462 416 44 22 18 0 0 0 0 0 0 0 0 0 0 0 0 0 0 0 0
"154" 154 0.572139303483 157 90 58 56 39 35 31 19 5 4 3 2 1 0 0 0 0 0 0 0
"155" 155 0.627615062762 234 113 75 32 12 10 8 8 6 2 0 0 0 0 0 0 0 0 0 0
"156" 156 0.316062176166 490 7 2 1 0 0 0 0 0 0 0 0 0 0 0 0 0 0 0 0
"157" 157 0.173076923077 259 47 30 27 24 24 22 16 13 11 10 9 8 0 0 0 0 0 0 0
"158" 158 0.177664974619 255 194 25 10 5 5 3 2 1 0 0 0 0 0 0 0 0 0 0 0
"159" 159 0.0796019900498 263 106 71 15 15 9 7 7 3 2 1 1 0 0 0 0 0 0 0 0
"160" 160 0.0995024875622 259 145 65 23 7 1 0 0 0 0 0 0 0 0 0 0 0 0 0 0
"161" 161 0.282700421941 366 85 23 19 6 1 0 0 0 0 0 0 0 0 0 0 0 0 0 0
"162" 162 0.308035714286 201 131 80 36 36 11 3 2 0 0 0 0 0 0 0 0 0 0 0 0
"163" 163 0.630769230769 282 103 49 21 20 20 3 2 0 0 0 0 0 0 0 0 0 0 0 0
"164" 164 0.435406698565 268 197 15 10 8 1 1 0 0 0 0 0 0 0 0 0 0 0 0 0
"165" 165 0.0747126436782 273 99 67 50 5 3 2 1 0 0 0 0 0 0 0 0 0 0 0 0
"166" 166 0.63503649635 186 128 127 31 20 3 2 1 1 1 0 0 0 0 0 0 0 0 0 0
"167" 167 0.627906976744 240 71 59 49 43 24 11 2 1 0 0 0 0 0 0 0 0 0 0 0
"168" 168 0.093023255814 471 22 5 2 0 0 0 0 0 0 0 0 0 0 0 0 0 0 0 0
"169" 169 0.673076923077 500 0 0 0 0 0 0 0 0 0 0 0 0 0 0 0 0 0 0 0
"170" 170 0.182692307692 500 0 0 0 0 0 0 0 0 0 0 0 0 0 0 0 0 0 0 0
"171" 171 0.00574712643678 369 117 13 1 0 0 0 0 0 0 0 0 0 0 0 0 0 0 0 0
"172" 172 0.0384615384615 236 104 78 77 3 2 0 0 0 0 0 0 0 0 0 0 0 0 0 0
"173" 173 0.34375 156 135 129 22 22 14 12 7 3 0 0 0 0 0 0 0 0 0 0 0
"174" 174 0.031007751938 384 116 0 0 0 0 0 0 0 0 0 0 0 0 0 0 0 0 0 0
"175" 175 0.0 314 168 8 7 2 1 0 0 0 0 0 0 0 0 0 0 0 0 0 0
"176" 176 0.481751824818 206 110 82 36 25 24 8 5 4 0 0 0 0 0 0 0 0 0 0 0
"177" 177 0.386861313869 201 105 58 43 31 22 18 8 8 6 0 0 0 0 0 0 0 0 0 0
"178" 178 0.124031007752 241 101 56 49 17 15 6 5 5 4 1 0 0 0 0 0 0 0 0 0
"179" 179 0.409282700422 204 169 70 44 6 4 2 1 0 0 0 0 0 0 0 0 0 0 0 0
"180" 180 0.627906976744 267 80 53 49 38 10 2 1 0 0 0 0 0 0 0 0 0 0 0 0
"181" 181 0.722627737226 373 90 18 8 7 2 2 0 0 0 0 0 0 0 0 0 0 0 0 0
"182" 182 0.22480620155 288 197 14 1 0 0 0 0 0 0 0 0 0 0 0 0 0 0 0 0
"183" 183 0.314465408805 451 23 9 6 5 4 2 0 0 0 0 0 0 0 0 0 0 0 0 0
"184" 184 0.885167464115 447 26 14 6 3 2 1 1 0 0 0 0 0 0 0 0 0 0 0 0
"185" 185 0.631178707224 401 26 23 23 15 5 4 3 0 0 0 0 0 0 0 0 0 0 0 0
"186" 186 0.199004975124 483 12 5 0 0 0 0 0 0 0 0 0 0 0 0 0 0 0 0 0
"187" 187 0.569620253165 240 160 40 25 18 7 5 3 1 1 0 0 0 0 0 0 0 0 0 0
"188" 188 0.0172413793103 444 39 9 5 3 0 0 0 0 0 0 0 0 0 0 0 0 0 0 0
"189" 189 0.0223214285714 272 139 79 7 2 1 0 0 0 0 0 0 0 0 0 0 0 0 0 0
"190" 190 0.0 283 116 87 9 5 0 0 0 0 0 0 0 0 0 0 0 0 0 0 0
"191" 191 0.0892857142857 316 154 12 12 2 2 1 1 0 0 0 0 0 0 0 0 0 0 0 0
"192" 192 0.0 490 10 0 0 0 0 0 0 0 0 0 0 0 0 0 0 0 0 0 0
"193" 193 0.434306569343 426 51 5 5 4 4 2 1 1 1 0 0 0 0 0 0 0 0 0 0
"194" 194 0.192052980132 499 1 0 0 0 0 0 0 0 0 0 0 0 0 0 0 0 0 0 0
"195" 195 0.164179104478 433 35 14 11 2 2 2 1 0 0 0 0 0 0 0 0 0 0 0 0
"196" 196 0.584821428571 303 183 10 2 1 1 0 0 0 0 0 0 0 0 0 0 0 0 0 0
"197" 197 0.138392857143 429 55 6 6 2 1 1 0 0 0 0 0 0 0 0 0 0 0 0 0
"198" 198 0.0 429 46 9 9 5 2 0 0 0 0 0 0 0 0 0 0 0 0 0 0
"199" 199 0.361607142857 259 121 47 37 20 9 6 1 0 0 0 0 0 0 0 0 0 0 0 0
"200" 200 0.375 461 22 14 2 1 0 0 0 0 0 0 0 0 0 0 0 0 0 0 0
"201" 201 0.0 492 8 0 0 0 0 0 0 0 0 0 0 0 0 0 0 0 0 0 0
"202" 202 0.139303482587 448 18 12 12 7 2 1 0 0 0 0 0 0 0 0 0 0 0 0 0
"203" 203 0.705357142857 161 160 81 79 10 4 3 1 1 0 0 0 0 0 0 0 0 0 0 0
"204" 204 0.124031007752 495 4 1 0 0 0 0 0 0 0 0 0 0 0 0 0 0 0 0 0
"205" 205 0.269230769231 500 0 0 0 0 0 0 0 0 0 0 0 0 0 0 0 0 0 0 0
"206" 206 0.0387596899225 486 14 0 0 0 0 0 0 0 0 0 0 0 0 0 0 0 0 0 0
"207" 207 0.269430051813 371 128 1 0 0 0 0 0 0 0 0 0 0 0 0 0 0 0 0 0
"208" 208 0.164179104478 377 71 38 7 4 2 1 0 0 0 0 0 0 0 0 0 0 0 0 0
"209" 209 0.0 487 8 5 0 0 0 0 0 0 0 0 0 0 0 0 0 0 0 0 0
"210" 210 0.0149253731343 260 144 28 21 12 10 8 7 3 3 2 1 1 0 0 0 0 0 0 0
"211" 211 0.00995024875622 439 22 15 15 3 2 1 1 1 1 0 0 0 0 0 0 0 0 0 0
"212" 212 0.145077720207 211 158 55 44 18 4 3 3 2 1 1 0 0 0 0 0 0 0 0 0
"213" 213 0.389743589744 264 156 73 4 2 1 0 0 0 0 0 0 0 0 0 0 0 0 0 0
"214" 214 0.092050209205 226 104 66 32 30 18 15 4 3 2 0 0 0 0 0 0 0 0 0 0
"215" 215 0.522012578616 424 39 26 9 1 1 0 0 0 0 0 0 0 0 0 0 0 0 0 0
"216" 216 0.273631840796 314 46 36 26 17 17 14 13 8 6 2 1 0 0 0 0 0 0 0 0
"217" 217 0.589285714286 283 76 67 61 5 3 3 1 1 0 0 0 0 0 0 0 0 0 0 0
"218" 218 0.170542635659 285 66 52 42 41 13 1 0 0 0 0 0 0 0 0 0 0 0 0 0
"219" 219 0.0497512437811 233 115 91 18 12 10 6 5 5 3 1 1 0 0 0 0 0 0 0 0
"220" 220 0.510948905109 274 159 37 10 10 6 3 1 0 0 0 0 0 0 0 0 0 0 0 0
"221" 221 0.227678571429 206 156 64 41 16 8 6 2 1 0 0 0 0 0 0 0 0 0 0 0
"222" 222 0.0 432 33 19 4 4 3 1 1 1 1 1 0 0 0 0 0 0 0 0 0
"223" 223 0.183908045977 455 34 4 4 1 1 1 0 0 0 0 0 0 0 0 0 0 0 0 0
"224" 224 0.598540145985 247 97 48 40 36 15 5 5 5 2 0 0 0 0 0 0 0 0 0 0
"225" 225 0.321167883212 177 140 82 25 21 18 13 12 9 2 1 0 0 0 0 0 0 0 0 0
"226" 226 0.00574712643678 357 90 14 10 7 5 4 4 4 3 1 1 0 0 0 0 0 0 0 0
"227" 227 0.557692307692 334 150 11 4 1 0 0 0 0 0 0 0 0 0 0 0 0 0 0 0
"228" 228 0.653846153846 487 12 1 0 0 0 0 0 0 0 0 0 0 0 0 0 0 0 0 0
"229" 229 0.580291970803 198 145 60 28 25 13 11 6 5 5 4 0 0 0 0 0 0 0 0 0
"230" 230 0.132183908046 384 109 6 1 0 0 0 0 0 0 0 0 0 0 0 0 0 0 0 0
"231" 231 0.295597484277 298 109 86 7 0 0 0 0 0 0 0 0 0 0 0 0 0 0 0 0
"232" 232 0.0199004975124 478 12 5 2 1 1 1 0 0 0 0 0 0 0 0 0 0 0 0 0
"233" 233 0.03125 178 122 84 78 25 8 3 2 0 0 0 0 0 0 0 0 0 0 0 0
"234" 234 0.0077519379845 255 165 20 18 15 13 7 6 1 0 0 0 0 0 0 0 0 0 0 0
"235" 235 0.152317880795 321 176 3 0 0 0 0 0 0 0 0 0 0 0 0 0 0 0 0 0
"236" 236 0.163461538462 500 0 0 0 0 0 0 0 0 0 0 0 0 0 0 0 0 0 0 0
"237" 237 0.605128205128 207 192 101 0 0 0 0 0 0 0 0 0 0 0 0 0 0 0 0 0
"238" 238 0.133027522936 228 175 38 36 15 8 0 0 0 0 0 0 0 0 0 0 0 0 0 0
"239" 239 0.348837209302 498 2 0 0 0 0 0 0 0 0 0 0 0 0 0 0 0 0 0 0
"240" 240 0.373134328358 181 132 121 31 14 8 5 5 2 1 0 0 0 0 0 0 0 0 0 0
"241" 241 0.71875 247 215 16 9 5 3 3 2 0 0 0 0 0 0 0 0 0 0 0 0
"242" 242 0.507299270073 402 84 6 4 3 1 0 0 0 0 0 0 0 0 0 0 0 0 0 0
"243" 243 0.0 382 116 1 1 0 0 0 0 0 0 0 0 0 0 0 0 0 0 0 0
"244" 244 0.413502109705 264 95 67 56 17 1 0 0 0 0 0 0 0 0 0 0 0 0 0 0
"245" 245 0.170542635659 237 166 28 28 16 14 8 3 0 0 0 0 0 0 0 0 0 0 0 0
"246" 246 0.0077519379845 403 91 2 2 1 1 0 0 0 0 0 0 0 0 0 0 0 0 0 0
"247" 247 0.0387596899225 440 51 9 0 0 0 0 0 0 0 0 0 0 0 0 0 0 0 0 0
"248" 248 0.589285714286 328 56 49 27 20 8 7 5 0 0 0 0 0 0 0 0 0 0 0 0
"249" 249 0.162790697674 401 69 19 6 3 1 1 0 0 0 0 0 0 0 0 0 0 0 0 0
"250" 250 0.221153846154 500 0 0 0 0 0 0 0 0 0 0 0 0 0 0 0 0 0 0 0
"251" 251 0.00574712643678 241 149 74 15 10 7 2 1 1 0 0 0 0 0 0 0 0 0 0 0
"252" 252 0.19170984456 499 1 0 0 0 0 0 0 0 0 0 0 0 0 0 0 0 0 0 0
"253" 253 0.285171102662 450 26 12 9 3 0 0 0 0 0 0 0 0 0 0 0 0 0 0 0
"254" 254 0.0 316 118 50 16 0 0 0 0 0 0 0 0 0 0 0 0 0 0 0 0
"255" 255 0.0198675496689 425 50 13 6 3 1 1 1 0 0 0 0 0 0 0 0 0 0 0 0
"256" 256 0.0 408 84 4 3 1 0 0 0 0 0 0 0 0 0 0 0 0 0 0 0
"257" 257 0.134615384615 307 83 53 20 20 10 5 2 0 0 0 0 0 0 0 0 0 0 0 0
"258" 258 0.147286821705 260 92 32 27 25 19 12 12 10 5 3 2 1 0 0 0 0 0 0 0
"259" 259 0.0 411 66 15 6 2 0 0 0 0 0 0 0 0 0 0 0 0 0 0 0
"260" 260 0.0290697674419 487 12 1 0 0 0 0 0 0 0 0 0 0 0 0 0 0 0 0 0
"261" 261 0.641148325359 240 179 26 24 16 11 2 1 1 0 0 0 0 0 0 0 0 0 0 0
"262" 262 0.523178807947 271 120 60 18 14 8 7 1 1 0 0 0 0 0 0 0 0 0 0 0
"263" 263 0.0697674418605 493 5 2 0 0 0 0 0 0 0 0 0 0 0 0 0 0 0 0 0
"264" 264 0.527426160338 165 163 102 25 14 10 8 6 3 3 1 0 0 0 0 0 0 0 0 0
"265" 265 0.387596899225 172 123 93 59 18 15 8 5 3 3 1 0 0 0 0 0 0 0 0 0
"266" 266 0.00497512437811 368 80 30 8 5 4 4 1 0 0 0 0 0 0 0 0 0 0 0 0
"267" 267 0.414507772021 337 117 41 4 1 0 0 0 0 0 0 0 0 0 0 0 0 0 0 0
"268" 268 0.0199004975124 122 121 108 89 18 17 9 7 5 3 1 0 0 0 0 0 0 0 0 0
"269" 269 0.17880794702 278 213 5 1 1 1 1 0 0 0 0 0 0 0 0 0 0 0 0 0
"270" 270 0.0746268656716 357 63 23 16 9 8 7 5 4 4 3 1 0 0 0 0 0 0 0 0
"271" 271 0.557213930348 169 159 77 71 12 4 3 2 2 1 0 0 0 0 0 0 0 0 0 0
"272" 272 0.258620689655 180 131 71 58 28 20 4 3 3 1 1 0 0 0 0 0 0 0 0 0
"273" 273 0.350574712644 164 89 77 58 39 29 22 15 5 1 1 0 0 0 0 0 0 0 0 0
"274" 274 0.824817518248 274 130 89 7 0 0 0 0 0 0 0 0 0 0 0 0 0 0 0 0
"275" 275 1.0 169 155 72 55 24 9 8 6 2 0 0 0 0 0 0 0 0 0 0 0
