"site" "RSA" "aa1" "aa2" "aa3" "aa4" "aa5" "aa6" "aa7" "aa8" "aa9" "aa10" "aa11" "aa12" "aa13" "aa14" "aa15" "aa16" "aa17" "aa18" "aa19" "aa20"
"0" 0 1.08609271523 268 135 47 25 10 6 5 1 1 1 1 0 0 0 0 0 0 0 0 0
"1" 1 0.669642857143 117 113 93 90 19 19 18 9 7 5 5 3 1 1 0 0 0 0 0 0
"2" 2 0.114427860697 372 32 30 23 11 7 5 4 3 2 2 2 2 2 2 1 0 0 0 0
"3" 3 0.517412935323 135 81 45 37 34 33 31 24 22 22 9 8 6 5 4 2 1 1 0 0
"4" 4 0.5625 144 99 98 70 37 16 12 9 4 3 2 2 2 1 1 0 0 0 0 0
"5" 5 0.575892857143 138 138 48 47 43 42 12 9 9 5 5 3 1 0 0 0 0 0 0 0
"6" 6 0.183856502242 137 80 59 57 56 21 17 16 15 9 7 6 6 5 5 4 0 0 0 0
"7" 7 0.257383966245 207 103 47 33 22 20 15 13 12 9 7 6 3 1 1 1 0 0 0 0
"8" 8 0.412556053812 177 55 52 48 38 27 26 24 14 11 9 8 8 3 0 0 0 0 0 0
"9" 9 0.294642857143 201 66 62 50 37 20 11 10 10 8 8 6 5 4 1 1 0 0 0 0
"10" 10 0.010152284264 165 135 39 37 29 24 23 11 9 9 6 5 2 2 1 1 1 1 0 0
"11" 11 0.475285171103 152 103 76 36 34 26 23 21 10 8 7 3 1 0 0 0 0 0 0 0
"12" 12 0.53125 112 98 70 45 34 33 32 26 18 14 7 4 4 2 1 0 0 0 0 0
"13" 13 0.062015503876 106 62 57 54 33 28 26 24 22 19 14 13 13 9 9 7 3 1 0 0
"14" 14 0.0376569037657 221 59 50 30 26 26 22 19 10 9 8 6 5 3 2 2 1 1 0 0
"15" 15 0.317880794702 113 104 65 52 38 27 23 19 18 17 11 4 3 2 2 1 1 0 0 0
"16" 16 0.651741293532 168 96 50 42 38 27 17 10 9 9 9 8 8 3 2 2 1 1 0 0
"17" 17 0.246861924686 166 165 55 38 16 14 13 9 7 4 4 3 2 2 1 1 0 0 0 0
"18" 18 0.150259067358 139 86 67 47 26 24 24 23 16 15 10 7 7 5 3 1 0 0 0 0
"19" 19 0.651282051282 152 105 58 52 31 28 21 15 12 10 5 5 4 2 0 0 0 0 0 0
"20" 20 0.728205128205 289 194 4 4 2 2 1 1 1 1 1 0 0 0 0 0 0 0 0 0
"21" 21 0.331606217617 145 83 76 45 44 35 19 13 13 9 5 4 3 2 1 1 1 1 0 0
"22" 22 0.278846153846 438 58 2 1 1 0 0 0 0 0 0 0 0 0 0 0 0 0 0 0
"23" 23 0.188284518828 156 83 64 50 36 29 20 13 13 9 7 5 5 4 3 1 1 1 0 0
"24" 24 0.044776119403 314 84 22 17 13 9 9 7 6 5 5 4 2 1 1 1 0 0 0 0
"25" 25 0.290155440415 261 77 62 39 14 12 9 7 6 4 4 2 2 1 0 0 0 0 0 0
"26" 26 0.0988593155894 164 105 67 59 26 16 15 10 8 7 6 5 4 3 3 2 0 0 0 0
"27" 27 0.607655502392 104 75 63 50 48 47 42 32 21 7 5 4 1 1 0 0 0 0 0 0
"28" 28 0.1875 130 97 57 56 49 19 16 14 13 10 9 9 9 6 4 2 0 0 0 0
"29" 29 0.194029850746 102 88 68 57 34 27 23 21 20 15 15 10 8 7 2 2 1 0 0 0
"30" 30 0.388185654008 275 44 37 34 32 25 15 11 7 7 4 2 2 2 1 1 1 0 0 0
"31" 31 0.35632183908 80 73 68 64 53 51 29 24 23 16 5 4 4 3 2 1 0 0 0 0
"32" 32 0.046511627907 236 87 49 32 23 22 11 11 10 6 6 4 2 1 0 0 0 0 0 0
"33" 33 0.540084388186 134 79 63 58 53 42 19 16 11 6 5 4 3 3 2 2 0 0 0 0
"34" 34 0.449612403101 100 64 53 51 50 39 27 22 21 18 12 11 8 8 5 5 3 3 0 0
"35" 35 0.10447761194 108 72 55 47 40 33 27 26 25 17 15 9 9 7 6 3 1 0 0 0
"36" 36 0.413461538462 494 5 1 0 0 0 0 0 0 0 0 0 0 0 0 0 0 0 0 0
"37" 37 0.259414225941 211 68 67 32 29 26 16 14 13 7 5 5 4 2 1 0 0 0 0 0
"38" 38 0.629464285714 91 78 70 61 33 29 28 25 24 15 15 10 8 6 4 2 1 0 0 0
"39" 39 0.218905472637 138 121 81 38 33 20 18 10 10 9 6 5 4 3 2 2 0 0 0 0
"40" 40 0.446540880503 334 52 26 23 22 19 11 7 3 2 1 0 0 0 0 0 0 0 0 0
"41" 41 0.586497890295 266 107 61 20 16 12 4 4 4 2 2 1 1 0 0 0 0 0 0 0
"42" 42 0.667883211679 255 56 55 47 19 18 11 10 10 6 5 4 3 1 0 0 0 0 0 0
"43" 43 0.410714285714 174 111 88 32 22 21 13 12 11 8 2 2 2 1 1 0 0 0 0 0
"44" 44 0.0507614213198 189 109 35 33 31 21 19 13 12 11 9 4 4 4 4 1 1 0 0 0
"45" 45 0.238805970149 187 107 79 40 28 21 18 7 4 4 3 2 0 0 0 0 0 0 0 0
"46" 46 0.507772020725 160 60 58 51 46 44 23 20 10 9 7 6 4 2 0 0 0 0 0 0
"47" 47 0.18407960199 142 78 54 48 39 35 28 18 11 9 8 8 8 4 3 3 3 1 0 0
"48" 48 0.0507614213198 111 110 44 43 36 35 25 22 17 17 15 10 7 4 4 0 0 0 0 0
"49" 49 0.507772020725 159 72 66 46 33 24 23 18 17 16 13 4 3 3 1 1 1 0 0 0
"50" 50 0.598214285714 251 64 40 40 31 17 17 9 8 7 4 4 3 3 1 1 0 0 0 0
"51" 51 0.269961977186 180 174 33 27 21 12 11 7 7 7 6 6 4 3 1 1 0 0 0 0
"52" 52 0.217616580311 105 96 85 36 35 25 23 19 18 12 9 9 8 7 5 3 3 2 0 0
"53" 53 0.741721854305 93 69 66 59 51 51 30 25 15 13 8 8 6 3 2 1 0 0 0 0
"54" 54 0.46875 116 82 73 49 37 36 34 24 14 14 7 4 3 3 2 1 1 0 0 0
"55" 55 0.875 351 56 29 17 9 9 8 7 6 5 1 1 1 0 0 0 0 0 0 0
"56" 56 0.412408759124 80 75 58 44 43 35 29 28 18 17 17 14 13 11 8 5 3 2 0 0
"57" 57 0.55023923445 97 74 53 44 43 42 39 33 27 16 16 7 5 1 1 1 1 0 0 0
"58" 58 0.248756218905 249 74 41 34 30 17 17 17 8 3 3 2 2 1 1 1 0 0 0 0
"59" 59 0.443037974684 131 110 45 41 36 33 23 18 17 16 7 6 5 5 3 2 1 1 0 0
"60" 60 0.209125475285 96 78 70 58 58 25 21 20 16 15 12 11 7 4 3 3 2 1 0 0
"61" 61 0.507772020725 196 57 57 41 38 35 24 18 12 9 4 3 3 2 1 0 0 0 0 0
"62" 62 0.165803108808 96 90 46 45 41 38 37 26 21 13 12 9 9 6 5 3 3 0 0 0
"63" 63 0.150627615063 157 71 56 51 45 36 27 14 11 8 7 4 4 4 3 2 0 0 0 0
"64" 64 0.247148288973 126 95 83 50 35 23 20 16 13 12 10 7 6 2 1 1 0 0 0 0
"65" 65 0.43654822335 120 98 53 52 50 36 21 19 16 14 8 4 3 3 1 1 1 0 0 0
"66" 66 0.137931034483 113 95 54 42 33 32 28 22 21 15 14 11 9 5 2 2 2 0 0 0
"67" 67 0.105769230769 424 17 13 9 8 8 5 4 4 3 2 1 1 1 0 0 0 0 0 0
"68" 68 0.433035714286 114 94 86 50 37 23 23 21 17 10 9 5 5 3 2 1 0 0 0 0
"69" 69 0.295358649789 133 89 67 63 33 27 13 11 11 11 9 9 7 5 5 5 1 1 0 0
"70" 70 0.0152284263959 175 71 50 49 46 18 14 13 12 11 10 9 8 8 4 1 1 0 0 0
"71" 71 0.402985074627 278 67 48 47 14 13 7 4 4 4 3 3 3 2 2 1 0 0 0 0
"72" 72 0.746835443038 126 104 79 67 29 27 24 9 8 7 5 5 4 4 2 0 0 0 0 0
"73" 73 0.299270072993 107 62 50 46 43 42 40 22 16 15 13 11 10 7 7 6 2 1 0 0
"74" 74 0.40414507772 252 134 34 31 18 12 11 3 2 2 1 0 0 0 0 0 0 0 0 0
"75" 75 0.622641509434 158 74 73 52 35 35 20 19 10 7 6 6 2 2 1 0 0 0 0 0
"76" 76 0.303482587065 141 78 69 36 30 30 24 21 19 19 19 11 2 1 0 0 0 0 0 0
"77" 77 0.362694300518 144 105 68 44 35 27 19 13 10 10 9 7 5 2 1 1 0 0 0 0
"78" 78 0.629464285714 160 70 56 34 33 28 22 19 16 15 13 12 10 4 3 2 2 1 0 0
"79" 79 0.192893401015 128 104 70 64 47 21 19 12 7 6 6 6 5 3 1 1 0 0 0 0
"80" 80 0.341772151899 173 117 55 37 23 19 18 14 12 10 6 5 3 3 2 1 1 1 0 0
"81" 81 0.514598540146 113 80 73 64 37 26 26 21 15 14 12 10 5 2 1 1 0 0 0 0
"82" 82 0.232558139535 146 80 66 62 42 17 17 11 10 10 9 8 6 6 4 4 2 0 0 0
"83" 83 0.0125523012552 351 60 27 17 15 5 5 4 3 3 2 2 2 2 1 1 0 0 0 0
"84" 84 0.502242152466 135 69 69 52 43 34 29 23 13 12 11 6 4 0 0 0 0 0 0 0
"85" 85 0.626865671642 128 83 61 58 51 42 26 14 9 6 6 5 4 4 1 1 1 0 0 0
"86" 86 0.230125523013 108 77 70 65 35 34 28 22 19 14 10 8 4 2 1 1 1 1 0 0
"87" 87 0.0310880829016 449 10 5 5 4 4 4 4 3 3 3 2 2 1 1 0 0 0 0 0
"88" 88 0.357512953368 131 92 56 43 34 34 30 20 19 11 9 8 5 5 2 1 0 0 0 0
"89" 89 0.336787564767 167 68 50 46 26 26 23 20 19 19 16 11 7 2 0 0 0 0 0 0
"90" 90 0.722488038278 343 103 41 4 3 3 1 1 1 0 0 0 0 0 0 0 0 0 0 0
"91" 91 0.436046511628 174 92 54 44 31 25 25 16 12 11 6 4 4 2 0 0 0 0 0 0
"92" 92 0.384615384615 489 11 0 0 0 0 0 0 0 0 0 0 0 0 0 0 0 0 0 0
"93" 93 0.308016877637 103 94 64 50 47 28 23 15 15 14 12 10 9 6 4 4 1 1 0 0
"94" 94 0.0253807106599 297 76 34 21 20 11 9 6 6 6 4 3 3 2 2 0 0 0 0 0
"95" 95 0.0596026490066 178 137 40 24 22 21 20 17 9 9 8 6 4 3 2 0 0 0 0 0
"96" 96 0.167512690355 138 58 48 46 32 30 28 28 20 19 14 13 6 5 5 4 4 2 0 0
"97" 97 0.548523206751 126 122 105 33 32 21 15 15 10 10 4 3 2 1 1 0 0 0 0 0
"98" 98 0.0153846153846 204 71 67 51 21 15 14 12 11 11 7 4 4 3 2 1 1 1 0 0
"99" 99 0.203980099502 179 79 46 46 35 19 17 14 13 13 12 11 6 5 4 1 0 0 0 0
"100" 100 0.313868613139 175 78 76 37 29 26 24 19 11 5 4 4 4 3 3 1 1 0 0 0
"101" 101 0.251824817518 112 99 57 50 35 30 29 28 17 11 10 8 6 4 2 2 0 0 0 0
"102" 102 0.0862068965517 82 75 66 39 35 33 32 30 19 16 16 15 10 10 10 8 4 0 0 0
"103" 103 0.093023255814 149 66 41 38 34 29 23 20 19 15 13 12 10 10 9 5 5 2 0 0
"104" 104 0.666666666667 114 89 66 48 32 28 27 23 20 17 8 8 8 4 3 3 2 0 0 0
"105" 105 0.625 136 66 62 56 54 33 22 17 14 10 8 7 4 4 3 3 1 0 0 0
"106" 106 0.641791044776 111 101 80 57 43 20 19 18 12 9 9 8 4 3 3 3 0 0 0 0
"107" 107 0.557692307692 450 48 1 1 0 0 0 0 0 0 0 0 0 0 0 0 0 0 0 0
"108" 108 0.535714285714 192 51 48 31 29 28 23 21 20 15 12 11 7 6 3 1 1 1 0 0
"109" 109 0.790697674419 280 67 45 34 31 10 9 7 7 4 3 2 1 0 0 0 0 0 0 0
"110" 110 0.378109452736 165 64 48 40 36 33 28 19 15 13 9 8 6 5 4 3 3 1 0 0
"111" 111 0.401162790698 167 51 43 41 34 33 28 25 19 18 16 12 4 3 3 2 1 0 0 0
"112" 112 0.341968911917 119 73 62 61 40 38 23 17 15 14 14 12 11 1 0 0 0 0 0 0
"113" 113 0.616071428571 137 126 66 34 33 32 27 15 12 6 5 5 2 0 0 0 0 0 0 0
"114" 114 0.473214285714 138 83 67 41 37 34 28 20 19 9 8 5 3 3 2 2 1 0 0 0
"115" 115 0.0398009950249 243 51 36 32 26 21 13 13 11 11 10 9 6 5 4 4 3 2 0 0
"116" 116 0.361313868613 153 77 48 42 37 21 20 19 17 15 13 13 9 8 5 3 0 0 0 0
"117" 117 0.550387596899 152 84 46 28 28 24 22 22 21 18 17 14 13 7 4 0 0 0 0 0
"118" 118 0.0862944162437 81 69 69 44 36 36 34 24 24 22 17 16 15 10 1 1 1 0 0 0
"119" 119 0.566964285714 163 72 46 38 34 34 29 21 20 14 9 8 7 3 2 0 0 0 0 0
"120" 120 0.611607142857 127 101 64 36 33 27 17 16 16 16 16 9 8 7 5 1 1 0 0 0
"121" 121 0.430962343096 272 57 39 30 15 12 12 10 10 10 8 8 8 5 3 1 0 0 0 0
"122" 122 0.119170984456 382 22 17 14 14 11 11 9 6 5 3 2 2 1 1 0 0 0 0 0
"123" 123 0.691542288557 103 88 64 48 46 37 23 22 19 17 13 8 7 3 2 0 0 0 0 0
"124" 124 0.512953367876 105 78 67 65 60 31 27 25 15 7 7 4 4 2 1 1 1 0 0 0
"125" 125 0.528846153846 476 23 1 0 0 0 0 0 0 0 0 0 0 0 0 0 0 0 0 0
"126" 126 0.341968911917 87 87 87 45 45 35 32 30 19 14 7 4 3 2 2 1 0 0 0 0
"127" 127 0.182692307692 437 47 5 5 2 1 1 1 1 0 0 0 0 0 0 0 0 0 0 0
"128" 128 0.267857142857 102 75 58 49 43 40 31 18 12 12 11 10 9 9 7 6 5 3 0 0
"129" 129 0.0355329949239 255 120 19 19 17 13 13 11 11 7 4 3 3 3 1 1 0 0 0 0
"130" 130 0.174358974359 219 55 50 36 27 19 19 17 16 13 8 6 6 5 4 0 0 0 0 0
"131" 131 0.263392857143 150 94 61 52 39 36 21 12 10 6 5 4 3 3 2 1 1 0 0 0
"132" 132 0.625641025641 216 77 67 31 26 24 15 13 12 10 5 3 1 0 0 0 0 0 0 0
"133" 133 0.0401785714286 176 98 70 57 19 14 13 10 8 8 7 6 5 4 3 2 0 0 0 0
"134" 134 0.0753138075314 249 44 42 36 35 29 23 9 7 6 5 4 3 3 2 1 1 1 0 0
"135" 135 0.116751269036 162 87 77 44 24 23 23 11 10 9 7 7 7 4 4 1 0 0 0 0
"136" 136 0.46511627907 161 81 42 41 39 30 22 14 14 14 9 8 7 6 6 4 2 0 0 0
"137" 137 0.355329949239 98 88 75 56 41 38 30 23 8 7 7 7 6 5 5 5 1 0 0 0
"138" 138 0.335443037975 93 80 73 67 61 26 22 21 17 16 13 5 2 1 1 1 1 0 0 0
"139" 139 0.383720930233 185 181 62 17 10 8 7 5 5 5 4 3 2 2 2 1 1 0 0 0
"140" 140 0.891191709845 218 189 59 11 6 4 3 3 3 2 1 1 0 0 0 0 0 0 0 0
"141" 141 1.04635761589 189 149 59 48 42 5 3 2 1 1 1 0 0 0 0 0 0 0 0 0
