"site" "RSA" "aa1" "aa2" "aa3" "aa4" "aa5" "aa6" "aa7" "aa8" "aa9" "aa10" "aa11" "aa12" "aa13" "aa14" "aa15" "aa16" "aa17" "aa18" "aa19" "aa20"
"0" 0 1.09271523179 179 158 75 71 7 5 2 1 1 1 0 0 0 0 0 0 0 0 0 0
"1" 1 0.846715328467 140 108 69 43 40 35 20 18 10 7 6 1 1 1 1 0 0 0 0 0
"2" 2 0.886075949367 147 146 65 61 47 26 3 2 2 1 0 0 0 0 0 0 0 0 0 0
"3" 3 0.270042194093 80 58 55 52 50 45 33 28 25 20 16 14 10 9 3 1 1 0 0 0
"4" 4 0.574358974359 332 55 42 25 20 6 4 3 3 3 2 2 1 1 1 0 0 0 0 0
"5" 5 0.177664974619 99 78 65 59 45 43 25 25 18 14 11 8 3 3 2 1 1 0 0 0
"6" 6 0.00995024875622 404 26 19 19 16 5 5 3 2 1 0 0 0 0 0 0 0 0 0 0
"7" 7 0.113924050633 121 106 84 81 60 19 7 6 4 4 3 3 2 0 0 0 0 0 0 0
"8" 8 0.0 243 207 31 11 2 2 2 1 1 0 0 0 0 0 0 0 0 0 0 0
"9" 9 0.0 177 120 78 29 27 26 23 13 4 2 1 0 0 0 0 0 0 0 0 0
"10" 10 0.00507614213198 190 96 88 87 12 10 8 6 2 1 0 0 0 0 0 0 0 0 0 0
"11" 11 0.0 336 93 14 14 12 9 8 7 3 3 1 0 0 0 0 0 0 0 0 0
"12" 12 0.0 500 0 0 0 0 0 0 0 0 0 0 0 0 0 0 0 0 0 0 0
"13" 13 0.145077720207 222 116 45 26 25 20 19 9 6 6 2 2 1 1 0 0 0 0 0 0
"14" 14 0.370860927152 90 67 63 57 57 36 33 24 20 14 11 10 5 4 3 3 1 1 1 0
"15" 15 0.471153846154 500 0 0 0 0 0 0 0 0 0 0 0 0 0 0 0 0 0 0 0
"16" 16 0.00574712643678 157 155 142 22 16 4 3 1 0 0 0 0 0 0 0 0 0 0 0 0
"17" 17 0.134615384615 498 2 0 0 0 0 0 0 0 0 0 0 0 0 0 0 0 0 0 0
"18" 18 0.0506329113924 175 119 55 52 28 19 16 15 9 8 2 1 1 0 0 0 0 0 0 0
"19" 19 0.127906976744 117 78 56 49 38 32 24 23 22 21 12 12 6 4 3 2 1 0 0 0
"20" 20 0.12582781457 124 95 73 50 45 21 21 17 14 14 12 9 3 1 1 0 0 0 0 0
"21" 21 0.0 308 36 36 28 21 13 13 12 11 8 7 6 1 0 0 0 0 0 0 0
"22" 22 0.045871559633 252 126 33 26 24 15 12 4 4 3 1 0 0 0 0 0 0 0 0 0
"23" 23 0.200956937799 117 83 59 43 39 39 23 20 17 15 14 14 8 6 3 0 0 0 0 0
"24" 24 0.171532846715 203 156 59 51 16 7 3 2 1 1 1 0 0 0 0 0 0 0 0 0
"25" 25 0.06463878327 151 148 73 53 17 15 13 11 6 6 3 3 1 0 0 0 0 0 0 0
"26" 26 0.109195402299 405 52 21 12 5 2 2 1 0 0 0 0 0 0 0 0 0 0 0 0
"27" 27 0.353846153846 226 192 27 24 10 10 6 4 1 0 0 0 0 0 0 0 0 0 0 0
"28" 28 0.575129533679 202 86 61 47 37 26 15 11 6 5 4 0 0 0 0 0 0 0 0 0
"29" 29 0.565400843882 127 87 77 67 40 27 26 20 11 8 3 2 2 2 1 0 0 0 0 0
"30" 30 0.266159695817 224 130 122 7 5 5 2 2 1 1 1 0 0 0 0 0 0 0 0 0
"31" 31 0.344370860927 149 68 65 55 50 23 19 17 15 11 7 7 6 5 1 1 1 0 0 0
"32" 32 0.52466367713 137 110 86 40 34 33 21 12 11 10 4 1 1 0 0 0 0 0 0 0
"33" 33 0.766816143498 186 92 81 69 40 8 7 5 4 4 2 2 0 0 0 0 0 0 0 0
"34" 34 0.269961977186 217 101 90 41 16 14 12 4 1 1 1 1 1 0 0 0 0 0 0 0
"35" 35 0.763713080169 196 95 81 62 31 12 7 6 4 4 2 0 0 0 0 0 0 0 0 0
"36" 36 0.395348837209 78 78 65 62 57 39 27 24 18 12 11 9 6 5 3 3 1 1 1 0
"37" 37 0.174418604651 163 93 84 40 30 28 13 12 11 6 5 5 4 3 1 1 1 0 0 0
"38" 38 0.527918781726 128 120 66 57 50 22 21 14 13 3 2 2 1 1 0 0 0 0 0 0
"39" 39 0.0769230769231 500 0 0 0 0 0 0 0 0 0 0 0 0 0 0 0 0 0 0 0
"40" 40 0.124031007752 162 121 47 31 27 24 23 21 13 11 10 3 2 2 1 1 1 0 0 0
"41" 41 0.569948186528 328 57 31 22 11 11 9 9 5 5 3 3 2 2 1 1 0 0 0 0
"42" 42 0.297071129707 248 211 23 7 6 4 1 0 0 0 0 0 0 0 0 0 0 0 0 0
"43" 43 0.258706467662 170 138 73 55 26 13 6 5 4 4 2 2 1 1 0 0 0 0 0 0
"44" 44 0.418604651163 266 118 41 19 19 9 7 7 3 3 3 2 2 1 0 0 0 0 0 0
"45" 45 0.240506329114 201 134 96 42 11 5 5 2 1 1 1 1 0 0 0 0 0 0 0 0
"46" 46 0.616071428571 105 88 45 42 40 39 28 22 22 14 13 13 7 7 6 4 3 2 0 0
"47" 47 0.132183908046 216 72 58 39 30 30 12 10 8 8 7 3 3 3 1 0 0 0 0 0
"48" 48 0.523255813953 148 100 99 50 46 22 9 9 7 3 3 3 1 0 0 0 0 0 0 0
"49" 49 0.051724137931 154 118 99 30 23 18 10 9 8 8 8 4 4 3 3 1 0 0 0 0
"50" 50 0.683937823834 279 106 36 22 18 10 9 9 6 4 1 0 0 0 0 0 0 0 0 0
"51" 51 0.567307692308 499 1 0 0 0 0 0 0 0 0 0 0 0 0 0 0 0 0 0 0
"52" 52 0.79274611399 124 121 102 51 42 12 10 10 8 8 4 4 3 1 0 0 0 0 0 0
"53" 53 0.518987341772 107 75 57 56 49 42 23 20 18 17 13 12 5 3 2 1 0 0 0 0
"54" 54 0.706896551724 79 68 60 58 49 47 37 28 22 11 10 7 7 6 5 3 2 1 0 0
"55" 55 0.100775193798 137 107 101 54 34 11 11 10 7 7 5 4 4 3 2 2 1 0 0 0
"56" 56 0.168604651163 153 100 97 48 29 18 17 15 7 5 4 2 2 2 1 0 0 0 0 0
"57" 57 0.0 97 79 68 62 58 51 43 17 13 8 3 1 0 0 0 0 0 0 0 0
"58" 58 0.152466367713 225 121 52 40 17 14 7 6 5 4 4 3 1 1 0 0 0 0 0 0
"59" 59 0.0 196 103 92 70 21 8 3 2 1 1 1 1 1 0 0 0 0 0 0 0
"60" 60 0.124113475177 302 73 57 30 30 3 2 1 1 1 0 0 0 0 0 0 0 0 0 0
"61" 61 0.0466321243523 252 82 75 30 27 20 7 3 3 1 0 0 0 0 0 0 0 0 0 0
"62" 62 0.0348837209302 287 78 77 13 11 9 5 4 4 3 3 3 2 1 0 0 0 0 0 0
"63" 63 0.0387596899225 408 85 4 2 1 0 0 0 0 0 0 0 0 0 0 0 0 0 0 0
"64" 64 0.144230769231 499 1 0 0 0 0 0 0 0 0 0 0 0 0 0 0 0 0 0 0
"65" 65 0.291479820628 134 90 66 46 43 27 26 21 14 13 7 5 3 2 2 1 0 0 0 0
"66" 66 0.732142857143 229 108 52 32 26 15 14 10 7 4 3 0 0 0 0 0 0 0 0 0
"67" 67 0.715328467153 113 109 90 57 56 30 21 14 5 5 0 0 0 0 0 0 0 0 0 0
"68" 68 0.142259414226 177 110 76 40 36 13 11 10 10 6 3 3 3 2 0 0 0 0 0 0
"69" 69 0.269058295964 161 114 87 52 28 17 11 9 9 5 4 2 1 0 0 0 0 0 0 0
"70" 70 0.58940397351 183 114 58 30 25 23 21 15 12 10 3 2 2 1 1 0 0 0 0 0
"71" 71 0.532338308458 141 87 80 40 31 24 23 21 20 12 8 4 4 2 2 1 0 0 0 0
"72" 72 0.432692307692 500 0 0 0 0 0 0 0 0 0 0 0 0 0 0 0 0 0 0 0
"73" 73 0.195402298851 129 74 50 40 40 37 29 27 17 14 14 10 8 5 3 3 0 0 0 0
"74" 74 0.410852713178 137 113 60 42 32 26 22 20 18 9 9 5 5 2 0 0 0 0 0 0
"75" 75 0.138075313808 111 81 58 47 44 39 31 26 23 18 11 9 2 0 0 0 0 0 0 0
"76" 76 0.0266159695817 130 106 77 62 36 22 16 16 13 8 8 2 2 1 1 0 0 0 0 0
"77" 77 0.485401459854 288 31 31 30 26 18 16 15 10 9 7 7 6 5 1 0 0 0 0 0
"78" 78 0.548076923077 496 4 0 0 0 0 0 0 0 0 0 0 0 0 0 0 0 0 0 0
"79" 79 0.062015503876 267 205 12 9 4 1 1 1 0 0 0 0 0 0 0 0 0 0 0 0
"80" 80 0.0880829015544 308 139 32 9 8 1 1 1 1 0 0 0 0 0 0 0 0 0 0 0
"81" 81 0.0 229 156 90 12 6 4 2 1 0 0 0 0 0 0 0 0 0 0 0 0
"82" 82 0.0 175 146 111 27 26 11 2 1 1 0 0 0 0 0 0 0 0 0 0 0
"83" 83 0.0 329 80 32 23 15 7 5 4 3 1 1 0 0 0 0 0 0 0 0 0
"84" 84 0.0 329 85 76 4 2 2 2 0 0 0 0 0 0 0 0 0 0 0 0 0
"85" 85 0.0 351 83 46 12 4 2 1 1 0 0 0 0 0 0 0 0 0 0 0 0
"86" 86 0.00380228136882 253 132 60 30 13 4 3 2 1 1 1 0 0 0 0 0 0 0 0 0
"87" 87 0.0466321243523 349 86 45 19 1 0 0 0 0 0 0 0 0 0 0 0 0 0 0 0
"88" 88 0.0172413793103 446 16 9 8 6 5 2 2 2 2 1 1 0 0 0 0 0 0 0 0
"89" 89 0.232558139535 296 168 17 8 6 2 1 1 1 0 0 0 0 0 0 0 0 0 0 0
"90" 90 0.369230769231 447 30 11 3 2 2 1 1 1 1 1 0 0 0 0 0 0 0 0 0
"91" 91 0.286821705426 145 84 75 61 42 30 23 14 10 7 4 2 2 1 0 0 0 0 0 0
"92" 92 0.364238410596 383 42 26 24 9 7 4 3 1 1 0 0 0 0 0 0 0 0 0 0
"93" 93 0.0132450331126 464 18 6 5 4 1 1 1 0 0 0 0 0 0 0 0 0 0 0 0
"94" 94 0.146443514644 282 70 48 32 26 18 8 5 4 3 1 1 1 1 0 0 0 0 0 0
"95" 95 0.589285714286 115 112 77 54 30 21 20 18 18 18 10 6 1 0 0 0 0 0 0 0
"96" 96 0.261538461538 131 130 104 58 28 14 11 7 6 3 3 2 2 1 0 0 0 0 0 0
"97" 97 0.0 264 61 51 32 26 23 15 13 9 2 2 1 1 0 0 0 0 0 0 0
"98" 98 0.396624472574 117 67 63 61 47 29 25 22 15 14 13 11 10 3 2 1 0 0 0 0
"99" 99 0.483443708609 102 101 67 58 46 45 29 22 18 7 3 2 0 0 0 0 0 0 0 0
"100" 100 0.0815602836879 349 60 36 27 18 8 1 1 0 0 0 0 0 0 0 0 0 0 0 0
"101" 101 0.226277372263 186 130 60 34 27 15 11 9 8 6 4 3 2 2 2 1 0 0 0 0
"102" 102 0.248704663212 215 93 49 45 33 28 16 5 4 4 4 2 1 1 0 0 0 0 0 0
"103" 103 0.28125 120 94 92 81 46 16 15 10 7 6 6 5 1 1 0 0 0 0 0 0
"104" 104 0.0 296 114 59 15 10 3 2 1 0 0 0 0 0 0 0 0 0 0 0 0
"105" 105 0.169154228856 173 146 47 25 21 20 20 11 10 9 7 4 3 2 1 1 0 0 0 0
"106" 106 0.580459770115 262 60 31 30 29 26 20 17 8 6 5 3 2 1 0 0 0 0 0 0
"107" 107 0.382775119617 222 69 46 43 29 24 19 14 12 9 9 2 1 1 0 0 0 0 0 0
"108" 108 0.015503875969 219 194 47 30 8 1 1 0 0 0 0 0 0 0 0 0 0 0 0 0
"109" 109 0.610256410256 407 56 17 6 4 4 3 2 1 0 0 0 0 0 0 0 0 0 0 0
"110" 110 0.155172413793 125 84 64 59 45 38 17 14 13 10 10 5 5 4 3 2 2 0 0 0
"111" 111 0.85641025641 152 141 108 47 21 13 9 4 3 1 1 0 0 0 0 0 0 0 0 0
"112" 112 0.304635761589 280 102 37 30 25 9 5 5 4 2 1 0 0 0 0 0 0 0 0 0
"113" 113 0.320754716981 98 81 69 61 40 29 24 22 19 16 14 8 6 6 4 2 1 0 0 0
"114" 114 0.727678571429 265 102 54 30 29 10 5 3 1 1 0 0 0 0 0 0 0 0 0 0
"115" 115 0.575581395349 99 92 86 69 59 42 20 16 7 4 2 2 1 1 0 0 0 0 0 0
"116" 116 0.0418410041841 288 147 62 1 1 1 0 0 0 0 0 0 0 0 0 0 0 0 0 0
"117" 117 0.119496855346 168 144 90 29 22 19 7 6 5 2 2 2 2 1 1 0 0 0 0 0
"118" 118 0.0585774058577 357 128 14 1 0 0 0 0 0 0 0 0 0 0 0 0 0 0 0 0
"119" 119 0.0 195 109 109 27 19 14 11 11 2 2 1 0 0 0 0 0 0 0 0 0
"120" 120 0.010152284264 271 124 39 37 10 6 5 3 2 2 1 0 0 0 0 0 0 0 0 0
"121" 121 0.00497512437811 224 181 22 19 14 11 10 10 5 2 1 1 0 0 0 0 0 0 0 0
"122" 122 0.0 263 101 33 29 16 16 9 7 7 7 5 4 2 1 0 0 0 0 0 0
"123" 123 0.0307692307692 233 120 85 43 19 0 0 0 0 0 0 0 0 0 0 0 0 0 0 0
"124" 124 0.278481012658 225 133 74 40 16 10 2 0 0 0 0 0 0 0 0 0 0 0 0 0
"125" 125 0.208121827411 463 9 7 5 3 3 2 2 2 2 2 0 0 0 0 0 0 0 0 0
"126" 126 0.300518134715 214 167 59 16 12 9 8 6 4 3 1 1 0 0 0 0 0 0 0 0
"127" 127 0.062015503876 222 154 40 28 19 17 6 5 2 2 2 2 1 0 0 0 0 0 0 0
"128" 128 0.535714285714 194 59 56 48 39 30 25 20 12 8 6 2 1 0 0 0 0 0 0 0
"129" 129 0.625 249 93 52 35 29 25 8 5 3 1 0 0 0 0 0 0 0 0 0 0
"130" 130 0.682119205298 136 101 96 71 46 22 9 7 5 3 2 1 1 0 0 0 0 0 0 0
"131" 131 0.396624472574 253 119 31 28 25 10 10 6 6 5 3 2 2 0 0 0 0 0 0 0
"132" 132 0.194092827004 226 118 84 25 24 7 6 4 1 1 1 1 1 1 0 0 0 0 0 0
"133" 133 0.53807106599 104 87 74 52 43 41 38 23 10 8 8 4 4 3 1 0 0 0 0 0
"134" 134 0.109195402299 374 42 27 22 15 7 4 2 2 2 1 1 1 0 0 0 0 0 0 0
"135" 135 0.370860927152 154 82 67 55 53 20 17 12 11 7 7 7 5 1 1 1 0 0 0 0
"136" 136 0.504464285714 100 74 64 56 50 33 33 28 17 11 9 9 7 5 1 1 1 1 0 0
"137" 137 0.248945147679 214 91 59 54 46 12 10 6 3 2 1 1 1 0 0 0 0 0 0 0
"138" 138 0.344370860927 143 113 59 59 37 31 25 10 5 5 4 4 2 2 1 0 0 0 0 0
"139" 139 0.0077519379845 276 56 43 42 31 18 11 8 7 2 2 2 1 1 0 0 0 0 0 0
"140" 140 0.412556053812 173 123 78 51 23 13 11 9 5 4 4 3 1 1 1 0 0 0 0 0
"141" 141 0.625 173 114 78 64 17 12 11 9 8 8 3 1 1 1 0 0 0 0 0 0
"142" 142 0.169154228856 203 42 41 40 40 39 36 17 15 10 6 4 4 2 1 0 0 0 0 0
"143" 143 0.031007751938 421 27 24 11 9 4 3 1 0 0 0 0 0 0 0 0 0 0 0 0
"144" 144 0.561181434599 95 91 77 74 50 26 19 17 16 15 7 5 3 3 2 0 0 0 0 0
"145" 145 0.569536423841 104 95 68 64 49 42 29 22 11 8 3 2 1 1 1 0 0 0 0 0
"146" 146 0.0945273631841 171 73 49 46 23 22 20 16 15 14 12 11 11 6 5 3 3 0 0 0
"147" 147 0.509615384615 500 0 0 0 0 0 0 0 0 0 0 0 0 0 0 0 0 0 0 0
"148" 148 0.616580310881 319 129 18 8 7 7 5 5 2 0 0 0 0 0 0 0 0 0 0 0
"149" 149 0.0862944162437 102 81 72 62 56 46 25 19 13 9 6 5 3 1 0 0 0 0 0 0
"150" 150 0.270440251572 136 48 41 38 37 37 33 27 23 20 18 15 11 8 5 2 1 0 0 0
"151" 151 0.129353233831 223 82 77 57 26 12 8 6 3 3 1 1 1 0 0 0 0 0 0 0
"152" 152 0.154811715481 225 94 43 30 25 24 20 12 9 6 5 4 2 1 0 0 0 0 0 0
"153" 153 0.169154228856 108 83 67 47 44 35 34 23 16 10 10 7 5 4 3 2 1 1 0 0
"154" 154 0.0 314 89 35 33 29 0 0 0 0 0 0 0 0 0 0 0 0 0 0 0
"155" 155 0.0 477 18 2 1 1 1 0 0 0 0 0 0 0 0 0 0 0 0 0 0
"156" 156 0.015503875969 226 204 48 10 3 3 2 2 1 1 0 0 0 0 0 0 0 0 0 0
"157" 157 0.362869198312 295 68 51 41 16 11 9 2 2 1 1 1 1 1 0 0 0 0 0 0
"158" 158 0.451282051282 111 106 77 41 36 33 26 24 19 18 6 2 1 0 0 0 0 0 0 0
"159" 159 0.418604651163 181 143 85 42 34 5 5 3 1 1 0 0 0 0 0 0 0 0 0 0
"160" 160 0.350253807107 356 29 28 23 18 12 11 8 7 4 3 1 0 0 0 0 0 0 0 0
"161" 161 0.297435897436 395 41 33 29 2 0 0 0 0 0 0 0 0 0 0 0 0 0 0 0
"162" 162 0.0114942528736 410 69 9 3 3 2 2 1 1 0 0 0 0 0 0 0 0 0 0 0
"163" 163 0.523316062176 134 70 53 47 45 41 39 17 10 10 9 6 5 5 4 3 2 0 0 0
"164" 164 0.325581395349 123 103 91 53 45 31 25 14 4 3 3 3 1 1 0 0 0 0 0 0
"165" 165 0.0 418 34 30 7 6 2 2 1 0 0 0 0 0 0 0 0 0 0 0 0
"166" 166 0.00418410041841 307 63 42 21 21 20 8 7 5 4 1 1 0 0 0 0 0 0 0 0
"167" 167 0.482142857143 108 87 81 49 42 42 23 19 16 11 9 4 3 3 2 1 0 0 0 0
"168" 168 0.191964285714 96 85 54 51 40 39 24 21 18 15 12 11 11 10 9 2 2 0 0 0
"169" 169 0.0 306 62 50 35 16 10 8 4 4 2 1 1 1 0 0 0 0 0 0 0
"170" 170 0.0387596899225 197 59 53 28 27 25 20 18 14 12 10 9 8 7 7 5 1 0 0 0
"171" 171 0.339416058394 241 124 35 25 16 14 10 7 6 5 5 5 3 2 1 1 0 0 0 0
"172" 172 0.0596026490066 85 74 72 52 49 44 33 23 13 11 10 10 8 8 6 2 0 0 0 0
"173" 173 0.0 438 32 30 0 0 0 0 0 0 0 0 0 0 0 0 0 0 0 0 0
"174" 174 0.129353233831 108 73 73 71 41 39 33 15 14 11 6 6 5 4 1 0 0 0 0 0
"175" 175 0.659192825112 148 91 82 54 52 35 11 9 5 3 3 2 2 2 1 0 0 0 0 0
"176" 176 0.282511210762 207 64 46 38 35 29 22 20 11 7 6 5 4 3 2 1 0 0 0 0
"177" 177 0.148717948718 252 128 31 16 15 11 10 10 9 7 6 3 1 1 0 0 0 0 0 0
"178" 178 0.591928251121 108 87 59 50 42 30 28 24 14 13 11 9 7 7 6 4 1 0 0 0
"179" 179 0.914728682171 147 72 65 64 49 34 29 18 7 5 5 3 2 0 0 0 0 0 0 0
