"site" "RSA" "aa1" "aa2" "aa3" "aa4" "aa5" "aa6" "aa7" "aa8" "aa9" "aa10" "aa11" "aa12" "aa13" "aa14" "aa15" "aa16" "aa17" "aa18" "aa19" "aa20"
"0" 0 0.324503311258 7 3 1 1 0 0 0 0 0 0 0 0 0 0 0 0 0 0 0 0
"1" 1 0.548076923077 11 1 1 1 1 0 0 0 0 0 0 0 0 0 0 0 0 0 0 0
"2" 2 0.569230769231 8 7 3 2 1 1 0 0 0 0 0 0 0 0 0 0 0 0 0 0
"3" 3 0.0 34 2 1 1 1 0 0 0 0 0 0 0 0 0 0 0 0 0 0 0
"4" 4 0.583941605839 9 9 9 5 4 4 1 1 1 1 1 1 1 0 0 0 0 0 0 0
"5" 5 0.451776649746 28 26 5 1 0 0 0 0 0 0 0 0 0 0 0 0 0 0 0 0
"6" 6 0.480769230769 20 17 10 7 3 2 1 0 0 0 0 0 0 0 0 0 0 0 0 0
"7" 7 0.459915611814 31 11 8 3 3 2 1 1 1 1 1 0 0 0 0 0 0 0 0 0
"8" 8 0.616352201258 41 5 5 4 4 2 1 1 1 0 0 0 0 0 0 0 0 0 0 0
"9" 9 0.062015503876 65 0 0 0 0 0 0 0 0 0 0 0 0 0 0 0 0 0 0 0
"10" 10 0.106918238994 66 0 0 0 0 0 0 0 0 0 0 0 0 0 0 0 0 0 0 0
"11" 11 0.476683937824 26 7 6 5 4 3 3 3 3 2 2 1 0 0 0 0 0 0 0 0
"12" 12 0.0502092050209 61 4 0 0 0 0 0 0 0 0 0 0 0 0 0 0 0 0 0 0
"13" 13 0.514767932489 21 17 12 7 4 1 1 1 1 0 0 0 0 0 0 0 0 0 0 0
"14" 14 0.0542635658915 25 23 6 3 3 2 2 1 0 0 0 0 0 0 0 0 0 0 0 0
"15" 15 0.220930232558 33 7 5 4 4 4 2 2 2 1 1 0 0 0 0 0 0 0 0 0
"16" 16 0.0 62 2 1 0 0 0 0 0 0 0 0 0 0 0 0 0 0 0 0 0
"17" 17 0.0172413793103 56 5 2 1 1 0 0 0 0 0 0 0 0 0 0 0 0 0 0 0
"18" 18 0.155172413793 30 10 8 5 4 2 2 1 1 1 1 0 0 0 0 0 0 0 0 0
"19" 19 0.704663212435 27 21 4 4 3 3 1 1 1 1 0 0 0 0 0 0 0 0 0 0
"20" 20 0.423076923077 54 6 4 2 0 0 0 0 0 0 0 0 0 0 0 0 0 0 0 0
"21" 21 0.426356589147 22 9 9 6 6 5 3 3 2 1 0 0 0 0 0 0 0 0 0 0
"22" 22 0.359832635983 54 7 2 2 1 0 0 0 0 0 0 0 0 0 0 0 0 0 0 0
"23" 23 0.535864978903 35 6 5 4 4 3 3 2 2 1 1 0 0 0 0 0 0 0 0 0
"24" 24 0.388392857143 23 22 6 6 3 2 2 1 1 0 0 0 0 0 0 0 0 0 0 0
"25" 25 0.0172413793103 40 14 5 4 2 1 0 0 0 0 0 0 0 0 0 0 0 0 0 0
"26" 26 0.329113924051 36 24 2 1 1 1 1 1 0 0 0 0 0 0 0 0 0 0 0 0
"27" 27 0.0845771144279 63 2 1 1 0 0 0 0 0 0 0 0 0 0 0 0 0 0 0 0
"28" 28 0.397350993377 42 5 5 5 4 2 2 1 1 0 0 0 0 0 0 0 0 0 0 0
"29" 29 0.471502590674 53 6 5 2 1 1 0 0 0 0 0 0 0 0 0 0 0 0 0 0
"30" 30 0.133079847909 51 13 2 1 1 0 0 0 0 0 0 0 0 0 0 0 0 0 0 0
"31" 31 0.603375527426 34 17 5 5 4 1 1 1 0 0 0 0 0 0 0 0 0 0 0 0
"32" 32 0.625 68 0 0 0 0 0 0 0 0 0 0 0 0 0 0 0 0 0 0 0
"33" 33 0.413502109705 62 5 1 0 0 0 0 0 0 0 0 0 0 0 0 0 0 0 0 0
"34" 34 0.041825095057 54 12 2 0 0 0 0 0 0 0 0 0 0 0 0 0 0 0 0 0
"35" 35 0.0114942528736 35 26 4 1 1 1 0 0 0 0 0 0 0 0 0 0 0 0 0 0
"36" 36 0.0 57 5 4 1 1 0 0 0 0 0 0 0 0 0 0 0 0 0 0 0
"37" 37 0.0 52 11 3 1 1 0 0 0 0 0 0 0 0 0 0 0 0 0 0 0
"38" 38 0.0 56 4 4 3 1 0 0 0 0 0 0 0 0 0 0 0 0 0 0 0
"39" 39 0.0 66 1 1 0 0 0 0 0 0 0 0 0 0 0 0 0 0 0 0 0
"40" 40 0.0304182509506 65 2 1 0 0 0 0 0 0 0 0 0 0 0 0 0 0 0 0 0
"41" 41 0.0503144654088 68 0 0 0 0 0 0 0 0 0 0 0 0 0 0 0 0 0 0 0
"42" 42 0.303482587065 56 9 2 1 0 0 0 0 0 0 0 0 0 0 0 0 0 0 0 0
"43" 43 0.0518134715026 66 2 1 0 0 0 0 0 0 0 0 0 0 0 0 0 0 0 0 0
"44" 44 0.430962343096 67 1 1 0 0 0 0 0 0 0 0 0 0 0 0 0 0 0 0 0
"45" 45 0.232558139535 67 2 0 0 0 0 0 0 0 0 0 0 0 0 0 0 0 0 0 0
"46" 46 0.715481171548 65 3 0 0 0 0 0 0 0 0 0 0 0 0 0 0 0 0 0 0
"47" 47 0.212643678161 68 1 0 0 0 0 0 0 0 0 0 0 0 0 0 0 0 0 0 0
"48" 48 0.100628930818 68 1 0 0 0 0 0 0 0 0 0 0 0 0 0 0 0 0 0 0
"49" 49 0.511627906977 64 5 0 0 0 0 0 0 0 0 0 0 0 0 0 0 0 0 0 0
"50" 50 0.0401785714286 69 0 0 0 0 0 0 0 0 0 0 0 0 0 0 0 0 0 0 0
"51" 51 0.010152284264 62 5 2 0 0 0 0 0 0 0 0 0 0 0 0 0 0 0 0 0
"52" 52 0.157360406091 40 12 9 4 1 1 1 1 0 0 0 0 0 0 0 0 0 0 0 0
"53" 53 0.294573643411 62 4 2 1 0 0 0 0 0 0 0 0 0 0 0 0 0 0 0 0
"54" 54 0.00418410041841 64 5 0 0 0 0 0 0 0 0 0 0 0 0 0 0 0 0 0 0
"55" 55 0.0 53 13 1 1 1 0 0 0 0 0 0 0 0 0 0 0 0 0 0 0
"56" 56 0.512820512821 51 6 5 5 2 0 0 0 0 0 0 0 0 0 0 0 0 0 0 0
"57" 57 0.277372262774 47 9 4 3 3 2 1 0 0 0 0 0 0 0 0 0 0 0 0 0
"58" 58 0.015503875969 22 15 15 10 3 2 1 1 0 0 0 0 0 0 0 0 0 0 0 0
"59" 59 0.495535714286 22 20 9 5 4 2 2 2 2 1 0 0 0 0 0 0 0 0 0 0
"60" 60 0.264248704663 50 7 5 4 3 0 0 0 0 0 0 0 0 0 0 0 0 0 0 0
"61" 61 0.0 69 0 0 0 0 0 0 0 0 0 0 0 0 0 0 0 0 0 0 0
"62" 62 0.255474452555 22 21 8 5 4 4 2 2 1 0 0 0 0 0 0 0 0 0 0 0
"63" 63 0.658227848101 29 13 9 5 5 3 2 1 1 1 0 0 0 0 0 0 0 0 0 0
"64" 64 0.268656716418 25 22 8 5 3 2 1 1 1 1 0 0 0 0 0 0 0 0 0 0
"65" 65 0.259615384615 42 23 3 1 0 0 0 0 0 0 0 0 0 0 0 0 0 0 0 0
"66" 66 0.0 30 20 10 8 1 0 0 0 0 0 0 0 0 0 0 0 0 0 0 0
"67" 67 0.133928571429 46 9 4 3 2 2 1 1 1 0 0 0 0 0 0 0 0 0 0 0
"68" 68 0.0114942528736 60 5 4 0 0 0 0 0 0 0 0 0 0 0 0 0 0 0 0 0
"69" 69 0.0 25 20 19 2 2 1 0 0 0 0 0 0 0 0 0 0 0 0 0 0
"70" 70 0.0 32 28 3 2 2 1 1 0 0 0 0 0 0 0 0 0 0 0 0 0
"71" 71 0.0 26 25 13 2 1 1 1 0 0 0 0 0 0 0 0 0 0 0 0 0
"72" 72 0.0 69 0 0 0 0 0 0 0 0 0 0 0 0 0 0 0 0 0 0 0
"73" 73 0.0229885057471 31 21 9 6 1 0 0 0 0 0 0 0 0 0 0 0 0 0 0 0
"74" 74 0.155440414508 69 0 0 0 0 0 0 0 0 0 0 0 0 0 0 0 0 0 0 0
"75" 75 0.205298013245 69 0 0 0 0 0 0 0 0 0 0 0 0 0 0 0 0 0 0 0
"76" 76 0.165919282511 26 13 12 9 7 1 1 0 0 0 0 0 0 0 0 0 0 0 0 0
"77" 77 0.560669456067 54 15 0 0 0 0 0 0 0 0 0 0 0 0 0 0 0 0 0 0
"78" 78 0.279069767442 34 24 7 3 1 0 0 0 0 0 0 0 0 0 0 0 0 0 0 0
"79" 79 0.0 67 2 0 0 0 0 0 0 0 0 0 0 0 0 0 0 0 0 0 0
"80" 80 0.203980099502 62 2 2 1 1 1 0 0 0 0 0 0 0 0 0 0 0 0 0 0
"81" 81 0.372093023256 63 3 1 1 1 0 0 0 0 0 0 0 0 0 0 0 0 0 0 0
"82" 82 0.00354609929078 63 3 2 1 0 0 0 0 0 0 0 0 0 0 0 0 0 0 0 0
"83" 83 0.0862944162437 22 17 9 4 3 3 2 2 2 2 1 1 1 0 0 0 0 0 0 0
"84" 84 0.610256410256 49 7 5 4 2 1 1 0 0 0 0 0 0 0 0 0 0 0 0 0
"85" 85 0.203488372093 47 7 6 2 2 1 1 1 1 1 0 0 0 0 0 0 0 0 0 0
"86" 86 0.421383647799 50 8 4 2 2 2 1 0 0 0 0 0 0 0 0 0 0 0 0 0
"87" 87 0.248175182482 59 5 5 0 0 0 0 0 0 0 0 0 0 0 0 0 0 0 0 0
"88" 88 0.675105485232 47 7 5 3 2 2 2 1 0 0 0 0 0 0 0 0 0 0 0 0
"89" 89 0.660714285714 16 14 11 9 7 3 3 2 1 1 1 1 0 0 0 0 0 0 0 0
"90" 90 0.346153846154 69 0 0 0 0 0 0 0 0 0 0 0 0 0 0 0 0 0 0 0
"91" 91 0.00961538461538 69 0 0 0 0 0 0 0 0 0 0 0 0 0 0 0 0 0 0 0
"92" 92 0.0 51 11 7 0 0 0 0 0 0 0 0 0 0 0 0 0 0 0 0 0
"93" 93 0.0384615384615 66 2 1 0 0 0 0 0 0 0 0 0 0 0 0 0 0 0 0 0
"94" 94 0.647798742138 12 10 8 8 8 7 5 4 3 2 1 1 0 0 0 0 0 0 0 0
"95" 95 0.0796019900498 26 24 15 2 1 1 0 0 0 0 0 0 0 0 0 0 0 0 0 0
"96" 96 0.446153846154 23 20 6 4 4 4 3 2 1 1 1 0 0 0 0 0 0 0 0 0
"97" 97 0.0304568527919 42 19 4 4 0 0 0 0 0 0 0 0 0 0 0 0 0 0 0 0
"98" 98 0.062893081761 65 2 1 1 0 0 0 0 0 0 0 0 0 0 0 0 0 0 0 0
"99" 99 0.0 54 6 6 3 0 0 0 0 0 0 0 0 0 0 0 0 0 0 0 0
"100" 100 0.0 44 18 6 1 0 0 0 0 0 0 0 0 0 0 0 0 0 0 0 0
"101" 101 0.077519379845 42 26 1 0 0 0 0 0 0 0 0 0 0 0 0 0 0 0 0 0
"102" 102 0.0103626943005 69 0 0 0 0 0 0 0 0 0 0 0 0 0 0 0 0 0 0 0
"103" 103 0.436781609195 22 12 11 8 5 3 3 2 1 1 1 0 0 0 0 0 0 0 0 0
"104" 104 0.656976744186 26 19 9 8 4 1 1 1 0 0 0 0 0 0 0 0 0 0 0 0
"105" 105 0.288321167883 32 16 8 7 1 1 1 1 1 1 0 0 0 0 0 0 0 0 0 0
"106" 106 0.598540145985 16 14 11 10 8 4 3 1 1 1 0 0 0 0 0 0 0 0 0 0
"107" 107 0.0348258706468 55 6 5 2 1 0 0 0 0 0 0 0 0 0 0 0 0 0 0 0
"108" 108 0.0 40 22 4 3 0 0 0 0 0 0 0 0 0 0 0 0 0 0 0 0
"109" 109 0.508928571429 29 20 6 4 3 2 2 2 1 0 0 0 0 0 0 0 0 0 0 0
"110" 110 0.124352331606 42 15 6 3 1 1 1 0 0 0 0 0 0 0 0 0 0 0 0 0
"111" 111 0.0 67 1 1 0 0 0 0 0 0 0 0 0 0 0 0 0 0 0 0 0
"112" 112 0.355769230769 59 7 2 1 0 0 0 0 0 0 0 0 0 0 0 0 0 0 0 0
"113" 113 0.0172413793103 63 4 1 1 0 0 0 0 0 0 0 0 0 0 0 0 0 0 0 0
"114" 114 0.164179104478 57 7 3 1 1 0 0 0 0 0 0 0 0 0 0 0 0 0 0 0
"115" 115 0.151898734177 21 11 7 7 5 4 3 3 2 1 1 1 1 1 0 0 0 0 0 0
"116" 116 0.71511627907 44 7 6 4 2 2 2 1 0 0 0 0 0 0 0 0 0 0 0 0
"117" 117 0.694300518135 30 19 6 4 3 2 2 2 0 0 0 0 0 0 0 0 0 0 0 0
"118" 118 0.482142857143 22 14 7 6 4 4 4 2 2 2 1 1 0 0 0 0 0 0 0 0
"119" 119 0.173076923077 63 1 0 0 0 0 0 0 0 0 0 0 0 0 0 0 0 0 0 0
"120" 120 0.0507614213198 27 22 8 5 2 1 1 1 1 1 0 0 0 0 0 0 0 0 0 0
"121" 121 0.0 43 12 7 7 0 0 0 0 0 0 0 0 0 0 0 0 0 0 0 0
"122" 122 0.254752851711 43 13 11 1 1 0 0 0 0 0 0 0 0 0 0 0 0 0 0 0
"123" 123 0.0474452554745 68 1 0 0 0 0 0 0 0 0 0 0 0 0 0 0 0 0 0 0
"124" 124 0.0 67 2 0 0 0 0 0 0 0 0 0 0 0 0 0 0 0 0 0 0
"125" 125 0.0199004975124 60 5 2 1 1 0 0 0 0 0 0 0 0 0 0 0 0 0 0 0
"126" 126 0.0 66 2 1 0 0 0 0 0 0 0 0 0 0 0 0 0 0 0 0 0
"127" 127 0.0 50 15 3 1 0 0 0 0 0 0 0 0 0 0 0 0 0 0 0 0
"128" 128 0.00507614213198 68 1 0 0 0 0 0 0 0 0 0 0 0 0 0 0 0 0 0 0
"129" 129 0.0673575129534 66 2 1 0 0 0 0 0 0 0 0 0 0 0 0 0 0 0 0 0
"130" 130 0.173076923077 29 16 8 5 3 3 3 1 1 0 0 0 0 0 0 0 0 0 0 0
"131" 131 0.721518987342 41 9 8 3 2 2 1 1 1 1 0 0 0 0 0 0 0 0 0 0
"132" 132 0.0961538461538 63 6 0 0 0 0 0 0 0 0 0 0 0 0 0 0 0 0 0 0
"133" 133 0.183908045977 28 22 10 4 2 2 1 0 0 0 0 0 0 0 0 0 0 0 0 0
"134" 134 0.0 46 12 11 0 0 0 0 0 0 0 0 0 0 0 0 0 0 0 0 0
"135" 135 0.204379562044 63 4 1 1 0 0 0 0 0 0 0 0 0 0 0 0 0 0 0 0
"136" 136 0.156950672646 45 19 1 1 1 1 1 0 0 0 0 0 0 0 0 0 0 0 0 0
"137" 137 0.258883248731 45 6 5 3 3 2 2 1 1 1 0 0 0 0 0 0 0 0 0 0
"138" 138 0.220930232558 53 8 4 2 1 1 0 0 0 0 0 0 0 0 0 0 0 0 0 0
"139" 139 0.385057471264 35 23 9 2 0 0 0 0 0 0 0 0 0 0 0 0 0 0 0 0
"140" 140 0.205128205128 68 1 0 0 0 0 0 0 0 0 0 0 0 0 0 0 0 0 0 0
"141" 141 0.507772020725 63 4 1 1 0 0 0 0 0 0 0 0 0 0 0 0 0 0 0 0
"142" 142 0.174129353234 57 4 3 2 1 1 1 0 0 0 0 0 0 0 0 0 0 0 0 0
"143" 143 0.591194968553 64 2 1 1 1 0 0 0 0 0 0 0 0 0 0 0 0 0 0 0
"144" 144 0.534482758621 56 9 3 1 0 0 0 0 0 0 0 0 0 0 0 0 0 0 0 0
"145" 145 0.278846153846 69 0 0 0 0 0 0 0 0 0 0 0 0 0 0 0 0 0 0 0
"146" 146 0.116788321168 69 0 0 0 0 0 0 0 0 0 0 0 0 0 0 0 0 0 0 0
"147" 147 0.384105960265 52 14 2 1 0 0 0 0 0 0 0 0 0 0 0 0 0 0 0 0
"148" 148 0.0747126436782 65 3 1 0 0 0 0 0 0 0 0 0 0 0 0 0 0 0 0 0
"149" 149 0.507772020725 57 9 2 1 0 0 0 0 0 0 0 0 0 0 0 0 0 0 0 0
"150" 150 0.357142857143 69 0 0 0 0 0 0 0 0 0 0 0 0 0 0 0 0 0 0 0
"151" 151 0.031007751938 38 13 10 2 2 2 1 1 0 0 0 0 0 0 0 0 0 0 0 0
"152" 152 0.0995024875622 61 8 0 0 0 0 0 0 0 0 0 0 0 0 0 0 0 0 0 0
"153" 153 0.160583941606 69 0 0 0 0 0 0 0 0 0 0 0 0 0 0 0 0 0 0 0
"154" 154 0.0995024875622 53 8 7 1 0 0 0 0 0 0 0 0 0 0 0 0 0 0 0 0
"155" 155 0.0 45 16 8 0 0 0 0 0 0 0 0 0 0 0 0 0 0 0 0 0
"156" 156 0.210762331839 35 15 10 6 2 1 0 0 0 0 0 0 0 0 0 0 0 0 0 0
"157" 157 0.077519379845 69 0 0 0 0 0 0 0 0 0 0 0 0 0 0 0 0 0 0 0
"158" 158 0.192468619247 54 8 3 2 2 0 0 0 0 0 0 0 0 0 0 0 0 0 0 0
"159" 159 0.116591928251 65 1 1 1 1 0 0 0 0 0 0 0 0 0 0 0 0 0 0 0
"160" 160 0.285171102662 46 18 3 1 0 0 0 0 0 0 0 0 0 0 0 0 0 0 0 0
"161" 161 0.18023255814 37 21 3 3 2 2 0 0 0 0 0 0 0 0 0 0 0 0 0 0
"162" 162 0.388601036269 41 21 3 2 1 0 0 0 0 0 0 0 0 0 0 0 0 0 0 0
"163" 163 0.625 36 18 6 3 2 1 1 1 0 0 0 0 0 0 0 0 0 0 0 0
"164" 164 0.468899521531 56 5 3 3 1 0 0 0 0 0 0 0 0 0 0 0 0 0 0 0
"165" 165 0.490384615385 64 3 1 0 0 0 0 0 0 0 0 0 0 0 0 0 0 0 0 0
"166" 166 0.191964285714 64 2 1 1 0 0 0 0 0 0 0 0 0 0 0 0 0 0 0 0
"167" 167 0.373563218391 68 0 0 0 0 0 0 0 0 0 0 0 0 0 0 0 0 0 0 0
"168" 168 0.23417721519 66 1 1 0 0 0 0 0 0 0 0 0 0 0 0 0 0 0 0 0
"169" 169 0.163522012579 67 1 0 0 0 0 0 0 0 0 0 0 0 0 0 0 0 0 0 0
"170" 170 0.821705426357 62 3 2 1 0 0 0 0 0 0 0 0 0 0 0 0 0 0 0 0
"171" 171 0.5 33 27 4 2 1 1 0 0 0 0 0 0 0 0 0 0 0 0 0 0
"172" 172 0.0248226950355 68 0 0 0 0 0 0 0 0 0 0 0 0 0 0 0 0 0 0 0
"173" 173 0.548523206751 34 12 11 3 3 2 2 1 0 0 0 0 0 0 0 0 0 0 0 0
"174" 174 0.465408805031 48 9 7 1 1 1 1 0 0 0 0 0 0 0 0 0 0 0 0 0
"175" 175 0.817307692308 60 3 3 2 0 0 0 0 0 0 0 0 0 0 0 0 0 0 0 0
"176" 176 0.344370860927 26 16 8 6 5 4 2 1 0 0 0 0 0 0 0 0 0 0 0 0
"177" 177 0.300518134715 23 15 9 6 6 4 1 1 1 1 0 0 0 0 0 0 0 0 0 0
"178" 178 0.127906976744 57 4 4 3 0 0 0 0 0 0 0 0 0 0 0 0 0 0 0 0
"179" 179 0.137055837563 43 23 1 1 0 0 0 0 0 0 0 0 0 0 0 0 0 0 0 0
"180" 180 0.308016877637 46 8 8 2 1 0 0 0 0 0 0 0 0 0 0 0 0 0 0 0
"181" 181 0.522012578616 47 13 2 1 1 0 0 0 0 0 0 0 0 0 0 0 0 0 0 0
"182" 182 0.384615384615 34 9 7 6 5 3 3 0 0 0 0 0 0 0 0 0 0 0 0 0
"183" 183 0.626436781609 34 17 5 4 1 1 1 1 1 1 0 0 0 0 0 0 0 0 0 0
"184" 184 0.668393782383 21 13 6 6 5 4 4 3 1 1 1 0 0 0 0 0 0 0 0 0
"185" 185 0.373056994819 17 15 10 8 5 3 3 3 1 0 0 0 0 0 0 0 0 0 0 0
"186" 186 0.0927152317881 40 10 5 5 3 2 1 0 0 0 0 0 0 0 0 0 0 0 0 0
"187" 187 0.510548523207 35 10 8 6 2 2 1 1 1 0 0 0 0 0 0 0 0 0 0 0
"188" 188 0.5 40 8 6 3 3 2 2 1 1 0 0 0 0 0 0 0 0 0 0 0
"189" 189 0.182509505703 60 6 0 0 0 0 0 0 0 0 0 0 0 0 0 0 0 0 0 0
"190" 190 0.401673640167 58 5 2 1 0 0 0 0 0 0 0 0 0 0 0 0 0 0 0 0
"191" 191 0.569536423841 23 10 8 5 3 3 2 2 2 0 0 0 0 0 0 0 0 0 0 0
"192" 192 0.607594936709 39 4 3 2 1 1 1 0 0 0 0 0 0 0 0 0 0 0 0 0
"193" 193 0.377990430622 15 13 9 5 2 1 1 0 0 0 0 0 0 0 0 0 0 0 0 0
"194" 194 0.907692307692 17 2 2 2 1 0 0 0 0 0 0 0 0 0 0 0 0 0 0 0
