"site" "RSA" "aa1" "aa2" "aa3" "aa4" "aa5" "aa6" "aa7" "aa8" "aa9" "aa10" "aa11" "aa12" "aa13" "aa14" "aa15" "aa16" "aa17" "aa18" "aa19" "aa20"
"0" 0 1.09271523179 249 86 80 51 11 8 6 4 3 1 1 0 0 0 0 0 0 0 0 0
"1" 1 0.846715328467 144 61 57 42 39 36 36 26 20 14 13 5 3 3 1 0 0 0 0 0
"2" 2 0.886075949367 176 103 61 57 55 26 5 5 5 4 2 1 0 0 0 0 0 0 0 0
"3" 3 0.270042194093 68 67 65 50 44 42 38 30 19 19 15 10 9 9 8 5 1 1 0 0
"4" 4 0.574358974359 297 38 34 31 28 15 12 10 10 7 6 4 2 2 2 1 1 0 0 0
"5" 5 0.177664974619 87 76 68 53 43 36 32 23 20 20 11 8 7 6 4 3 2 1 0 0
"6" 6 0.00995024875622 292 65 44 32 19 10 9 8 7 5 4 2 1 1 1 0 0 0 0 0
"7" 7 0.113924050633 122 104 96 47 35 34 19 12 9 9 5 5 2 1 0 0 0 0 0 0
"8" 8 0.0 194 175 78 21 9 9 5 5 2 1 1 0 0 0 0 0 0 0 0 0
"9" 9 0.0 117 103 92 50 35 28 22 17 16 10 5 4 1 0 0 0 0 0 0 0
"10" 10 0.00507614213198 152 138 72 71 23 13 13 4 4 3 2 2 1 1 1 0 0 0 0 0
"11" 11 0.0 242 122 30 22 19 17 8 8 6 6 5 4 4 3 2 1 1 0 0 0
"12" 12 0.0 500 0 0 0 0 0 0 0 0 0 0 0 0 0 0 0 0 0 0 0
"13" 13 0.145077720207 147 141 49 40 28 22 19 10 10 9 7 5 5 4 3 1 0 0 0 0
"14" 14 0.370860927152 63 49 49 47 42 41 39 39 36 24 16 15 12 12 9 3 2 1 1 0
"15" 15 0.471153846154 499 1 0 0 0 0 0 0 0 0 0 0 0 0 0 0 0 0 0 0
"16" 16 0.00574712643678 160 133 97 60 17 14 10 4 2 2 1 0 0 0 0 0 0 0 0 0
"17" 17 0.134615384615 496 2 1 1 0 0 0 0 0 0 0 0 0 0 0 0 0 0 0 0
"18" 18 0.0506329113924 161 88 78 41 27 26 25 22 12 11 4 4 1 0 0 0 0 0 0 0
"19" 19 0.127906976744 66 62 62 59 50 34 32 28 20 19 18 12 12 7 7 7 5 0 0 0
"20" 20 0.12582781457 97 82 81 74 54 23 22 14 12 10 9 9 3 3 3 2 2 0 0 0
"21" 21 0.0 217 64 61 34 23 21 20 17 14 13 7 5 2 1 1 0 0 0 0 0
"22" 22 0.045871559633 153 144 45 35 27 21 15 14 14 12 10 8 1 1 0 0 0 0 0 0
"23" 23 0.200956937799 95 69 52 48 47 37 34 28 18 15 14 12 12 8 7 4 0 0 0 0
"24" 24 0.171532846715 160 123 76 39 32 18 11 9 5 5 5 5 3 3 3 2 1 0 0 0
"25" 25 0.06463878327 151 102 95 58 21 15 13 11 11 8 4 3 3 2 2 1 0 0 0 0
"26" 26 0.109195402299 291 83 46 26 18 16 5 4 3 2 2 1 1 1 1 0 0 0 0 0
"27" 27 0.353846153846 193 143 56 48 19 14 9 8 5 3 2 0 0 0 0 0 0 0 0 0
"28" 28 0.575129533679 162 119 80 38 34 27 13 11 8 4 3 1 0 0 0 0 0 0 0 0
"29" 29 0.565400843882 91 79 73 71 49 38 29 15 14 11 11 6 6 5 2 0 0 0 0 0
"30" 30 0.266159695817 159 136 80 24 23 21 17 8 8 6 5 5 3 3 2 0 0 0 0 0
"31" 31 0.344370860927 132 69 69 47 34 29 18 18 18 16 16 14 12 7 1 0 0 0 0 0
"32" 32 0.52466367713 141 81 77 47 36 32 25 20 17 8 6 5 3 2 0 0 0 0 0 0
"33" 33 0.766816143498 185 86 82 51 44 21 8 7 4 4 4 1 1 1 1 0 0 0 0 0
"34" 34 0.269961977186 153 115 83 70 23 20 16 5 5 3 2 2 2 1 0 0 0 0 0 0
"35" 35 0.763713080169 155 84 56 53 53 27 21 16 11 5 5 3 3 2 2 2 1 1 0 0
"36" 36 0.395348837209 68 65 65 53 49 40 38 25 18 14 14 12 9 8 7 5 4 4 2 0
"37" 37 0.174418604651 82 70 58 52 48 33 29 29 28 12 12 10 9 8 8 6 3 3 0 0
"38" 38 0.527918781726 81 61 56 53 52 46 38 32 20 18 13 11 8 5 3 2 1 0 0 0
"39" 39 0.0769230769231 500 0 0 0 0 0 0 0 0 0 0 0 0 0 0 0 0 0 0 0
"40" 40 0.124031007752 149 67 41 41 41 38 26 24 15 14 11 8 7 6 6 3 2 1 0 0
"41" 41 0.569948186528 270 43 30 30 19 18 18 15 13 11 8 6 4 4 3 3 3 2 0 0
"42" 42 0.297071129707 227 196 27 19 7 6 6 5 2 2 2 1 0 0 0 0 0 0 0 0
"43" 43 0.258706467662 168 74 70 52 36 35 16 12 11 10 5 4 3 2 2 0 0 0 0 0
"44" 44 0.418604651163 234 71 67 18 17 15 15 13 13 10 6 5 5 3 2 2 2 2 0 0
"45" 45 0.240506329114 128 108 88 46 32 25 20 13 10 9 7 7 3 2 1 1 0 0 0 0
"46" 46 0.616071428571 94 73 48 39 37 31 26 25 24 20 19 14 13 11 9 9 5 3 0 0
"47" 47 0.132183908046 140 60 58 43 39 34 21 17 16 14 12 11 9 8 7 6 3 2 0 0
"48" 48 0.523255813953 111 75 72 69 40 40 13 13 12 11 11 10 10 6 5 1 1 0 0 0
"49" 49 0.051724137931 106 89 60 41 40 32 23 20 19 17 13 12 8 7 7 4 2 0 0 0
"50" 50 0.683937823834 284 129 19 14 11 9 8 8 7 6 3 2 0 0 0 0 0 0 0 0
"51" 51 0.567307692308 493 7 0 0 0 0 0 0 0 0 0 0 0 0 0 0 0 0 0 0
"52" 52 0.79274611399 127 116 92 63 27 18 15 11 9 6 4 3 3 3 2 1 0 0 0 0
"53" 53 0.518987341772 83 71 55 51 49 39 31 29 24 19 17 7 7 6 5 4 3 0 0 0
"54" 54 0.706896551724 67 65 55 50 47 39 37 32 21 16 16 13 11 11 9 8 3 0 0 0
"55" 55 0.100775193798 102 80 72 46 46 38 21 20 13 12 10 9 9 8 7 5 1 1 0 0
"56" 56 0.168604651163 100 100 93 44 30 26 21 21 12 12 11 8 7 7 4 3 1 0 0 0
"57" 57 0.0 74 73 60 57 56 51 43 29 22 22 8 2 2 1 0 0 0 0 0 0
"58" 58 0.152466367713 127 104 82 72 27 19 17 12 11 9 8 6 4 1 1 0 0 0 0 0
"59" 59 0.0 142 122 120 60 18 8 7 6 6 6 1 1 1 1 1 0 0 0 0 0
"60" 60 0.124113475177 277 89 44 41 26 9 6 4 2 1 1 0 0 0 0 0 0 0 0 0
"61" 61 0.0466321243523 164 103 93 36 31 26 14 10 9 4 3 2 2 1 1 1 0 0 0 0
"62" 62 0.0348837209302 212 105 98 19 14 8 8 8 8 6 3 3 3 2 1 1 1 0 0 0
"63" 63 0.0387596899225 265 157 19 17 10 7 5 4 3 3 2 2 2 1 1 1 1 0 0 0
"64" 64 0.144230769231 478 11 6 2 2 1 0 0 0 0 0 0 0 0 0 0 0 0 0 0
"65" 65 0.291479820628 124 98 43 41 41 31 31 25 19 18 9 6 3 3 2 2 2 1 1 0
"66" 66 0.732142857143 172 105 45 35 33 27 23 19 17 13 3 3 2 2 1 0 0 0 0 0
"67" 67 0.715328467153 131 100 73 69 41 36 17 10 10 5 3 2 1 1 1 0 0 0 0 0
"68" 68 0.142259414226 132 109 67 53 26 23 20 16 15 13 10 4 3 3 2 2 2 0 0 0
"69" 69 0.269058295964 173 80 67 42 24 19 19 17 16 14 10 8 4 2 2 1 1 1 0 0
"70" 70 0.58940397351 112 108 59 51 38 33 20 18 15 13 8 7 6 4 4 2 2 0 0 0
"71" 71 0.532338308458 99 94 67 57 33 27 23 20 20 16 15 15 10 2 1 1 0 0 0 0
"72" 72 0.432692307692 500 0 0 0 0 0 0 0 0 0 0 0 0 0 0 0 0 0 0 0
"73" 73 0.195402298851 136 82 72 37 36 34 28 17 13 11 9 6 6 5 4 4 0 0 0 0
"74" 74 0.410852713178 106 96 67 57 38 29 27 24 20 10 9 6 6 4 1 0 0 0 0 0
"75" 75 0.138075313808 88 79 49 49 44 41 34 28 19 18 18 14 12 4 3 0 0 0 0 0
"76" 76 0.0266159695817 124 107 57 37 36 35 22 20 17 15 8 7 5 5 5 0 0 0 0 0
"77" 77 0.485401459854 148 51 49 48 36 32 23 21 21 18 13 12 10 9 3 3 2 1 0 0
"78" 78 0.548076923077 484 16 0 0 0 0 0 0 0 0 0 0 0 0 0 0 0 0 0 0
"79" 79 0.062015503876 253 193 21 15 6 4 2 2 1 1 1 1 0 0 0 0 0 0 0 0
"80" 80 0.0880829015544 272 89 52 37 20 11 7 5 2 2 1 1 1 0 0 0 0 0 0 0
"81" 81 0.0 160 147 146 16 10 7 4 3 3 2 1 1 0 0 0 0 0 0 0 0
"82" 82 0.0 194 130 55 48 25 20 15 5 4 2 1 1 0 0 0 0 0 0 0 0
"83" 83 0.0 200 110 42 42 33 25 13 12 9 7 3 2 2 0 0 0 0 0 0 0
"84" 84 0.0 234 131 109 10 5 4 2 1 1 1 1 1 0 0 0 0 0 0 0 0
"85" 85 0.0 248 93 85 39 17 6 4 3 2 1 1 1 0 0 0 0 0 0 0 0
"86" 86 0.00380228136882 240 84 67 42 28 11 7 6 6 5 2 1 1 0 0 0 0 0 0 0
"87" 87 0.0466321243523 270 96 66 47 14 3 2 1 1 0 0 0 0 0 0 0 0 0 0 0
"88" 88 0.0172413793103 357 40 30 13 12 9 8 7 7 6 3 3 2 1 1 1 0 0 0 0
"89" 89 0.232558139535 255 122 41 25 21 9 9 4 3 3 2 2 2 1 1 0 0 0 0 0
"90" 90 0.369230769231 356 40 38 11 10 10 10 8 8 3 3 1 1 1 0 0 0 0 0 0
"91" 91 0.286821705426 125 86 83 57 37 31 27 15 14 4 4 4 3 2 2 2 2 2 0 0
"92" 92 0.364238410596 279 74 49 41 21 14 6 5 3 3 2 1 1 1 0 0 0 0 0 0
"93" 93 0.0132450331126 396 41 17 11 10 5 5 4 3 3 3 1 1 0 0 0 0 0 0 0
"94" 94 0.146443514644 199 86 60 34 28 22 17 10 10 7 6 5 3 3 3 3 2 2 0 0
"95" 95 0.589285714286 104 94 57 47 39 33 31 26 24 18 11 10 5 1 0 0 0 0 0 0
"96" 96 0.261538461538 166 81 77 59 27 26 21 20 6 5 4 3 2 2 1 0 0 0 0 0
"97" 97 0.0 203 51 47 45 44 37 14 12 12 11 7 7 4 3 2 1 0 0 0 0
"98" 98 0.396624472574 140 62 56 45 42 37 31 31 17 8 7 7 6 5 4 1 1 0 0 0
"99" 99 0.483443708609 125 74 67 61 44 37 25 18 17 13 12 6 1 0 0 0 0 0 0 0
"100" 100 0.0815602836879 280 88 38 30 21 13 12 10 4 1 1 1 1 0 0 0 0 0 0 0
"101" 101 0.226277372263 164 102 94 28 21 21 18 13 12 9 5 4 3 3 2 1 0 0 0 0
"102" 102 0.248704663212 159 76 65 49 40 39 24 18 12 6 4 2 2 1 1 1 1 0 0 0
"103" 103 0.28125 122 100 91 65 48 14 9 9 9 9 8 4 4 3 2 2 1 0 0 0
"104" 104 0.0 278 125 45 19 13 6 3 3 3 2 2 1 0 0 0 0 0 0 0 0
"105" 105 0.169154228856 184 70 40 39 35 30 25 23 12 11 9 9 7 3 2 1 0 0 0 0
"106" 106 0.580459770115 211 64 53 40 36 25 18 15 11 7 6 5 5 4 0 0 0 0 0 0
"107" 107 0.382775119617 210 46 44 44 35 23 21 18 16 15 8 6 6 5 2 1 0 0 0 0
"108" 108 0.015503875969 187 170 44 43 30 7 4 3 2 2 2 2 2 1 1 0 0 0 0 0
"109" 109 0.610256410256 338 118 21 6 4 4 4 3 1 1 0 0 0 0 0 0 0 0 0 0
"110" 110 0.155172413793 110 70 66 48 42 34 31 21 18 16 13 9 7 5 4 2 2 2 0 0
"111" 111 0.85641025641 126 112 108 47 37 25 13 8 7 7 6 2 1 1 0 0 0 0 0 0
"112" 112 0.304635761589 245 116 49 28 21 19 7 7 4 2 2 0 0 0 0 0 0 0 0 0
"113" 113 0.320754716981 86 83 63 43 32 31 29 24 23 21 21 13 12 11 5 2 1 0 0 0
"114" 114 0.727678571429 179 85 71 65 49 31 11 3 3 2 1 0 0 0 0 0 0 0 0 0
"115" 115 0.575581395349 102 96 68 59 57 28 26 21 18 7 7 5 4 1 1 0 0 0 0 0
"116" 116 0.0418410041841 254 152 85 2 2 2 1 1 1 0 0 0 0 0 0 0 0 0 0 0
"117" 117 0.119496855346 151 120 77 40 30 15 12 11 10 7 5 5 4 3 3 2 2 2 1 0
"118" 118 0.0585774058577 288 174 25 5 3 1 1 1 1 1 0 0 0 0 0 0 0 0 0 0
"119" 119 0.0 158 90 88 61 30 24 18 15 7 5 1 1 1 1 0 0 0 0 0 0
"120" 120 0.010152284264 181 148 87 24 18 9 9 7 6 4 4 1 1 1 0 0 0 0 0 0
"121" 121 0.00497512437811 157 131 71 39 28 17 16 15 14 4 4 2 1 1 0 0 0 0 0 0
"122" 122 0.0 161 70 64 48 32 28 18 16 15 12 12 6 6 4 4 3 1 0 0 0
"123" 123 0.0307692307692 211 93 73 57 49 7 4 2 1 1 1 1 0 0 0 0 0 0 0 0
"124" 124 0.278481012658 206 125 81 55 15 8 5 3 1 1 0 0 0 0 0 0 0 0 0 0
"125" 125 0.208121827411 360 32 23 14 14 9 8 8 7 6 6 5 4 1 1 1 1 0 0 0
"126" 126 0.300518134715 185 128 63 31 20 16 14 13 7 5 5 5 3 2 2 1 0 0 0 0
"127" 127 0.062015503876 245 110 37 30 23 13 9 8 6 6 5 3 2 2 1 0 0 0 0 0
"128" 128 0.535714285714 119 98 47 46 45 44 38 30 11 8 6 3 3 2 0 0 0 0 0 0
"129" 129 0.625 152 132 54 53 46 30 16 12 3 1 1 0 0 0 0 0 0 0 0 0
"130" 130 0.682119205298 121 94 85 70 49 46 11 7 6 4 4 2 1 0 0 0 0 0 0 0
"131" 131 0.396624472574 168 90 49 43 36 35 21 21 15 13 6 2 1 0 0 0 0 0 0 0
"132" 132 0.194092827004 163 150 50 35 26 25 14 8 5 4 4 3 3 3 3 2 2 0 0 0
"133" 133 0.53807106599 85 62 60 54 42 41 33 25 25 24 14 12 9 9 4 1 0 0 0 0
"134" 134 0.109195402299 209 67 51 45 35 31 14 12 8 7 5 5 4 4 2 1 0 0 0 0
"135" 135 0.370860927152 129 83 76 52 35 24 22 18 12 11 8 7 6 6 4 3 3 1 0 0
"136" 136 0.504464285714 83 75 73 46 42 41 39 35 15 13 12 10 7 4 3 1 1 0 0 0
"137" 137 0.248945147679 169 91 70 52 39 23 15 13 12 7 4 2 2 1 0 0 0 0 0 0
"138" 138 0.344370860927 107 99 77 49 38 38 25 18 10 8 7 5 5 5 3 3 2 1 0 0
"139" 139 0.0077519379845 205 56 41 40 36 32 26 15 13 12 7 5 5 3 2 1 1 0 0 0
"140" 140 0.412556053812 144 122 56 39 32 20 16 15 15 14 7 7 5 3 2 1 1 1 0 0
"141" 141 0.625 140 111 68 58 25 24 16 14 11 10 9 9 3 2 0 0 0 0 0 0
"142" 142 0.169154228856 102 63 63 57 45 44 34 25 21 21 8 6 4 4 2 1 0 0 0 0
"143" 143 0.031007751938 343 33 31 26 16 13 9 8 6 4 4 3 2 1 1 0 0 0 0 0
"144" 144 0.561181434599 106 70 67 58 34 34 32 28 25 12 11 9 6 4 3 1 0 0 0 0
"145" 145 0.569536423841 114 72 53 50 45 44 40 35 28 6 3 3 2 2 1 1 1 0 0 0
"146" 146 0.0945273631841 91 87 67 48 38 36 23 23 23 15 12 11 8 8 4 3 2 1 0 0
"147" 147 0.509615384615 499 1 0 0 0 0 0 0 0 0 0 0 0 0 0 0 0 0 0 0
"148" 148 0.616580310881 281 160 13 11 9 8 7 5 3 2 1 0 0 0 0 0 0 0 0 0
"149" 149 0.0862944162437 85 82 78 76 57 29 29 18 14 12 6 5 5 3 1 0 0 0 0 0
"150" 150 0.270440251572 123 65 55 40 36 31 30 28 24 22 19 11 8 4 3 1 0 0 0 0
"151" 151 0.129353233831 155 90 89 81 25 11 11 10 9 5 5 4 2 1 1 1 0 0 0 0
"152" 152 0.154811715481 182 98 56 38 28 27 23 11 9 8 5 5 4 2 2 2 0 0 0 0
"153" 153 0.169154228856 104 73 59 47 38 35 28 23 20 17 15 12 10 7 4 4 4 0 0 0
"154" 154 0.0 285 80 49 39 39 3 3 1 1 0 0 0 0 0 0 0 0 0 0 0
"155" 155 0.0 404 38 16 13 12 8 3 2 2 1 1 0 0 0 0 0 0 0 0 0
"156" 156 0.015503875969 233 117 41 31 27 17 12 7 4 3 2 2 1 1 1 1 0 0 0 0
"157" 157 0.362869198312 173 73 66 52 37 26 25 11 8 7 6 5 5 3 1 1 1 0 0 0
"158" 158 0.451282051282 134 112 53 49 42 32 22 15 12 10 10 5 2 2 0 0 0 0 0 0
"159" 159 0.418604651163 147 118 93 71 23 11 11 10 9 4 1 1 1 0 0 0 0 0 0 0
"160" 160 0.350253807107 239 80 51 30 25 17 13 13 10 8 7 4 2 1 0 0 0 0 0 0
"161" 161 0.297435897436 289 124 39 28 4 4 3 3 3 2 1 0 0 0 0 0 0 0 0 0
"162" 162 0.0114942528736 251 118 39 31 14 14 9 9 8 3 2 1 1 0 0 0 0 0 0 0
"163" 163 0.523316062176 112 91 55 49 43 29 27 26 24 11 10 9 4 4 3 2 1 0 0 0
"164" 164 0.325581395349 101 97 79 53 50 35 25 23 15 5 5 4 3 3 1 1 0 0 0 0
"165" 165 0.0 322 64 48 26 13 11 8 2 2 1 1 1 1 0 0 0 0 0 0 0
"166" 166 0.00418410041841 234 118 38 24 23 15 15 12 9 4 3 2 1 1 1 0 0 0 0 0
"167" 167 0.482142857143 120 106 55 49 36 29 23 16 15 15 13 8 5 3 3 2 2 0 0 0
"168" 168 0.191964285714 102 97 60 46 31 28 22 19 17 17 16 15 12 7 5 3 3 0 0 0
"169" 169 0.0 184 71 60 54 34 32 23 20 9 5 4 4 0 0 0 0 0 0 0 0
"170" 170 0.0387596899225 140 93 61 43 29 23 20 19 18 13 10 9 8 5 3 3 2 1 0 0
"171" 171 0.339416058394 189 102 44 35 26 18 16 16 13 9 8 8 6 6 3 1 0 0 0 0
"172" 172 0.0596026490066 67 66 47 43 39 37 36 35 29 25 24 22 16 9 2 2 1 0 0 0
"173" 173 0.0 350 77 68 3 1 1 0 0 0 0 0 0 0 0 0 0 0 0 0 0
"174" 174 0.129353233831 73 58 58 54 54 51 38 31 24 21 9 8 7 5 5 3 1 0 0 0
"175" 175 0.659192825112 113 83 78 55 44 41 19 17 12 12 10 4 4 3 2 2 1 0 0 0
"176" 176 0.282511210762 105 73 56 36 32 32 26 22 20 18 17 16 15 12 10 6 3 1 0 0
"177" 177 0.148717948718 179 117 36 28 26 24 18 18 13 12 9 7 4 3 3 1 1 1 0 0
"178" 178 0.591928251121 93 74 59 42 41 32 32 28 20 19 18 11 9 8 5 5 3 1 0 0
"179" 179 0.914728682171 156 67 54 52 40 40 32 26 9 8 7 5 2 1 1 0 0 0 0 0
