"site" "RSA" "aa1" "aa2" "aa3" "aa4" "aa5" "aa6" "aa7" "aa8" "aa9" "aa10" "aa11" "aa12" "aa13" "aa14" "aa15" "aa16" "aa17" "aa18" "aa19" "aa20"
"0" 0 0.766423357664 140 72 66 66 54 48 21 13 8 4 4 4 0 0 0 0 0 0 0 0
"1" 1 0.426395939086 168 116 66 40 39 31 17 15 3 2 1 1 1 0 0 0 0 0 0 0
"2" 2 0.197674418605 277 65 53 50 22 10 8 6 4 2 1 1 1 0 0 0 0 0 0 0
"3" 3 0.497512437811 99 90 76 74 47 38 37 18 8 6 4 3 0 0 0 0 0 0 0 0
"4" 4 0.155172413793 156 112 59 42 29 21 17 16 13 11 10 4 4 3 2 1 0 0 0 0
"5" 5 0.663212435233 213 208 20 17 15 8 8 4 4 1 1 1 0 0 0 0 0 0 0 0
"6" 6 0.387559808612 388 19 19 17 8 8 7 7 6 6 6 4 2 2 1 0 0 0 0 0
"7" 7 0.584905660377 228 119 62 48 32 6 3 2 0 0 0 0 0 0 0 0 0 0 0 0
"8" 8 0.422885572139 247 76 56 38 27 27 19 5 3 1 1 0 0 0 0 0 0 0 0 0
"9" 9 0.0172413793103 122 121 71 49 32 28 22 20 16 7 4 3 2 2 1 0 0 0 0 0
"10" 10 0.511210762332 134 58 52 49 48 47 36 25 24 12 10 3 2 0 0 0 0 0 0 0
"11" 11 0.516746411483 201 123 48 48 44 18 5 3 3 3 2 1 1 0 0 0 0 0 0 0
"12" 12 0.160337552743 187 143 52 34 28 28 15 4 4 1 1 1 1 1 0 0 0 0 0 0
"13" 13 0.0547263681592 260 91 32 25 23 18 13 10 8 8 5 3 2 1 1 0 0 0 0 0
"14" 14 0.449612403101 188 82 43 33 28 25 24 23 21 18 10 3 1 1 0 0 0 0 0 0
"15" 15 0.377990430622 197 195 34 22 18 15 10 4 3 1 1 0 0 0 0 0 0 0 0 0
"16" 16 0.0 381 63 17 12 12 4 4 3 2 1 1 0 0 0 0 0 0 0 0 0
"17" 17 0.251824817518 115 113 64 52 34 28 28 26 22 15 1 1 1 0 0 0 0 0 0 0
"18" 18 0.233160621762 287 96 77 32 3 2 2 1 0 0 0 0 0 0 0 0 0 0 0 0
"19" 19 0.801687763713 285 143 51 9 6 3 2 1 0 0 0 0 0 0 0 0 0 0 0 0
"20" 20 0.740875912409 260 103 68 26 14 10 8 7 4 0 0 0 0 0 0 0 0 0 0 0
"21" 21 0.116279069767 453 17 11 8 7 2 1 1 0 0 0 0 0 0 0 0 0 0 0 0
"22" 22 0.336538461538 258 104 58 38 24 9 8 1 0 0 0 0 0 0 0 0 0 0 0 0
"23" 23 0.339622641509 380 117 1 1 1 0 0 0 0 0 0 0 0 0 0 0 0 0 0 0
"24" 24 0.518987341772 160 99 68 62 32 28 25 12 10 3 1 0 0 0 0 0 0 0 0 0
"25" 25 0.455958549223 211 88 82 39 30 19 13 11 6 1 0 0 0 0 0 0 0 0 0 0
"26" 26 0.0209205020921 263 207 24 2 2 2 0 0 0 0 0 0 0 0 0 0 0 0 0 0
"27" 27 0.288321167883 184 152 125 18 6 5 3 3 3 1 0 0 0 0 0 0 0 0 0 0
"28" 28 0.303571428571 210 144 51 38 26 22 4 4 1 0 0 0 0 0 0 0 0 0 0 0
"29" 29 0.10447761194 232 155 85 13 8 3 3 1 0 0 0 0 0 0 0 0 0 0 0 0
"30" 30 0.0232558139535 198 96 82 53 20 14 12 10 7 4 3 1 0 0 0 0 0 0 0 0
"31" 31 0.178571428571 188 176 128 3 2 1 1 1 0 0 0 0 0 0 0 0 0 0 0 0
"32" 32 0.357142857143 152 115 63 52 38 32 22 19 3 2 2 0 0 0 0 0 0 0 0 0
"33" 33 0.0574712643678 149 90 87 67 36 36 22 10 3 0 0 0 0 0 0 0 0 0 0 0
"34" 34 0.232558139535 148 88 72 42 36 36 35 17 11 6 5 2 1 1 0 0 0 0 0 0
"35" 35 0.308457711443 122 82 72 68 50 31 30 29 15 1 0 0 0 0 0 0 0 0 0 0
"36" 36 0.31007751938 125 81 63 46 42 37 28 17 13 13 12 7 7 4 2 2 1 0 0 0
"37" 37 0.619771863118 182 85 55 51 39 19 18 15 11 11 7 3 2 1 1 0 0 0 0 0
"38" 38 0.316964285714 76 71 57 51 37 36 34 29 22 20 18 16 8 8 8 6 2 1 0 0
"39" 39 0.139534883721 198 81 60 46 28 24 22 14 14 5 4 2 1 1 0 0 0 0 0 0
"40" 40 0.591240875912 344 120 13 10 5 4 2 2 0 0 0 0 0 0 0 0 0 0 0 0
"41" 41 0.414507772021 247 159 51 15 9 6 3 3 3 1 1 1 1 0 0 0 0 0 0 0
"42" 42 0.273631840796 161 150 90 26 14 12 10 9 8 5 4 3 3 2 2 1 0 0 0 0
"43" 43 0.638392857143 326 52 34 20 20 20 8 6 4 3 3 2 1 1 0 0 0 0 0 0
"44" 44 0.437810945274 306 117 53 21 2 1 0 0 0 0 0 0 0 0 0 0 0 0 0 0
"45" 45 0.459821428571 307 57 46 31 14 10 10 7 6 5 3 3 1 0 0 0 0 0 0 0
"46" 46 0.598214285714 175 64 58 49 41 39 20 14 11 8 5 5 4 3 2 1 1 0 0 0
"47" 47 0.343023255814 476 5 5 4 4 1 1 1 1 1 1 0 0 0 0 0 0 0 0 0
"48" 48 0.43023255814 116 103 72 70 67 17 16 12 10 7 5 3 2 0 0 0 0 0 0 0
"49" 49 0.390804597701 219 97 72 28 26 19 10 10 9 8 1 1 0 0 0 0 0 0 0 0
"50" 50 0.8125 200 134 111 11 10 9 7 7 6 2 1 1 1 0 0 0 0 0 0 0
"51" 51 0.354651162791 215 142 78 25 14 13 10 1 1 1 0 0 0 0 0 0 0 0 0 0
"52" 52 0.849056603774 243 237 16 1 1 1 1 0 0 0 0 0 0 0 0 0 0 0 0 0
"53" 53 0.771573604061 225 102 101 43 25 2 1 1 0 0 0 0 0 0 0 0 0 0 0 0
"54" 54 0.364341085271 173 144 120 19 14 12 9 3 3 2 1 0 0 0 0 0 0 0 0 0
"55" 55 0.685534591195 162 141 67 40 36 28 21 1 1 1 1 1 0 0 0 0 0 0 0 0
"56" 56 0.22480620155 92 89 60 55 47 43 40 31 14 8 7 6 6 2 0 0 0 0 0 0
"57" 57 0.64598540146 131 82 68 57 41 40 35 12 8 7 7 5 3 3 1 0 0 0 0 0
"58" 58 0.270114942529 249 117 116 4 4 3 2 2 1 1 1 0 0 0 0 0 0 0 0 0
"59" 59 0.565400843882 141 139 94 43 30 20 16 12 4 1 0 0 0 0 0 0 0 0 0 0
"60" 60 0.362068965517 329 82 55 7 6 6 4 4 3 2 1 1 0 0 0 0 0 0 0 0
"61" 61 0.502487562189 188 134 122 13 11 10 5 3 3 3 3 3 1 1 0 0 0 0 0 0
"62" 62 0.198675496689 208 166 49 26 24 6 5 5 3 3 2 2 1 0 0 0 0 0 0 0
"63" 63 0.711538461538 500 0 0 0 0 0 0 0 0 0 0 0 0 0 0 0 0 0 0 0
"64" 64 0.396624472574 265 72 46 42 21 18 11 8 7 4 4 2 0 0 0 0 0 0 0 0
"65" 65 0.405063291139 186 110 57 42 39 38 10 8 3 2 2 2 1 0 0 0 0 0 0 0
"66" 66 0.114427860697 117 91 67 61 44 37 20 15 14 8 7 5 4 4 3 2 1 0 0 0
"67" 67 0.0 192 168 54 43 17 8 8 3 3 3 1 0 0 0 0 0 0 0 0 0
"68" 68 0.0149253731343 114 107 102 79 55 18 14 5 4 1 1 0 0 0 0 0 0 0 0 0
"69" 69 0.0 367 55 23 20 17 9 3 3 2 1 0 0 0 0 0 0 0 0 0 0
"70" 70 0.0 242 225 14 6 3 3 2 2 1 1 1 0 0 0 0 0 0 0 0 0
"71" 71 0.0152284263959 377 49 35 13 12 6 4 2 2 0 0 0 0 0 0 0 0 0 0 0
"72" 72 0.154228855721 181 116 46 42 25 21 21 16 14 13 2 2 1 0 0 0 0 0 0 0
"73" 73 0.335766423358 278 99 33 23 18 17 14 9 3 2 1 1 1 1 0 0 0 0 0 0
"74" 74 0.062015503876 198 145 66 35 21 17 9 8 1 0 0 0 0 0 0 0 0 0 0 0
"75" 75 0.0288461538462 500 0 0 0 0 0 0 0 0 0 0 0 0 0 0 0 0 0 0 0
"76" 76 0.228855721393 196 85 82 39 35 14 14 12 11 4 4 2 1 1 0 0 0 0 0 0
"77" 77 0.0459770114943 246 114 29 26 25 23 11 9 6 4 3 2 2 0 0 0 0 0 0 0
"78" 78 0.0287356321839 168 101 78 71 57 10 4 4 3 2 1 1 0 0 0 0 0 0 0 0
"79" 79 0.464285714286 241 98 76 37 17 16 8 3 2 1 1 0 0 0 0 0 0 0 0 0
"80" 80 0.0865384615385 498 1 1 0 0 0 0 0 0 0 0 0 0 0 0 0 0 0 0 0
"81" 81 0.0812182741117 144 70 67 46 43 25 22 21 20 12 11 8 6 3 1 1 0 0 0 0
"82" 82 0.169154228856 199 159 70 22 21 13 5 4 3 2 1 1 0 0 0 0 0 0 0 0
"83" 83 0.670886075949 130 116 87 61 46 30 14 7 3 2 2 1 1 0 0 0 0 0 0 0
"84" 84 0.582089552239 183 91 50 36 36 21 17 14 13 9 7 6 6 4 4 3 0 0 0 0
"85" 85 0.229885057471 230 199 19 19 18 5 2 2 2 2 1 1 0 0 0 0 0 0 0 0
"86" 86 0.578616352201 305 149 33 6 4 1 1 1 0 0 0 0 0 0 0 0 0 0 0 0
"87" 87 0.612440191388 333 35 27 26 24 20 16 11 5 3 0 0 0 0 0 0 0 0 0 0
"88" 88 0.077519379845 252 237 6 3 1 1 0 0 0 0 0 0 0 0 0 0 0 0 0 0
"89" 89 0.357664233577 119 82 74 61 60 50 25 14 7 2 2 1 1 1 1 0 0 0 0 0
"90" 90 0.287356321839 169 114 78 58 29 15 10 7 7 5 3 2 2 1 0 0 0 0 0 0
"91" 91 0.00961538461538 440 51 9 0 0 0 0 0 0 0 0 0 0 0 0 0 0 0 0 0
"92" 92 0.287081339713 299 43 36 32 26 14 14 9 6 6 5 3 2 2 2 1 0 0 0 0
"93" 93 0.0 252 119 79 20 17 10 1 1 1 0 0 0 0 0 0 0 0 0 0 0
"94" 94 0.0 188 89 59 51 30 24 13 12 9 8 5 4 3 3 2 0 0 0 0 0
"95" 95 0.0348258706468 219 123 50 47 21 20 11 7 1 1 0 0 0 0 0 0 0 0 0 0
"96" 96 0.509505703422 160 75 64 62 37 33 27 19 11 5 3 2 2 0 0 0 0 0 0 0
"97" 97 0.251824817518 205 89 47 43 39 36 31 6 1 1 1 1 0 0 0 0 0 0 0 0
"98" 98 0.274611398964 245 87 68 32 23 21 18 5 1 0 0 0 0 0 0 0 0 0 0 0
"99" 99 0.698113207547 291 138 41 13 9 4 2 1 1 0 0 0 0 0 0 0 0 0 0 0
"100" 100 0.763392857143 186 166 113 16 7 6 3 2 1 0 0 0 0 0 0 0 0 0 0 0
"101" 101 0.397350993377 179 149 84 37 19 18 7 7 0 0 0 0 0 0 0 0 0 0 0 0
"102" 102 0.199004975124 160 102 61 60 47 29 12 11 10 4 3 1 0 0 0 0 0 0 0 0
"103" 103 0.435897435897 220 119 61 40 18 14 13 5 5 2 1 1 1 0 0 0 0 0 0 0
"104" 104 0.207547169811 408 54 31 3 3 1 0 0 0 0 0 0 0 0 0 0 0 0 0 0
"105" 105 0.270114942529 249 130 73 10 10 9 6 6 4 2 1 0 0 0 0 0 0 0 0 0
"106" 106 0.394618834081 125 114 78 39 30 23 19 16 12 10 8 7 7 5 4 3 0 0 0 0
"107" 107 0.437262357414 116 77 65 60 59 59 26 14 10 6 4 3 1 0 0 0 0 0 0 0
"108" 108 0.422053231939 207 127 66 46 28 13 10 3 0 0 0 0 0 0 0 0 0 0 0 0
"109" 109 0.167512690355 118 104 67 58 40 30 23 19 12 12 7 6 2 1 1 0 0 0 0 0
"110" 110 0.523206751055 219 120 53 30 16 15 12 11 9 8 6 1 0 0 0 0 0 0 0 0
"111" 111 0.134328358209 146 104 71 68 49 27 10 10 8 5 2 0 0 0 0 0 0 0 0 0
"112" 112 0.0817610062893 398 80 15 3 3 1 0 0 0 0 0 0 0 0 0 0 0 0 0 0
"113" 113 0.559748427673 500 0 0 0 0 0 0 0 0 0 0 0 0 0 0 0 0 0 0 0
"114" 114 0.367875647668 466 13 11 6 2 1 1 0 0 0 0 0 0 0 0 0 0 0 0 0
"115" 115 0.0609137055838 271 88 54 34 24 14 7 4 1 1 1 1 0 0 0 0 0 0 0 0
"116" 116 0.441860465116 371 61 22 16 12 6 5 2 2 2 1 0 0 0 0 0 0 0 0 0
"117" 117 0.526785714286 222 139 73 42 13 4 2 1 1 1 1 1 0 0 0 0 0 0 0 0
"118" 118 0.109489051095 143 134 85 70 33 13 9 8 4 1 0 0 0 0 0 0 0 0 0 0
"119" 119 0.273722627737 128 104 55 45 45 35 32 18 12 7 7 6 3 2 1 0 0 0 0 0
"120" 120 0.0077519379845 280 123 38 28 12 8 8 2 1 0 0 0 0 0 0 0 0 0 0 0
"121" 121 0.092050209205 220 183 44 32 8 8 3 2 0 0 0 0 0 0 0 0 0 0 0 0
"122" 122 0.0 438 36 7 6 4 4 4 1 0 0 0 0 0 0 0 0 0 0 0 0
"123" 123 0.1592039801 134 89 87 85 32 15 14 12 10 9 4 3 2 2 2 0 0 0 0 0
"124" 124 0.186528497409 217 96 58 47 41 38 2 1 0 0 0 0 0 0 0 0 0 0 0 0
"125" 125 0.207547169811 371 71 22 21 15 0 0 0 0 0 0 0 0 0 0 0 0 0 0 0
"126" 126 0.0995024875622 373 76 36 9 4 2 0 0 0 0 0 0 0 0 0 0 0 0 0 0
"127" 127 0.147286821705 142 120 96 52 40 11 9 6 5 5 4 4 3 2 1 0 0 0 0 0
"128" 128 0.0872093023256 181 69 65 63 28 25 22 22 15 7 2 1 0 0 0 0 0 0 0 0
"129" 129 0.0192307692308 500 0 0 0 0 0 0 0 0 0 0 0 0 0 0 0 0 0 0 0
"130" 130 0.0192307692308 133 48 44 39 39 35 33 28 21 18 17 16 16 5 4 2 2 0 0 0
"131" 131 0.205298013245 110 66 61 44 40 36 35 32 27 20 17 6 3 2 1 0 0 0 0 0
"132" 132 0.031007751938 140 89 68 56 36 29 26 22 14 10 5 3 2 0 0 0 0 0 0 0
"133" 133 0.0397350993377 258 106 49 24 20 8 7 6 4 4 3 3 3 2 2 1 0 0 0 0
"134" 134 0.233830845771 182 97 51 51 36 20 14 11 10 9 8 3 3 2 1 1 1 0 0 0
"135" 135 0.0 424 47 12 9 7 1 0 0 0 0 0 0 0 0 0 0 0 0 0 0
"136" 136 0.0298507462687 326 44 30 24 15 15 14 13 9 6 3 1 0 0 0 0 0 0 0 0
"137" 137 0.298013245033 132 95 92 58 34 30 20 12 11 8 5 2 1 0 0 0 0 0 0 0
"138" 138 0.0497512437811 174 104 66 41 20 15 14 11 11 10 10 9 9 6 0 0 0 0 0 0
"139" 139 0.0 442 25 8 6 5 5 4 3 1 1 0 0 0 0 0 0 0 0 0 0
"140" 140 0.565400843882 116 83 49 49 48 32 28 28 25 16 8 7 6 5 0 0 0 0 0 0
"141" 141 0.59375 141 98 80 51 43 30 22 9 8 7 5 3 3 0 0 0 0 0 0 0
"142" 142 0.397810218978 153 122 69 28 25 17 16 13 11 10 10 10 7 7 1 1 0 0 0 0
"143" 143 0.288461538462 500 0 0 0 0 0 0 0 0 0 0 0 0 0 0 0 0 0 0 0
"144" 144 0.046511627907 350 61 22 19 14 13 7 5 5 2 2 0 0 0 0 0 0 0 0 0
"145" 145 0.581395348837 157 116 60 51 34 29 20 14 12 2 2 2 1 0 0 0 0 0 0 0
"146" 146 0.5 348 148 2 1 1 0 0 0 0 0 0 0 0 0 0 0 0 0 0 0
"147" 147 0.0804597701149 244 190 35 12 9 5 3 1 1 0 0 0 0 0 0 0 0 0 0 0
"148" 148 0.0548523206751 178 173 78 25 15 11 7 5 2 2 2 1 1 0 0 0 0 0 0 0
"149" 149 0.0398009950249 275 160 48 6 4 2 2 1 1 1 0 0 0 0 0 0 0 0 0 0
"150" 150 0.186046511628 480 20 0 0 0 0 0 0 0 0 0 0 0 0 0 0 0 0 0 0
"151" 151 0.0964467005076 208 101 44 39 38 27 14 11 8 7 2 1 0 0 0 0 0 0 0 0
"152" 152 0.0298507462687 158 128 60 54 37 33 13 8 5 2 1 1 0 0 0 0 0 0 0 0
"153" 153 0.0 339 79 68 8 2 1 1 1 1 0 0 0 0 0 0 0 0 0 0 0
"154" 154 0.0 380 87 21 11 1 0 0 0 0 0 0 0 0 0 0 0 0 0 0 0
"155" 155 0.295597484277 227 96 80 42 26 9 7 7 3 2 1 0 0 0 0 0 0 0 0 0
"156" 156 0.424107142857 136 87 61 48 41 31 23 21 20 11 5 5 4 4 3 0 0 0 0 0
"157" 157 0.0 498 1 1 0 0 0 0 0 0 0 0 0 0 0 0 0 0 0 0 0
"158" 158 0.109452736318 238 102 60 47 18 7 7 6 4 3 2 2 2 1 1 0 0 0 0 0
"159" 159 0.589285714286 180 164 52 44 27 11 7 6 3 3 1 1 1 0 0 0 0 0 0 0
"160" 160 0.313868613139 135 82 72 55 49 27 20 14 14 10 8 6 4 3 1 0 0 0 0 0
"161" 161 0.0203045685279 242 90 43 31 31 17 14 14 9 5 4 0 0 0 0 0 0 0 0 0
"162" 162 0.480620155039 166 100 77 57 25 22 15 15 9 6 3 3 1 1 0 0 0 0 0 0
"163" 163 0.68776371308 210 91 60 29 26 23 17 13 10 10 6 4 1 0 0 0 0 0 0 0
"164" 164 0.253886010363 138 92 72 50 44 35 15 12 9 9 8 6 5 2 1 1 1 0 0 0
"165" 165 0.0909090909091 275 194 14 10 4 2 1 0 0 0 0 0 0 0 0 0 0 0 0 0
"166" 166 0.528301886792 313 62 58 40 11 8 8 0 0 0 0 0 0 0 0 0 0 0 0 0
"167" 167 0.777202072539 317 33 30 29 24 21 18 12 8 7 1 0 0 0 0 0 0 0 0 0
"168" 168 0.0813953488372 153 132 84 35 26 20 16 16 8 3 2 2 2 1 0 0 0 0 0 0
"169" 169 0.129464285714 146 107 106 94 16 10 8 4 3 3 2 1 0 0 0 0 0 0 0 0
"170" 170 0.0344827586207 410 29 26 16 8 6 2 2 1 0 0 0 0 0 0 0 0 0 0 0
"171" 171 0.114942528736 198 89 54 52 45 17 11 8 8 8 2 2 2 1 1 1 1 0 0 0
"172" 172 0.0114942528736 305 89 40 29 12 6 5 4 4 2 2 1 1 0 0 0 0 0 0 0
"173" 173 0.139534883721 116 87 84 63 39 30 30 22 9 7 7 3 2 1 0 0 0 0 0 0
"174" 174 0.124031007752 148 79 76 59 36 35 23 17 9 6 4 4 2 2 0 0 0 0 0 0
"175" 175 0.38578680203 204 120 104 23 18 13 6 6 3 2 1 0 0 0 0 0 0 0 0 0
"176" 176 0.0984455958549 124 113 62 48 35 31 30 19 16 9 4 4 4 1 0 0 0 0 0 0
"177" 177 0.589285714286 330 64 35 35 22 8 3 2 1 0 0 0 0 0 0 0 0 0 0 0
"178" 178 0.496350364964 204 148 67 40 24 15 2 0 0 0 0 0 0 0 0 0 0 0 0 0
"179" 179 0.0796019900498 381 65 20 10 6 5 5 5 2 1 0 0 0 0 0 0 0 0 0 0
"180" 180 0.251282051282 493 2 2 1 1 1 0 0 0 0 0 0 0 0 0 0 0 0 0 0
"181" 181 0.689119170984 219 177 90 5 5 3 1 0 0 0 0 0 0 0 0 0 0 0 0 0
"182" 182 0.598086124402 317 52 40 30 22 14 9 6 5 5 0 0 0 0 0 0 0 0 0 0
"183" 183 0.00961538461538 500 0 0 0 0 0 0 0 0 0 0 0 0 0 0 0 0 0 0 0
"184" 184 0.304182509506 213 64 61 53 42 20 13 9 8 8 2 2 2 2 1 0 0 0 0 0
"185" 185 0.147208121827 136 121 85 46 43 33 21 4 4 4 2 1 0 0 0 0 0 0 0 0
"186" 186 0.195402298851 365 80 22 15 7 5 2 2 1 1 0 0 0 0 0 0 0 0 0 0
"187" 187 0.51572327044 142 131 98 36 36 13 13 10 7 5 5 4 0 0 0 0 0 0 0 0
"188" 188 0.0288461538462 500 0 0 0 0 0 0 0 0 0 0 0 0 0 0 0 0 0 0 0
"189" 189 0.134328358209 218 190 52 17 15 4 2 1 1 0 0 0 0 0 0 0 0 0 0 0
"190" 190 0.442307692308 500 0 0 0 0 0 0 0 0 0 0 0 0 0 0 0 0 0 0 0
"191" 191 0.259067357513 294 93 33 28 20 18 4 4 3 2 1 0 0 0 0 0 0 0 0 0
"192" 192 0.170542635659 410 58 11 9 5 2 2 2 1 0 0 0 0 0 0 0 0 0 0 0
"193" 193 0.0576923076923 326 63 59 18 17 6 5 4 1 1 0 0 0 0 0 0 0 0 0 0
"194" 194 0.145077720207 189 87 76 61 25 17 15 10 7 6 4 3 0 0 0 0 0 0 0 0
"195" 195 0.142335766423 478 15 7 0 0 0 0 0 0 0 0 0 0 0 0 0 0 0 0 0
"196" 196 0.00507614213198 248 95 87 27 12 10 10 8 3 0 0 0 0 0 0 0 0 0 0 0
"197" 197 0.357414448669 334 47 38 36 21 14 4 3 2 1 0 0 0 0 0 0 0 0 0 0
"198" 198 0.461538461538 352 148 0 0 0 0 0 0 0 0 0 0 0 0 0 0 0 0 0 0
"199" 199 0.290697674419 295 94 48 38 6 6 5 4 3 1 0 0 0 0 0 0 0 0 0 0
"200" 200 1.05485232068 375 59 32 22 5 3 2 1 1 0 0 0 0 0 0 0 0 0 0 0
