"site" "RSA" "aa1" "aa2" "aa3" "aa4" "aa5" "aa6" "aa7" "aa8" "aa9" "aa10" "aa11" "aa12" "aa13" "aa14" "aa15" "aa16" "aa17" "aa18" "aa19" "aa20"
"0" 0 0.317880794702 276 116 74 17 5 4 4 2 1 1 0 0 0 0 0 0 0 0 0 0
"1" 1 0.00507614213198 143 73 58 54 42 39 28 18 16 10 8 6 3 1 1 0 0 0 0 0
"2" 2 0.0 177 175 31 29 20 17 12 12 12 10 2 1 1 1 0 0 0 0 0 0
"3" 3 0.10460251046 131 113 71 30 30 28 23 22 21 9 8 6 4 2 1 1 0 0 0 0
"4" 4 0.269035532995 160 102 73 56 29 26 14 10 9 5 3 3 3 2 2 1 1 1 0 0
"5" 5 0.709844559585 95 93 64 57 54 38 34 31 22 6 2 2 1 1 0 0 0 0 0 0
"6" 6 0.5 125 104 97 46 34 30 13 11 8 8 6 5 4 4 3 1 1 0 0 0
"7" 7 0.421524663677 255 87 49 29 15 10 9 9 7 6 5 5 4 3 2 2 2 1 0 0
"8" 8 0.0348258706468 168 110 85 50 20 17 7 7 7 7 6 6 3 2 2 1 1 1 0 0
"9" 9 0.403846153846 191 85 48 42 29 21 18 17 16 12 9 7 3 1 1 0 0 0 0 0
"10" 10 0.0174418604651 206 71 70 42 41 40 8 8 6 4 2 1 1 0 0 0 0 0 0 0
"11" 11 0.574358974359 331 99 18 13 11 10 9 3 2 2 1 1 0 0 0 0 0 0 0 0
"12" 12 0.459119496855 194 158 71 20 15 9 8 7 4 4 3 3 2 1 1 0 0 0 0 0
"13" 13 0.0232558139535 170 72 58 53 47 43 13 10 9 6 6 4 2 2 2 1 1 1 0 0
"14" 14 0.629464285714 177 133 74 26 17 13 13 10 9 6 5 5 4 3 3 2 0 0 0 0
"15" 15 0.28855721393 156 148 106 21 15 12 11 9 5 3 3 3 2 2 2 1 1 0 0 0
"16" 16 0.119496855346 100 84 66 57 55 34 26 23 19 16 10 5 2 2 1 0 0 0 0 0
"17" 17 0.704402515723 320 69 37 34 16 13 5 4 1 1 0 0 0 0 0 0 0 0 0 0
"18" 18 0.119402985075 294 92 86 10 7 3 2 2 2 1 1 0 0 0 0 0 0 0 0 0
"19" 19 0.522012578616 102 91 74 68 60 26 25 21 11 9 6 5 1 1 0 0 0 0 0 0
"20" 20 0.133079847909 170 82 67 47 45 35 14 10 6 5 5 4 4 3 2 1 0 0 0 0
"21" 21 0.355769230769 169 142 73 46 23 14 12 8 4 3 3 3 0 0 0 0 0 0 0 0
"22" 22 0.281368821293 100 97 76 59 55 36 28 22 10 5 4 3 3 1 1 0 0 0 0 0
"23" 23 0.559585492228 219 131 28 20 18 17 14 12 11 8 7 6 5 2 1 1 0 0 0 0
"24" 24 0.248062015504 242 114 50 25 19 15 9 9 7 7 2 1 0 0 0 0 0 0 0 0
"25" 25 0.0 328 53 30 17 15 13 12 10 8 7 2 2 1 1 1 0 0 0 0 0
"26" 26 0.352678571429 154 78 71 55 36 27 14 13 12 11 8 7 6 5 1 1 1 0 0 0
"27" 27 0.476793248945 121 85 72 59 29 24 21 19 16 14 11 8 8 5 5 2 1 0 0 0
"28" 28 0.0 222 84 49 34 32 32 16 6 6 4 3 3 3 3 2 1 0 0 0 0
"29" 29 0.0253807106599 144 93 86 42 31 17 16 15 14 13 9 7 5 4 2 2 0 0 0 0
"30" 30 0.0829015544041 169 101 55 37 24 20 17 12 10 9 9 9 8 7 7 4 2 0 0 0
"31" 31 0.0697674418605 161 111 76 45 33 22 10 9 7 7 7 5 4 2 1 0 0 0 0 0
"32" 32 0.495535714286 97 95 74 66 30 29 27 25 19 16 16 4 1 1 0 0 0 0 0 0
"33" 33 0.0116279069767 126 111 69 45 28 26 18 18 14 14 13 5 5 5 2 1 0 0 0 0
"34" 34 0.0045871559633 165 83 43 38 37 27 23 22 14 12 10 9 7 6 2 1 1 0 0 0
"35" 35 0.434599156118 184 78 72 47 35 24 22 18 9 4 2 2 2 1 0 0 0 0 0 0
"36" 36 0.407960199005 128 100 92 55 37 30 19 13 12 5 3 3 1 1 1 0 0 0 0 0
"37" 37 0.0191387559809 337 36 29 23 23 11 8 8 7 4 4 2 2 2 1 1 1 1 0 0
"38" 38 0.0334928229665 426 16 13 13 11 4 4 3 2 2 2 1 1 1 1 0 0 0 0 0
"39" 39 0.326424870466 105 93 65 37 36 28 28 25 20 20 15 10 9 4 4 1 0 0 0 0
"40" 40 0.599156118143 114 103 100 64 37 27 14 12 12 9 3 2 2 1 0 0 0 0 0 0
"41" 41 0.311004784689 213 143 58 19 14 14 9 8 6 6 5 3 2 0 0 0 0 0 0 0
"42" 42 0.0 427 22 11 10 6 6 5 4 4 2 2 1 0 0 0 0 0 0 0 0
"43" 43 0.124031007752 126 114 44 36 34 33 31 25 24 8 6 6 4 4 3 1 1 0 0 0
"44" 44 0.294573643411 119 115 37 36 36 27 26 22 18 16 16 15 8 8 1 0 0 0 0 0
"45" 45 0.102661596958 360 51 40 12 10 8 7 4 3 2 1 1 1 0 0 0 0 0 0 0
"46" 46 0.0229885057471 126 89 67 60 44 32 23 19 16 6 5 3 3 3 2 2 0 0 0 0
"47" 47 0.471794871795 214 77 51 37 35 32 13 12 6 6 5 4 3 3 1 1 0 0 0 0
"48" 48 0.369230769231 142 107 81 64 20 17 17 12 11 8 7 6 4 2 2 0 0 0 0 0
"49" 49 0.00497512437811 181 95 63 42 39 28 10 10 9 5 3 3 3 3 2 2 2 0 0 0
"50" 50 0.14358974359 91 89 65 50 47 42 28 24 19 16 8 6 6 5 2 1 1 0 0 0
"51" 51 0.441025641026 134 102 102 32 23 22 22 16 14 13 6 5 4 2 2 1 0 0 0 0
"52" 52 0.0232558139535 123 71 68 42 30 26 24 21 18 13 11 11 10 9 9 6 4 4 0 0
"53" 53 0.00995024875622 302 53 26 25 21 17 14 11 8 7 7 5 3 1 0 0 0 0 0 0
"54" 54 0.599156118143 84 82 62 54 45 41 28 26 24 21 17 6 4 4 1 1 0 0 0 0
"55" 55 0.603375527426 78 59 55 54 54 42 38 27 22 17 16 15 13 6 2 1 1 0 0 0
"56" 56 0.167464114833 174 138 95 40 15 10 9 7 4 3 2 1 1 1 0 0 0 0 0 0
"57" 57 0.471698113208 162 94 76 71 47 39 6 3 1 1 0 0 0 0 0 0 0 0 0 0
"58" 58 0.549107142857 116 99 82 65 51 39 14 14 9 6 2 2 1 0 0 0 0 0 0 0
"59" 59 0.114427860697 144 96 52 43 30 23 22 21 20 19 10 8 6 4 2 0 0 0 0 0
"60" 60 0.224215246637 173 82 63 54 48 18 14 12 8 8 7 6 4 2 1 0 0 0 0 0
"61" 61 0.815384615385 104 98 70 67 46 34 29 14 14 11 7 3 2 1 0 0 0 0 0 0
"62" 62 0.271523178808 116 76 48 48 42 35 35 31 27 8 8 7 6 4 4 3 1 1 0 0
"63" 63 0.0529801324503 213 124 38 31 21 19 14 10 9 7 5 3 2 2 1 1 0 0 0 0
"64" 64 0.00574712643678 175 102 48 44 39 29 23 10 7 5 5 4 3 3 1 1 1 0 0 0
"65" 65 0.0 291 71 28 24 22 21 15 11 6 3 3 3 1 1 0 0 0 0 0 0
"66" 66 0.325581395349 117 93 57 46 45 37 23 22 15 14 12 6 4 3 2 2 2 0 0 0
"67" 67 0.0298507462687 251 94 33 28 18 13 13 10 10 8 5 5 4 4 2 1 1 0 0 0
"68" 68 0.0149253731343 296 55 49 23 20 12 11 11 10 6 5 2 0 0 0 0 0 0 0 0
"69" 69 0.43795620438 142 97 91 35 29 20 17 15 11 9 7 7 7 5 4 2 2 0 0 0
"70" 70 0.419689119171 208 95 81 35 17 14 12 9 8 5 5 3 2 2 2 1 1 0 0 0
"71" 71 0.129353233831 240 55 31 26 24 23 21 20 20 19 8 3 3 2 2 2 1 0 0 0
"72" 72 0.682051282051 146 111 70 60 37 25 14 13 10 6 4 3 1 0 0 0 0 0 0 0
"73" 73 0.509933774834 97 67 63 45 43 42 23 20 20 20 19 12 11 7 4 3 2 2 0 0
"74" 74 0.0 188 168 58 21 12 11 9 7 6 5 5 4 3 1 1 1 0 0 0 0
"75" 75 0.220125786164 141 78 51 49 43 32 24 23 23 19 8 5 2 1 1 0 0 0 0 0
"76" 76 0.709821428571 244 95 76 48 15 12 5 2 1 1 1 0 0 0 0 0 0 0 0 0
"77" 77 0.549222797927 136 132 94 38 33 31 22 8 4 1 1 0 0 0 0 0 0 0 0 0
"78" 78 0.0152284263959 158 105 63 53 45 17 12 10 8 7 6 5 4 3 2 1 1 0 0 0
"79" 79 0.259124087591 221 125 61 37 15 14 6 5 5 3 3 2 1 1 1 0 0 0 0 0
"80" 80 0.517441860465 166 161 44 25 23 19 17 15 13 12 3 1 1 0 0 0 0 0 0 0
"81" 81 0.308139534884 91 82 73 62 37 36 32 31 9 9 8 8 6 5 4 3 2 2 0 0
"82" 82 0.0 99 78 66 41 41 33 29 29 26 16 14 10 7 3 3 2 2 1 0 0
"83" 83 0.332116788321 207 181 44 22 8 8 8 7 3 3 3 3 2 1 0 0 0 0 0 0
"84" 84 0.317948717949 157 118 60 45 35 22 20 11 11 10 3 3 2 2 1 0 0 0 0 0
"85" 85 0.0871794871795 226 56 35 27 27 25 24 17 15 10 10 8 7 6 4 2 1 0 0 0
"86" 86 0.00961538461538 308 51 41 23 19 18 15 9 4 4 3 3 2 0 0 0 0 0 0 0
"87" 87 0.00961538461538 454 30 8 3 1 1 1 1 1 0 0 0 0 0 0 0 0 0 0 0
"88" 88 0.0 304 84 45 22 17 14 11 1 1 1 0 0 0 0 0 0 0 0 0 0
"89" 89 0.00478468899522 187 111 74 47 13 12 11 11 8 6 5 4 4 3 3 1 0 0 0 0
"90" 90 0.0 189 103 51 34 29 27 25 15 15 6 5 1 0 0 0 0 0 0 0 0
"91" 91 0.0 118 65 64 61 55 49 40 12 7 7 5 5 5 5 1 1 0 0 0 0
"92" 92 0.0 430 21 13 9 7 6 4 4 2 2 1 1 0 0 0 0 0 0 0 0
"93" 93 0.0116279069767 116 95 60 53 50 37 19 14 13 13 7 7 5 5 3 3 0 0 0 0
"94" 94 0.00507614213198 152 133 73 41 29 25 13 12 9 6 3 2 2 0 0 0 0 0 0 0
"95" 95 0.00836820083682 318 77 55 35 9 2 1 1 1 1 0 0 0 0 0 0 0 0 0 0
"96" 96 0.0141843971631 374 51 18 11 10 9 5 4 3 3 3 2 2 2 1 1 1 0 0 0
"97" 97 0.152466367713 115 93 77 65 45 31 21 14 13 10 4 4 3 3 1 1 0 0 0 0
"98" 98 0.0 173 83 61 52 46 30 20 11 8 4 4 3 3 2 0 0 0 0 0 0
"99" 99 0.00917431192661 163 119 87 63 21 11 11 10 6 3 3 1 1 1 0 0 0 0 0 0
"100" 100 0.119205298013 161 125 83 67 42 8 6 4 2 1 1 0 0 0 0 0 0 0 0 0
"101" 101 0.308176100629 252 108 39 34 16 7 7 7 6 6 5 4 3 2 2 1 1 0 0 0
"102" 102 0.787564766839 269 70 38 31 24 24 22 12 7 2 1 0 0 0 0 0 0 0 0 0
"103" 103 0.153846153846 500 0 0 0 0 0 0 0 0 0 0 0 0 0 0 0 0 0 0 0
"104" 104 0.163461538462 500 0 0 0 0 0 0 0 0 0 0 0 0 0 0 0 0 0 0 0
"105" 105 0.548076923077 500 0 0 0 0 0 0 0 0 0 0 0 0 0 0 0 0 0 0 0
"106" 106 0.556053811659 208 87 33 28 24 24 22 22 11 10 8 5 5 4 3 2 2 2 0 0
"107" 107 0.11320754717 322 86 36 19 12 5 5 3 3 3 2 2 2 0 0 0 0 0 0 0
"108" 108 0.453488372093 144 76 71 55 54 18 16 14 10 10 10 8 8 3 2 1 0 0 0 0
"109" 109 0.423076923077 500 0 0 0 0 0 0 0 0 0 0 0 0 0 0 0 0 0 0 0
"110" 110 0.512953367876 130 101 47 46 35 31 31 27 20 9 4 4 4 3 2 2 2 2 0 0
"111" 111 0.0 164 63 57 48 40 20 20 19 19 16 9 8 4 4 3 3 1 1 1 0
"112" 112 0.108527131783 125 70 61 45 44 33 31 27 24 17 10 7 4 1 1 0 0 0 0 0
"113" 113 0.542600896861 140 73 72 62 39 31 25 25 23 3 3 2 1 1 0 0 0 0 0 0
"114" 114 0.196428571429 99 64 52 51 51 43 38 29 14 12 11 7 7 7 6 5 3 1 0 0
"115" 115 0.0 139 115 55 54 48 18 12 11 10 10 9 7 7 3 1 1 0 0 0 0
"116" 116 0.410256410256 113 77 77 56 32 29 28 19 16 15 12 7 6 5 3 2 2 1 0 0
"117" 117 0.704035874439 145 71 69 58 42 39 26 20 8 8 5 5 2 1 1 0 0 0 0 0
"118" 118 0.389534883721 72 71 64 57 45 44 38 29 22 19 12 6 5 5 5 3 3 0 0 0
"119" 119 0.117154811715 378 46 42 28 2 1 1 1 1 0 0 0 0 0 0 0 0 0 0 0
"120" 120 0.538461538462 500 0 0 0 0 0 0 0 0 0 0 0 0 0 0 0 0 0 0 0
"121" 121 0.238410596026 223 88 57 38 33 30 15 4 3 3 3 2 1 0 0 0 0 0 0 0
"122" 122 0.0627615062762 153 73 67 45 36 33 25 14 14 12 10 6 5 3 3 1 0 0 0 0
"123" 123 0.424107142857 170 145 47 43 20 18 16 15 9 5 4 3 3 1 1 0 0 0 0 0
"124" 124 0.316964285714 137 81 52 48 43 33 28 20 18 12 6 6 5 5 4 1 1 0 0 0
"125" 125 0.0 200 88 78 40 35 13 11 11 11 4 3 2 1 1 1 1 0 0 0 0
"126" 126 0.240506329114 161 94 74 73 34 25 12 7 4 4 3 3 2 2 1 1 0 0 0 0
"127" 127 0.556962025316 98 95 80 40 36 35 32 30 17 17 16 2 2 0 0 0 0 0 0 0
"128" 128 0.300448430493 190 75 50 49 26 23 17 16 15 12 8 8 5 3 2 1 0 0 0 0
"129" 129 0.0 300 65 39 34 25 10 6 5 5 3 2 2 1 1 1 1 0 0 0 0
"130" 130 0.14358974359 110 89 61 58 55 25 22 22 14 14 13 6 5 4 2 0 0 0 0 0
"131" 131 0.551569506726 90 90 73 65 52 35 26 16 13 11 9 8 8 3 1 0 0 0 0 0
"132" 132 0.15503875969 112 64 50 48 45 38 26 25 20 20 13 12 10 7 7 2 1 0 0 0
"133" 133 0.0 193 172 107 5 4 4 4 2 2 2 1 1 1 1 1 0 0 0 0 0
"134" 134 0.394230769231 122 64 60 45 41 28 26 21 19 14 14 12 9 7 6 6 5 1 0 0
"135" 135 0.626943005181 101 67 62 58 44 42 26 18 18 16 16 7 6 5 5 4 3 2 0 0
"136" 136 0.211678832117 307 63 45 20 12 10 10 9 8 4 3 3 2 2 1 1 0 0 0 0
"137" 137 0.832635983264 115 115 95 62 27 25 23 16 10 9 1 1 1 0 0 0 0 0 0 0
"138" 138 0.394230769231 500 0 0 0 0 0 0 0 0 0 0 0 0 0 0 0 0 0 0 0
"139" 139 0.258278145695 101 96 56 55 37 29 23 20 14 13 13 11 7 7 7 6 4 1 0 0
"140" 140 0.0 500 0 0 0 0 0 0 0 0 0 0 0 0 0 0 0 0 0 0 0
"141" 141 0.00354609929078 297 40 39 36 29 17 15 9 8 4 4 1 1 0 0 0 0 0 0 0
"142" 142 0.0 203 159 50 48 13 10 7 5 2 1 1 1 0 0 0 0 0 0 0 0
"143" 143 0.00354609929078 182 142 58 57 12 10 7 7 6 5 4 3 3 2 1 1 0 0 0 0
"144" 144 0.0 238 61 58 47 28 23 15 10 6 4 4 3 2 1 0 0 0 0 0 0
"145" 145 0.0 222 181 52 20 10 3 3 2 2 2 1 1 1 0 0 0 0 0 0 0
"146" 146 0.127737226277 106 63 57 54 50 43 40 30 13 13 12 9 5 2 2 1 0 0 0 0
"147" 147 0.0923076923077 171 166 97 22 10 10 9 7 3 2 1 1 1 0 0 0 0 0 0 0
"148" 148 0.62893081761 218 78 59 52 37 29 16 4 4 3 0 0 0 0 0 0 0 0 0 0
"149" 149 0.708520179372 139 104 97 66 38 19 18 16 2 1 0 0 0 0 0 0 0 0 0 0
"150" 150 0.355769230769 473 26 1 0 0 0 0 0 0 0 0 0 0 0 0 0 0 0 0 0
"151" 151 0.47533632287 112 83 66 54 46 42 28 19 18 8 8 7 4 3 2 0 0 0 0 0
"152" 152 0.044776119403 280 74 43 19 18 16 14 7 5 5 5 4 3 3 1 1 1 1 0 0
"153" 153 0.367713004484 142 71 65 52 47 35 28 19 8 7 7 5 5 4 3 2 0 0 0 0
"154" 154 0.172413793103 202 133 51 36 35 13 6 6 5 5 4 3 1 0 0 0 0 0 0 0
"155" 155 0.137931034483 141 63 45 36 35 33 30 27 24 19 14 13 8 6 3 1 1 1 0 0
"156" 156 0.238410596026 186 104 42 41 40 23 16 13 7 6 6 5 4 3 3 1 0 0 0 0
"157" 157 0.0232558139535 124 104 74 48 32 23 22 17 13 12 12 6 5 3 3 2 0 0 0 0
"158" 158 0.276729559748 213 145 45 30 19 17 5 5 5 5 4 2 2 2 1 0 0 0 0 0
"159" 159 0.405128205128 485 15 0 0 0 0 0 0 0 0 0 0 0 0 0 0 0 0 0 0
"160" 160 0.0179372197309 354 60 22 21 17 8 7 3 3 2 2 1 0 0 0 0 0 0 0 0
"161" 161 0.0932642487047 118 108 102 80 40 11 11 9 7 6 3 2 1 1 1 0 0 0 0 0
"162" 162 0.0102564102564 346 50 37 28 13 6 5 4 4 3 2 2 0 0 0 0 0 0 0 0
"163" 163 0.0 383 44 29 27 8 3 2 2 1 1 0 0 0 0 0 0 0 0 0 0
"164" 164 0.0152284263959 396 25 22 11 9 7 7 6 4 3 3 2 2 2 1 0 0 0 0 0
"165" 165 0.275229357798 181 74 47 43 39 29 25 14 12 9 8 8 4 3 2 1 1 0 0 0
"166" 166 0.5 86 84 59 53 48 40 33 30 29 14 13 7 2 1 1 0 0 0 0 0
"167" 167 0.451923076923 397 103 0 0 0 0 0 0 0 0 0 0 0 0 0 0 0 0 0 0
"168" 168 0.0529801324503 82 73 71 58 54 45 38 33 14 12 9 5 5 1 0 0 0 0 0 0
"169" 169 0.110266159696 385 30 29 14 12 12 11 3 1 1 1 1 0 0 0 0 0 0 0 0
"170" 170 0.0 306 65 35 27 24 19 9 6 6 2 1 0 0 0 0 0 0 0 0 0
"171" 171 0.0 259 79 63 34 21 16 8 6 5 3 2 2 1 1 0 0 0 0 0 0
"172" 172 0.0 138 118 81 54 28 27 24 14 5 4 3 2 1 1 0 0 0 0 0 0
"173" 173 0.00961538461538 268 161 35 29 3 2 1 1 0 0 0 0 0 0 0 0 0 0 0 0
"174" 174 0.0 151 49 45 36 36 35 35 25 25 21 13 12 11 3 2 1 0 0 0 0
"175" 175 0.0 300 101 41 17 11 10 9 3 1 1 1 1 1 1 1 1 0 0 0 0
"176" 176 0.0 172 71 55 50 49 41 40 8 3 3 2 2 2 2 0 0 0 0 0 0
"177" 177 0.191489361702 137 121 85 62 34 28 10 5 5 4 4 2 1 1 1 0 0 0 0 0
"178" 178 0.504464285714 94 83 70 45 43 34 27 25 24 23 10 10 8 2 1 1 0 0 0 0
"179" 179 0.186602870813 147 87 77 76 27 22 14 13 13 10 5 3 3 2 1 0 0 0 0 0
"180" 180 0.0232558139535 187 180 72 17 10 8 7 5 3 2 2 2 2 1 1 1 0 0 0 0
"181" 181 0.0190114068441 224 191 81 3 1 0 0 0 0 0 0 0 0 0 0 0 0 0 0 0
"182" 182 0.410646387833 137 82 47 45 42 40 38 36 26 2 2 2 1 0 0 0 0 0 0 0
"183" 183 0.477611940299 78 76 60 50 38 36 26 26 25 21 21 21 8 8 4 1 1 0 0 0
"184" 184 0.28102189781 204 49 47 31 24 21 19 17 16 16 13 13 11 8 6 3 2 0 0 0
"185" 185 0.0228136882129 328 126 20 10 10 4 2 0 0 0 0 0 0 0 0 0 0 0 0 0
"186" 186 0.304932735426 452 21 18 8 1 0 0 0 0 0 0 0 0 0 0 0 0 0 0 0
"187" 187 0.610256410256 230 88 41 40 39 18 13 11 7 5 4 2 2 0 0 0 0 0 0 0
"188" 188 0.295620437956 136 110 55 53 38 27 18 17 15 11 10 5 3 2 0 0 0 0 0 0
"189" 189 0.113138686131 161 87 74 39 36 27 18 18 15 10 9 3 2 1 0 0 0 0 0 0
"190" 190 0.584905660377 152 114 54 50 27 25 23 17 12 11 6 4 3 1 1 0 0 0 0 0
"191" 191 0.397321428571 115 115 70 47 44 43 24 17 13 3 3 3 1 1 1 0 0 0 0 0
"192" 192 0.00380228136882 144 126 118 53 46 3 3 2 2 1 1 1 0 0 0 0 0 0 0 0
"193" 193 0.00995024875622 229 43 39 39 26 26 25 24 18 8 7 6 5 3 1 1 0 0 0 0
"194" 194 0.425641025641 148 113 78 43 18 18 16 15 11 9 8 7 5 4 3 2 2 0 0 0
"195" 195 0.251282051282 99 73 70 66 38 37 24 18 16 12 10 10 9 7 4 3 2 2 0 0
"196" 196 0.0 233 126 44 22 20 17 8 8 6 5 3 3 2 1 1 1 0 0 0 0
"197" 197 0.0248226950355 263 105 28 21 17 14 13 9 6 5 5 5 4 3 2 0 0 0 0 0
"198" 198 0.379487179487 164 124 65 28 27 23 20 14 9 8 7 6 2 2 1 0 0 0 0 0
"199" 199 0.0 119 95 85 54 28 25 22 16 13 12 9 6 6 4 3 2 1 0 0 0
"200" 200 0.0 137 132 44 43 33 25 23 13 13 12 9 9 3 2 1 1 0 0 0 0
"201" 201 0.148717948718 372 41 28 15 15 6 5 5 4 4 2 2 1 0 0 0 0 0 0 0
"202" 202 0.0425531914894 338 56 54 35 3 3 3 2 2 1 1 1 1 0 0 0 0 0 0 0
"203" 203 0.450331125828 241 77 56 54 28 18 10 6 2 2 2 1 1 1 1 0 0 0 0 0
"204" 204 0.0982142857143 96 74 58 53 44 34 33 31 26 21 12 11 3 3 1 0 0 0 0 0
"205" 205 0.0 149 99 57 40 39 23 20 20 19 17 9 3 1 1 1 1 1 0 0 0
"206" 206 0.0923076923077 137 90 73 47 27 27 20 13 12 12 10 8 7 6 6 2 2 1 0 0
"207" 207 0.456204379562 163 128 68 31 30 30 21 8 8 4 4 3 2 0 0 0 0 0 0 0
"208" 208 0.0 411 19 16 10 6 6 6 4 4 4 4 3 3 2 2 0 0 0 0 0
"209" 209 0.046511627907 143 76 72 36 30 27 27 19 15 13 12 10 6 6 4 3 1 0 0 0
"210" 210 0.569506726457 100 99 80 68 47 41 16 15 12 9 5 3 3 1 1 0 0 0 0 0
"211" 211 0.410852713178 116 105 73 53 39 28 22 10 10 10 9 7 6 4 3 3 1 1 0 0
"212" 212 0.271523178808 221 187 85 4 2 1 0 0 0 0 0 0 0 0 0 0 0 0 0 0
