"site" "RSA" "aa1" "aa2" "aa3" "aa4" "aa5" "aa6" "aa7" "aa8" "aa9" "aa10" "aa11" "aa12" "aa13" "aa14" "aa15" "aa16" "aa17" "aa18" "aa19" "aa20"
"0" 0 1.09271523179 214 104 87 71 9 5 4 3 2 1 0 0 0 0 0 0 0 0 0 0
"1" 1 0.846715328467 142 63 56 53 52 43 34 22 12 9 7 2 2 1 1 1 0 0 0 0
"2" 2 0.886075949367 182 107 61 55 51 31 5 4 3 1 0 0 0 0 0 0 0 0 0 0
"3" 3 0.270042194093 75 70 63 46 44 41 40 32 26 19 11 8 8 7 6 2 1 1 0 0
"4" 4 0.574358974359 303 46 43 30 20 10 9 8 7 7 5 4 3 2 2 1 0 0 0 0
"5" 5 0.177664974619 90 86 80 51 41 29 25 23 22 18 11 7 5 4 3 2 2 1 0 0
"6" 6 0.00995024875622 346 38 36 24 20 7 7 6 6 5 2 2 1 0 0 0 0 0 0 0
"7" 7 0.113924050633 119 108 84 55 43 32 13 12 11 8 6 5 3 1 0 0 0 0 0 0
"8" 8 0.0 210 205 53 11 9 6 2 1 1 1 1 0 0 0 0 0 0 0 0 0
"9" 9 0.0 119 119 90 47 32 29 27 19 5 5 4 2 1 1 0 0 0 0 0 0
"10" 10 0.00507614213198 148 116 105 82 18 10 6 5 3 2 2 1 1 1 0 0 0 0 0 0
"11" 11 0.0 264 118 20 15 13 12 11 11 9 7 7 6 3 1 1 1 1 0 0 0
"12" 12 0.0 500 0 0 0 0 0 0 0 0 0 0 0 0 0 0 0 0 0 0 0
"13" 13 0.145077720207 189 120 40 34 23 23 22 14 13 10 4 2 2 2 1 1 0 0 0 0
"14" 14 0.370860927152 61 57 56 45 41 40 36 33 32 28 17 14 10 9 8 6 5 2 0 0
"15" 15 0.471153846154 500 0 0 0 0 0 0 0 0 0 0 0 0 0 0 0 0 0 0 0
"16" 16 0.00574712643678 174 143 105 49 12 10 6 1 0 0 0 0 0 0 0 0 0 0 0 0
"17" 17 0.134615384615 494 3 2 1 0 0 0 0 0 0 0 0 0 0 0 0 0 0 0 0
"18" 18 0.0506329113924 131 124 72 41 37 27 27 18 12 8 2 1 0 0 0 0 0 0 0 0
"19" 19 0.127906976744 85 59 56 52 50 43 43 32 23 11 11 9 9 6 5 3 3 0 0 0
"20" 20 0.12582781457 93 90 83 65 57 22 20 18 16 10 7 7 4 3 2 2 1 0 0 0
"21" 21 0.0 237 72 45 41 27 24 15 12 9 6 5 4 2 1 0 0 0 0 0 0
"22" 22 0.045871559633 208 133 41 36 26 20 13 8 6 4 3 2 0 0 0 0 0 0 0 0
"23" 23 0.200956937799 87 83 58 46 40 40 25 21 19 17 14 14 13 9 9 5 0 0 0 0
"24" 24 0.171532846715 166 159 71 37 26 12 8 5 4 3 3 2 2 1 1 0 0 0 0 0
"25" 25 0.06463878327 147 126 81 65 14 11 10 10 9 9 9 5 3 1 0 0 0 0 0 0
"26" 26 0.109195402299 359 65 35 13 7 7 6 2 2 1 1 1 1 0 0 0 0 0 0 0
"27" 27 0.353846153846 200 167 50 36 16 9 6 5 5 2 1 1 1 1 0 0 0 0 0 0
"28" 28 0.575129533679 175 107 70 46 32 27 17 12 7 5 2 0 0 0 0 0 0 0 0 0
"29" 29 0.565400843882 99 83 80 68 48 39 24 16 10 9 8 7 4 2 2 1 0 0 0 0
"30" 30 0.266159695817 202 121 83 28 14 13 9 9 8 5 5 2 1 0 0 0 0 0 0 0
"31" 31 0.344370860927 142 63 61 56 43 23 21 16 14 14 14 12 10 9 1 1 0 0 0 0
"32" 32 0.52466367713 123 94 92 45 43 28 21 19 17 8 5 4 1 0 0 0 0 0 0 0
"33" 33 0.766816143498 156 99 91 51 45 15 12 11 9 6 5 0 0 0 0 0 0 0 0 0
"34" 34 0.269961977186 154 141 79 61 16 16 10 4 4 4 3 3 2 1 1 1 0 0 0 0
"35" 35 0.763713080169 160 96 58 58 55 31 10 9 8 5 2 2 2 1 1 1 1 0 0 0
"36" 36 0.395348837209 83 64 63 56 39 35 30 23 18 18 15 12 12 10 8 5 4 4 1 0
"37" 37 0.174418604651 116 82 74 51 45 33 19 18 15 8 8 7 6 5 5 5 2 1 0 0
"38" 38 0.527918781726 93 86 62 57 42 34 33 24 16 15 13 7 6 5 4 3 0 0 0 0
"39" 39 0.0769230769231 500 0 0 0 0 0 0 0 0 0 0 0 0 0 0 0 0 0 0 0
"40" 40 0.124031007752 170 76 43 41 38 30 19 19 18 16 12 7 5 2 2 1 1 0 0 0
"41" 41 0.569948186528 302 46 32 23 19 15 13 12 12 9 4 4 3 2 2 1 1 0 0 0
"42" 42 0.297071129707 232 212 26 12 6 5 5 1 1 0 0 0 0 0 0 0 0 0 0 0
"43" 43 0.258706467662 181 108 69 50 28 21 10 9 6 6 5 2 2 1 1 1 0 0 0 0
"44" 44 0.418604651163 274 84 42 23 18 12 9 8 7 6 5 4 3 2 1 1 1 0 0 0
"45" 45 0.240506329114 165 112 85 50 29 18 14 7 6 4 3 3 2 1 1 0 0 0 0 0
"46" 46 0.616071428571 104 63 48 39 35 35 32 29 20 18 18 17 12 7 6 6 6 5 0 0
"47" 47 0.132183908046 181 65 62 49 34 30 15 10 9 8 8 7 6 6 5 2 2 1 0 0
"48" 48 0.523255813953 126 85 82 64 53 31 16 11 7 6 5 5 5 2 1 1 0 0 0 0
"49" 49 0.051724137931 133 124 79 29 27 24 21 17 12 8 7 6 5 3 3 1 1 0 0 0
"50" 50 0.683937823834 261 117 31 21 20 15 13 11 7 4 0 0 0 0 0 0 0 0 0 0
"51" 51 0.567307692308 495 5 0 0 0 0 0 0 0 0 0 0 0 0 0 0 0 0 0 0
"52" 52 0.79274611399 157 102 87 54 41 12 12 11 7 6 6 4 1 0 0 0 0 0 0 0
"53" 53 0.518987341772 115 66 56 54 49 35 29 20 19 17 16 12 4 4 3 1 0 0 0 0
"54" 54 0.706896551724 69 67 61 57 48 46 32 27 26 15 10 9 9 8 8 4 3 1 0 0
"55" 55 0.100775193798 114 106 92 42 30 19 17 14 13 13 12 6 6 6 5 2 2 1 0 0
"56" 56 0.168604651163 128 104 93 42 33 23 19 17 13 10 5 4 4 3 1 1 0 0 0 0
"57" 57 0.0 74 72 68 62 58 50 39 24 19 17 13 2 1 1 0 0 0 0 0 0
"58" 58 0.152466367713 172 114 63 55 26 15 13 12 9 8 5 4 2 1 1 0 0 0 0 0
"59" 59 0.0 152 117 117 64 19 7 6 5 5 3 2 1 1 1 0 0 0 0 0 0
"60" 60 0.124113475177 285 78 47 40 39 6 3 1 1 0 0 0 0 0 0 0 0 0 0 0
"61" 61 0.0466321243523 206 85 84 41 31 25 11 7 3 2 2 2 1 0 0 0 0 0 0 0
"62" 62 0.0348837209302 230 110 87 15 11 10 9 8 5 4 3 3 3 2 0 0 0 0 0 0
"63" 63 0.0387596899225 323 155 7 6 5 3 1 0 0 0 0 0 0 0 0 0 0 0 0 0
"64" 64 0.144230769231 486 7 3 1 1 1 1 0 0 0 0 0 0 0 0 0 0 0 0 0
"65" 65 0.291479820628 135 111 39 39 29 27 20 20 19 18 14 7 7 6 4 3 2 0 0 0
"66" 66 0.732142857143 207 122 43 39 30 16 14 10 7 6 4 2 0 0 0 0 0 0 0 0
"67" 67 0.715328467153 128 103 75 56 46 45 17 9 7 6 3 3 1 1 0 0 0 0 0 0
"68" 68 0.142259414226 152 133 62 49 30 15 14 14 12 7 5 3 2 1 1 0 0 0 0 0
"69" 69 0.269058295964 169 95 74 47 37 22 12 10 9 8 7 4 2 2 1 1 0 0 0 0
"70" 70 0.58940397351 133 121 41 41 39 31 20 20 15 12 7 6 6 5 2 1 0 0 0 0
"71" 71 0.532338308458 97 88 79 49 37 32 32 22 19 12 10 7 7 5 2 1 1 0 0 0
"72" 72 0.432692307692 500 0 0 0 0 0 0 0 0 0 0 0 0 0 0 0 0 0 0 0
"73" 73 0.195402298851 118 95 51 51 35 33 28 26 15 12 8 8 7 7 5 1 0 0 0 0
"74" 74 0.410852713178 127 119 54 49 37 31 24 15 12 11 7 6 5 3 0 0 0 0 0 0
"75" 75 0.138075313808 111 76 60 40 40 40 28 25 25 24 13 11 2 2 1 1 1 0 0 0
"76" 76 0.0266159695817 122 118 53 46 40 26 18 17 16 13 9 8 7 6 1 0 0 0 0 0
"77" 77 0.485401459854 197 55 44 41 40 29 20 19 10 10 9 9 6 5 3 2 1 0 0 0
"78" 78 0.548076923077 493 7 0 0 0 0 0 0 0 0 0 0 0 0 0 0 0 0 0 0
"79" 79 0.062015503876 280 181 16 8 4 4 3 2 1 1 0 0 0 0 0 0 0 0 0 0
"80" 80 0.0880829015544 277 126 39 27 12 6 5 3 2 1 1 1 0 0 0 0 0 0 0 0
"81" 81 0.0 178 156 116 17 14 8 4 4 3 0 0 0 0 0 0 0 0 0 0 0
"82" 82 0.0 179 161 69 36 25 14 11 3 1 1 0 0 0 0 0 0 0 0 0 0
"83" 83 0.0 260 100 36 28 25 13 12 9 9 4 3 1 0 0 0 0 0 0 0 0
"84" 84 0.0 290 107 89 7 4 2 1 0 0 0 0 0 0 0 0 0 0 0 0 0
"85" 85 0.0 285 102 64 30 9 3 2 1 1 1 1 1 0 0 0 0 0 0 0 0
"86" 86 0.00380228136882 218 126 48 45 29 10 8 6 5 4 1 0 0 0 0 0 0 0 0 0
"87" 87 0.0466321243523 311 94 53 37 2 2 1 0 0 0 0 0 0 0 0 0 0 0 0 0
"88" 88 0.0172413793103 394 25 22 17 8 8 6 5 5 5 4 1 0 0 0 0 0 0 0 0
"89" 89 0.232558139535 261 169 27 11 9 8 6 4 2 2 1 0 0 0 0 0 0 0 0 0
"90" 90 0.369230769231 400 49 24 5 5 3 3 2 2 2 2 1 1 1 0 0 0 0 0 0
"91" 91 0.286821705426 122 77 74 65 45 34 28 17 15 6 4 3 3 2 2 2 1 0 0 0
"92" 92 0.364238410596 318 52 41 41 25 9 5 4 3 1 1 0 0 0 0 0 0 0 0 0
"93" 93 0.0132450331126 440 30 11 7 4 4 3 1 0 0 0 0 0 0 0 0 0 0 0 0
"94" 94 0.146443514644 232 93 51 34 23 21 15 14 6 3 2 2 2 1 1 0 0 0 0 0
"95" 95 0.589285714286 93 90 68 60 43 35 27 25 25 13 12 8 1 0 0 0 0 0 0 0
"96" 96 0.261538461538 124 111 86 80 26 18 15 8 8 6 5 3 3 3 2 2 0 0 0 0
"97" 97 0.0 250 49 42 39 27 26 13 12 12 7 7 6 6 4 0 0 0 0 0 0
"98" 98 0.396624472574 143 55 52 50 42 40 34 26 14 10 10 8 6 4 3 2 1 0 0 0
"99" 99 0.483443708609 116 73 72 49 49 40 31 28 17 10 8 4 2 1 0 0 0 0 0 0
"100" 100 0.0815602836879 321 71 35 26 16 15 7 5 2 2 0 0 0 0 0 0 0 0 0 0
"101" 101 0.226277372263 169 121 73 30 29 20 14 11 10 10 6 3 2 2 0 0 0 0 0 0
"102" 102 0.248704663212 189 83 68 48 39 26 14 11 8 7 3 2 1 1 0 0 0 0 0 0
"103" 103 0.28125 127 93 89 76 36 18 18 14 9 6 5 3 2 2 1 1 0 0 0 0
"104" 104 0.0 286 127 48 12 7 7 4 2 2 2 1 1 1 0 0 0 0 0 0 0
"105" 105 0.169154228856 184 106 37 37 28 26 24 18 16 8 6 4 2 2 1 1 0 0 0 0
"106" 106 0.580459770115 223 59 52 38 37 29 16 15 14 5 4 4 3 1 0 0 0 0 0 0
"107" 107 0.382775119617 221 52 34 33 33 31 26 17 14 14 8 7 5 3 1 1 0 0 0 0
"108" 108 0.015503875969 227 185 30 28 10 7 4 3 3 2 1 0 0 0 0 0 0 0 0 0
"109" 109 0.610256410256 368 86 18 7 6 5 4 3 2 1 0 0 0 0 0 0 0 0 0 0
"110" 110 0.155172413793 93 91 74 62 40 34 23 18 18 15 13 5 5 4 2 1 1 1 0 0
"111" 111 0.85641025641 139 122 107 58 29 16 10 5 5 3 3 1 1 1 0 0 0 0 0 0
"112" 112 0.304635761589 262 96 60 27 23 10 5 5 5 2 2 2 1 0 0 0 0 0 0 0
"113" 113 0.320754716981 85 75 64 43 42 41 31 27 19 17 17 14 11 7 4 1 1 1 0 0
"114" 114 0.727678571429 214 85 62 49 49 17 7 5 5 4 3 0 0 0 0 0 0 0 0 0
"115" 115 0.575581395349 104 85 74 67 65 23 23 21 17 7 5 5 2 2 0 0 0 0 0 0
"116" 116 0.0418410041841 269 156 70 2 1 1 1 0 0 0 0 0 0 0 0 0 0 0 0 0
"117" 117 0.119496855346 170 120 105 31 16 14 10 9 6 4 3 3 2 2 2 1 1 1 0 0
"118" 118 0.0585774058577 322 157 16 2 1 1 1 0 0 0 0 0 0 0 0 0 0 0 0 0
"119" 119 0.0 160 120 105 30 25 24 17 17 1 1 0 0 0 0 0 0 0 0 0 0
"120" 120 0.010152284264 217 110 73 38 16 10 8 6 6 5 3 3 2 2 1 0 0 0 0 0
"121" 121 0.00497512437811 204 156 33 25 21 17 16 12 9 2 2 2 1 0 0 0 0 0 0 0
"122" 122 0.0 225 65 40 33 30 22 21 13 11 11 9 7 6 3 3 1 0 0 0 0
"123" 123 0.0307692307692 223 95 93 42 40 2 2 1 1 1 0 0 0 0 0 0 0 0 0 0
"124" 124 0.278481012658 235 120 55 52 13 11 10 3 1 0 0 0 0 0 0 0 0 0 0 0
"125" 125 0.208121827411 418 19 18 7 7 6 6 5 5 3 3 2 1 0 0 0 0 0 0 0
"126" 126 0.300518134715 190 167 44 24 20 16 16 7 6 5 3 2 0 0 0 0 0 0 0 0
"127" 127 0.062015503876 239 126 32 30 25 16 8 8 4 3 3 2 1 1 1 1 0 0 0 0
"128" 128 0.535714285714 129 95 53 49 41 35 31 31 17 5 4 4 3 2 1 0 0 0 0 0
"129" 129 0.625 172 117 70 49 38 30 14 7 2 1 0 0 0 0 0 0 0 0 0 0
"130" 130 0.682119205298 111 108 86 70 50 50 8 8 3 3 2 1 0 0 0 0 0 0 0 0
"131" 131 0.396624472574 206 95 55 38 32 16 14 13 12 11 6 2 0 0 0 0 0 0 0 0
"132" 132 0.194092827004 185 127 57 33 27 21 12 8 8 6 3 3 3 3 2 2 0 0 0 0
"133" 133 0.53807106599 90 72 55 51 46 37 36 32 19 18 13 12 9 7 2 1 0 0 0 0
"134" 134 0.109195402299 305 52 35 31 28 19 6 6 5 4 3 3 2 1 0 0 0 0 0 0
"135" 135 0.370860927152 142 87 75 56 39 24 15 13 12 10 9 6 3 3 2 2 2 0 0 0
"136" 136 0.504464285714 83 71 67 61 44 40 32 24 23 14 9 7 7 6 5 3 3 1 0 0
"137" 137 0.248945147679 180 92 65 54 28 27 17 9 9 8 6 2 1 1 1 0 0 0 0 0
"138" 138 0.344370860927 125 105 68 41 38 31 31 19 11 10 7 4 4 3 2 1 0 0 0 0
"139" 139 0.0077519379845 220 66 53 47 25 25 17 12 10 7 5 5 3 2 2 1 0 0 0 0
"140" 140 0.412556053812 167 119 71 44 35 16 13 8 6 6 5 3 2 2 1 1 1 0 0 0
"141" 141 0.625 141 104 85 67 22 18 15 13 10 10 5 4 3 2 1 0 0 0 0 0
"142" 142 0.169154228856 148 58 57 56 47 39 31 18 15 10 5 4 4 3 3 2 0 0 0 0
"143" 143 0.031007751938 400 31 19 18 7 7 4 4 3 3 1 1 1 1 0 0 0 0 0 0
"144" 144 0.561181434599 89 80 74 66 36 32 27 27 21 18 9 8 6 4 2 1 0 0 0 0
"145" 145 0.569536423841 108 60 55 55 54 47 37 31 26 8 6 4 4 4 1 0 0 0 0 0
"146" 146 0.0945273631841 136 90 55 39 34 24 21 19 15 15 13 10 10 7 6 4 2 0 0 0
"147" 147 0.509615384615 500 0 0 0 0 0 0 0 0 0 0 0 0 0 0 0 0 0 0 0
"148" 148 0.616580310881 290 155 16 14 9 7 4 4 1 0 0 0 0 0 0 0 0 0 0 0
"149" 149 0.0862944162437 87 83 82 70 48 35 33 19 17 15 4 2 2 1 1 1 0 0 0 0
"150" 150 0.270440251572 135 54 46 40 37 30 29 25 24 22 16 11 10 9 7 3 2 0 0 0
"151" 151 0.129353233831 160 110 82 79 22 12 10 9 7 3 2 2 1 1 0 0 0 0 0 0
"152" 152 0.154811715481 188 91 49 37 32 32 29 11 6 6 5 5 4 3 2 0 0 0 0 0
"153" 153 0.169154228856 111 105 66 35 33 31 22 22 21 17 8 8 7 5 4 4 1 0 0 0
"154" 154 0.0 314 62 57 34 29 1 1 1 1 0 0 0 0 0 0 0 0 0 0 0
"155" 155 0.0 438 36 10 5 5 2 1 1 1 1 0 0 0 0 0 0 0 0 0 0
"156" 156 0.015503875969 244 160 31 25 14 10 5 5 3 1 1 1 0 0 0 0 0 0 0 0
"157" 157 0.362869198312 219 75 67 33 32 21 16 13 10 5 4 3 1 1 0 0 0 0 0 0
"158" 158 0.451282051282 150 95 51 49 45 27 26 19 16 10 7 3 1 1 0 0 0 0 0 0
"159" 159 0.418604651163 162 159 68 49 31 8 7 7 5 2 1 1 0 0 0 0 0 0 0 0
"160" 160 0.350253807107 283 60 32 29 21 18 13 13 11 8 6 3 3 0 0 0 0 0 0 0
"161" 161 0.297435897436 338 66 41 36 6 5 3 2 1 1 1 0 0 0 0 0 0 0 0 0
"162" 162 0.0114942528736 320 100 21 15 9 8 8 7 7 2 2 1 0 0 0 0 0 0 0 0
"163" 163 0.523316062176 120 67 65 51 47 39 34 19 16 9 8 7 6 6 3 2 1 0 0 0
"164" 164 0.325581395349 100 98 91 47 44 42 24 22 8 4 4 4 4 3 3 1 1 0 0 0
"165" 165 0.0 364 62 37 17 7 6 3 1 1 1 1 0 0 0 0 0 0 0 0 0
"166" 166 0.00418410041841 249 79 44 27 27 19 16 15 9 5 4 3 2 1 0 0 0 0 0 0
"167" 167 0.482142857143 108 94 64 57 43 34 21 20 15 12 9 8 7 6 2 0 0 0 0 0
"168" 168 0.191964285714 92 82 54 41 37 28 26 23 23 19 18 18 15 10 7 5 2 0 0 0
"169" 169 0.0 235 67 52 49 32 21 21 10 5 3 3 2 0 0 0 0 0 0 0 0
"170" 170 0.0387596899225 192 61 48 38 28 26 20 16 14 13 11 9 7 5 5 3 3 1 0 0
"171" 171 0.339416058394 230 108 36 34 19 16 12 11 10 8 6 3 2 2 2 1 0 0 0 0
"172" 172 0.0596026490066 68 62 61 59 48 39 37 33 22 18 14 13 11 7 6 2 0 0 0 0
"173" 173 0.0 413 47 38 1 1 0 0 0 0 0 0 0 0 0 0 0 0 0 0 0
"174" 174 0.129353233831 77 69 56 55 52 50 43 43 12 11 8 7 5 5 3 3 1 0 0 0
"175" 175 0.659192825112 115 83 78 55 52 51 26 16 5 5 4 3 2 2 1 1 1 0 0 0
"176" 176 0.282511210762 132 73 54 43 40 34 26 24 22 14 11 9 6 5 4 3 0 0 0 0
"177" 177 0.148717948718 206 143 26 24 21 16 14 11 10 9 8 7 3 2 0 0 0 0 0 0
"178" 178 0.591928251121 82 72 67 43 42 42 36 21 20 15 12 12 11 9 7 5 3 1 0 0
"179" 179 0.914728682171 172 57 57 53 41 38 23 21 14 8 6 4 3 2 1 0 0 0 0 0
