"site" "RSA" "aa1" "aa2" "aa3" "aa4" "aa5" "aa6" "aa7" "aa8" "aa9" "aa10" "aa11" "aa12" "aa13" "aa14" "aa15" "aa16" "aa17" "aa18" "aa19" "aa20"
"0" 0 0.5 20 0 0 0 0 0 0 0 0 0 0 0 0 0 0 0 0 0 0 0
"1" 1 0.630769230769 7 5 2 2 2 1 1 0 0 0 0 0 0 0 0 0 0 0 0 0
"2" 2 0.649746192893 4 4 4 3 2 1 1 1 1 0 0 0 0 0 0 0 0 0 0 0
"3" 3 0.092050209205 14 4 4 1 1 0 0 0 0 0 0 0 0 0 0 0 0 0 0 0
"4" 4 0.0397350993377 21 5 2 1 0 0 0 0 0 0 0 0 0 0 0 0 0 0 0 0
"5" 5 0.456953642384 11 10 5 2 2 1 0 0 0 0 0 0 0 0 0 0 0 0 0 0
"6" 6 0.0733944954128 19 4 3 2 1 1 1 1 1 0 0 0 0 0 0 0 0 0 0 0
"7" 7 0.0167364016736 20 5 4 1 1 1 1 0 0 0 0 0 0 0 0 0 0 0 0 0
"8" 8 0.378238341969 10 5 4 4 2 2 2 2 1 1 0 0 0 0 0 0 0 0 0 0
"9" 9 0.430379746835 11 7 6 3 2 1 1 1 1 0 0 0 0 0 0 0 0 0 0 0
"10" 10 0.0298507462687 25 3 2 1 1 1 0 0 0 0 0 0 0 0 0 0 0 0 0 0
"11" 11 0.63475177305 20 7 2 2 1 1 1 1 0 0 0 0 0 0 0 0 0 0 0 0
"12" 12 0.615384615385 2 1 1 0 0 0 0 0 0 0 0 0 0 0 0 0 0 0 0 0
"13" 13 0.172185430464 22 4 2 2 2 1 1 1 1 1 0 0 0 0 0 0 0 0 0 0
"14" 14 0.805128205128 17 7 5 5 1 1 1 0 0 0 0 0 0 0 0 0 0 0 0 0
"15" 15 0.227848101266 24 4 3 2 1 1 1 1 0 0 0 0 0 0 0 0 0 0 0 0
"16" 16 0.504464285714 29 4 2 2 1 1 0 0 0 0 0 0 0 0 0 0 0 0 0 0
"17" 17 0.0348258706468 16 7 6 5 2 1 1 1 0 0 0 0 0 0 0 0 0 0 0 0
"18" 18 0.138686131387 39 0 0 0 0 0 0 0 0 0 0 0 0 0 0 0 0 0 0 0
"19" 19 0.010152284264 34 3 2 1 0 0 0 0 0 0 0 0 0 0 0 0 0 0 0 0
"20" 20 0.00497512437811 36 2 1 1 0 0 0 0 0 0 0 0 0 0 0 0 0 0 0 0
"21" 21 0.0152284263959 26 8 4 2 1 1 0 0 0 0 0 0 0 0 0 0 0 0 0 0
"22" 22 0.0 20 19 4 0 0 0 0 0 0 0 0 0 0 0 0 0 0 0 0 0
"23" 23 0.0 43 0 0 0 0 0 0 0 0 0 0 0 0 0 0 0 0 0 0 0
"24" 24 0.0696517412935 43 0 0 0 0 0 0 0 0 0 0 0 0 0 0 0 0 0 0 0
"25" 25 0.424870466321 43 0 0 0 0 0 0 0 0 0 0 0 0 0 0 0 0 0 0 0
"26" 26 0.413461538462 24 8 6 4 1 0 0 0 0 0 0 0 0 0 0 0 0 0 0 0
"27" 27 0.0077519379845 40 3 0 0 0 0 0 0 0 0 0 0 0 0 0 0 0 0 0 0
"28" 28 0.134615384615 43 0 0 0 0 0 0 0 0 0 0 0 0 0 0 0 0 0 0 0
"29" 29 0.0210970464135 43 0 0 0 0 0 0 0 0 0 0 0 0 0 0 0 0 0 0 0
"30" 30 0.372093023256 43 0 0 0 0 0 0 0 0 0 0 0 0 0 0 0 0 0 0 0
"31" 31 0.389534883721 40 3 0 0 0 0 0 0 0 0 0 0 0 0 0 0 0 0 0 0
"32" 32 0.010152284264 36 4 3 0 0 0 0 0 0 0 0 0 0 0 0 0 0 0 0 0
"33" 33 0.0 43 0 0 0 0 0 0 0 0 0 0 0 0 0 0 0 0 0 0 0
"34" 34 0.456273764259 41 2 0 0 0 0 0 0 0 0 0 0 0 0 0 0 0 0 0 0
"35" 35 0.335766423358 28 13 1 0 0 0 0 0 0 0 0 0 0 0 0 0 0 0 0 0
"36" 36 0.0149253731343 41 2 0 0 0 0 0 0 0 0 0 0 0 0 0 0 0 0 0 0
"37" 37 0.636771300448 30 13 0 0 0 0 0 0 0 0 0 0 0 0 0 0 0 0 0 0
"38" 38 0.0812182741117 28 6 4 2 2 1 0 0 0 0 0 0 0 0 0 0 0 0 0 0
"39" 39 0.5 39 2 2 0 0 0 0 0 0 0 0 0 0 0 0 0 0 0 0 0
"40" 40 0.285714285714 35 3 2 1 1 1 0 0 0 0 0 0 0 0 0 0 0 0 0 0
"41" 41 0.281609195402 25 11 2 2 1 1 1 0 0 0 0 0 0 0 0 0 0 0 0 0
"42" 42 0.494252873563 38 2 2 1 0 0 0 0 0 0 0 0 0 0 0 0 0 0 0 0
"43" 43 0.517441860465 28 8 2 1 1 1 1 1 0 0 0 0 0 0 0 0 0 0 0 0
"44" 44 0.360465116279 41 2 0 0 0 0 0 0 0 0 0 0 0 0 0 0 0 0 0 0
"45" 45 0.261603375527 39 3 1 0 0 0 0 0 0 0 0 0 0 0 0 0 0 0 0 0
"46" 46 0.471698113208 42 1 0 0 0 0 0 0 0 0 0 0 0 0 0 0 0 0 0 0
"47" 47 0.31976744186 42 1 0 0 0 0 0 0 0 0 0 0 0 0 0 0 0 0 0 0
"48" 48 0.761421319797 37 4 1 1 0 0 0 0 0 0 0 0 0 0 0 0 0 0 0 0
"49" 49 0.625 41 1 0 0 0 0 0 0 0 0 0 0 0 0 0 0 0 0 0 0
"50" 50 0.0376569037657 42 1 0 0 0 0 0 0 0 0 0 0 0 0 0 0 0 0 0 0
"51" 51 0.533333333333 42 1 0 0 0 0 0 0 0 0 0 0 0 0 0 0 0 0 0 0
"52" 52 0.0 40 2 1 0 0 0 0 0 0 0 0 0 0 0 0 0 0 0 0 0
"53" 53 0.107142857143 43 0 0 0 0 0 0 0 0 0 0 0 0 0 0 0 0 0 0 0
"54" 54 0.110465116279 38 4 1 0 0 0 0 0 0 0 0 0 0 0 0 0 0 0 0 0
"55" 55 0.0149253731343 35 3 3 1 1 0 0 0 0 0 0 0 0 0 0 0 0 0 0 0
"56" 56 0.298013245033 22 11 4 2 2 1 1 0 0 0 0 0 0 0 0 0 0 0 0 0
"57" 57 0.133079847909 39 2 2 0 0 0 0 0 0 0 0 0 0 0 0 0 0 0 0 0
"58" 58 0.240506329114 34 5 3 1 0 0 0 0 0 0 0 0 0 0 0 0 0 0 0 0
"59" 59 0.123076923077 40 2 1 0 0 0 0 0 0 0 0 0 0 0 0 0 0 0 0 0
"60" 60 0.0149253731343 26 11 4 1 1 0 0 0 0 0 0 0 0 0 0 0 0 0 0 0
"61" 61 0.223628691983 18 14 3 2 2 2 1 1 0 0 0 0 0 0 0 0 0 0 0 0
"62" 62 0.0298507462687 37 5 1 0 0 0 0 0 0 0 0 0 0 0 0 0 0 0 0 0
"63" 63 0.0 22 9 9 1 1 1 0 0 0 0 0 0 0 0 0 0 0 0 0 0
"64" 64 0.0287356321839 38 3 1 1 0 0 0 0 0 0 0 0 0 0 0 0 0 0 0 0
"65" 65 0.0141843971631 43 0 0 0 0 0 0 0 0 0 0 0 0 0 0 0 0 0 0 0
"66" 66 0.40932642487 43 0 0 0 0 0 0 0 0 0 0 0 0 0 0 0 0 0 0 0
"67" 67 0.0248756218905 26 14 3 0 0 0 0 0 0 0 0 0 0 0 0 0 0 0 0 0
"68" 68 0.951923076923 43 0 0 0 0 0 0 0 0 0 0 0 0 0 0 0 0 0 0 0
"69" 69 0.390862944162 40 3 0 0 0 0 0 0 0 0 0 0 0 0 0 0 0 0 0 0
"70" 70 0.328467153285 43 0 0 0 0 0 0 0 0 0 0 0 0 0 0 0 0 0 0 0
"71" 71 0.698113207547 40 1 1 1 0 0 0 0 0 0 0 0 0 0 0 0 0 0 0 0
"72" 72 0.110266159696 29 13 1 0 0 0 0 0 0 0 0 0 0 0 0 0 0 0 0 0
"73" 73 0.031914893617 43 0 0 0 0 0 0 0 0 0 0 0 0 0 0 0 0 0 0 0
"74" 74 0.120437956204 40 3 0 0 0 0 0 0 0 0 0 0 0 0 0 0 0 0 0 0
"75" 75 0.588607594937 26 14 3 0 0 0 0 0 0 0 0 0 0 0 0 0 0 0 0 0
"76" 76 0.110266159696 43 0 0 0 0 0 0 0 0 0 0 0 0 0 0 0 0 0 0 0
"77" 77 0.00760456273764 23 20 0 0 0 0 0 0 0 0 0 0 0 0 0 0 0 0 0 0
"78" 78 0.550387596899 14 8 6 6 4 2 1 1 1 0 0 0 0 0 0 0 0 0 0 0
"79" 79 0.305699481865 34 5 3 1 0 0 0 0 0 0 0 0 0 0 0 0 0 0 0 0
"80" 80 0.0813953488372 40 2 1 0 0 0 0 0 0 0 0 0 0 0 0 0 0 0 0 0
"81" 81 0.147286821705 22 6 4 3 2 2 2 1 1 0 0 0 0 0 0 0 0 0 0 0
"82" 82 0.0 24 19 0 0 0 0 0 0 0 0 0 0 0 0 0 0 0 0 0 0
"83" 83 0.0747126436782 20 15 8 0 0 0 0 0 0 0 0 0 0 0 0 0 0 0 0 0
"84" 84 0.0203045685279 41 1 1 0 0 0 0 0 0 0 0 0 0 0 0 0 0 0 0 0
"85" 85 0.00418410041841 28 15 0 0 0 0 0 0 0 0 0 0 0 0 0 0 0 0 0 0
"86" 86 0.00574712643678 43 0 0 0 0 0 0 0 0 0 0 0 0 0 0 0 0 0 0 0
"87" 87 0.0287356321839 38 5 0 0 0 0 0 0 0 0 0 0 0 0 0 0 0 0 0 0
"88" 88 0.124352331606 43 0 0 0 0 0 0 0 0 0 0 0 0 0 0 0 0 0 0 0
"89" 89 0.0 41 1 1 0 0 0 0 0 0 0 0 0 0 0 0 0 0 0 0 0
"90" 90 0.273255813953 22 13 4 2 1 1 0 0 0 0 0 0 0 0 0 0 0 0 0 0
"91" 91 0.160621761658 42 1 0 0 0 0 0 0 0 0 0 0 0 0 0 0 0 0 0 0
"92" 92 0.274261603376 22 5 5 4 2 1 1 1 1 1 0 0 0 0 0 0 0 0 0 0
"93" 93 0.725388601036 20 13 2 2 2 2 1 1 0 0 0 0 0 0 0 0 0 0 0 0
"94" 94 0.313868613139 43 0 0 0 0 0 0 0 0 0 0 0 0 0 0 0 0 0 0 0
"95" 95 0.0137614678899 23 8 7 4 1 0 0 0 0 0 0 0 0 0 0 0 0 0 0 0
"96" 96 0.443708609272 10 8 7 5 4 3 3 1 1 1 0 0 0 0 0 0 0 0 0 0
"97" 97 0.43023255814 20 8 6 6 2 1 0 0 0 0 0 0 0 0 0 0 0 0 0 0
"98" 98 0.0387596899225 34 8 1 0 0 0 0 0 0 0 0 0 0 0 0 0 0 0 0 0
"99" 99 0.119205298013 20 8 5 4 2 1 1 1 1 0 0 0 0 0 0 0 0 0 0 0
"100" 100 0.544303797468 18 8 3 3 2 2 2 1 1 1 1 1 0 0 0 0 0 0 0 0
"101" 101 0.0803571428571 41 2 0 0 0 0 0 0 0 0 0 0 0 0 0 0 0 0 0 0
"102" 102 0.0248756218905 38 4 1 0 0 0 0 0 0 0 0 0 0 0 0 0 0 0 0 0
"103" 103 0.315789473684 16 6 4 3 3 2 2 2 1 1 1 1 1 0 0 0 0 0 0 0
"104" 104 0.338308457711 12 11 7 5 4 2 1 1 0 0 0 0 0 0 0 0 0 0 0 0
"105" 105 0.0229357798165 26 9 7 1 0 0 0 0 0 0 0 0 0 0 0 0 0 0 0 0
"106" 106 0.1592039801 34 5 4 0 0 0 0 0 0 0 0 0 0 0 0 0 0 0 0 0
"107" 107 0.354260089686 13 8 6 5 4 3 2 1 1 0 0 0 0 0 0 0 0 0 0 0
"108" 108 0.303571428571 36 7 0 0 0 0 0 0 0 0 0 0 0 0 0 0 0 0 0 0
"109" 109 0.388392857143 23 13 3 2 1 1 0 0 0 0 0 0 0 0 0 0 0 0 0 0
"110" 110 0.455357142857 37 3 1 1 1 0 0 0 0 0 0 0 0 0 0 0 0 0 0 0
"111" 111 0.00995024875622 37 6 0 0 0 0 0 0 0 0 0 0 0 0 0 0 0 0 0 0
"112" 112 0.242152466368 26 12 2 2 1 0 0 0 0 0 0 0 0 0 0 0 0 0 0 0
"113" 113 0.632124352332 28 5 4 3 2 1 0 0 0 0 0 0 0 0 0 0 0 0 0 0
"114" 114 0.031007751938 31 4 4 3 1 0 0 0 0 0 0 0 0 0 0 0 0 0 0 0
"115" 115 0.031007751938 14 8 8 5 3 3 2 0 0 0 0 0 0 0 0 0 0 0 0 0
"116" 116 0.044776119403 35 4 3 1 0 0 0 0 0 0 0 0 0 0 0 0 0 0 0 0
"117" 117 0.0 42 1 0 0 0 0 0 0 0 0 0 0 0 0 0 0 0 0 0 0
"118" 118 0.0 34 8 1 0 0 0 0 0 0 0 0 0 0 0 0 0 0 0 0 0
"119" 119 0.0 32 6 3 2 0 0 0 0 0 0 0 0 0 0 0 0 0 0 0 0
"120" 120 0.0 41 1 1 0 0 0 0 0 0 0 0 0 0 0 0 0 0 0 0 0
"121" 121 0.0307692307692 43 0 0 0 0 0 0 0 0 0 0 0 0 0 0 0 0 0 0 0
"122" 122 0.257383966245 43 0 0 0 0 0 0 0 0 0 0 0 0 0 0 0 0 0 0 0
"123" 123 0.233183856502 41 2 0 0 0 0 0 0 0 0 0 0 0 0 0 0 0 0 0 0
"124" 124 0.40414507772 43 0 0 0 0 0 0 0 0 0 0 0 0 0 0 0 0 0 0 0
"125" 125 0.439461883408 32 4 3 2 1 1 0 0 0 0 0 0 0 0 0 0 0 0 0 0
"126" 126 0.723270440252 33 3 3 2 1 1 0 0 0 0 0 0 0 0 0 0 0 0 0 0
"127" 127 0.663461538462 19 14 4 2 1 1 1 1 0 0 0 0 0 0 0 0 0 0 0 0
"128" 128 0.178294573643 42 1 0 0 0 0 0 0 0 0 0 0 0 0 0 0 0 0 0 0
"129" 129 0.154228855721 25 11 2 2 2 1 0 0 0 0 0 0 0 0 0 0 0 0 0 0
"130" 130 0.278145695364 23 6 4 3 3 2 1 1 0 0 0 0 0 0 0 0 0 0 0 0
"131" 131 0.186046511628 14 9 9 4 2 2 1 1 1 0 0 0 0 0 0 0 0 0 0 0
"132" 132 0.602649006623 21 8 4 3 2 1 1 1 1 1 0 0 0 0 0 0 0 0 0 0
"133" 133 0.455357142857 34 4 2 2 1 0 0 0 0 0 0 0 0 0 0 0 0 0 0 0
"134" 134 0.0 20 16 5 2 0 0 0 0 0 0 0 0 0 0 0 0 0 0 0 0
"135" 135 0.119205298013 21 8 7 2 2 1 1 1 0 0 0 0 0 0 0 0 0 0 0 0
"136" 136 0.248945147679 20 8 4 4 2 2 1 1 1 0 0 0 0 0 0 0 0 0 0 0
"137" 137 0.401785714286 18 9 4 3 3 2 1 1 1 1 0 0 0 0 0 0 0 0 0 0
"138" 138 0.0 42 1 0 0 0 0 0 0 0 0 0 0 0 0 0 0 0 0 0 0
"139" 139 0.435897435897 21 4 4 3 3 2 2 1 1 1 1 0 0 0 0 0 0 0 0 0
"140" 140 0.00995024875622 41 1 1 0 0 0 0 0 0 0 0 0 0 0 0 0 0 0 0 0
"141" 141 0.632183908046 13 8 5 4 3 3 2 2 1 1 1 0 0 0 0 0 0 0 0 0
"142" 142 0.334821428571 17 7 6 3 3 2 2 1 1 1 0 0 0 0 0 0 0 0 0 0
"143" 143 0.179104477612 30 11 1 1 0 0 0 0 0 0 0 0 0 0 0 0 0 0 0 0
"144" 144 0.35864978903 18 16 3 2 1 1 1 1 0 0 0 0 0 0 0 0 0 0 0 0
"145" 145 0.533678756477 15 14 4 4 3 1 1 1 0 0 0 0 0 0 0 0 0 0 0 0
"146" 146 0.226277372263 39 2 1 1 0 0 0 0 0 0 0 0 0 0 0 0 0 0 0 0
"147" 147 0.437086092715 8 7 6 6 4 4 2 1 1 1 1 1 1 0 0 0 0 0 0 0
"148" 148 0.276595744681 39 1 0 0 0 0 0 0 0 0 0 0 0 0 0 0 0 0 0 0
"149" 149 0.165562913907 14 7 7 5 3 2 2 1 1 0 0 0 0 0 0 0 0 0 0 0
"150" 150 0.172588832487 27 10 2 1 1 1 0 0 0 0 0 0 0 0 0 0 0 0 0 0
"151" 151 0.166666666667 23 9 5 2 1 1 1 1 0 0 0 0 0 0 0 0 0 0 0 0
"152" 152 0.333333333333 12 9 8 5 3 2 2 1 1 0 0 0 0 0 0 0 0 0 0 0
"153" 153 0.0132450331126 22 9 7 5 0 0 0 0 0 0 0 0 0 0 0 0 0 0 0 0
"154" 154 0.0264900662252 26 14 2 1 0 0 0 0 0 0 0 0 0 0 0 0 0 0 0 0
"155" 155 0.0 42 1 0 0 0 0 0 0 0 0 0 0 0 0 0 0 0 0 0 0
"156" 156 0.609137055838 23 7 4 4 2 1 1 1 0 0 0 0 0 0 0 0 0 0 0 0
"157" 157 0.206751054852 9 8 8 7 4 3 2 1 1 0 0 0 0 0 0 0 0 0 0 0
"158" 158 0.115384615385 42 1 0 0 0 0 0 0 0 0 0 0 0 0 0 0 0 0 0 0
"159" 159 0.5 12 11 8 2 2 2 2 1 1 1 1 0 0 0 0 0 0 0 0 0
"160" 160 0.0769230769231 43 0 0 0 0 0 0 0 0 0 0 0 0 0 0 0 0 0 0 0
"161" 161 0.0 39 3 1 0 0 0 0 0 0 0 0 0 0 0 0 0 0 0 0 0
"162" 162 0.296511627907 24 4 3 3 3 2 1 1 1 1 0 0 0 0 0 0 0 0 0 0
"163" 163 0.535714285714 40 2 1 0 0 0 0 0 0 0 0 0 0 0 0 0 0 0 0 0
"164" 164 0.0 40 2 1 0 0 0 0 0 0 0 0 0 0 0 0 0 0 0 0 0
"165" 165 0.0199004975124 35 6 2 0 0 0 0 0 0 0 0 0 0 0 0 0 0 0 0 0
"166" 166 0.362694300518 32 5 2 1 1 1 1 0 0 0 0 0 0 0 0 0 0 0 0 0
"167" 167 0.269503546099 43 0 0 0 0 0 0 0 0 0 0 0 0 0 0 0 0 0 0 0
"168" 168 0.00497512437811 42 0 0 0 0 0 0 0 0 0 0 0 0 0 0 0 0 0 0 0
"169" 169 0.0152284263959 12 8 5 4 2 1 1 1 0 0 0 0 0 0 0 0 0 0 0 0
"170" 170 0.367875647668 14 9 3 2 2 2 1 1 0 0 0 0 0 0 0 0 0 0 0 0
"171" 171 0.149425287356 6 6 6 3 3 2 1 1 1 1 1 0 0 0 0 0 0 0 0 0
"172" 172 0.0152284263959 20 8 1 1 1 0 0 0 0 0 0 0 0 0 0 0 0 0 0 0
"173" 173 0.383966244726 16 4 3 2 2 1 0 0 0 0 0 0 0 0 0 0 0 0 0 0
"174" 174 0.558035714286 7 5 4 2 1 1 1 1 0 0 0 0 0 0 0 0 0 0 0 0
"175" 175 0.495535714286 8 5 3 1 1 0 0 0 0 0 0 0 0 0 0 0 0 0 0 0
"176" 176 0.345291479821 3 3 1 1 1 1 0 0 0 0 0 0 0 0 0 0 0 0 0 0
"177" 177 0.855721393035 2 1 0 0 0 0 0 0 0 0 0 0 0 0 0 0 0 0 0 0
