"site" "RSA" "aa1" "aa2" "aa3" "aa4" "aa5" "aa6" "aa7" "aa8" "aa9" "aa10" "aa11" "aa12" "aa13" "aa14" "aa15" "aa16" "aa17" "aa18" "aa19" "aa20"
"0" 0 0.720207253886 6 1 0 0 0 0 0 0 0 0 0 0 0 0 0 0 0 0 0 0
"1" 1 0.600896860987 4 4 1 1 0 0 0 0 0 0 0 0 0 0 0 0 0 0 0 0
"2" 2 0.627906976744 8 2 1 1 1 1 0 0 0 0 0 0 0 0 0 0 0 0 0 0
"3" 3 0.562189054726 3 2 2 2 2 2 1 1 1 0 0 0 0 0 0 0 0 0 0 0
"4" 4 0.291390728477 11 5 3 2 1 1 1 0 0 0 0 0 0 0 0 0 0 0 0 0
"5" 5 0.389121338912 26 1 0 0 0 0 0 0 0 0 0 0 0 0 0 0 0 0 0 0
"6" 6 0.393034825871 9 8 3 2 2 2 1 0 0 0 0 0 0 0 0 0 0 0 0 0
"7" 7 0.548523206751 9 5 2 2 2 2 1 1 1 1 1 0 0 0 0 0 0 0 0 0
"8" 8 0.569948186528 26 1 0 0 0 0 0 0 0 0 0 0 0 0 0 0 0 0 0 0
"9" 9 0.175732217573 22 5 0 0 0 0 0 0 0 0 0 0 0 0 0 0 0 0 0 0
"10" 10 0.407960199005 16 4 3 1 1 1 1 0 0 0 0 0 0 0 0 0 0 0 0 0
"11" 11 0.410852713178 12 8 3 2 1 1 0 0 0 0 0 0 0 0 0 0 0 0 0 0
"12" 12 0.240384615385 28 0 0 0 0 0 0 0 0 0 0 0 0 0 0 0 0 0 0 0
"13" 13 0.00961538461538 28 0 0 0 0 0 0 0 0 0 0 0 0 0 0 0 0 0 0 0
"14" 14 0.373563218391 15 8 3 2 0 0 0 0 0 0 0 0 0 0 0 0 0 0 0 0
"15" 15 0.124031007752 18 10 0 0 0 0 0 0 0 0 0 0 0 0 0 0 0 0 0 0
"16" 16 0.15503875969 25 3 0 0 0 0 0 0 0 0 0 0 0 0 0 0 0 0 0 0
"17" 17 0.170542635659 23 3 1 1 0 0 0 0 0 0 0 0 0 0 0 0 0 0 0 0
"18" 18 0.340101522843 14 12 2 0 0 0 0 0 0 0 0 0 0 0 0 0 0 0 0 0
"19" 19 0.0596026490066 24 3 1 0 0 0 0 0 0 0 0 0 0 0 0 0 0 0 0 0
"20" 20 0.236286919831 28 0 0 0 0 0 0 0 0 0 0 0 0 0 0 0 0 0 0 0
"21" 21 0.267441860465 28 0 0 0 0 0 0 0 0 0 0 0 0 0 0 0 0 0 0 0
"22" 22 0.395348837209 21 2 2 1 1 1 0 0 0 0 0 0 0 0 0 0 0 0 0 0
"23" 23 0.0862068965517 20 7 1 0 0 0 0 0 0 0 0 0 0 0 0 0 0 0 0 0
"24" 24 0.0 28 0 0 0 0 0 0 0 0 0 0 0 0 0 0 0 0 0 0 0
"25" 25 0.169811320755 28 0 0 0 0 0 0 0 0 0 0 0 0 0 0 0 0 0 0 0
"26" 26 0.182741116751 26 1 1 0 0 0 0 0 0 0 0 0 0 0 0 0 0 0 0 0
"27" 27 0.116071428571 29 0 0 0 0 0 0 0 0 0 0 0 0 0 0 0 0 0 0 0
"28" 28 0.014598540146 29 0 0 0 0 0 0 0 0 0 0 0 0 0 0 0 0 0 0 0
"29" 29 0.0114942528736 28 1 0 0 0 0 0 0 0 0 0 0 0 0 0 0 0 0 0 0
"30" 30 0.0168776371308 29 0 0 0 0 0 0 0 0 0 0 0 0 0 0 0 0 0 0 0
"31" 31 0.0 26 3 0 0 0 0 0 0 0 0 0 0 0 0 0 0 0 0 0 0
"32" 32 0.00995024875622 27 1 1 0 0 0 0 0 0 0 0 0 0 0 0 0 0 0 0 0
"33" 33 0.089552238806 17 8 2 2 0 0 0 0 0 0 0 0 0 0 0 0 0 0 0 0
"34" 34 0.0 29 0 0 0 0 0 0 0 0 0 0 0 0 0 0 0 0 0 0 0
"35" 35 0.00574712643678 13 8 7 1 0 0 0 0 0 0 0 0 0 0 0 0 0 0 0 0
"36" 36 0.0493273542601 29 0 0 0 0 0 0 0 0 0 0 0 0 0 0 0 0 0 0 0
"37" 37 0.267942583732 13 8 4 3 1 0 0 0 0 0 0 0 0 0 0 0 0 0 0 0
"38" 38 0.0077519379845 10 5 4 4 2 2 2 0 0 0 0 0 0 0 0 0 0 0 0 0
"39" 39 0.0794701986755 15 6 4 3 1 0 0 0 0 0 0 0 0 0 0 0 0 0 0 0
"40" 40 0.548523206751 19 6 2 1 1 0 0 0 0 0 0 0 0 0 0 0 0 0 0 0
"41" 41 0.291479820628 18 3 2 1 1 1 1 1 1 0 0 0 0 0 0 0 0 0 0 0
"42" 42 0.0862944162437 22 6 1 0 0 0 0 0 0 0 0 0 0 0 0 0 0 0 0 0
"43" 43 0.311258278146 6 5 5 4 4 2 1 1 1 0 0 0 0 0 0 0 0 0 0 0
"44" 44 0.53488372093 6 6 5 5 3 2 1 0 0 0 0 0 0 0 0 0 0 0 0 0
"45" 45 0.714285714286 12 5 4 2 2 1 1 1 0 0 0 0 0 0 0 0 0 0 0 0
"46" 46 0.53164556962 12 4 4 2 2 1 1 1 1 1 0 0 0 0 0 0 0 0 0 0
"47" 47 0.219730941704 13 9 4 3 0 0 0 0 0 0 0 0 0 0 0 0 0 0 0 0
"48" 48 0.0380228136882 29 0 0 0 0 0 0 0 0 0 0 0 0 0 0 0 0 0 0 0
"49" 49 0.738396624473 20 4 2 2 1 0 0 0 0 0 0 0 0 0 0 0 0 0 0 0
"50" 50 0.192307692308 29 0 0 0 0 0 0 0 0 0 0 0 0 0 0 0 0 0 0 0
"51" 51 0.238578680203 22 5 2 1 0 0 0 0 0 0 0 0 0 0 0 0 0 0 0 0
"52" 52 0.675126903553 13 8 3 2 1 1 1 1 0 0 0 0 0 0 0 0 0 0 0 0
"53" 53 0.20725388601 24 4 2 0 0 0 0 0 0 0 0 0 0 0 0 0 0 0 0 0
"54" 54 0.00632911392405 26 2 2 0 0 0 0 0 0 0 0 0 0 0 0 0 0 0 0 0
"55" 55 0.293103448276 22 4 3 1 0 0 0 0 0 0 0 0 0 0 0 0 0 0 0 0
"56" 56 0.528735632184 14 4 4 3 2 2 1 0 0 0 0 0 0 0 0 0 0 0 0 0
"57" 57 0.167883211679 30 0 0 0 0 0 0 0 0 0 0 0 0 0 0 0 0 0 0 0
"58" 58 0.010152284264 13 10 7 0 0 0 0 0 0 0 0 0 0 0 0 0 0 0 0 0
"59" 59 0.232704402516 14 5 4 2 2 1 1 1 0 0 0 0 0 0 0 0 0 0 0 0
"60" 60 0.755274261603 16 7 4 2 1 0 0 0 0 0 0 0 0 0 0 0 0 0 0 0
"61" 61 0.160714285714 25 2 2 1 0 0 0 0 0 0 0 0 0 0 0 0 0 0 0 0
"62" 62 0.0762331838565 21 7 2 0 0 0 0 0 0 0 0 0 0 0 0 0 0 0 0 0
"63" 63 0.298076923077 30 0 0 0 0 0 0 0 0 0 0 0 0 0 0 0 0 0 0 0
"64" 64 0.55230125523 13 10 2 2 1 1 1 0 0 0 0 0 0 0 0 0 0 0 0 0
"65" 65 0.701492537313 9 5 4 3 2 2 2 1 1 1 0 0 0 0 0 0 0 0 0 0
"66" 66 0.0397350993377 26 3 1 0 0 0 0 0 0 0 0 0 0 0 0 0 0 0 0 0
"67" 67 0.0794979079498 15 13 1 1 0 0 0 0 0 0 0 0 0 0 0 0 0 0 0 0
"68" 68 0.269503546099 30 0 0 0 0 0 0 0 0 0 0 0 0 0 0 0 0 0 0 0
"69" 69 0.0839416058394 30 0 0 0 0 0 0 0 0 0 0 0 0 0 0 0 0 0 0 0
"70" 70 0.0865384615385 29 1 0 0 0 0 0 0 0 0 0 0 0 0 0 0 0 0 0 0
"71" 71 0.0769230769231 29 1 0 0 0 0 0 0 0 0 0 0 0 0 0 0 0 0 0 0
"72" 72 0.457711442786 16 7 4 1 1 1 0 0 0 0 0 0 0 0 0 0 0 0 0 0
"73" 73 0.0232558139535 27 2 1 0 0 0 0 0 0 0 0 0 0 0 0 0 0 0 0 0
"74" 74 0.0564102564103 30 0 0 0 0 0 0 0 0 0 0 0 0 0 0 0 0 0 0 0
"75" 75 0.212643678161 28 2 0 0 0 0 0 0 0 0 0 0 0 0 0 0 0 0 0 0
"76" 76 0.309644670051 23 4 3 0 0 0 0 0 0 0 0 0 0 0 0 0 0 0 0 0
"77" 77 0.251824817518 30 0 0 0 0 0 0 0 0 0 0 0 0 0 0 0 0 0 0 0
"78" 78 0.140684410646 30 0 0 0 0 0 0 0 0 0 0 0 0 0 0 0 0 0 0 0
"79" 79 0.305439330544 29 1 0 0 0 0 0 0 0 0 0 0 0 0 0 0 0 0 0 0
"80" 80 0.270440251572 30 0 0 0 0 0 0 0 0 0 0 0 0 0 0 0 0 0 0 0
"81" 81 0.093023255814 30 0 0 0 0 0 0 0 0 0 0 0 0 0 0 0 0 0 0 0
"82" 82 0.331838565022 30 0 0 0 0 0 0 0 0 0 0 0 0 0 0 0 0 0 0 0
"83" 83 0.410852713178 29 1 0 0 0 0 0 0 0 0 0 0 0 0 0 0 0 0 0 0
"84" 84 0.134328358209 22 7 1 0 0 0 0 0 0 0 0 0 0 0 0 0 0 0 0 0
"85" 85 0.138461538462 29 1 0 0 0 0 0 0 0 0 0 0 0 0 0 0 0 0 0 0
"86" 86 0.648535564854 30 0 0 0 0 0 0 0 0 0 0 0 0 0 0 0 0 0 0 0
"87" 87 0.46511627907 29 1 0 0 0 0 0 0 0 0 0 0 0 0 0 0 0 0 0 0
"88" 88 0.309623430962 29 1 0 0 0 0 0 0 0 0 0 0 0 0 0 0 0 0 0 0
"89" 89 0.383966244726 30 0 0 0 0 0 0 0 0 0 0 0 0 0 0 0 0 0 0 0
"90" 90 0.492227979275 29 1 0 0 0 0 0 0 0 0 0 0 0 0 0 0 0 0 0 0
"91" 91 0.523206751055 16 6 2 2 1 1 1 1 0 0 0 0 0 0 0 0 0 0 0 0
"92" 92 0.186311787072 14 12 4 0 0 0 0 0 0 0 0 0 0 0 0 0 0 0 0 0
"93" 93 0.337552742616 29 1 0 0 0 0 0 0 0 0 0 0 0 0 0 0 0 0 0 0
"94" 94 0.466367713004 9 6 5 3 2 2 2 1 0 0 0 0 0 0 0 0 0 0 0 0
"95" 95 0.578680203046 9 9 6 4 0 0 0 0 0 0 0 0 0 0 0 0 0 0 0 0
"96" 96 0.284518828452 27 2 1 0 0 0 0 0 0 0 0 0 0 0 0 0 0 0 0 0
"97" 97 0.109452736318 14 2 1 0 0 0 0 0 0 0 0 0 0 0 0 0 0 0 0 0
"98" 98 0.480769230769 6 5 3 2 2 1 1 1 0 0 0 0 0 0 0 0 0 0 0 0
"99" 99 0.846153846154 15 4 3 3 2 2 0 0 0 0 0 0 0 0 0 0 0 0 0 0
"100" 100 0.126436781609 11 11 4 1 1 1 0 0 0 0 0 0 0 0 0 0 0 0 0 0
"101" 101 0.383419689119 14 5 4 2 2 1 1 0 0 0 0 0 0 0 0 0 0 0 0 0
"102" 102 0.481751824818 20 4 3 2 0 0 0 0 0 0 0 0 0 0 0 0 0 0 0 0
"103" 103 0.602870813397 11 6 5 4 2 1 0 0 0 0 0 0 0 0 0 0 0 0 0 0
"104" 104 0.696202531646 10 9 3 1 1 1 1 1 0 0 0 0 0 0 0 0 0 0 0 0
"105" 105 0.37668161435 10 9 7 2 1 0 0 0 0 0 0 0 0 0 0 0 0 0 0 0
"106" 106 0.36820083682 20 7 1 1 0 0 0 0 0 0 0 0 0 0 0 0 0 0 0 0
"107" 107 0.663120567376 20 4 2 1 1 1 0 0 0 0 0 0 0 0 0 0 0 0 0 0
"108" 108 0.408759124088 14 12 1 1 1 0 0 0 0 0 0 0 0 0 0 0 0 0 0 0
"109" 109 0.269961977186 10 9 8 2 0 0 0 0 0 0 0 0 0 0 0 0 0 0 0 0
"110" 110 0.171548117155 28 1 0 0 0 0 0 0 0 0 0 0 0 0 0 0 0 0 0 0
"111" 111 0.418604651163 18 3 3 2 2 1 0 0 0 0 0 0 0 0 0 0 0 0 0 0
"112" 112 0.0192307692308 20 3 3 1 1 1 0 0 0 0 0 0 0 0 0 0 0 0 0 0
"113" 113 0.0923076923077 28 1 0 0 0 0 0 0 0 0 0 0 0 0 0 0 0 0 0 0
"114" 114 0.139303482587 20 4 3 2 0 0 0 0 0 0 0 0 0 0 0 0 0 0 0 0
"115" 115 0.279069767442 25 2 2 0 0 0 0 0 0 0 0 0 0 0 0 0 0 0 0 0
"116" 116 0.0132450331126 29 0 0 0 0 0 0 0 0 0 0 0 0 0 0 0 0 0 0 0
"117" 117 0.105769230769 29 0 0 0 0 0 0 0 0 0 0 0 0 0 0 0 0 0 0 0
"118" 118 0.0673076923077 28 1 0 0 0 0 0 0 0 0 0 0 0 0 0 0 0 0 0 0
"119" 119 0.162790697674 22 6 1 0 0 0 0 0 0 0 0 0 0 0 0 0 0 0 0 0
"120" 120 0.062015503876 29 0 0 0 0 0 0 0 0 0 0 0 0 0 0 0 0 0 0 0
"121" 121 0.163461538462 29 0 0 0 0 0 0 0 0 0 0 0 0 0 0 0 0 0 0 0
"122" 122 0.170542635659 28 1 0 0 0 0 0 0 0 0 0 0 0 0 0 0 0 0 0 0
"123" 123 0.116279069767 15 4 3 2 2 1 1 1 0 0 0 0 0 0 0 0 0 0 0 0
"124" 124 0.0529801324503 28 1 0 0 0 0 0 0 0 0 0 0 0 0 0 0 0 0 0 0
"125" 125 0.0696517412935 29 0 0 0 0 0 0 0 0 0 0 0 0 0 0 0 0 0 0 0
"126" 126 0.411392405063 13 8 3 2 1 1 1 0 0 0 0 0 0 0 0 0 0 0 0 0
"127" 127 0.55230125523 19 6 3 1 0 0 0 0 0 0 0 0 0 0 0 0 0 0 0 0
"128" 128 0.0172413793103 28 1 0 0 0 0 0 0 0 0 0 0 0 0 0 0 0 0 0 0
"129" 129 0.0 29 0 0 0 0 0 0 0 0 0 0 0 0 0 0 0 0 0 0 0
"130" 130 0.100628930818 23 6 0 0 0 0 0 0 0 0 0 0 0 0 0 0 0 0 0 0
"131" 131 0.129353233831 29 0 0 0 0 0 0 0 0 0 0 0 0 0 0 0 0 0 0 0
"132" 132 0.0621761658031 29 0 0 0 0 0 0 0 0 0 0 0 0 0 0 0 0 0 0 0
"133" 133 0.0 23 7 0 0 0 0 0 0 0 0 0 0 0 0 0 0 0 0 0 0
"134" 134 0.0 29 1 0 0 0 0 0 0 0 0 0 0 0 0 0 0 0 0 0 0
"135" 135 0.0109489051095 30 0 0 0 0 0 0 0 0 0 0 0 0 0 0 0 0 0 0 0
"136" 136 0.0 30 0 0 0 0 0 0 0 0 0 0 0 0 0 0 0 0 0 0 0
"137" 137 0.043795620438 30 0 0 0 0 0 0 0 0 0 0 0 0 0 0 0 0 0 0 0
"138" 138 0.0248756218905 30 0 0 0 0 0 0 0 0 0 0 0 0 0 0 0 0 0 0 0
"139" 139 0.0 27 3 0 0 0 0 0 0 0 0 0 0 0 0 0 0 0 0 0 0
"140" 140 0.015503875969 20 5 3 2 0 0 0 0 0 0 0 0 0 0 0 0 0 0 0 0
"141" 141 0.0 30 0 0 0 0 0 0 0 0 0 0 0 0 0 0 0 0 0 0 0
"142" 142 0.103448275862 16 6 5 3 0 0 0 0 0 0 0 0 0 0 0 0 0 0 0 0
"143" 143 0.0384615384615 22 3 2 2 1 0 0 0 0 0 0 0 0 0 0 0 0 0 0 0
"144" 144 0.518987341772 27 2 1 0 0 0 0 0 0 0 0 0 0 0 0 0 0 0 0 0
"145" 145 0.211538461538 15 6 3 2 1 1 0 0 0 0 0 0 0 0 0 0 0 0 0 0
"146" 146 0.658914728682 10 2 2 1 1 1 1 0 0 0 0 0 0 0 0 0 0 0 0 0
"147" 147 0.736434108527 12 7 3 2 2 2 1 1 0 0 0 0 0 0 0 0 0 0 0 0
"148" 148 0.434977578475 8 7 4 4 2 2 1 1 0 0 0 0 0 0 0 0 0 0 0 0
"149" 149 0.222627737226 30 0 0 0 0 0 0 0 0 0 0 0 0 0 0 0 0 0 0 0
"150" 150 0.151785714286 18 12 0 0 0 0 0 0 0 0 0 0 0 0 0 0 0 0 0 0
"151" 151 0.00836820083682 30 0 0 0 0 0 0 0 0 0 0 0 0 0 0 0 0 0 0 0
"152" 152 0.5 11 11 5 2 1 0 0 0 0 0 0 0 0 0 0 0 0 0 0 0
"153" 153 0.211538461538 30 0 0 0 0 0 0 0 0 0 0 0 0 0 0 0 0 0 0 0
"154" 154 0.124378109453 28 1 1 0 0 0 0 0 0 0 0 0 0 0 0 0 0 0 0 0
"155" 155 0.451923076923 11 8 3 2 1 1 1 1 1 1 0 0 0 0 0 0 0 0 0 0
"156" 156 0.292307692308 25 5 0 0 0 0 0 0 0 0 0 0 0 0 0 0 0 0 0 0
"157" 157 0.0 24 6 0 0 0 0 0 0 0 0 0 0 0 0 0 0 0 0 0 0
"158" 158 0.223350253807 17 7 6 0 0 0 0 0 0 0 0 0 0 0 0 0 0 0 0 0
"159" 159 0.406976744186 6 5 5 3 3 3 2 2 1 0 0 0 0 0 0 0 0 0 0 0
"160" 160 0.409282700422 29 1 0 0 0 0 0 0 0 0 0 0 0 0 0 0 0 0 0 0
"161" 161 0.0203045685279 18 8 4 0 0 0 0 0 0 0 0 0 0 0 0 0 0 0 0 0
"162" 162 0.44769874477 10 5 4 4 2 1 1 1 1 1 0 0 0 0 0 0 0 0 0 0
"163" 163 0.763713080169 20 5 3 2 0 0 0 0 0 0 0 0 0 0 0 0 0 0 0 0
"164" 164 0.370860927152 20 4 2 2 1 1 0 0 0 0 0 0 0 0 0 0 0 0 0 0
"165" 165 0.238341968912 23 3 2 1 1 0 0 0 0 0 0 0 0 0 0 0 0 0 0 0
"166" 166 0.230769230769 30 0 0 0 0 0 0 0 0 0 0 0 0 0 0 0 0 0 0 0
"167" 167 0.52736318408 10 7 5 4 4 0 0 0 0 0 0 0 0 0 0 0 0 0 0 0
"168" 168 0.270072992701 6 4 4 4 3 3 2 2 1 1 0 0 0 0 0 0 0 0 0 0
"169" 169 0.0192307692308 24 4 2 0 0 0 0 0 0 0 0 0 0 0 0 0 0 0 0 0
"170" 170 0.044776119403 29 1 0 0 0 0 0 0 0 0 0 0 0 0 0 0 0 0 0 0
"171" 171 0.235741444867 30 0 0 0 0 0 0 0 0 0 0 0 0 0 0 0 0 0 0 0
"172" 172 0.2466367713 19 9 1 1 0 0 0 0 0 0 0 0 0 0 0 0 0 0 0 0
"173" 173 0.0673076923077 30 0 0 0 0 0 0 0 0 0 0 0 0 0 0 0 0 0 0 0
"174" 174 0.171548117155 30 0 0 0 0 0 0 0 0 0 0 0 0 0 0 0 0 0 0 0
"175" 175 0.589743589744 12 9 4 2 2 1 0 0 0 0 0 0 0 0 0 0 0 0 0 0
"176" 176 0.0 22 5 3 0 0 0 0 0 0 0 0 0 0 0 0 0 0 0 0 0
"177" 177 0.0662251655629 30 0 0 0 0 0 0 0 0 0 0 0 0 0 0 0 0 0 0 0
"178" 178 0.155172413793 25 4 1 0 0 0 0 0 0 0 0 0 0 0 0 0 0 0 0 0
"179" 179 0.394618834081 18 4 2 2 2 1 1 0 0 0 0 0 0 0 0 0 0 0 0 0
"180" 180 0.0961538461538 30 0 0 0 0 0 0 0 0 0 0 0 0 0 0 0 0 0 0 0
"181" 181 0.248730964467 30 0 0 0 0 0 0 0 0 0 0 0 0 0 0 0 0 0 0 0
"182" 182 0.319796954315 26 4 0 0 0 0 0 0 0 0 0 0 0 0 0 0 0 0 0 0
"183" 183 0.299492385787 18 12 0 0 0 0 0 0 0 0 0 0 0 0 0 0 0 0 0 0
"184" 184 0.326996197719 30 0 0 0 0 0 0 0 0 0 0 0 0 0 0 0 0 0 0 0
"185" 185 0.200729927007 30 0 0 0 0 0 0 0 0 0 0 0 0 0 0 0 0 0 0 0
"186" 186 0.201550387597 15 15 0 0 0 0 0 0 0 0 0 0 0 0 0 0 0 0 0 0
"187" 187 0.124031007752 17 6 4 1 1 1 0 0 0 0 0 0 0 0 0 0 0 0 0 0
"188" 188 0.235741444867 29 1 0 0 0 0 0 0 0 0 0 0 0 0 0 0 0 0 0 0
"189" 189 0.326359832636 30 0 0 0 0 0 0 0 0 0 0 0 0 0 0 0 0 0 0 0
"190" 190 0.240384615385 30 0 0 0 0 0 0 0 0 0 0 0 0 0 0 0 0 0 0 0
"191" 191 0.287356321839 13 5 4 3 3 1 1 0 0 0 0 0 0 0 0 0 0 0 0 0
"192" 192 0.266159695817 25 5 0 0 0 0 0 0 0 0 0 0 0 0 0 0 0 0 0 0
"193" 193 0.305699481865 30 0 0 0 0 0 0 0 0 0 0 0 0 0 0 0 0 0 0 0
"194" 194 0.610465116279 23 7 0 0 0 0 0 0 0 0 0 0 0 0 0 0 0 0 0 0
"195" 195 0.193798449612 16 6 4 2 1 1 0 0 0 0 0 0 0 0 0 0 0 0 0 0
"196" 196 0.53164556962 26 2 1 1 0 0 0 0 0 0 0 0 0 0 0 0 0 0 0 0
"197" 197 0.605769230769 13 6 6 1 1 1 0 0 0 0 0 0 0 0 0 0 0 0 0 0
"198" 198 0.733944954128 12 6 5 3 1 1 0 0 0 0 0 0 0 0 0 0 0 0 0 0
"199" 199 0.81592039801 23 3 1 1 0 0 0 0 0 0 0 0 0 0 0 0 0 0 0 0
"200" 200 0.276729559748 14 4 2 2 2 2 1 1 0 0 0 0 0 0 0 0 0 0 0 0
"201" 201 0.621761658031 15 5 2 2 2 2 0 0 0 0 0 0 0 0 0 0 0 0 0 0
"202" 202 0.723270440252 15 3 3 2 2 1 1 0 0 0 0 0 0 0 0 0 0 0 0 0
"203" 203 0.329113924051 17 4 1 1 1 1 1 1 0 0 0 0 0 0 0 0 0 0 0 0
"204" 204 0.733333333333 11 4 3 2 2 2 1 1 1 1 0 0 0 0 0 0 0 0 0 0
"205" 205 0.350574712644 11 4 3 3 3 2 2 1 0 0 0 0 0 0 0 0 0 0 0 0
"206" 206 0.631578947368 13 8 3 3 1 0 0 0 0 0 0 0 0 0 0 0 0 0 0 0
"207" 207 0.756345177665 14 8 5 1 1 0 0 0 0 0 0 0 0 0 0 0 0 0 0 0
"208" 208 0.568527918782 7 6 6 4 3 2 1 0 0 0 0 0 0 0 0 0 0 0 0 0
"209" 209 0.270114942529 9 7 6 2 2 2 1 0 0 0 0 0 0 0 0 0 0 0 0 0
"210" 210 0.350993377483 15 7 3 2 1 1 0 0 0 0 0 0 0 0 0 0 0 0 0 0
"211" 211 0.265957446809 15 14 0 0 0 0 0 0 0 0 0 0 0 0 0 0 0 0 0 0
"212" 212 0.408256880734 10 7 5 4 2 1 0 0 0 0 0 0 0 0 0 0 0 0 0 0
"213" 213 0.238578680203 14 7 7 1 0 0 0 0 0 0 0 0 0 0 0 0 0 0 0 0
"214" 214 0.170542635659 21 8 0 0 0 0 0 0 0 0 0 0 0 0 0 0 0 0 0 0
"215" 215 0.0896860986547 21 7 1 0 0 0 0 0 0 0 0 0 0 0 0 0 0 0 0 0
"216" 216 0.488372093023 9 7 6 3 2 1 1 0 0 0 0 0 0 0 0 0 0 0 0 0
"217" 217 0.0114942528736 21 5 1 1 1 0 0 0 0 0 0 0 0 0 0 0 0 0 0 0
"218" 218 0.226744186047 28 1 0 0 0 0 0 0 0 0 0 0 0 0 0 0 0 0 0 0
"219" 219 0.193798449612 14 5 5 2 1 1 1 0 0 0 0 0 0 0 0 0 0 0 0 0
"220" 220 0.310344827586 9 8 4 2 2 1 1 1 1 0 0 0 0 0 0 0 0 0 0 0
"221" 221 0.0 25 4 0 0 0 0 0 0 0 0 0 0 0 0 0 0 0 0 0 0
"222" 222 0.115384615385 26 3 0 0 0 0 0 0 0 0 0 0 0 0 0 0 0 0 0 0
"223" 223 0.323383084577 11 8 7 2 1 0 0 0 0 0 0 0 0 0 0 0 0 0 0 0
"224" 224 0.442528735632 8 7 6 4 2 1 1 0 0 0 0 0 0 0 0 0 0 0 0 0
"225" 225 0.0927152317881 28 1 0 0 0 0 0 0 0 0 0 0 0 0 0 0 0 0 0 0
"226" 226 0.0114068441065 29 0 0 0 0 0 0 0 0 0 0 0 0 0 0 0 0 0 0 0
"227" 227 0.119496855346 29 0 0 0 0 0 0 0 0 0 0 0 0 0 0 0 0 0 0 0
"228" 228 0.171548117155 17 6 3 2 1 0 0 0 0 0 0 0 0 0 0 0 0 0 0 0
"229" 229 0.165803108808 29 0 0 0 0 0 0 0 0 0 0 0 0 0 0 0 0 0 0 0
"230" 230 0.0 29 0 0 0 0 0 0 0 0 0 0 0 0 0 0 0 0 0 0 0
"231" 231 0.0 26 3 0 0 0 0 0 0 0 0 0 0 0 0 0 0 0 0 0 0
"232" 232 0.0802919708029 29 0 0 0 0 0 0 0 0 0 0 0 0 0 0 0 0 0 0 0
"233" 233 0.0948905109489 29 0 0 0 0 0 0 0 0 0 0 0 0 0 0 0 0 0 0 0
"234" 234 0.0 29 0 0 0 0 0 0 0 0 0 0 0 0 0 0 0 0 0 0 0
"235" 235 0.0275229357798 26 3 0 0 0 0 0 0 0 0 0 0 0 0 0 0 0 0 0 0
"236" 236 0.0 29 0 0 0 0 0 0 0 0 0 0 0 0 0 0 0 0 0 0 0
"237" 237 0.0137614678899 29 0 0 0 0 0 0 0 0 0 0 0 0 0 0 0 0 0 0 0
"238" 238 0.0179372197309 17 7 4 1 0 0 0 0 0 0 0 0 0 0 0 0 0 0 0 0
"239" 239 0.0 25 3 0 0 0 0 0 0 0 0 0 0 0 0 0 0 0 0 0 0
"240" 240 0.346153846154 27 1 0 0 0 0 0 0 0 0 0 0 0 0 0 0 0 0 0 0
"241" 241 0.109489051095 16 3 2 2 1 1 1 0 0 0 0 0 0 0 0 0 0 0 0 0
"242" 242 0.430379746835 12 9 2 1 1 1 0 0 0 0 0 0 0 0 0 0 0 0 0 0
"243" 243 0.567307692308 4 3 2 2 1 1 1 0 0 0 0 0 0 0 0 0 0 0 0 0
"244" 244 0.852713178295 6 3 3 2 2 0 0 0 0 0 0 0 0 0 0 0 0 0 0 0
"245" 245 0.367875647668 11 10 1 0 0 0 0 0 0 0 0 0 0 0 0 0 0 0 0 0
"246" 246 0.370558375635 14 7 3 2 2 1 0 0 0 0 0 0 0 0 0 0 0 0 0 0
"247" 247 0.211009174312 10 7 7 3 2 0 0 0 0 0 0 0 0 0 0 0 0 0 0 0
"248" 248 0.0228136882129 29 0 0 0 0 0 0 0 0 0 0 0 0 0 0 0 0 0 0 0
"249" 249 0.709302325581 14 5 5 3 1 1 0 0 0 0 0 0 0 0 0 0 0 0 0 0
"250" 250 0.221153846154 12 12 5 0 0 0 0 0 0 0 0 0 0 0 0 0 0 0 0 0
"251" 251 0.21511627907 21 6 2 0 0 0 0 0 0 0 0 0 0 0 0 0 0 0 0 0
"252" 252 0.568965517241 10 7 3 3 2 2 1 1 0 0 0 0 0 0 0 0 0 0 0 0
"253" 253 0.165803108808 23 5 1 0 0 0 0 0 0 0 0 0 0 0 0 0 0 0 0 0
"254" 254 0.0 26 3 0 0 0 0 0 0 0 0 0 0 0 0 0 0 0 0 0 0
"255" 255 0.251773049645 15 7 3 2 1 1 0 0 0 0 0 0 0 0 0 0 0 0 0 0
"256" 256 0.529197080292 8 5 3 2 2 2 2 1 1 1 1 1 0 0 0 0 0 0 0 0
"257" 257 0.320675105485 18 5 3 1 1 1 0 0 0 0 0 0 0 0 0 0 0 0 0 0
"258" 258 0.0 25 3 1 0 0 0 0 0 0 0 0 0 0 0 0 0 0 0 0 0
"259" 259 0.294573643411 11 7 3 3 2 1 1 1 0 0 0 0 0 0 0 0 0 0 0 0
"260" 260 0.654008438819 12 6 5 4 1 1 0 0 0 0 0 0 0 0 0 0 0 0 0 0
"261" 261 0.60103626943 8 7 6 4 3 1 0 0 0 0 0 0 0 0 0 0 0 0 0 0
"262" 262 0.178571428571 29 0 0 0 0 0 0 0 0 0 0 0 0 0 0 0 0 0 0 0
"263" 263 0.201923076923 28 1 0 0 0 0 0 0 0 0 0 0 0 0 0 0 0 0 0 0
"264" 264 0.635220125786 6 5 4 4 3 2 2 1 1 0 0 0 0 0 0 0 0 0 0 0
"265" 265 0.341772151899 13 4 4 2 2 1 1 1 0 0 0 0 0 0 0 0 0 0 0 0
"266" 266 0.031007751938 18 7 3 0 0 0 0 0 0 0 0 0 0 0 0 0 0 0 0 0
"267" 267 0.0753138075314 20 6 1 1 0 0 0 0 0 0 0 0 0 0 0 0 0 0 0 0
"268" 268 0.393305439331 26 1 1 0 0 0 0 0 0 0 0 0 0 0 0 0 0 0 0 0
"269" 269 0.291139240506 25 3 0 0 0 0 0 0 0 0 0 0 0 0 0 0 0 0 0 0
"270" 270 0.0961538461538 27 0 0 0 0 0 0 0 0 0 0 0 0 0 0 0 0 0 0 0
"271" 271 0.0387596899225 20 3 2 1 1 0 0 0 0 0 0 0 0 0 0 0 0 0 0 0
"272" 272 0.570921985816 8 7 6 4 2 0 0 0 0 0 0 0 0 0 0 0 0 0 0 0
"273" 273 0.00662251655629 17 10 0 0 0 0 0 0 0 0 0 0 0 0 0 0 0 0 0 0
"274" 274 0.117948717949 27 0 0 0 0 0 0 0 0 0 0 0 0 0 0 0 0 0 0 0
"275" 275 0.0919540229885 16 10 1 0 0 0 0 0 0 0 0 0 0 0 0 0 0 0 0 0
"276" 276 0.308457711443 18 5 3 1 0 0 0 0 0 0 0 0 0 0 0 0 0 0 0 0
"277" 277 0.29197080292 27 0 0 0 0 0 0 0 0 0 0 0 0 0 0 0 0 0 0 0
"278" 278 0.125 23 3 1 0 0 0 0 0 0 0 0 0 0 0 0 0 0 0 0 0
"279" 279 0.366972477064 10 8 3 3 2 1 0 0 0 0 0 0 0 0 0 0 0 0 0 0
"280" 280 0.240384615385 20 7 0 0 0 0 0 0 0 0 0 0 0 0 0 0 0 0 0 0
"281" 281 0.105769230769 24 3 0 0 0 0 0 0 0 0 0 0 0 0 0 0 0 0 0 0
"282" 282 0.15503875969 26 1 0 0 0 0 0 0 0 0 0 0 0 0 0 0 0 0 0 0
"283" 283 0.481171548117 14 7 5 1 0 0 0 0 0 0 0 0 0 0 0 0 0 0 0 0
"284" 284 0.14367816092 27 0 0 0 0 0 0 0 0 0 0 0 0 0 0 0 0 0 0 0
"285" 285 0.313432835821 25 2 0 0 0 0 0 0 0 0 0 0 0 0 0 0 0 0 0 0
"286" 286 0.367816091954 18 5 3 1 0 0 0 0 0 0 0 0 0 0 0 0 0 0 0 0
"287" 287 0.517412935323 17 4 3 2 1 0 0 0 0 0 0 0 0 0 0 0 0 0 0 0
"288" 288 0.32319391635 26 1 0 0 0 0 0 0 0 0 0 0 0 0 0 0 0 0 0 0
"289" 289 0.626943005181 26 1 0 0 0 0 0 0 0 0 0 0 0 0 0 0 0 0 0 0
"290" 290 0.71875 18 4 3 1 1 0 0 0 0 0 0 0 0 0 0 0 0 0 0 0
"291" 291 0.659898477157 15 10 1 1 0 0 0 0 0 0 0 0 0 0 0 0 0 0 0 0
