"site" "RSA" "aa1" "aa2" "aa3" "aa4" "aa5" "aa6" "aa7" "aa8" "aa9" "aa10" "aa11" "aa12" "aa13" "aa14" "aa15" "aa16" "aa17" "aa18" "aa19" "aa20"
"0" 0 0.569037656904 207 54 40 35 33 32 22 21 19 15 10 9 3 0 0 0 0 0 0 0
"1" 1 0.343023255814 186 92 79 31 29 29 25 14 9 2 2 1 1 0 0 0 0 0 0 0
"2" 2 0.0 375 38 19 16 12 9 9 8 4 4 3 2 1 0 0 0 0 0 0 0
"3" 3 0.287179487179 146 114 95 76 24 16 7 5 4 3 3 3 2 1 1 0 0 0 0 0
"4" 4 0.526785714286 193 105 88 56 20 11 8 7 3 3 3 2 1 0 0 0 0 0 0 0
"5" 5 0.848101265823 120 107 96 90 52 19 10 3 1 1 1 0 0 0 0 0 0 0 0 0
"6" 6 0.282511210762 246 48 44 36 36 33 29 7 7 4 4 3 2 1 0 0 0 0 0 0
"7" 7 0.18407960199 459 12 9 6 6 4 3 1 0 0 0 0 0 0 0 0 0 0 0 0
"8" 8 0.226744186047 335 82 32 29 11 4 3 3 1 0 0 0 0 0 0 0 0 0 0 0
"9" 9 0.818652849741 300 156 20 11 6 4 2 1 0 0 0 0 0 0 0 0 0 0 0 0
"10" 10 0.357512953368 486 8 2 1 1 1 1 0 0 0 0 0 0 0 0 0 0 0 0 0
"11" 11 0.0 191 177 70 27 19 14 2 0 0 0 0 0 0 0 0 0 0 0 0 0
"12" 12 0.203045685279 262 170 15 9 9 8 6 5 5 3 2 2 2 1 1 0 0 0 0 0
"13" 13 0.424870466321 399 60 19 12 8 2 0 0 0 0 0 0 0 0 0 0 0 0 0 0
"14" 14 0.0149253731343 365 40 40 21 15 4 4 3 2 2 2 1 1 0 0 0 0 0 0 0
"15" 15 0.00836820083682 306 153 22 12 6 1 0 0 0 0 0 0 0 0 0 0 0 0 0 0
"16" 16 0.296511627907 136 102 78 59 51 36 20 7 4 3 2 1 1 0 0 0 0 0 0 0
"17" 17 0.409282700422 142 101 81 59 59 22 15 12 4 2 1 1 1 0 0 0 0 0 0 0
"18" 18 0.00354609929078 148 94 58 49 48 31 28 8 8 7 5 4 4 3 3 2 0 0 0 0
"19" 19 0.0543933054393 129 119 79 74 29 22 21 8 7 6 5 1 0 0 0 0 0 0 0 0
"20" 20 0.317948717949 131 97 84 57 51 49 15 7 3 2 2 2 0 0 0 0 0 0 0 0
"21" 21 0.28125 243 78 47 46 39 15 11 10 6 3 2 0 0 0 0 0 0 0 0 0
"22" 22 0.0 355 53 49 17 12 11 3 0 0 0 0 0 0 0 0 0 0 0 0 0
"23" 23 0.489451476793 140 120 119 35 27 21 12 11 6 3 2 2 1 1 0 0 0 0 0 0
"24" 24 0.678571428571 172 117 106 33 27 11 10 8 8 4 3 1 0 0 0 0 0 0 0 0
"25" 25 0.170984455959 189 84 55 54 54 21 14 9 7 4 4 3 2 0 0 0 0 0 0 0
"26" 26 0.723270440252 206 180 102 3 3 3 2 1 0 0 0 0 0 0 0 0 0 0 0 0
"27" 27 0.419708029197 170 89 39 34 31 29 27 24 19 9 9 6 6 5 3 0 0 0 0 0
"28" 28 0.107142857143 255 55 43 38 28 16 14 14 13 9 5 4 4 2 0 0 0 0 0 0
"29" 29 0.71511627907 114 112 108 78 50 10 9 8 7 2 2 0 0 0 0 0 0 0 0 0
"30" 30 0.432835820896 156 118 99 69 29 23 6 0 0 0 0 0 0 0 0 0 0 0 0 0
"31" 31 0.0566037735849 187 132 77 31 27 25 10 9 2 0 0 0 0 0 0 0 0 0 0 0
"32" 32 0.236607142857 119 96 83 48 38 30 27 20 15 12 6 3 2 1 0 0 0 0 0 0
"33" 33 0.232558139535 402 27 25 24 8 4 4 3 2 1 0 0 0 0 0 0 0 0 0 0
"34" 34 0.0152284263959 110 109 97 62 43 37 19 8 7 4 3 1 0 0 0 0 0 0 0 0
"35" 35 0.255813953488 126 119 88 85 29 20 7 7 6 5 3 3 2 0 0 0 0 0 0 0
"36" 36 0.0 240 93 54 49 31 9 7 4 4 4 3 1 1 0 0 0 0 0 0 0
"37" 37 0.218543046358 163 136 67 28 26 16 15 10 9 8 7 6 4 2 2 1 0 0 0 0
"38" 38 0.0331125827815 278 189 13 10 8 2 0 0 0 0 0 0 0 0 0 0 0 0 0 0
"39" 39 0.193798449612 122 107 71 66 43 28 20 16 15 6 5 1 0 0 0 0 0 0 0 0
"40" 40 0.290178571429 176 112 104 34 32 12 11 10 3 2 2 2 0 0 0 0 0 0 0 0
"41" 41 0.44776119403 180 87 73 66 38 30 7 6 4 4 2 2 1 0 0 0 0 0 0 0
"42" 42 0.698113207547 175 171 136 15 1 1 1 0 0 0 0 0 0 0 0 0 0 0 0 0
"43" 43 0.483443708609 137 111 106 92 22 10 7 5 4 3 3 0 0 0 0 0 0 0 0 0
"44" 44 0.471153846154 499 1 0 0 0 0 0 0 0 0 0 0 0 0 0 0 0 0 0 0
"45" 45 0.565693430657 119 109 79 69 49 41 11 5 5 3 3 3 1 1 1 1 0 0 0 0
"46" 46 0.614942528736 140 73 60 49 48 37 29 24 16 11 6 4 2 1 0 0 0 0 0 0
"47" 47 0.0860927152318 144 132 57 50 39 20 15 13 7 6 4 3 3 2 2 2 1 0 0 0
"48" 48 0.503311258278 136 77 73 48 38 37 35 29 20 3 3 1 0 0 0 0 0 0 0 0
"49" 49 0.186131386861 149 110 90 55 32 31 22 5 3 1 1 1 0 0 0 0 0 0 0 0
"50" 50 0.56345177665 233 86 77 23 22 21 19 9 4 4 1 1 0 0 0 0 0 0 0 0
"51" 51 0.134328358209 284 79 52 23 19 11 9 6 4 4 3 2 2 1 1 0 0 0 0 0
"52" 52 0.477611940299 112 82 77 45 44 34 31 28 23 13 10 1 0 0 0 0 0 0 0 0
"53" 53 0.0418410041841 247 182 44 22 2 2 1 0 0 0 0 0 0 0 0 0 0 0 0 0
"54" 54 0.400843881857 152 133 76 53 18 16 15 11 10 8 5 3 0 0 0 0 0 0 0 0
"55" 55 0.272321428571 296 78 37 24 21 19 8 7 5 2 2 1 0 0 0 0 0 0 0 0
"56" 56 0.233830845771 190 94 72 60 30 28 13 3 3 2 2 1 1 1 0 0 0 0 0 0
"57" 57 0.259067357513 472 21 5 2 0 0 0 0 0 0 0 0 0 0 0 0 0 0 0 0
"58" 58 0.760765550239 307 132 29 22 8 1 1 0 0 0 0 0 0 0 0 0 0 0 0 0
"59" 59 0.244525547445 182 105 70 59 24 24 11 7 7 7 2 1 1 0 0 0 0 0 0 0
"60" 60 0.0288461538462 500 0 0 0 0 0 0 0 0 0 0 0 0 0 0 0 0 0 0 0
"61" 61 0.0 178 144 76 42 21 20 7 4 3 2 1 1 1 0 0 0 0 0 0 0
"62" 62 0.00581395348837 145 88 81 71 56 38 11 6 2 2 0 0 0 0 0 0 0 0 0 0
"63" 63 0.00507614213198 148 114 72 63 41 32 21 5 2 1 1 0 0 0 0 0 0 0 0 0
"64" 64 0.136882129278 119 110 86 61 41 27 11 9 9 7 6 6 5 3 0 0 0 0 0 0
"65" 65 0.0728476821192 304 184 9 2 1 0 0 0 0 0 0 0 0 0 0 0 0 0 0 0
"66" 66 0.0410256410256 431 34 22 4 3 2 1 1 1 1 0 0 0 0 0 0 0 0 0 0
"67" 67 0.0602836879433 230 184 62 10 3 3 3 3 2 0 0 0 0 0 0 0 0 0 0 0
"68" 68 0.346153846154 443 43 5 3 2 2 2 0 0 0 0 0 0 0 0 0 0 0 0 0
"69" 69 0.18023255814 187 84 63 31 25 22 22 21 18 7 7 5 4 3 1 0 0 0 0 0
"70" 70 0.0 415 78 5 1 1 0 0 0 0 0 0 0 0 0 0 0 0 0 0 0
"71" 71 0.328467153285 113 95 55 52 49 33 31 26 14 12 10 4 2 2 1 1 0 0 0 0
"72" 72 0.0295358649789 194 142 49 35 24 20 9 9 5 4 4 2 2 1 0 0 0 0 0 0
"73" 73 0.0387596899225 447 52 1 0 0 0 0 0 0 0 0 0 0 0 0 0 0 0 0 0
"74" 74 0.516746411483 149 106 105 39 34 23 11 10 8 6 4 4 1 0 0 0 0 0 0 0
"75" 75 0.00518134715026 165 111 103 77 13 5 5 4 4 4 4 2 2 1 0 0 0 0 0 0
"76" 76 0.0355329949239 260 86 44 32 13 13 12 11 9 6 3 3 3 2 1 1 1 0 0 0
"77" 77 0.643410852713 140 122 68 52 48 20 15 10 8 7 5 3 1 1 0 0 0 0 0 0
"78" 78 0.313953488372 99 95 72 66 38 29 25 25 21 12 7 5 3 1 1 1 0 0 0 0
"79" 79 0.0666666666667 234 170 33 26 18 16 1 1 1 0 0 0 0 0 0 0 0 0 0 0
"80" 80 0.446540880503 247 111 42 32 22 9 8 8 7 6 5 2 1 0 0 0 0 0 0 0
"81" 81 0.379487179487 167 91 88 87 34 18 8 7 0 0 0 0 0 0 0 0 0 0 0 0
"82" 82 0.077519379845 294 195 9 2 0 0 0 0 0 0 0 0 0 0 0 0 0 0 0 0
"83" 83 0.170542635659 205 140 57 44 35 15 2 1 1 0 0 0 0 0 0 0 0 0 0 0
"84" 84 0.010152284264 259 51 48 44 36 29 12 10 7 4 0 0 0 0 0 0 0 0 0 0
"85" 85 0.212643678161 139 121 72 58 38 32 21 7 6 2 2 1 1 0 0 0 0 0 0 0
"86" 86 0.0 298 161 28 7 3 1 1 1 0 0 0 0 0 0 0 0 0 0 0 0
"87" 87 0.464435146444 215 103 55 50 37 16 10 5 5 2 1 1 0 0 0 0 0 0 0 0
"88" 88 0.00709219858156 165 104 94 65 30 27 9 2 1 1 1 1 0 0 0 0 0 0 0 0
"89" 89 0.611814345992 241 90 88 24 22 14 10 4 4 1 1 1 0 0 0 0 0 0 0 0
"90" 90 0.435233160622 177 109 48 44 26 17 16 15 15 12 6 6 5 2 1 1 0 0 0 0
"91" 91 0.0199004975124 264 40 37 34 32 22 22 18 14 9 6 2 0 0 0 0 0 0 0 0
"92" 92 0.322869955157 300 131 32 17 7 6 4 3 0 0 0 0 0 0 0 0 0 0 0 0
"93" 93 0.036496350365 170 64 59 55 42 29 21 17 13 12 11 6 1 0 0 0 0 0 0 0
"94" 94 0.22869955157 191 141 51 41 37 28 7 3 1 0 0 0 0 0 0 0 0 0 0 0
"95" 95 0.0 250 129 71 13 8 8 6 5 3 3 1 1 1 1 0 0 0 0 0 0
"96" 96 0.302919708029 168 164 115 15 11 8 5 4 3 3 1 1 1 1 0 0 0 0 0 0
"97" 97 0.0 162 150 97 67 16 5 3 0 0 0 0 0 0 0 0 0 0 0 0 0
"98" 98 0.28125 240 161 41 21 18 6 4 4 2 2 1 0 0 0 0 0 0 0 0 0
"99" 99 0.0480769230769 500 0 0 0 0 0 0 0 0 0 0 0 0 0 0 0 0 0 0 0
"100" 100 0.238578680203 99 96 87 65 54 24 22 19 19 10 2 1 1 1 0 0 0 0 0 0
"101" 101 0.0697674418605 158 154 96 66 8 6 3 2 2 1 1 1 1 1 0 0 0 0 0 0
"102" 102 0.25 127 103 81 72 37 25 16 12 9 7 4 3 2 2 0 0 0 0 0 0
"103" 103 0.564593301435 152 138 70 49 46 22 11 3 3 2 2 1 1 0 0 0 0 0 0 0
"104" 104 0.0574712643678 95 84 74 68 51 42 29 22 16 8 5 2 2 1 1 0 0 0 0 0
"105" 105 0.4 162 129 95 47 27 24 7 4 2 2 1 0 0 0 0 0 0 0 0 0
"106" 106 0.332116788321 145 78 52 45 34 30 24 22 18 15 13 11 5 4 4 0 0 0 0 0
"107" 107 0.459821428571 147 129 102 43 31 23 7 6 5 3 2 1 1 0 0 0 0 0 0 0
"108" 108 0.133720930233 167 123 92 50 39 7 4 4 4 2 2 2 2 1 1 0 0 0 0 0
"109" 109 0.00662251655629 398 54 44 4 0 0 0 0 0 0 0 0 0 0 0 0 0 0 0 0
"110" 110 0.34375 288 65 37 21 18 17 15 9 6 6 4 4 3 3 3 1 0 0 0 0
"111" 111 0.467153284672 212 114 66 47 20 17 10 8 3 2 1 0 0 0 0 0 0 0 0 0
"112" 112 0.266159695817 180 64 52 47 44 32 25 22 21 5 3 2 1 1 1 0 0 0 0 0
"113" 113 0.00418410041841 190 168 75 40 13 11 2 1 0 0 0 0 0 0 0 0 0 0 0 0
"114" 114 0.556962025316 195 120 36 30 29 26 22 18 7 5 4 3 2 2 1 0 0 0 0 0
"115" 115 0.622093023256 222 81 52 52 33 16 15 10 7 5 3 3 1 0 0 0 0 0 0 0
"116" 116 0.35401459854 89 85 67 58 55 50 35 20 13 10 7 6 4 1 0 0 0 0 0 0
"117" 117 0.534591194969 236 115 72 38 12 11 7 7 2 0 0 0 0 0 0 0 0 0 0 0
"118" 118 0.704379562044 183 130 46 37 31 28 24 7 3 3 2 2 2 2 0 0 0 0 0 0
"119" 119 0.605769230769 255 158 30 16 14 9 9 4 4 1 0 0 0 0 0 0 0 0 0 0
"120" 120 0.251655629139 156 110 70 45 41 40 16 6 6 4 4 1 1 0 0 0 0 0 0 0
"121" 121 0.0928270042194 360 89 30 14 4 2 1 0 0 0 0 0 0 0 0 0 0 0 0 0
"122" 122 0.10152284264 215 99 95 74 8 4 2 1 1 1 0 0 0 0 0 0 0 0 0 0
"123" 123 0.278846153846 136 115 86 80 32 16 11 10 6 5 2 1 0 0 0 0 0 0 0 0
"124" 124 0.093023255814 132 109 108 32 27 24 16 14 14 7 4 3 3 3 2 2 0 0 0 0
"125" 125 0.315602836879 465 30 1 1 1 1 1 0 0 0 0 0 0 0 0 0 0 0 0 0
"126" 126 0.031007751938 487 7 4 2 0 0 0 0 0 0 0 0 0 0 0 0 0 0 0 0
"127" 127 0.384105960265 74 66 65 59 59 56 27 26 25 20 9 6 5 2 1 0 0 0 0 0
"128" 128 0.627737226277 149 117 86 68 32 17 12 5 4 4 4 1 1 0 0 0 0 0 0 0
"129" 129 0.322869955157 107 88 61 50 46 35 30 29 18 14 9 4 3 3 2 1 0 0 0 0
"130" 130 0.529801324503 412 35 29 8 7 5 2 1 1 0 0 0 0 0 0 0 0 0 0 0
"131" 131 0.388601036269 176 98 66 41 30 22 19 15 12 7 5 4 4 1 0 0 0 0 0 0
"132" 132 0.810344827586 208 93 78 52 33 17 7 6 5 1 0 0 0 0 0 0 0 0 0 0
"133" 133 0.375634517766 248 92 45 29 24 21 9 9 8 7 3 2 2 1 0 0 0 0 0 0
"134" 134 0.759493670886 215 134 54 43 17 10 9 7 3 3 2 1 1 1 0 0 0 0 0 0
"135" 135 0.369230769231 147 89 72 64 58 36 22 6 4 2 0 0 0 0 0 0 0 0 0 0
"136" 136 0.569343065693 118 99 88 73 32 29 17 15 13 9 5 1 1 0 0 0 0 0 0 0
"137" 137 0.517857142857 258 95 55 23 20 15 13 7 6 5 1 1 1 0 0 0 0 0 0 0
"138" 138 0.214285714286 111 95 84 69 57 31 27 13 10 1 1 1 0 0 0 0 0 0 0 0
"139" 139 0.194029850746 107 106 93 61 59 21 15 14 9 5 5 4 1 0 0 0 0 0 0 0
"140" 140 0.357512953368 121 117 111 43 35 31 22 9 5 3 2 1 0 0 0 0 0 0 0 0
"141" 141 0.455357142857 171 127 61 53 32 13 11 9 9 5 4 2 2 1 0 0 0 0 0 0
"142" 142 0.213930348259 126 122 70 62 44 24 11 10 9 7 6 4 4 1 0 0 0 0 0 0
"143" 143 0.313953488372 157 151 62 61 24 19 8 7 6 3 1 1 0 0 0 0 0 0 0 0
"144" 144 0.641255605381 151 82 63 62 39 37 19 18 13 12 3 1 0 0 0 0 0 0 0 0
"145" 145 0.46835443038 167 80 76 63 43 40 10 6 6 4 2 1 1 1 0 0 0 0 0 0
"146" 146 0.184615384615 175 81 56 52 36 34 30 22 4 3 2 2 2 1 0 0 0 0 0 0
"147" 147 0.418604651163 187 109 73 38 22 20 19 15 7 5 2 1 1 1 0 0 0 0 0 0
"148" 148 0.3125 117 117 104 99 26 13 6 5 4 3 3 1 1 1 0 0 0 0 0 0
"149" 149 0.29197080292 183 70 52 47 40 33 32 22 15 3 2 1 0 0 0 0 0 0 0 0
"150" 150 0.117154811715 268 208 12 8 3 1 0 0 0 0 0 0 0 0 0 0 0 0 0 0
"151" 151 0.320675105485 235 143 63 22 16 6 5 4 4 1 1 0 0 0 0 0 0 0 0 0
"152" 152 0.528497409326 407 48 29 7 6 1 1 1 0 0 0 0 0 0 0 0 0 0 0 0
"153" 153 0.418604651163 217 126 87 27 16 11 5 4 4 2 1 0 0 0 0 0 0 0 0 0
"154" 154 0.424107142857 201 159 51 47 17 10 9 3 2 1 0 0 0 0 0 0 0 0 0 0
"155" 155 0.39896373057 217 104 44 36 25 22 13 12 11 9 4 2 1 0 0 0 0 0 0 0
"156" 156 0.0761421319797 329 153 5 4 4 2 2 1 0 0 0 0 0 0 0 0 0 0 0 0
"157" 157 0.503144654088 443 19 17 15 3 2 1 0 0 0 0 0 0 0 0 0 0 0 0 0
"158" 158 0.126582278481 181 126 49 45 45 22 13 7 7 3 1 1 0 0 0 0 0 0 0 0
"159" 159 0.0 251 118 42 29 16 15 14 10 2 2 1 0 0 0 0 0 0 0 0 0
"160" 160 0.746113989637 205 122 56 37 33 24 13 9 1 0 0 0 0 0 0 0 0 0 0 0
"161" 161 0.212927756654 137 126 60 42 41 33 22 11 8 8 6 5 1 0 0 0 0 0 0 0
"162" 162 0.0744680851064 235 165 37 16 14 13 8 5 3 2 1 1 0 0 0 0 0 0 0 0
"163" 163 0.0288461538462 500 0 0 0 0 0 0 0 0 0 0 0 0 0 0 0 0 0 0 0
"164" 164 0.0192307692308 256 137 36 35 14 10 6 4 2 0 0 0 0 0 0 0 0 0 0 0
"165" 165 0.0 208 99 57 46 31 14 11 9 8 7 4 3 2 1 0 0 0 0 0 0
"166" 166 0.0583941605839 203 141 97 18 12 9 8 5 5 1 1 0 0 0 0 0 0 0 0 0
"167" 167 0.0 380 65 36 16 2 1 0 0 0 0 0 0 0 0 0 0 0 0 0 0
"168" 168 0.0 407 24 23 22 17 3 2 1 1 0 0 0 0 0 0 0 0 0 0 0
"169" 169 0.0251572327044 225 161 92 7 6 5 4 0 0 0 0 0 0 0 0 0 0 0 0 0
"170" 170 0.208955223881 272 119 69 19 14 4 2 1 0 0 0 0 0 0 0 0 0 0 0 0
"171" 171 0.254464285714 224 105 49 46 34 15 11 10 3 2 1 0 0 0 0 0 0 0 0 0
"172" 172 0.0 151 119 72 72 30 19 15 14 4 1 1 1 1 0 0 0 0 0 0 0
"173" 173 0.0223214285714 160 144 124 35 19 7 5 3 2 1 0 0 0 0 0 0 0 0 0 0
"174" 174 0.0 368 94 14 10 7 4 2 1 0 0 0 0 0 0 0 0 0 0 0 0
"175" 175 0.124113475177 283 118 38 21 16 9 4 4 3 2 1 1 0 0 0 0 0 0 0 0
"176" 176 0.00448430493274 256 64 50 41 40 38 6 3 1 1 0 0 0 0 0 0 0 0 0 0
"177" 177 0.0480769230769 115 99 85 73 39 39 26 8 7 3 3 2 1 0 0 0 0 0 0 0
"178" 178 0.288321167883 152 152 76 32 20 18 16 10 7 5 4 4 3 1 0 0 0 0 0 0
"179" 179 0.761006289308 259 133 58 44 5 1 0 0 0 0 0 0 0 0 0 0 0 0 0 0
"180" 180 0.430463576159 166 120 65 50 48 28 13 7 3 0 0 0 0 0 0 0 0 0 0 0
"181" 181 0.748175182482 385 115 0 0 0 0 0 0 0 0 0 0 0 0 0 0 0 0 0 0
"182" 182 0.592039800995 143 129 114 42 32 18 10 8 2 2 0 0 0 0 0 0 0 0 0 0
"183" 183 0.200956937799 231 181 39 19 11 5 4 3 3 2 1 1 0 0 0 0 0 0 0 0
"184" 184 0.0518134715026 265 93 35 22 22 21 15 7 6 5 4 3 2 0 0 0 0 0 0 0
"185" 185 0.178832116788 256 198 16 13 13 2 1 1 0 0 0 0 0 0 0 0 0 0 0 0
"186" 186 0.0209205020921 210 198 88 1 1 1 1 0 0 0 0 0 0 0 0 0 0 0 0 0
"187" 187 0.0 210 105 95 42 19 15 7 4 2 1 0 0 0 0 0 0 0 0 0 0
"188" 188 0.0 325 43 37 29 24 23 17 1 1 0 0 0 0 0 0 0 0 0 0 0
"189" 189 0.372262773723 165 119 75 52 45 14 10 10 3 3 2 1 1 0 0 0 0 0 0 0
"190" 190 0.142335766423 397 52 26 19 4 2 0 0 0 0 0 0 0 0 0 0 0 0 0 0
"191" 191 0.721518987342 211 102 89 51 22 14 3 2 2 2 1 1 0 0 0 0 0 0 0 0
"192" 192 0.366279069767 150 108 71 48 35 28 25 22 5 3 3 1 1 0 0 0 0 0 0 0
"193" 193 0.290178571429 286 94 53 16 15 8 6 4 3 3 3 3 2 2 2 0 0 0 0 0
"194" 194 0.671794871795 186 121 81 63 34 9 3 2 1 0 0 0 0 0 0 0 0 0 0 0
"195" 195 0.295336787565 149 116 48 41 38 29 23 14 12 10 9 6 3 2 0 0 0 0 0 0
"196" 196 0.610062893082 474 7 6 5 4 2 1 1 0 0 0 0 0 0 0 0 0 0 0 0
"197" 197 0.173758865248 283 167 20 8 5 4 4 3 2 2 1 1 0 0 0 0 0 0 0 0
"198" 198 0.527426160338 226 71 64 37 34 25 19 8 6 4 3 1 1 1 0 0 0 0 0 0
"199" 199 0.367816091954 309 71 52 26 15 7 6 4 4 3 2 1 0 0 0 0 0 0 0 0
"200" 200 0.379310344828 128 113 76 53 31 28 27 17 16 9 2 0 0 0 0 0 0 0 0 0
"201" 201 0.379562043796 243 146 64 15 15 9 5 2 1 0 0 0 0 0 0 0 0 0 0 0
"202" 202 0.199004975124 156 80 80 60 48 28 15 11 9 3 3 3 2 2 0 0 0 0 0 0
"203" 203 0.581395348837 234 131 58 56 8 5 3 3 2 0 0 0 0 0 0 0 0 0 0 0
"204" 204 0.610062893082 297 56 45 37 29 14 8 4 3 2 2 2 1 0 0 0 0 0 0 0
