"site" "RSA" "aa1" "aa2" "aa3" "aa4" "aa5" "aa6" "aa7" "aa8" "aa9" "aa10" "aa11" "aa12" "aa13" "aa14" "aa15" "aa16" "aa17" "aa18" "aa19" "aa20"
"0" 0 0.275229357798 186 139 120 19 17 6 4 2 2 2 1 1 1 0 0 0 0 0 0 0
"1" 1 0.723214285714 195 84 76 71 42 18 6 5 3 0 0 0 0 0 0 0 0 0 0 0
"2" 2 0.317948717949 131 115 82 57 41 30 16 7 4 4 3 3 3 2 2 0 0 0 0 0
"3" 3 0.0836820083682 372 73 17 14 11 6 2 2 1 1 1 0 0 0 0 0 0 0 0 0
"4" 4 0.390134529148 173 71 60 52 36 34 19 15 11 11 10 6 1 1 0 0 0 0 0 0
"5" 5 0.316455696203 210 157 62 27 14 14 5 4 2 2 1 1 1 0 0 0 0 0 0 0
"6" 6 0.402298850575 255 104 58 35 12 11 10 5 5 2 1 1 1 0 0 0 0 0 0 0
"7" 7 0.482142857143 149 83 71 68 53 52 9 5 3 2 2 1 1 1 0 0 0 0 0 0
"8" 8 0.514767932489 191 96 42 39 37 26 26 16 14 8 3 1 1 0 0 0 0 0 0 0
"9" 9 0.395939086294 266 88 76 22 15 10 6 5 4 3 3 2 0 0 0 0 0 0 0 0
"10" 10 0.240384615385 469 15 12 1 1 1 1 0 0 0 0 0 0 0 0 0 0 0 0 0
"11" 11 0.683035714286 152 70 60 52 32 28 24 24 22 16 9 3 3 2 2 1 0 0 0 0
"12" 12 0.336538461538 289 76 47 45 14 13 9 3 1 1 1 1 0 0 0 0 0 0 0 0
"13" 13 1.06976744186 245 192 22 17 6 4 4 2 2 2 1 1 1 1 0 0 0 0 0 0
"14" 14 0.269230769231 492 5 2 1 0 0 0 0 0 0 0 0 0 0 0 0 0 0 0 0
"15" 15 0.14367816092 129 115 73 55 28 23 22 15 14 9 6 5 4 1 1 0 0 0 0 0
"16" 16 0.183908045977 208 66 57 49 23 19 15 11 10 9 9 8 5 5 4 1 1 0 0 0
"17" 17 0.171102661597 234 170 93 2 1 0 0 0 0 0 0 0 0 0 0 0 0 0 0 0
"18" 18 0.240506329114 384 41 26 24 9 3 3 2 2 2 1 1 1 1 0 0 0 0 0 0
"19" 19 0.0 308 82 70 27 6 4 2 1 0 0 0 0 0 0 0 0 0 0 0 0
"20" 20 0.357664233577 154 111 89 40 26 24 20 20 6 3 3 2 2 0 0 0 0 0 0 0
"21" 21 0.0923076923077 167 112 58 42 30 26 22 15 10 5 3 3 2 2 1 1 1 0 0 0
"22" 22 0.455696202532 232 59 36 35 30 24 16 15 15 12 10 9 5 1 1 0 0 0 0 0
"23" 23 0.696517412935 172 123 58 26 20 18 17 16 15 13 13 6 1 1 1 0 0 0 0 0
"24" 24 0.563953488372 119 86 55 50 45 44 39 23 11 10 9 4 2 2 1 0 0 0 0 0
"25" 25 0.432692307692 472 20 2 2 2 1 1 0 0 0 0 0 0 0 0 0 0 0 0 0
"26" 26 0.379464285714 137 85 52 44 42 40 36 34 15 5 3 2 2 1 1 1 0 0 0 0
"27" 27 0.350574712644 103 100 77 65 59 27 16 16 13 9 7 5 2 1 0 0 0 0 0 0
"28" 28 0.0 225 69 57 46 32 28 14 13 9 5 1 1 0 0 0 0 0 0 0 0
"29" 29 0.124031007752 138 102 96 53 51 21 11 9 6 4 4 3 2 0 0 0 0 0 0 0
"30" 30 0.0 169 112 78 72 32 11 9 5 4 3 2 1 1 1 0 0 0 0 0 0
"31" 31 0.177215189873 157 81 67 52 50 25 17 16 13 10 6 3 3 0 0 0 0 0 0 0
"32" 32 0.0759493670886 105 90 84 40 35 32 23 19 16 14 11 9 8 7 5 2 0 0 0 0
"33" 33 0.10152284264 167 78 78 52 24 21 17 13 12 9 8 8 5 3 3 2 0 0 0 0
"34" 34 0.489051094891 105 84 50 42 34 30 29 24 19 17 17 15 15 11 7 1 0 0 0 0
"35" 35 0.139303482587 179 107 105 32 24 12 11 9 6 5 4 2 1 1 1 1 0 0 0 0
"36" 36 0.378238341969 121 111 70 54 38 32 18 15 14 11 8 5 1 1 1 0 0 0 0 0
"37" 37 0.343023255814 164 63 52 42 34 28 27 18 12 12 12 10 10 6 5 3 2 0 0 0
"38" 38 0.723214285714 99 95 78 49 45 40 33 28 15 7 5 2 2 1 1 0 0 0 0 0
"39" 39 0.593023255814 112 95 51 39 38 35 31 25 24 17 10 9 6 4 2 2 0 0 0 0
"40" 40 0.709821428571 96 57 53 49 46 41 41 29 26 20 13 9 7 7 5 1 0 0 0 0
"41" 41 0.288461538462 500 0 0 0 0 0 0 0 0 0 0 0 0 0 0 0 0 0 0 0
"42" 42 0.362068965517 128 69 40 38 36 31 30 30 25 23 20 12 9 5 2 1 1 0 0 0
"43" 43 0.207547169811 158 122 87 50 20 13 11 11 11 9 4 2 1 1 0 0 0 0 0 0
"44" 44 0.569536423841 159 126 65 46 33 23 16 9 8 6 5 3 1 0 0 0 0 0 0 0
"45" 45 0.348837209302 127 125 86 56 28 22 15 11 10 7 6 5 1 1 0 0 0 0 0 0
"46" 46 0.0 92 81 57 41 37 36 30 24 22 17 17 15 9 9 7 2 2 2 0 0
"47" 47 0.482233502538 134 111 96 56 39 17 17 14 4 4 3 2 1 1 1 0 0 0 0 0
"48" 48 0.29197080292 152 128 70 61 34 31 8 6 3 3 2 1 1 0 0 0 0 0 0 0
"49" 49 0.0267857142857 210 74 67 52 39 16 14 11 6 3 3 2 2 1 0 0 0 0 0 0
"50" 50 0.121827411168 106 96 92 76 43 16 16 16 9 7 6 5 4 4 2 1 1 0 0 0
"51" 51 0.403973509934 140 101 77 34 31 30 28 22 16 8 5 3 3 2 0 0 0 0 0 0
"52" 52 0.0597014925373 219 86 72 47 30 21 13 4 3 2 1 1 1 0 0 0 0 0 0 0
"53" 53 0.0398009950249 122 95 90 52 23 23 22 20 19 12 9 7 3 2 1 0 0 0 0 0
"54" 54 0.632911392405 184 61 51 50 44 42 29 9 7 6 6 5 2 2 1 1 0 0 0 0
"55" 55 0.424107142857 163 81 81 54 42 17 16 15 10 9 6 2 2 1 1 0 0 0 0 0
"56" 56 0.0199004975124 405 33 17 11 11 9 9 2 1 1 1 0 0 0 0 0 0 0 0 0
"57" 57 0.594871794872 207 58 46 38 37 36 30 23 14 6 4 1 0 0 0 0 0 0 0 0
"58" 58 0.177033492823 336 80 60 10 5 3 2 2 1 1 0 0 0 0 0 0 0 0 0 0
"59" 59 0.566037735849 165 164 95 53 8 7 4 2 1 1 0 0 0 0 0 0 0 0 0 0
"60" 60 0.0564102564103 228 91 82 54 12 9 7 6 4 3 2 1 1 0 0 0 0 0 0 0
"61" 61 0.010152284264 397 45 16 12 12 10 2 2 2 1 1 0 0 0 0 0 0 0 0 0
"62" 62 0.0287356321839 110 87 55 46 40 38 37 28 18 15 10 10 4 2 0 0 0 0 0 0
"63" 63 0.430379746835 94 74 66 59 53 39 34 24 21 16 14 6 0 0 0 0 0 0 0 0
"64" 64 0.124378109453 294 122 25 22 11 11 5 3 3 2 1 1 0 0 0 0 0 0 0 0
"65" 65 0.268656716418 263 43 37 30 28 27 21 21 10 8 4 3 3 2 0 0 0 0 0 0
"66" 66 0.461139896373 154 127 66 59 20 17 14 13 7 7 6 5 2 2 1 0 0 0 0 0
"67" 67 0.155172413793 218 149 36 31 20 13 10 5 5 3 3 2 2 2 1 0 0 0 0 0
"68" 68 0.147208121827 311 48 35 23 21 20 14 10 7 3 2 2 2 1 1 0 0 0 0 0
"69" 69 0.66985645933 121 110 66 57 46 21 20 18 10 9 7 6 4 3 2 0 0 0 0 0
"70" 70 0.348837209302 286 64 41 27 24 22 15 9 6 2 2 1 1 0 0 0 0 0 0 0
"71" 71 0.723214285714 92 88 84 80 65 43 35 4 3 2 2 1 1 0 0 0 0 0 0 0
"72" 72 0.4 176 84 41 39 32 31 27 19 19 10 8 6 5 3 0 0 0 0 0 0
"73" 73 0.257383966245 203 65 61 38 31 27 26 11 10 8 7 4 3 2 2 2 0 0 0 0
"74" 74 0.0298507462687 150 74 67 39 28 25 21 20 15 14 13 10 10 6 3 2 2 1 0 0
"75" 75 0.0836501901141 262 68 52 51 17 12 12 8 5 4 4 3 1 1 0 0 0 0 0 0
"76" 76 0.0 161 128 109 37 12 10 10 8 5 5 4 4 3 2 1 1 0 0 0 0
"77" 77 0.0172413793103 206 149 30 25 20 19 19 13 11 3 2 2 1 0 0 0 0 0 0 0
"78" 78 0.0836820083682 198 94 93 43 29 22 11 6 2 1 1 0 0 0 0 0 0 0 0 0
"79" 79 0.174107142857 185 136 55 38 34 17 7 6 5 4 4 3 3 2 1 0 0 0 0 0
"80" 80 0.163179916318 273 171 43 6 3 2 1 1 0 0 0 0 0 0 0 0 0 0 0 0
"81" 81 0.0497512437811 256 84 67 57 14 8 6 3 3 1 1 0 0 0 0 0 0 0 0 0
"82" 82 0.377990430622 175 134 60 33 30 13 9 9 9 8 8 6 3 2 1 0 0 0 0 0
"83" 83 0.125560538117 131 121 61 38 37 28 24 23 14 8 6 5 3 1 0 0 0 0 0 0
"84" 84 0.217616580311 191 77 75 52 31 19 13 11 10 7 6 4 2 1 1 0 0 0 0 0
"85" 85 0.0 248 75 69 29 24 15 14 10 4 3 3 3 2 1 0 0 0 0 0 0
"86" 86 0.232067510549 146 144 53 51 51 16 14 8 6 5 2 2 2 0 0 0 0 0 0 0
"87" 87 0.485232067511 111 96 75 38 34 26 25 24 23 22 9 9 4 3 1 0 0 0 0 0
"88" 88 0.0334728033473 135 71 63 56 44 39 34 13 10 9 5 4 4 4 3 3 2 1 0 0
"89" 89 0.0321100917431 120 117 65 54 38 25 24 15 11 9 7 6 5 2 1 1 0 0 0 0
"90" 90 0.492227979275 110 98 84 76 35 32 28 10 10 5 4 3 2 2 1 0 0 0 0 0
"91" 91 0.612403100775 61 51 50 48 47 44 41 34 32 21 19 12 11 9 8 6 6 0 0 0
"92" 92 0.0927152317881 166 52 43 41 41 29 28 25 17 15 12 9 8 8 4 2 0 0 0 0
"93" 93 0.527131782946 110 75 74 63 60 37 19 16 13 7 7 6 5 4 2 2 0 0 0 0
"94" 94 0.880597014925 125 116 99 50 29 21 15 12 11 9 5 5 3 0 0 0 0 0 0 0
"95" 95 0.761627906977 140 116 51 37 21 19 19 18 18 17 11 10 10 7 6 0 0 0 0 0
"96" 96 0.173076923077 500 0 0 0 0 0 0 0 0 0 0 0 0 0 0 0 0 0 0 0
"97" 97 0.0710659898477 174 75 51 50 37 27 25 25 15 11 8 2 0 0 0 0 0 0 0 0
"98" 98 0.51572327044 179 145 60 53 25 19 8 7 2 1 1 0 0 0 0 0 0 0 0 0
"99" 99 0.283582089552 111 110 108 40 31 24 18 17 15 12 4 4 4 2 0 0 0 0 0 0
"100" 100 0.396226415094 183 142 98 26 15 14 8 7 3 2 1 1 0 0 0 0 0 0 0 0
"101" 101 0.0199004975124 256 58 45 38 27 26 21 14 6 5 2 1 1 0 0 0 0 0 0 0
"102" 102 0.0304568527919 374 32 31 29 11 7 5 5 2 2 1 1 0 0 0 0 0 0 0 0
"103" 103 0.0632911392405 249 86 47 36 36 13 10 6 6 4 4 2 1 0 0 0 0 0 0 0
"104" 104 0.0132450331126 278 70 27 27 25 25 21 8 7 5 3 2 1 1 0 0 0 0 0 0
"105" 105 0.0 171 90 65 64 26 16 15 12 9 9 8 4 3 3 3 2 0 0 0 0
"106" 106 0.0 122 116 87 45 40 29 18 16 6 6 5 4 3 2 1 0 0 0 0 0
"107" 107 0.209205020921 207 150 72 27 10 8 8 7 4 4 2 1 0 0 0 0 0 0 0 0
"108" 108 0.0582959641256 161 113 41 30 30 22 22 21 21 20 7 4 4 2 1 1 0 0 0 0
"109" 109 0.0 304 132 25 14 12 7 4 1 1 0 0 0 0 0 0 0 0 0 0 0
"110" 110 0.0 224 117 53 38 19 16 15 7 4 3 1 1 1 1 0 0 0 0 0 0
"111" 111 0.282511210762 169 125 78 35 20 18 15 13 11 8 3 2 2 1 0 0 0 0 0 0
"112" 112 0.0 272 210 18 0 0 0 0 0 0 0 0 0 0 0 0 0 0 0 0 0
"113" 113 0.0 183 87 65 44 37 23 17 14 8 7 7 7 1 0 0 0 0 0 0 0
"114" 114 0.116279069767 282 106 24 19 18 13 12 7 7 6 3 1 1 1 0 0 0 0 0 0
"115" 115 0.209205020921 195 179 61 23 17 10 6 3 1 1 1 1 1 1 0 0 0 0 0 0
"116" 116 0.0 265 85 51 35 29 18 7 5 2 2 1 0 0 0 0 0 0 0 0 0
"117" 117 0.124401913876 267 62 47 21 18 17 15 13 11 10 6 3 3 2 2 1 1 1 0 0
"118" 118 0.576158940397 184 140 42 28 25 19 18 11 11 7 6 4 2 2 1 0 0 0 0 0
"119" 119 0.320574162679 175 82 74 67 58 15 13 6 3 3 3 1 0 0 0 0 0 0 0 0
"120" 120 0.35401459854 278 107 56 17 8 8 7 6 5 4 2 2 0 0 0 0 0 0 0 0
"121" 121 0.0 237 120 52 38 31 7 4 2 2 2 2 1 1 1 0 0 0 0 0 0
"122" 122 0.0 178 72 64 40 34 27 25 19 11 11 10 5 2 1 1 0 0 0 0 0
"123" 123 0.0 495 2 1 1 1 0 0 0 0 0 0 0 0 0 0 0 0 0 0 0
"124" 124 0.0583941605839 321 69 55 14 14 11 7 4 3 2 0 0 0 0 0 0 0 0 0 0
"125" 125 0.0880829015544 207 200 52 19 12 4 3 1 1 1 0 0 0 0 0 0 0 0 0 0
"126" 126 0.0 116 104 69 67 57 46 19 10 4 4 3 1 0 0 0 0 0 0 0 0
"127" 127 0.172995780591 186 71 71 69 58 19 10 6 5 3 2 0 0 0 0 0 0 0 0 0
"128" 128 0.0 171 128 57 43 40 19 14 13 10 2 2 1 0 0 0 0 0 0 0 0
"129" 129 0.309417040359 210 99 88 78 12 4 3 3 1 1 1 0 0 0 0 0 0 0 0 0
"130" 130 0.0717948717949 143 110 103 59 55 13 5 5 4 2 1 0 0 0 0 0 0 0 0 0
"131" 131 0.0 217 205 31 12 12 6 4 3 2 2 2 2 1 1 0 0 0 0 0 0
"132" 132 0.199004975124 120 99 73 68 64 30 21 8 7 6 2 1 1 0 0 0 0 0 0 0
"133" 133 0.0 165 112 74 46 41 17 14 10 7 6 2 2 2 1 1 0 0 0 0 0
"134" 134 0.138461538462 380 79 12 8 5 5 4 4 2 1 0 0 0 0 0 0 0 0 0 0
"135" 135 0.383720930233 109 99 88 71 60 22 15 12 10 5 4 2 2 1 0 0 0 0 0 0
"136" 136 0.571428571429 154 107 72 49 31 31 23 14 13 3 2 1 0 0 0 0 0 0 0 0
"137" 137 0.0 500 0 0 0 0 0 0 0 0 0 0 0 0 0 0 0 0 0 0 0
"138" 138 0.0697674418605 166 105 89 45 32 18 17 6 6 5 5 3 1 1 1 0 0 0 0 0
"139" 139 0.0 262 124 63 22 22 3 2 1 1 0 0 0 0 0 0 0 0 0 0 0
"140" 140 0.10970464135 266 125 31 25 23 9 6 6 3 3 2 1 0 0 0 0 0 0 0 0
"141" 141 0.0 184 178 54 38 15 11 6 4 4 3 1 1 1 0 0 0 0 0 0 0
"142" 142 0.0697674418605 302 120 61 16 1 0 0 0 0 0 0 0 0 0 0 0 0 0 0 0
"143" 143 0.305699481865 213 157 83 26 10 4 3 2 1 1 0 0 0 0 0 0 0 0 0 0
"144" 144 0.00418410041841 412 63 12 3 3 2 1 1 1 1 1 0 0 0 0 0 0 0 0 0
"145" 145 0.105769230769 127 103 73 62 39 39 19 11 9 6 6 5 1 0 0 0 0 0 0 0
"146" 146 0.268656716418 133 103 79 52 51 25 18 11 10 7 6 5 0 0 0 0 0 0 0 0
"147" 147 0.0 271 219 7 2 1 0 0 0 0 0 0 0 0 0 0 0 0 0 0 0
"148" 148 0.197080291971 224 74 43 42 37 25 16 10 8 7 6 4 2 2 0 0 0 0 0 0
"149" 149 0.325581395349 108 76 54 53 47 40 23 21 18 16 16 10 8 6 2 1 1 0 0 0
"150" 150 0.125523012552 95 94 61 34 34 34 33 30 25 12 10 8 8 5 5 4 4 4 0 0
"151" 151 0.269230769231 223 105 58 39 29 14 9 7 6 5 3 2 0 0 0 0 0 0 0 0
"152" 152 0.804597701149 273 102 47 30 15 13 6 5 3 3 2 1 0 0 0 0 0 0 0 0
"153" 153 0.748427672956 207 178 83 27 5 0 0 0 0 0 0 0 0 0 0 0 0 0 0 0
"154" 154 0.16091954023 143 132 65 43 32 26 13 11 8 6 5 5 4 4 1 1 1 0 0 0
"155" 155 0.558394160584 306 54 36 26 24 19 11 7 6 5 5 1 0 0 0 0 0 0 0 0
"156" 156 0.523255813953 142 60 58 48 37 34 29 27 16 16 11 6 6 5 3 2 0 0 0 0
"157" 157 0.110266159696 271 150 27 19 15 6 6 3 1 1 1 0 0 0 0 0 0 0 0 0
"158" 158 0.832535885167 216 64 53 30 30 22 19 14 12 12 9 6 5 5 2 1 0 0 0 0
"159" 159 0.790178571429 423 27 23 7 7 6 3 1 1 1 1 0 0 0 0 0 0 0 0 0
"160" 160 0.0804597701149 175 152 44 36 32 28 9 8 5 4 4 2 1 0 0 0 0 0 0 0
"161" 161 0.0114942528736 137 72 64 50 49 48 27 21 12 12 3 2 1 1 1 0 0 0 0 0
"162" 162 0.273255813953 130 112 72 65 55 30 25 4 3 2 1 1 0 0 0 0 0 0 0 0
"163" 163 0.164179104478 351 111 12 11 5 5 2 1 1 1 0 0 0 0 0 0 0 0 0 0
"164" 164 0.351063829787 140 105 95 59 34 28 16 9 4 4 3 1 1 1 0 0 0 0 0 0
"165" 165 0.0152091254753 207 139 94 17 13 9 7 3 3 2 2 2 1 1 0 0 0 0 0 0
"166" 166 0.142335766423 469 23 3 2 1 1 1 0 0 0 0 0 0 0 0 0 0 0 0 0
"167" 167 0.0077519379845 275 83 55 50 12 9 8 4 2 1 1 0 0 0 0 0 0 0 0 0
"168" 168 0.0 150 85 52 36 34 34 24 23 21 18 12 5 3 2 1 0 0 0 0 0
"169" 169 0.0223214285714 337 50 30 27 24 15 5 3 3 2 1 1 1 1 0 0 0 0 0 0
"170" 170 0.0761421319797 120 98 64 57 54 32 23 16 16 8 5 4 3 0 0 0 0 0 0 0
"171" 171 0.0199004975124 346 100 14 8 7 7 6 5 3 1 1 1 1 0 0 0 0 0 0 0
"172" 172 0.0 170 115 43 35 25 19 18 17 16 13 10 9 4 2 2 1 1 0 0 0
"173" 173 0.259615384615 241 87 69 50 16 14 10 8 3 1 1 0 0 0 0 0 0 0 0 0
"174" 174 0.113924050633 199 178 35 30 21 15 9 9 2 1 1 0 0 0 0 0 0 0 0 0
"175" 175 0.455696202532 91 82 71 56 54 46 40 21 14 14 5 3 1 1 1 0 0 0 0 0
"176" 176 0.539923954373 206 95 32 32 30 29 24 23 10 5 4 3 3 2 2 0 0 0 0 0
"177" 177 0.0304182509506 199 114 88 45 18 15 5 3 3 3 2 2 1 1 1 0 0 0 0 0
"178" 178 0.23178807947 278 120 52 47 3 0 0 0 0 0 0 0 0 0 0 0 0 0 0 0
"179" 179 0.267441860465 139 74 67 57 57 35 22 14 12 7 6 3 3 2 1 1 0 0 0 0
"180" 180 0.0852713178295 271 64 42 40 25 19 10 10 7 4 3 3 2 0 0 0 0 0 0 0
"181" 181 0.0 205 78 59 53 44 18 18 14 5 3 2 1 0 0 0 0 0 0 0 0
"182" 182 0.0 492 2 2 2 1 1 0 0 0 0 0 0 0 0 0 0 0 0 0 0
"183" 183 0.010152284264 136 74 72 58 47 33 31 24 9 5 3 2 2 2 1 1 0 0 0 0
"184" 184 0.0 160 127 87 63 19 18 16 2 2 2 2 1 1 0 0 0 0 0 0 0
"185" 185 0.0 224 159 66 29 12 7 1 1 1 0 0 0 0 0 0 0 0 0 0 0
"186" 186 0.00497512437811 199 170 42 29 13 11 9 8 6 5 5 2 1 0 0 0 0 0 0 0
"187" 187 0.0 416 64 14 6 0 0 0 0 0 0 0 0 0 0 0 0 0 0 0 0
"188" 188 0.00632911392405 283 75 53 21 20 15 9 6 6 4 4 2 1 1 0 0 0 0 0 0
"189" 189 0.0 186 83 77 45 38 25 15 8 8 5 4 2 2 1 1 0 0 0 0 0
"190" 190 0.0 206 110 39 38 23 22 21 13 11 6 6 3 2 0 0 0 0 0 0 0
"191" 191 0.0 119 99 85 58 46 30 23 9 8 8 5 5 3 1 1 0 0 0 0 0
"192" 192 0.0178571428571 148 127 59 39 32 32 17 15 9 7 6 5 3 1 0 0 0 0 0 0
"193" 193 0.0 180 76 51 51 35 23 20 16 14 8 8 8 4 2 2 1 1 0 0 0
"194" 194 0.0689655172414 98 88 64 58 47 45 30 14 12 11 11 7 6 6 2 1 0 0 0 0
"195" 195 0.191860465116 198 71 62 59 38 31 22 6 5 4 2 1 1 0 0 0 0 0 0 0
"196" 196 0.299270072993 153 153 92 23 19 16 13 10 10 9 2 0 0 0 0 0 0 0 0 0
"197" 197 0.631386861314 195 114 76 53 20 13 10 6 6 3 2 1 1 0 0 0 0 0 0 0
"198" 198 0.15503875969 114 97 49 46 43 41 41 16 13 9 8 8 5 5 3 1 1 0 0 0
"199" 199 0.144278606965 355 33 21 21 19 17 12 4 4 3 2 2 2 2 1 1 1 0 0 0
"200" 200 0.00836820083682 376 72 12 10 8 6 3 3 3 2 1 1 1 1 1 0 0 0 0 0
"201" 201 0.245283018868 446 39 6 4 2 2 1 0 0 0 0 0 0 0 0 0 0 0 0 0
"202" 202 0.0384615384615 488 8 4 0 0 0 0 0 0 0 0 0 0 0 0 0 0 0 0 0
"203" 203 0.683937823834 121 85 84 60 31 29 28 23 20 9 5 4 1 0 0 0 0 0 0 0
"204" 204 0.337748344371 281 73 70 19 18 13 9 5 5 2 2 2 1 0 0 0 0 0 0 0
"205" 205 0.495535714286 322 45 39 31 19 14 10 5 4 4 3 2 2 0 0 0 0 0 0 0
"206" 206 0.324873096447 285 108 27 20 17 14 10 7 6 3 2 1 0 0 0 0 0 0 0 0
"207" 207 0.124352331606 184 75 55 41 31 28 24 18 14 11 6 4 4 4 1 0 0 0 0 0
"208" 208 0.0 214 101 54 50 27 22 15 6 6 3 1 1 0 0 0 0 0 0 0 0
"209" 209 0.0348258706468 258 120 40 27 26 7 6 5 4 2 1 1 1 1 1 0 0 0 0 0
"210" 210 0.200836820084 288 88 60 30 12 8 4 3 2 2 1 1 1 0 0 0 0 0 0 0
"211" 211 0.277372262774 263 100 51 19 18 14 12 5 4 4 3 3 2 1 1 0 0 0 0 0
"212" 212 0.0 208 172 47 21 12 7 7 5 5 4 3 2 2 2 1 1 1 0 0 0
"213" 213 0.00418410041841 235 121 75 33 9 7 7 5 3 2 2 1 0 0 0 0 0 0 0 0
"214" 214 0.383211678832 189 122 97 43 15 15 5 4 4 2 2 1 1 0 0 0 0 0 0 0
"215" 215 0.104651162791 302 34 28 25 17 14 12 12 11 11 9 8 6 5 4 1 1 0 0 0
"216" 216 0.0298507462687 332 86 17 17 16 10 7 5 4 3 2 1 0 0 0 0 0 0 0 0
"217" 217 0.0576923076923 500 0 0 0 0 0 0 0 0 0 0 0 0 0 0 0 0 0 0 0
"218" 218 0.156976744186 209 82 74 47 43 12 12 9 4 3 2 2 1 0 0 0 0 0 0 0
"219" 219 0.0377358490566 143 136 124 28 28 23 4 3 3 3 2 2 1 0 0 0 0 0 0 0
"220" 220 0.424870466321 288 124 46 10 8 7 6 6 3 1 1 0 0 0 0 0 0 0 0 0
"221" 221 0.34375 126 66 58 55 54 37 20 13 13 12 11 9 8 7 6 2 2 1 0 0
"222" 222 0.770114942529 173 104 74 71 45 12 10 9 1 1 0 0 0 0 0 0 0 0 0 0
"223" 223 0.350574712644 195 76 56 52 28 20 19 19 14 7 5 4 3 2 0 0 0 0 0 0
"224" 224 0.0390070921986 204 127 103 46 9 5 4 2 0 0 0 0 0 0 0 0 0 0 0 0
"225" 225 0.522012578616 264 131 34 20 14 10 10 9 4 3 1 0 0 0 0 0 0 0 0 0
"226" 226 0.317307692308 500 0 0 0 0 0 0 0 0 0 0 0 0 0 0 0 0 0 0 0
"227" 227 0.0 131 108 68 35 29 26 21 15 15 13 11 9 8 5 3 3 0 0 0 0
"228" 228 0.354651162791 110 103 42 42 40 32 24 23 18 16 14 14 7 6 4 3 2 0 0 0
"229" 229 0.675496688742 186 130 75 29 19 18 15 13 5 5 2 2 1 0 0 0 0 0 0 0
"230" 230 0.0871559633028 128 121 59 36 30 29 19 16 16 15 9 6 4 4 4 2 1 1 0 0
"231" 231 0.509433962264 212 197 61 19 4 2 2 2 1 0 0 0 0 0 0 0 0 0 0 0
"232" 232 0.466321243523 135 68 64 58 47 43 24 20 16 5 4 4 4 4 3 1 0 0 0 0
"233" 233 0.155893536122 220 95 87 53 41 2 1 1 0 0 0 0 0 0 0 0 0 0 0 0
"234" 234 0.426160337553 191 82 80 62 21 21 10 8 8 8 3 3 2 1 0 0 0 0 0 0
"235" 235 0.654088050314 210 133 57 26 25 22 11 5 4 4 3 0 0 0 0 0 0 0 0 0
"236" 236 0.668874172185 171 128 70 54 42 23 7 4 1 0 0 0 0 0 0 0 0 0 0 0
"237" 237 0.0376569037657 111 90 86 55 41 25 19 19 16 13 11 7 4 3 0 0 0 0 0 0
"238" 238 0.345911949686 188 88 57 37 36 29 29 24 4 3 3 2 0 0 0 0 0 0 0 0
"239" 239 0.763713080169 287 81 36 34 30 13 6 4 4 2 2 1 0 0 0 0 0 0 0 0
"240" 240 0.27304964539 300 106 55 12 9 6 5 5 1 1 0 0 0 0 0 0 0 0 0 0
"241" 241 0.713178294574 217 135 51 31 25 16 13 6 2 2 1 1 0 0 0 0 0 0 0 0
"242" 242 0.416058394161 141 78 55 51 46 32 28 19 17 11 7 5 2 2 2 2 1 1 0 0
"243" 243 0.367713004484 198 85 43 35 31 27 18 17 11 9 6 5 4 4 2 2 2 1 0 0
"244" 244 0.528497409326 142 117 100 40 22 18 16 15 12 10 5 2 1 0 0 0 0 0 0 0
"245" 245 0.0753138075314 143 75 71 59 36 25 21 21 10 9 7 7 7 4 2 2 1 0 0 0
"246" 246 0.291390728477 137 100 63 43 35 31 29 22 9 9 9 4 4 3 2 0 0 0 0 0
"247" 247 0.590717299578 119 99 71 58 51 30 27 25 9 5 5 1 0 0 0 0 0 0 0 0
"248" 248 0.0689655172414 128 112 101 44 43 17 13 11 8 5 4 4 3 3 3 1 0 0 0 0
"249" 249 0.00574712643678 77 74 73 72 66 59 46 9 6 5 4 3 3 2 1 0 0 0 0 0
"250" 250 0.509433962264 148 134 120 68 14 7 4 2 1 1 1 0 0 0 0 0 0 0 0 0
"251" 251 0.59748427673 231 99 89 57 6 5 4 4 2 2 1 0 0 0 0 0 0 0 0 0
"252" 252 0.0298507462687 105 101 94 88 38 25 15 11 10 6 2 2 1 1 1 0 0 0 0 0
"253" 253 0.316062176166 293 173 8 7 6 4 3 2 2 1 1 0 0 0 0 0 0 0 0 0
"254" 254 0.647321428571 152 137 75 37 33 24 21 8 7 2 2 1 1 0 0 0 0 0 0 0
"255" 255 0.238341968912 108 101 78 76 44 41 18 10 7 6 5 4 1 1 0 0 0 0 0 0
"256" 256 0.0 122 95 76 75 32 28 18 17 10 10 5 5 3 2 1 1 0 0 0 0
"257" 257 0.284671532847 101 91 66 60 54 53 33 15 10 6 3 3 2 1 1 1 0 0 0 0
"258" 258 0.304635761589 132 93 65 63 62 33 18 17 6 4 3 3 1 0 0 0 0 0 0 0
"259" 259 0.0 203 133 71 20 18 18 13 12 3 3 2 2 1 1 0 0 0 0 0 0
"260" 260 0.00497512437811 194 117 46 42 28 26 14 12 8 5 3 2 2 1 0 0 0 0 0 0
"261" 261 0.264900662252 135 118 66 33 28 23 21 17 17 15 12 4 4 3 3 1 0 0 0 0
"262" 262 0.318385650224 150 89 66 60 51 45 12 9 5 4 4 3 1 1 0 0 0 0 0 0
"263" 263 0.0 171 78 68 43 42 24 20 19 18 6 3 3 2 2 1 0 0 0 0 0
"264" 264 0.0248756218905 189 120 46 32 28 20 18 17 10 8 6 4 1 1 0 0 0 0 0 0
"265" 265 0.282296650718 372 64 15 11 10 7 6 5 4 2 2 2 0 0 0 0 0 0 0 0
"266" 266 0.0304182509506 138 123 122 44 18 14 11 10 8 5 3 2 1 1 0 0 0 0 0 0
"267" 267 0.0984455958549 174 128 107 28 23 12 12 5 5 3 1 1 1 0 0 0 0 0 0 0
"268" 268 0.194968553459 184 126 42 37 28 24 13 11 10 7 6 5 4 3 0 0 0 0 0 0
"269" 269 0.723076923077 167 158 65 58 28 9 8 5 1 1 0 0 0 0 0 0 0 0 0 0
"270" 270 0.616033755274 169 108 80 70 52 10 6 2 2 1 0 0 0 0 0 0 0 0 0 0
"271" 271 0.0510948905109 269 65 53 46 25 14 12 9 7 0 0 0 0 0 0 0 0 0 0 0
"272" 272 0.10152284264 141 114 87 79 23 19 18 7 7 2 1 1 1 0 0 0 0 0 0 0
"273" 273 0.364238410596 222 84 79 49 27 18 8 7 4 1 1 0 0 0 0 0 0 0 0 0
"274" 274 0.0077519379845 186 147 142 16 4 3 1 1 0 0 0 0 0 0 0 0 0 0 0 0
"275" 275 0.675105485232 337 64 25 17 12 9 7 6 5 5 3 3 2 2 2 1 0 0 0 0
"276" 276 0.348837209302 201 79 65 53 28 24 16 13 8 8 3 1 1 0 0 0 0 0 0 0
"277" 277 0.0 276 121 22 20 20 13 9 7 4 3 2 2 1 0 0 0 0 0 0 0
"278" 278 0.233830845771 425 17 11 9 9 7 6 5 4 3 2 1 1 0 0 0 0 0 0 0
"279" 279 0.697674418605 227 90 58 50 33 13 13 7 4 3 2 0 0 0 0 0 0 0 0 0
"280" 280 0.0813397129187 485 5 4 2 1 1 1 1 0 0 0 0 0 0 0 0 0 0 0 0
"281" 281 0.415094339623 156 145 62 43 40 20 15 13 3 2 1 0 0 0 0 0 0 0 0 0
"282" 282 0.0 125 90 76 67 37 30 29 25 6 5 3 3 2 2 0 0 0 0 0 0
"283" 283 0.0418410041841 279 172 42 7 0 0 0 0 0 0 0 0 0 0 0 0 0 0 0 0
"284" 284 0.677130044843 258 44 39 32 30 29 15 13 12 11 7 6 3 1 0 0 0 0 0 0
"285" 285 0.518134715026 131 122 87 62 26 24 21 15 5 3 3 1 0 0 0 0 0 0 0 0
"286" 286 0.229885057471 147 112 95 36 23 20 16 14 10 10 8 4 3 1 1 0 0 0 0 0
"287" 287 0.517441860465 331 95 14 12 9 7 7 6 5 5 4 3 2 0 0 0 0 0 0 0
"288" 288 0.489451476793 184 94 87 37 18 17 16 12 11 7 5 5 3 3 1 0 0 0 0 0
"289" 289 0.22641509434 150 91 66 58 45 21 18 15 10 8 8 3 3 2 1 1 0 0 0 0
"290" 290 0.563218390805 151 116 51 44 34 25 24 18 13 7 7 5 4 1 0 0 0 0 0 0
"291" 291 0.0377358490566 230 58 48 46 32 22 11 9 9 7 5 5 4 3 3 3 2 2 1 0
"292" 292 0.88995215311 351 49 28 28 16 7 6 4 4 3 1 1 1 1 0 0 0 0 0 0
"293" 293 0.497512437811 237 76 42 31 25 24 10 10 8 7 7 4 4 4 4 4 2 1 0 0
