"site" "RSA" "aa1" "aa2" "aa3" "aa4" "aa5" "aa6" "aa7" "aa8" "aa9" "aa10" "aa11" "aa12" "aa13" "aa14" "aa15" "aa16" "aa17" "aa18" "aa19" "aa20"
"0" 0 0.720207253886 252 176 27 17 12 6 4 2 2 1 1 0 0 0 0 0 0 0 0 0
"1" 1 0.600896860987 109 90 71 58 56 54 33 20 3 2 2 1 1 0 0 0 0 0 0 0
"2" 2 0.627906976744 104 100 86 76 43 31 22 19 9 3 2 2 1 1 1 0 0 0 0 0
"3" 3 0.562189054726 189 105 59 42 37 31 12 8 4 4 3 3 1 1 1 0 0 0 0 0
"4" 4 0.291390728477 135 110 54 40 39 36 35 25 14 4 4 2 2 0 0 0 0 0 0 0
"5" 5 0.389121338912 161 105 63 42 35 22 21 20 11 11 3 2 2 2 0 0 0 0 0 0
"6" 6 0.393034825871 135 102 60 56 55 27 24 19 8 8 3 2 1 0 0 0 0 0 0 0
"7" 7 0.548523206751 173 76 68 43 38 25 23 14 12 10 9 8 1 0 0 0 0 0 0 0
"8" 8 0.569948186528 128 98 80 74 29 28 22 13 9 9 7 2 1 0 0 0 0 0 0 0
"9" 9 0.175732217573 217 76 49 40 36 29 15 13 6 6 5 2 2 2 1 1 0 0 0 0
"10" 10 0.407960199005 150 96 53 41 39 38 24 23 19 9 2 2 2 1 1 0 0 0 0 0
"11" 11 0.410852713178 129 88 62 54 46 38 17 16 15 13 11 7 2 1 1 0 0 0 0 0
"12" 12 0.240384615385 113 111 103 35 29 27 22 15 12 10 8 5 4 4 1 1 0 0 0 0
"13" 13 0.00961538461538 85 80 74 59 54 25 22 17 16 15 12 10 9 7 7 5 2 1 0 0
"14" 14 0.373563218391 156 102 45 39 35 34 30 22 21 9 4 2 1 0 0 0 0 0 0 0
"15" 15 0.124031007752 114 113 111 69 22 20 11 10 9 6 5 4 3 2 1 0 0 0 0 0
"16" 16 0.15503875969 200 84 70 33 19 14 13 12 12 10 10 7 7 4 3 1 1 0 0 0
"17" 17 0.170542635659 367 46 37 16 12 10 8 3 1 0 0 0 0 0 0 0 0 0 0 0
"18" 18 0.340101522843 116 67 58 46 44 43 37 34 24 8 6 4 4 3 3 2 1 0 0 0
"19" 19 0.0596026490066 363 36 31 20 13 12 8 7 5 4 1 0 0 0 0 0 0 0 0 0
"20" 20 0.236286919831 310 35 33 25 21 19 14 10 10 9 9 4 1 0 0 0 0 0 0 0
"21" 21 0.267441860465 140 74 60 52 42 36 35 25 14 8 6 2 2 2 1 1 0 0 0 0
"22" 22 0.395348837209 140 63 56 44 40 24 21 19 19 18 15 15 11 10 4 1 0 0 0 0
"23" 23 0.0862068965517 130 109 93 83 45 19 8 4 3 3 2 1 0 0 0 0 0 0 0 0
"24" 24 0.0 302 89 37 29 17 8 4 4 3 3 2 2 0 0 0 0 0 0 0 0
"25" 25 0.169811320755 135 134 103 36 34 16 13 13 7 3 3 1 1 1 0 0 0 0 0 0
"26" 26 0.182741116751 86 64 57 50 39 30 28 26 24 22 21 18 10 9 8 6 2 0 0 0
"27" 27 0.116071428571 157 114 52 37 26 23 23 21 17 11 7 5 3 2 1 1 0 0 0 0
"28" 28 0.014598540146 171 123 47 33 29 23 20 13 12 11 8 6 3 1 0 0 0 0 0 0
"29" 29 0.0114942528736 142 100 72 51 36 30 30 25 4 3 2 2 2 1 0 0 0 0 0 0
"30" 30 0.0168776371308 201 86 53 49 37 28 25 8 7 5 1 0 0 0 0 0 0 0 0 0
"31" 31 0.0 195 77 60 57 22 18 17 16 11 7 6 5 4 3 2 0 0 0 0 0
"32" 32 0.00995024875622 183 90 88 43 28 27 21 6 5 3 2 1 1 1 1 0 0 0 0 0
"33" 33 0.089552238806 370 54 28 16 11 6 6 2 1 1 1 1 1 1 1 0 0 0 0 0
"34" 34 0.0 140 84 82 77 64 23 9 8 7 3 2 1 0 0 0 0 0 0 0 0
"35" 35 0.00574712643678 272 165 32 10 6 5 3 3 2 1 1 0 0 0 0 0 0 0 0 0
"36" 36 0.0493273542601 146 135 80 44 33 29 15 5 5 4 2 1 1 0 0 0 0 0 0 0
"37" 37 0.267942583732 105 74 68 63 54 35 35 28 12 9 7 5 4 1 0 0 0 0 0 0
"38" 38 0.0077519379845 252 79 65 23 19 18 15 6 5 5 4 3 3 1 1 1 0 0 0 0
"39" 39 0.0794701986755 155 131 40 38 34 22 19 16 14 10 8 5 3 2 2 1 0 0 0 0
"40" 40 0.548523206751 110 104 82 56 46 32 29 12 12 6 5 3 2 1 0 0 0 0 0 0
"41" 41 0.291479820628 109 63 57 55 42 33 32 27 20 18 17 8 7 6 4 2 0 0 0 0
"42" 42 0.0862944162437 143 92 57 54 46 44 19 10 9 8 7 5 5 1 0 0 0 0 0 0
"43" 43 0.311258278146 197 81 68 66 32 16 13 10 6 3 3 2 1 1 1 0 0 0 0 0
"44" 44 0.53488372093 113 104 99 82 29 22 19 9 7 6 5 2 2 1 0 0 0 0 0 0
"45" 45 0.714285714286 138 112 94 72 29 25 15 6 5 2 1 1 0 0 0 0 0 0 0 0
"46" 46 0.53164556962 105 81 75 59 56 27 27 22 21 19 5 2 1 0 0 0 0 0 0 0
"47" 47 0.219730941704 111 93 62 51 46 44 42 13 11 8 8 6 3 2 0 0 0 0 0 0
"48" 48 0.0380228136882 215 199 35 16 12 7 3 3 2 2 2 2 1 1 0 0 0 0 0 0
"49" 49 0.738396624473 96 90 64 49 42 35 27 25 18 17 17 8 7 4 1 0 0 0 0 0
"50" 50 0.192307692308 448 24 17 4 4 3 0 0 0 0 0 0 0 0 0 0 0 0 0 0
"51" 51 0.238578680203 133 70 66 53 35 32 28 16 15 10 10 10 9 6 4 3 0 0 0 0
"52" 52 0.675126903553 172 146 37 34 32 28 15 14 10 5 4 3 0 0 0 0 0 0 0 0
"53" 53 0.20725388601 113 81 72 53 51 46 46 13 10 4 4 2 1 1 1 1 1 0 0 0
"54" 54 0.00632911392405 242 122 74 18 10 9 5 5 4 4 3 2 1 1 0 0 0 0 0 0
"55" 55 0.293103448276 129 122 84 35 34 32 19 17 7 6 5 4 3 2 1 0 0 0 0 0
"56" 56 0.528735632184 241 105 69 23 15 15 11 6 5 4 3 2 1 0 0 0 0 0 0 0
"57" 57 0.167883211679 255 79 59 37 34 10 9 4 3 3 2 2 2 1 0 0 0 0 0 0
"58" 58 0.010152284264 175 88 80 49 33 16 14 11 11 7 6 5 3 2 0 0 0 0 0 0
"59" 59 0.232704402516 191 188 43 28 25 10 4 4 2 1 1 1 1 1 0 0 0 0 0 0
"60" 60 0.755274261603 333 43 40 26 20 16 13 6 2 1 0 0 0 0 0 0 0 0 0 0
"61" 61 0.160714285714 187 137 58 45 37 10 9 6 5 2 1 1 1 1 0 0 0 0 0 0
"62" 62 0.0762331838565 260 64 34 32 26 26 16 14 8 7 6 2 2 1 1 1 0 0 0 0
"63" 63 0.298076923077 500 0 0 0 0 0 0 0 0 0 0 0 0 0 0 0 0 0 0 0
"64" 64 0.55230125523 200 180 32 26 21 16 6 6 5 2 2 2 1 1 0 0 0 0 0 0
"65" 65 0.701492537313 159 148 69 36 28 19 18 13 7 1 1 1 0 0 0 0 0 0 0 0
"66" 66 0.0397350993377 164 129 113 30 21 16 12 6 3 2 2 1 1 0 0 0 0 0 0 0
"67" 67 0.0794979079498 136 106 94 40 25 22 18 17 14 12 7 7 1 1 0 0 0 0 0 0
"68" 68 0.269503546099 260 96 34 33 26 18 10 7 6 3 3 2 1 1 0 0 0 0 0 0
"69" 69 0.0839416058394 126 99 61 57 53 34 18 17 12 9 7 3 2 1 1 0 0 0 0 0
"70" 70 0.0865384615385 500 0 0 0 0 0 0 0 0 0 0 0 0 0 0 0 0 0 0 0
"71" 71 0.0769230769231 245 203 15 9 9 9 7 2 1 0 0 0 0 0 0 0 0 0 0 0
"72" 72 0.457711442786 158 114 80 30 23 21 21 18 17 6 6 3 1 1 1 0 0 0 0 0
"73" 73 0.0232558139535 285 76 60 25 19 18 10 3 1 1 1 1 0 0 0 0 0 0 0 0
"74" 74 0.0564102564103 119 101 84 63 32 31 26 17 14 5 3 2 1 1 1 0 0 0 0 0
"75" 75 0.212643678161 113 77 75 71 44 34 28 27 19 7 2 1 1 1 0 0 0 0 0 0
"76" 76 0.309644670051 142 99 72 68 33 22 20 15 14 7 3 2 1 1 1 0 0 0 0 0
"77" 77 0.251824817518 270 120 52 18 10 9 5 5 4 3 2 1 1 0 0 0 0 0 0 0
"78" 78 0.140684410646 233 66 45 29 28 24 14 13 12 11 9 3 3 3 3 2 2 0 0 0
"79" 79 0.305439330544 181 161 56 43 20 18 7 4 4 4 1 1 0 0 0 0 0 0 0 0
"80" 80 0.270440251572 217 99 72 46 19 17 10 7 7 4 1 1 0 0 0 0 0 0 0 0
"81" 81 0.093023255814 205 197 42 20 10 5 4 4 4 4 3 2 0 0 0 0 0 0 0 0
"82" 82 0.331838565022 150 116 52 34 28 27 26 18 16 16 7 4 4 2 0 0 0 0 0 0
"83" 83 0.410852713178 103 102 92 73 52 25 12 11 9 7 6 4 1 1 1 1 0 0 0 0
"84" 84 0.134328358209 239 71 62 35 34 21 20 8 3 3 2 1 1 0 0 0 0 0 0 0
"85" 85 0.138461538462 141 124 70 62 57 13 12 6 6 3 2 2 2 0 0 0 0 0 0 0
"86" 86 0.648535564854 87 55 43 43 43 40 38 30 29 28 24 23 8 4 3 2 0 0 0 0
"87" 87 0.46511627907 106 100 95 44 35 25 21 19 18 13 8 8 6 2 0 0 0 0 0 0
"88" 88 0.309623430962 231 70 63 58 22 18 12 11 4 3 2 2 2 1 1 0 0 0 0 0
"89" 89 0.383966244726 170 160 106 29 11 8 7 4 2 2 1 0 0 0 0 0 0 0 0 0
"90" 90 0.492227979275 164 157 47 40 25 17 16 11 9 4 3 3 3 1 0 0 0 0 0 0
"91" 91 0.523206751055 158 80 62 40 36 29 29 23 16 9 6 6 3 2 1 0 0 0 0 0
"92" 92 0.186311787072 176 118 44 43 37 20 19 12 8 6 5 5 3 2 1 1 0 0 0 0
"93" 93 0.337552742616 140 117 112 32 21 20 15 13 9 8 6 3 2 1 1 0 0 0 0 0
"94" 94 0.466367713004 200 80 43 38 35 30 28 15 14 8 4 3 1 1 0 0 0 0 0 0
"95" 95 0.578680203046 140 96 59 55 46 46 27 13 5 4 4 3 2 0 0 0 0 0 0 0
"96" 96 0.284518828452 222 151 62 17 12 12 6 5 4 4 3 1 1 0 0 0 0 0 0 0
"97" 97 0.109452736318 330 32 32 28 28 17 12 3 3 3 3 2 2 2 1 1 1 0 0 0
"98" 98 0.480769230769 397 35 16 11 11 10 8 4 3 3 2 0 0 0 0 0 0 0 0 0
"99" 99 0.846153846154 475 25 0 0 0 0 0 0 0 0 0 0 0 0 0 0 0 0 0 0
"100" 100 0.126436781609 309 109 22 14 13 10 8 6 3 1 1 1 1 1 1 0 0 0 0 0
"101" 101 0.383419689119 272 131 33 18 17 6 5 4 4 4 3 3 0 0 0 0 0 0 0 0
"102" 102 0.481751824818 290 71 37 31 15 14 10 9 8 5 5 3 2 0 0 0 0 0 0 0
"103" 103 0.602870813397 195 126 52 42 34 21 11 5 5 4 3 2 0 0 0 0 0 0 0 0
"104" 104 0.696202531646 135 119 102 51 42 28 7 7 3 3 2 1 0 0 0 0 0 0 0 0
"105" 105 0.37668161435 145 131 93 44 41 12 10 8 5 4 3 2 1 1 0 0 0 0 0 0
"106" 106 0.36820083682 188 97 95 34 24 19 15 11 7 3 3 1 1 1 1 0 0 0 0 0
"107" 107 0.663120567376 124 109 99 38 30 23 22 18 18 7 4 4 2 2 0 0 0 0 0 0
"108" 108 0.408759124088 118 90 76 65 49 35 24 23 7 5 4 3 1 0 0 0 0 0 0 0
"109" 109 0.269961977186 229 123 86 18 16 11 6 4 2 1 1 1 1 1 0 0 0 0 0 0
"110" 110 0.171548117155 217 100 59 56 29 11 8 8 2 2 2 2 2 1 1 0 0 0 0 0
"111" 111 0.418604651163 241 74 51 43 32 17 12 11 9 6 4 0 0 0 0 0 0 0 0 0
"112" 112 0.0192307692308 347 103 12 8 8 5 5 5 3 2 1 1 0 0 0 0 0 0 0 0
"113" 113 0.0923076923077 94 94 62 59 36 32 27 25 23 14 12 11 5 2 1 1 1 1 0 0
"114" 114 0.139303482587 226 79 46 32 27 25 22 13 12 6 4 3 2 1 1 1 0 0 0 0
"115" 115 0.279069767442 170 97 86 41 35 22 20 9 7 7 2 2 1 1 0 0 0 0 0 0
"116" 116 0.0132450331126 404 26 18 11 10 7 5 5 4 3 3 2 1 1 0 0 0 0 0 0
"117" 117 0.105769230769 119 69 51 49 33 33 27 26 22 19 15 13 12 7 3 1 1 0 0 0
"118" 118 0.0673076923077 130 97 94 57 40 22 16 12 8 6 5 5 2 2 2 1 1 0 0 0
"119" 119 0.162790697674 104 98 81 54 41 29 21 14 12 9 9 9 8 5 3 3 0 0 0 0
"120" 120 0.062015503876 302 45 37 27 25 20 14 11 7 7 2 1 1 1 0 0 0 0 0 0
"121" 121 0.163461538462 119 63 53 48 48 45 41 21 16 16 13 7 6 2 1 1 0 0 0 0
"122" 122 0.170542635659 158 116 86 42 27 21 10 9 7 7 6 5 2 2 1 1 0 0 0 0
"123" 123 0.116279069767 140 69 69 38 30 21 20 20 18 18 15 15 9 8 4 3 2 1 0 0
"124" 124 0.0529801324503 207 81 54 50 26 23 19 16 7 7 4 3 1 1 1 0 0 0 0 0
"125" 125 0.0696517412935 123 76 72 60 47 31 27 23 19 8 7 3 2 1 1 0 0 0 0 0
"126" 126 0.411392405063 131 121 57 37 37 36 34 26 9 5 4 2 1 0 0 0 0 0 0 0
"127" 127 0.55230125523 407 39 12 11 9 8 6 5 1 1 1 0 0 0 0 0 0 0 0 0
"128" 128 0.0172413793103 325 111 49 6 3 2 2 1 1 0 0 0 0 0 0 0 0 0 0 0
"129" 129 0.0 432 14 12 11 8 8 7 3 2 2 1 0 0 0 0 0 0 0 0 0
"130" 130 0.100628930818 194 68 65 50 36 31 14 11 10 7 6 4 2 1 1 0 0 0 0 0
"131" 131 0.129353233831 243 91 37 28 25 21 14 13 10 10 4 2 2 0 0 0 0 0 0 0
"132" 132 0.0621761658031 149 124 114 64 18 8 8 6 5 2 1 1 0 0 0 0 0 0 0 0
"133" 133 0.0 315 110 42 13 6 5 4 3 1 1 0 0 0 0 0 0 0 0 0 0
"134" 134 0.0 225 110 74 29 21 15 10 8 3 2 1 1 1 0 0 0 0 0 0 0
"135" 135 0.0109489051095 188 127 81 41 37 19 2 2 1 1 1 0 0 0 0 0 0 0 0 0
"136" 136 0.0 252 71 61 50 21 17 11 4 3 3 2 2 1 1 1 0 0 0 0 0
"137" 137 0.043795620438 165 126 89 48 46 6 4 4 4 3 2 2 1 0 0 0 0 0 0 0
"138" 138 0.0248756218905 355 49 37 31 7 4 4 4 4 3 2 0 0 0 0 0 0 0 0 0
"139" 139 0.0 138 136 58 45 33 31 10 10 10 8 7 6 3 2 1 1 1 0 0 0
"140" 140 0.015503875969 263 52 52 34 31 24 18 10 6 5 4 1 0 0 0 0 0 0 0 0
"141" 141 0.0 475 10 9 2 1 1 1 1 0 0 0 0 0 0 0 0 0 0 0 0
"142" 142 0.103448275862 306 42 38 17 16 16 15 14 13 8 5 4 4 2 0 0 0 0 0 0
"143" 143 0.0384615384615 495 3 1 1 0 0 0 0 0 0 0 0 0 0 0 0 0 0 0 0
"144" 144 0.518987341772 87 84 75 64 49 26 22 21 21 15 15 9 6 2 1 1 1 1 0 0
"145" 145 0.211538461538 153 105 55 55 49 22 18 15 11 6 4 3 3 1 0 0 0 0 0 0
"146" 146 0.658914728682 190 116 37 34 30 26 19 15 14 8 5 3 2 1 0 0 0 0 0 0
"147" 147 0.736434108527 127 124 81 81 35 29 13 6 1 1 1 1 0 0 0 0 0 0 0 0
"148" 148 0.434977578475 142 107 51 42 41 36 28 15 11 11 7 4 2 2 1 0 0 0 0 0
"149" 149 0.222627737226 190 102 75 26 26 25 15 12 11 10 7 1 0 0 0 0 0 0 0 0
"150" 150 0.151785714286 163 111 57 52 47 16 14 12 11 8 6 2 1 0 0 0 0 0 0 0
"151" 151 0.00836820083682 211 163 112 5 5 2 1 1 0 0 0 0 0 0 0 0 0 0 0 0
"152" 152 0.5 132 57 50 46 43 38 35 26 22 18 15 10 4 4 0 0 0 0 0 0
"153" 153 0.211538461538 355 76 20 20 19 3 3 2 2 0 0 0 0 0 0 0 0 0 0 0
"154" 154 0.124378109453 151 70 53 47 44 34 22 21 14 13 11 10 3 3 2 1 1 0 0 0
"155" 155 0.451923076923 185 143 33 32 31 21 14 13 12 7 5 4 0 0 0 0 0 0 0 0
"156" 156 0.292307692308 126 94 92 30 28 26 22 22 16 9 9 9 6 5 3 2 1 0 0 0
"157" 157 0.0 330 83 42 19 17 5 1 1 1 1 0 0 0 0 0 0 0 0 0 0
"158" 158 0.223350253807 132 66 63 62 56 29 19 19 18 11 7 6 5 3 2 2 0 0 0 0
"159" 159 0.406976744186 122 100 81 52 50 27 20 19 8 6 5 4 3 2 1 0 0 0 0 0
"160" 160 0.409282700422 157 66 58 56 33 31 27 27 20 7 7 4 2 2 1 1 1 0 0 0
"161" 161 0.0203045685279 157 70 64 64 53 51 19 6 4 3 3 2 1 1 1 1 0 0 0 0
"162" 162 0.44769874477 157 125 66 41 40 38 13 9 6 3 2 0 0 0 0 0 0 0 0 0
"163" 163 0.763713080169 129 108 80 41 35 33 22 17 11 9 5 5 4 1 0 0 0 0 0 0
"164" 164 0.370860927152 134 81 76 59 48 23 15 11 10 10 10 7 6 4 3 2 1 0 0 0
"165" 165 0.238341968912 130 83 69 51 44 44 40 9 8 6 4 3 3 3 2 1 0 0 0 0
"166" 166 0.230769230769 500 0 0 0 0 0 0 0 0 0 0 0 0 0 0 0 0 0 0 0
"167" 167 0.52736318408 175 94 92 62 22 18 11 10 4 4 3 1 1 1 1 1 0 0 0 0
"168" 168 0.270072992701 254 99 68 25 24 12 9 7 1 1 0 0 0 0 0 0 0 0 0 0
"169" 169 0.0192307692308 475 22 3 0 0 0 0 0 0 0 0 0 0 0 0 0 0 0 0 0
"170" 170 0.044776119403 419 42 15 8 4 3 3 2 2 1 1 0 0 0 0 0 0 0 0 0
"171" 171 0.235741444867 337 89 25 23 13 6 3 2 1 1 0 0 0 0 0 0 0 0 0 0
"172" 172 0.2466367713 111 75 70 55 47 39 35 30 23 6 5 2 1 1 0 0 0 0 0 0
"173" 173 0.0673076923077 500 0 0 0 0 0 0 0 0 0 0 0 0 0 0 0 0 0 0 0
"174" 174 0.171548117155 184 172 53 23 22 15 11 6 4 4 3 3 0 0 0 0 0 0 0 0
"175" 175 0.589743589744 158 143 59 41 24 21 13 12 12 8 4 2 1 1 1 0 0 0 0 0
"176" 176 0.0 140 66 63 48 42 37 22 22 19 13 9 8 8 2 1 0 0 0 0 0
"177" 177 0.0662251655629 190 94 53 50 38 27 23 6 5 4 3 2 2 2 1 0 0 0 0 0
"178" 178 0.155172413793 106 93 73 40 36 32 29 23 19 18 9 6 5 5 3 2 1 0 0 0
"179" 179 0.394618834081 199 104 83 48 20 16 9 7 5 4 2 1 1 1 0 0 0 0 0 0
"180" 180 0.0961538461538 170 128 74 58 22 20 14 5 4 2 2 1 0 0 0 0 0 0 0 0
"181" 181 0.248730964467 126 63 57 53 52 44 39 16 10 9 8 6 5 5 4 2 1 0 0 0
"182" 182 0.319796954315 202 102 77 22 19 19 17 12 10 5 4 4 3 2 1 1 0 0 0 0
"183" 183 0.299492385787 159 75 60 50 38 27 18 16 11 11 10 9 8 6 2 0 0 0 0 0
"184" 184 0.326996197719 174 96 77 62 42 32 6 4 2 2 1 1 1 0 0 0 0 0 0 0
"185" 185 0.200729927007 160 59 52 50 40 37 25 17 13 9 9 7 7 7 6 2 0 0 0 0
"186" 186 0.201550387597 170 95 88 47 32 31 11 9 5 4 3 2 1 1 1 0 0 0 0 0
"187" 187 0.124031007752 189 68 53 34 33 29 25 22 15 8 6 6 5 4 2 1 0 0 0 0
"188" 188 0.235741444867 142 135 68 65 28 24 18 16 1 1 1 1 0 0 0 0 0 0 0 0
"189" 189 0.326359832636 108 73 71 61 40 31 28 25 20 19 7 6 4 3 3 1 0 0 0 0
"190" 190 0.240384615385 179 146 68 33 22 18 11 9 5 4 3 1 1 0 0 0 0 0 0 0
"191" 191 0.287356321839 107 88 63 56 52 30 30 27 14 12 8 6 4 2 1 0 0 0 0 0
"192" 192 0.266159695817 213 86 73 41 38 16 15 9 3 2 2 1 1 0 0 0 0 0 0 0
"193" 193 0.305699481865 229 54 39 38 36 30 29 21 5 4 4 3 3 2 2 1 0 0 0 0
"194" 194 0.610465116279 113 94 75 64 62 29 23 20 9 4 2 2 1 1 1 0 0 0 0 0
"195" 195 0.193798449612 78 66 59 53 37 34 31 28 26 21 16 14 9 7 6 6 5 4 0 0
"196" 196 0.53164556962 133 71 64 57 56 47 14 12 12 11 8 8 3 3 1 0 0 0 0 0
"197" 197 0.605769230769 250 56 48 35 32 22 17 10 6 6 5 3 2 2 2 2 1 1 0 0
"198" 198 0.733944954128 131 116 93 59 50 21 13 5 4 3 2 1 1 1 0 0 0 0 0 0
"199" 199 0.81592039801 500 0 0 0 0 0 0 0 0 0 0 0 0 0 0 0 0 0 0 0
"200" 200 0.276729559748 100 78 68 63 51 27 24 22 12 11 11 9 8 7 4 4 1 0 0 0
"201" 201 0.621761658031 160 69 65 56 55 49 24 10 6 4 1 1 0 0 0 0 0 0 0 0
"202" 202 0.723270440252 467 32 1 0 0 0 0 0 0 0 0 0 0 0 0 0 0 0 0 0
"203" 203 0.329113924051 147 80 59 46 39 30 28 22 17 12 6 5 5 2 2 0 0 0 0 0
"204" 204 0.733333333333 91 79 62 61 43 41 37 31 24 15 12 3 1 0 0 0 0 0 0 0
"205" 205 0.350574712644 92 81 52 43 41 36 27 23 18 17 13 13 10 10 9 8 7 0 0 0
"206" 206 0.631578947368 159 122 43 39 33 24 22 18 13 11 8 5 3 0 0 0 0 0 0 0
"207" 207 0.756345177665 143 121 64 51 34 29 21 15 8 5 5 2 1 1 0 0 0 0 0 0
"208" 208 0.568527918782 210 85 67 45 40 17 15 8 4 4 2 2 1 0 0 0 0 0 0 0
"209" 209 0.270114942529 69 66 60 57 54 44 41 34 29 25 7 5 4 2 1 1 1 0 0 0
"210" 210 0.350993377483 145 55 52 50 39 21 21 19 17 17 16 14 10 9 7 5 3 0 0 0
"211" 211 0.265957446809 181 77 77 32 28 26 23 20 9 8 8 4 4 2 1 0 0 0 0 0
"212" 212 0.408256880734 167 107 52 46 37 36 25 11 7 6 3 1 1 1 0 0 0 0 0 0
"213" 213 0.238578680203 57 57 56 50 45 42 39 30 28 25 18 14 13 8 7 4 4 3 0 0
"214" 214 0.170542635659 219 79 55 40 35 19 13 12 9 7 5 4 2 1 0 0 0 0 0 0
"215" 215 0.0896860986547 127 89 78 55 32 29 21 19 12 11 9 7 4 3 2 2 0 0 0 0
"216" 216 0.488372093023 196 63 59 56 45 20 18 14 10 9 4 3 2 1 0 0 0 0 0 0
"217" 217 0.0114942528736 178 127 44 39 30 14 13 12 11 10 8 8 3 3 0 0 0 0 0 0
"218" 218 0.226744186047 118 105 62 48 44 31 19 17 14 12 10 8 4 3 2 2 1 0 0 0
"219" 219 0.193798449612 103 91 78 45 39 34 33 28 19 13 10 3 2 1 1 0 0 0 0 0
"220" 220 0.310344827586 115 100 96 52 41 31 24 14 10 5 4 2 2 2 1 1 0 0 0 0
"221" 221 0.0 482 11 4 1 1 1 0 0 0 0 0 0 0 0 0 0 0 0 0 0
"222" 222 0.115384615385 82 69 64 60 59 46 20 19 17 17 14 9 8 6 5 4 1 0 0 0
"223" 223 0.323383084577 130 58 50 46 45 32 31 24 18 18 18 11 6 5 4 4 0 0 0 0
"224" 224 0.442528735632 81 75 74 52 49 34 30 26 19 12 11 8 8 7 6 6 1 1 0 0
"225" 225 0.0927152317881 295 193 7 4 1 0 0 0 0 0 0 0 0 0 0 0 0 0 0 0
"226" 226 0.0114068441065 278 98 87 14 8 4 4 2 2 1 1 1 0 0 0 0 0 0 0 0
"227" 227 0.119496855346 163 161 84 33 23 10 10 8 2 2 2 1 1 0 0 0 0 0 0 0
"228" 228 0.171548117155 77 74 64 63 44 44 27 24 21 20 14 10 8 7 2 1 0 0 0 0
"229" 229 0.165803108808 120 104 68 60 58 39 13 12 8 6 4 3 2 2 1 0 0 0 0 0
"230" 230 0.0 345 65 47 18 6 5 5 3 2 1 1 1 1 0 0 0 0 0 0 0
"231" 231 0.0 149 124 44 38 36 29 25 20 15 9 4 3 2 1 1 0 0 0 0 0
"232" 232 0.0802919708029 187 82 43 42 40 39 26 16 8 6 5 4 1 1 0 0 0 0 0 0
"233" 233 0.0948905109489 224 103 35 32 29 25 15 8 6 6 5 4 3 2 2 1 0 0 0 0
"234" 234 0.0 227 127 71 39 9 5 5 4 3 3 3 2 1 1 0 0 0 0 0 0
"235" 235 0.0275229357798 161 127 63 42 27 27 12 11 10 6 4 4 3 2 1 0 0 0 0 0
"236" 236 0.0 133 132 87 77 23 12 9 8 7 6 6 0 0 0 0 0 0 0 0 0
"237" 237 0.0137614678899 161 122 78 55 52 20 4 3 2 2 1 0 0 0 0 0 0 0 0 0
"238" 238 0.0179372197309 291 88 28 27 24 10 10 5 5 5 3 2 1 1 0 0 0 0 0 0
"239" 239 0.0 233 205 39 10 8 5 0 0 0 0 0 0 0 0 0 0 0 0 0 0
"240" 240 0.346153846154 499 1 0 0 0 0 0 0 0 0 0 0 0 0 0 0 0 0 0 0
"241" 241 0.109489051095 182 126 80 61 13 12 11 5 4 2 2 1 1 0 0 0 0 0 0 0
"242" 242 0.430379746835 119 81 70 66 61 33 23 17 10 7 5 3 2 1 1 1 0 0 0 0
"243" 243 0.567307692308 500 0 0 0 0 0 0 0 0 0 0 0 0 0 0 0 0 0 0 0
"244" 244 0.852713178295 197 115 95 55 19 8 3 3 3 1 1 0 0 0 0 0 0 0 0 0
"245" 245 0.367875647668 164 107 91 48 39 19 10 9 5 2 2 2 1 1 0 0 0 0 0 0
"246" 246 0.370558375635 181 106 104 35 17 16 16 8 5 3 3 3 2 1 0 0 0 0 0 0
"247" 247 0.211009174312 157 84 78 69 40 14 14 12 8 6 6 6 3 2 1 0 0 0 0 0
"248" 248 0.0228136882129 398 29 23 14 8 7 5 4 4 3 2 1 1 1 0 0 0 0 0 0
"249" 249 0.709302325581 130 89 63 50 41 33 25 23 17 15 6 4 3 1 0 0 0 0 0 0
"250" 250 0.221153846154 249 139 41 36 13 12 5 2 2 1 0 0 0 0 0 0 0 0 0 0
"251" 251 0.21511627907 82 64 54 54 40 39 32 32 26 22 12 12 10 9 5 3 2 1 1 0
"252" 252 0.568965517241 248 110 35 27 25 12 12 12 9 5 2 2 1 0 0 0 0 0 0 0
"253" 253 0.165803108808 93 65 64 53 49 45 30 24 15 15 11 8 8 6 5 5 4 0 0 0
"254" 254 0.0 232 124 88 22 14 13 4 1 1 1 0 0 0 0 0 0 0 0 0 0
"255" 255 0.251773049645 188 66 63 59 44 20 16 15 13 9 2 2 1 1 1 0 0 0 0 0
"256" 256 0.529197080292 128 124 53 49 41 36 28 18 10 9 3 1 0 0 0 0 0 0 0 0
"257" 257 0.320675105485 242 60 44 37 28 25 22 14 7 5 5 4 2 2 2 1 0 0 0 0
"258" 258 0.0 304 57 55 32 16 11 7 5 5 3 2 1 1 1 0 0 0 0 0 0
"259" 259 0.294573643411 154 122 107 26 24 14 12 9 9 7 5 4 3 1 1 1 1 0 0 0
"260" 260 0.654008438819 139 105 85 48 41 35 22 9 7 2 2 1 1 1 1 1 0 0 0 0
"261" 261 0.60103626943 130 110 76 50 48 18 16 12 10 10 6 4 4 3 2 1 0 0 0 0
"262" 262 0.178571428571 175 165 91 23 15 9 7 4 3 3 2 1 1 1 0 0 0 0 0 0
"263" 263 0.201923076923 500 0 0 0 0 0 0 0 0 0 0 0 0 0 0 0 0 0 0 0
"264" 264 0.635220125786 193 61 57 49 45 37 20 19 12 3 3 1 0 0 0 0 0 0 0 0
"265" 265 0.341772151899 222 107 48 39 36 32 7 5 3 1 0 0 0 0 0 0 0 0 0 0
"266" 266 0.031007751938 169 143 101 42 22 9 7 2 2 1 1 1 0 0 0 0 0 0 0 0
"267" 267 0.0753138075314 212 166 32 30 20 18 8 4 3 3 3 1 0 0 0 0 0 0 0 0
"268" 268 0.393305439331 308 121 34 11 8 5 4 3 3 1 1 1 0 0 0 0 0 0 0 0
"269" 269 0.291139240506 98 98 77 43 37 27 23 22 15 15 11 8 7 7 6 6 0 0 0 0
"270" 270 0.0961538461538 500 0 0 0 0 0 0 0 0 0 0 0 0 0 0 0 0 0 0 0
"271" 271 0.0387596899225 250 77 72 33 17 13 10 8 6 4 4 2 2 1 1 0 0 0 0 0
"272" 272 0.570921985816 162 135 49 29 23 23 22 21 11 10 9 5 1 0 0 0 0 0 0 0
"273" 273 0.00662251655629 243 89 37 37 17 16 14 12 12 10 5 4 2 1 1 0 0 0 0 0
"274" 274 0.117948717949 107 100 73 68 30 28 22 17 14 11 10 7 5 4 2 2 0 0 0 0
"275" 275 0.0919540229885 115 101 96 50 37 27 24 14 13 11 4 3 2 1 1 1 0 0 0 0
"276" 276 0.308457711443 142 138 54 45 44 19 19 9 8 7 5 4 4 2 0 0 0 0 0 0
"277" 277 0.29197080292 106 86 66 48 43 38 38 25 11 11 9 6 5 4 2 1 1 0 0 0
"278" 278 0.125 114 74 60 56 41 40 18 18 17 17 17 11 8 4 2 1 1 1 0 0
"279" 279 0.366972477064 180 123 87 25 15 14 13 10 9 8 7 3 2 2 1 1 0 0 0 0
"280" 280 0.240384615385 124 105 83 61 45 11 10 10 9 9 8 7 6 5 4 3 0 0 0 0
"281" 281 0.105769230769 174 122 38 37 29 19 19 16 13 9 6 4 4 4 3 3 0 0 0 0
"282" 282 0.15503875969 158 54 48 46 41 36 28 19 18 12 11 9 9 6 4 1 0 0 0 0
"283" 283 0.481171548117 168 109 73 33 33 27 18 10 10 8 3 2 2 2 1 1 0 0 0 0
"284" 284 0.14367816092 91 67 62 51 48 44 32 30 23 16 10 8 7 6 4 1 0 0 0 0
"285" 285 0.313432835821 156 142 114 38 12 11 5 4 3 3 3 2 2 2 2 1 0 0 0 0
"286" 286 0.367816091954 142 108 50 41 41 32 22 20 16 7 5 5 5 3 3 0 0 0 0 0
"287" 287 0.517412935323 120 103 79 73 22 22 17 14 14 11 8 6 6 3 2 0 0 0 0 0
"288" 288 0.32319391635 111 100 89 51 33 29 16 15 15 11 10 5 4 3 2 2 2 2 0 0
"289" 289 0.626943005181 146 106 96 46 29 27 12 10 8 7 5 4 2 1 1 0 0 0 0 0
"290" 290 0.71875 171 75 61 40 38 37 25 21 18 8 3 2 1 0 0 0 0 0 0 0
"291" 291 0.659898477157 148 121 81 66 33 15 8 7 6 5 4 4 2 0 0 0 0 0 0 0
