"site" "RSA" "aa1" "aa2" "aa3" "aa4" "aa5" "aa6" "aa7" "aa8" "aa9" "aa10" "aa11" "aa12" "aa13" "aa14" "aa15" "aa16" "aa17" "aa18" "aa19" "aa20"
"0" 0 1.05128205128 307 93 61 31 5 2 1 0 0 0 0 0 0 0 0 0 0 0 0 0
"1" 1 0.651162790698 466 30 2 1 1 0 0 0 0 0 0 0 0 0 0 0 0 0 0 0
"2" 2 0.483443708609 269 77 61 55 17 12 4 2 2 1 0 0 0 0 0 0 0 0 0 0
"3" 3 0.53164556962 153 140 103 38 20 11 10 9 9 4 3 0 0 0 0 0 0 0 0 0
"4" 4 0.209302325581 270 76 62 49 31 6 5 1 0 0 0 0 0 0 0 0 0 0 0 0
"5" 5 0.403041825095 448 52 0 0 0 0 0 0 0 0 0 0 0 0 0 0 0 0 0 0
"6" 6 0.616352201258 185 63 63 55 41 33 31 14 8 3 2 2 0 0 0 0 0 0 0 0
"7" 7 0.37984496124 154 142 85 68 22 14 6 4 2 2 1 0 0 0 0 0 0 0 0 0
"8" 8 0.0077519379845 469 28 2 1 0 0 0 0 0 0 0 0 0 0 0 0 0 0 0 0
"9" 9 0.5 280 72 66 65 7 5 4 1 0 0 0 0 0 0 0 0 0 0 0 0
"10" 10 0.472868217054 266 83 69 25 17 12 12 9 5 1 1 0 0 0 0 0 0 0 0 0
"11" 11 0.0995024875622 495 2 1 1 1 0 0 0 0 0 0 0 0 0 0 0 0 0 0 0
"12" 12 0.670886075949 378 81 16 7 6 3 3 2 2 2 0 0 0 0 0 0 0 0 0 0
"13" 13 0.637130801688 311 87 48 43 7 3 1 0 0 0 0 0 0 0 0 0 0 0 0 0
"14" 14 0.365384615385 500 0 0 0 0 0 0 0 0 0 0 0 0 0 0 0 0 0 0 0
"15" 15 0.230769230769 206 86 63 56 41 31 10 5 1 1 0 0 0 0 0 0 0 0 0 0
"16" 16 0.266159695817 297 89 63 43 4 2 2 0 0 0 0 0 0 0 0 0 0 0 0 0
"17" 17 0.0 284 102 80 21 11 2 0 0 0 0 0 0 0 0 0 0 0 0 0 0
"18" 18 0.183544303797 346 54 23 18 15 13 12 5 3 3 2 2 1 1 1 1 0 0 0 0
"19" 19 0.010152284264 469 29 2 0 0 0 0 0 0 0 0 0 0 0 0 0 0 0 0 0
"20" 20 0.676923076923 473 24 1 1 1 0 0 0 0 0 0 0 0 0 0 0 0 0 0 0
"21" 21 0.701923076923 430 70 0 0 0 0 0 0 0 0 0 0 0 0 0 0 0 0 0 0
"22" 22 0.277372262774 287 68 53 38 27 17 6 3 1 0 0 0 0 0 0 0 0 0 0 0
"23" 23 0.0817610062893 230 212 49 4 3 2 0 0 0 0 0 0 0 0 0 0 0 0 0 0
"24" 24 0.0 278 219 2 1 0 0 0 0 0 0 0 0 0 0 0 0 0 0 0 0
"25" 25 0.379746835443 200 150 87 32 14 9 8 0 0 0 0 0 0 0 0 0 0 0 0 0
"26" 26 0.0114942528736 438 62 0 0 0 0 0 0 0 0 0 0 0 0 0 0 0 0 0 0
"27" 27 0.304568527919 208 118 75 37 33 14 11 2 2 0 0 0 0 0 0 0 0 0 0 0
"28" 28 0.383419689119 200 136 69 45 40 4 4 1 1 0 0 0 0 0 0 0 0 0 0 0
"29" 29 0.318407960199 430 54 4 3 3 3 2 1 0 0 0 0 0 0 0 0 0 0 0 0
"30" 30 0.476821192053 240 146 64 38 3 2 2 2 1 1 1 0 0 0 0 0 0 0 0 0
"31" 31 0.459770114943 392 43 21 16 13 6 2 2 2 1 1 1 0 0 0 0 0 0 0 0
"32" 32 0.350993377483 410 36 25 10 7 5 3 2 1 1 0 0 0 0 0 0 0 0 0 0
"33" 33 0.818565400844 240 166 49 14 11 9 9 1 1 0 0 0 0 0 0 0 0 0 0 0
"34" 34 0.558139534884 239 145 56 28 15 11 3 3 0 0 0 0 0 0 0 0 0 0 0 0
"35" 35 0.5 498 1 1 0 0 0 0 0 0 0 0 0 0 0 0 0 0 0 0 0
"36" 36 0.864978902954 368 78 19 16 5 5 4 3 1 1 0 0 0 0 0 0 0 0 0 0
"37" 37 0.789473684211 213 151 66 23 15 15 5 4 4 2 1 1 0 0 0 0 0 0 0 0
"38" 38 0.548076923077 449 51 0 0 0 0 0 0 0 0 0 0 0 0 0 0 0 0 0 0
"39" 39 0.473684210526 110 109 103 75 33 14 14 11 8 7 5 4 3 2 1 1 0 0 0 0
"40" 40 0.116279069767 321 132 18 7 6 5 4 4 2 1 0 0 0 0 0 0 0 0 0 0
"41" 41 0.413502109705 183 97 60 48 45 20 20 12 9 6 0 0 0 0 0 0 0 0 0 0
"42" 42 0.0229885057471 474 13 12 1 0 0 0 0 0 0 0 0 0 0 0 0 0 0 0 0
"43" 43 0.278145695364 206 68 49 35 34 29 25 20 16 9 6 3 0 0 0 0 0 0 0 0
"44" 44 0.010152284264 363 136 1 0 0 0 0 0 0 0 0 0 0 0 0 0 0 0 0 0
"45" 45 0.0977011494253 135 114 96 68 35 19 19 6 2 2 2 1 1 0 0 0 0 0 0 0
"46" 46 0.0 434 66 0 0 0 0 0 0 0 0 0 0 0 0 0 0 0 0 0 0
"47" 47 0.255813953488 266 73 33 30 29 28 19 17 5 0 0 0 0 0 0 0 0 0 0 0
"48" 48 0.020725388601 488 6 2 2 1 1 0 0 0 0 0 0 0 0 0 0 0 0 0 0
"49" 49 0.137055837563 186 144 75 37 26 8 7 7 3 2 2 2 1 0 0 0 0 0 0 0
"50" 50 0.0460251046025 311 150 15 8 4 3 3 2 2 1 1 0 0 0 0 0 0 0 0 0
"51" 51 0.406976744186 157 138 60 54 26 23 17 14 7 2 2 0 0 0 0 0 0 0 0 0
"52" 52 0.509615384615 500 0 0 0 0 0 0 0 0 0 0 0 0 0 0 0 0 0 0 0
"53" 53 0.507692307692 166 161 69 53 24 12 5 4 3 3 0 0 0 0 0 0 0 0 0 0
"54" 54 0.569343065693 184 77 73 66 56 22 8 7 3 3 1 0 0 0 0 0 0 0 0 0
"55" 55 0.174129353234 269 129 47 24 17 8 5 1 0 0 0 0 0 0 0 0 0 0 0 0
"56" 56 0.535714285714 143 106 62 44 35 34 34 19 18 5 0 0 0 0 0 0 0 0 0 0
"57" 57 0.248704663212 178 132 125 32 13 7 4 3 2 1 1 1 1 0 0 0 0 0 0 0
"58" 58 0.439461883408 110 107 65 56 49 47 33 17 7 6 2 1 0 0 0 0 0 0 0 0
"59" 59 0.0542635658915 459 24 5 4 4 3 1 0 0 0 0 0 0 0 0 0 0 0 0 0
"60" 60 0.433962264151 185 87 63 36 33 25 24 23 7 6 6 3 2 0 0 0 0 0 0 0
"61" 61 0.198675496689 198 100 75 71 38 9 7 1 1 0 0 0 0 0 0 0 0 0 0 0
"62" 62 0.511627906977 135 110 108 53 39 18 12 11 6 5 2 1 0 0 0 0 0 0 0 0
"63" 63 0.44976076555 364 51 35 15 10 7 5 5 4 1 1 1 1 0 0 0 0 0 0 0
"64" 64 0.487179487179 237 97 61 40 30 25 5 3 2 0 0 0 0 0 0 0 0 0 0 0
"65" 65 0.051724137931 263 181 28 10 5 4 3 2 2 1 1 0 0 0 0 0 0 0 0 0
"66" 66 0.339285714286 162 107 94 70 44 10 6 5 1 1 0 0 0 0 0 0 0 0 0 0
"67" 67 0.0977011494253 490 7 2 1 0 0 0 0 0 0 0 0 0 0 0 0 0 0 0 0
"68" 68 0.0566037735849 240 162 64 32 1 1 0 0 0 0 0 0 0 0 0 0 0 0 0 0
"69" 69 0.481171548117 254 227 19 0 0 0 0 0 0 0 0 0 0 0 0 0 0 0 0 0
"70" 70 0.201149425287 388 38 21 19 18 7 4 4 1 0 0 0 0 0 0 0 0 0 0 0
"71" 71 0.586497890295 280 113 71 20 10 4 2 0 0 0 0 0 0 0 0 0 0 0 0 0
"72" 72 0.482558139535 180 83 74 45 36 27 21 14 8 6 5 1 0 0 0 0 0 0 0 0
"73" 73 0.426778242678 372 116 6 4 2 0 0 0 0 0 0 0 0 0 0 0 0 0 0 0
"74" 74 0.337209302326 107 90 68 56 54 34 24 21 18 11 8 4 3 2 0 0 0 0 0 0
"75" 75 0.0798479087452 244 170 61 22 2 1 0 0 0 0 0 0 0 0 0 0 0 0 0 0
"76" 76 0.218543046358 181 85 50 45 37 29 25 15 8 7 6 6 3 2 1 0 0 0 0 0
"77" 77 0.0574712643678 458 22 16 4 0 0 0 0 0 0 0 0 0 0 0 0 0 0 0 0
"78" 78 0.502487562189 137 136 57 57 49 34 12 9 4 4 1 0 0 0 0 0 0 0 0 0
"79" 79 0.336787564767 258 74 70 35 24 21 16 1 1 0 0 0 0 0 0 0 0 0 0 0
"80" 80 0.111675126904 454 31 10 2 2 1 0 0 0 0 0 0 0 0 0 0 0 0 0 0
"81" 81 0.488789237668 196 82 68 44 43 32 15 10 5 4 1 0 0 0 0 0 0 0 0 0
"82" 82 0.572327044025 491 3 2 2 1 1 0 0 0 0 0 0 0 0 0 0 0 0 0 0
"83" 83 0.174358974359 489 11 0 0 0 0 0 0 0 0 0 0 0 0 0 0 0 0 0 0
"84" 84 0.816964285714 473 26 1 0 0 0 0 0 0 0 0 0 0 0 0 0 0 0 0 0
"85" 85 0.367875647668 491 6 1 1 1 0 0 0 0 0 0 0 0 0 0 0 0 0 0 0
"86" 86 0.754716981132 470 22 5 2 1 0 0 0 0 0 0 0 0 0 0 0 0 0 0 0
"87" 87 0.735099337748 473 20 4 1 1 1 0 0 0 0 0 0 0 0 0 0 0 0 0 0
"88" 88 0.437810945274 277 159 46 7 5 3 2 1 0 0 0 0 0 0 0 0 0 0 0 0
"89" 89 0.465408805031 251 122 54 34 15 9 7 6 2 0 0 0 0 0 0 0 0 0 0 0
"90" 90 0.350993377483 164 85 53 45 42 39 22 20 16 6 4 2 1 1 0 0 0 0 0 0
"91" 91 0.354066985646 121 113 72 62 45 32 21 16 11 4 2 1 0 0 0 0 0 0 0 0
"92" 92 0.0597014925373 234 114 100 28 16 2 2 2 1 1 0 0 0 0 0 0 0 0 0 0
"93" 93 0.12582781457 209 90 85 47 24 22 8 7 3 2 2 1 0 0 0 0 0 0 0 0
"94" 94 0.0149253731343 407 57 30 2 1 1 1 1 0 0 0 0 0 0 0 0 0 0 0 0
"95" 95 0.305699481865 415 39 32 5 5 3 1 0 0 0 0 0 0 0 0 0 0 0 0 0
"96" 96 0.818652849741 100 97 85 61 60 36 22 15 9 7 6 2 0 0 0 0 0 0 0 0
"97" 97 0.727678571429 156 116 100 63 30 13 12 4 4 1 1 0 0 0 0 0 0 0 0 0
"98" 98 0.663461538462 500 0 0 0 0 0 0 0 0 0 0 0 0 0 0 0 0 0 0 0
"99" 99 0.584821428571 181 80 48 46 42 41 29 12 6 5 4 2 2 1 1 0 0 0 0 0
"100" 100 0.496688741722 144 97 83 80 36 15 12 10 9 9 4 1 0 0 0 0 0 0 0 0
"101" 101 0.153284671533 124 123 62 46 30 27 22 20 16 12 9 5 2 1 1 0 0 0 0 0
"102" 102 0.459821428571 290 87 44 16 16 15 12 8 5 2 2 2 1 0 0 0 0 0 0 0
"103" 103 0.544041450777 154 92 71 46 35 33 20 19 17 4 4 2 2 1 0 0 0 0 0 0
"104" 104 0.0746268656716 327 55 25 23 18 14 11 10 9 3 2 1 1 1 0 0 0 0 0 0
"105" 105 0.367875647668 225 182 35 16 12 11 8 3 2 2 1 1 1 1 0 0 0 0 0 0
"106" 106 0.169811320755 443 55 2 0 0 0 0 0 0 0 0 0 0 0 0 0 0 0 0 0
"107" 107 0.641509433962 193 112 96 39 22 18 12 7 1 0 0 0 0 0 0 0 0 0 0 0
"108" 108 0.455958549223 470 12 4 3 3 2 2 2 2 0 0 0 0 0 0 0 0 0 0 0
"109" 109 0.581395348837 248 76 67 48 40 8 4 4 2 1 1 1 0 0 0 0 0 0 0 0
"110" 110 0.527131782946 217 124 61 48 19 12 11 7 1 0 0 0 0 0 0 0 0 0 0 0
"111" 111 0.124378109453 456 19 13 5 3 2 1 1 0 0 0 0 0 0 0 0 0 0 0 0
"112" 112 0.325581395349 133 86 74 61 60 19 19 15 11 8 7 4 2 1 0 0 0 0 0 0
"113" 113 0.406976744186 146 130 99 41 27 27 8 8 7 5 2 0 0 0 0 0 0 0 0 0
"114" 114 0.42600896861 130 122 102 67 63 3 3 3 3 1 1 1 1 0 0 0 0 0 0 0
"115" 115 0.0304568527919 450 21 15 6 5 1 1 1 0 0 0 0 0 0 0 0 0 0 0 0
"116" 116 0.451476793249 124 105 94 60 45 36 12 9 4 4 4 3 0 0 0 0 0 0 0 0
"117" 117 0.495535714286 164 80 76 51 40 27 26 22 5 4 3 2 0 0 0 0 0 0 0 0
"118" 118 0.188340807175 175 167 78 38 18 7 7 5 4 1 0 0 0 0 0 0 0 0 0 0
"119" 119 0.234309623431 377 79 44 0 0 0 0 0 0 0 0 0 0 0 0 0 0 0 0 0
"120" 120 0.523316062176 138 130 90 76 29 9 8 6 5 5 4 0 0 0 0 0 0 0 0 0
"121" 121 0.476821192053 222 86 56 42 38 18 17 8 6 4 1 1 1 0 0 0 0 0 0 0
"122" 122 0.644230769231 500 0 0 0 0 0 0 0 0 0 0 0 0 0 0 0 0 0 0 0
"123" 123 0.485232067511 370 55 32 11 10 6 6 5 4 1 0 0 0 0 0 0 0 0 0 0
"124" 124 0.455357142857 289 56 55 28 20 14 11 6 6 5 5 2 2 1 0 0 0 0 0 0
"125" 125 0.00574712643678 493 7 0 0 0 0 0 0 0 0 0 0 0 0 0 0 0 0 0 0
"126" 126 0.169154228856 158 114 98 47 26 19 18 10 5 4 1 0 0 0 0 0 0 0 0 0
"127" 127 0.0 385 66 20 19 8 2 0 0 0 0 0 0 0 0 0 0 0 0 0 0
"128" 128 0.0747126436782 191 77 61 40 29 29 22 15 13 10 5 4 2 1 1 0 0 0 0 0
"129" 129 0.0 341 68 39 21 12 9 3 2 1 1 1 1 1 0 0 0 0 0 0 0
"130" 130 0.0689655172414 156 99 82 51 36 33 9 6 6 6 4 4 4 2 2 0 0 0 0 0
"131" 131 0.225165562914 190 81 68 57 28 25 16 11 7 7 3 3 1 1 1 1 0 0 0 0
"132" 132 0.147286821705 292 161 14 14 9 8 2 0 0 0 0 0 0 0 0 0 0 0 0 0
"133" 133 0.730769230769 227 73 55 41 28 27 24 13 5 2 2 1 1 1 0 0 0 0 0 0
"134" 134 0.343023255814 243 105 53 45 26 10 5 4 4 3 1 1 0 0 0 0 0 0 0 0
"135" 135 0.339285714286 197 104 58 50 43 18 16 6 6 2 0 0 0 0 0 0 0 0 0 0
"136" 136 0.134529147982 390 28 28 13 8 8 7 5 4 3 3 2 1 0 0 0 0 0 0 0
"137" 137 0.0114942528736 322 103 34 23 12 3 1 1 1 0 0 0 0 0 0 0 0 0 0 0
"138" 138 0.28855721393 190 90 61 57 48 26 7 6 4 4 4 2 1 0 0 0 0 0 0 0
"139" 139 0.47533632287 269 61 60 37 28 26 13 3 2 1 0 0 0 0 0 0 0 0 0 0
"140" 140 0.197674418605 226 168 57 38 4 3 2 1 1 0 0 0 0 0 0 0 0 0 0 0
"141" 141 0.379746835443 385 63 22 15 7 4 3 1 0 0 0 0 0 0 0 0 0 0 0 0
"142" 142 0.282051282051 490 3 3 3 1 0 0 0 0 0 0 0 0 0 0 0 0 0 0 0
"143" 143 0.410852713178 172 149 104 35 24 13 1 1 1 0 0 0 0 0 0 0 0 0 0 0
"144" 144 1.23255813953 284 149 67 0 0 0 0 0 0 0 0 0 0 0 0 0 0 0 0 0
