"site" "RSA" "aa1" "aa2" "aa3" "aa4" "aa5" "aa6" "aa7" "aa8" "aa9" "aa10" "aa11" "aa12" "aa13" "aa14" "aa15" "aa16" "aa17" "aa18" "aa19" "aa20"
"0" 0 0.652849740933 208 64 48 45 43 25 18 15 14 7 4 4 3 1 1 0 0 0 0 0
"1" 1 0.28102189781 158 116 74 51 33 23 17 9 6 5 3 2 1 1 1 0 0 0 0 0
"2" 2 0.450892857143 238 166 35 28 16 5 4 4 3 1 0 0 0 0 0 0 0 0 0 0
"3" 3 0.487046632124 169 70 66 53 40 39 19 13 11 9 5 3 1 1 1 0 0 0 0 0
"4" 4 0.0348258706468 145 140 78 60 43 14 8 4 2 2 2 1 1 0 0 0 0 0 0 0
"5" 5 0.051724137931 192 126 120 12 10 8 8 5 5 4 4 2 2 1 1 0 0 0 0 0
"6" 6 0.562737642586 135 132 114 33 30 15 13 9 7 5 4 2 1 0 0 0 0 0 0 0
"7" 7 0.385650224215 181 116 93 38 26 14 7 7 4 3 3 2 2 2 1 1 0 0 0 0
"8" 8 0.0 341 46 30 20 15 14 10 6 6 4 4 3 1 0 0 0 0 0 0 0
"9" 9 0.316455696203 166 133 82 48 24 12 12 8 7 3 3 2 0 0 0 0 0 0 0 0
"10" 10 0.44776119403 145 143 58 55 28 18 18 17 5 5 3 3 2 0 0 0 0 0 0 0
"11" 11 0.062015503876 345 36 35 20 14 11 11 9 8 5 5 1 0 0 0 0 0 0 0 0
"12" 12 0.258928571429 157 119 38 34 33 24 19 16 13 13 9 7 7 7 3 1 0 0 0 0
"13" 13 0.690582959641 186 86 73 37 29 27 20 16 12 7 4 2 1 0 0 0 0 0 0 0
"14" 14 0.503875968992 130 85 74 42 40 40 37 23 10 8 7 2 1 1 0 0 0 0 0 0
"15" 15 0.620535714286 244 112 77 39 9 8 7 2 1 1 0 0 0 0 0 0 0 0 0 0
"16" 16 0.507299270073 112 85 71 68 40 32 22 21 20 16 6 6 1 0 0 0 0 0 0 0
"17" 17 0.201520912548 116 108 92 73 38 21 16 9 7 5 4 4 3 3 1 0 0 0 0 0
"18" 18 0.487046632124 221 71 48 39 37 26 24 11 9 5 4 4 1 0 0 0 0 0 0 0
"19" 19 0.308035714286 152 115 102 45 30 15 12 9 6 5 3 2 2 1 1 0 0 0 0 0
"20" 20 0.0 135 126 50 50 45 24 21 17 14 10 6 1 1 0 0 0 0 0 0 0
"21" 21 0.0632183908046 111 79 69 43 33 29 27 23 23 19 16 11 6 4 3 3 1 0 0 0
"22" 22 0.495535714286 179 105 82 59 15 14 11 9 5 4 4 4 3 2 2 1 1 0 0 0
"23" 23 0.0662251655629 157 80 78 34 26 22 22 17 17 15 14 6 5 3 2 2 0 0 0 0
"24" 24 0.0 193 65 60 44 44 23 20 18 13 10 4 2 2 1 1 0 0 0 0 0
"25" 25 0.286919831224 133 98 95 55 36 20 19 14 9 9 3 3 2 2 1 1 0 0 0 0
"26" 26 0.527426160338 137 128 81 51 41 26 18 7 6 4 1 0 0 0 0 0 0 0 0 0
"27" 27 0.0 152 96 94 61 45 19 11 5 5 5 3 2 2 0 0 0 0 0 0 0
"28" 28 0.015503875969 337 55 21 18 14 14 7 7 6 6 5 4 3 2 1 0 0 0 0 0
"29" 29 0.326923076923 124 63 49 45 37 32 31 28 26 26 15 12 7 5 0 0 0 0 0 0
"30" 30 0.311926605505 152 93 65 40 37 35 22 14 14 11 7 4 3 1 1 1 0 0 0 0
"31" 31 0.461139896373 151 113 87 59 35 24 16 6 3 3 1 1 1 0 0 0 0 0 0 0
"32" 32 0.327586206897 143 89 53 52 47 45 33 16 7 5 4 2 1 1 1 1 0 0 0 0
"33" 33 0.254464285714 131 79 44 43 41 29 28 21 16 14 13 11 11 8 5 4 2 0 0 0
"34" 34 0.0348258706468 427 22 14 9 8 6 4 3 2 2 1 1 1 0 0 0 0 0 0 0
"35" 35 0.372093023256 372 62 14 13 12 11 9 3 2 2 0 0 0 0 0 0 0 0 0 0
"36" 36 0.459770114943 220 139 60 22 21 9 7 6 5 5 3 2 1 0 0 0 0 0 0 0
"37" 37 0.4375 308 98 34 24 14 7 6 6 2 1 0 0 0 0 0 0 0 0 0 0
"38" 38 0.0401785714286 181 152 81 26 16 12 9 9 5 3 3 2 1 0 0 0 0 0 0 0
"39" 39 0.029197080292 124 124 80 37 24 24 18 15 14 13 7 6 4 4 2 2 2 0 0 0
"40" 40 0.384615384615 250 126 47 24 14 13 11 5 4 3 1 1 1 0 0 0 0 0 0 0
"41" 41 0.0696517412935 142 80 78 63 34 27 21 12 10 9 7 7 5 2 1 1 1 0 0 0
"42" 42 0.0 120 114 80 66 25 14 13 13 12 12 9 9 5 4 2 1 1 0 0 0
"43" 43 0.211920529801 232 75 67 37 31 14 14 8 6 5 4 3 2 1 1 0 0 0 0 0
"44" 44 0.252873563218 187 132 72 31 26 23 11 8 4 2 1 1 1 1 0 0 0 0 0 0
"45" 45 0.0 429 40 11 6 4 4 2 2 1 1 0 0 0 0 0 0 0 0 0 0
"46" 46 0.00380228136882 158 89 85 42 34 28 17 15 12 6 5 4 3 2 0 0 0 0 0 0
"47" 47 0.350210970464 201 102 44 43 22 18 17 13 11 10 8 5 3 2 1 0 0 0 0 0
"48" 48 0.302564102564 94 79 75 45 42 41 29 27 25 23 7 5 3 3 1 1 0 0 0 0
"49" 49 0.0689655172414 107 73 58 46 38 38 25 21 16 15 15 12 11 10 7 7 1 0 0 0
"50" 50 0.00507614213198 140 70 39 38 36 35 35 34 32 26 6 3 2 2 1 1 0 0 0 0
"51" 51 0.221153846154 297 59 43 28 26 15 11 8 6 4 2 1 0 0 0 0 0 0 0 0
"52" 52 0.418604651163 165 43 41 40 37 34 34 30 26 19 8 6 5 4 3 3 2 0 0 0
"53" 53 0.211678832117 129 80 44 41 41 37 34 26 19 15 12 7 5 4 3 3 0 0 0 0
"54" 54 0.138686131387 183 99 79 42 21 19 13 11 9 6 6 5 4 1 1 1 0 0 0 0
"55" 55 0.294573643411 107 90 84 80 51 45 11 9 8 7 3 2 1 1 1 0 0 0 0 0
"56" 56 0.35761589404 176 106 71 69 18 13 11 11 10 4 3 3 2 2 1 0 0 0 0 0
"57" 57 0.177304964539 152 97 78 47 47 22 22 13 9 5 4 2 1 1 0 0 0 0 0 0
"58" 58 0.412408759124 146 131 115 32 25 19 17 7 3 2 1 1 1 0 0 0 0 0 0 0
"59" 59 0.543147208122 147 134 49 33 31 25 23 18 16 13 7 1 1 1 1 0 0 0 0 0
"60" 60 0.0710659898477 161 63 62 43 34 28 26 17 16 14 13 12 4 3 3 1 0 0 0 0
"61" 61 0.165562913907 181 59 52 39 36 25 22 15 14 14 11 11 9 6 3 2 1 0 0 0
"62" 62 0.503311258278 120 71 65 48 45 43 36 24 17 11 9 7 2 2 0 0 0 0 0 0
"63" 63 0.375634517766 164 134 74 51 27 18 12 7 4 3 3 1 1 1 0 0 0 0 0 0
"64" 64 0.0714285714286 121 107 67 56 54 27 23 19 9 5 4 4 3 1 0 0 0 0 0 0
"65" 65 0.591928251121 140 92 74 72 36 35 16 14 10 6 2 1 1 1 0 0 0 0 0 0
"66" 66 0.472573839662 152 115 52 40 33 26 18 17 14 14 13 2 2 1 1 0 0 0 0 0
"67" 67 0.0401785714286 150 66 60 49 38 31 28 25 24 8 6 5 3 3 3 1 0 0 0 0
"68" 68 0.446428571429 126 112 81 67 64 12 9 8 5 5 4 2 2 1 1 1 0 0 0 0
"69" 69 0.671794871795 145 118 65 36 32 24 23 20 10 9 7 4 4 2 1 0 0 0 0 0
"70" 70 0.518987341772 134 90 76 45 44 33 17 15 15 11 9 3 2 2 2 2 0 0 0 0
"71" 71 0.567307692308 476 24 0 0 0 0 0 0 0 0 0 0 0 0 0 0 0 0 0 0
"72" 72 0.144230769231 116 101 53 41 40 39 24 23 16 16 12 8 6 4 1 0 0 0 0 0
"73" 73 0.272321428571 176 108 92 41 21 19 19 11 4 3 3 2 1 0 0 0 0 0 0 0
"74" 74 0.642487046632 130 105 75 72 31 31 17 16 14 3 3 1 1 1 0 0 0 0 0 0
"75" 75 0.476793248945 81 76 62 57 52 41 35 26 22 14 8 8 5 4 4 3 2 0 0 0
"76" 76 0.0646766169154 342 46 37 20 19 8 7 6 3 3 3 3 1 1 1 0 0 0 0 0
"77" 77 0.590717299578 153 126 74 65 24 18 10 10 8 5 3 3 1 0 0 0 0 0 0 0
"78" 78 0.587155963303 177 117 41 39 37 21 18 15 9 8 7 6 4 1 0 0 0 0 0 0
"79" 79 0.116751269036 122 82 74 65 33 25 21 15 14 12 11 8 7 6 5 0 0 0 0 0
"80" 80 0.346715328467 182 69 66 66 34 18 17 13 12 10 6 3 2 1 1 0 0 0 0 0
"81" 81 0.620535714286 166 86 71 42 41 25 21 19 10 8 6 2 1 1 1 0 0 0 0 0
"82" 82 0.505703422053 172 141 52 47 22 18 15 9 9 8 4 1 1 1 0 0 0 0 0 0
"83" 83 0.127737226277 121 85 85 69 67 25 15 12 6 5 3 3 1 1 1 1 0 0 0 0
"84" 84 0.452914798206 102 81 79 68 41 30 27 24 22 9 8 5 2 1 1 0 0 0 0 0
"85" 85 0.495412844037 178 125 31 30 27 26 22 21 18 11 6 1 1 1 1 1 0 0 0 0
"86" 86 0.0574712643678 124 105 86 42 38 17 16 14 13 11 10 8 6 4 3 2 1 0 0 0
"87" 87 0.147321428571 169 115 113 37 21 12 9 6 5 5 2 2 2 1 1 0 0 0 0 0
"88" 88 0.517441860465 143 83 78 50 43 43 22 18 6 4 3 2 2 2 1 0 0 0 0 0
"89" 89 0.34375 129 112 72 50 44 26 26 15 6 6 6 3 2 1 1 1 0 0 0 0
"90" 90 0.0149253731343 373 24 24 19 18 13 11 9 5 3 1 0 0 0 0 0 0 0 0 0
"91" 91 0.130801687764 275 102 42 20 15 13 13 8 5 3 2 1 1 0 0 0 0 0 0 0
"92" 92 0.582089552239 107 105 72 55 43 37 32 17 10 8 6 5 1 1 1 0 0 0 0 0
"93" 93 0.111675126904 122 60 59 53 52 35 35 19 17 13 9 6 5 4 4 3 3 1 0 0
"94" 94 0.0 171 156 70 42 23 10 8 7 7 4 1 1 0 0 0 0 0 0 0 0
"95" 95 0.462025316456 131 78 71 71 57 31 18 10 10 9 8 2 2 1 1 0 0 0 0 0
"96" 96 0.269430051813 158 157 57 26 19 18 17 13 13 7 4 3 3 3 1 1 0 0 0 0
"97" 97 0.0 176 89 46 46 29 28 28 16 13 12 5 4 4 2 1 1 0 0 0 0
"98" 98 0.089552238806 361 32 23 20 19 13 9 9 3 2 2 1 1 1 1 1 1 1 0 0
"99" 99 0.440414507772 157 104 62 48 44 19 17 15 14 9 7 2 1 1 0 0 0 0 0 0
"100" 100 0.0632183908046 126 117 39 34 34 33 31 22 20 14 11 6 5 4 2 1 1 0 0 0
"101" 101 0.0 352 77 32 29 3 2 2 1 1 1 0 0 0 0 0 0 0 0 0 0
"102" 102 0.445595854922 263 68 47 43 29 15 12 10 7 4 1 1 0 0 0 0 0 0 0 0
"103" 103 0.548523206751 126 109 83 76 43 39 6 5 5 4 2 2 0 0 0 0 0 0 0 0
"104" 104 0.253588516746 204 128 59 51 29 14 7 3 2 1 1 1 0 0 0 0 0 0 0 0
"105" 105 0.0248756218905 363 46 25 15 13 12 7 5 4 4 2 1 1 1 1 0 0 0 0 0
"106" 106 0.137055837563 292 153 22 13 6 4 3 1 1 1 1 1 1 1 0 0 0 0 0 0
"107" 107 0.559748427673 310 64 54 23 14 12 12 8 2 1 0 0 0 0 0 0 0 0 0 0
"108" 108 0.201550387597 177 119 107 21 20 14 12 6 5 5 4 4 2 2 1 1 0 0 0 0
"109" 109 0.108527131783 433 49 5 5 4 2 1 1 0 0 0 0 0 0 0 0 0 0 0 0
"110" 110 0.738461538462 170 165 47 39 37 16 8 8 5 4 1 0 0 0 0 0 0 0 0 0
"111" 111 0.383720930233 197 116 64 36 23 22 17 11 7 5 1 1 0 0 0 0 0 0 0 0
"112" 112 0.0865384615385 369 82 13 6 5 5 5 4 3 2 2 2 1 1 0 0 0 0 0 0
"113" 113 0.3125 380 46 32 24 7 5 3 2 1 0 0 0 0 0 0 0 0 0 0 0
"114" 114 0.00662251655629 119 77 62 49 46 43 36 19 13 13 7 5 5 4 1 1 0 0 0 0
"115" 115 0.168776371308 270 102 47 19 16 15 12 8 6 2 2 1 0 0 0 0 0 0 0 0
"116" 116 0.0 408 54 21 14 1 1 1 0 0 0 0 0 0 0 0 0 0 0 0 0
"117" 117 0.0753138075314 169 125 62 40 29 28 18 12 5 4 3 2 1 1 1 0 0 0 0 0
"118" 118 0.0114068441065 288 117 36 22 14 10 5 2 2 1 1 1 1 0 0 0 0 0 0 0
"119" 119 0.243346007605 139 124 120 75 16 9 7 7 1 1 1 0 0 0 0 0 0 0 0 0
"120" 120 0.130801687764 186 92 48 42 42 36 25 8 8 5 4 2 1 1 0 0 0 0 0 0
"121" 121 0.0183486238532 163 67 54 53 44 34 30 27 7 7 6 4 3 1 0 0 0 0 0 0
"122" 122 0.168776371308 205 75 69 63 30 20 11 10 6 3 3 2 1 1 1 0 0 0 0 0
"123" 123 0.0 296 138 37 18 9 1 1 0 0 0 0 0 0 0 0 0 0 0 0 0
"124" 124 0.0362694300518 198 76 59 43 39 21 20 17 13 7 3 3 1 0 0 0 0 0 0 0
"125" 125 0.0228136882129 296 100 30 27 13 10 6 5 4 4 3 2 0 0 0 0 0 0 0 0
"126" 126 0.11961722488 116 112 89 78 30 18 16 12 10 9 5 2 2 1 0 0 0 0 0 0
"127" 127 0.036496350365 131 112 72 62 27 26 20 14 11 10 4 4 2 2 2 1 0 0 0 0
"128" 128 0.0836501901141 153 91 54 43 35 30 26 24 15 9 6 6 4 2 2 0 0 0 0 0
"129" 129 0.154228855721 192 129 53 46 15 12 10 10 9 5 5 5 3 2 2 1 1 0 0 0
"130" 130 0.0 447 44 5 3 1 0 0 0 0 0 0 0 0 0 0 0 0 0 0 0
"131" 131 0.147321428571 185 124 97 28 17 12 11 6 6 4 3 3 2 2 0 0 0 0 0 0
"132" 132 0.121338912134 246 209 23 11 3 2 2 1 1 1 1 0 0 0 0 0 0 0 0 0
"133" 133 0.116279069767 419 46 13 8 5 4 3 1 1 0 0 0 0 0 0 0 0 0 0 0
"134" 134 0.610465116279 186 101 89 50 15 14 14 8 8 7 4 3 1 0 0 0 0 0 0 0
"135" 135 0.596153846154 500 0 0 0 0 0 0 0 0 0 0 0 0 0 0 0 0 0 0 0
"136" 136 0.584615384615 113 88 83 69 38 37 37 14 7 7 4 3 0 0 0 0 0 0 0 0
"137" 137 0.569948186528 225 82 48 37 31 30 25 8 4 3 3 2 1 1 0 0 0 0 0 0
"138" 138 0.295620437956 166 111 49 44 40 27 20 19 9 6 5 4 0 0 0 0 0 0 0 0
"139" 139 0.616033755274 148 113 100 61 25 13 12 8 8 7 3 1 1 0 0 0 0 0 0 0
"140" 140 0.174107142857 230 94 55 24 23 20 12 12 9 6 6 5 2 1 1 0 0 0 0 0
"141" 141 0.062015503876 250 63 43 35 24 19 17 15 10 10 8 2 1 1 1 1 0 0 0 0
"142" 142 0.0852713178295 232 130 50 43 14 8 7 4 3 3 3 1 1 1 0 0 0 0 0 0
"143" 143 0.223214285714 168 86 86 46 34 31 17 9 5 5 4 4 2 1 1 1 0 0 0 0
"144" 144 0.415384615385 168 122 113 19 19 17 12 10 7 4 3 3 1 1 1 0 0 0 0 0
"145" 145 0.0 434 43 20 2 1 0 0 0 0 0 0 0 0 0 0 0 0 0 0 0
"146" 146 0.194029850746 182 141 79 42 16 11 6 5 4 4 4 2 2 1 1 0 0 0 0 0
"147" 147 0.563218390805 299 65 40 32 30 10 9 8 3 3 1 0 0 0 0 0 0 0 0 0
"148" 148 0.0077519379845 395 22 15 13 13 12 12 9 4 3 2 0 0 0 0 0 0 0 0 0
"149" 149 0.0 193 109 67 38 37 22 14 9 4 2 2 1 1 1 0 0 0 0 0 0
"150" 150 0.502109704641 187 139 76 34 23 9 8 5 5 5 3 3 2 1 0 0 0 0 0 0
"151" 151 0.248062015504 156 153 38 28 25 19 18 16 12 11 10 9 2 2 1 0 0 0 0 0
"152" 152 0.0 457 24 19 0 0 0 0 0 0 0 0 0 0 0 0 0 0 0 0 0
"153" 153 0.172185430464 144 113 73 34 34 26 23 16 10 8 6 4 3 2 2 2 0 0 0 0
"154" 154 0.564766839378 101 97 86 61 43 35 22 16 11 10 7 6 3 2 0 0 0 0 0 0
"155" 155 0.126903553299 179 116 71 45 17 14 14 9 9 7 5 5 4 2 2 1 0 0 0 0
"156" 156 0.0077519379845 450 25 19 3 1 1 1 0 0 0 0 0 0 0 0 0 0 0 0 0
"157" 157 0.596330275229 201 115 80 33 32 11 8 5 4 3 3 2 1 1 1 0 0 0 0 0
"158" 158 0.598837209302 131 89 66 56 40 37 37 14 11 7 5 3 2 1 1 0 0 0 0 0
"159" 159 0.491071428571 143 98 96 41 33 26 19 17 6 5 3 3 3 3 2 2 0 0 0 0
"160" 160 0.0646766169154 488 8 4 0 0 0 0 0 0 0 0 0 0 0 0 0 0 0 0 0
"161" 161 0.289308176101 305 76 34 19 17 16 9 9 3 3 2 2 2 1 1 1 0 0 0 0
"162" 162 0.0503144654088 98 96 95 65 53 26 20 18 11 7 4 3 2 1 1 0 0 0 0 0
"163" 163 0.00581395348837 208 162 57 25 23 7 7 4 2 2 2 1 0 0 0 0 0 0 0 0
"164" 164 0.114832535885 483 6 6 2 1 1 1 0 0 0 0 0 0 0 0 0 0 0 0 0
"165" 165 0.163522012579 176 91 75 50 48 21 14 9 5 5 2 2 1 1 0 0 0 0 0 0
"166" 166 0.10152284264 190 57 54 46 36 35 22 19 16 10 10 2 1 1 1 0 0 0 0 0
"167" 167 0.156934306569 278 82 76 31 8 8 5 5 4 2 1 0 0 0 0 0 0 0 0 0
"168" 168 0.00497512437811 368 34 24 23 17 12 9 6 6 1 0 0 0 0 0 0 0 0 0 0
"169" 169 0.0769230769231 192 158 44 33 19 13 10 9 6 4 3 2 2 2 1 1 1 0 0 0
"170" 170 0.0149253731343 308 56 39 31 22 16 7 7 5 3 2 2 1 1 0 0 0 0 0 0
"171" 171 0.0697674418605 131 100 83 70 23 21 14 11 10 7 7 6 6 5 3 2 1 0 0 0
"172" 172 0.0696517412935 183 93 70 54 28 21 17 15 10 6 2 1 0 0 0 0 0 0 0 0
"173" 173 0.148717948718 159 73 59 57 36 30 28 25 17 4 4 4 2 1 1 0 0 0 0 0
"174" 174 0.0418410041841 155 67 53 44 37 36 32 31 22 8 6 3 3 1 1 1 0 0 0 0
"175" 175 0.0 427 48 24 1 0 0 0 0 0 0 0 0 0 0 0 0 0 0 0 0
"176" 176 0.120689655172 239 146 44 28 9 9 7 5 5 4 2 1 1 0 0 0 0 0 0 0
"177" 177 0.0 353 107 12 10 5 5 3 2 2 1 0 0 0 0 0 0 0 0 0 0
"178" 178 0.117870722433 135 84 68 57 49 39 37 19 12 0 0 0 0 0 0 0 0 0 0 0
"179" 179 0.342205323194 246 102 54 43 27 11 8 6 2 1 0 0 0 0 0 0 0 0 0 0
"180" 180 0.46875 266 89 44 44 17 8 7 7 6 4 3 3 1 1 0 0 0 0 0 0
"181" 181 0.0761421319797 241 82 65 39 21 18 13 13 4 1 1 1 1 0 0 0 0 0 0 0
"182" 182 0.233830845771 156 151 58 40 23 18 15 12 8 7 7 3 2 0 0 0 0 0 0 0
"183" 183 0.692307692308 334 63 57 29 6 4 2 2 2 1 0 0 0 0 0 0 0 0 0 0
"184" 184 0.12582781457 106 91 75 53 51 50 21 20 15 7 5 4 2 0 0 0 0 0 0 0
"185" 185 0.396226415094 152 101 62 50 46 24 19 18 11 4 4 3 2 2 1 1 0 0 0 0
"186" 186 0.414507772021 188 119 81 28 25 22 12 11 10 2 2 0 0 0 0 0 0 0 0 0
"187" 187 0.434306569343 126 94 94 57 43 29 21 10 10 7 5 2 1 1 0 0 0 0 0 0
"188" 188 0.0 464 35 1 0 0 0 0 0 0 0 0 0 0 0 0 0 0 0 0 0
"189" 189 0.158227848101 105 99 96 54 40 39 17 13 11 7 7 4 3 2 1 1 1 0 0 0
"190" 190 0.222627737226 137 85 73 73 50 33 12 11 8 7 4 4 3 0 0 0 0 0 0 0
"191" 191 0.238805970149 156 144 84 42 20 17 8 7 7 6 4 2 1 1 1 0 0 0 0 0
"192" 192 0.0 327 95 32 20 8 6 6 2 1 1 1 1 0 0 0 0 0 0 0 0
"193" 193 0.430379746835 208 130 53 52 19 8 6 5 5 4 3 3 2 2 0 0 0 0 0 0
"194" 194 0.341085271318 209 128 68 19 14 12 11 10 9 7 4 3 2 2 1 1 0 0 0 0
"195" 195 0.108527131783 205 91 86 41 24 21 6 5 4 4 4 4 3 1 1 0 0 0 0 0
"196" 196 0.146443514644 126 95 76 59 43 42 12 11 11 10 8 6 1 0 0 0 0 0 0 0
"197" 197 0.341968911917 168 87 67 61 37 24 20 9 8 6 5 3 2 1 1 1 0 0 0 0
"198" 198 0.383419689119 147 144 83 30 25 22 15 8 7 6 4 3 3 2 1 0 0 0 0 0
"199" 199 0.0 341 49 19 19 13 9 8 8 8 7 5 4 4 2 2 1 1 0 0 0
"200" 200 0.41116751269 206 73 55 47 39 24 15 14 7 6 5 3 2 2 1 1 0 0 0 0
"201" 201 0.612403100775 203 74 61 34 31 31 16 14 13 5 5 3 3 3 2 1 1 0 0 0
"202" 202 0.392857142857 187 128 109 19 17 16 6 6 4 4 2 1 1 0 0 0 0 0 0 0
"203" 203 0.378109452736 136 107 96 63 51 18 16 5 4 2 1 1 0 0 0 0 0 0 0 0
"204" 204 0.751295336788 105 104 84 66 31 27 25 18 15 8 7 6 4 0 0 0 0 0 0 0
"205" 205 0.238372093023 99 79 67 63 62 35 31 20 16 10 5 4 3 3 2 1 0 0 0 0
"206" 206 0.283582089552 178 101 95 41 26 12 12 7 7 6 5 4 3 2 1 0 0 0 0 0
"207" 207 0.238410596026 115 76 60 51 44 33 29 22 20 15 14 12 2 2 1 1 1 1 1 0
"208" 208 0.665178571429 181 68 66 54 51 37 23 16 3 1 0 0 0 0 0 0 0 0 0 0
"209" 209 0.709821428571 228 108 47 34 24 21 20 4 4 4 4 2 0 0 0 0 0 0 0 0
"210" 210 0.105960264901 159 141 46 38 31 27 25 10 8 7 4 2 1 1 0 0 0 0 0 0
"211" 211 0.486692015209 229 54 49 40 29 22 21 16 14 14 6 5 1 0 0 0 0 0 0 0
"212" 212 0.341772151899 142 140 50 34 29 27 25 24 12 9 5 3 0 0 0 0 0 0 0 0
"213" 213 0.455958549223 176 141 92 27 19 8 7 6 6 5 4 3 2 2 2 0 0 0 0 0
"214" 214 0.00662251655629 187 62 56 42 38 30 21 13 13 11 9 9 4 2 2 1 0 0 0 0
"215" 215 0.488372093023 200 98 71 32 27 21 10 10 9 8 5 3 3 1 1 1 0 0 0 0
"216" 216 0.502487562189 208 77 62 49 22 20 17 8 8 6 6 6 6 3 1 1 0 0 0 0
"217" 217 0.131979695431 113 83 68 51 48 48 28 22 19 7 6 3 2 1 1 0 0 0 0 0
"218" 218 0.0779816513761 181 86 75 66 25 15 14 14 8 5 4 3 2 1 1 0 0 0 0 0
"219" 219 0.412556053812 148 84 75 54 36 31 31 18 6 5 5 4 2 1 0 0 0 0 0 0
"220" 220 0.298507462687 138 127 102 48 31 14 14 8 4 3 3 3 1 1 1 1 1 0 0 0
"221" 221 0.0 289 105 36 26 24 5 4 2 2 2 2 1 1 1 0 0 0 0 0 0
"222" 222 0.521897810219 192 95 94 70 12 9 6 5 5 4 3 3 1 1 0 0 0 0 0 0
"223" 223 0.378238341969 128 105 67 56 55 16 14 13 12 12 9 6 4 3 0 0 0 0 0 0
"224" 224 0.2 182 80 64 47 46 23 17 9 6 6 5 4 4 3 3 1 0 0 0 0
"225" 225 0.124378109453 301 45 26 26 23 19 14 12 10 8 5 4 3 2 1 1 0 0 0 0
"226" 226 0.546511627907 161 91 48 45 32 31 30 23 15 10 7 4 3 0 0 0 0 0 0 0
"227" 227 0.676616915423 210 110 51 35 34 20 16 11 7 3 2 1 0 0 0 0 0 0 0 0
"228" 228 0.120567375887 390 50 21 10 9 7 5 4 2 1 1 0 0 0 0 0 0 0 0 0
"229" 229 0.767441860465 176 67 59 53 52 16 15 11 11 10 8 8 7 3 2 1 1 0 0 0
