"site" "RSA" "aa1" "aa2" "aa3" "aa4" "aa5" "aa6" "aa7" "aa8" "aa9" "aa10" "aa11" "aa12" "aa13" "aa14" "aa15" "aa16" "aa17" "aa18" "aa19" "aa20"
"0" 0 0.569037656904 270 45 35 25 25 24 22 17 13 11 10 3 0 0 0 0 0 0 0 0
"1" 1 0.343023255814 221 88 58 31 28 27 20 12 10 2 2 1 0 0 0 0 0 0 0 0
"2" 2 0.0 439 13 12 12 5 4 4 4 3 2 2 0 0 0 0 0 0 0 0 0
"3" 3 0.287179487179 188 90 86 67 50 8 4 2 2 1 1 1 0 0 0 0 0 0 0 0
"4" 4 0.526785714286 163 130 130 39 9 8 6 5 5 3 1 1 0 0 0 0 0 0 0 0
"5" 5 0.848101265823 148 109 103 93 24 13 5 2 2 1 0 0 0 0 0 0 0 0 0 0
"6" 6 0.282511210762 325 47 34 24 20 18 9 8 8 5 1 1 0 0 0 0 0 0 0 0
"7" 7 0.18407960199 473 12 5 3 2 2 1 1 1 0 0 0 0 0 0 0 0 0 0 0
"8" 8 0.226744186047 391 73 22 6 3 3 1 1 0 0 0 0 0 0 0 0 0 0 0 0
"9" 9 0.818652849741 386 110 2 2 0 0 0 0 0 0 0 0 0 0 0 0 0 0 0 0
"10" 10 0.357512953368 496 3 1 0 0 0 0 0 0 0 0 0 0 0 0 0 0 0 0 0
"11" 11 0.0 209 143 98 35 6 5 4 0 0 0 0 0 0 0 0 0 0 0 0 0
"12" 12 0.203045685279 294 160 12 9 8 5 4 2 1 1 1 1 1 1 0 0 0 0 0 0
"13" 13 0.424870466321 439 46 10 4 1 0 0 0 0 0 0 0 0 0 0 0 0 0 0 0
"14" 14 0.0149253731343 442 16 13 10 6 4 4 4 1 0 0 0 0 0 0 0 0 0 0 0
"15" 15 0.00836820083682 368 116 10 5 1 0 0 0 0 0 0 0 0 0 0 0 0 0 0 0
"16" 16 0.296511627907 151 105 91 80 37 28 5 2 1 0 0 0 0 0 0 0 0 0 0 0
"17" 17 0.409282700422 181 140 77 57 26 7 6 2 1 1 1 1 0 0 0 0 0 0 0 0
"18" 18 0.00354609929078 239 76 76 30 20 19 16 6 5 3 2 2 2 2 1 1 0 0 0 0
"19" 19 0.0543933054393 175 174 69 39 11 10 7 5 4 3 2 1 0 0 0 0 0 0 0 0
"20" 20 0.317948717949 157 105 74 60 53 27 12 4 4 3 1 0 0 0 0 0 0 0 0 0
"21" 21 0.28125 286 92 38 30 22 12 7 6 4 3 0 0 0 0 0 0 0 0 0 0
"22" 22 0.0 365 82 24 9 9 6 5 0 0 0 0 0 0 0 0 0 0 0 0 0
"23" 23 0.489451476793 177 163 52 38 33 14 12 2 2 2 2 1 1 1 0 0 0 0 0 0
"24" 24 0.678571428571 170 150 109 31 17 8 6 5 2 1 1 0 0 0 0 0 0 0 0 0
"25" 25 0.170984455959 188 109 72 67 29 11 7 7 6 4 0 0 0 0 0 0 0 0 0 0
"26" 26 0.723270440252 257 149 89 4 1 0 0 0 0 0 0 0 0 0 0 0 0 0 0 0
"27" 27 0.419708029197 230 79 53 34 29 21 20 9 6 5 4 4 3 2 1 0 0 0 0 0
"28" 28 0.107142857143 371 55 31 12 10 8 4 3 3 2 1 0 0 0 0 0 0 0 0 0
"29" 29 0.71511627907 116 109 88 85 71 23 5 2 1 0 0 0 0 0 0 0 0 0 0 0
"30" 30 0.432835820896 224 154 52 21 21 19 7 1 1 0 0 0 0 0 0 0 0 0 0 0
"31" 31 0.0566037735849 171 134 89 44 32 10 8 8 2 2 0 0 0 0 0 0 0 0 0 0
"32" 32 0.236607142857 233 70 51 36 30 25 18 18 11 5 1 1 1 0 0 0 0 0 0 0
"33" 33 0.232558139535 406 41 25 11 5 4 3 2 2 1 0 0 0 0 0 0 0 0 0 0
"34" 34 0.0152284263959 159 109 92 60 34 25 8 7 2 2 1 1 0 0 0 0 0 0 0 0
"35" 35 0.255813953488 143 125 118 73 18 11 8 4 0 0 0 0 0 0 0 0 0 0 0 0
"36" 36 0.0 293 93 57 41 6 3 2 2 1 1 1 0 0 0 0 0 0 0 0 0
"37" 37 0.218543046358 144 127 111 52 30 14 7 6 4 3 1 1 0 0 0 0 0 0 0 0
"38" 38 0.0331125827815 360 115 13 6 5 1 0 0 0 0 0 0 0 0 0 0 0 0 0 0
"39" 39 0.193798449612 182 77 72 71 36 21 15 15 7 3 1 0 0 0 0 0 0 0 0 0
"40" 40 0.290178571429 200 139 81 38 20 14 3 2 1 1 1 0 0 0 0 0 0 0 0 0
"41" 41 0.44776119403 207 109 94 61 9 5 5 4 3 2 1 0 0 0 0 0 0 0 0 0
"42" 42 0.698113207547 190 164 128 17 1 0 0 0 0 0 0 0 0 0 0 0 0 0 0 0
"43" 43 0.483443708609 182 109 91 70 18 10 6 5 5 2 1 1 0 0 0 0 0 0 0 0
"44" 44 0.471153846154 500 0 0 0 0 0 0 0 0 0 0 0 0 0 0 0 0 0 0 0
"45" 45 0.565693430657 156 105 104 68 45 5 4 3 3 2 2 1 1 1 0 0 0 0 0 0
"46" 46 0.614942528736 143 69 55 50 49 49 43 27 10 3 2 0 0 0 0 0 0 0 0 0
"47" 47 0.0860927152318 217 125 89 24 10 8 8 6 4 2 2 2 1 1 1 0 0 0 0 0
"48" 48 0.503311258278 150 93 61 59 45 37 30 12 8 4 1 0 0 0 0 0 0 0 0 0
"49" 49 0.186131386861 190 116 75 51 43 15 5 2 1 1 1 0 0 0 0 0 0 0 0 0
"50" 50 0.56345177665 217 119 111 18 13 11 7 3 1 0 0 0 0 0 0 0 0 0 0 0
"51" 51 0.134328358209 244 124 68 27 16 10 5 2 1 1 1 1 0 0 0 0 0 0 0 0
"52" 52 0.477611940299 151 77 62 48 47 35 26 21 13 11 9 0 0 0 0 0 0 0 0 0
"53" 53 0.0418410041841 315 133 39 10 2 1 0 0 0 0 0 0 0 0 0 0 0 0 0 0
"54" 54 0.400843881857 151 117 113 57 21 19 7 4 3 3 3 2 0 0 0 0 0 0 0 0
"55" 55 0.272321428571 349 72 22 18 15 11 5 4 2 1 1 0 0 0 0 0 0 0 0 0
"56" 56 0.233830845771 211 84 73 56 33 19 17 5 1 1 0 0 0 0 0 0 0 0 0 0
"57" 57 0.259067357513 482 17 1 0 0 0 0 0 0 0 0 0 0 0 0 0 0 0 0 0
"58" 58 0.760765550239 384 87 16 9 4 0 0 0 0 0 0 0 0 0 0 0 0 0 0 0
"59" 59 0.244525547445 231 92 90 32 14 13 12 6 4 3 1 1 1 0 0 0 0 0 0 0
"60" 60 0.0288461538462 500 0 0 0 0 0 0 0 0 0 0 0 0 0 0 0 0 0 0 0
"61" 61 0.0 200 141 71 38 26 13 6 3 1 1 0 0 0 0 0 0 0 0 0 0
"62" 62 0.00581395348837 189 67 65 63 50 45 9 7 3 1 1 0 0 0 0 0 0 0 0 0
"63" 63 0.00507614213198 243 135 50 24 20 14 7 2 2 2 1 0 0 0 0 0 0 0 0 0
"64" 64 0.136882129278 133 117 91 70 50 7 6 6 4 4 4 3 3 1 1 0 0 0 0 0
"65" 65 0.0728476821192 349 144 7 0 0 0 0 0 0 0 0 0 0 0 0 0 0 0 0 0
"66" 66 0.0410256410256 464 20 13 2 1 0 0 0 0 0 0 0 0 0 0 0 0 0 0 0
"67" 67 0.0602836879433 292 174 31 2 1 0 0 0 0 0 0 0 0 0 0 0 0 0 0 0
"68" 68 0.346153846154 452 42 4 2 0 0 0 0 0 0 0 0 0 0 0 0 0 0 0 0
"69" 69 0.18023255814 195 129 62 33 18 15 14 9 8 6 5 4 1 1 0 0 0 0 0 0
"70" 70 0.0 408 88 3 1 0 0 0 0 0 0 0 0 0 0 0 0 0 0 0 0
"71" 71 0.328467153285 157 62 61 52 49 38 37 27 6 5 3 3 0 0 0 0 0 0 0 0
"72" 72 0.0295358649789 213 184 43 30 8 8 4 4 3 1 1 1 0 0 0 0 0 0 0 0
"73" 73 0.0387596899225 491 9 0 0 0 0 0 0 0 0 0 0 0 0 0 0 0 0 0 0
"74" 74 0.516746411483 209 151 62 22 21 21 6 3 2 1 1 1 0 0 0 0 0 0 0 0
"75" 75 0.00518134715026 271 89 86 51 2 1 0 0 0 0 0 0 0 0 0 0 0 0 0 0
"76" 76 0.0355329949239 286 88 29 26 13 12 11 9 8 7 5 2 2 1 1 0 0 0 0 0
"77" 77 0.643410852713 244 138 33 31 21 20 6 5 1 1 0 0 0 0 0 0 0 0 0 0
"78" 78 0.313953488372 119 116 83 54 40 39 16 11 10 7 2 2 1 0 0 0 0 0 0 0
"79" 79 0.0666666666667 309 113 30 27 16 3 1 1 0 0 0 0 0 0 0 0 0 0 0 0
"80" 80 0.446540880503 322 85 37 22 17 7 4 3 2 1 0 0 0 0 0 0 0 0 0 0
"81" 81 0.379487179487 264 112 64 28 22 5 3 2 0 0 0 0 0 0 0 0 0 0 0 0
"82" 82 0.077519379845 366 130 4 0 0 0 0 0 0 0 0 0 0 0 0 0 0 0 0 0
"83" 83 0.170542635659 206 139 59 42 40 9 3 2 0 0 0 0 0 0 0 0 0 0 0 0
"84" 84 0.010152284264 308 46 43 43 33 9 8 7 3 0 0 0 0 0 0 0 0 0 0 0
"85" 85 0.212643678161 163 148 63 43 32 27 14 5 2 2 1 0 0 0 0 0 0 0 0 0
"86" 86 0.0 353 113 23 6 5 0 0 0 0 0 0 0 0 0 0 0 0 0 0 0
"87" 87 0.464435146444 253 88 56 46 34 6 5 4 3 3 2 0 0 0 0 0 0 0 0 0
"88" 88 0.00709219858156 208 86 69 59 41 28 3 2 1 1 1 1 0 0 0 0 0 0 0 0
"89" 89 0.611814345992 193 174 83 12 10 9 8 8 2 1 0 0 0 0 0 0 0 0 0 0
"90" 90 0.435233160622 283 93 34 31 15 9 8 7 5 5 2 2 2 2 1 1 0 0 0 0
"91" 91 0.0199004975124 328 44 29 24 20 17 15 7 5 3 3 3 2 0 0 0 0 0 0 0
"92" 92 0.322869955157 333 113 33 7 5 3 3 2 1 0 0 0 0 0 0 0 0 0 0 0
"93" 93 0.036496350365 212 77 35 35 33 31 21 20 11 9 9 4 2 1 0 0 0 0 0 0
"94" 94 0.22869955157 224 132 54 37 25 22 5 1 0 0 0 0 0 0 0 0 0 0 0 0
"95" 95 0.0 354 77 43 7 5 4 3 2 2 2 1 0 0 0 0 0 0 0 0 0
"96" 96 0.302919708029 170 161 138 9 8 4 4 3 1 1 1 0 0 0 0 0 0 0 0 0
"97" 97 0.0 193 127 80 73 14 11 2 0 0 0 0 0 0 0 0 0 0 0 0 0
"98" 98 0.28125 295 146 24 17 15 1 1 1 0 0 0 0 0 0 0 0 0 0 0 0
"99" 99 0.0480769230769 500 0 0 0 0 0 0 0 0 0 0 0 0 0 0 0 0 0 0 0
"100" 100 0.238578680203 114 106 89 86 31 25 23 11 7 7 1 0 0 0 0 0 0 0 0 0
"101" 101 0.0697674418605 196 146 101 38 8 7 2 1 1 0 0 0 0 0 0 0 0 0 0 0
"102" 102 0.25 146 126 91 60 38 14 10 6 4 3 1 1 0 0 0 0 0 0 0 0
"103" 103 0.564593301435 222 148 81 19 15 6 4 2 1 1 1 0 0 0 0 0 0 0 0 0
"104" 104 0.0574712643678 121 112 79 66 37 31 22 14 9 5 3 1 0 0 0 0 0 0 0 0
"105" 105 0.4 199 101 87 47 28 18 14 3 1 1 1 0 0 0 0 0 0 0 0 0
"106" 106 0.332116788321 199 94 46 36 31 28 17 16 9 8 6 5 3 1 1 0 0 0 0 0
"107" 107 0.459821428571 170 132 100 33 31 13 9 5 4 3 0 0 0 0 0 0 0 0 0 0
"108" 108 0.133720930233 126 103 96 72 45 22 14 12 3 2 2 1 1 1 0 0 0 0 0 0
"109" 109 0.00662251655629 480 11 9 0 0 0 0 0 0 0 0 0 0 0 0 0 0 0 0 0
"110" 110 0.34375 350 54 28 28 17 6 5 3 3 2 1 1 1 1 0 0 0 0 0 0
"111" 111 0.467153284672 197 110 83 36 32 20 16 4 2 0 0 0 0 0 0 0 0 0 0 0
"112" 112 0.266159695817 185 97 48 31 30 28 26 25 19 4 3 2 2 0 0 0 0 0 0 0
"113" 113 0.00418410041841 195 184 79 33 8 1 0 0 0 0 0 0 0 0 0 0 0 0 0 0
"114" 114 0.556962025316 314 92 23 22 13 11 10 10 3 1 1 0 0 0 0 0 0 0 0 0
"115" 115 0.622093023256 203 149 58 29 22 12 10 9 5 2 1 0 0 0 0 0 0 0 0 0
"116" 116 0.35401459854 102 93 68 60 48 43 40 18 11 7 6 2 2 0 0 0 0 0 0 0
"117" 117 0.534591194969 202 126 62 48 34 17 5 5 1 0 0 0 0 0 0 0 0 0 0 0
"118" 118 0.704379562044 187 109 69 58 37 13 9 8 5 4 1 0 0 0 0 0 0 0 0 0
"119" 119 0.605769230769 290 164 13 11 10 9 3 0 0 0 0 0 0 0 0 0 0 0 0 0
"120" 120 0.251655629139 181 103 64 53 32 22 15 14 5 5 2 2 1 1 0 0 0 0 0 0
"121" 121 0.0928270042194 454 30 11 5 0 0 0 0 0 0 0 0 0 0 0 0 0 0 0 0
"122" 122 0.10152284264 318 82 46 34 10 4 3 2 1 0 0 0 0 0 0 0 0 0 0 0
"123" 123 0.278846153846 171 139 59 54 24 18 11 9 8 4 1 1 1 0 0 0 0 0 0 0
"124" 124 0.093023255814 157 136 95 32 21 15 14 13 7 3 2 1 1 1 1 1 0 0 0 0
"125" 125 0.315602836879 486 14 0 0 0 0 0 0 0 0 0 0 0 0 0 0 0 0 0 0
"126" 126 0.031007751938 500 0 0 0 0 0 0 0 0 0 0 0 0 0 0 0 0 0 0 0
"127" 127 0.384105960265 156 65 53 42 38 35 28 27 23 14 10 6 2 1 0 0 0 0 0 0
"128" 128 0.627737226277 167 119 108 53 22 11 11 7 1 1 0 0 0 0 0 0 0 0 0 0
"129" 129 0.322869955157 162 101 57 36 36 32 20 20 15 11 4 3 2 1 0 0 0 0 0 0
"130" 130 0.529801324503 453 25 20 1 1 0 0 0 0 0 0 0 0 0 0 0 0 0 0 0
"131" 131 0.388601036269 247 109 47 31 27 17 6 6 4 2 1 1 1 1 0 0 0 0 0 0
"132" 132 0.810344827586 337 63 50 24 18 8 0 0 0 0 0 0 0 0 0 0 0 0 0 0
"133" 133 0.375634517766 290 121 32 15 14 11 6 3 3 2 2 1 0 0 0 0 0 0 0 0
"134" 134 0.759493670886 198 196 45 44 6 4 2 2 1 1 1 0 0 0 0 0 0 0 0 0
"135" 135 0.369230769231 114 111 86 67 66 52 2 2 0 0 0 0 0 0 0 0 0 0 0 0
"136" 136 0.569343065693 131 99 84 72 48 22 20 10 7 7 0 0 0 0 0 0 0 0 0 0
"137" 137 0.517857142857 238 120 70 19 19 14 11 4 2 2 1 0 0 0 0 0 0 0 0 0
"138" 138 0.214285714286 187 95 64 61 29 23 21 15 4 1 0 0 0 0 0 0 0 0 0 0
"139" 139 0.194029850746 184 106 64 59 49 14 10 6 3 2 2 1 0 0 0 0 0 0 0 0
"140" 140 0.357512953368 147 97 97 49 48 26 15 8 7 3 2 1 0 0 0 0 0 0 0 0
"141" 141 0.455357142857 153 133 79 47 34 26 9 9 3 3 3 1 0 0 0 0 0 0 0 0
"142" 142 0.213930348259 153 135 58 50 32 23 20 8 7 5 4 4 1 0 0 0 0 0 0 0
"143" 143 0.313953488372 176 156 69 61 17 14 5 2 0 0 0 0 0 0 0 0 0 0 0 0
"144" 144 0.641255605381 134 112 88 51 41 21 21 15 9 8 0 0 0 0 0 0 0 0 0 0
"145" 145 0.46835443038 230 73 71 54 46 13 8 5 0 0 0 0 0 0 0 0 0 0 0 0
"146" 146 0.184615384615 162 117 62 45 41 33 24 15 1 0 0 0 0 0 0 0 0 0 0 0
"147" 147 0.418604651163 270 102 51 23 20 13 11 4 3 2 1 0 0 0 0 0 0 0 0 0
"148" 148 0.3125 135 123 116 88 17 11 5 5 0 0 0 0 0 0 0 0 0 0 0 0
"149" 149 0.29197080292 181 117 63 61 34 18 18 6 1 1 0 0 0 0 0 0 0 0 0 0
"150" 150 0.117154811715 289 205 5 1 0 0 0 0 0 0 0 0 0 0 0 0 0 0 0 0
"151" 151 0.320675105485 258 138 75 12 6 5 4 1 1 0 0 0 0 0 0 0 0 0 0 0
"152" 152 0.528497409326 465 29 6 0 0 0 0 0 0 0 0 0 0 0 0 0 0 0 0 0
"153" 153 0.418604651163 210 155 94 20 8 4 3 3 2 1 0 0 0 0 0 0 0 0 0 0
"154" 154 0.424107142857 204 194 39 36 12 5 5 4 1 0 0 0 0 0 0 0 0 0 0 0
"155" 155 0.39896373057 349 71 31 9 8 8 7 6 4 4 3 0 0 0 0 0 0 0 0 0
"156" 156 0.0761421319797 268 231 1 0 0 0 0 0 0 0 0 0 0 0 0 0 0 0 0 0
"157" 157 0.503144654088 452 25 9 9 2 2 1 0 0 0 0 0 0 0 0 0 0 0 0 0
"158" 158 0.126582278481 250 114 90 32 5 5 2 1 1 0 0 0 0 0 0 0 0 0 0 0
"159" 159 0.0 216 178 39 19 17 10 9 6 5 1 0 0 0 0 0 0 0 0 0 0
"160" 160 0.746113989637 292 99 29 25 18 16 14 7 0 0 0 0 0 0 0 0 0 0 0 0
"161" 161 0.212927756654 170 109 48 44 30 29 25 19 9 7 5 3 1 1 0 0 0 0 0 0
"162" 162 0.0744680851064 221 190 44 16 13 5 3 3 2 1 1 1 0 0 0 0 0 0 0 0
"163" 163 0.0288461538462 500 0 0 0 0 0 0 0 0 0 0 0 0 0 0 0 0 0 0 0
"164" 164 0.0192307692308 313 107 37 23 10 5 2 2 1 0 0 0 0 0 0 0 0 0 0 0
"165" 165 0.0 210 156 32 31 26 21 7 7 5 2 1 1 1 0 0 0 0 0 0 0
"166" 166 0.0583941605839 226 153 71 16 10 9 8 4 2 1 0 0 0 0 0 0 0 0 0 0
"167" 167 0.0 409 50 25 16 0 0 0 0 0 0 0 0 0 0 0 0 0 0 0 0
"168" 168 0.0 437 23 17 13 5 4 1 0 0 0 0 0 0 0 0 0 0 0 0 0
"169" 169 0.0251572327044 241 187 59 8 3 1 1 0 0 0 0 0 0 0 0 0 0 0 0 0
"170" 170 0.208955223881 309 138 27 23 2 1 0 0 0 0 0 0 0 0 0 0 0 0 0 0
"171" 171 0.254464285714 251 100 53 46 23 11 9 4 2 1 0 0 0 0 0 0 0 0 0 0
"172" 172 0.0 194 130 90 33 20 14 11 3 2 2 1 0 0 0 0 0 0 0 0 0
"173" 173 0.0223214285714 190 155 105 22 15 8 2 2 1 0 0 0 0 0 0 0 0 0 0 0
"174" 174 0.0 435 33 11 9 7 2 1 1 1 0 0 0 0 0 0 0 0 0 0 0
"175" 175 0.124113475177 234 157 50 25 11 10 4 3 2 1 1 1 1 0 0 0 0 0 0 0
"176" 176 0.00448430493274 301 63 42 37 36 13 6 1 1 0 0 0 0 0 0 0 0 0 0 0
"177" 177 0.0480769230769 135 129 67 56 39 30 19 10 5 4 2 2 1 1 0 0 0 0 0 0
"178" 178 0.288321167883 199 124 74 31 16 15 14 7 6 5 4 3 2 0 0 0 0 0 0 0
"179" 179 0.761006289308 223 168 76 27 4 2 0 0 0 0 0 0 0 0 0 0 0 0 0 0
"180" 180 0.430463576159 154 127 81 50 41 20 12 5 5 4 1 0 0 0 0 0 0 0 0 0
"181" 181 0.748175182482 373 125 1 1 0 0 0 0 0 0 0 0 0 0 0 0 0 0 0 0
"182" 182 0.592039800995 161 151 65 39 39 24 12 5 2 2 0 0 0 0 0 0 0 0 0 0
"183" 183 0.200956937799 238 176 36 30 5 4 4 2 2 2 1 0 0 0 0 0 0 0 0 0
"184" 184 0.0518134715026 318 68 27 24 22 18 11 4 3 3 1 1 0 0 0 0 0 0 0 0
"185" 185 0.178832116788 247 217 15 8 7 4 2 0 0 0 0 0 0 0 0 0 0 0 0 0
"186" 186 0.0209205020921 260 148 88 2 1 1 0 0 0 0 0 0 0 0 0 0 0 0 0 0
"187" 187 0.0 244 105 84 34 18 8 4 2 1 0 0 0 0 0 0 0 0 0 0 0
"188" 188 0.0 379 43 32 24 11 9 2 0 0 0 0 0 0 0 0 0 0 0 0 0
"189" 189 0.372262773723 166 125 65 63 45 17 13 4 1 1 0 0 0 0 0 0 0 0 0 0
"190" 190 0.142335766423 447 41 10 1 1 0 0 0 0 0 0 0 0 0 0 0 0 0 0 0
"191" 191 0.721518987342 246 83 69 55 27 9 5 5 1 0 0 0 0 0 0 0 0 0 0 0
"192" 192 0.366279069767 206 129 49 40 28 19 13 9 3 3 1 0 0 0 0 0 0 0 0 0
"193" 193 0.290178571429 292 89 71 21 8 5 3 3 3 2 2 1 0 0 0 0 0 0 0 0
"194" 194 0.671794871795 195 169 86 34 12 3 1 0 0 0 0 0 0 0 0 0 0 0 0 0
"195" 195 0.295336787565 223 90 44 41 25 20 17 12 11 10 4 3 0 0 0 0 0 0 0 0
"196" 196 0.610062893082 489 4 3 2 1 1 0 0 0 0 0 0 0 0 0 0 0 0 0 0
"197" 197 0.173758865248 240 220 31 4 3 1 1 0 0 0 0 0 0 0 0 0 0 0 0 0
"198" 198 0.527426160338 256 67 46 41 38 25 15 5 3 2 2 0 0 0 0 0 0 0 0 0
"199" 199 0.367816091954 357 49 36 26 15 6 3 2 2 1 1 1 1 0 0 0 0 0 0 0
"200" 200 0.379310344828 126 122 81 54 36 29 25 19 6 1 1 0 0 0 0 0 0 0 0 0
"201" 201 0.379562043796 283 141 63 4 3 3 2 1 0 0 0 0 0 0 0 0 0 0 0 0
"202" 202 0.199004975124 152 92 91 60 41 27 11 10 6 3 3 2 1 1 0 0 0 0 0 0
"203" 203 0.581395348837 249 143 57 39 6 4 1 1 0 0 0 0 0 0 0 0 0 0 0 0
"204" 204 0.610062893082 280 67 47 37 33 12 8 5 4 2 2 2 1 0 0 0 0 0 0 0
