"site" "RSA" "aa1" "aa2" "aa3" "aa4" "aa5" "aa6" "aa7" "aa8" "aa9" "aa10" "aa11" "aa12" "aa13" "aa14" "aa15" "aa16" "aa17" "aa18" "aa19" "aa20"
"0" 0 0.740384615385 499 1 0 0 0 0 0 0 0 0 0 0 0 0 0 0 0 0 0 0
"1" 1 0.424870466321 490 4 3 2 1 0 0 0 0 0 0 0 0 0 0 0 0 0 0 0
"2" 2 0.124031007752 344 141 10 4 1 0 0 0 0 0 0 0 0 0 0 0 0 0 0 0
"3" 3 0.441964285714 277 64 57 48 25 19 8 2 0 0 0 0 0 0 0 0 0 0 0 0
"4" 4 0.209302325581 483 6 6 3 1 1 0 0 0 0 0 0 0 0 0 0 0 0 0 0
"5" 5 0.0 500 0 0 0 0 0 0 0 0 0 0 0 0 0 0 0 0 0 0 0
"6" 6 0.341772151899 476 13 10 1 0 0 0 0 0 0 0 0 0 0 0 0 0 0 0 0
"7" 7 0.573839662447 182 172 108 30 7 1 0 0 0 0 0 0 0 0 0 0 0 0 0 0
"8" 8 0.0964467005076 410 42 28 13 4 2 1 0 0 0 0 0 0 0 0 0 0 0 0 0
"9" 9 0.0543933054393 466 18 10 6 0 0 0 0 0 0 0 0 0 0 0 0 0 0 0 0
"10" 10 0.574712643678 467 17 10 3 2 1 0 0 0 0 0 0 0 0 0 0 0 0 0 0
"11" 11 0.659192825112 362 93 31 9 3 2 0 0 0 0 0 0 0 0 0 0 0 0 0 0
"12" 12 0.240506329114 439 24 16 11 10 0 0 0 0 0 0 0 0 0 0 0 0 0 0 0
"13" 13 0.139240506329 298 112 44 18 13 7 6 1 1 0 0 0 0 0 0 0 0 0 0 0
"14" 14 0.217054263566 476 16 6 1 1 0 0 0 0 0 0 0 0 0 0 0 0 0 0 0
"15" 15 0.677130044843 145 144 93 65 41 11 1 0 0 0 0 0 0 0 0 0 0 0 0 0
"16" 16 0.215189873418 286 70 62 42 18 8 7 4 2 1 0 0 0 0 0 0 0 0 0 0
"17" 17 0.124401913876 260 205 29 4 2 0 0 0 0 0 0 0 0 0 0 0 0 0 0 0
"18" 18 0.0639534883721 241 121 103 31 3 1 0 0 0 0 0 0 0 0 0 0 0 0 0 0
"19" 19 0.0344827586207 466 24 10 0 0 0 0 0 0 0 0 0 0 0 0 0 0 0 0 0
"20" 20 0.4375 457 32 11 0 0 0 0 0 0 0 0 0 0 0 0 0 0 0 0 0
"21" 21 0.590717299578 500 0 0 0 0 0 0 0 0 0 0 0 0 0 0 0 0 0 0 0
"22" 22 0.740384615385 500 0 0 0 0 0 0 0 0 0 0 0 0 0 0 0 0 0 0 0
"23" 23 0.115384615385 375 125 0 0 0 0 0 0 0 0 0 0 0 0 0 0 0 0 0 0
"24" 24 0.662447257384 357 122 21 0 0 0 0 0 0 0 0 0 0 0 0 0 0 0 0 0
"25" 25 0.33971291866 496 4 0 0 0 0 0 0 0 0 0 0 0 0 0 0 0 0 0 0
"26" 26 0.481012658228 500 0 0 0 0 0 0 0 0 0 0 0 0 0 0 0 0 0 0 0
"27" 27 0.633720930233 341 83 43 23 5 4 1 0 0 0 0 0 0 0 0 0 0 0 0 0
"28" 28 0.0673076923077 379 64 25 11 8 5 4 2 2 0 0 0 0 0 0 0 0 0 0 0
"29" 29 0.0817610062893 228 213 37 19 3 0 0 0 0 0 0 0 0 0 0 0 0 0 0 0
"30" 30 0.0820512820513 396 104 0 0 0 0 0 0 0 0 0 0 0 0 0 0 0 0 0 0
"31" 31 0.109452736318 184 127 69 57 34 25 2 1 1 0 0 0 0 0 0 0 0 0 0 0
"32" 32 0.294326241135 500 0 0 0 0 0 0 0 0 0 0 0 0 0 0 0 0 0 0 0
"33" 33 0.25 500 0 0 0 0 0 0 0 0 0 0 0 0 0 0 0 0 0 0 0
"34" 34 0.0497512437811 216 190 54 39 1 0 0 0 0 0 0 0 0 0 0 0 0 0 0 0
"35" 35 0.188284518828 308 101 39 28 14 5 3 2 0 0 0 0 0 0 0 0 0 0 0 0
"36" 36 0.586538461538 500 0 0 0 0 0 0 0 0 0 0 0 0 0 0 0 0 0 0 0
"37" 37 0.153284671533 251 249 0 0 0 0 0 0 0 0 0 0 0 0 0 0 0 0 0 0
"38" 38 0.438818565401 324 59 54 36 22 5 0 0 0 0 0 0 0 0 0 0 0 0 0 0
"39" 39 0.0116279069767 335 147 12 2 2 1 1 0 0 0 0 0 0 0 0 0 0 0 0 0
"40" 40 0.125 500 0 0 0 0 0 0 0 0 0 0 0 0 0 0 0 0 0 0 0
"41" 41 0.470852017937 258 242 0 0 0 0 0 0 0 0 0 0 0 0 0 0 0 0 0 0
"42" 42 0.046511627907 434 38 16 7 4 1 0 0 0 0 0 0 0 0 0 0 0 0 0 0
"43" 43 0.666666666667 496 4 0 0 0 0 0 0 0 0 0 0 0 0 0 0 0 0 0 0
"44" 44 0.721153846154 500 0 0 0 0 0 0 0 0 0 0 0 0 0 0 0 0 0 0 0
"45" 45 0.150627615063 419 80 1 0 0 0 0 0 0 0 0 0 0 0 0 0 0 0 0 0
"46" 46 0.622516556291 500 0 0 0 0 0 0 0 0 0 0 0 0 0 0 0 0 0 0 0
"47" 47 0.110266159696 263 229 7 1 0 0 0 0 0 0 0 0 0 0 0 0 0 0 0 0
"48" 48 0.174418604651 499 1 0 0 0 0 0 0 0 0 0 0 0 0 0 0 0 0 0 0
"49" 49 0.544041450777 426 64 9 1 0 0 0 0 0 0 0 0 0 0 0 0 0 0 0 0
"50" 50 0.22480620155 472 28 0 0 0 0 0 0 0 0 0 0 0 0 0 0 0 0 0 0
"51" 51 0.102564102564 166 145 101 83 3 1 1 0 0 0 0 0 0 0 0 0 0 0 0 0
"52" 52 0.371308016878 427 73 0 0 0 0 0 0 0 0 0 0 0 0 0 0 0 0 0 0
"53" 53 0.635897435897 490 9 1 0 0 0 0 0 0 0 0 0 0 0 0 0 0 0 0 0
"54" 54 0.333333333333 226 167 37 22 14 14 7 5 3 2 2 1 0 0 0 0 0 0 0 0
"55" 55 0.365384615385 500 0 0 0 0 0 0 0 0 0 0 0 0 0 0 0 0 0 0 0
"56" 56 0.224137931034 296 107 78 9 5 2 1 1 1 0 0 0 0 0 0 0 0 0 0 0
"57" 57 0.446700507614 387 73 40 0 0 0 0 0 0 0 0 0 0 0 0 0 0 0 0 0
"58" 58 0.0390070921986 335 147 14 2 2 0 0 0 0 0 0 0 0 0 0 0 0 0 0 0
"59" 59 0.291390728477 328 86 81 5 0 0 0 0 0 0 0 0 0 0 0 0 0 0 0 0
"60" 60 0.410714285714 285 94 67 48 3 2 1 0 0 0 0 0 0 0 0 0 0 0 0 0
"61" 61 0.665178571429 251 99 83 22 19 16 9 1 0 0 0 0 0 0 0 0 0 0 0 0
"62" 62 0.093023255814 265 164 23 18 13 10 4 2 1 0 0 0 0 0 0 0 0 0 0 0
"63" 63 0.0298507462687 479 12 5 2 1 1 0 0 0 0 0 0 0 0 0 0 0 0 0 0
"64" 64 0.155963302752 424 33 22 9 6 2 2 1 1 0 0 0 0 0 0 0 0 0 0 0
"65" 65 0.508928571429 369 50 45 23 5 5 2 1 0 0 0 0 0 0 0 0 0 0 0 0
"66" 66 0.0608365019011 349 76 46 19 8 1 1 0 0 0 0 0 0 0 0 0 0 0 0 0
"67" 67 0.0746268656716 423 37 12 10 8 6 3 1 0 0 0 0 0 0 0 0 0 0 0 0
"68" 68 0.34375 498 2 0 0 0 0 0 0 0 0 0 0 0 0 0 0 0 0 0 0
"69" 69 0.287179487179 488 12 0 0 0 0 0 0 0 0 0 0 0 0 0 0 0 0 0 0
"70" 70 0.0 442 27 23 5 3 0 0 0 0 0 0 0 0 0 0 0 0 0 0 0
"71" 71 0.632911392405 477 23 0 0 0 0 0 0 0 0 0 0 0 0 0 0 0 0 0 0
"72" 72 0.666666666667 488 12 0 0 0 0 0 0 0 0 0 0 0 0 0 0 0 0 0 0
"73" 73 0.06463878327 197 142 69 62 16 9 3 1 1 0 0 0 0 0 0 0 0 0 0 0
"74" 74 0.010152284264 357 76 23 22 14 4 3 1 0 0 0 0 0 0 0 0 0 0 0 0
"75" 75 0.591194968553 500 0 0 0 0 0 0 0 0 0 0 0 0 0 0 0 0 0 0 0
"76" 76 0.596153846154 500 0 0 0 0 0 0 0 0 0 0 0 0 0 0 0 0 0 0 0
"77" 77 0.0813953488372 433 67 0 0 0 0 0 0 0 0 0 0 0 0 0 0 0 0 0 0
"78" 78 0.46835443038 391 107 2 0 0 0 0 0 0 0 0 0 0 0 0 0 0 0 0 0
"79" 79 0.220183486239 411 43 24 15 3 2 2 0 0 0 0 0 0 0 0 0 0 0 0 0
"80" 80 0.756345177665 477 23 0 0 0 0 0 0 0 0 0 0 0 0 0 0 0 0 0 0
"81" 81 0.259414225941 197 177 125 1 0 0 0 0 0 0 0 0 0 0 0 0 0 0 0 0
"82" 82 0.666666666667 500 0 0 0 0 0 0 0 0 0 0 0 0 0 0 0 0 0 0 0
"83" 83 0.163461538462 500 0 0 0 0 0 0 0 0 0 0 0 0 0 0 0 0 0 0 0
"84" 84 0.010152284264 493 2 2 1 1 1 0 0 0 0 0 0 0 0 0 0 0 0 0 0
"85" 85 0.700421940928 461 26 12 1 0 0 0 0 0 0 0 0 0 0 0 0 0 0 0 0
"86" 86 0.556962025316 409 49 19 17 3 2 1 0 0 0 0 0 0 0 0 0 0 0 0 0
"87" 87 0.552742616034 410 44 30 5 5 4 2 0 0 0 0 0 0 0 0 0 0 0 0 0
"88" 88 0.403973509934 348 124 12 10 6 0 0 0 0 0 0 0 0 0 0 0 0 0 0 0
"89" 89 0.183035714286 324 111 40 20 3 1 1 0 0 0 0 0 0 0 0 0 0 0 0 0
"90" 90 0.113138686131 472 28 0 0 0 0 0 0 0 0 0 0 0 0 0 0 0 0 0 0
"91" 91 0.352678571429 355 76 34 17 10 4 2 1 1 0 0 0 0 0 0 0 0 0 0 0
"92" 92 0.165803108808 491 5 1 1 1 1 0 0 0 0 0 0 0 0 0 0 0 0 0 0
"93" 93 0.00497512437811 451 31 5 4 3 3 2 1 0 0 0 0 0 0 0 0 0 0 0 0
"94" 94 0.0203045685279 497 2 1 0 0 0 0 0 0 0 0 0 0 0 0 0 0 0 0 0
"95" 95 0.278481012658 438 33 13 10 4 1 1 0 0 0 0 0 0 0 0 0 0 0 0 0
"96" 96 0.110266159696 484 10 5 1 0 0 0 0 0 0 0 0 0 0 0 0 0 0 0 0
"97" 97 0.044776119403 446 26 11 5 5 3 2 1 1 0 0 0 0 0 0 0 0 0 0 0
"98" 98 0.354430379747 209 162 37 37 30 14 5 5 1 0 0 0 0 0 0 0 0 0 0 0
"99" 99 0.448430493274 284 139 45 17 10 2 2 1 0 0 0 0 0 0 0 0 0 0 0 0
"100" 100 0.131782945736 494 5 1 0 0 0 0 0 0 0 0 0 0 0 0 0 0 0 0 0
"101" 101 0.0 498 2 0 0 0 0 0 0 0 0 0 0 0 0 0 0 0 0 0 0
"102" 102 0.46357615894 359 124 6 5 5 1 0 0 0 0 0 0 0 0 0 0 0 0 0 0
"103" 103 0.801324503311 327 156 17 0 0 0 0 0 0 0 0 0 0 0 0 0 0 0 0 0
