"site" "RSA" "aa1" "aa2" "aa3" "aa4" "aa5" "aa6" "aa7" "aa8" "aa9" "aa10" "aa11" "aa12" "aa13" "aa14" "aa15" "aa16" "aa17" "aa18" "aa19" "aa20"
"0" 0 0.652849740933 231 53 51 46 35 19 17 17 12 7 6 5 1 0 0 0 0 0 0 0
"1" 1 0.28102189781 179 152 50 48 22 17 15 9 4 2 1 1 0 0 0 0 0 0 0 0
"2" 2 0.450892857143 243 172 30 28 14 5 3 2 1 1 1 0 0 0 0 0 0 0 0 0
"3" 3 0.487046632124 156 72 71 63 51 23 21 16 16 3 3 1 1 1 1 1 0 0 0 0
"4" 4 0.0348258706468 177 136 66 61 35 10 5 3 3 2 1 1 0 0 0 0 0 0 0 0
"5" 5 0.051724137931 213 122 117 18 7 6 5 3 2 2 2 1 1 1 0 0 0 0 0 0
"6" 6 0.562737642586 158 134 103 28 28 18 9 8 7 2 2 1 1 1 0 0 0 0 0 0
"7" 7 0.385650224215 197 119 88 40 14 9 8 5 5 4 4 3 1 1 1 1 0 0 0 0
"8" 8 0.0 368 44 31 17 14 8 6 5 2 2 2 1 0 0 0 0 0 0 0 0
"9" 9 0.316455696203 183 154 71 35 25 14 6 6 3 3 0 0 0 0 0 0 0 0 0 0
"10" 10 0.44776119403 180 155 45 40 26 19 18 7 6 2 2 0 0 0 0 0 0 0 0 0
"11" 11 0.062015503876 334 54 49 19 12 9 6 5 5 3 3 1 0 0 0 0 0 0 0 0
"12" 12 0.258928571429 143 109 40 38 31 29 22 19 19 18 15 7 4 4 2 0 0 0 0 0
"13" 13 0.690582959641 221 77 58 37 33 33 15 10 7 3 2 2 1 1 0 0 0 0 0 0
"14" 14 0.503875968992 135 88 82 50 47 37 25 12 11 9 3 1 0 0 0 0 0 0 0 0
"15" 15 0.620535714286 211 147 53 46 17 16 9 1 0 0 0 0 0 0 0 0 0 0 0 0
"16" 16 0.507299270073 105 101 90 76 37 21 20 18 14 11 5 1 1 0 0 0 0 0 0 0
"17" 17 0.201520912548 152 149 89 36 22 17 17 5 4 3 2 2 2 0 0 0 0 0 0 0
"18" 18 0.487046632124 208 51 50 46 46 32 23 17 8 7 7 3 2 0 0 0 0 0 0 0
"19" 19 0.308035714286 158 142 82 56 32 9 4 3 3 3 2 2 2 1 1 0 0 0 0 0
"20" 20 0.0 160 111 79 38 26 21 18 18 14 10 2 1 1 1 0 0 0 0 0 0
"21" 21 0.0632183908046 124 84 64 40 34 30 29 20 16 16 14 14 6 5 3 1 0 0 0 0
"22" 22 0.495535714286 178 100 86 50 24 17 16 7 6 5 5 4 2 0 0 0 0 0 0 0
"23" 23 0.0662251655629 167 101 64 50 21 21 16 14 13 10 9 4 4 2 2 1 1 0 0 0
"24" 24 0.0 194 85 53 46 42 34 16 11 10 4 3 1 1 0 0 0 0 0 0 0
"25" 25 0.286919831224 132 116 106 52 25 16 13 10 7 7 5 4 3 2 1 1 0 0 0 0
"26" 26 0.527426160338 142 133 75 58 33 32 10 4 4 2 2 2 1 1 1 0 0 0 0 0
"27" 27 0.0 156 154 71 66 25 15 5 2 2 1 1 1 1 0 0 0 0 0 0 0
"28" 28 0.015503875969 393 57 11 8 7 6 5 5 3 2 1 1 1 0 0 0 0 0 0 0
"29" 29 0.326923076923 123 62 57 48 38 36 28 24 21 20 17 15 7 2 2 0 0 0 0 0
"30" 30 0.311926605505 186 72 66 50 43 33 15 12 8 4 3 3 3 1 1 0 0 0 0 0
"31" 31 0.461139896373 139 96 92 87 38 21 12 7 3 3 2 0 0 0 0 0 0 0 0 0
"32" 32 0.327586206897 125 116 81 47 39 37 30 15 5 2 1 1 1 0 0 0 0 0 0 0
"33" 33 0.254464285714 119 95 66 53 38 31 20 16 14 11 7 6 6 6 4 3 3 2 0 0
"34" 34 0.0348258706468 451 15 8 8 4 4 4 2 2 2 0 0 0 0 0 0 0 0 0 0
"35" 35 0.372093023256 400 65 10 7 7 5 2 2 1 1 0 0 0 0 0 0 0 0 0 0
"36" 36 0.459770114943 194 166 63 34 19 6 5 4 4 2 1 1 1 0 0 0 0 0 0 0
"37" 37 0.4375 280 133 21 20 19 9 9 6 2 1 0 0 0 0 0 0 0 0 0 0
"38" 38 0.0401785714286 215 164 56 27 18 5 5 4 4 1 1 0 0 0 0 0 0 0 0 0
"39" 39 0.029197080292 162 134 65 51 19 19 13 10 10 5 5 4 2 1 0 0 0 0 0 0
"40" 40 0.384615384615 261 125 42 23 14 12 10 7 3 2 1 0 0 0 0 0 0 0 0 0
"41" 41 0.0696517412935 203 63 61 54 30 26 20 12 10 7 5 4 3 1 1 0 0 0 0 0
"42" 42 0.0 181 108 69 60 16 15 11 9 8 6 5 5 4 1 1 1 0 0 0 0
"43" 43 0.211920529801 243 82 55 39 20 19 13 10 8 5 2 2 1 1 0 0 0 0 0 0
"44" 44 0.252873563218 168 128 95 28 28 24 12 5 4 4 3 1 0 0 0 0 0 0 0 0
"45" 45 0.0 436 48 8 3 2 2 1 0 0 0 0 0 0 0 0 0 0 0 0 0
"46" 46 0.00380228136882 137 129 72 36 32 18 15 14 14 10 9 7 5 1 1 0 0 0 0 0
"47" 47 0.350210970464 189 127 49 46 33 11 11 10 6 6 6 3 1 1 1 0 0 0 0 0
"48" 48 0.302564102564 97 74 52 49 46 37 33 32 30 20 12 12 4 1 1 0 0 0 0 0
"49" 49 0.0689655172414 134 69 60 41 30 25 24 24 24 16 13 12 10 7 5 4 2 0 0 0
"50" 50 0.00507614213198 121 103 53 42 40 38 30 29 25 8 7 2 1 1 0 0 0 0 0 0
"51" 51 0.221153846154 283 85 34 32 26 12 9 9 5 2 2 1 0 0 0 0 0 0 0 0
"52" 52 0.418604651163 177 44 41 35 35 29 28 27 26 26 14 10 3 2 2 1 0 0 0 0
"53" 53 0.211678832117 168 73 46 40 36 30 23 22 17 13 11 8 4 3 3 2 1 0 0 0
"54" 54 0.138686131387 233 82 60 28 25 22 13 11 6 6 3 2 2 2 2 2 1 0 0 0
"55" 55 0.294573643411 136 100 81 58 55 40 9 5 5 4 3 2 1 1 0 0 0 0 0 0
"56" 56 0.35761589404 190 88 84 60 16 15 14 11 10 4 3 2 1 1 1 0 0 0 0 0
"57" 57 0.177304964539 267 65 62 39 29 11 10 8 6 2 1 0 0 0 0 0 0 0 0 0
"58" 58 0.412408759124 148 143 121 33 18 18 10 3 2 1 1 1 1 0 0 0 0 0 0 0
"59" 59 0.543147208122 153 128 54 39 36 23 23 16 13 12 2 1 0 0 0 0 0 0 0 0
"60" 60 0.0710659898477 196 61 47 38 36 28 22 20 12 11 7 7 6 5 2 2 0 0 0 0
"61" 61 0.165562913907 219 51 51 49 41 19 15 15 9 7 7 6 4 3 2 2 0 0 0 0
"62" 62 0.503311258278 114 93 67 53 50 45 26 23 14 10 2 1 1 1 0 0 0 0 0 0
"63" 63 0.375634517766 179 143 78 44 17 13 10 5 5 3 1 1 1 0 0 0 0 0 0 0
"64" 64 0.0714285714286 130 108 74 56 55 27 22 18 5 5 0 0 0 0 0 0 0 0 0 0
"65" 65 0.591928251121 151 96 93 62 42 22 15 6 5 3 3 2 0 0 0 0 0 0 0 0
"66" 66 0.472573839662 165 136 34 32 30 25 23 19 11 11 9 4 1 0 0 0 0 0 0 0
"67" 67 0.0401785714286 188 69 51 49 28 28 24 21 15 10 8 5 2 1 1 0 0 0 0 0
"68" 68 0.446428571429 143 108 88 78 43 9 7 7 4 4 3 2 1 1 1 1 0 0 0 0
"69" 69 0.671794871795 164 103 75 42 26 25 23 14 8 7 6 5 1 1 0 0 0 0 0 0
"70" 70 0.518987341772 153 110 76 38 36 26 16 13 10 10 6 2 2 1 1 0 0 0 0 0
"71" 71 0.567307692308 488 11 1 0 0 0 0 0 0 0 0 0 0 0 0 0 0 0 0 0
"72" 72 0.144230769231 106 76 52 51 51 51 27 26 19 13 11 8 5 4 0 0 0 0 0 0
"73" 73 0.272321428571 191 120 117 25 22 11 6 4 3 1 0 0 0 0 0 0 0 0 0 0
"74" 74 0.642487046632 144 118 83 74 31 20 11 6 5 4 2 1 1 0 0 0 0 0 0 0
"75" 75 0.476793248945 94 75 70 66 65 44 25 13 11 10 6 5 4 4 4 2 2 0 0 0
"76" 76 0.0646766169154 374 53 27 20 13 5 4 2 1 1 0 0 0 0 0 0 0 0 0 0
"77" 77 0.590717299578 159 148 92 30 24 16 10 5 5 5 3 3 0 0 0 0 0 0 0 0
"78" 78 0.587155963303 194 136 42 37 27 17 15 10 7 5 3 3 3 1 0 0 0 0 0 0
"79" 79 0.116751269036 107 100 87 71 34 28 25 13 12 9 4 4 2 2 1 1 0 0 0 0
"80" 80 0.346715328467 198 86 73 46 37 16 10 9 7 7 4 3 2 1 1 0 0 0 0 0
"81" 81 0.620535714286 192 78 58 53 41 37 16 10 5 4 4 2 0 0 0 0 0 0 0 0
"82" 82 0.505703422053 220 123 59 43 16 12 9 6 5 3 3 1 0 0 0 0 0 0 0 0
"83" 83 0.127737226277 109 106 99 77 69 14 11 8 2 2 1 1 1 0 0 0 0 0 0 0
"84" 84 0.452914798206 124 93 92 43 35 33 27 20 20 6 5 1 1 0 0 0 0 0 0 0
"85" 85 0.495412844037 204 100 50 27 24 23 20 16 16 7 6 4 2 1 0 0 0 0 0 0
"86" 86 0.0574712643678 185 87 70 36 29 27 15 14 12 11 5 4 3 1 1 0 0 0 0 0
"87" 87 0.147321428571 269 113 66 27 6 5 4 4 3 1 1 1 0 0 0 0 0 0 0 0
"88" 88 0.517441860465 183 107 67 39 31 25 22 13 6 3 1 1 1 1 0 0 0 0 0 0
"89" 89 0.34375 166 88 69 48 41 30 17 14 8 8 7 4 0 0 0 0 0 0 0 0
"90" 90 0.0149253731343 415 21 17 15 15 10 3 2 2 0 0 0 0 0 0 0 0 0 0 0
"91" 91 0.130801687764 312 90 45 15 11 11 7 4 2 1 1 1 0 0 0 0 0 0 0 0
"92" 92 0.582089552239 121 99 78 57 42 35 31 13 11 9 2 1 1 0 0 0 0 0 0 0
"93" 93 0.111675126904 128 65 53 43 43 33 29 29 17 12 11 11 7 6 5 4 4 0 0 0
"94" 94 0.0 200 154 41 41 32 12 8 5 5 1 1 0 0 0 0 0 0 0 0 0
"95" 95 0.462025316456 133 84 79 65 47 33 27 14 8 5 2 1 1 1 0 0 0 0 0 0
"96" 96 0.269430051813 175 143 50 26 23 19 17 16 16 6 4 3 1 1 0 0 0 0 0 0
"97" 97 0.0 152 151 45 30 26 24 21 13 12 9 5 3 3 3 2 1 0 0 0 0
"98" 98 0.089552238806 397 29 21 15 11 10 7 7 1 1 1 0 0 0 0 0 0 0 0 0
"99" 99 0.440414507772 184 107 67 48 26 16 14 12 10 9 3 2 2 0 0 0 0 0 0 0
"100" 100 0.0632183908046 135 119 58 48 39 26 22 17 13 7 7 5 3 1 0 0 0 0 0 0
"101" 101 0.0 408 55 20 16 1 0 0 0 0 0 0 0 0 0 0 0 0 0 0 0
"102" 102 0.445595854922 295 71 45 36 25 7 7 5 4 2 1 1 1 0 0 0 0 0 0 0
"103" 103 0.548523206751 147 116 86 67 38 30 5 4 3 2 2 0 0 0 0 0 0 0 0 0
"104" 104 0.253588516746 228 118 72 37 26 11 3 2 2 1 0 0 0 0 0 0 0 0 0 0
"105" 105 0.0248756218905 373 32 27 26 14 10 5 5 4 2 1 1 0 0 0 0 0 0 0 0
"106" 106 0.137055837563 346 127 14 4 2 1 1 1 1 1 1 1 0 0 0 0 0 0 0 0
"107" 107 0.559748427673 362 43 40 17 12 10 9 7 0 0 0 0 0 0 0 0 0 0 0 0
"108" 108 0.201550387597 173 161 99 22 18 8 6 4 3 3 1 1 1 0 0 0 0 0 0 0
"109" 109 0.108527131783 444 50 3 3 0 0 0 0 0 0 0 0 0 0 0 0 0 0 0 0
"110" 110 0.738461538462 199 146 53 45 16 15 13 5 4 2 2 0 0 0 0 0 0 0 0 0
"111" 111 0.383720930233 250 118 41 38 17 16 12 4 2 1 1 0 0 0 0 0 0 0 0 0
"112" 112 0.0865384615385 409 65 10 4 3 2 2 2 1 1 1 0 0 0 0 0 0 0 0 0
"113" 113 0.3125 439 19 19 18 3 2 0 0 0 0 0 0 0 0 0 0 0 0 0 0
"114" 114 0.00662251655629 167 71 54 47 45 44 25 17 10 8 5 3 2 1 1 0 0 0 0 0
"115" 115 0.168776371308 308 97 31 13 13 13 6 6 4 4 3 1 1 0 0 0 0 0 0 0
"116" 116 0.0 446 40 7 7 0 0 0 0 0 0 0 0 0 0 0 0 0 0 0 0
"117" 117 0.0753138075314 164 160 65 39 24 18 12 6 5 2 2 2 1 0 0 0 0 0 0 0
"118" 118 0.0114068441065 334 101 28 19 5 4 4 2 2 1 0 0 0 0 0 0 0 0 0 0
"119" 119 0.243346007605 155 145 107 66 12 7 6 1 1 0 0 0 0 0 0 0 0 0 0 0
"120" 120 0.130801687764 203 141 43 31 28 24 16 5 4 1 1 1 1 1 0 0 0 0 0 0
"121" 121 0.0183486238532 157 73 68 44 42 38 27 27 8 5 5 3 2 1 0 0 0 0 0 0
"122" 122 0.168776371308 249 73 67 57 27 10 6 3 2 2 2 2 0 0 0 0 0 0 0 0
"123" 123 0.0 358 107 16 15 4 0 0 0 0 0 0 0 0 0 0 0 0 0 0 0
"124" 124 0.0362694300518 193 98 55 47 41 17 13 12 10 7 4 2 1 0 0 0 0 0 0 0
"125" 125 0.0228136882129 282 156 17 11 9 7 5 4 2 2 2 2 1 0 0 0 0 0 0 0
"126" 126 0.11961722488 124 123 114 76 20 13 11 7 6 3 2 1 0 0 0 0 0 0 0 0
"127" 127 0.036496350365 174 143 86 31 21 15 12 7 4 3 3 1 0 0 0 0 0 0 0 0
"128" 128 0.0836501901141 153 86 60 52 33 30 28 16 9 8 7 6 4 3 2 1 1 1 0 0
"129" 129 0.154228855721 200 151 36 30 24 16 10 6 5 5 5 4 3 2 1 1 1 0 0 0
"130" 130 0.0 486 13 1 0 0 0 0 0 0 0 0 0 0 0 0 0 0 0 0 0
"131" 131 0.147321428571 199 122 97 19 18 14 7 6 5 4 3 3 2 1 0 0 0 0 0 0
"132" 132 0.121338912134 266 212 10 5 4 2 1 0 0 0 0 0 0 0 0 0 0 0 0 0
"133" 133 0.116279069767 454 25 7 5 3 2 2 1 1 0 0 0 0 0 0 0 0 0 0 0
"134" 134 0.610465116279 229 101 76 53 15 11 5 4 3 2 1 0 0 0 0 0 0 0 0 0
"135" 135 0.596153846154 500 0 0 0 0 0 0 0 0 0 0 0 0 0 0 0 0 0 0 0
"136" 136 0.584615384615 134 95 91 44 40 33 27 17 12 5 2 0 0 0 0 0 0 0 0 0
"137" 137 0.569948186528 241 80 44 42 41 30 16 3 2 1 0 0 0 0 0 0 0 0 0 0
"138" 138 0.295620437956 146 128 68 52 29 25 22 21 6 1 1 1 0 0 0 0 0 0 0 0
"139" 139 0.616033755274 135 124 106 60 20 17 14 7 6 6 4 1 0 0 0 0 0 0 0 0
"140" 140 0.174107142857 262 71 35 29 29 18 17 13 10 8 3 3 1 1 0 0 0 0 0 0
"141" 141 0.062015503876 292 71 57 19 16 15 9 9 6 4 1 1 0 0 0 0 0 0 0 0
"142" 142 0.0852713178295 229 152 57 43 5 5 4 1 1 1 1 1 0 0 0 0 0 0 0 0
"143" 143 0.223214285714 146 131 71 43 42 25 11 8 8 4 3 3 2 1 1 1 0 0 0 0
"144" 144 0.415384615385 170 118 115 23 22 17 13 7 7 3 2 1 1 1 0 0 0 0 0 0
"145" 145 0.0 477 17 5 1 0 0 0 0 0 0 0 0 0 0 0 0 0 0 0 0
"146" 146 0.194029850746 193 141 88 36 15 8 6 5 4 1 1 1 1 0 0 0 0 0 0 0
"147" 147 0.563218390805 318 62 38 34 20 11 6 4 2 2 1 1 1 0 0 0 0 0 0 0
"148" 148 0.0077519379845 443 14 9 6 6 6 6 5 5 0 0 0 0 0 0 0 0 0 0 0
"149" 149 0.0 201 130 99 27 19 13 5 4 1 1 0 0 0 0 0 0 0 0 0 0
"150" 150 0.502109704641 225 148 52 38 10 9 8 4 3 2 1 0 0 0 0 0 0 0 0 0
"151" 151 0.248062015504 195 151 38 30 20 16 11 11 10 7 4 4 1 1 1 0 0 0 0 0
"152" 152 0.0 477 12 11 0 0 0 0 0 0 0 0 0 0 0 0 0 0 0 0 0
"153" 153 0.172185430464 132 119 84 54 19 16 16 13 12 10 9 5 4 3 2 1 1 0 0 0
"154" 154 0.564766839378 105 94 88 58 52 47 14 12 10 9 4 4 2 1 0 0 0 0 0 0
"155" 155 0.126903553299 203 150 53 32 15 12 10 7 5 4 3 2 2 1 1 0 0 0 0 0
"156" 156 0.0077519379845 483 11 6 0 0 0 0 0 0 0 0 0 0 0 0 0 0 0 0 0
"157" 157 0.596330275229 219 116 94 22 20 8 6 6 4 3 2 0 0 0 0 0 0 0 0 0
"158" 158 0.598837209302 178 92 65 41 37 33 17 15 8 5 3 3 2 1 0 0 0 0 0 0
"159" 159 0.491071428571 166 89 78 57 49 20 17 14 3 2 2 1 1 1 0 0 0 0 0 0
"160" 160 0.0646766169154 497 2 1 0 0 0 0 0 0 0 0 0 0 0 0 0 0 0 0 0
"161" 161 0.289308176101 357 54 28 20 12 7 7 6 3 2 1 1 1 1 0 0 0 0 0 0
"162" 162 0.0503144654088 129 125 92 62 34 16 15 10 6 3 2 2 2 1 1 0 0 0 0 0
"163" 163 0.00581395348837 234 195 40 25 2 2 1 1 0 0 0 0 0 0 0 0 0 0 0 0
"164" 164 0.114832535885 496 3 1 0 0 0 0 0 0 0 0 0 0 0 0 0 0 0 0 0
"165" 165 0.163522012579 234 84 69 37 30 16 15 5 5 4 1 0 0 0 0 0 0 0 0 0
"166" 166 0.10152284264 190 74 67 56 36 22 14 13 10 8 7 1 1 1 0 0 0 0 0 0
"167" 167 0.156934306569 338 76 46 17 9 5 4 2 2 1 0 0 0 0 0 0 0 0 0 0
"168" 168 0.00497512437811 401 30 25 15 8 7 5 5 3 1 0 0 0 0 0 0 0 0 0 0
"169" 169 0.0769230769231 198 165 47 32 13 13 7 6 6 5 3 2 2 1 0 0 0 0 0 0
"170" 170 0.0149253731343 368 29 29 25 22 10 5 5 3 2 2 0 0 0 0 0 0 0 0 0
"171" 171 0.0697674418605 117 110 79 77 27 16 15 12 10 7 7 6 5 4 4 3 1 0 0 0
"172" 172 0.0696517412935 213 114 69 46 18 13 9 8 7 2 1 0 0 0 0 0 0 0 0 0
"173" 173 0.148717948718 183 79 64 58 31 29 19 13 12 4 4 2 1 1 0 0 0 0 0 0
"174" 174 0.0418410041841 110 84 60 59 50 41 38 18 14 14 6 2 2 1 1 0 0 0 0 0
"175" 175 0.0 442 49 9 0 0 0 0 0 0 0 0 0 0 0 0 0 0 0 0 0
"176" 176 0.120689655172 236 155 38 30 20 9 3 3 2 1 1 1 1 0 0 0 0 0 0 0
"177" 177 0.0 404 74 7 4 3 3 2 1 1 1 0 0 0 0 0 0 0 0 0 0
"178" 178 0.117870722433 147 107 71 53 37 33 30 12 5 5 0 0 0 0 0 0 0 0 0 0
"179" 179 0.342205323194 284 77 62 44 15 5 4 2 2 2 1 1 1 0 0 0 0 0 0 0
"180" 180 0.46875 279 90 41 39 15 13 9 4 3 3 2 1 1 0 0 0 0 0 0 0
"181" 181 0.0761421319797 261 145 39 13 11 9 8 6 3 3 2 0 0 0 0 0 0 0 0 0
"182" 182 0.233830845771 182 143 71 23 20 19 12 10 9 5 4 1 1 0 0 0 0 0 0 0
"183" 183 0.692307692308 346 46 44 42 8 5 4 3 2 0 0 0 0 0 0 0 0 0 0 0
"184" 184 0.12582781457 125 86 65 56 53 50 22 14 13 8 5 3 0 0 0 0 0 0 0 0
"185" 185 0.396226415094 164 90 79 51 46 39 6 5 4 4 4 3 2 2 1 0 0 0 0 0
"186" 186 0.414507772021 164 144 72 27 26 26 15 12 7 5 1 1 0 0 0 0 0 0 0 0
"187" 187 0.434306569343 109 108 101 70 45 19 14 13 6 5 4 4 1 1 0 0 0 0 0 0
"188" 188 0.0 474 24 2 0 0 0 0 0 0 0 0 0 0 0 0 0 0 0 0 0
"189" 189 0.158227848101 134 117 78 50 47 32 10 9 6 6 5 3 2 1 0 0 0 0 0 0
"190" 190 0.222627737226 131 125 66 61 49 33 10 10 6 4 3 1 1 0 0 0 0 0 0 0
"191" 191 0.238805970149 136 133 118 34 31 19 6 6 4 4 4 3 2 0 0 0 0 0 0 0
"192" 192 0.0 391 67 19 7 7 4 3 2 0 0 0 0 0 0 0 0 0 0 0 0
"193" 193 0.430379746835 290 104 37 36 20 3 3 3 2 1 1 0 0 0 0 0 0 0 0 0
"194" 194 0.341085271318 240 114 70 18 15 13 11 6 5 3 3 2 0 0 0 0 0 0 0 0
"195" 195 0.108527131783 222 114 76 34 17 12 7 7 5 2 2 1 1 0 0 0 0 0 0 0
"196" 196 0.146443514644 139 93 81 67 37 36 12 11 8 5 4 3 1 1 1 1 0 0 0 0
"197" 197 0.341968911917 149 84 82 69 43 28 15 11 10 4 3 1 1 0 0 0 0 0 0 0
"198" 198 0.383419689119 161 157 85 21 16 15 10 9 7 5 4 4 2 2 2 0 0 0 0 0
"199" 199 0.0 398 47 15 10 9 6 6 4 3 1 1 0 0 0 0 0 0 0 0 0
"200" 200 0.41116751269 200 75 64 38 37 22 20 18 10 6 5 2 2 1 0 0 0 0 0 0
"201" 201 0.612403100775 195 88 73 29 25 24 18 17 13 10 6 1 1 0 0 0 0 0 0 0
"202" 202 0.392857142857 211 134 100 20 18 8 3 2 2 1 1 0 0 0 0 0 0 0 0 0
"203" 203 0.378109452736 149 125 102 49 48 14 7 3 2 1 0 0 0 0 0 0 0 0 0 0
"204" 204 0.751295336788 118 90 85 61 30 27 25 22 20 13 7 2 0 0 0 0 0 0 0 0
"205" 205 0.238372093023 108 107 95 61 36 32 14 12 11 11 5 5 1 1 1 0 0 0 0 0
"206" 206 0.283582089552 215 116 97 43 6 6 4 4 2 2 2 2 1 0 0 0 0 0 0 0
"207" 207 0.238410596026 147 96 52 50 38 34 22 15 14 10 10 6 3 1 1 1 0 0 0 0
"208" 208 0.665178571429 211 57 57 55 53 31 21 11 3 1 0 0 0 0 0 0 0 0 0 0
"209" 209 0.709821428571 259 97 52 28 24 19 13 6 1 1 0 0 0 0 0 0 0 0 0 0
"210" 210 0.105960264901 204 130 47 34 25 24 19 8 4 3 1 1 0 0 0 0 0 0 0 0
"211" 211 0.486692015209 229 62 56 35 32 31 19 18 9 6 1 1 1 0 0 0 0 0 0 0
"212" 212 0.341772151899 163 148 63 42 19 12 12 12 10 8 6 5 0 0 0 0 0 0 0 0
"213" 213 0.455958549223 181 168 94 29 8 7 6 3 2 1 1 0 0 0 0 0 0 0 0 0
"214" 214 0.00662251655629 239 80 41 41 27 24 21 10 4 3 2 2 2 1 1 1 1 0 0 0
"215" 215 0.488372093023 228 126 59 21 19 18 8 6 4 4 3 3 1 0 0 0 0 0 0 0
"216" 216 0.502487562189 266 69 63 22 20 15 14 8 7 4 4 2 2 2 2 0 0 0 0 0
"217" 217 0.131979695431 129 85 79 44 41 34 22 21 20 9 8 6 1 1 0 0 0 0 0 0
"218" 218 0.0779816513761 230 101 67 46 24 8 5 5 4 3 3 2 2 0 0 0 0 0 0 0
"219" 219 0.412556053812 166 126 90 31 30 21 17 13 6 0 0 0 0 0 0 0 0 0 0 0
"220" 220 0.298507462687 172 147 94 32 21 8 6 5 4 4 3 2 2 0 0 0 0 0 0 0
"221" 221 0.0 339 105 20 16 14 3 2 1 0 0 0 0 0 0 0 0 0 0 0 0
"222" 222 0.521897810219 169 109 106 48 21 20 7 5 4 3 3 3 2 0 0 0 0 0 0 0
"223" 223 0.378238341969 123 119 105 56 32 20 17 12 5 3 3 3 2 0 0 0 0 0 0 0
"224" 224 0.2 167 93 82 54 38 15 14 10 6 4 4 4 3 2 2 2 0 0 0 0
"225" 225 0.124378109453 363 49 19 18 10 9 9 8 5 4 2 2 1 1 0 0 0 0 0 0
"226" 226 0.546511627907 166 71 52 45 42 38 27 18 17 13 7 2 2 0 0 0 0 0 0 0
"227" 227 0.676616915423 223 98 48 34 29 28 16 15 4 4 1 0 0 0 0 0 0 0 0 0
"228" 228 0.120567375887 408 53 10 9 7 4 3 3 2 1 0 0 0 0 0 0 0 0 0 0
"229" 229 0.767441860465 252 73 54 44 28 11 7 6 4 4 4 3 3 3 3 1 0 0 0 0
