"site" "RSA" "aa1" "aa2" "aa3" "aa4" "aa5" "aa6" "aa7" "aa8" "aa9" "aa10" "aa11" "aa12" "aa13" "aa14" "aa15" "aa16" "aa17" "aa18" "aa19" "aa20"
"0" 0 0.645348837209 500 0 0 0 0 0 0 0 0 0 0 0 0 0 0 0 0 0 0 0
"1" 1 0.451923076923 500 0 0 0 0 0 0 0 0 0 0 0 0 0 0 0 0 0 0 0
"2" 2 0.788461538462 500 0 0 0 0 0 0 0 0 0 0 0 0 0 0 0 0 0 0 0
"3" 3 0.743119266055 500 0 0 0 0 0 0 0 0 0 0 0 0 0 0 0 0 0 0 0
"4" 4 0.519379844961 196 133 70 45 22 10 8 7 5 4 0 0 0 0 0 0 0 0 0 0
"5" 5 0.0993377483444 500 0 0 0 0 0 0 0 0 0 0 0 0 0 0 0 0 0 0 0
"6" 6 0.704641350211 500 0 0 0 0 0 0 0 0 0 0 0 0 0 0 0 0 0 0 0
"7" 7 0.187943262411 258 173 68 1 0 0 0 0 0 0 0 0 0 0 0 0 0 0 0 0
"8" 8 0.0829015544041 236 146 44 30 28 8 5 3 0 0 0 0 0 0 0 0 0 0 0 0
"9" 9 0.533632286996 281 107 61 45 3 2 1 0 0 0 0 0 0 0 0 0 0 0 0 0
"10" 10 0.362869198312 286 69 60 59 16 4 3 3 0 0 0 0 0 0 0 0 0 0 0 0
"11" 11 0.0 431 51 17 1 0 0 0 0 0 0 0 0 0 0 0 0 0 0 0 0
"12" 12 0.0137614678899 351 37 27 27 21 12 9 8 4 2 2 0 0 0 0 0 0 0 0 0
"13" 13 0.259067357513 324 54 54 46 12 9 1 0 0 0 0 0 0 0 0 0 0 0 0 0
"14" 14 0.0761421319797 302 66 38 32 27 11 10 6 3 2 1 1 1 0 0 0 0 0 0 0
"15" 15 0.0 500 0 0 0 0 0 0 0 0 0 0 0 0 0 0 0 0 0 0 0
"16" 16 0.174904942966 317 45 26 24 19 18 15 13 12 9 2 0 0 0 0 0 0 0 0 0
"17" 17 0.424107142857 321 96 54 28 1 0 0 0 0 0 0 0 0 0 0 0 0 0 0 0
"18" 18 0.0714285714286 363 112 25 0 0 0 0 0 0 0 0 0 0 0 0 0 0 0 0 0
"19" 19 0.0077519379845 497 3 0 0 0 0 0 0 0 0 0 0 0 0 0 0 0 0 0 0
"20" 20 0.243781094527 190 87 73 53 34 32 26 3 2 0 0 0 0 0 0 0 0 0 0 0
"21" 21 0.358208955224 369 119 9 2 1 0 0 0 0 0 0 0 0 0 0 0 0 0 0 0
"22" 22 0.0 498 2 0 0 0 0 0 0 0 0 0 0 0 0 0 0 0 0 0 0
"23" 23 0.212927756654 497 2 1 0 0 0 0 0 0 0 0 0 0 0 0 0 0 0 0 0
"24" 24 0.679324894515 168 144 97 58 32 1 0 0 0 0 0 0 0 0 0 0 0 0 0 0
"25" 25 0.464285714286 475 8 8 3 3 3 0 0 0 0 0 0 0 0 0 0 0 0 0 0
"26" 26 0.307692307692 500 0 0 0 0 0 0 0 0 0 0 0 0 0 0 0 0 0 0 0
"27" 27 0.0 473 27 0 0 0 0 0 0 0 0 0 0 0 0 0 0 0 0 0 0
"28" 28 0.0 497 2 1 0 0 0 0 0 0 0 0 0 0 0 0 0 0 0 0 0
"29" 29 0.0188679245283 500 0 0 0 0 0 0 0 0 0 0 0 0 0 0 0 0 0 0 0
"30" 30 0.0355329949239 297 111 78 8 3 2 1 0 0 0 0 0 0 0 0 0 0 0 0 0
"31" 31 0.0 500 0 0 0 0 0 0 0 0 0 0 0 0 0 0 0 0 0 0 0
"32" 32 0.0 500 0 0 0 0 0 0 0 0 0 0 0 0 0 0 0 0 0 0 0
"33" 33 0.0 398 90 11 1 0 0 0 0 0 0 0 0 0 0 0 0 0 0 0 0
"34" 34 0.0 403 48 47 2 0 0 0 0 0 0 0 0 0 0 0 0 0 0 0 0
"35" 35 0.0 395 84 10 3 3 1 1 1 1 1 0 0 0 0 0 0 0 0 0 0
"36" 36 0.174358974359 337 96 53 5 4 3 2 0 0 0 0 0 0 0 0 0 0 0 0 0
"37" 37 0.158974358974 233 162 56 46 2 1 0 0 0 0 0 0 0 0 0 0 0 0 0 0
"38" 38 0.666666666667 298 80 40 34 29 12 7 0 0 0 0 0 0 0 0 0 0 0 0 0
"39" 39 0.435233160622 330 161 4 2 2 1 0 0 0 0 0 0 0 0 0 0 0 0 0 0
"40" 40 0.0 500 0 0 0 0 0 0 0 0 0 0 0 0 0 0 0 0 0 0 0
"41" 41 0.35761589404 304 190 5 1 0 0 0 0 0 0 0 0 0 0 0 0 0 0 0 0
"42" 42 0.316091954023 353 67 48 27 3 1 1 0 0 0 0 0 0 0 0 0 0 0 0 0
"43" 43 0.238805970149 472 23 4 1 0 0 0 0 0 0 0 0 0 0 0 0 0 0 0 0
"44" 44 0.0769230769231 500 0 0 0 0 0 0 0 0 0 0 0 0 0 0 0 0 0 0 0
"45" 45 0.310218978102 334 157 5 4 0 0 0 0 0 0 0 0 0 0 0 0 0 0 0 0
"46" 46 0.00961538461538 500 0 0 0 0 0 0 0 0 0 0 0 0 0 0 0 0 0 0 0
"47" 47 0.0813397129187 492 5 2 1 0 0 0 0 0 0 0 0 0 0 0 0 0 0 0 0
"48" 48 0.0 224 158 81 35 2 0 0 0 0 0 0 0 0 0 0 0 0 0 0 0
"49" 49 0.174311926606 463 13 11 4 3 3 2 1 0 0 0 0 0 0 0 0 0 0 0 0
"50" 50 0.0948905109489 371 52 35 32 7 2 1 0 0 0 0 0 0 0 0 0 0 0 0 0
"51" 51 0.330543933054 375 122 3 0 0 0 0 0 0 0 0 0 0 0 0 0 0 0 0 0
"52" 52 0.255605381166 351 79 42 15 4 4 3 2 0 0 0 0 0 0 0 0 0 0 0 0
"53" 53 0.57805907173 191 99 85 63 58 3 1 0 0 0 0 0 0 0 0 0 0 0 0 0
"54" 54 0.682692307692 500 0 0 0 0 0 0 0 0 0 0 0 0 0 0 0 0 0 0 0
"55" 55 0.12582781457 479 6 6 4 2 1 1 1 0 0 0 0 0 0 0 0 0 0 0 0
"56" 56 0.565891472868 382 83 27 7 1 0 0 0 0 0 0 0 0 0 0 0 0 0 0 0
"57" 57 0.482558139535 483 7 6 3 1 0 0 0 0 0 0 0 0 0 0 0 0 0 0 0
"58" 58 0.119402985075 129 101 84 69 55 43 10 5 2 1 1 0 0 0 0 0 0 0 0 0
"59" 59 0.0717703349282 292 122 86 0 0 0 0 0 0 0 0 0 0 0 0 0 0 0 0 0
"60" 60 0.00961538461538 500 0 0 0 0 0 0 0 0 0 0 0 0 0 0 0 0 0 0 0
"61" 61 0.0357142857143 276 62 58 53 37 10 4 0 0 0 0 0 0 0 0 0 0 0 0 0
"62" 62 0.147208121827 303 43 39 30 27 18 12 10 7 5 3 1 1 1 0 0 0 0 0 0
"63" 63 0.0264900662252 324 173 3 0 0 0 0 0 0 0 0 0 0 0 0 0 0 0 0 0
"64" 64 0.0 500 0 0 0 0 0 0 0 0 0 0 0 0 0 0 0 0 0 0 0
"65" 65 0.0746268656716 353 45 39 35 17 6 3 2 0 0 0 0 0 0 0 0 0 0 0 0
"66" 66 0.598214285714 134 130 121 51 44 11 3 2 1 1 1 1 0 0 0 0 0 0 0 0
"67" 67 0.471794871795 314 183 3 0 0 0 0 0 0 0 0 0 0 0 0 0 0 0 0 0
"68" 68 0.113924050633 500 0 0 0 0 0 0 0 0 0 0 0 0 0 0 0 0 0 0 0
"69" 69 0.384615384615 500 0 0 0 0 0 0 0 0 0 0 0 0 0 0 0 0 0 0 0
"70" 70 0.930656934307 500 0 0 0 0 0 0 0 0 0 0 0 0 0 0 0 0 0 0 0
"71" 71 0.278606965174 500 0 0 0 0 0 0 0 0 0 0 0 0 0 0 0 0 0 0 0
"72" 72 0.65625 467 30 2 1 0 0 0 0 0 0 0 0 0 0 0 0 0 0 0 0
"73" 73 0.317307692308 259 202 37 1 1 0 0 0 0 0 0 0 0 0 0 0 0 0 0 0
"74" 74 0.64135021097 496 2 1 1 0 0 0 0 0 0 0 0 0 0 0 0 0 0 0 0
"75" 75 0.137931034483 495 3 1 1 0 0 0 0 0 0 0 0 0 0 0 0 0 0 0 0
"76" 76 0.0152091254753 354 112 34 0 0 0 0 0 0 0 0 0 0 0 0 0 0 0 0 0
"77" 77 0.451476793249 260 202 35 2 1 0 0 0 0 0 0 0 0 0 0 0 0 0 0 0
"78" 78 0.341968911917 331 76 34 24 23 12 0 0 0 0 0 0 0 0 0 0 0 0 0 0
"79" 79 0.0 500 0 0 0 0 0 0 0 0 0 0 0 0 0 0 0 0 0 0 0
"80" 80 0.0 351 96 36 17 0 0 0 0 0 0 0 0 0 0 0 0 0 0 0 0
"81" 81 0.0 289 171 37 2 1 0 0 0 0 0 0 0 0 0 0 0 0 0 0 0
"82" 82 0.0 417 39 30 14 0 0 0 0 0 0 0 0 0 0 0 0 0 0 0 0
"83" 83 0.0 387 105 6 2 0 0 0 0 0 0 0 0 0 0 0 0 0 0 0 0
"84" 84 0.0348837209302 451 49 0 0 0 0 0 0 0 0 0 0 0 0 0 0 0 0 0 0
"85" 85 0.0199004975124 484 11 4 1 0 0 0 0 0 0 0 0 0 0 0 0 0 0 0 0
"86" 86 0.0132450331126 263 237 0 0 0 0 0 0 0 0 0 0 0 0 0 0 0 0 0 0
"87" 87 0.0 242 177 66 7 5 2 1 0 0 0 0 0 0 0 0 0 0 0 0 0
"88" 88 0.113924050633 500 0 0 0 0 0 0 0 0 0 0 0 0 0 0 0 0 0 0 0
"89" 89 0.533678756477 424 35 22 14 2 2 1 0 0 0 0 0 0 0 0 0 0 0 0 0
"90" 90 0.366972477064 178 85 76 73 34 12 10 9 8 6 6 3 0 0 0 0 0 0 0 0
"91" 91 0.0 415 42 36 7 0 0 0 0 0 0 0 0 0 0 0 0 0 0 0 0
"92" 92 0.00581395348837 473 19 8 0 0 0 0 0 0 0 0 0 0 0 0 0 0 0 0 0
"93" 93 0.307692307692 133 113 86 78 56 32 2 0 0 0 0 0 0 0 0 0 0 0 0 0
"94" 94 0.116279069767 252 77 40 40 32 19 14 8 6 4 2 2 1 1 1 1 0 0 0 0
"95" 95 0.0 177 111 74 63 21 20 16 16 2 0 0 0 0 0 0 0 0 0 0 0
"96" 96 0.0964467005076 312 185 2 1 0 0 0 0 0 0 0 0 0 0 0 0 0 0 0 0
"97" 97 0.577981651376 173 111 100 56 37 9 8 4 2 0 0 0 0 0 0 0 0 0 0 0
"98" 98 0.296577946768 412 60 26 2 0 0 0 0 0 0 0 0 0 0 0 0 0 0 0 0
"99" 99 0.211538461538 499 1 0 0 0 0 0 0 0 0 0 0 0 0 0 0 0 0 0 0
"100" 100 0.0 481 19 0 0 0 0 0 0 0 0 0 0 0 0 0 0 0 0 0 0
"101" 101 0.251572327044 374 69 18 16 15 8 0 0 0 0 0 0 0 0 0 0 0 0 0 0
"102" 102 0.0401459854015 406 47 13 11 9 5 5 3 1 0 0 0 0 0 0 0 0 0 0 0
"103" 103 0.00632911392405 320 122 30 16 5 3 1 1 1 1 0 0 0 0 0 0 0 0 0 0
"104" 104 0.00574712643678 246 124 68 35 8 7 4 3 2 2 1 0 0 0 0 0 0 0 0 0
"105" 105 0.0 478 15 3 2 2 0 0 0 0 0 0 0 0 0 0 0 0 0 0 0
"106" 106 0.0 500 0 0 0 0 0 0 0 0 0 0 0 0 0 0 0 0 0 0 0
"107" 107 0.00446428571429 500 0 0 0 0 0 0 0 0 0 0 0 0 0 0 0 0 0 0 0
"108" 108 0.210256410256 338 159 3 0 0 0 0 0 0 0 0 0 0 0 0 0 0 0 0 0
"109" 109 0.5 386 39 37 16 6 5 4 4 2 1 0 0 0 0 0 0 0 0 0 0
"110" 110 0.174358974359 253 138 62 14 12 10 10 1 0 0 0 0 0 0 0 0 0 0 0 0
"111" 111 0.154811715481 497 3 0 0 0 0 0 0 0 0 0 0 0 0 0 0 0 0 0 0
"112" 112 0.481012658228 148 133 111 83 20 4 1 0 0 0 0 0 0 0 0 0 0 0 0 0
"113" 113 0.139072847682 500 0 0 0 0 0 0 0 0 0 0 0 0 0 0 0 0 0 0 0
"114" 114 0.746835443038 274 207 10 8 1 0 0 0 0 0 0 0 0 0 0 0 0 0 0 0
"115" 115 0.0 481 19 0 0 0 0 0 0 0 0 0 0 0 0 0 0 0 0 0 0
"116" 116 0.0580357142857 277 158 60 2 1 1 1 0 0 0 0 0 0 0 0 0 0 0 0 0
"117" 117 0.523206751055 281 218 1 0 0 0 0 0 0 0 0 0 0 0 0 0 0 0 0 0
"118" 118 0.410646387833 397 26 23 20 18 16 0 0 0 0 0 0 0 0 0 0 0 0 0 0
"119" 119 0.0 499 1 0 0 0 0 0 0 0 0 0 0 0 0 0 0 0 0 0 0
"120" 120 0.385650224215 355 112 20 13 0 0 0 0 0 0 0 0 0 0 0 0 0 0 0 0
"121" 121 0.593023255814 479 21 0 0 0 0 0 0 0 0 0 0 0 0 0 0 0 0 0 0
"122" 122 0.463503649635 308 185 5 1 1 0 0 0 0 0 0 0 0 0 0 0 0 0 0 0
"123" 123 0.673076923077 500 0 0 0 0 0 0 0 0 0 0 0 0 0 0 0 0 0 0 0
"124" 124 0.105263157895 500 0 0 0 0 0 0 0 0 0 0 0 0 0 0 0 0 0 0 0
"125" 125 0.205357142857 251 180 49 14 2 2 1 1 0 0 0 0 0 0 0 0 0 0 0 0
"126" 126 0.172413793103 500 0 0 0 0 0 0 0 0 0 0 0 0 0 0 0 0 0 0 0
"127" 127 0.241379310345 187 107 95 71 37 2 1 0 0 0 0 0 0 0 0 0 0 0 0 0
"128" 128 0.316091954023 486 14 0 0 0 0 0 0 0 0 0 0 0 0 0 0 0 0 0 0
"129" 129 0.385057471264 171 120 66 59 57 12 8 4 1 1 1 0 0 0 0 0 0 0 0 0
"130" 130 0.388601036269 408 47 39 6 0 0 0 0 0 0 0 0 0 0 0 0 0 0 0 0
"131" 131 0.0880829015544 308 167 11 3 3 2 2 1 1 1 1 0 0 0 0 0 0 0 0 0
"132" 132 0.401785714286 397 35 27 13 13 11 2 2 0 0 0 0 0 0 0 0 0 0 0 0
"133" 133 0.346715328467 334 56 54 43 6 5 1 1 0 0 0 0 0 0 0 0 0 0 0 0
"134" 134 0.0316455696203 389 61 50 0 0 0 0 0 0 0 0 0 0 0 0 0 0 0 0 0
"135" 135 0.139240506329 393 43 25 21 12 3 2 1 0 0 0 0 0 0 0 0 0 0 0 0
"136" 136 0.620253164557 248 174 32 28 8 5 4 1 0 0 0 0 0 0 0 0 0 0 0 0
"137" 137 0.0746268656716 498 1 1 0 0 0 0 0 0 0 0 0 0 0 0 0 0 0 0 0
"138" 138 0.0183486238532 490 4 3 3 0 0 0 0 0 0 0 0 0 0 0 0 0 0 0 0
"139" 139 0.379746835443 252 105 68 50 15 6 2 1 1 0 0 0 0 0 0 0 0 0 0 0
"140" 140 0.434977578475 354 138 6 1 1 0 0 0 0 0 0 0 0 0 0 0 0 0 0 0
"141" 141 0.0 460 40 0 0 0 0 0 0 0 0 0 0 0 0 0 0 0 0 0 0
"142" 142 0.152284263959 280 148 27 21 11 6 3 2 1 1 0 0 0 0 0 0 0 0 0 0
"143" 143 0.518134715026 290 110 42 29 18 8 2 1 0 0 0 0 0 0 0 0 0 0 0 0
"144" 144 0.424107142857 354 132 6 6 1 1 0 0 0 0 0 0 0 0 0 0 0 0 0 0
"145" 145 0.229927007299 409 90 1 0 0 0 0 0 0 0 0 0 0 0 0 0 0 0 0 0
"146" 146 0.352201257862 252 113 84 32 11 7 1 0 0 0 0 0 0 0 0 0 0 0 0 0
"147" 147 0.57399103139 358 118 16 5 3 0 0 0 0 0 0 0 0 0 0 0 0 0 0 0
"148" 148 0.217616580311 454 39 6 1 0 0 0 0 0 0 0 0 0 0 0 0 0 0 0 0
"149" 149 0.0390070921986 368 72 56 2 1 1 0 0 0 0 0 0 0 0 0 0 0 0 0 0
"150" 150 0.338912133891 149 135 124 43 31 7 6 5 0 0 0 0 0 0 0 0 0 0 0 0
"151" 151 0.433035714286 363 83 26 16 6 4 2 0 0 0 0 0 0 0 0 0 0 0 0 0
"152" 152 0.020725388601 189 176 84 29 19 1 1 1 0 0 0 0 0 0 0 0 0 0 0 0
"153" 153 0.218274111675 364 132 4 0 0 0 0 0 0 0 0 0 0 0 0 0 0 0 0 0
"154" 154 0.625 500 0 0 0 0 0 0 0 0 0 0 0 0 0 0 0 0 0 0 0
"155" 155 0.71875 264 149 40 27 15 5 0 0 0 0 0 0 0 0 0 0 0 0 0 0
