"site" "RSA" "aa1" "aa2" "aa3" "aa4" "aa5" "aa6" "aa7" "aa8" "aa9" "aa10" "aa11" "aa12" "aa13" "aa14" "aa15" "aa16" "aa17" "aa18" "aa19" "aa20"
"0" 0 0.317880794702 441 33 24 2 0 0 0 0 0 0 0 0 0 0 0 0 0 0 0 0
"1" 1 0.00507614213198 196 109 59 36 36 22 18 9 8 4 2 1 0 0 0 0 0 0 0 0
"2" 2 0.0 253 215 13 8 5 4 1 1 0 0 0 0 0 0 0 0 0 0 0 0
"3" 3 0.10460251046 210 153 30 28 19 16 13 11 7 6 6 1 0 0 0 0 0 0 0 0
"4" 4 0.269035532995 156 110 100 63 33 25 7 2 2 1 1 0 0 0 0 0 0 0 0 0
"5" 5 0.709844559585 85 78 77 74 57 45 42 30 7 5 0 0 0 0 0 0 0 0 0 0
"6" 6 0.5 192 166 39 39 11 11 10 10 8 7 5 1 1 0 0 0 0 0 0 0
"7" 7 0.421524663677 208 155 66 34 10 9 8 5 2 1 1 1 0 0 0 0 0 0 0 0
"8" 8 0.0348258706468 267 76 64 45 17 12 6 5 3 1 1 1 1 1 0 0 0 0 0 0
"9" 9 0.403846153846 320 102 26 21 10 6 6 3 2 2 2 0 0 0 0 0 0 0 0 0
"10" 10 0.0174418604651 439 34 16 5 4 1 1 0 0 0 0 0 0 0 0 0 0 0 0 0
"11" 11 0.574358974359 420 59 7 7 4 2 1 0 0 0 0 0 0 0 0 0 0 0 0 0
"12" 12 0.459119496855 179 170 92 14 14 8 6 5 4 2 2 2 2 0 0 0 0 0 0 0
"13" 13 0.0232558139535 158 140 116 44 23 12 5 1 1 0 0 0 0 0 0 0 0 0 0 0
"14" 14 0.629464285714 270 93 90 21 8 5 4 3 2 1 1 1 1 0 0 0 0 0 0 0
"15" 15 0.28855721393 245 217 12 8 8 6 2 1 1 0 0 0 0 0 0 0 0 0 0 0
"16" 16 0.119496855346 125 75 74 69 57 47 15 15 10 9 2 1 1 0 0 0 0 0 0 0
"17" 17 0.704402515723 287 91 74 25 16 3 2 1 1 0 0 0 0 0 0 0 0 0 0 0
"18" 18 0.119402985075 393 58 43 3 2 1 0 0 0 0 0 0 0 0 0 0 0 0 0 0
"19" 19 0.522012578616 163 138 92 29 17 16 11 9 9 8 4 1 1 1 1 0 0 0 0 0
"20" 20 0.133079847909 166 96 67 58 48 21 20 11 5 3 2 1 1 1 0 0 0 0 0 0
"21" 21 0.355769230769 131 129 114 82 25 6 4 3 3 2 1 0 0 0 0 0 0 0 0 0
"22" 22 0.281368821293 132 119 115 52 40 16 12 9 3 1 1 0 0 0 0 0 0 0 0 0
"23" 23 0.559585492228 306 134 29 16 5 5 3 1 1 0 0 0 0 0 0 0 0 0 0 0
"24" 24 0.248062015504 299 169 15 7 5 3 1 1 0 0 0 0 0 0 0 0 0 0 0 0
"25" 25 0.0 422 45 17 4 3 3 2 1 1 1 1 0 0 0 0 0 0 0 0 0
"26" 26 0.352678571429 240 95 44 38 27 23 13 8 6 4 2 0 0 0 0 0 0 0 0 0
"27" 27 0.476793248945 118 118 92 68 25 23 15 12 9 8 3 3 3 2 1 0 0 0 0 0
"28" 28 0.0 228 128 96 40 6 1 1 0 0 0 0 0 0 0 0 0 0 0 0 0
"29" 29 0.0253807106599 176 158 44 34 28 20 15 10 9 2 2 1 1 0 0 0 0 0 0 0
"30" 30 0.0829015544041 369 35 34 33 13 4 3 3 3 1 1 1 0 0 0 0 0 0 0 0
"31" 31 0.0697674418605 317 69 40 29 20 12 8 2 2 1 0 0 0 0 0 0 0 0 0 0
"32" 32 0.495535714286 222 100 92 26 20 13 12 5 5 2 1 1 1 0 0 0 0 0 0 0
"33" 33 0.0116279069767 185 122 80 47 33 9 8 4 4 4 2 1 1 0 0 0 0 0 0 0
"34" 34 0.0045871559633 267 54 41 41 29 19 18 9 7 6 6 2 1 0 0 0 0 0 0 0
"35" 35 0.434599156118 219 90 66 44 37 19 18 4 2 1 0 0 0 0 0 0 0 0 0 0
"36" 36 0.407960199005 124 122 120 54 19 16 13 10 8 6 4 3 1 0 0 0 0 0 0 0
"37" 37 0.0191387559809 451 13 12 8 7 3 3 2 1 0 0 0 0 0 0 0 0 0 0 0
"38" 38 0.0334928229665 484 14 1 1 0 0 0 0 0 0 0 0 0 0 0 0 0 0 0 0
"39" 39 0.326424870466 157 81 66 51 34 34 23 14 13 7 7 4 3 3 2 1 0 0 0 0
"40" 40 0.599156118143 251 122 72 31 10 5 3 2 2 1 1 0 0 0 0 0 0 0 0 0
"41" 41 0.311004784689 374 76 23 13 5 3 3 1 1 1 0 0 0 0 0 0 0 0 0 0
"42" 42 0.0 493 3 2 1 1 0 0 0 0 0 0 0 0 0 0 0 0 0 0 0
"43" 43 0.124031007752 255 133 38 17 16 13 13 9 3 2 1 0 0 0 0 0 0 0 0 0
"44" 44 0.294573643411 179 78 50 47 39 25 24 22 13 11 5 5 1 1 0 0 0 0 0 0
"45" 45 0.102661596958 460 21 13 3 2 1 0 0 0 0 0 0 0 0 0 0 0 0 0 0
"46" 46 0.0229885057471 331 54 37 25 20 10 7 5 4 3 2 1 1 0 0 0 0 0 0 0
"47" 47 0.471794871795 288 97 44 19 17 14 12 5 2 1 1 0 0 0 0 0 0 0 0 0
"48" 48 0.369230769231 219 123 103 21 7 7 6 4 2 2 2 2 1 1 0 0 0 0 0 0
"49" 49 0.00497512437811 420 48 10 10 5 5 1 1 0 0 0 0 0 0 0 0 0 0 0 0
"50" 50 0.14358974359 203 128 66 37 28 21 7 5 3 2 0 0 0 0 0 0 0 0 0 0
"51" 51 0.441025641026 177 137 82 34 19 18 13 8 4 3 2 2 1 0 0 0 0 0 0 0
"52" 52 0.0232558139535 278 90 54 28 16 12 5 5 4 3 1 1 1 1 1 0 0 0 0 0
"53" 53 0.00995024875622 458 17 6 5 3 3 2 2 2 1 1 0 0 0 0 0 0 0 0 0
"54" 54 0.599156118143 207 59 50 48 32 30 27 20 19 4 2 1 1 0 0 0 0 0 0 0
"55" 55 0.603375527426 162 70 56 37 37 35 27 25 21 14 6 4 3 2 1 0 0 0 0 0
"56" 56 0.167464114833 272 104 46 46 11 6 5 4 3 1 1 1 0 0 0 0 0 0 0 0
"57" 57 0.471698113208 143 131 107 77 28 12 2 0 0 0 0 0 0 0 0 0 0 0 0 0
"58" 58 0.549107142857 149 94 81 59 41 38 18 7 6 5 2 0 0 0 0 0 0 0 0 0
"59" 59 0.114427860697 355 106 15 5 5 4 4 3 2 1 0 0 0 0 0 0 0 0 0 0
"60" 60 0.224215246637 297 84 60 30 12 7 6 2 1 1 0 0 0 0 0 0 0 0 0 0
"61" 61 0.815384615385 119 108 104 86 44 20 12 5 1 1 0 0 0 0 0 0 0 0 0 0
"62" 62 0.271523178808 126 99 87 81 42 22 17 12 4 4 3 2 1 0 0 0 0 0 0 0
"63" 63 0.0529801324503 290 92 71 31 7 4 3 1 1 0 0 0 0 0 0 0 0 0 0 0
"64" 64 0.00574712643678 372 56 21 19 16 7 6 2 1 0 0 0 0 0 0 0 0 0 0 0
"65" 65 0.0 487 8 3 1 1 0 0 0 0 0 0 0 0 0 0 0 0 0 0 0
"66" 66 0.325581395349 156 152 68 37 24 19 16 13 5 3 3 2 1 1 0 0 0 0 0 0
"67" 67 0.0298507462687 450 13 12 10 8 3 2 1 1 0 0 0 0 0 0 0 0 0 0 0
"68" 68 0.0149253731343 473 19 4 2 1 1 0 0 0 0 0 0 0 0 0 0 0 0 0 0
"69" 69 0.43795620438 157 109 100 36 34 25 24 7 5 2 1 0 0 0 0 0 0 0 0 0
"70" 70 0.419689119171 178 161 77 54 9 7 5 4 3 2 0 0 0 0 0 0 0 0 0 0
"71" 71 0.129353233831 448 26 7 4 4 3 3 2 2 1 0 0 0 0 0 0 0 0 0 0
"72" 72 0.682051282051 231 72 57 56 45 26 5 3 2 1 1 1 0 0 0 0 0 0 0 0
"73" 73 0.509933774834 147 116 77 47 42 21 16 11 7 5 4 4 2 1 0 0 0 0 0 0
"74" 74 0.0 415 61 12 5 4 3 0 0 0 0 0 0 0 0 0 0 0 0 0 0
"75" 75 0.220125786164 151 125 77 45 21 14 14 14 12 10 7 7 2 1 0 0 0 0 0 0
"76" 76 0.709821428571 301 136 31 28 2 2 0 0 0 0 0 0 0 0 0 0 0 0 0 0
"77" 77 0.549222797927 178 81 75 56 48 39 16 4 2 1 0 0 0 0 0 0 0 0 0 0
"78" 78 0.0152284263959 266 92 50 34 25 24 6 2 1 0 0 0 0 0 0 0 0 0 0 0
"79" 79 0.259124087591 266 212 15 7 0 0 0 0 0 0 0 0 0 0 0 0 0 0 0 0
"80" 80 0.517441860465 303 139 18 18 7 5 4 3 1 1 1 0 0 0 0 0 0 0 0 0
"81" 81 0.308139534884 157 74 71 69 32 31 29 18 6 5 5 1 1 1 0 0 0 0 0 0
"82" 82 0.0 371 52 39 16 6 6 4 3 3 0 0 0 0 0 0 0 0 0 0 0
"83" 83 0.332116788321 292 167 22 6 3 3 3 2 1 1 0 0 0 0 0 0 0 0 0 0
"84" 84 0.317948717949 253 101 79 32 24 4 3 2 1 1 0 0 0 0 0 0 0 0 0 0
"85" 85 0.0871794871795 422 32 12 7 7 6 5 4 2 1 1 1 0 0 0 0 0 0 0 0
"86" 86 0.00961538461538 484 11 2 1 1 1 0 0 0 0 0 0 0 0 0 0 0 0 0 0
"87" 87 0.00961538461538 500 0 0 0 0 0 0 0 0 0 0 0 0 0 0 0 0 0 0 0
"88" 88 0.0 450 27 15 5 2 1 0 0 0 0 0 0 0 0 0 0 0 0 0 0
"89" 89 0.00478468899522 285 88 51 38 29 2 2 2 1 1 1 0 0 0 0 0 0 0 0 0
"90" 90 0.0 331 49 42 15 15 14 13 9 9 3 0 0 0 0 0 0 0 0 0 0
"91" 91 0.0 206 86 73 38 37 31 22 4 3 0 0 0 0 0 0 0 0 0 0 0
"92" 92 0.0 490 5 3 1 1 0 0 0 0 0 0 0 0 0 0 0 0 0 0 0
"93" 93 0.0116279069767 159 74 59 55 52 27 23 22 7 4 4 3 3 3 2 2 1 0 0 0
"94" 94 0.00507614213198 331 110 17 16 14 6 4 2 0 0 0 0 0 0 0 0 0 0 0 0
"95" 95 0.00836820083682 290 119 48 29 11 1 1 1 0 0 0 0 0 0 0 0 0 0 0 0
"96" 96 0.0141843971631 467 27 2 2 1 1 0 0 0 0 0 0 0 0 0 0 0 0 0 0
"97" 97 0.152466367713 176 100 78 61 33 26 8 6 4 4 2 1 1 0 0 0 0 0 0 0
"98" 98 0.0 402 37 14 14 11 9 5 3 2 2 1 0 0 0 0 0 0 0 0 0
"99" 99 0.00917431192661 175 125 77 55 39 17 5 5 1 1 0 0 0 0 0 0 0 0 0 0
"100" 100 0.119205298013 205 151 79 24 19 19 2 1 0 0 0 0 0 0 0 0 0 0 0 0
"101" 101 0.308176100629 263 121 60 39 9 3 2 1 1 1 0 0 0 0 0 0 0 0 0 0
"102" 102 0.787564766839 348 52 43 17 16 15 7 1 1 0 0 0 0 0 0 0 0 0 0 0
"103" 103 0.153846153846 500 0 0 0 0 0 0 0 0 0 0 0 0 0 0 0 0 0 0 0
"104" 104 0.163461538462 500 0 0 0 0 0 0 0 0 0 0 0 0 0 0 0 0 0 0 0
"105" 105 0.548076923077 500 0 0 0 0 0 0 0 0 0 0 0 0 0 0 0 0 0 0 0
"106" 106 0.556053811659 178 100 55 46 31 28 23 12 9 7 6 3 1 1 0 0 0 0 0 0
"107" 107 0.11320754717 301 136 26 21 5 5 3 2 1 0 0 0 0 0 0 0 0 0 0 0
"108" 108 0.453488372093 222 92 68 68 22 9 5 5 5 2 1 1 0 0 0 0 0 0 0 0
"109" 109 0.423076923077 500 0 0 0 0 0 0 0 0 0 0 0 0 0 0 0 0 0 0 0
"110" 110 0.512953367876 184 80 64 55 46 15 13 11 9 8 6 6 1 1 1 0 0 0 0 0
"111" 111 0.0 240 72 33 33 32 25 22 20 14 5 3 1 0 0 0 0 0 0 0 0
"112" 112 0.108527131783 101 91 85 83 70 17 13 11 11 10 4 3 1 0 0 0 0 0 0 0
"113" 113 0.542600896861 221 92 52 42 37 29 9 8 5 3 2 0 0 0 0 0 0 0 0 0
"114" 114 0.196428571429 139 99 74 57 35 28 20 17 13 5 4 4 3 1 1 0 0 0 0 0
"115" 115 0.0 208 187 27 23 18 10 9 8 6 3 1 0 0 0 0 0 0 0 0 0
"116" 116 0.410256410256 127 84 77 63 21 18 18 17 17 16 14 12 9 4 1 1 1 0 0 0
"117" 117 0.704035874439 282 51 46 37 30 29 15 6 1 1 1 1 0 0 0 0 0 0 0 0
"118" 118 0.389534883721 181 72 67 33 33 32 31 19 13 11 4 2 2 0 0 0 0 0 0 0
"119" 119 0.117154811715 471 19 7 2 1 0 0 0 0 0 0 0 0 0 0 0 0 0 0 0
"120" 120 0.538461538462 500 0 0 0 0 0 0 0 0 0 0 0 0 0 0 0 0 0 0 0
"121" 121 0.238410596026 310 80 72 23 4 4 2 2 2 1 0 0 0 0 0 0 0 0 0 0
"122" 122 0.0627615062762 172 71 63 55 32 19 19 18 16 12 7 7 6 2 1 0 0 0 0 0
"123" 123 0.424107142857 226 104 76 29 27 14 9 7 2 2 2 1 1 0 0 0 0 0 0 0
"124" 124 0.316964285714 145 144 93 73 17 6 6 6 4 4 1 1 0 0 0 0 0 0 0 0
"125" 125 0.0 244 110 98 18 17 9 1 1 1 1 0 0 0 0 0 0 0 0 0 0
"126" 126 0.240506329114 200 138 81 48 13 8 7 2 1 1 1 0 0 0 0 0 0 0 0 0
"127" 127 0.556962025316 164 99 65 47 30 29 17 16 12 10 9 1 1 0 0 0 0 0 0 0
"128" 128 0.300448430493 315 55 42 31 18 13 8 5 5 4 3 1 0 0 0 0 0 0 0 0
"129" 129 0.0 408 45 40 2 2 1 1 1 0 0 0 0 0 0 0 0 0 0 0 0
"130" 130 0.14358974359 191 91 81 40 34 32 9 6 6 4 3 1 1 1 0 0 0 0 0 0
"131" 131 0.551569506726 177 66 57 43 40 38 27 19 15 9 4 3 2 0 0 0 0 0 0 0
"132" 132 0.15503875969 225 75 69 42 27 26 14 5 4 4 3 2 2 1 1 0 0 0 0 0
"133" 133 0.0 273 180 46 1 0 0 0 0 0 0 0 0 0 0 0 0 0 0 0 0
"134" 134 0.394230769231 186 81 65 42 37 21 16 13 13 8 6 4 4 2 1 1 0 0 0 0
"135" 135 0.626943005181 153 69 60 55 37 36 25 24 23 11 5 1 1 0 0 0 0 0 0 0
"136" 136 0.211678832117 363 81 50 6 0 0 0 0 0 0 0 0 0 0 0 0 0 0 0 0
"137" 137 0.832635983264 154 138 87 46 30 22 12 6 4 1 0 0 0 0 0 0 0 0 0 0
"138" 138 0.394230769231 500 0 0 0 0 0 0 0 0 0 0 0 0 0 0 0 0 0 0 0
"139" 139 0.258278145695 136 96 71 57 36 22 14 12 9 9 8 8 8 8 5 1 0 0 0 0
"140" 140 0.0 500 0 0 0 0 0 0 0 0 0 0 0 0 0 0 0 0 0 0 0
"141" 141 0.00354609929078 431 16 14 11 11 5 3 3 3 2 1 0 0 0 0 0 0 0 0 0
"142" 142 0.0 276 109 91 22 2 0 0 0 0 0 0 0 0 0 0 0 0 0 0 0
"143" 143 0.00354609929078 179 145 99 30 18 18 6 3 1 1 0 0 0 0 0 0 0 0 0 0
"144" 144 0.0 323 58 30 29 18 12 11 7 5 3 2 2 0 0 0 0 0 0 0 0
"145" 145 0.0 306 172 12 6 3 1 0 0 0 0 0 0 0 0 0 0 0 0 0 0
"146" 146 0.127737226277 150 130 49 44 42 38 29 5 4 3 3 2 1 0 0 0 0 0 0 0
"147" 147 0.0923076923077 198 124 75 74 13 5 4 3 2 1 1 0 0 0 0 0 0 0 0 0
"148" 148 0.62893081761 209 113 39 36 32 22 19 14 8 8 0 0 0 0 0 0 0 0 0 0
"149" 149 0.708520179372 128 99 97 62 53 32 16 11 1 1 0 0 0 0 0 0 0 0 0 0
"150" 150 0.355769230769 498 1 1 0 0 0 0 0 0 0 0 0 0 0 0 0 0 0 0 0
"151" 151 0.47533632287 171 87 86 76 26 25 16 4 3 3 1 1 1 0 0 0 0 0 0 0
"152" 152 0.044776119403 448 10 10 9 6 5 3 3 2 2 1 1 0 0 0 0 0 0 0 0
"153" 153 0.367713004484 193 105 61 33 29 25 24 13 7 5 2 2 1 0 0 0 0 0 0 0
"154" 154 0.172413793103 409 63 13 7 3 2 2 1 0 0 0 0 0 0 0 0 0 0 0 0
"155" 155 0.137931034483 193 135 40 20 19 17 15 15 13 13 8 3 3 2 2 1 1 0 0 0
"156" 156 0.238410596026 156 128 79 53 31 15 13 8 6 6 3 1 1 0 0 0 0 0 0 0
"157" 157 0.0232558139535 174 174 50 39 13 10 8 8 7 6 5 5 1 0 0 0 0 0 0 0
"158" 158 0.276729559748 287 96 48 32 23 5 4 2 2 1 0 0 0 0 0 0 0 0 0 0
"159" 159 0.405128205128 477 23 0 0 0 0 0 0 0 0 0 0 0 0 0 0 0 0 0 0
"160" 160 0.0179372197309 467 20 11 1 1 0 0 0 0 0 0 0 0 0 0 0 0 0 0 0
"161" 161 0.0932642487047 175 173 71 42 20 5 4 4 3 2 1 0 0 0 0 0 0 0 0 0
"162" 162 0.0102564102564 347 58 54 29 6 3 2 1 0 0 0 0 0 0 0 0 0 0 0 0
"163" 163 0.0 417 37 23 22 1 0 0 0 0 0 0 0 0 0 0 0 0 0 0 0
"164" 164 0.0152284263959 391 69 14 6 4 4 2 2 2 1 1 1 1 1 1 0 0 0 0 0
"165" 165 0.275229357798 340 56 41 29 16 10 4 2 1 1 0 0 0 0 0 0 0 0 0 0
"166" 166 0.5 104 89 68 59 51 35 32 22 15 10 7 5 2 1 0 0 0 0 0 0
"167" 167 0.451923076923 448 51 1 0 0 0 0 0 0 0 0 0 0 0 0 0 0 0 0 0
"168" 168 0.0529801324503 164 74 60 59 42 38 32 24 3 2 1 1 0 0 0 0 0 0 0 0
"169" 169 0.110266159696 484 9 3 1 1 1 1 0 0 0 0 0 0 0 0 0 0 0 0 0
"170" 170 0.0 366 42 30 20 12 11 8 8 2 1 0 0 0 0 0 0 0 0 0 0
"171" 171 0.0 337 113 24 20 2 2 1 1 0 0 0 0 0 0 0 0 0 0 0 0
"172" 172 0.0 258 99 59 27 17 16 15 7 1 1 0 0 0 0 0 0 0 0 0 0
"173" 173 0.00961538461538 306 179 11 3 1 0 0 0 0 0 0 0 0 0 0 0 0 0 0 0
"174" 174 0.0 133 86 77 39 30 29 29 28 17 16 5 4 4 2 1 0 0 0 0 0
"175" 175 0.0 398 46 42 7 4 3 0 0 0 0 0 0 0 0 0 0 0 0 0 0
"176" 176 0.0 274 133 40 26 16 6 3 1 1 0 0 0 0 0 0 0 0 0 0 0
"177" 177 0.191489361702 177 134 95 58 16 10 5 3 1 1 0 0 0 0 0 0 0 0 0 0
"178" 178 0.504464285714 158 125 65 28 27 22 20 17 14 12 6 4 2 0 0 0 0 0 0 0
"179" 179 0.186602870813 262 62 47 39 29 23 19 8 4 2 2 2 1 0 0 0 0 0 0 0
"180" 180 0.0232558139535 329 70 42 23 22 7 3 2 1 1 0 0 0 0 0 0 0 0 0 0
"181" 181 0.0190114068441 231 190 79 0 0 0 0 0 0 0 0 0 0 0 0 0 0 0 0 0
"182" 182 0.410646387833 154 82 57 55 54 36 31 18 8 4 1 0 0 0 0 0 0 0 0 0
"183" 183 0.477611940299 197 57 53 49 40 25 24 17 10 7 6 6 4 2 2 1 0 0 0 0
"184" 184 0.28102189781 466 10 9 4 3 2 2 1 1 1 1 0 0 0 0 0 0 0 0 0
"185" 185 0.0228136882129 451 47 2 0 0 0 0 0 0 0 0 0 0 0 0 0 0 0 0 0
"186" 186 0.304932735426 446 44 9 1 0 0 0 0 0 0 0 0 0 0 0 0 0 0 0 0
"187" 187 0.610256410256 254 109 36 27 22 21 7 5 5 4 4 3 3 0 0 0 0 0 0 0
"188" 188 0.295620437956 163 135 53 29 29 26 20 18 12 9 4 2 0 0 0 0 0 0 0 0
"189" 189 0.113138686131 333 56 52 30 14 9 3 2 1 0 0 0 0 0 0 0 0 0 0 0
"190" 190 0.584905660377 182 158 42 37 18 17 17 15 11 2 1 0 0 0 0 0 0 0 0 0
"191" 191 0.397321428571 129 124 79 61 56 30 6 4 4 4 3 0 0 0 0 0 0 0 0 0
"192" 192 0.00380228136882 271 130 52 29 12 5 1 0 0 0 0 0 0 0 0 0 0 0 0 0
"193" 193 0.00995024875622 321 68 28 25 14 12 11 9 9 3 0 0 0 0 0 0 0 0 0 0
"194" 194 0.425641025641 153 148 117 26 12 10 9 8 7 6 3 1 0 0 0 0 0 0 0 0
"195" 195 0.251282051282 235 98 47 34 31 13 11 8 7 7 6 2 1 0 0 0 0 0 0 0
"196" 196 0.0 291 147 26 22 7 2 2 1 1 1 0 0 0 0 0 0 0 0 0 0
"197" 197 0.0248226950355 282 129 40 20 8 4 4 3 2 2 2 1 1 1 1 0 0 0 0 0
"198" 198 0.379487179487 190 147 116 15 15 7 4 3 2 1 0 0 0 0 0 0 0 0 0 0
"199" 199 0.0 242 140 55 28 9 9 4 3 3 2 2 1 1 1 0 0 0 0 0 0
"200" 200 0.0 233 73 61 22 21 20 19 16 15 7 6 3 2 1 1 0 0 0 0 0
"201" 201 0.148717948718 460 16 11 7 3 1 1 1 0 0 0 0 0 0 0 0 0 0 0 0
"202" 202 0.0425531914894 435 57 2 2 2 2 0 0 0 0 0 0 0 0 0 0 0 0 0 0
"203" 203 0.450331125828 228 146 63 48 6 4 3 1 1 0 0 0 0 0 0 0 0 0 0 0
"204" 204 0.0982142857143 97 70 66 65 58 36 35 33 24 9 2 2 2 1 0 0 0 0 0 0
"205" 205 0.0 188 183 40 23 21 11 11 10 8 3 2 0 0 0 0 0 0 0 0 0
"206" 206 0.0923076923077 145 141 110 65 23 14 1 1 0 0 0 0 0 0 0 0 0 0 0 0
"207" 207 0.456204379562 208 153 79 23 20 7 5 3 1 1 0 0 0 0 0 0 0 0 0 0
"208" 208 0.0 489 6 2 1 1 1 0 0 0 0 0 0 0 0 0 0 0 0 0 0
"209" 209 0.046511627907 197 154 35 25 19 18 16 12 10 5 4 1 1 1 1 1 0 0 0 0
"210" 210 0.569506726457 134 109 90 68 43 36 6 5 2 1 1 1 1 1 1 1 0 0 0 0
"211" 211 0.410852713178 156 126 70 67 46 9 7 7 4 4 3 1 0 0 0 0 0 0 0 0
"212" 212 0.271523178808 226 217 57 0 0 0 0 0 0 0 0 0 0 0 0 0 0 0 0 0
