"site" "RSA" "aa1" "aa2" "aa3" "aa4" "aa5" "aa6" "aa7" "aa8" "aa9" "aa10" "aa11" "aa12" "aa13" "aa14" "aa15" "aa16" "aa17" "aa18" "aa19" "aa20"
"0" 0 0.279816513761 307 170 13 3 2 1 1 1 1 1 0 0 0 0 0 0 0 0 0 0
"1" 1 0.42194092827 167 106 49 44 26 25 19 17 15 14 8 6 2 2 0 0 0 0 0 0
"2" 2 0.385057471264 310 122 26 15 11 9 5 1 1 0 0 0 0 0 0 0 0 0 0 0
"3" 3 0.511494252874 188 162 52 44 29 10 9 4 1 1 0 0 0 0 0 0 0 0 0 0
"4" 4 0.476793248945 213 81 67 63 58 15 1 1 1 0 0 0 0 0 0 0 0 0 0 0
"5" 5 0.383928571429 133 106 74 65 54 48 13 3 3 1 0 0 0 0 0 0 0 0 0 0
"6" 6 0.317991631799 103 100 76 75 42 33 25 13 13 7 5 4 3 1 0 0 0 0 0 0
"7" 7 0.675496688742 126 88 48 40 35 33 31 28 23 21 17 8 2 0 0 0 0 0 0 0
"8" 8 0.258620689655 124 81 76 75 67 24 17 9 8 6 4 3 2 2 1 1 0 0 0 0
"9" 9 0.481012658228 499 1 0 0 0 0 0 0 0 0 0 0 0 0 0 0 0 0 0 0
"10" 10 0.423076923077 187 110 108 53 13 9 7 4 3 3 2 1 0 0 0 0 0 0 0 0
"11" 11 0.0288461538462 500 0 0 0 0 0 0 0 0 0 0 0 0 0 0 0 0 0 0 0
"12" 12 0.35401459854 229 117 61 38 21 10 10 6 6 1 1 0 0 0 0 0 0 0 0 0
"13" 13 0.0646766169154 322 61 37 19 18 14 12 6 3 3 1 1 1 1 1 0 0 0 0 0
"14" 14 0.0304568527919 238 131 36 31 26 21 9 3 3 1 1 0 0 0 0 0 0 0 0 0
"15" 15 0.177215189873 204 171 75 10 10 8 5 5 5 5 1 1 0 0 0 0 0 0 0 0
"16" 16 0.00497512437811 349 83 50 6 4 4 2 1 1 0 0 0 0 0 0 0 0 0 0 0
"17" 17 0.0728476821192 198 74 68 35 30 27 26 17 17 4 2 2 0 0 0 0 0 0 0 0
"18" 18 0.0239234449761 325 119 24 23 3 2 2 2 0 0 0 0 0 0 0 0 0 0 0 0
"19" 19 0.635897435897 279 202 14 3 2 0 0 0 0 0 0 0 0 0 0 0 0 0 0 0
"20" 20 0.0529801324503 490 10 0 0 0 0 0 0 0 0 0 0 0 0 0 0 0 0 0 0
"21" 21 0.569230769231 386 66 34 6 3 3 1 1 0 0 0 0 0 0 0 0 0 0 0 0
"22" 22 0.0993377483444 183 113 91 84 27 2 0 0 0 0 0 0 0 0 0 0 0 0 0 0
"23" 23 0.0 232 222 23 11 6 4 2 0 0 0 0 0 0 0 0 0 0 0 0 0
"24" 24 0.510548523207 308 44 38 32 23 18 16 7 7 5 2 0 0 0 0 0 0 0 0 0
"25" 25 0.0639534883721 230 202 42 20 6 0 0 0 0 0 0 0 0 0 0 0 0 0 0 0
"26" 26 0.377483443709 276 86 69 45 8 7 6 1 1 1 0 0 0 0 0 0 0 0 0 0
"27" 27 0.00917431192661 198 110 108 22 20 17 16 5 2 1 1 0 0 0 0 0 0 0 0 0
"28" 28 0.405128205128 213 139 42 33 23 18 11 11 3 2 2 2 1 0 0 0 0 0 0 0
"29" 29 0.0 275 130 74 18 2 1 0 0 0 0 0 0 0 0 0 0 0 0 0 0
"30" 30 0.0205128205128 286 44 37 30 20 20 18 12 10 8 5 4 2 2 1 1 0 0 0 0
"31" 31 0.0 413 42 20 8 6 4 3 2 2 0 0 0 0 0 0 0 0 0 0 0
"32" 32 0.0 417 79 3 1 0 0 0 0 0 0 0 0 0 0 0 0 0 0 0 0
"33" 33 0.00497512437811 291 147 42 9 5 4 2 0 0 0 0 0 0 0 0 0 0 0 0 0
"34" 34 0.0 283 216 1 0 0 0 0 0 0 0 0 0 0 0 0 0 0 0 0 0
"35" 35 0.451476793249 155 148 130 22 16 12 6 5 4 1 1 0 0 0 0 0 0 0 0 0
"36" 36 0.33971291866 345 54 22 20 18 13 7 6 5 4 3 1 1 1 0 0 0 0 0 0
"37" 37 0.190114068441 341 61 57 14 14 5 2 2 1 1 1 1 0 0 0 0 0 0 0 0
"38" 38 0.311787072243 363 46 36 21 10 10 5 5 4 0 0 0 0 0 0 0 0 0 0 0
"39" 39 0.302325581395 463 23 6 3 2 1 1 1 0 0 0 0 0 0 0 0 0 0 0 0
"40" 40 0.596412556054 207 154 115 23 1 0 0 0 0 0 0 0 0 0 0 0 0 0 0 0
"41" 41 0.730569948187 397 53 20 17 8 4 1 0 0 0 0 0 0 0 0 0 0 0 0 0
"42" 42 0.502092050209 435 35 18 8 3 1 0 0 0 0 0 0 0 0 0 0 0 0 0 0
"43" 43 0.899371069182 190 175 135 0 0 0 0 0 0 0 0 0 0 0 0 0 0 0 0 0
"44" 44 0.649635036496 245 111 47 26 20 17 14 8 6 3 2 1 0 0 0 0 0 0 0 0
"45" 45 0.138461538462 293 87 30 30 26 15 12 3 2 1 1 0 0 0 0 0 0 0 0 0
"46" 46 0.53164556962 122 115 100 84 51 14 9 3 1 1 0 0 0 0 0 0 0 0 0 0
"47" 47 0.21897810219 157 117 57 46 31 23 23 15 11 9 5 3 1 1 1 0 0 0 0 0
"48" 48 0.0710659898477 361 58 34 15 15 6 3 3 2 2 1 0 0 0 0 0 0 0 0 0
"49" 49 0.0062893081761 271 215 8 6 0 0 0 0 0 0 0 0 0 0 0 0 0 0 0 0
"50" 50 0.0 380 105 12 3 0 0 0 0 0 0 0 0 0 0 0 0 0 0 0 0
"51" 51 0.0 341 54 42 32 11 9 6 2 2 1 0 0 0 0 0 0 0 0 0 0
"52" 52 0.0 356 63 45 18 10 7 1 0 0 0 0 0 0 0 0 0 0 0 0 0
"53" 53 0.0 204 147 82 53 5 5 2 1 1 0 0 0 0 0 0 0 0 0 0 0
"54" 54 0.0 304 73 45 28 24 11 7 3 2 1 1 1 0 0 0 0 0 0 0 0
"55" 55 0.0 204 117 104 61 8 3 2 1 0 0 0 0 0 0 0 0 0 0 0 0
"56" 56 0.0288461538462 354 132 8 4 1 1 0 0 0 0 0 0 0 0 0 0 0 0 0 0
"57" 57 0.089552238806 95 86 67 53 40 36 32 21 17 14 13 11 11 2 1 1 0 0 0 0
"58" 58 0.470930232558 275 203 8 8 5 1 0 0 0 0 0 0 0 0 0 0 0 0 0 0
"59" 59 0.0822784810127 429 34 10 8 6 4 3 3 2 1 0 0 0 0 0 0 0 0 0 0
"60" 60 0.273255813953 251 59 59 43 25 20 16 15 6 3 3 0 0 0 0 0 0 0 0 0
"61" 61 0.0062893081761 440 25 16 10 4 3 2 0 0 0 0 0 0 0 0 0 0 0 0 0
"62" 62 0.222797927461 251 168 32 12 10 8 5 4 3 3 3 1 0 0 0 0 0 0 0 0
"63" 63 0.215384615385 338 61 47 33 12 3 2 2 1 1 0 0 0 0 0 0 0 0 0 0
"64" 64 0.0 347 98 30 16 3 2 1 1 1 1 0 0 0 0 0 0 0 0 0 0
"65" 65 0.0596026490066 446 18 11 10 5 4 2 2 1 1 0 0 0 0 0 0 0 0 0 0
"66" 66 0.611607142857 132 81 78 63 55 33 25 20 9 3 1 0 0 0 0 0 0 0 0 0
"67" 67 0.396624472574 136 106 96 89 58 10 3 1 1 0 0 0 0 0 0 0 0 0 0 0
"68" 68 0.0 305 84 71 18 13 6 1 1 1 0 0 0 0 0 0 0 0 0 0 0
"69" 69 0.493723849372 395 46 24 10 10 9 3 2 1 0 0 0 0 0 0 0 0 0 0 0
"70" 70 0.0 141 113 92 87 19 17 14 5 4 4 2 2 0 0 0 0 0 0 0 0
"71" 71 0.0717488789238 260 147 31 22 14 10 10 4 1 1 0 0 0 0 0 0 0 0 0 0
"72" 72 0.564853556485 134 85 84 65 52 32 25 15 2 2 2 1 1 0 0 0 0 0 0 0
"73" 73 0.0582959641256 98 96 87 78 74 56 5 3 1 1 1 0 0 0 0 0 0 0 0 0
"74" 74 0.0 490 5 4 1 0 0 0 0 0 0 0 0 0 0 0 0 0 0 0 0
"75" 75 0.0621761658031 475 15 4 2 1 1 1 1 0 0 0 0 0 0 0 0 0 0 0 0
"76" 76 0.535864978903 438 48 7 3 2 1 1 0 0 0 0 0 0 0 0 0 0 0 0 0
"77" 77 0.125475285171 422 70 5 3 0 0 0 0 0 0 0 0 0 0 0 0 0 0 0 0
"78" 78 0.0384615384615 500 0 0 0 0 0 0 0 0 0 0 0 0 0 0 0 0 0 0 0
"79" 79 0.0 436 59 2 2 1 0 0 0 0 0 0 0 0 0 0 0 0 0 0 0
"80" 80 0.0 203 122 89 46 27 5 4 2 1 1 0 0 0 0 0 0 0 0 0 0
"81" 81 0.0 320 111 64 4 1 0 0 0 0 0 0 0 0 0 0 0 0 0 0 0
"82" 82 0.0 426 25 18 15 5 4 4 3 0 0 0 0 0 0 0 0 0 0 0 0
"83" 83 0.0 477 13 8 2 0 0 0 0 0 0 0 0 0 0 0 0 0 0 0 0
"84" 84 0.0 430 24 16 15 10 3 2 0 0 0 0 0 0 0 0 0 0 0 0 0
"85" 85 0.020725388601 265 127 81 21 3 2 1 0 0 0 0 0 0 0 0 0 0 0 0 0
"86" 86 0.0 256 202 32 4 3 1 1 1 0 0 0 0 0 0 0 0 0 0 0 0
"87" 87 0.0 412 48 27 11 2 0 0 0 0 0 0 0 0 0 0 0 0 0 0 0
"88" 88 0.0 289 171 39 1 0 0 0 0 0 0 0 0 0 0 0 0 0 0 0 0
"89" 89 0.259124087591 248 67 59 58 19 17 16 8 4 2 2 0 0 0 0 0 0 0 0 0
"90" 90 0.240384615385 500 0 0 0 0 0 0 0 0 0 0 0 0 0 0 0 0 0 0 0
"91" 91 0.891191709845 190 135 123 44 5 3 0 0 0 0 0 0 0 0 0 0 0 0 0 0
"92" 92 0.522321428571 253 190 28 10 8 3 3 3 1 1 0 0 0 0 0 0 0 0 0 0
"93" 93 0.0459770114943 472 11 9 3 2 2 1 0 0 0 0 0 0 0 0 0 0 0 0 0
"94" 94 0.209302325581 162 107 89 41 28 26 13 12 9 5 5 2 1 0 0 0 0 0 0 0
"95" 95 0.384615384615 209 185 32 31 18 11 8 5 1 0 0 0 0 0 0 0 0 0 0 0
"96" 96 0.0518134715026 271 147 51 25 3 2 1 0 0 0 0 0 0 0 0 0 0 0 0 0
"97" 97 0.685534591195 312 84 51 28 11 6 6 2 0 0 0 0 0 0 0 0 0 0 0 0
"98" 98 0.71875 160 128 54 45 40 30 28 12 2 1 0 0 0 0 0 0 0 0 0 0
"99" 99 0.625 499 1 0 0 0 0 0 0 0 0 0 0 0 0 0 0 0 0 0 0
"100" 100 0.238410596026 349 57 46 21 12 5 4 3 2 1 0 0 0 0 0 0 0 0 0 0
"101" 101 0.521276595745 197 120 119 35 24 2 1 1 1 0 0 0 0 0 0 0 0 0 0 0
"102" 102 0.129533678756 215 94 87 60 14 10 8 7 3 1 1 0 0 0 0 0 0 0 0 0
"103" 103 0.0251046025105 228 110 47 34 24 17 15 8 8 8 1 0 0 0 0 0 0 0 0 0
"104" 104 0.0 499 1 0 0 0 0 0 0 0 0 0 0 0 0 0 0 0 0 0 0
"105" 105 0.188340807175 228 148 39 30 29 8 6 5 2 2 1 1 1 0 0 0 0 0 0 0
"106" 106 0.0 500 0 0 0 0 0 0 0 0 0 0 0 0 0 0 0 0 0 0 0
"107" 107 0.0 338 72 37 25 22 4 2 0 0 0 0 0 0 0 0 0 0 0 0 0
"108" 108 0.00961538461538 421 60 19 0 0 0 0 0 0 0 0 0 0 0 0 0 0 0 0 0
"109" 109 0.00418410041841 122 105 100 48 47 31 29 9 9 0 0 0 0 0 0 0 0 0 0 0
"110" 110 0.0114068441065 200 110 97 33 27 16 15 1 1 0 0 0 0 0 0 0 0 0 0 0
"111" 111 0.00995024875622 290 86 75 23 8 4 4 3 2 2 1 1 1 0 0 0 0 0 0 0
"112" 112 0.128205128205 270 99 48 41 13 10 7 3 2 2 2 1 1 1 0 0 0 0 0 0
"113" 113 0.0232558139535 497 2 1 0 0 0 0 0 0 0 0 0 0 0 0 0 0 0 0 0
"114" 114 0.529069767442 170 120 64 44 39 30 12 10 5 2 2 2 0 0 0 0 0 0 0 0
"115" 115 0.32735426009 167 103 77 50 43 17 16 15 8 3 1 0 0 0 0 0 0 0 0 0
"116" 116 0.6875 444 36 9 5 3 2 1 0 0 0 0 0 0 0 0 0 0 0 0 0
"117" 117 0.490566037736 121 111 83 80 48 41 7 5 2 1 1 0 0 0 0 0 0 0 0 0
"118" 118 0.0950570342205 257 113 111 8 7 2 1 1 0 0 0 0 0 0 0 0 0 0 0 0
"119" 119 0.15503875969 436 24 20 10 5 2 2 1 0 0 0 0 0 0 0 0 0 0 0 0
"120" 120 0.533632286996 389 63 16 14 9 3 3 1 1 1 0 0 0 0 0 0 0 0 0 0
"121" 121 0.0430622009569 485 9 6 0 0 0 0 0 0 0 0 0 0 0 0 0 0 0 0 0
"122" 122 0.00380228136882 467 22 9 1 1 0 0 0 0 0 0 0 0 0 0 0 0 0 0 0
"123" 123 0.206278026906 355 116 11 11 4 3 0 0 0 0 0 0 0 0 0 0 0 0 0 0
"124" 124 0.0 222 176 46 17 12 11 11 3 2 0 0 0 0 0 0 0 0 0 0 0
"125" 125 0.125475285171 243 96 74 40 35 9 1 1 1 0 0 0 0 0 0 0 0 0 0 0
"126" 126 0.295336787565 163 115 82 79 18 14 11 8 5 3 1 1 0 0 0 0 0 0 0 0
"127" 127 0.0 267 193 34 3 2 1 0 0 0 0 0 0 0 0 0 0 0 0 0 0
"128" 128 0.0 234 147 54 23 12 11 11 4 2 1 1 0 0 0 0 0 0 0 0 0
"129" 129 0.0430622009569 347 75 22 13 12 12 10 5 1 1 1 1 0 0 0 0 0 0 0 0
"130" 130 0.447257383966 450 23 12 8 6 1 0 0 0 0 0 0 0 0 0 0 0 0 0 0
"131" 131 0.138392857143 236 104 94 56 10 0 0 0 0 0 0 0 0 0 0 0 0 0 0 0
"132" 132 0.0 423 37 15 11 7 3 3 1 0 0 0 0 0 0 0 0 0 0 0 0
"133" 133 0.0 355 54 52 8 7 7 4 4 3 2 2 1 1 0 0 0 0 0 0 0
"134" 134 0.547085201794 311 112 40 19 8 6 2 1 1 0 0 0 0 0 0 0 0 0 0 0
"135" 135 0.209302325581 208 141 76 52 7 7 2 2 1 1 1 1 1 0 0 0 0 0 0 0
"136" 136 0.0 432 22 14 12 11 3 2 2 1 1 0 0 0 0 0 0 0 0 0 0
"137" 137 0.274611398964 238 188 32 13 12 12 3 1 1 0 0 0 0 0 0 0 0 0 0 0
"138" 138 0.602649006623 163 146 78 34 26 23 19 7 2 1 1 0 0 0 0 0 0 0 0 0
"139" 139 0.363636363636 315 52 41 33 26 25 6 1 1 0 0 0 0 0 0 0 0 0 0 0
"140" 140 0.167364016736 332 70 58 16 15 4 3 2 0 0 0 0 0 0 0 0 0 0 0 0
"141" 141 0.512820512821 393 67 22 14 3 1 0 0 0 0 0 0 0 0 0 0 0 0 0 0
"142" 142 0.392405063291 420 42 30 7 1 0 0 0 0 0 0 0 0 0 0 0 0 0 0 0
"143" 143 0.0248756218905 308 134 30 10 5 4 3 2 2 1 1 0 0 0 0 0 0 0 0 0
"144" 144 0.0673575129534 498 1 1 0 0 0 0 0 0 0 0 0 0 0 0 0 0 0 0 0
"145" 145 0.0 403 54 37 4 1 1 0 0 0 0 0 0 0 0 0 0 0 0 0 0
"146" 146 0.318407960199 349 44 43 20 18 10 5 5 5 1 0 0 0 0 0 0 0 0 0 0
"147" 147 0.518134715026 153 96 90 75 25 19 16 8 5 4 3 3 2 1 0 0 0 0 0 0
"148" 148 0.112820512821 99 93 76 55 50 43 36 33 8 3 2 1 1 0 0 0 0 0 0 0
"149" 149 0.0 293 124 59 22 1 1 0 0 0 0 0 0 0 0 0 0 0 0 0 0
"150" 150 0.0 297 190 12 1 0 0 0 0 0 0 0 0 0 0 0 0 0 0 0 0
"151" 151 0.0 401 78 17 2 1 1 0 0 0 0 0 0 0 0 0 0 0 0 0 0
"152" 152 0.0 286 161 19 15 7 5 3 2 2 0 0 0 0 0 0 0 0 0 0 0
"153" 153 0.0 500 0 0 0 0 0 0 0 0 0 0 0 0 0 0 0 0 0 0 0
"154" 154 0.0430622009569 369 72 10 9 9 8 7 5 3 3 2 2 1 0 0 0 0 0 0 0
"155" 155 0.0264900662252 441 35 8 5 5 2 2 1 1 0 0 0 0 0 0 0 0 0 0 0
"156" 156 0.0 388 41 37 16 6 5 3 1 1 1 1 0 0 0 0 0 0 0 0 0
"157" 157 0.0 500 0 0 0 0 0 0 0 0 0 0 0 0 0 0 0 0 0 0 0
"158" 158 0.0 500 0 0 0 0 0 0 0 0 0 0 0 0 0 0 0 0 0 0 0
"159" 159 0.00380228136882 344 58 26 24 8 7 6 6 5 4 3 3 2 2 2 0 0 0 0 0
"160" 160 0.0192307692308 193 175 55 35 20 17 2 1 1 1 0 0 0 0 0 0 0 0 0 0
"161" 161 0.0 326 174 0 0 0 0 0 0 0 0 0 0 0 0 0 0 0 0 0 0
"162" 162 0.010152284264 170 122 67 57 48 16 6 3 3 3 2 2 1 0 0 0 0 0 0 0
"163" 163 0.0189873417722 173 121 61 35 34 23 14 9 8 7 5 4 4 2 0 0 0 0 0 0
"164" 164 0.00961538461538 207 183 47 13 12 9 9 9 8 2 1 0 0 0 0 0 0 0 0 0
"165" 165 0.0152091254753 305 87 67 21 11 9 0 0 0 0 0 0 0 0 0 0 0 0 0 0
"166" 166 0.00995024875622 346 54 35 34 9 5 4 4 2 2 2 2 1 0 0 0 0 0 0 0
"167" 167 0.291139240506 172 172 39 38 32 25 9 3 3 2 2 1 1 1 0 0 0 0 0 0
"168" 168 0.125 269 123 67 28 3 3 3 2 1 1 0 0 0 0 0 0 0 0 0 0
"169" 169 0.041825095057 301 165 10 9 8 3 2 1 1 0 0 0 0 0 0 0 0 0 0 0
"170" 170 0.794701986755 128 100 96 47 43 41 20 14 4 4 1 1 1 0 0 0 0 0 0 0
"171" 171 0.567307692308 188 142 111 37 10 8 2 1 1 0 0 0 0 0 0 0 0 0 0 0
"172" 172 0.518987341772 434 21 19 12 9 4 1 0 0 0 0 0 0 0 0 0 0 0 0 0
"173" 173 0.189781021898 377 104 8 6 2 1 1 1 0 0 0 0 0 0 0 0 0 0 0 0
"174" 174 0.0380228136882 385 103 10 2 0 0 0 0 0 0 0 0 0 0 0 0 0 0 0 0
"175" 175 0.447257383966 146 101 85 55 48 25 16 13 4 4 3 0 0 0 0 0 0 0 0 0
"176" 176 0.00662251655629 480 16 3 1 0 0 0 0 0 0 0 0 0 0 0 0 0 0 0 0
"177" 177 0.0 481 16 3 0 0 0 0 0 0 0 0 0 0 0 0 0 0 0 0 0
"178" 178 0.0 498 1 1 0 0 0 0 0 0 0 0 0 0 0 0 0 0 0 0 0
"179" 179 0.0 459 41 0 0 0 0 0 0 0 0 0 0 0 0 0 0 0 0 0 0
"180" 180 0.0 424 45 20 8 3 0 0 0 0 0 0 0 0 0 0 0 0 0 0 0
"181" 181 0.0 393 93 10 2 2 0 0 0 0 0 0 0 0 0 0 0 0 0 0 0
"182" 182 0.0 390 48 38 22 1 1 0 0 0 0 0 0 0 0 0 0 0 0 0 0
"183" 183 0.0 279 158 25 15 7 6 5 2 2 1 0 0 0 0 0 0 0 0 0 0
"184" 184 0.00574712643678 208 116 85 27 24 19 17 3 1 0 0 0 0 0 0 0 0 0 0 0
"185" 185 0.0820512820513 400 29 21 18 16 11 3 1 1 0 0 0 0 0 0 0 0 0 0 0
"186" 186 0.0062893081761 112 100 92 55 49 34 16 11 9 8 5 5 2 1 1 0 0 0 0 0
"187" 187 0.0993377483444 270 46 41 35 35 19 19 13 13 4 3 1 1 0 0 0 0 0 0 0
"188" 188 0.564102564103 482 12 5 1 0 0 0 0 0 0 0 0 0 0 0 0 0 0 0 0
"189" 189 0.00574712643678 222 183 46 23 14 12 0 0 0 0 0 0 0 0 0 0 0 0 0 0
"190" 190 0.389937106918 455 26 18 1 0 0 0 0 0 0 0 0 0 0 0 0 0 0 0 0
"191" 191 0.0602836879433 387 33 24 20 17 12 3 2 2 0 0 0 0 0 0 0 0 0 0 0
"192" 192 0.0 499 1 0 0 0 0 0 0 0 0 0 0 0 0 0 0 0 0 0 0
"193" 193 0.313901345291 420 58 7 6 5 3 1 0 0 0 0 0 0 0 0 0 0 0 0 0
"194" 194 0.26582278481 394 77 21 4 3 1 0 0 0 0 0 0 0 0 0 0 0 0 0 0
"195" 195 0.0 260 62 60 58 24 18 8 3 2 2 2 1 0 0 0 0 0 0 0 0
"196" 196 0.00418410041841 217 114 61 42 15 14 7 7 7 6 5 2 1 1 1 0 0 0 0 0
"197" 197 0.544303797468 229 101 83 29 28 12 9 4 4 1 0 0 0 0 0 0 0 0 0 0
"198" 198 0.201923076923 150 104 97 22 19 19 18 18 13 13 12 7 3 2 2 1 0 0 0 0
"199" 199 0.0 253 210 26 10 1 0 0 0 0 0 0 0 0 0 0 0 0 0 0 0
"200" 200 0.0746268656716 291 167 24 8 3 3 2 2 0 0 0 0 0 0 0 0 0 0 0 0
"201" 201 0.346153846154 497 2 1 0 0 0 0 0 0 0 0 0 0 0 0 0 0 0 0 0
"202" 202 0.803571428571 434 39 13 11 2 1 0 0 0 0 0 0 0 0 0 0 0 0 0 0
"203" 203 0.152482269504 500 0 0 0 0 0 0 0 0 0 0 0 0 0 0 0 0 0 0 0
"204" 204 0.544642857143 156 141 75 47 40 15 12 8 3 2 1 0 0 0 0 0 0 0 0 0
"205" 205 0.410852713178 168 93 53 50 45 39 31 17 3 1 0 0 0 0 0 0 0 0 0 0
"206" 206 0.110266159696 267 157 32 23 21 0 0 0 0 0 0 0 0 0 0 0 0 0 0 0
"207" 207 0.0 182 141 50 49 30 28 10 3 2 1 1 1 1 1 0 0 0 0 0 0
"208" 208 0.0 332 127 29 7 4 1 0 0 0 0 0 0 0 0 0 0 0 0 0 0
"209" 209 0.0696202531646 225 112 111 19 16 7 4 2 2 1 1 0 0 0 0 0 0 0 0 0
"210" 210 0.293532338308 223 116 70 32 29 8 8 6 6 1 1 0 0 0 0 0 0 0 0 0
"211" 211 0.124378109453 359 42 39 20 15 12 4 3 2 1 1 1 1 0 0 0 0 0 0 0
"212" 212 0.00507614213198 182 137 49 44 37 16 13 11 4 3 2 2 0 0 0 0 0 0 0 0
"213" 213 0.42194092827 180 126 74 47 32 22 6 6 2 2 1 1 1 0 0 0 0 0 0 0
"214" 214 0.738461538462 220 134 100 19 16 7 3 1 0 0 0 0 0 0 0 0 0 0 0 0
"215" 215 0.182741116751 403 52 31 7 3 2 1 1 0 0 0 0 0 0 0 0 0 0 0 0
"216" 216 0.777372262774 456 16 12 8 3 2 2 1 0 0 0 0 0 0 0 0 0 0 0 0
"217" 217 0.143540669856 447 48 3 1 1 0 0 0 0 0 0 0 0 0 0 0 0 0 0 0
"218" 218 0.402298850575 291 115 26 19 13 8 5 5 5 4 4 3 1 1 0 0 0 0 0 0
"219" 219 0.576923076923 500 0 0 0 0 0 0 0 0 0 0 0 0 0 0 0 0 0 0 0
"220" 220 0.699481865285 235 155 103 4 2 1 0 0 0 0 0 0 0 0 0 0 0 0 0 0
"221" 221 0.238341968912 260 56 52 23 19 17 14 13 11 11 6 5 5 4 4 0 0 0 0 0
"222" 222 0.310218978102 330 71 34 24 15 7 4 4 3 3 2 2 1 0 0 0 0 0 0 0
"223" 223 0.010152284264 391 88 9 9 1 1 1 0 0 0 0 0 0 0 0 0 0 0 0 0
"224" 224 0.0248756218905 192 143 75 27 21 20 7 7 2 2 2 1 1 0 0 0 0 0 0 0
"225" 225 0.00507614213198 121 109 72 57 53 42 34 7 2 1 1 1 0 0 0 0 0 0 0 0
"226" 226 0.0143540669856 374 57 38 30 1 0 0 0 0 0 0 0 0 0 0 0 0 0 0 0
"227" 227 0.00574712643678 320 91 50 38 1 0 0 0 0 0 0 0 0 0 0 0 0 0 0 0
"228" 228 0.0 500 0 0 0 0 0 0 0 0 0 0 0 0 0 0 0 0 0 0 0
"229" 229 0.295336787565 191 87 82 44 29 17 15 15 13 5 1 1 0 0 0 0 0 0 0 0
"230" 230 0.41059602649 349 60 57 19 6 4 3 1 1 0 0 0 0 0 0 0 0 0 0 0
"231" 231 0.0310880829016 383 96 19 1 1 0 0 0 0 0 0 0 0 0 0 0 0 0 0 0
"232" 232 0.566037735849 382 84 10 8 5 5 3 2 1 0 0 0 0 0 0 0 0 0 0 0
"233" 233 0.255230125523 292 71 64 24 21 9 7 6 2 2 1 1 0 0 0 0 0 0 0 0
"234" 234 0.0746268656716 219 156 74 19 10 9 5 3 2 2 1 0 0 0 0 0 0 0 0 0
"235" 235 0.75 195 74 52 43 36 28 28 25 9 5 3 1 1 0 0 0 0 0 0 0
"236" 236 0.482142857143 205 163 32 30 28 24 6 4 4 2 1 1 0 0 0 0 0 0 0 0
"237" 237 0.0430622009569 279 171 28 10 8 2 2 0 0 0 0 0 0 0 0 0 0 0 0 0
"238" 238 0.0 466 17 7 4 2 2 1 1 0 0 0 0 0 0 0 0 0 0 0 0
"239" 239 0.291139240506 170 139 95 50 29 7 4 4 1 1 0 0 0 0 0 0 0 0 0 0
"240" 240 0.0062893081761 140 131 127 42 23 8 8 7 5 4 3 1 1 0 0 0 0 0 0 0
"241" 241 0.379464285714 172 132 66 30 28 25 18 14 8 4 2 1 0 0 0 0 0 0 0 0
"242" 242 0.203980099502 297 49 36 35 29 19 13 8 5 4 2 1 1 1 0 0 0 0 0 0
"243" 243 0.0149253731343 191 158 97 19 19 9 3 2 1 1 0 0 0 0 0 0 0 0 0 0
"244" 244 0.388059701493 205 110 54 35 22 22 16 11 9 5 5 2 2 1 1 0 0 0 0 0
"245" 245 0.526785714286 185 154 48 44 21 13 10 8 5 5 4 3 0 0 0 0 0 0 0 0
"246" 246 0.062015503876 200 170 29 24 23 22 15 6 4 2 2 2 1 0 0 0 0 0 0 0
"247" 247 0.0172413793103 220 111 83 59 10 7 5 2 1 1 1 0 0 0 0 0 0 0 0 0
"248" 248 0.544303797468 133 122 61 59 43 36 21 12 7 3 2 1 0 0 0 0 0 0 0 0
"249" 249 0.798449612403 487 13 0 0 0 0 0 0 0 0 0 0 0 0 0 0 0 0 0 0
"250" 250 0.191860465116 322 52 43 30 17 14 6 6 4 3 2 1 0 0 0 0 0 0 0 0
"251" 251 0.350993377483 354 88 34 10 5 5 3 1 0 0 0 0 0 0 0 0 0 0 0 0
"252" 252 0.0 270 202 19 3 3 1 1 1 0 0 0 0 0 0 0 0 0 0 0 0
"253" 253 0.340807174888 256 102 55 33 21 20 6 4 2 1 0 0 0 0 0 0 0 0 0 0
"254" 254 0.632124352332 478 22 0 0 0 0 0 0 0 0 0 0 0 0 0 0 0 0 0 0
"255" 255 0.247148288973 368 58 55 18 1 0 0 0 0 0 0 0 0 0 0 0 0 0 0 0
"256" 256 0.051724137931 286 69 51 30 22 15 8 7 6 2 2 1 1 0 0 0 0 0 0 0
"257" 257 0.236607142857 328 81 27 24 16 9 7 3 2 1 1 1 0 0 0 0 0 0 0 0
"258" 258 0.233502538071 234 106 57 34 33 22 4 3 3 2 2 0 0 0 0 0 0 0 0 0
"259" 259 0.299578059072 298 109 30 18 12 10 10 5 3 3 1 1 0 0 0 0 0 0 0 0
"260" 260 0.409282700422 219 84 58 51 40 27 15 3 1 1 1 0 0 0 0 0 0 0 0 0
"261" 261 0.166666666667 374 39 25 19 15 7 6 5 5 3 2 0 0 0 0 0 0 0 0 0
"262" 262 0.751196172249 114 110 87 74 38 25 16 13 10 5 5 1 1 1 0 0 0 0 0 0
"263" 263 0.413461538462 500 0 0 0 0 0 0 0 0 0 0 0 0 0 0 0 0 0 0 0
"264" 264 0.251046025105 370 63 41 11 5 4 4 1 1 0 0 0 0 0 0 0 0 0 0 0
"265" 265 0.424870466321 407 46 25 9 6 2 1 1 1 1 1 0 0 0 0 0 0 0 0 0
"266" 266 0.124401913876 236 163 52 27 8 5 5 2 1 1 0 0 0 0 0 0 0 0 0 0
"267" 267 0.251655629139 451 18 15 6 4 2 1 1 1 1 0 0 0 0 0 0 0 0 0 0
"268" 268 0.0760456273764 270 181 30 12 3 2 1 1 0 0 0 0 0 0 0 0 0 0 0 0
"269" 269 0.726235741445 262 49 45 42 33 30 15 14 5 3 1 1 0 0 0 0 0 0 0 0
"270" 270 0.00418410041841 240 217 24 13 4 1 1 0 0 0 0 0 0 0 0 0 0 0 0 0
"271" 271 0.0 344 76 42 14 7 5 4 3 3 1 1 0 0 0 0 0 0 0 0 0
"272" 272 0.0728476821192 336 63 53 24 22 1 1 0 0 0 0 0 0 0 0 0 0 0 0 0
"273" 273 0.395348837209 256 101 94 15 10 8 7 5 4 0 0 0 0 0 0 0 0 0 0 0
"274" 274 0.125523012552 239 147 64 46 2 1 1 0 0 0 0 0 0 0 0 0 0 0 0 0
"275" 275 0.00574712643678 184 130 87 56 11 10 9 8 5 0 0 0 0 0 0 0 0 0 0 0
"276" 276 0.333333333333 308 101 54 18 7 4 3 3 1 1 0 0 0 0 0 0 0 0 0 0
"277" 277 0.325892857143 208 131 51 28 22 17 13 13 5 5 5 2 0 0 0 0 0 0 0 0
"278" 278 0.0 250 167 33 18 18 5 5 1 1 1 1 0 0 0 0 0 0 0 0 0
"279" 279 0.0 309 190 1 0 0 0 0 0 0 0 0 0 0 0 0 0 0 0 0 0
"280" 280 0.428571428571 302 83 42 39 23 5 3 2 1 0 0 0 0 0 0 0 0 0 0 0
"281" 281 0.10460251046 472 13 12 3 0 0 0 0 0 0 0 0 0 0 0 0 0 0 0 0
"282" 282 0.0 469 30 1 0 0 0 0 0 0 0 0 0 0 0 0 0 0 0 0 0
"283" 283 0.0 500 0 0 0 0 0 0 0 0 0 0 0 0 0 0 0 0 0 0 0
"284" 284 0.503649635036 332 98 30 13 10 9 3 3 2 0 0 0 0 0 0 0 0 0 0 0
"285" 285 0.292307692308 196 132 43 38 24 22 22 10 4 3 3 3 0 0 0 0 0 0 0 0
"286" 286 0.0398009950249 353 87 32 13 11 3 1 0 0 0 0 0 0 0 0 0 0 0 0 0
"287" 287 0.596153846154 454 39 3 2 1 1 0 0 0 0 0 0 0 0 0 0 0 0 0 0
"288" 288 0.238805970149 494 3 1 1 1 0 0 0 0 0 0 0 0 0 0 0 0 0 0 0
"289" 289 0.609137055838 432 33 22 5 4 4 0 0 0 0 0 0 0 0 0 0 0 0 0 0
