"site" "RSA" "aa1" "aa2" "aa3" "aa4" "aa5" "aa6" "aa7" "aa8" "aa9" "aa10" "aa11" "aa12" "aa13" "aa14" "aa15" "aa16" "aa17" "aa18" "aa19" "aa20"
"0" 0 0.79274611399 195 129 85 76 7 6 1 1 0 0 0 0 0 0 0 0 0 0 0 0
"1" 1 0.593908629442 218 165 40 29 25 10 8 5 0 0 0 0 0 0 0 0 0 0 0 0
"2" 2 0.611398963731 239 178 46 15 14 7 1 0 0 0 0 0 0 0 0 0 0 0 0 0
"3" 3 0.43023255814 236 134 32 27 24 21 19 4 3 0 0 0 0 0 0 0 0 0 0 0
"4" 4 0.512437810945 181 102 60 57 37 23 23 6 4 3 3 1 0 0 0 0 0 0 0 0
"5" 5 0.548223350254 305 53 51 41 25 9 8 5 1 1 1 0 0 0 0 0 0 0 0 0
"6" 6 0.403973509934 299 53 48 36 22 19 10 6 5 2 0 0 0 0 0 0 0 0 0 0
"7" 7 0.410256410256 199 81 76 46 37 21 17 13 6 2 2 0 0 0 0 0 0 0 0 0
"8" 8 0.502564102564 236 109 42 35 30 15 12 11 6 2 1 1 0 0 0 0 0 0 0 0
"9" 9 0.410852713178 164 88 60 48 40 31 25 19 10 9 4 2 0 0 0 0 0 0 0 0
"10" 10 0.567164179104 122 113 100 69 51 29 8 3 3 1 1 0 0 0 0 0 0 0 0 0
"11" 11 0.418439716312 193 164 106 13 8 7 4 1 1 1 1 1 0 0 0 0 0 0 0 0
"12" 12 0.271523178808 129 108 101 41 38 35 28 15 3 1 1 0 0 0 0 0 0 0 0 0
"13" 13 0.497890295359 130 107 86 65 37 32 13 12 6 6 5 1 0 0 0 0 0 0 0 0
"14" 14 0.422018348624 344 34 27 23 23 21 10 6 5 3 2 2 0 0 0 0 0 0 0 0
"15" 15 0.10447761194 390 88 8 6 4 2 2 0 0 0 0 0 0 0 0 0 0 0 0 0
"16" 16 0.436781609195 246 133 43 32 14 13 12 4 2 1 0 0 0 0 0 0 0 0 0 0
"17" 17 0.549107142857 289 77 71 30 24 5 3 1 0 0 0 0 0 0 0 0 0 0 0 0
"18" 18 0.709821428571 300 46 41 35 21 18 10 10 6 4 4 3 2 0 0 0 0 0 0 0
"19" 19 0.450777202073 166 101 79 66 34 24 10 8 6 3 2 1 0 0 0 0 0 0 0 0
"20" 20 0.465408805031 498 1 1 0 0 0 0 0 0 0 0 0 0 0 0 0 0 0 0 0
"21" 21 0.125 193 109 83 38 34 12 9 7 4 4 3 2 2 0 0 0 0 0 0 0
"22" 22 0.26359832636 382 89 24 3 2 0 0 0 0 0 0 0 0 0 0 0 0 0 0 0
"23" 23 0.301255230126 455 35 6 1 1 1 1 0 0 0 0 0 0 0 0 0 0 0 0 0
"24" 24 0.526785714286 177 104 48 46 38 32 17 11 11 8 7 1 0 0 0 0 0 0 0 0
"25" 25 0.464135021097 138 116 115 53 32 21 11 7 2 2 2 1 0 0 0 0 0 0 0 0
"26" 26 0.402985074627 476 9 6 3 2 2 1 1 0 0 0 0 0 0 0 0 0 0 0 0
"27" 27 0.627906976744 282 89 47 43 15 13 6 3 2 0 0 0 0 0 0 0 0 0 0 0
"28" 28 0.497757847534 404 55 15 14 6 2 1 1 1 1 0 0 0 0 0 0 0 0 0 0
"29" 29 0.736434108527 282 93 35 26 22 20 11 5 4 2 0 0 0 0 0 0 0 0 0 0
"30" 30 0.618834080717 140 132 91 67 24 16 7 7 6 4 4 2 0 0 0 0 0 0 0 0
"31" 31 0.561181434599 150 114 97 53 39 17 12 11 4 1 1 1 0 0 0 0 0 0 0 0
"32" 32 0.132075471698 482 13 3 2 0 0 0 0 0 0 0 0 0 0 0 0 0 0 0 0
"33" 33 0.441605839416 239 79 72 54 18 18 7 7 5 1 0 0 0 0 0 0 0 0 0 0
"34" 34 0.175732217573 412 25 24 21 9 3 2 2 2 0 0 0 0 0 0 0 0 0 0 0
"35" 35 0.0 356 72 43 13 9 7 0 0 0 0 0 0 0 0 0 0 0 0 0 0
"36" 36 0.0141843971631 219 94 92 43 31 12 4 3 1 1 0 0 0 0 0 0 0 0 0 0
"37" 37 0.0 294 109 37 20 11 8 7 6 3 3 1 1 0 0 0 0 0 0 0 0
"38" 38 0.00961538461538 269 166 63 1 1 0 0 0 0 0 0 0 0 0 0 0 0 0 0 0
"39" 39 0.0189873417722 463 25 9 1 1 1 0 0 0 0 0 0 0 0 0 0 0 0 0 0
"40" 40 0.430463576159 268 119 40 33 14 7 5 4 3 3 3 1 0 0 0 0 0 0 0 0
"41" 41 0.40414507772 232 77 55 46 18 15 11 10 8 7 6 4 4 3 2 1 1 0 0 0
"42" 42 0.23178807947 144 110 90 84 34 22 10 5 1 0 0 0 0 0 0 0 0 0 0 0
"43" 43 0.551094890511 125 98 61 42 40 33 31 26 10 10 6 5 4 4 2 2 1 0 0 0
"44" 44 0.166666666667 97 91 81 48 40 40 26 25 22 14 9 6 1 0 0 0 0 0 0 0
"45" 45 0.364779874214 210 137 73 25 16 14 14 7 3 1 0 0 0 0 0 0 0 0 0 0
"46" 46 0.0 268 97 49 45 17 7 7 4 2 2 1 1 0 0 0 0 0 0 0 0
"47" 47 0.294642857143 142 119 72 59 29 27 15 12 11 7 2 2 2 1 0 0 0 0 0 0
"48" 48 0.748175182482 225 109 61 49 44 5 2 2 2 1 0 0 0 0 0 0 0 0 0 0
"49" 49 0.1592039801 474 15 7 3 1 0 0 0 0 0 0 0 0 0 0 0 0 0 0 0
"50" 50 0.28488372093 259 86 73 50 14 8 5 3 1 1 0 0 0 0 0 0 0 0 0 0
"51" 51 0.538461538462 500 0 0 0 0 0 0 0 0 0 0 0 0 0 0 0 0 0 0 0
"52" 52 0.124378109453 150 131 99 57 46 5 3 3 2 2 1 1 0 0 0 0 0 0 0 0
"53" 53 0.459821428571 241 142 57 25 8 7 7 5 4 3 1 0 0 0 0 0 0 0 0 0
"54" 54 0.534591194969 228 94 71 59 13 12 11 10 1 1 0 0 0 0 0 0 0 0 0 0
"55" 55 0.384615384615 500 0 0 0 0 0 0 0 0 0 0 0 0 0 0 0 0 0 0 0
"56" 56 0.290178571429 226 179 32 28 17 8 5 4 1 0 0 0 0 0 0 0 0 0 0 0
"57" 57 0.089552238806 199 107 75 28 26 24 21 13 6 1 0 0 0 0 0 0 0 0 0 0
"58" 58 0.255230125523 282 131 43 11 10 8 5 4 2 1 1 1 1 0 0 0 0 0 0 0
"59" 59 0.333333333333 169 136 97 51 13 11 9 5 3 3 2 1 0 0 0 0 0 0 0 0
"60" 60 0.0765550239234 301 101 36 25 22 7 4 2 1 1 0 0 0 0 0 0 0 0 0 0
"61" 61 0.251824817518 160 136 52 40 30 24 20 14 9 6 5 3 1 0 0 0 0 0 0 0
"62" 62 0.0769230769231 479 19 1 1 0 0 0 0 0 0 0 0 0 0 0 0 0 0 0 0
"63" 63 0.293103448276 144 126 40 33 29 28 25 21 20 12 5 4 3 3 2 2 2 1 0 0
"64" 64 0.0 478 12 8 2 0 0 0 0 0 0 0 0 0 0 0 0 0 0 0 0
"65" 65 0.0102564102564 168 114 107 51 36 18 5 1 0 0 0 0 0 0 0 0 0 0 0 0
"66" 66 0.0 191 86 79 42 28 22 19 19 6 2 2 2 2 0 0 0 0 0 0 0
"67" 67 0.0114942528736 159 136 71 40 34 24 18 9 3 2 2 1 1 0 0 0 0 0 0 0
"68" 68 0.0659898477157 156 122 116 74 12 7 5 4 2 1 1 0 0 0 0 0 0 0 0 0
"69" 69 0.622009569378 290 66 61 49 12 6 3 3 2 2 2 2 2 0 0 0 0 0 0 0
"70" 70 0.720930232558 392 65 20 11 6 4 2 0 0 0 0 0 0 0 0 0 0 0 0 0
"71" 71 0.150259067358 460 11 8 7 6 3 2 2 1 0 0 0 0 0 0 0 0 0 0 0
"72" 72 0.616915422886 181 139 72 52 25 16 13 2 0 0 0 0 0 0 0 0 0 0 0 0
"73" 73 0.517948717949 236 85 48 39 26 24 13 10 8 6 4 1 0 0 0 0 0 0 0 0
"74" 74 0.0 181 121 110 36 19 15 7 5 4 1 1 0 0 0 0 0 0 0 0 0
"75" 75 0.169154228856 184 111 73 45 35 18 16 6 5 4 2 1 0 0 0 0 0 0 0 0
"76" 76 0.403973509934 140 133 82 67 43 9 9 8 6 1 1 1 0 0 0 0 0 0 0 0
"77" 77 0.149425287356 172 116 71 39 33 18 14 9 7 7 5 4 2 2 1 0 0 0 0 0
"78" 78 0.0 174 104 101 21 19 17 17 17 13 11 5 1 0 0 0 0 0 0 0 0
"79" 79 0.345291479821 200 105 91 36 27 11 9 8 7 5 1 0 0 0 0 0 0 0 0 0
"80" 80 0.41825095057 348 101 15 8 7 6 6 4 2 1 1 1 0 0 0 0 0 0 0 0
"81" 81 0.0 319 167 9 5 0 0 0 0 0 0 0 0 0 0 0 0 0 0 0 0
"82" 82 0.0 219 86 48 44 42 15 13 10 9 5 3 3 2 1 0 0 0 0 0 0
"83" 83 0.295336787565 144 108 72 70 34 25 20 8 5 4 4 2 1 1 1 1 0 0 0 0
"84" 84 0.373563218391 413 37 31 9 8 1 1 0 0 0 0 0 0 0 0 0 0 0 0 0
"85" 85 0.0995024875622 466 14 9 5 2 1 1 1 1 0 0 0 0 0 0 0 0 0 0 0
"86" 86 0.513392857143 268 81 39 27 27 21 11 10 9 5 2 0 0 0 0 0 0 0 0 0
"87" 87 0.0 297 171 27 2 2 1 0 0 0 0 0 0 0 0 0 0 0 0 0 0
"88" 88 0.379464285714 226 191 25 23 15 9 6 2 2 1 0 0 0 0 0 0 0 0 0 0
"89" 89 0.200956937799 421 34 21 12 6 3 3 0 0 0 0 0 0 0 0 0 0 0 0 0
"90" 90 0.0 207 132 55 39 25 19 18 3 1 1 0 0 0 0 0 0 0 0 0 0
"91" 91 0.0355329949239 359 53 48 18 11 5 4 1 1 0 0 0 0 0 0 0 0 0 0 0
"92" 92 0.00507614213198 248 203 10 9 9 8 6 3 2 1 1 0 0 0 0 0 0 0 0 0
"93" 93 0.0253164556962 335 54 52 36 21 1 1 0 0 0 0 0 0 0 0 0 0 0 0 0
"94" 94 0.0 236 112 75 43 31 2 1 0 0 0 0 0 0 0 0 0 0 0 0 0
"95" 95 0.0478468899522 344 93 20 19 10 6 5 2 1 0 0 0 0 0 0 0 0 0 0 0
"96" 96 0.106463878327 216 111 55 43 28 18 13 5 3 2 2 2 1 1 0 0 0 0 0 0
"97" 97 0.557692307692 500 0 0 0 0 0 0 0 0 0 0 0 0 0 0 0 0 0 0 0
"98" 98 0.0189873417722 466 18 11 4 1 0 0 0 0 0 0 0 0 0 0 0 0 0 0 0
"99" 99 0.384615384615 141 129 101 69 33 13 6 5 2 1 0 0 0 0 0 0 0 0 0 0
"100" 100 0.0576923076923 210 165 39 35 29 17 3 2 0 0 0 0 0 0 0 0 0 0 0 0
"101" 101 0.0287356321839 284 127 38 23 14 6 5 2 1 0 0 0 0 0 0 0 0 0 0 0
"102" 102 0.363228699552 235 65 56 52 22 17 17 10 9 9 2 2 2 2 0 0 0 0 0 0
"103" 103 0.100775193798 122 102 77 71 32 30 20 17 14 5 3 2 2 2 1 0 0 0 0 0
"104" 104 0.0697674418605 489 10 1 0 0 0 0 0 0 0 0 0 0 0 0 0 0 0 0 0
"105" 105 0.229885057471 186 88 50 46 38 23 20 13 11 7 5 4 4 3 1 1 0 0 0 0
"106" 106 0.486607142857 112 112 65 53 47 33 32 18 16 5 4 1 1 1 0 0 0 0 0 0
"107" 107 0.476923076923 244 74 58 44 23 22 18 5 4 3 3 2 0 0 0 0 0 0 0 0
"108" 108 0.283018867925 103 97 87 72 56 29 18 12 12 9 2 2 1 0 0 0 0 0 0 0
"109" 109 0.857142857143 495 3 2 0 0 0 0 0 0 0 0 0 0 0 0 0 0 0 0 0
"110" 110 0.477611940299 79 73 71 52 47 40 40 31 20 15 11 8 6 3 2 1 1 0 0 0
"111" 111 0.442307692308 500 0 0 0 0 0 0 0 0 0 0 0 0 0 0 0 0 0 0 0
"112" 112 0.756218905473 367 47 41 15 12 10 8 0 0 0 0 0 0 0 0 0 0 0 0 0
"113" 113 0.269035532995 189 82 70 36 31 28 27 19 8 5 2 1 1 1 0 0 0 0 0 0
"114" 114 0.148717948718 279 181 16 12 6 2 2 1 1 0 0 0 0 0 0 0 0 0 0 0
"115" 115 0.523076923077 182 173 61 28 25 18 9 3 1 0 0 0 0 0 0 0 0 0 0 0
"116" 116 0.234042553191 236 127 70 30 13 7 6 6 4 1 0 0 0 0 0 0 0 0 0 0
"117" 117 0.0199004975124 169 102 97 77 12 11 10 8 5 4 2 2 1 0 0 0 0 0 0 0
"118" 118 0.393034825871 216 54 48 43 33 27 22 21 20 11 5 0 0 0 0 0 0 0 0 0
"119" 119 0.358851674641 134 117 59 55 34 23 21 17 15 15 9 1 0 0 0 0 0 0 0 0
"120" 120 0.0 320 97 25 21 14 8 5 3 2 2 2 1 0 0 0 0 0 0 0 0
"121" 121 0.375912408759 159 100 96 60 34 19 16 6 5 2 2 1 0 0 0 0 0 0 0 0
"122" 122 0.528497409326 133 63 61 52 50 42 39 29 19 8 2 2 0 0 0 0 0 0 0 0
"123" 123 0.0609137055838 246 207 26 11 7 2 1 0 0 0 0 0 0 0 0 0 0 0 0 0
"124" 124 0.205673758865 189 183 69 17 12 11 7 6 3 1 1 1 0 0 0 0 0 0 0 0
"125" 125 0.456066945607 336 57 49 29 18 5 4 1 1 0 0 0 0 0 0 0 0 0 0 0
"126" 126 0.497890295359 326 74 64 14 13 7 2 0 0 0 0 0 0 0 0 0 0 0 0 0
"127" 127 0.0622009569378 248 209 36 3 3 1 0 0 0 0 0 0 0 0 0 0 0 0 0 0
"128" 128 0.423841059603 226 59 47 45 44 40 17 14 8 0 0 0 0 0 0 0 0 0 0 0
"129" 129 0.615894039735 341 93 20 15 11 10 7 2 1 0 0 0 0 0 0 0 0 0 0 0
"130" 130 0.0398009950249 195 171 38 18 16 15 9 9 7 7 6 5 3 1 0 0 0 0 0 0
"131" 131 0.0199004975124 480 15 2 1 1 1 0 0 0 0 0 0 0 0 0 0 0 0 0 0
"132" 132 0.413461538462 225 108 63 37 23 23 8 7 4 1 1 0 0 0 0 0 0 0 0 0
"133" 133 0.59375 231 89 67 52 21 13 8 7 7 3 1 1 0 0 0 0 0 0 0 0
"134" 134 0.178899082569 245 131 58 41 20 3 1 1 0 0 0 0 0 0 0 0 0 0 0 0
"135" 135 0.433962264151 162 142 69 39 26 24 16 12 10 0 0 0 0 0 0 0 0 0 0 0
"136" 136 0.614349775785 305 120 29 21 16 7 2 0 0 0 0 0 0 0 0 0 0 0 0 0
"137" 137 0.607142857143 225 142 47 36 22 14 8 6 0 0 0 0 0 0 0 0 0 0 0 0
"138" 138 0.430656934307 129 108 107 73 30 27 17 9 0 0 0 0 0 0 0 0 0 0 0 0
"139" 139 0.20802919708 303 153 11 11 6 5 5 4 2 0 0 0 0 0 0 0 0 0 0 0
"140" 140 0.228855721393 168 83 72 34 29 24 23 15 13 12 10 6 5 5 1 0 0 0 0 0
"141" 141 0.212435233161 288 90 40 38 12 9 8 4 3 3 3 2 0 0 0 0 0 0 0 0
"142" 142 0.0988372093023 238 94 54 29 26 13 12 10 9 6 5 2 1 1 0 0 0 0 0 0
"143" 143 0.0 257 183 53 3 2 1 1 0 0 0 0 0 0 0 0 0 0 0 0 0
"144" 144 0.0253164556962 183 114 74 64 29 26 7 2 1 0 0 0 0 0 0 0 0 0 0 0
"145" 145 0.0892857142857 107 106 92 67 38 29 29 26 2 1 1 1 1 0 0 0 0 0 0 0
"146" 146 0.0 412 40 36 7 3 1 1 0 0 0 0 0 0 0 0 0 0 0 0 0
"147" 147 0.00512820512821 185 95 85 42 28 25 20 9 4 3 3 1 0 0 0 0 0 0 0 0
"148" 148 0.0 427 36 31 4 2 0 0 0 0 0 0 0 0 0 0 0 0 0 0 0
"149" 149 0.0137614678899 188 119 107 35 17 9 8 7 5 3 2 0 0 0 0 0 0 0 0 0
"150" 150 0.0535714285714 206 158 50 32 26 13 4 3 2 2 2 1 1 0 0 0 0 0 0 0
"151" 151 0.0179372197309 336 71 54 13 8 6 4 3 2 1 1 1 0 0 0 0 0 0 0 0
"152" 152 0.0172413793103 325 63 58 30 12 11 1 0 0 0 0 0 0 0 0 0 0 0 0 0
"153" 153 0.19391634981 243 171 45 12 9 5 5 3 3 2 2 0 0 0 0 0 0 0 0 0
"154" 154 0.133333333333 129 128 51 51 38 36 25 17 16 6 1 1 1 0 0 0 0 0 0 0
"155" 155 0.0 168 151 98 36 21 17 7 2 0 0 0 0 0 0 0 0 0 0 0 0
"156" 156 0.0 199 125 111 62 2 1 0 0 0 0 0 0 0 0 0 0 0 0 0 0
"157" 157 0.334928229665 169 146 80 32 21 19 18 8 4 3 0 0 0 0 0 0 0 0 0 0
"158" 158 0.105960264901 266 105 51 33 23 10 4 4 3 1 0 0 0 0 0 0 0 0 0 0
"159" 159 0.686046511628 263 76 53 42 32 20 9 3 1 1 0 0 0 0 0 0 0 0 0 0
"160" 160 0.0964467005076 236 79 60 28 27 25 19 14 4 3 2 2 1 0 0 0 0 0 0 0
"161" 161 0.0 227 87 76 49 22 11 10 10 3 3 2 0 0 0 0 0 0 0 0 0
"162" 162 0.233183856502 200 144 57 39 24 17 14 4 1 0 0 0 0 0 0 0 0 0 0 0
"163" 163 0.350993377483 168 121 119 42 20 15 8 4 1 1 1 0 0 0 0 0 0 0 0 0
"164" 164 0.0 192 175 57 35 13 9 8 5 2 1 1 1 1 0 0 0 0 0 0 0
"165" 165 0.0567375886525 481 9 3 3 2 1 1 0 0 0 0 0 0 0 0 0 0 0 0 0
"166" 166 0.662447257384 221 118 74 36 34 7 6 1 1 1 1 0 0 0 0 0 0 0 0 0
"167" 167 0.463503649635 151 100 84 44 38 25 23 13 12 6 2 1 1 0 0 0 0 0 0 0
"168" 168 0.423076923077 500 0 0 0 0 0 0 0 0 0 0 0 0 0 0 0 0 0 0 0
"169" 169 0.170403587444 163 154 68 35 19 19 11 7 7 6 3 2 2 1 1 1 1 0 0 0
"170" 170 0.725738396624 479 9 4 2 1 1 1 1 1 1 0 0 0 0 0 0 0 0 0 0
"171" 171 0.0114942528736 384 47 36 9 7 5 4 4 3 1 0 0 0 0 0 0 0 0 0 0
"172" 172 0.151162790698 253 132 38 18 17 11 9 9 6 5 1 1 0 0 0 0 0 0 0 0
"173" 173 0.0 138 133 130 43 36 16 1 1 1 1 0 0 0 0 0 0 0 0 0 0
"174" 174 0.124401913876 177 147 72 66 29 4 2 2 1 0 0 0 0 0 0 0 0 0 0 0
"175" 175 0.0 432 68 0 0 0 0 0 0 0 0 0 0 0 0 0 0 0 0 0 0
"176" 176 0.184397163121 201 118 100 33 24 16 4 2 2 0 0 0 0 0 0 0 0 0 0 0
"177" 177 0.0 200 146 79 37 14 9 5 4 3 2 1 0 0 0 0 0 0 0 0 0
"178" 178 0.0380228136882 252 247 1 0 0 0 0 0 0 0 0 0 0 0 0 0 0 0 0 0
"179" 179 0.125 107 97 97 91 58 25 12 6 3 2 1 1 0 0 0 0 0 0 0 0
"180" 180 0.38578680203 334 74 25 19 18 9 5 5 4 2 2 1 1 1 0 0 0 0 0 0
"181" 181 0.870813397129 206 141 58 27 22 20 12 7 2 2 1 1 1 0 0 0 0 0 0 0
"182" 182 0.59585492228 191 144 79 44 21 8 5 3 2 2 1 0 0 0 0 0 0 0 0 0
"183" 183 0.25 146 124 100 60 21 21 19 7 2 0 0 0 0 0 0 0 0 0 0 0
"184" 184 0.597014925373 177 84 70 68 67 12 9 8 5 0 0 0 0 0 0 0 0 0 0 0
"185" 185 0.238805970149 400 25 24 13 10 9 8 4 4 3 0 0 0 0 0 0 0 0 0 0
"186" 186 0.441605839416 367 55 26 22 21 3 2 2 1 1 0 0 0 0 0 0 0 0 0 0
"187" 187 0.430051813472 306 129 38 10 9 2 2 2 1 1 0 0 0 0 0 0 0 0 0 0
"188" 188 0.109452736318 205 100 96 52 38 4 4 1 0 0 0 0 0 0 0 0 0 0 0 0
"189" 189 0.414507772021 299 68 39 38 25 17 8 3 3 0 0 0 0 0 0 0 0 0 0 0
"190" 190 0.0229885057471 165 141 66 51 42 35 0 0 0 0 0 0 0 0 0 0 0 0 0 0
"191" 191 0.197674418605 318 98 31 18 12 9 6 4 3 1 0 0 0 0 0 0 0 0 0 0
"192" 192 0.0 230 139 128 3 0 0 0 0 0 0 0 0 0 0 0 0 0 0 0 0
"193" 193 0.43023255814 326 92 40 17 12 9 3 1 0 0 0 0 0 0 0 0 0 0 0 0
"194" 194 0.266666666667 239 154 76 30 1 0 0 0 0 0 0 0 0 0 0 0 0 0 0 0
"195" 195 0.321167883212 107 95 92 72 33 28 21 19 16 11 2 2 1 1 0 0 0 0 0 0
"196" 196 0.486607142857 193 157 85 50 8 5 1 1 0 0 0 0 0 0 0 0 0 0 0 0
"197" 197 0.191860465116 331 131 13 11 4 4 3 3 0 0 0 0 0 0 0 0 0 0 0 0
"198" 198 0.0199004975124 281 109 101 7 2 0 0 0 0 0 0 0 0 0 0 0 0 0 0 0
"199" 199 0.25 176 144 69 55 32 7 7 4 4 2 0 0 0 0 0 0 0 0 0 0
"200" 200 0.367713004484 214 130 107 20 12 7 6 4 0 0 0 0 0 0 0 0 0 0 0 0
"201" 201 0.175182481752 213 93 88 50 25 13 10 6 1 1 0 0 0 0 0 0 0 0 0 0
"202" 202 0.102661596958 261 117 76 15 12 6 6 3 3 1 0 0 0 0 0 0 0 0 0 0
"203" 203 0.521897810219 134 116 92 48 29 24 23 13 10 10 1 0 0 0 0 0 0 0 0 0
"204" 204 0.354066985646 182 140 85 65 11 7 6 3 1 0 0 0 0 0 0 0 0 0 0 0
"205" 205 0.0769230769231 297 88 88 27 0 0 0 0 0 0 0 0 0 0 0 0 0 0 0 0
"206" 206 0.0761421319797 153 145 67 59 26 23 7 6 5 3 2 2 1 1 0 0 0 0 0 0
"207" 207 0.311258278146 165 115 114 60 18 17 8 1 1 1 0 0 0 0 0 0 0 0 0 0
"208" 208 0.394871794872 113 109 97 49 33 29 26 15 12 11 4 2 0 0 0 0 0 0 0 0
"209" 209 0.149253731343 214 73 65 52 30 27 12 7 6 5 3 3 2 1 0 0 0 0 0 0
"210" 210 0.493670886076 388 48 29 14 7 5 3 2 2 1 1 0 0 0 0 0 0 0 0 0
"211" 211 0.716417910448 187 178 72 38 9 8 4 3 1 0 0 0 0 0 0 0 0 0 0 0
"212" 212 0.835443037975 152 142 88 61 23 19 11 2 1 1 0 0 0 0 0 0 0 0 0 0
