"site" "RSA" "aa1" "aa2" "aa3" "aa4" "aa5" "aa6" "aa7" "aa8" "aa9" "aa10" "aa11" "aa12" "aa13" "aa14" "aa15" "aa16" "aa17" "aa18" "aa19" "aa20"
"0" 0 0.645348837209 164 86 64 33 28 26 26 15 13 9 8 8 7 6 3 2 2 0 0 0
"1" 1 0.451923076923 499 1 0 0 0 0 0 0 0 0 0 0 0 0 0 0 0 0 0 0
"2" 2 0.788461538462 500 0 0 0 0 0 0 0 0 0 0 0 0 0 0 0 0 0 0 0
"3" 3 0.743119266055 109 101 95 65 43 32 14 12 12 10 3 1 1 1 1 0 0 0 0 0
"4" 4 0.519379844961 121 109 46 36 30 21 20 18 18 15 14 13 9 9 9 7 3 1 1 0
"5" 5 0.0993377483444 217 126 65 17 17 13 11 9 8 5 4 3 2 2 1 0 0 0 0 0
"6" 6 0.704641350211 244 102 51 39 19 15 10 7 3 3 2 2 1 1 1 0 0 0 0 0
"7" 7 0.187943262411 185 82 60 28 26 22 20 18 15 12 9 8 7 7 1 0 0 0 0 0
"8" 8 0.0829015544041 227 72 59 46 24 21 17 7 5 5 5 5 4 2 1 0 0 0 0 0
"9" 9 0.533632286996 179 108 101 37 17 16 12 11 7 5 3 2 2 0 0 0 0 0 0 0
"10" 10 0.362869198312 92 87 71 64 37 37 35 30 20 13 3 3 2 2 2 1 1 0 0 0
"11" 11 0.0 285 80 53 43 19 5 4 3 3 2 2 1 0 0 0 0 0 0 0 0
"12" 12 0.0137614678899 190 96 39 28 27 23 23 21 19 9 6 6 6 4 3 0 0 0 0 0
"13" 13 0.259067357513 192 99 58 54 34 32 14 8 6 1 1 1 0 0 0 0 0 0 0 0
"14" 14 0.0761421319797 146 110 89 39 23 18 15 14 11 11 7 6 5 3 2 1 0 0 0 0
"15" 15 0.0 449 49 2 0 0 0 0 0 0 0 0 0 0 0 0 0 0 0 0 0
"16" 16 0.174904942966 115 69 56 55 42 39 36 29 14 14 9 9 6 3 2 1 1 0 0 0
"17" 17 0.424107142857 326 77 47 21 9 6 4 3 2 2 1 1 1 0 0 0 0 0 0 0
"18" 18 0.0714285714286 298 117 59 14 6 3 2 1 0 0 0 0 0 0 0 0 0 0 0 0
"19" 19 0.0077519379845 427 70 2 1 0 0 0 0 0 0 0 0 0 0 0 0 0 0 0 0
"20" 20 0.243781094527 149 109 102 73 27 9 8 4 4 4 4 4 1 1 1 0 0 0 0 0
"21" 21 0.358208955224 215 185 61 10 9 8 7 2 1 1 1 0 0 0 0 0 0 0 0 0
"22" 22 0.0 248 245 3 2 1 1 0 0 0 0 0 0 0 0 0 0 0 0 0 0
"23" 23 0.212927756654 244 79 65 32 28 26 9 7 3 2 2 2 1 0 0 0 0 0 0 0
"24" 24 0.679324894515 136 103 82 52 45 23 20 19 8 7 4 1 0 0 0 0 0 0 0 0
"25" 25 0.464285714286 147 114 36 34 34 28 27 25 16 16 10 5 4 2 1 1 0 0 0 0
"26" 26 0.307692307692 482 18 0 0 0 0 0 0 0 0 0 0 0 0 0 0 0 0 0 0
"27" 27 0.0 275 111 82 20 5 4 1 1 1 0 0 0 0 0 0 0 0 0 0 0
"28" 28 0.0 365 35 32 16 14 11 9 8 4 2 1 1 1 1 0 0 0 0 0 0
"29" 29 0.0188679245283 465 35 0 0 0 0 0 0 0 0 0 0 0 0 0 0 0 0 0 0
"30" 30 0.0355329949239 133 125 97 41 38 27 11 7 6 5 3 3 2 2 0 0 0 0 0 0
"31" 31 0.0 499 1 0 0 0 0 0 0 0 0 0 0 0 0 0 0 0 0 0 0
"32" 32 0.0 497 3 0 0 0 0 0 0 0 0 0 0 0 0 0 0 0 0 0 0
"33" 33 0.0 237 159 94 6 3 1 0 0 0 0 0 0 0 0 0 0 0 0 0 0
"34" 34 0.0 322 69 53 44 6 2 2 1 1 0 0 0 0 0 0 0 0 0 0 0
"35" 35 0.0 155 65 63 59 53 43 23 11 11 10 3 2 1 1 0 0 0 0 0 0
"36" 36 0.174358974359 160 126 115 55 13 9 7 4 4 3 2 1 1 0 0 0 0 0 0 0
"37" 37 0.158974358974 122 73 68 53 45 38 24 23 13 11 10 7 5 3 2 2 1 0 0 0
"38" 38 0.666666666667 145 143 43 41 33 32 19 14 13 6 4 3 1 1 1 1 0 0 0 0
"39" 39 0.435233160622 134 82 73 39 38 37 32 23 17 16 4 3 2 0 0 0 0 0 0 0
"40" 40 0.0 464 12 11 6 5 2 0 0 0 0 0 0 0 0 0 0 0 0 0 0
"41" 41 0.35761589404 111 85 72 45 37 34 33 31 21 17 10 2 1 1 0 0 0 0 0 0
"42" 42 0.316091954023 141 87 73 72 70 20 16 8 5 4 3 1 0 0 0 0 0 0 0 0
"43" 43 0.238805970149 354 33 32 32 26 10 2 2 2 2 2 1 1 1 0 0 0 0 0 0
"44" 44 0.0769230769231 448 29 23 0 0 0 0 0 0 0 0 0 0 0 0 0 0 0 0 0
"45" 45 0.310218978102 369 92 10 8 7 4 2 2 2 1 1 1 1 0 0 0 0 0 0 0
"46" 46 0.00961538461538 483 9 8 0 0 0 0 0 0 0 0 0 0 0 0 0 0 0 0 0
"47" 47 0.0813397129187 402 44 16 14 11 10 1 1 1 0 0 0 0 0 0 0 0 0 0 0
"48" 48 0.0 230 119 86 39 12 7 3 2 1 1 0 0 0 0 0 0 0 0 0 0
"49" 49 0.174311926606 171 97 55 43 33 20 19 18 16 11 6 4 3 3 1 0 0 0 0 0
"50" 50 0.0948905109489 192 79 72 30 28 23 20 15 14 12 4 3 3 2 1 1 1 0 0 0
"51" 51 0.330543933054 95 90 88 45 43 24 23 13 12 11 11 10 10 10 5 4 4 2 0 0
"52" 52 0.255605381166 166 62 55 54 28 25 18 17 15 13 12 12 10 5 5 3 0 0 0 0
"53" 53 0.57805907173 112 69 65 53 49 45 38 25 22 16 3 2 1 0 0 0 0 0 0 0
"54" 54 0.682692307692 374 114 5 3 2 1 1 0 0 0 0 0 0 0 0 0 0 0 0 0
"55" 55 0.12582781457 243 57 46 35 30 21 20 8 8 7 6 6 6 3 1 1 1 1 0 0
"56" 56 0.565891472868 150 67 65 41 35 30 24 24 23 17 11 8 3 1 1 0 0 0 0 0
"57" 57 0.482558139535 238 45 42 34 29 24 23 23 18 16 3 2 2 1 0 0 0 0 0 0
"58" 58 0.119402985075 178 70 62 59 50 18 17 11 10 8 5 4 3 2 1 1 1 0 0 0
"59" 59 0.0717703349282 292 81 48 42 15 12 3 2 2 1 1 1 0 0 0 0 0 0 0 0
"60" 60 0.00961538461538 331 134 33 1 1 0 0 0 0 0 0 0 0 0 0 0 0 0 0 0
"61" 61 0.0357142857143 252 91 50 41 21 13 11 10 5 4 2 0 0 0 0 0 0 0 0 0
"62" 62 0.147208121827 69 69 65 62 60 46 27 24 17 15 13 9 9 8 6 1 0 0 0 0
"63" 63 0.0264900662252 244 166 23 21 15 10 7 5 3 3 2 1 0 0 0 0 0 0 0 0
"64" 64 0.0 266 209 11 10 4 0 0 0 0 0 0 0 0 0 0 0 0 0 0 0
"65" 65 0.0746268656716 278 59 55 30 26 14 9 6 6 5 4 4 3 1 0 0 0 0 0 0
"66" 66 0.598214285714 90 68 63 53 50 41 41 23 23 17 13 11 4 1 1 1 0 0 0 0
"67" 67 0.471794871795 250 91 45 40 22 15 13 7 5 4 3 3 2 0 0 0 0 0 0 0
"68" 68 0.113924050633 237 127 71 42 10 6 3 1 1 1 1 0 0 0 0 0 0 0 0 0
"69" 69 0.384615384615 500 0 0 0 0 0 0 0 0 0 0 0 0 0 0 0 0 0 0 0
"70" 70 0.930656934307 210 103 62 44 36 25 15 4 1 0 0 0 0 0 0 0 0 0 0 0
"71" 71 0.278606965174 297 68 50 40 13 6 6 4 3 3 3 2 2 2 1 0 0 0 0 0
"72" 72 0.65625 117 87 81 71 41 33 21 19 15 9 4 2 0 0 0 0 0 0 0 0
"73" 73 0.317307692308 113 94 86 44 43 27 20 15 15 14 11 8 5 3 2 0 0 0 0 0
"74" 74 0.64135021097 162 104 99 43 41 14 14 7 6 5 2 2 1 0 0 0 0 0 0 0
"75" 75 0.137931034483 111 97 75 58 52 43 25 8 8 7 6 5 4 1 0 0 0 0 0 0
"76" 76 0.0152091254753 269 132 88 6 2 1 1 1 0 0 0 0 0 0 0 0 0 0 0 0
"77" 77 0.451476793249 215 55 50 43 36 22 22 21 7 7 7 6 5 2 2 0 0 0 0 0
"78" 78 0.341968911917 162 81 66 62 62 51 5 4 2 2 1 1 1 0 0 0 0 0 0 0
"79" 79 0.0 264 122 85 13 7 4 2 1 1 1 0 0 0 0 0 0 0 0 0 0
"80" 80 0.0 179 101 58 56 46 25 11 10 6 6 1 1 0 0 0 0 0 0 0 0
"81" 81 0.0 228 211 22 15 11 8 3 1 1 0 0 0 0 0 0 0 0 0 0 0
"82" 82 0.0 208 81 76 57 36 24 7 7 3 1 0 0 0 0 0 0 0 0 0 0
"83" 83 0.0 267 175 26 22 4 3 2 1 0 0 0 0 0 0 0 0 0 0 0 0
"84" 84 0.0348837209302 326 168 2 2 1 1 0 0 0 0 0 0 0 0 0 0 0 0 0 0
"85" 85 0.0199004975124 131 129 114 60 24 12 11 10 5 2 1 1 0 0 0 0 0 0 0 0
"86" 86 0.0132450331126 218 216 24 20 16 2 2 1 1 0 0 0 0 0 0 0 0 0 0 0
"87" 87 0.0 202 99 92 64 26 7 3 2 2 1 1 1 0 0 0 0 0 0 0 0
"88" 88 0.113924050633 339 114 19 13 13 1 1 0 0 0 0 0 0 0 0 0 0 0 0 0
"89" 89 0.533678756477 149 132 91 30 24 23 15 12 10 7 4 2 1 0 0 0 0 0 0 0
"90" 90 0.366972477064 172 99 52 48 22 21 19 15 15 11 11 8 7 0 0 0 0 0 0 0
"91" 91 0.0 221 178 50 29 6 5 3 2 2 2 1 1 0 0 0 0 0 0 0 0
"92" 92 0.00581395348837 320 72 44 39 9 8 4 1 1 1 1 0 0 0 0 0 0 0 0 0
"93" 93 0.307692307692 156 78 73 61 52 27 19 12 8 5 4 3 2 0 0 0 0 0 0 0
"94" 94 0.116279069767 117 78 59 44 34 24 23 21 20 17 16 11 11 9 7 4 3 2 0 0
"95" 95 0.0 247 83 59 38 22 19 10 9 6 2 2 2 1 0 0 0 0 0 0 0
"96" 96 0.0964467005076 143 97 73 49 30 27 19 17 15 9 7 6 3 2 2 1 0 0 0 0
"97" 97 0.577981651376 161 93 87 28 25 23 23 22 16 5 5 3 3 3 2 1 0 0 0 0
"98" 98 0.296577946768 171 137 128 50 5 3 3 2 1 0 0 0 0 0 0 0 0 0 0 0
"99" 99 0.211538461538 290 108 41 22 12 11 11 4 1 0 0 0 0 0 0 0 0 0 0 0
"100" 100 0.0 455 26 6 5 3 3 2 0 0 0 0 0 0 0 0 0 0 0 0 0
"101" 101 0.251572327044 160 115 79 47 30 22 18 12 9 3 2 2 1 0 0 0 0 0 0 0
"102" 102 0.0401459854015 298 47 45 34 22 15 10 9 8 7 2 1 1 1 0 0 0 0 0 0
"103" 103 0.00632911392405 172 117 60 49 41 36 12 6 3 2 2 0 0 0 0 0 0 0 0 0
"104" 104 0.00574712643678 164 92 72 37 37 35 25 10 7 6 5 4 3 2 1 0 0 0 0 0
"105" 105 0.0 298 56 41 24 23 21 20 8 5 2 1 1 0 0 0 0 0 0 0 0
"106" 106 0.0 477 20 3 0 0 0 0 0 0 0 0 0 0 0 0 0 0 0 0 0
"107" 107 0.00446428571429 412 57 15 5 5 4 1 1 0 0 0 0 0 0 0 0 0 0 0 0
"108" 108 0.210256410256 305 142 18 17 7 4 3 2 1 1 0 0 0 0 0 0 0 0 0 0
"109" 109 0.5 176 68 65 37 27 24 23 21 17 16 9 5 4 4 2 2 0 0 0 0
"110" 110 0.174358974359 148 132 55 49 27 26 24 13 8 5 5 4 1 1 1 1 0 0 0 0
"111" 111 0.154811715481 214 202 33 24 7 7 3 3 2 2 2 1 0 0 0 0 0 0 0 0
"112" 112 0.481012658228 110 109 85 61 58 31 15 12 10 5 2 1 1 0 0 0 0 0 0 0
"113" 113 0.139072847682 417 64 7 6 2 1 1 1 1 0 0 0 0 0 0 0 0 0 0 0
"114" 114 0.746835443038 197 116 87 57 16 13 11 2 1 0 0 0 0 0 0 0 0 0 0 0
"115" 115 0.0 413 47 35 3 1 1 0 0 0 0 0 0 0 0 0 0 0 0 0 0
"116" 116 0.0580357142857 135 117 63 36 34 33 19 18 16 13 4 3 3 2 2 1 1 0 0 0
"117" 117 0.523206751055 248 92 54 42 25 12 10 10 3 2 1 1 0 0 0 0 0 0 0 0
"118" 118 0.410646387833 288 59 50 35 26 17 8 6 5 2 2 2 0 0 0 0 0 0 0 0
"119" 119 0.0 443 21 10 8 6 5 3 2 1 1 0 0 0 0 0 0 0 0 0 0
"120" 120 0.385650224215 174 144 85 50 18 13 6 5 3 1 1 0 0 0 0 0 0 0 0 0
"121" 121 0.593023255814 281 77 49 20 19 18 18 5 5 3 2 1 1 1 0 0 0 0 0 0
"122" 122 0.463503649635 155 144 65 31 28 20 9 9 9 9 8 4 4 2 1 1 1 0 0 0
"123" 123 0.673076923077 500 0 0 0 0 0 0 0 0 0 0 0 0 0 0 0 0 0 0 0
"124" 124 0.105263157895 218 180 49 35 10 3 2 2 1 0 0 0 0 0 0 0 0 0 0 0
"125" 125 0.205357142857 201 92 79 27 21 19 14 13 10 9 5 4 3 3 0 0 0 0 0 0
"126" 126 0.172413793103 455 19 5 5 4 3 3 2 2 1 1 0 0 0 0 0 0 0 0 0
"127" 127 0.241379310345 290 79 36 19 16 14 13 8 6 6 5 3 2 1 1 1 0 0 0 0
"128" 128 0.316091954023 275 76 39 37 29 27 6 4 3 2 1 1 0 0 0 0 0 0 0 0
"129" 129 0.385057471264 157 70 59 41 40 30 15 14 14 11 10 9 9 8 7 5 1 0 0 0
"130" 130 0.388601036269 246 136 44 22 17 15 9 5 3 2 1 0 0 0 0 0 0 0 0 0
"131" 131 0.0880829015544 328 64 58 10 9 8 8 6 4 3 2 0 0 0 0 0 0 0 0 0
"132" 132 0.401785714286 224 61 56 54 41 19 17 14 6 4 2 2 0 0 0 0 0 0 0 0
"133" 133 0.346715328467 98 94 88 87 70 16 15 13 8 4 3 2 2 0 0 0 0 0 0 0
"134" 134 0.0316455696203 173 140 82 41 24 18 11 6 2 1 1 1 0 0 0 0 0 0 0 0
"135" 135 0.139240506329 245 66 59 57 34 13 10 9 2 2 2 1 0 0 0 0 0 0 0 0
"136" 136 0.620253164557 129 92 72 69 38 31 24 18 16 4 3 3 1 0 0 0 0 0 0 0
"137" 137 0.0746268656716 385 35 19 18 17 9 6 5 2 1 1 1 1 0 0 0 0 0 0 0
"138" 138 0.0183486238532 339 34 29 18 14 14 14 13 8 6 6 3 2 0 0 0 0 0 0 0
"139" 139 0.379746835443 139 128 74 73 16 15 13 10 8 7 6 5 2 1 1 1 1 0 0 0
"140" 140 0.434977578475 158 126 74 37 30 19 17 10 9 8 8 3 1 0 0 0 0 0 0 0
"141" 141 0.0 255 196 26 22 1 0 0 0 0 0 0 0 0 0 0 0 0 0 0 0
"142" 142 0.152284263959 171 93 60 31 29 25 23 16 13 12 12 6 4 4 1 0 0 0 0 0
"143" 143 0.518134715026 97 96 91 69 40 40 22 10 9 9 6 5 4 1 1 0 0 0 0 0
"144" 144 0.424107142857 194 131 53 43 39 14 7 5 4 4 2 2 1 1 0 0 0 0 0 0
"145" 145 0.229927007299 272 180 23 22 3 0 0 0 0 0 0 0 0 0 0 0 0 0 0 0
"146" 146 0.352201257862 219 126 63 31 29 10 8 7 2 2 1 1 1 0 0 0 0 0 0 0
"147" 147 0.57399103139 206 138 64 35 23 15 7 5 4 2 1 0 0 0 0 0 0 0 0 0
"148" 148 0.217616580311 232 130 33 31 26 19 7 6 6 4 3 2 1 0 0 0 0 0 0 0
"149" 149 0.0390070921986 208 145 44 42 20 14 9 5 5 3 3 1 1 0 0 0 0 0 0 0
"150" 150 0.338912133891 141 134 86 55 47 13 10 10 4 0 0 0 0 0 0 0 0 0 0 0
"151" 151 0.433035714286 179 86 70 49 30 25 19 12 11 8 5 4 1 1 0 0 0 0 0 0
"152" 152 0.020725388601 199 73 66 63 35 18 13 6 6 6 5 3 3 2 1 1 0 0 0 0
"153" 153 0.218274111675 192 160 88 20 13 12 8 2 1 1 1 1 1 0 0 0 0 0 0 0
"154" 154 0.625 377 119 1 1 1 1 0 0 0 0 0 0 0 0 0 0 0 0 0 0
"155" 155 0.71875 203 172 30 27 22 18 11 8 4 2 1 1 1 0 0 0 0 0 0 0
