"site" "RSA" "aa1" "aa2" "aa3" "aa4" "aa5" "aa6" "aa7" "aa8" "aa9" "aa10" "aa11" "aa12" "aa13" "aa14" "aa15" "aa16" "aa17" "aa18" "aa19" "aa20"
"0" 0 0.261627906977 204 67 52 48 45 31 26 17 5 3 1 1 0 0 0 0 0 0 0 0
"1" 1 0.623574144487 189 86 63 38 36 25 24 10 9 8 5 4 2 1 0 0 0 0 0 0
"2" 2 0.360465116279 211 136 109 28 10 3 1 1 1 0 0 0 0 0 0 0 0 0 0 0
"3" 3 0.279069767442 162 88 65 51 42 31 25 16 7 6 5 1 1 0 0 0 0 0 0 0
"4" 4 0.0875912408759 194 139 43 41 25 20 15 11 6 4 1 1 0 0 0 0 0 0 0 0
"5" 5 0.107623318386 176 86 47 32 31 25 24 21 19 18 16 4 1 0 0 0 0 0 0 0
"6" 6 0.0659898477157 231 117 83 26 17 10 7 5 2 1 1 0 0 0 0 0 0 0 0 0
"7" 7 0.0 500 0 0 0 0 0 0 0 0 0 0 0 0 0 0 0 0 0 0 0
"8" 8 0.062015503876 304 107 38 29 12 4 3 1 1 1 0 0 0 0 0 0 0 0 0 0
"9" 9 0.282700421941 213 75 58 51 29 16 14 14 12 7 5 2 1 1 1 1 0 0 0 0
"10" 10 0.0820512820513 225 87 76 37 25 19 8 8 7 4 3 1 0 0 0 0 0 0 0 0
"11" 11 0.21511627907 234 98 41 35 34 30 7 6 5 5 3 1 1 0 0 0 0 0 0 0
"12" 12 0.55223880597 84 75 72 60 59 49 26 19 17 12 11 5 5 5 1 0 0 0 0 0
"13" 13 0.379464285714 200 67 55 47 41 41 36 7 3 2 1 0 0 0 0 0 0 0 0 0
"14" 14 0.0152091254753 211 135 48 38 30 7 7 6 6 5 3 1 1 1 1 0 0 0 0 0
"15" 15 0.210970464135 103 102 85 67 53 26 21 21 9 5 3 2 1 1 1 0 0 0 0 0
"16" 16 0.0114942528736 189 138 37 29 23 20 19 17 9 6 3 3 2 2 2 1 0 0 0 0
"17" 17 0.0342205323194 217 205 44 25 3 2 2 1 1 0 0 0 0 0 0 0 0 0 0 0
"18" 18 0.00507614213198 246 144 65 23 18 2 1 1 0 0 0 0 0 0 0 0 0 0 0 0
"19" 19 0.111607142857 197 188 65 26 13 7 2 1 1 0 0 0 0 0 0 0 0 0 0 0
"20" 20 0.367088607595 299 107 28 24 14 7 5 4 3 3 2 2 1 1 0 0 0 0 0 0
"21" 21 0.580310880829 372 93 10 9 3 3 3 2 2 2 1 0 0 0 0 0 0 0 0 0
"22" 22 0.336538461538 474 24 2 0 0 0 0 0 0 0 0 0 0 0 0 0 0 0 0 0
"23" 23 0.354430379747 111 110 59 51 42 25 24 23 21 18 4 3 3 2 2 1 1 0 0 0
"24" 24 0.0 152 148 83 62 37 13 2 1 1 1 0 0 0 0 0 0 0 0 0 0
"25" 25 0.0459770114943 356 64 34 16 12 7 6 2 2 1 0 0 0 0 0 0 0 0 0 0
"26" 26 0.0 385 84 15 13 3 0 0 0 0 0 0 0 0 0 0 0 0 0 0 0
"27" 27 0.0077519379845 390 71 19 10 3 2 2 1 1 1 0 0 0 0 0 0 0 0 0 0
"28" 28 0.0 366 45 45 10 9 9 3 3 3 3 3 1 0 0 0 0 0 0 0 0
"29" 29 0.0 440 36 7 5 3 3 2 2 1 1 0 0 0 0 0 0 0 0 0 0
"30" 30 0.0310880829016 384 89 23 4 0 0 0 0 0 0 0 0 0 0 0 0 0 0 0 0
"31" 31 0.0 381 79 16 10 7 2 2 1 1 1 0 0 0 0 0 0 0 0 0 0
"32" 32 0.327044025157 179 145 65 50 45 7 6 3 0 0 0 0 0 0 0 0 0 0 0 0
"33" 33 0.00497512437811 277 88 39 37 36 8 6 3 2 1 1 1 1 0 0 0 0 0 0 0
"34" 34 0.269961977186 350 128 11 8 1 1 1 0 0 0 0 0 0 0 0 0 0 0 0 0
"35" 35 0.395348837209 132 86 67 44 35 25 19 18 16 13 12 8 7 5 5 4 3 1 0 0
"36" 36 0.243523316062 317 58 43 15 14 11 8 6 6 5 5 4 3 3 1 1 0 0 0 0
"37" 37 0.607594936709 240 62 49 41 40 23 23 10 7 3 2 0 0 0 0 0 0 0 0 0
"38" 38 0.607142857143 187 165 70 42 19 7 5 2 1 1 1 0 0 0 0 0 0 0 0 0
"39" 39 0.553846153846 250 69 45 35 31 20 19 18 7 4 2 0 0 0 0 0 0 0 0 0
"40" 40 0.210256410256 132 81 78 70 42 28 27 20 11 8 2 1 0 0 0 0 0 0 0 0
"41" 41 0.131979695431 136 111 105 39 32 21 16 12 8 7 6 3 2 1 1 0 0 0 0 0
"42" 42 0.00418410041841 320 81 66 12 8 6 6 1 0 0 0 0 0 0 0 0 0 0 0 0
"43" 43 0.0358974358974 169 129 56 34 25 24 18 16 8 7 5 3 3 2 1 0 0 0 0 0
"44" 44 0.0 238 151 27 23 20 15 13 8 3 2 0 0 0 0 0 0 0 0 0 0
"45" 45 0.0 238 181 21 21 19 12 3 2 2 1 0 0 0 0 0 0 0 0 0 0
"46" 46 0.0 288 124 53 11 9 7 4 2 1 1 0 0 0 0 0 0 0 0 0 0
"47" 47 0.0535714285714 272 159 28 16 13 6 4 1 1 0 0 0 0 0 0 0 0 0 0 0
"48" 48 0.0 441 38 10 8 2 1 0 0 0 0 0 0 0 0 0 0 0 0 0 0
"49" 49 0.0943396226415 212 100 92 29 26 25 8 5 3 0 0 0 0 0 0 0 0 0 0 0
"50" 50 0.105839416058 323 94 28 26 8 7 6 2 2 1 1 1 1 0 0 0 0 0 0 0
"51" 51 0.446808510638 388 46 39 6 5 5 5 4 2 0 0 0 0 0 0 0 0 0 0 0
"52" 52 0.28488372093 124 123 103 56 31 25 17 14 4 1 1 1 0 0 0 0 0 0 0 0
"53" 53 0.0820512820513 223 125 40 26 26 14 9 7 6 5 5 5 5 4 0 0 0 0 0 0
"54" 54 0.062015503876 131 115 97 50 47 21 15 11 4 3 2 2 1 1 0 0 0 0 0 0
"55" 55 0.0675105485232 418 25 17 11 10 5 4 3 3 2 1 1 0 0 0 0 0 0 0 0
"56" 56 0.0248756218905 190 131 54 22 16 15 12 11 11 8 8 7 6 4 3 2 0 0 0 0
"57" 57 0.183035714286 180 135 81 35 26 25 7 6 4 1 0 0 0 0 0 0 0 0 0 0
"58" 58 0.0152284263959 204 155 83 25 11 9 5 4 3 1 0 0 0 0 0 0 0 0 0 0
"59" 59 0.110465116279 429 15 11 11 7 6 6 6 5 2 1 1 0 0 0 0 0 0 0 0
"60" 60 0.189781021898 203 95 83 56 14 11 10 9 6 5 4 2 1 1 0 0 0 0 0 0
"61" 61 0.433035714286 307 49 45 36 12 11 11 9 7 5 4 3 1 0 0 0 0 0 0 0
"62" 62 0.334821428571 135 81 54 54 46 45 39 13 10 9 4 3 2 2 1 1 1 0 0 0
"63" 63 0.267441860465 270 51 44 31 28 21 20 10 9 6 3 2 2 2 1 0 0 0 0 0
"64" 64 0.0 233 139 75 25 9 8 6 2 1 1 1 0 0 0 0 0 0 0 0 0
"65" 65 0.0 253 87 82 66 5 3 2 1 1 0 0 0 0 0 0 0 0 0 0 0
"66" 66 0.0 325 102 44 26 1 1 1 0 0 0 0 0 0 0 0 0 0 0 0 0
"67" 67 0.0 443 23 12 6 5 4 3 2 1 1 0 0 0 0 0 0 0 0 0 0
"68" 68 0.157360406091 146 145 74 64 17 15 12 10 10 3 3 1 0 0 0 0 0 0 0 0
"69" 69 0.0358744394619 134 97 79 58 44 29 12 11 10 9 7 5 3 1 1 0 0 0 0 0
"70" 70 0.20725388601 125 91 60 53 46 45 29 18 15 5 4 3 2 2 1 1 0 0 0 0
"71" 71 0.348837209302 99 95 84 61 40 23 23 19 15 9 8 7 5 5 2 2 2 1 0 0
"72" 72 0.409282700422 365 32 23 14 14 10 7 7 5 5 4 4 3 3 2 2 0 0 0 0
"73" 73 0.776371308017 462 34 3 1 0 0 0 0 0 0 0 0 0 0 0 0 0 0 0 0
"74" 74 0.5 469 31 0 0 0 0 0 0 0 0 0 0 0 0 0 0 0 0 0 0
"75" 75 0.451476793249 102 79 67 66 41 28 27 21 19 16 15 10 3 3 2 1 0 0 0 0
"76" 76 0.18407960199 216 75 44 37 37 29 15 15 7 6 4 4 3 2 2 2 1 1 0 0
"77" 77 0.124087591241 127 96 67 60 56 36 15 13 10 5 4 3 3 2 1 1 1 0 0 0
"78" 78 0.112970711297 234 128 97 11 11 4 4 4 4 2 1 0 0 0 0 0 0 0 0 0
"79" 79 0.0 186 87 41 39 35 31 17 14 14 8 7 6 6 5 2 2 0 0 0 0
"80" 80 0.167883211679 261 62 35 30 22 22 19 15 9 8 5 3 3 2 2 2 0 0 0 0
"81" 81 0.0358974358974 147 105 80 62 38 29 22 6 3 2 2 2 1 1 0 0 0 0 0 0
"82" 82 0.0569620253165 226 166 37 24 12 10 10 9 3 2 1 0 0 0 0 0 0 0 0 0
"83" 83 0.359832635983 223 97 74 48 25 16 12 3 2 0 0 0 0 0 0 0 0 0 0 0
"84" 84 0.465408805031 349 66 45 30 6 2 1 1 0 0 0 0 0 0 0 0 0 0 0 0
"85" 85 0.0765550239234 307 154 9 8 8 5 3 3 2 1 0 0 0 0 0 0 0 0 0 0
"86" 86 0.454545454545 192 64 56 43 42 22 18 17 12 11 10 4 4 4 1 0 0 0 0 0
"87" 87 0.0 500 0 0 0 0 0 0 0 0 0 0 0 0 0 0 0 0 0 0 0
"88" 88 0.0 235 161 42 24 20 8 5 4 1 0 0 0 0 0 0 0 0 0 0 0
"89" 89 0.106598984772 233 110 74 72 5 2 2 1 1 0 0 0 0 0 0 0 0 0 0 0
"90" 90 0.00956937799043 314 61 47 27 15 12 11 7 2 1 1 1 1 0 0 0 0 0 0 0
"91" 91 0.0 300 133 41 11 6 4 3 1 1 0 0 0 0 0 0 0 0 0 0 0
"92" 92 0.0342205323194 331 90 36 13 11 9 6 2 1 1 0 0 0 0 0 0 0 0 0 0
"93" 93 0.0 500 0 0 0 0 0 0 0 0 0 0 0 0 0 0 0 0 0 0 0
"94" 94 0.0077519379845 147 107 73 35 24 23 22 16 15 15 11 8 3 1 0 0 0 0 0 0
"95" 95 0.0 157 136 99 37 32 11 11 8 3 2 2 1 1 0 0 0 0 0 0 0
"96" 96 0.0062893081761 273 128 98 1 0 0 0 0 0 0 0 0 0 0 0 0 0 0 0 0
"97" 97 0.103139013453 223 179 83 5 4 4 2 0 0 0 0 0 0 0 0 0 0 0 0 0
"98" 98 0.0 330 165 5 0 0 0 0 0 0 0 0 0 0 0 0 0 0 0 0 0
"99" 99 0.00354609929078 294 112 60 31 2 1 0 0 0 0 0 0 0 0 0 0 0 0 0 0
"100" 100 0.0 258 118 55 32 22 7 6 1 1 0 0 0 0 0 0 0 0 0 0 0
"101" 101 0.134715025907 293 133 43 23 5 2 1 0 0 0 0 0 0 0 0 0 0 0 0 0
"102" 102 0.0880503144654 364 33 25 18 17 12 10 4 3 3 3 2 2 1 1 1 1 0 0 0
"103" 103 0.261538461538 97 94 65 54 43 42 35 28 19 10 5 4 1 1 1 1 0 0 0 0
"104" 104 0.419540229885 200 113 39 33 24 16 14 10 9 9 8 8 7 6 3 1 0 0 0 0
"105" 105 0.456953642384 100 63 63 54 42 35 30 27 24 18 13 7 7 7 6 3 1 0 0 0
"106" 106 0.0143540669856 350 44 42 26 16 10 7 3 1 1 0 0 0 0 0 0 0 0 0 0
"107" 107 0.641509433962 229 109 43 39 21 19 16 7 7 6 4 0 0 0 0 0 0 0 0 0
"108" 108 0.174107142857 153 113 79 42 36 35 20 17 2 1 1 1 0 0 0 0 0 0 0 0
"109" 109 0.0872093023256 215 130 71 51 11 11 3 3 2 1 1 1 0 0 0 0 0 0 0 0
"110" 110 0.691983122363 380 33 27 14 14 12 11 7 2 0 0 0 0 0 0 0 0 0 0 0
"111" 111 0.100775193798 215 180 65 18 12 5 3 1 1 0 0 0 0 0 0 0 0 0 0 0
"112" 112 0.33908045977 109 92 70 66 36 25 18 15 14 14 13 12 6 4 4 1 1 0 0 0
"113" 113 0.00961538461538 500 0 0 0 0 0 0 0 0 0 0 0 0 0 0 0 0 0 0 0
"114" 114 0.0984455958549 269 182 17 12 7 5 4 2 1 1 0 0 0 0 0 0 0 0 0 0
"115" 115 0.0666666666667 360 90 34 10 3 2 1 0 0 0 0 0 0 0 0 0 0 0 0 0
"116" 116 0.155440414508 193 168 51 51 24 11 1 1 0 0 0 0 0 0 0 0 0 0 0 0
"117" 117 0.0188679245283 243 154 31 17 15 13 12 8 6 1 0 0 0 0 0 0 0 0 0 0
"118" 118 0.0 275 112 62 15 11 11 4 4 2 2 1 1 0 0 0 0 0 0 0 0
"119" 119 0.0466321243523 328 89 16 11 11 11 9 9 7 3 3 1 1 1 0 0 0 0 0 0
"120" 120 0.0 196 166 76 33 20 6 1 1 1 0 0 0 0 0 0 0 0 0 0 0
"121" 121 0.0 137 128 103 91 33 4 2 1 1 0 0 0 0 0 0 0 0 0 0 0
"122" 122 0.00446428571429 322 73 61 15 15 8 3 2 1 0 0 0 0 0 0 0 0 0 0 0
"123" 123 0.0609137055838 413 28 16 14 10 7 4 3 2 2 1 0 0 0 0 0 0 0 0 0
"124" 124 0.0192307692308 352 90 39 7 6 3 2 1 0 0 0 0 0 0 0 0 0 0 0 0
"125" 125 0.566964285714 118 103 91 60 32 30 25 16 13 7 3 1 1 0 0 0 0 0 0 0
"126" 126 0.546511627907 82 81 65 63 44 37 35 34 17 14 9 8 7 3 1 0 0 0 0 0
"127" 127 0.406091370558 88 83 57 52 44 35 33 29 26 19 10 8 8 7 1 0 0 0 0 0
"128" 128 0.0697674418605 219 145 52 23 14 13 12 8 5 3 2 2 1 1 0 0 0 0 0 0
"129" 129 0.479087452471 203 79 65 49 40 18 12 10 8 4 4 3 3 1 1 0 0 0 0 0
"130" 130 0.0813953488372 415 21 21 18 12 8 3 1 1 0 0 0 0 0 0 0 0 0 0 0
"131" 131 0.0192307692308 500 0 0 0 0 0 0 0 0 0 0 0 0 0 0 0 0 0 0 0
"132" 132 0.14798206278 142 108 90 67 52 12 11 8 5 3 2 0 0 0 0 0 0 0 0 0
"133" 133 0.126436781609 327 126 15 15 5 4 4 2 1 1 0 0 0 0 0 0 0 0 0 0
"134" 134 0.042194092827 249 91 78 26 14 14 13 5 4 3 1 1 1 0 0 0 0 0 0 0
"135" 135 0.304932735426 156 91 53 47 33 29 28 21 11 10 7 4 3 3 2 2 0 0 0 0
"136" 136 0.0 227 191 68 7 4 3 0 0 0 0 0 0 0 0 0 0 0 0 0 0
"137" 137 0.130801687764 135 76 68 50 41 28 25 21 20 11 10 6 5 3 1 0 0 0 0 0
"138" 138 0.015503875969 70 69 65 63 62 57 42 29 16 10 7 5 2 1 1 1 0 0 0 0
"139" 139 0.0 253 64 54 41 33 21 9 5 4 4 4 3 3 2 0 0 0 0 0 0
"140" 140 0.0 500 0 0 0 0 0 0 0 0 0 0 0 0 0 0 0 0 0 0 0
"141" 141 0.0 193 93 84 70 12 11 7 7 7 7 5 3 1 0 0 0 0 0 0 0
"142" 142 0.0137614678899 225 131 56 32 14 12 8 7 6 3 3 1 1 1 0 0 0 0 0 0
"143" 143 0.0 323 84 22 16 13 11 9 9 5 4 3 1 0 0 0 0 0 0 0 0
"144" 144 0.0 262 125 47 25 12 7 6 5 3 3 3 1 1 0 0 0 0 0 0 0
"145" 145 0.119402985075 297 37 36 28 22 20 16 15 9 8 4 3 2 2 1 0 0 0 0 0
"146" 146 0.0362694300518 329 61 52 33 17 3 1 1 1 1 1 0 0 0 0 0 0 0 0 0
"147" 147 0.424107142857 276 125 40 16 14 9 8 7 4 1 0 0 0 0 0 0 0 0 0 0
"148" 148 0.509615384615 423 68 3 2 2 1 1 0 0 0 0 0 0 0 0 0 0 0 0 0
"149" 149 0.330357142857 174 172 77 25 13 12 11 10 2 2 1 1 0 0 0 0 0 0 0 0
"150" 150 0.0 234 133 43 38 16 7 6 6 5 3 2 2 2 1 1 1 0 0 0 0
"151" 151 0.0414507772021 234 197 38 16 11 3 1 0 0 0 0 0 0 0 0 0 0 0 0 0
"152" 152 0.0 177 144 111 22 20 11 5 3 2 2 1 1 1 0 0 0 0 0 0 0
"153" 153 0.0 325 87 51 10 8 5 5 3 2 2 1 1 0 0 0 0 0 0 0 0
"154" 154 0.0 137 75 53 47 45 37 32 32 30 8 2 1 1 0 0 0 0 0 0 0
"155" 155 0.010152284264 417 43 25 4 3 3 3 1 1 0 0 0 0 0 0 0 0 0 0 0
"156" 156 0.0 192 171 96 13 12 6 3 2 2 1 1 1 0 0 0 0 0 0 0 0
"157" 157 0.0 196 84 68 58 19 17 15 10 10 10 7 3 2 1 0 0 0 0 0 0
"158" 158 0.113989637306 352 58 26 17 14 14 8 3 3 2 2 1 0 0 0 0 0 0 0 0
"159" 159 0.289340101523 86 64 58 43 41 36 34 32 28 23 21 17 8 5 4 0 0 0 0 0
"160" 160 0.651282051282 161 116 85 29 28 21 20 16 10 8 3 2 1 0 0 0 0 0 0 0
"161" 161 0.0673575129534 236 110 30 28 21 16 14 12 9 7 5 5 4 2 1 0 0 0 0 0
"162" 162 0.584905660377 227 122 79 35 19 8 8 2 0 0 0 0 0 0 0 0 0 0 0 0
"163" 163 0.199004975124 91 82 63 62 59 26 23 21 18 16 15 15 5 2 2 0 0 0 0 0
"164" 164 0.046511627907 306 127 32 14 8 6 4 3 0 0 0 0 0 0 0 0 0 0 0 0
"165" 165 0.62893081761 343 88 26 21 7 6 4 3 2 0 0 0 0 0 0 0 0 0 0 0
"166" 166 0.523206751055 266 59 39 33 30 30 11 11 8 5 5 1 1 1 0 0 0 0 0 0
"167" 167 0.0 175 161 67 21 20 14 13 9 7 5 4 2 1 1 0 0 0 0 0 0
"168" 168 0.435897435897 175 88 56 53 29 27 19 18 17 5 5 3 2 2 1 0 0 0 0 0
"169" 169 0.222797927461 176 119 90 62 19 9 8 8 5 2 1 1 0 0 0 0 0 0 0 0
"170" 170 0.0710659898477 150 121 49 45 30 22 22 21 13 6 6 4 3 2 2 2 1 1 0 0
"171" 171 0.482142857143 100 88 85 76 39 34 33 14 10 9 8 4 0 0 0 0 0 0 0 0
"172" 172 0.113989637306 200 180 31 20 15 10 10 10 7 6 4 2 2 1 1 1 0 0 0 0
"173" 173 0.0 133 120 89 48 43 19 15 14 4 4 3 3 2 2 1 0 0 0 0 0
"174" 174 0.370535714286 169 71 61 55 25 24 23 19 14 10 9 6 5 4 3 2 0 0 0 0
"175" 175 0.527426160338 308 105 24 22 12 9 6 4 3 2 2 2 1 0 0 0 0 0 0 0
"176" 176 0.357414448669 320 65 55 31 11 5 4 4 3 2 0 0 0 0 0 0 0 0 0 0
"177" 177 0.163179916318 239 183 48 16 7 4 1 1 1 0 0 0 0 0 0 0 0 0 0 0
"178" 178 0.622641509434 213 127 56 22 20 20 14 12 11 2 1 1 1 0 0 0 0 0 0 0
"179" 179 0.278846153846 456 35 3 2 2 1 1 0 0 0 0 0 0 0 0 0 0 0 0 0
"180" 180 0.169154228856 216 88 66 56 20 16 12 9 4 3 3 2 2 1 1 1 0 0 0 0
"181" 181 0.0995024875622 255 56 54 49 22 13 12 9 7 6 5 3 3 3 2 1 0 0 0 0
"182" 182 0.740875912409 132 100 66 60 41 32 31 12 8 7 4 3 2 1 1 0 0 0 0 0
"183" 183 0.178294573643 130 90 66 59 59 23 22 21 13 6 6 2 2 1 0 0 0 0 0 0
"184" 184 0.0116279069767 228 138 25 24 20 19 17 16 3 3 3 2 1 1 0 0 0 0 0 0
"185" 185 0.148717948718 135 115 60 53 35 18 17 14 12 11 11 6 5 4 2 1 1 0 0 0
"186" 186 0.299107142857 160 126 53 46 44 18 15 14 10 7 6 1 0 0 0 0 0 0 0 0
"187" 187 0.00709219858156 221 137 129 11 2 0 0 0 0 0 0 0 0 0 0 0 0 0 0 0
"188" 188 0.0 309 74 63 30 19 2 1 1 1 0 0 0 0 0 0 0 0 0 0 0
"189" 189 0.270072992701 233 129 93 13 10 5 5 4 3 3 1 1 0 0 0 0 0 0 0 0
"190" 190 0.167512690355 196 83 58 42 42 30 14 12 11 4 3 3 2 0 0 0 0 0 0 0
"191" 191 0.0190114068441 165 113 111 62 21 16 7 2 2 1 0 0 0 0 0 0 0 0 0 0
"192" 192 0.0548523206751 142 107 94 55 33 25 11 10 10 5 4 2 1 1 0 0 0 0 0 0
"193" 193 0.395939086294 284 51 31 28 28 27 21 16 9 4 1 0 0 0 0 0 0 0 0 0
"194" 194 0.213836477987 380 45 21 19 18 6 4 4 1 1 1 0 0 0 0 0 0 0 0 0
"195" 195 0.336787564767 155 144 63 56 21 12 11 10 9 8 7 2 1 1 0 0 0 0 0 0
"196" 196 0.730769230769 483 17 0 0 0 0 0 0 0 0 0 0 0 0 0 0 0 0 0 0
"197" 197 0.320675105485 191 107 65 63 53 11 3 3 3 1 0 0 0 0 0 0 0 0 0 0
"198" 198 0.610062893082 500 0 0 0 0 0 0 0 0 0 0 0 0 0 0 0 0 0 0 0
"199" 199 0.415178571429 177 93 74 62 28 18 14 13 12 3 3 2 1 0 0 0 0 0 0 0
"200" 200 0.0461538461538 190 114 97 41 24 15 7 6 2 2 1 1 0 0 0 0 0 0 0 0
"201" 201 0.578475336323 205 86 53 48 41 24 11 9 7 7 6 1 1 1 0 0 0 0 0 0
"202" 202 0.100418410042 452 39 7 1 1 0 0 0 0 0 0 0 0 0 0 0 0 0 0 0
"203" 203 0.139534883721 109 99 47 42 42 41 40 23 16 13 8 6 4 4 3 2 1 0 0 0
"204" 204 0.276150627615 181 100 87 36 21 19 18 18 10 5 5 0 0 0 0 0 0 0 0 0
"205" 205 0.82119205298 400 100 0 0 0 0 0 0 0 0 0 0 0 0 0 0 0 0 0 0
"206" 206 0.0769230769231 492 3 2 2 1 0 0 0 0 0 0 0 0 0 0 0 0 0 0 0
"207" 207 0.459821428571 197 90 61 51 45 13 10 7 7 7 4 3 2 2 1 0 0 0 0 0
"208" 208 0.162790697674 122 107 93 48 42 31 25 15 9 2 2 1 1 1 1 0 0 0 0 0
"209" 209 0.172995780591 113 98 75 43 42 31 29 23 12 11 11 8 2 2 0 0 0 0 0 0
"210" 210 0.323076923077 442 21 11 8 6 5 4 2 1 0 0 0 0 0 0 0 0 0 0 0
"211" 211 0.253164556962 92 79 71 61 42 37 37 32 13 12 11 6 4 1 1 1 0 0 0 0
"212" 212 0.713080168776 154 82 74 64 40 27 23 16 13 2 2 2 1 0 0 0 0 0 0 0
"213" 213 0.220532319392 135 126 67 54 35 24 15 12 9 8 8 3 2 1 1 0 0 0 0 0
"214" 214 0.0 407 74 18 1 0 0 0 0 0 0 0 0 0 0 0 0 0 0 0 0
"215" 215 0.213930348259 165 140 50 36 29 23 19 15 7 7 4 2 2 1 0 0 0 0 0 0
"216" 216 0.512953367876 137 122 100 40 24 22 16 13 10 7 6 2 1 0 0 0 0 0 0 0
"217" 217 0.0 205 133 82 45 13 8 4 3 3 2 1 1 0 0 0 0 0 0 0 0
"218" 218 0.0 153 81 73 64 46 25 15 15 10 7 3 3 2 2 1 0 0 0 0 0
"219" 219 0.476793248945 120 96 74 66 60 30 12 12 10 7 4 3 3 2 1 0 0 0 0 0
"220" 220 0.205357142857 217 130 71 46 12 10 4 3 3 2 1 1 0 0 0 0 0 0 0 0
"221" 221 0.0 465 9 6 6 5 3 2 2 1 1 0 0 0 0 0 0 0 0 0 0
"222" 222 0.124401913876 266 91 27 25 21 20 17 10 7 6 4 3 2 1 0 0 0 0 0 0
"223" 223 0.295336787565 104 77 75 71 55 44 23 23 10 8 5 3 1 1 0 0 0 0 0 0
"224" 224 0.112582781457 226 85 49 38 32 19 15 14 9 4 4 3 1 1 0 0 0 0 0 0
"225" 225 0.0460992907801 329 138 21 6 5 1 0 0 0 0 0 0 0 0 0 0 0 0 0 0
"226" 226 0.396624472574 236 94 69 32 32 13 6 4 3 3 3 2 2 1 0 0 0 0 0 0
"227" 227 0.42600896861 216 106 72 45 33 9 8 3 2 2 2 1 1 0 0 0 0 0 0 0
"228" 228 0.00497512437811 357 51 39 11 9 8 7 6 3 3 2 2 1 1 0 0 0 0 0 0
"229" 229 0.0355329949239 104 70 68 64 47 39 31 24 22 8 7 7 5 3 1 0 0 0 0 0
"230" 230 0.302325581395 242 87 53 30 23 21 12 10 8 7 5 1 1 0 0 0 0 0 0 0
"231" 231 0.519230769231 496 4 0 0 0 0 0 0 0 0 0 0 0 0 0 0 0 0 0 0
"232" 232 0.603375527426 232 86 59 53 25 14 10 10 6 2 2 1 0 0 0 0 0 0 0 0
"233" 233 0.152317880795 214 118 36 24 21 18 15 12 11 8 8 3 3 3 2 2 1 1 0 0
"234" 234 0.695364238411 146 93 77 75 44 21 15 9 8 7 2 2 1 0 0 0 0 0 0 0
"235" 235 0.347150259067 385 39 20 15 12 9 7 4 3 3 1 1 1 0 0 0 0 0 0 0
"236" 236 0.311258278146 224 62 46 35 30 27 24 16 15 7 5 2 2 2 1 1 1 0 0 0
"237" 237 0.350210970464 212 131 104 24 11 9 3 2 2 1 1 0 0 0 0 0 0 0 0 0
"238" 238 0.567307692308 434 66 0 0 0 0 0 0 0 0 0 0 0 0 0 0 0 0 0 0
"239" 239 0.0609137055838 177 137 54 37 30 25 9 7 6 5 3 2 2 2 2 1 1 0 0 0
"240" 240 0.186528497409 401 38 16 11 5 5 5 4 3 3 3 3 2 1 0 0 0 0 0 0
"241" 241 0.0845771144279 375 71 23 10 5 4 4 3 2 1 1 1 0 0 0 0 0 0 0 0
"242" 242 0.162790697674 233 142 29 20 17 16 11 11 6 5 3 2 2 2 1 0 0 0 0 0
"243" 243 0.0 197 99 68 62 16 14 13 12 9 5 3 1 1 0 0 0 0 0 0 0
"244" 244 0.0747126436782 261 157 49 15 10 5 2 1 0 0 0 0 0 0 0 0 0 0 0 0
"245" 245 0.354651162791 290 103 31 21 19 17 11 5 2 1 0 0 0 0 0 0 0 0 0 0
"246" 246 0.18407960199 303 88 27 17 14 13 13 9 8 3 2 2 1 0 0 0 0 0 0 0
"247" 247 0.534591194969 255 115 74 34 11 4 3 2 1 1 0 0 0 0 0 0 0 0 0 0
"248" 248 0.860103626943 166 128 80 79 13 13 12 3 2 2 1 1 0 0 0 0 0 0 0 0
"249" 249 0.116279069767 109 92 63 52 44 34 29 20 16 12 10 4 4 4 3 2 1 1 0 0
"250" 250 0.641509433962 299 93 33 31 11 9 8 7 6 2 1 0 0 0 0 0 0 0 0 0
"251" 251 0.296511627907 186 114 109 26 16 11 10 9 8 7 2 1 1 0 0 0 0 0 0 0
"252" 252 0.304182509506 314 115 39 14 13 3 2 0 0 0 0 0 0 0 0 0 0 0 0 0
"253" 253 0.35761589404 240 105 36 22 18 17 17 17 9 6 4 4 2 1 1 1 0 0 0 0
"254" 254 0.649789029536 108 91 70 62 36 29 23 20 20 13 7 6 5 5 2 2 1 0 0 0
"255" 255 0.449612403101 117 71 68 68 51 29 25 25 15 12 7 6 3 2 1 0 0 0 0 0
"256" 256 0.124031007752 295 100 23 21 13 12 11 10 4 4 3 2 1 1 0 0 0 0 0 0
"257" 257 0.0331125827815 218 87 69 29 24 19 18 14 8 3 3 3 2 1 1 1 0 0 0 0
"258" 258 0.533678756477 107 103 97 31 25 23 22 20 20 19 12 6 5 4 3 2 1 0 0 0
"259" 259 0.635658914729 154 85 54 47 29 25 23 22 21 17 8 5 4 3 2 1 0 0 0 0
"260" 260 0.10152284264 187 186 38 34 19 11 8 7 3 3 1 1 1 1 0 0 0 0 0 0
"261" 261 0.459119496855 432 33 29 3 2 1 0 0 0 0 0 0 0 0 0 0 0 0 0 0
"262" 262 0.622641509434 467 10 7 6 5 4 1 0 0 0 0 0 0 0 0 0 0 0 0 0
"263" 263 0.503875968992 139 121 106 46 40 29 13 2 2 1 1 0 0 0 0 0 0 0 0 0
"264" 264 0.331125827815 149 133 96 61 22 13 8 6 4 2 2 2 1 1 0 0 0 0 0 0
"265" 265 0.621890547264 222 125 42 27 26 15 12 10 9 4 2 2 2 2 0 0 0 0 0 0
"266" 266 0.447257383966 147 121 85 38 38 37 16 10 2 2 1 1 1 1 0 0 0 0 0 0
"267" 267 0.658914728682 117 111 84 64 56 19 12 11 9 8 4 4 1 0 0 0 0 0 0 0
"268" 268 0.435233160622 129 124 103 57 26 25 7 7 6 3 3 3 2 2 1 1 1 0 0 0
"269" 269 0.178294573643 86 58 54 54 52 43 42 34 29 23 9 7 4 3 2 0 0 0 0 0
"270" 270 0.779874213836 230 155 44 35 12 11 6 4 2 1 0 0 0 0 0 0 0 0 0 0
"271" 271 0.355329949239 125 114 59 56 33 29 15 14 14 10 7 6 5 5 3 3 1 1 0 0
"272" 272 0.585492227979 129 92 72 63 38 22 17 17 12 12 11 6 4 3 1 1 0 0 0 0
"273" 273 0.675105485232 144 111 79 60 49 19 19 6 6 5 1 1 0 0 0 0 0 0 0 0
"274" 274 0.364238410596 107 96 80 76 54 32 18 11 8 8 5 3 1 1 0 0 0 0 0 0
"275" 275 0.0761421319797 248 44 44 42 35 28 21 8 7 6 4 4 3 2 2 1 1 0 0 0
"276" 276 0.554404145078 104 99 89 58 40 37 19 16 10 8 7 6 3 3 1 0 0 0 0 0
"277" 277 0.497890295359 161 84 65 65 55 39 8 6 4 4 3 2 2 1 1 0 0 0 0 0
"278" 278 0.421985815603 206 112 65 45 35 13 8 8 3 2 1 1 1 0 0 0 0 0 0 0
"279" 279 0.18410041841 253 208 19 7 5 3 2 2 1 0 0 0 0 0 0 0 0 0 0 0
"280" 280 0.861924686192 266 73 48 43 41 6 6 5 5 2 2 1 1 1 0 0 0 0 0 0
