"site" "RSA" "aa1" "aa2" "aa3" "aa4" "aa5" "aa6" "aa7" "aa8" "aa9" "aa10" "aa11" "aa12" "aa13" "aa14" "aa15" "aa16" "aa17" "aa18" "aa19" "aa20"
"0" 0 0.805031446541 293 67 46 35 20 20 10 4 4 1 0 0 0 0 0 0 0 0 0 0
"1" 1 0.041825095057 392 97 4 3 2 1 1 0 0 0 0 0 0 0 0 0 0 0 0 0
"2" 2 0.0 255 96 59 43 24 7 6 4 3 2 1 0 0 0 0 0 0 0 0 0
"3" 3 0.0 368 63 32 14 12 4 2 2 2 1 0 0 0 0 0 0 0 0 0 0
"4" 4 0.0 169 149 79 48 27 16 11 1 0 0 0 0 0 0 0 0 0 0 0 0
"5" 5 0.0 292 93 37 33 13 11 7 3 3 2 2 2 1 1 0 0 0 0 0 0
"6" 6 0.041825095057 179 168 69 45 36 2 1 0 0 0 0 0 0 0 0 0 0 0 0 0
"7" 7 0.167300380228 211 121 69 49 18 12 6 5 3 2 1 1 1 1 0 0 0 0 0 0
"8" 8 0.158940397351 264 57 54 51 31 20 5 5 4 3 3 1 1 1 0 0 0 0 0 0
"9" 9 0.226277372263 121 97 59 57 31 30 25 23 16 9 8 6 6 6 5 1 0 0 0 0
"10" 10 0.77990430622 137 87 75 74 41 23 17 13 11 8 7 4 2 1 0 0 0 0 0 0
"11" 11 0.365384615385 421 39 15 9 5 4 3 2 1 1 0 0 0 0 0 0 0 0 0 0
"12" 12 0.139534883721 105 95 59 47 32 32 27 19 18 14 13 12 10 5 5 4 2 1 0 0
"13" 13 0.00581395348837 202 149 43 26 22 22 20 9 4 1 1 1 0 0 0 0 0 0 0 0
"14" 14 0.193798449612 99 90 77 62 52 33 21 16 12 11 9 6 5 4 2 1 0 0 0 0
"15" 15 0.348214285714 119 65 60 58 52 51 37 20 11 8 6 5 5 1 1 1 0 0 0 0
"16" 16 0.0045871559633 97 85 80 50 47 46 29 17 15 11 10 7 5 1 0 0 0 0 0 0
"17" 17 0.0 328 124 12 10 7 7 5 2 2 2 1 0 0 0 0 0 0 0 0 0
"18" 18 0.423357664234 129 90 62 51 35 30 22 18 15 10 9 9 9 6 3 1 1 0 0 0
"19" 19 0.0313901345291 85 75 73 68 41 33 33 27 18 8 8 7 6 6 5 5 1 1 0 0
"20" 20 0.00507614213198 152 103 58 57 32 24 23 20 8 7 6 6 2 2 0 0 0 0 0 0
"21" 21 0.046511627907 256 128 62 21 10 10 3 3 2 2 1 1 1 0 0 0 0 0 0 0
"22" 22 0.408759124088 270 59 48 44 19 15 15 12 5 4 4 2 1 1 1 0 0 0 0 0
"23" 23 0.0 491 9 0 0 0 0 0 0 0 0 0 0 0 0 0 0 0 0 0 0
"24" 24 0.0 218 93 47 45 41 36 8 4 3 2 1 1 1 0 0 0 0 0 0 0
"25" 25 0.508928571429 163 74 67 43 40 32 28 27 6 6 6 3 3 2 0 0 0 0 0 0
"26" 26 0.448430493274 191 81 80 54 42 12 11 9 7 3 3 2 2 1 1 1 0 0 0 0
"27" 27 0.105769230769 294 163 8 6 6 5 4 3 3 3 2 1 1 1 0 0 0 0 0 0
"28" 28 0.644230769231 500 0 0 0 0 0 0 0 0 0 0 0 0 0 0 0 0 0 0 0
"29" 29 0.175732217573 205 124 30 27 24 20 17 17 13 9 6 4 2 1 1 0 0 0 0 0
"30" 30 0.232142857143 131 115 73 71 40 15 14 11 8 6 5 3 3 3 2 0 0 0 0 0
"31" 31 0.186046511628 320 134 38 3 2 2 1 0 0 0 0 0 0 0 0 0 0 0 0 0
"32" 32 0.295620437956 188 87 62 42 26 23 23 16 13 9 3 3 2 1 1 1 0 0 0 0
"33" 33 0.0459770114943 143 71 54 52 43 33 26 22 22 10 9 8 4 3 0 0 0 0 0 0
"34" 34 0.189781021898 355 64 35 13 12 11 3 3 2 1 1 0 0 0 0 0 0 0 0 0
"35" 35 0.093023255814 289 116 26 15 13 12 8 7 5 5 3 1 0 0 0 0 0 0 0 0
"36" 36 0.0229885057471 144 136 129 35 17 10 8 6 6 4 2 2 1 0 0 0 0 0 0 0
"37" 37 0.383647798742 173 129 102 41 23 18 3 3 2 2 1 1 1 1 0 0 0 0 0 0
"38" 38 0.596899224806 144 92 59 39 26 24 21 16 16 14 14 10 8 6 4 3 2 1 1 0
"39" 39 0.350574712644 169 88 71 37 29 25 20 15 12 11 6 5 5 2 2 2 1 0 0 0
"40" 40 0.649006622517 176 113 59 53 41 23 12 7 7 4 4 1 0 0 0 0 0 0 0 0
"41" 41 0.78488372093 138 112 96 45 29 26 20 12 10 6 2 2 1 1 0 0 0 0 0 0
"42" 42 0.9375 272 61 58 53 41 7 4 3 1 0 0 0 0 0 0 0 0 0 0 0
"43" 43 1.28846153846 500 0 0 0 0 0 0 0 0 0 0 0 0 0 0 0 0 0 0 0
"44" 44 0.124031007752 172 55 49 35 32 31 27 21 15 15 14 9 9 5 3 3 3 2 0 0
"45" 45 0.601990049751 209 101 58 55 25 20 11 9 7 5 0 0 0 0 0 0 0 0 0 0
"46" 46 0.513307984791 193 101 40 38 28 28 20 14 8 7 6 5 5 3 2 2 0 0 0 0
"47" 47 0.093023255814 336 108 18 16 13 3 2 2 1 1 0 0 0 0 0 0 0 0 0 0
"48" 48 0.377906976744 293 62 41 32 26 13 9 8 7 4 2 2 1 0 0 0 0 0 0 0
"49" 49 0.422885572139 127 60 59 40 37 34 31 25 25 20 19 9 7 3 2 1 1 0 0 0
"50" 50 0.504464285714 134 81 75 58 57 40 21 16 9 5 2 2 0 0 0 0 0 0 0 0
"51" 51 0.0673575129534 266 87 46 23 18 11 10 9 8 8 4 4 3 1 1 1 0 0 0 0
"52" 52 0.0 305 41 39 25 19 15 15 11 10 5 3 3 3 2 2 1 1 0 0 0
"53" 53 0.417721518987 229 105 50 31 30 16 7 6 6 5 5 3 2 2 2 1 0 0 0 0
"54" 54 0.425641025641 199 74 49 46 46 36 14 12 9 7 5 2 1 0 0 0 0 0 0 0
"55" 55 0.00632911392405 204 170 49 21 19 12 6 5 5 3 3 2 1 0 0 0 0 0 0 0
"56" 56 0.240310077519 243 55 53 39 31 20 19 12 10 5 4 3 2 2 1 1 0 0 0 0
"57" 57 0.0 405 74 21 0 0 0 0 0 0 0 0 0 0 0 0 0 0 0 0 0
"58" 58 0.00995024875622 238 71 57 53 39 14 7 5 3 3 3 2 2 1 1 1 0 0 0 0
"59" 59 0.0077519379845 118 112 94 40 38 29 24 23 10 4 3 2 1 1 1 0 0 0 0 0
"60" 60 0.0 224 72 49 40 38 15 15 13 9 7 7 5 2 2 1 1 0 0 0 0
"61" 61 0.0 314 131 12 11 8 5 5 5 5 2 1 1 0 0 0 0 0 0 0 0
"62" 62 0.0 430 40 28 1 1 0 0 0 0 0 0 0 0 0 0 0 0 0 0 0
"63" 63 0.11320754717 217 187 43 22 7 6 4 3 3 3 2 2 1 0 0 0 0 0 0 0
"64" 64 0.0813953488372 168 123 116 62 7 5 5 5 4 2 2 1 0 0 0 0 0 0 0 0
"65" 65 0.470802919708 318 61 40 40 15 15 4 3 1 1 1 1 0 0 0 0 0 0 0 0
"66" 66 0.778242677824 440 55 3 1 1 0 0 0 0 0 0 0 0 0 0 0 0 0 0 0
"67" 67 0.240384615385 448 24 23 3 1 1 0 0 0 0 0 0 0 0 0 0 0 0 0 0
"68" 68 0.487179487179 181 109 50 32 27 24 18 18 9 8 7 7 7 3 0 0 0 0 0 0
"69" 69 0.0825688073394 277 40 39 36 30 16 12 8 8 7 7 7 5 5 3 0 0 0 0 0
"70" 70 0.031007751938 236 146 57 16 11 11 6 4 4 3 2 2 1 1 0 0 0 0 0 0
"71" 71 0.556291390728 200 69 63 38 31 27 26 15 14 10 3 2 2 0 0 0 0 0 0 0
"72" 72 0.0691823899371 181 96 71 50 35 11 10 9 9 6 5 4 3 3 3 2 1 1 0 0
"73" 73 0.0 186 96 72 52 27 21 9 9 8 7 3 3 2 2 1 1 1 0 0 0
"74" 74 0.37552742616 173 109 66 44 38 30 24 4 3 3 2 2 1 1 0 0 0 0 0 0
"75" 75 0.631178707224 84 83 67 44 41 36 28 26 23 22 10 8 7 7 6 5 3 0 0 0
"76" 76 0.108786610879 258 61 52 30 24 20 12 11 10 9 8 2 1 1 1 0 0 0 0 0
"77" 77 0.0845771144279 209 84 79 67 19 15 7 4 3 3 3 2 2 1 1 1 0 0 0 0
"78" 78 0.523316062176 123 100 54 37 37 33 27 27 24 10 8 7 5 5 2 1 0 0 0 0
"79" 79 0.413461538462 146 78 66 38 34 28 25 21 20 13 9 5 4 4 3 3 3 0 0 0
"80" 80 0.0406976744186 235 77 50 28 27 21 20 13 10 9 5 2 2 1 0 0 0 0 0 0
"81" 81 0.529801324503 179 101 62 49 36 22 13 12 11 4 4 3 2 1 1 0 0 0 0 0
"82" 82 0.46357615894 179 80 65 35 32 23 22 18 15 13 10 4 1 1 1 1 0 0 0 0
"83" 83 0.0199004975124 209 82 56 34 28 23 18 17 8 6 4 4 3 3 2 2 1 0 0 0
"84" 84 0.159574468085 124 122 62 38 37 21 18 15 11 11 9 9 7 5 4 4 2 1 0 0
"85" 85 0.746268656716 217 69 49 29 28 28 20 20 16 6 5 5 4 3 1 0 0 0 0 0
"86" 86 0.56976744186 117 112 76 61 26 21 19 17 17 16 5 4 3 3 2 1 0 0 0 0
"87" 87 0.365384615385 300 140 14 11 7 6 6 5 5 3 2 1 0 0 0 0 0 0 0 0
"88" 88 0.145695364238 104 101 66 52 45 38 29 21 15 7 6 5 4 3 3 1 0 0 0 0
"89" 89 0.0149253731343 329 84 30 16 16 11 6 4 2 1 1 0 0 0 0 0 0 0 0 0
"90" 90 0.505747126437 126 86 56 43 27 25 23 23 22 20 18 14 9 4 3 1 0 0 0 0
"91" 91 0.375 499 1 0 0 0 0 0 0 0 0 0 0 0 0 0 0 0 0 0 0
"92" 92 0.194092827004 163 94 55 49 48 41 36 5 5 1 1 1 1 0 0 0 0 0 0 0
"93" 93 0.0188679245283 264 86 46 46 35 7 7 4 3 1 1 0 0 0 0 0 0 0 0 0
"94" 94 0.0 283 156 42 10 4 2 2 1 0 0 0 0 0 0 0 0 0 0 0 0
"95" 95 0.0 275 98 54 27 22 12 5 2 2 2 1 0 0 0 0 0 0 0 0 0
"96" 96 0.0 157 145 123 42 20 9 2 1 1 0 0 0 0 0 0 0 0 0 0 0
"97" 97 0.0 240 191 39 12 5 5 5 1 1 1 0 0 0 0 0 0 0 0 0 0
"98" 98 0.0 266 162 34 25 3 3 3 2 1 1 0 0 0 0 0 0 0 0 0 0
"99" 99 0.0529801324503 351 87 19 19 7 5 3 3 2 2 1 1 0 0 0 0 0 0 0 0
"100" 100 0.0523255813953 241 101 29 26 16 15 13 12 12 9 7 7 6 4 2 0 0 0 0 0
"101" 101 0.410852713178 109 92 65 54 48 25 22 19 13 11 10 8 7 6 6 3 2 0 0 0
"102" 102 0.317880794702 123 115 59 40 38 33 32 25 10 9 4 4 3 2 2 1 0 0 0 0
"103" 103 0.467661691542 76 71 56 54 54 52 50 27 18 13 11 10 3 3 1 1 0 0 0 0
"104" 104 0.502392344498 175 105 101 72 18 8 7 4 3 2 2 2 1 0 0 0 0 0 0 0
"105" 105 0.384615384615 500 0 0 0 0 0 0 0 0 0 0 0 0 0 0 0 0 0 0 0
"106" 106 0.269230769231 499 1 0 0 0 0 0 0 0 0 0 0 0 0 0 0 0 0 0 0
"107" 107 0.121076233184 72 63 63 61 52 43 36 23 22 12 10 9 8 8 7 6 4 1 0 0
"108" 108 0.473214285714 171 71 61 44 30 27 23 22 22 15 4 4 3 2 1 0 0 0 0 0
"109" 109 0.46511627907 140 79 74 68 42 36 22 8 7 7 6 5 2 1 1 1 1 0 0 0
"110" 110 0.0 193 107 100 66 12 8 5 3 2 2 1 1 0 0 0 0 0 0 0 0
"111" 111 0.0 316 53 22 19 18 15 14 13 11 8 5 2 1 1 1 1 0 0 0 0
"112" 112 0.407960199005 137 95 92 61 27 15 15 14 10 9 7 5 5 5 2 1 0 0 0 0
"113" 113 0.165562913907 101 84 68 58 40 39 25 23 14 13 13 11 6 2 2 1 0 0 0 0
"114" 114 0.0 219 142 34 26 17 16 16 10 5 4 4 4 1 1 1 0 0 0 0 0
"115" 115 0.0845771144279 145 82 48 47 35 34 32 18 12 12 9 9 6 4 3 2 2 0 0 0
"116" 116 0.482587064677 189 155 79 27 16 11 10 6 4 1 1 1 0 0 0 0 0 0 0 0
"117" 117 0.201257861635 214 62 57 41 40 31 29 9 8 7 1 1 0 0 0 0 0 0 0 0
"118" 118 0.0298507462687 215 134 73 30 20 14 4 2 2 2 2 1 1 0 0 0 0 0 0 0
"119" 119 0.507462686567 179 93 73 53 27 26 18 10 6 4 3 3 3 1 1 0 0 0 0 0
"120" 120 0.784688995215 124 115 103 40 38 20 18 18 8 6 6 1 1 1 1 0 0 0 0 0
"121" 121 0.114832535885 113 109 46 45 41 30 27 21 17 13 10 8 6 5 4 3 2 0 0 0
"122" 122 0.269230769231 420 56 7 6 4 3 2 1 1 0 0 0 0 0 0 0 0 0 0 0
"123" 123 0.0229357798165 190 85 63 49 45 30 19 6 5 5 1 1 1 0 0 0 0 0 0 0
"124" 124 0.398009950249 176 109 38 36 35 29 24 16 13 9 5 5 2 2 1 0 0 0 0 0
"125" 125 0.310344827586 110 99 86 52 50 42 25 12 8 8 5 2 1 0 0 0 0 0 0 0
"126" 126 0.10447761194 91 76 70 63 38 34 33 29 13 12 11 10 8 6 3 2 1 0 0 0
"127" 127 0.125 498 1 1 0 0 0 0 0 0 0 0 0 0 0 0 0 0 0 0 0
"128" 128 0.162436548223 271 69 64 29 19 13 9 6 6 5 3 2 2 1 1 0 0 0 0 0
"129" 129 0.899371069182 386 85 24 3 2 0 0 0 0 0 0 0 0 0 0 0 0 0 0 0
"130" 130 0.290697674419 133 123 66 54 29 27 16 11 11 9 7 7 3 3 1 0 0 0 0 0
"131" 131 0.459119496855 147 127 105 50 29 14 6 6 6 4 2 2 1 1 0 0 0 0 0 0
"132" 132 0.3536121673 136 94 49 41 39 27 25 16 16 14 13 13 8 6 2 1 0 0 0 0
"133" 133 0.0 497 2 1 0 0 0 0 0 0 0 0 0 0 0 0 0 0 0 0 0
"134" 134 0.0077519379845 223 91 72 33 23 16 15 10 6 4 2 2 2 1 0 0 0 0 0 0
"135" 135 0.132450331126 130 123 43 37 34 32 20 19 15 15 13 6 5 3 2 2 1 0 0 0
"136" 136 0.00478468899522 287 58 47 25 20 10 8 8 7 5 5 4 4 4 3 2 2 1 0 0
"137" 137 0.322175732218 165 72 59 35 35 26 24 20 15 13 12 10 8 3 2 1 0 0 0 0
"138" 138 0.015503875969 185 79 47 32 29 27 25 21 16 12 6 6 5 4 4 2 0 0 0 0
"139" 139 0.125 498 2 0 0 0 0 0 0 0 0 0 0 0 0 0 0 0 0 0 0
"140" 140 0.782945736434 131 64 56 54 53 36 22 19 19 12 12 11 3 2 2 2 1 1 0 0
"141" 141 0.450777202073 156 123 48 36 30 26 26 16 10 10 8 8 1 1 1 0 0 0 0 0
"142" 142 0.182692307692 446 20 9 9 5 3 2 2 2 1 1 0 0 0 0 0 0 0 0 0
"143" 143 0.299578059072 217 121 44 25 23 18 13 12 9 6 5 2 2 2 1 0 0 0 0 0
"144" 144 0.343065693431 82 69 64 59 53 33 29 28 27 17 13 11 4 4 3 2 1 1 0 0
"145" 145 0.549668874172 230 83 63 53 28 15 14 6 3 2 1 1 1 0 0 0 0 0 0 0
"146" 146 0.109452736318 102 94 79 50 35 31 23 17 17 14 8 8 8 6 5 3 0 0 0 0
"147" 147 0.284974093264 126 98 49 45 41 38 32 25 18 13 6 5 2 1 1 0 0 0 0 0
"148" 148 0.361607142857 169 105 61 61 55 18 12 6 5 4 3 1 0 0 0 0 0 0 0 0
"149" 149 0.612440191388 234 78 46 33 18 16 16 14 13 13 7 6 4 1 1 0 0 0 0 0
"150" 150 0.09375 89 88 77 72 57 29 28 19 12 12 4 4 3 3 2 1 0 0 0 0
"151" 151 0.203980099502 175 144 119 12 10 8 6 5 5 4 4 3 2 2 1 0 0 0 0 0
"152" 152 0.494186046512 137 98 71 36 36 34 30 27 14 10 3 3 1 0 0 0 0 0 0 0
"153" 153 0.189054726368 166 123 93 50 16 13 9 7 7 5 4 4 2 1 0 0 0 0 0 0
"154" 154 0.00632911392405 163 71 65 61 33 27 26 18 12 7 5 4 3 2 1 1 1 0 0 0
"155" 155 0.255474452555 221 143 93 8 6 6 6 5 4 3 2 1 1 1 0 0 0 0 0 0
"156" 156 0.341085271318 124 94 73 61 48 22 21 12 11 11 11 5 2 2 1 1 1 0 0 0
"157" 157 0.0199004975124 263 39 37 36 30 25 20 13 11 7 6 5 3 3 2 0 0 0 0 0
"158" 158 0.00961538461538 439 58 2 1 0 0 0 0 0 0 0 0 0 0 0 0 0 0 0 0
"159" 159 0.291139240506 173 128 78 41 30 14 14 8 5 3 3 2 1 0 0 0 0 0 0 0
"160" 160 0.343065693431 117 94 89 42 39 32 22 15 14 12 9 6 2 2 2 1 1 1 0 0
"161" 161 0.0 304 71 60 16 13 12 11 9 2 1 1 0 0 0 0 0 0 0 0 0
"162" 162 0.0 369 70 47 9 3 1 1 0 0 0 0 0 0 0 0 0 0 0 0 0
"163" 163 0.348214285714 173 92 83 71 23 12 11 9 7 5 5 3 2 1 1 1 1 0 0 0
"164" 164 0.18023255814 86 78 49 48 45 36 32 30 20 18 14 13 11 7 6 5 2 0 0 0
"165" 165 0.0852713178295 354 70 18 18 10 10 8 6 1 1 1 1 1 1 0 0 0 0 0 0
"166" 166 0.403846153846 129 102 61 60 34 32 17 16 12 8 8 6 4 3 3 2 2 1 0 0
"167" 167 0.776371308017 107 96 81 45 43 29 28 24 12 10 9 5 3 3 2 2 1 0 0 0
"168" 168 0.577114427861 209 61 60 38 27 26 17 13 11 9 7 6 6 3 3 2 1 1 0 0
