"site" "RSA" "aa1" "aa2" "aa3" "aa4" "aa5" "aa6" "aa7" "aa8" "aa9" "aa10" "aa11" "aa12" "aa13" "aa14" "aa15" "aa16" "aa17" "aa18" "aa19" "aa20"
"0" 0 0.736040609137 94 84 73 68 43 31 26 19 18 16 9 8 6 3 1 1 0 0 0 0
"1" 1 0.157232704403 160 127 65 37 34 26 19 15 7 2 2 2 2 1 1 0 0 0 0 0
"2" 2 0.527131782946 119 85 82 46 29 27 26 25 23 15 9 8 3 2 1 0 0 0 0 0
"3" 3 0.154811715481 449 34 10 4 1 1 1 0 0 0 0 0 0 0 0 0 0 0 0 0
"4" 4 0.488038277512 168 124 49 47 31 26 22 8 8 6 5 4 1 1 0 0 0 0 0 0
"5" 5 0.553459119497 291 55 33 26 24 21 16 11 6 6 4 3 3 1 0 0 0 0 0 0
"6" 6 0.644230769231 394 99 6 1 0 0 0 0 0 0 0 0 0 0 0 0 0 0 0 0
"7" 7 0.482142857143 143 108 88 45 37 16 16 13 12 9 6 3 1 1 1 1 0 0 0 0
"8" 8 0.174129353234 400 20 15 13 12 10 6 5 5 4 4 3 2 1 0 0 0 0 0 0
"9" 9 0.0512820512821 198 108 80 35 27 14 8 7 6 5 4 2 2 2 2 0 0 0 0 0
"10" 10 0.373563218391 224 152 32 23 21 18 17 6 3 2 1 1 0 0 0 0 0 0 0 0
"11" 11 0.0570342205323 225 154 35 25 18 16 7 6 5 3 3 1 1 1 0 0 0 0 0 0
"12" 12 0.35761589404 156 95 79 53 26 23 21 19 12 10 4 1 1 0 0 0 0 0 0 0
"13" 13 0.325581395349 146 77 71 42 39 38 29 20 13 9 9 5 1 1 0 0 0 0 0 0
"14" 14 0.213836477987 307 38 37 27 26 22 16 11 7 5 3 1 0 0 0 0 0 0 0 0
"15" 15 0.384615384615 211 108 44 35 33 23 20 13 11 1 1 0 0 0 0 0 0 0 0 0
"16" 16 0.321243523316 238 113 91 28 11 10 6 1 1 1 0 0 0 0 0 0 0 0 0 0
"17" 17 0.0 160 96 88 82 50 9 7 4 2 1 1 0 0 0 0 0 0 0 0 0
"18" 18 0.0697674418605 179 89 82 25 24 24 22 16 15 7 5 5 3 2 1 1 0 0 0 0
"19" 19 0.326424870466 175 100 63 46 39 35 18 8 4 3 3 2 1 1 1 1 0 0 0 0
"20" 20 0.00574712643678 299 84 38 31 20 10 7 4 3 2 1 1 0 0 0 0 0 0 0 0
"21" 21 0.0132450331126 324 94 27 16 14 11 7 4 1 1 1 0 0 0 0 0 0 0 0 0
"22" 22 0.459854014599 269 53 49 48 27 11 10 10 7 6 3 3 1 1 1 1 0 0 0 0
"23" 23 0.302325581395 110 106 75 66 33 32 21 18 13 8 7 4 2 2 2 1 0 0 0 0
"24" 24 0.0845771144279 408 18 16 13 12 11 3 3 3 2 2 2 2 2 1 1 1 0 0 0
"25" 25 0.350364963504 132 80 67 45 44 32 31 20 18 11 7 5 2 2 2 2 0 0 0 0
"26" 26 0.73631840796 257 62 45 38 38 28 10 7 6 4 3 2 0 0 0 0 0 0 0 0
"27" 27 0.563953488372 267 72 25 23 20 19 19 18 7 7 7 7 4 2 1 1 1 0 0 0
"28" 28 0.480769230769 496 4 0 0 0 0 0 0 0 0 0 0 0 0 0 0 0 0 0 0
"29" 29 0.215328467153 172 71 56 53 50 45 15 14 10 4 3 2 2 1 1 1 0 0 0 0
"30" 30 0.284671532847 82 80 78 77 45 37 26 19 14 12 7 7 5 4 3 2 1 1 0 0
"31" 31 0.00574712643678 220 195 31 31 10 6 3 2 1 1 0 0 0 0 0 0 0 0 0 0
"32" 32 0.0 108 98 84 54 47 39 27 13 10 7 4 4 2 2 1 0 0 0 0 0
"33" 33 0.0 266 154 34 30 3 2 2 2 2 1 1 1 1 1 0 0 0 0 0 0
"34" 34 0.0 466 12 6 6 4 3 2 1 0 0 0 0 0 0 0 0 0 0 0 0
"35" 35 0.157232704403 128 127 62 51 27 23 19 19 17 8 8 5 3 3 0 0 0 0 0 0
"36" 36 0.0872093023256 311 160 15 3 3 2 2 1 1 1 1 0 0 0 0 0 0 0 0 0
"37" 37 0.587155963303 113 113 57 46 38 33 30 29 14 11 8 3 3 2 0 0 0 0 0 0
"38" 38 0.0192307692308 500 0 0 0 0 0 0 0 0 0 0 0 0 0 0 0 0 0 0 0
"39" 39 0.341085271318 392 21 20 17 14 13 8 6 4 3 2 0 0 0 0 0 0 0 0 0
"40" 40 0.0149253731343 286 78 58 21 19 13 8 7 5 2 1 1 1 0 0 0 0 0 0 0
"41" 41 0.11961722488 111 111 77 70 50 46 9 6 5 5 3 2 2 1 1 1 0 0 0 0
"42" 42 0.379464285714 190 166 44 30 18 18 13 13 3 2 1 1 1 0 0 0 0 0 0 0
"43" 43 0.115384615385 154 77 72 70 37 22 20 17 10 7 4 3 2 2 2 1 0 0 0 0
"44" 44 0.143540669856 174 60 49 47 36 27 22 21 21 16 9 7 5 3 1 1 1 0 0 0
"45" 45 0.0149253731343 126 107 96 65 44 20 16 7 4 4 3 3 2 2 1 0 0 0 0 0
"46" 46 0.15503875969 90 74 68 65 64 59 34 15 9 7 5 3 3 2 1 1 0 0 0 0
"47" 47 0.089552238806 213 116 88 21 21 8 8 5 4 4 4 3 2 2 1 0 0 0 0 0
"48" 48 0.0114942528736 229 165 40 14 10 9 7 7 6 5 3 2 2 1 0 0 0 0 0 0
"49" 49 0.317518248175 152 119 64 33 28 20 19 18 12 8 7 7 7 3 1 1 1 0 0 0
"50" 50 0.0852713178295 151 125 109 41 29 10 7 6 5 4 3 3 2 2 2 1 0 0 0 0
"51" 51 0.0 472 19 9 0 0 0 0 0 0 0 0 0 0 0 0 0 0 0 0 0
"52" 52 0.333333333333 218 94 47 39 21 20 14 12 9 7 6 5 4 2 1 1 0 0 0 0
"53" 53 0.649635036496 143 77 64 54 52 50 22 11 10 9 4 1 1 1 1 0 0 0 0 0
"54" 54 0.051724137931 226 64 51 35 31 25 18 11 11 9 6 6 5 2 0 0 0 0 0 0
"55" 55 0.610062893082 362 109 16 10 2 1 0 0 0 0 0 0 0 0 0 0 0 0 0 0
"56" 56 0.461538461538 362 134 2 1 1 0 0 0 0 0 0 0 0 0 0 0 0 0 0 0
"57" 57 0.0331125827815 323 143 29 3 2 0 0 0 0 0 0 0 0 0 0 0 0 0 0 0
"58" 58 0.0 209 208 20 17 17 8 6 5 3 3 1 1 1 1 0 0 0 0 0 0
"59" 59 0.0 328 87 77 4 2 1 1 0 0 0 0 0 0 0 0 0 0 0 0 0
"60" 60 0.0 324 105 18 18 16 14 4 1 0 0 0 0 0 0 0 0 0 0 0 0
"61" 61 0.0 424 26 19 12 8 8 1 1 1 0 0 0 0 0 0 0 0 0 0 0
"62" 62 0.00662251655629 126 112 94 84 38 20 12 8 2 2 1 1 0 0 0 0 0 0 0 0
"63" 63 0.152284263959 253 88 33 33 29 28 12 8 6 5 2 2 1 0 0 0 0 0 0 0
"64" 64 0.071129707113 359 84 49 8 0 0 0 0 0 0 0 0 0 0 0 0 0 0 0 0
"65" 65 0.551724137931 124 106 101 51 40 25 16 12 11 8 3 1 1 1 0 0 0 0 0 0
"66" 66 0.205128205128 127 124 52 45 44 31 21 16 16 6 5 5 3 2 1 1 1 0 0 0
"67" 67 0.358490566038 236 99 42 37 25 13 9 7 7 6 6 5 5 2 1 0 0 0 0 0
"68" 68 0.646788990826 231 58 53 34 27 27 18 15 13 7 4 3 3 3 2 1 1 0 0 0
"69" 69 0.22869955157 209 57 42 30 22 22 20 20 17 11 9 9 8 8 6 4 2 2 2 0
"70" 70 0.857740585774 229 150 33 29 15 14 13 11 3 3 0 0 0 0 0 0 0 0 0 0
"71" 71 0.730769230769 461 39 0 0 0 0 0 0 0 0 0 0 0 0 0 0 0 0 0 0
"72" 72 0.503875968992 253 62 53 41 33 18 12 6 5 5 4 3 3 2 0 0 0 0 0 0
"73" 73 1.18238993711 486 9 3 2 0 0 0 0 0 0 0 0 0 0 0 0 0 0 0 0
"74" 74 0.60621761658 253 103 73 40 11 9 6 2 1 1 1 0 0 0 0 0 0 0 0 0
"75" 75 0.497409326425 264 158 14 13 12 9 6 5 5 5 5 3 1 0 0 0 0 0 0 0
"76" 76 0.0362694300518 430 23 18 5 5 3 3 3 2 2 2 2 1 1 0 0 0 0 0 0
"77" 77 0.318407960199 82 68 59 58 56 41 26 25 21 21 18 11 6 4 3 1 0 0 0 0
"78" 78 0.472868217054 154 103 84 54 33 20 19 14 8 3 2 2 1 1 1 1 0 0 0 0
"79" 79 0.215246636771 112 101 83 83 24 24 20 17 10 9 7 5 2 1 1 1 0 0 0 0
"80" 80 0.00497512437811 310 54 40 39 24 13 6 4 4 2 2 1 1 0 0 0 0 0 0 0
"81" 81 0.63503649635 305 76 26 23 23 19 9 6 6 4 1 1 1 0 0 0 0 0 0 0
"82" 82 0.674418604651 116 80 66 62 41 40 27 22 22 11 6 2 2 2 1 0 0 0 0 0
"83" 83 0.183035714286 136 114 58 57 45 29 13 11 10 8 5 4 3 3 3 1 0 0 0 0
"84" 84 0.278846153846 483 17 0 0 0 0 0 0 0 0 0 0 0 0 0 0 0 0 0 0
"85" 85 0.00574712643678 438 22 19 19 1 1 0 0 0 0 0 0 0 0 0 0 0 0 0 0
"86" 86 0.0357142857143 111 104 93 53 38 29 21 16 13 12 8 2 0 0 0 0 0 0 0 0
"87" 87 0.0 361 38 34 31 21 4 3 2 2 2 1 1 0 0 0 0 0 0 0 0
"88" 88 0.0 120 61 60 56 53 47 33 29 23 9 5 2 1 1 0 0 0 0 0 0
"89" 89 0.0 342 127 9 6 5 4 3 2 1 1 0 0 0 0 0 0 0 0 0 0
"90" 90 0.197674418605 163 150 109 21 13 10 9 8 4 4 3 2 2 1 1 0 0 0 0 0
"91" 91 0.062893081761 437 21 11 7 7 6 4 2 1 1 1 1 1 0 0 0 0 0 0 0
"92" 92 0.482558139535 217 68 52 39 36 32 19 10 8 7 5 5 2 0 0 0 0 0 0 0
"93" 93 0.389534883721 70 69 67 66 61 53 25 18 15 15 14 13 5 3 3 3 0 0 0 0
"94" 94 0.542635658915 105 87 79 60 46 41 25 23 17 8 6 2 1 0 0 0 0 0 0 0
"95" 95 0.240310077519 77 72 64 59 49 34 33 21 18 17 13 12 8 6 6 6 4 1 0 0
"96" 96 0.0045871559633 245 80 52 22 22 21 16 15 7 6 4 4 4 1 1 0 0 0 0 0
"97" 97 0.117870722433 264 108 70 16 14 9 6 4 3 3 3 0 0 0 0 0 0 0 0 0
"98" 98 0.591194968553 145 133 53 39 34 31 31 16 6 5 5 1 1 0 0 0 0 0 0 0
"99" 99 0.533678756477 191 123 60 54 26 24 8 3 3 3 2 1 1 1 0 0 0 0 0 0
"100" 100 0.384615384615 500 0 0 0 0 0 0 0 0 0 0 0 0 0 0 0 0 0 0 0
"101" 101 0.492537313433 117 93 76 63 60 28 11 10 8 8 7 6 6 5 1 1 0 0 0 0
"102" 102 0.63503649635 119 87 52 48 40 37 36 20 17 13 11 5 4 4 3 3 1 0 0 0
"103" 103 0.738372093023 80 69 65 62 55 36 33 30 26 13 9 8 7 5 1 1 0 0 0 0
"104" 104 0.412790697674 172 56 46 43 26 25 23 23 19 18 14 12 9 6 6 2 0 0 0 0
"105" 105 0.0632183908046 127 89 88 49 49 38 13 9 8 8 6 6 5 3 2 0 0 0 0 0
"106" 106 0.775784753363 340 31 25 20 17 16 13 10 10 7 4 2 2 2 1 0 0 0 0 0
"107" 107 0.150943396226 192 129 52 49 24 19 11 9 6 4 2 1 1 1 0 0 0 0 0 0
"108" 108 0.269230769231 212 154 74 14 9 8 7 5 4 3 2 2 2 1 1 1 1 0 0 0
"109" 109 0.710691823899 314 87 67 13 9 3 3 2 1 1 0 0 0 0 0 0 0 0 0 0
"110" 110 0.0497512437811 106 94 83 62 31 30 28 24 15 14 5 5 2 1 0 0 0 0 0 0
"111" 111 0.0697674418605 247 89 54 46 37 7 4 4 3 3 1 1 1 1 1 1 0 0 0 0
"112" 112 0.511627906977 195 69 63 51 26 20 17 16 15 8 8 4 3 3 2 0 0 0 0 0
"113" 113 0.325892857143 127 96 84 65 47 29 14 14 9 6 4 3 1 1 0 0 0 0 0 0
"114" 114 0.0597014925373 363 60 44 15 7 4 3 2 1 1 0 0 0 0 0 0 0 0 0 0
"115" 115 0.107142857143 147 83 59 56 53 51 9 8 6 6 5 4 3 3 3 3 1 0 0 0
"116" 116 0.00961538461538 497 1 1 1 0 0 0 0 0 0 0 0 0 0 0 0 0 0 0 0
"117" 117 0.471153846154 166 144 92 65 7 6 5 5 4 3 2 1 0 0 0 0 0 0 0 0
"118" 118 0.459119496855 266 60 55 35 32 21 9 8 6 3 2 2 1 0 0 0 0 0 0 0
"119" 119 0.445255474453 202 138 57 54 19 11 8 6 2 1 1 1 0 0 0 0 0 0 0 0
"120" 120 0.59748427673 201 143 88 28 15 7 4 4 3 3 2 1 1 0 0 0 0 0 0 0
"121" 121 0.273255813953 103 74 65 62 43 38 36 35 17 14 7 4 1 1 0 0 0 0 0 0
"122" 122 0.363636363636 210 75 47 43 42 35 20 17 7 4 0 0 0 0 0 0 0 0 0 0
"123" 123 0.0251046025105 207 195 45 14 8 7 7 3 3 2 2 2 1 1 1 1 1 0 0 0
"124" 124 0.116279069767 143 135 58 54 28 26 19 12 10 9 3 1 1 1 0 0 0 0 0 0
"125" 125 0.0384615384615 88 84 78 55 43 32 19 19 17 17 15 12 5 5 4 3 2 2 0 0
"126" 126 0.114942528736 106 102 102 52 34 21 19 16 15 10 7 6 4 3 2 1 0 0 0 0
"127" 127 0.0248756218905 335 31 31 26 25 17 13 5 4 4 3 2 2 1 1 0 0 0 0 0
"128" 128 0.046511627907 116 99 77 37 29 25 24 23 19 15 12 6 6 6 5 1 0 0 0 0
"129" 129 0.0804597701149 99 89 59 44 43 41 30 20 16 14 11 10 10 10 2 2 0 0 0 0
"130" 130 0.0344827586207 178 50 45 38 37 30 29 18 17 14 11 10 8 7 5 2 1 0 0 0
"131" 131 0.194029850746 93 93 89 77 57 34 25 19 6 3 2 2 0 0 0 0 0 0 0 0
"132" 132 0.274261603376 211 69 43 38 29 26 21 16 12 10 9 8 4 2 2 0 0 0 0 0
"133" 133 0.0199004975124 173 122 79 44 29 21 19 4 3 2 1 1 1 1 0 0 0 0 0 0
"134" 134 0.0398009950249 153 113 63 44 31 26 21 12 8 8 6 5 4 3 2 1 0 0 0 0
"135" 135 0.443946188341 129 112 104 38 27 24 18 16 10 8 6 4 2 1 1 0 0 0 0 0
"136" 136 0.10152284264 244 57 47 41 35 26 12 10 10 7 4 2 2 2 1 0 0 0 0 0
"137" 137 0.0 167 139 100 38 37 15 2 1 1 0 0 0 0 0 0 0 0 0 0 0
"138" 138 0.379562043796 168 166 49 46 39 9 7 6 4 2 2 2 0 0 0 0 0 0 0 0
"139" 139 0.0377358490566 348 90 59 3 0 0 0 0 0 0 0 0 0 0 0 0 0 0 0 0
"140" 140 0.238341968912 154 72 69 52 47 36 23 10 8 8 6 6 5 3 1 0 0 0 0 0
"141" 141 0.324817518248 193 73 42 41 32 31 22 21 17 17 7 2 1 1 0 0 0 0 0 0
"142" 142 0.0 135 83 81 64 61 26 18 16 8 2 2 2 1 1 0 0 0 0 0 0
"143" 143 0.0209205020921 384 61 35 16 2 2 0 0 0 0 0 0 0 0 0 0 0 0 0 0
"144" 144 0.0376569037657 180 133 45 35 33 18 14 12 12 7 5 2 2 1 1 0 0 0 0 0
"145" 145 0.144230769231 329 63 37 18 13 11 9 8 4 3 3 2 0 0 0 0 0 0 0 0
"146" 146 0.223214285714 195 155 52 37 15 14 12 6 4 4 4 1 1 0 0 0 0 0 0 0
"147" 147 0.135021097046 225 131 27 25 23 22 16 14 6 3 3 2 2 1 0 0 0 0 0 0
"148" 148 0.248704663212 280 80 50 33 15 13 12 8 5 3 1 0 0 0 0 0 0 0 0 0
"149" 149 0.0988593155894 113 104 84 53 52 21 19 15 11 8 7 4 4 3 1 1 0 0 0 0
"150" 150 0.0224215246637 158 141 87 29 18 15 14 11 7 5 5 4 2 2 1 1 0 0 0 0
"151" 151 0.170403587444 146 134 71 66 27 12 11 11 8 4 4 3 2 1 0 0 0 0 0 0
"152" 152 0.0199004975124 231 62 47 36 30 27 27 11 9 9 7 3 1 0 0 0 0 0 0 0
"153" 153 0.0862068965517 91 87 84 53 46 38 31 17 15 7 7 7 7 4 4 1 1 0 0 0
"154" 154 0.0 302 71 69 17 9 7 7 5 3 3 3 1 1 1 1 0 0 0 0 0
"155" 155 0.0 108 88 72 60 41 31 28 25 15 10 8 5 3 3 2 1 0 0 0 0
"156" 156 0.430656934307 112 93 86 73 45 25 13 11 11 7 6 5 4 3 3 3 0 0 0 0
"157" 157 0.273542600897 144 83 69 41 40 39 26 17 9 8 8 5 5 2 2 1 1 0 0 0
"158" 158 0.0248756218905 364 44 24 23 10 8 6 5 4 4 2 2 1 1 1 1 0 0 0 0
"159" 159 0.103448275862 93 90 88 74 40 26 24 22 10 9 8 7 5 2 1 1 0 0 0 0
"160" 160 0.503875968992 136 96 94 39 38 22 21 16 12 11 5 3 3 2 1 1 0 0 0 0
"161" 161 0.564766839378 78 65 65 56 51 43 43 24 21 13 12 9 8 5 3 2 1 1 0 0
"162" 162 0.422594142259 151 146 87 45 30 15 7 6 3 3 3 2 2 0 0 0 0 0 0 0
"163" 163 0.74358974359 409 67 12 6 3 2 1 0 0 0 0 0 0 0 0 0 0 0 0 0
"164" 164 0.139303482587 271 112 36 20 13 10 9 8 7 5 4 2 1 1 1 0 0 0 0 0
"165" 165 0.839378238342 395 84 13 6 1 1 0 0 0 0 0 0 0 0 0 0 0 0 0 0
"166" 166 0.114942528736 189 124 55 52 30 16 11 8 5 4 2 2 1 1 0 0 0 0 0 0
"167" 167 0.356589147287 86 78 73 58 57 29 28 27 20 20 10 6 5 2 1 0 0 0 0 0
"168" 168 0.103448275862 149 123 104 66 16 13 11 6 5 3 1 1 1 1 0 0 0 0 0 0
"169" 169 0.247126436782 293 90 30 26 16 14 11 7 6 2 2 1 1 1 0 0 0 0 0 0
"170" 170 0.201923076923 93 76 54 53 51 48 41 16 15 15 13 12 5 3 2 2 1 0 0 0
"171" 171 0.0689655172414 417 25 13 12 8 6 4 4 4 2 1 1 1 1 1 0 0 0 0 0
"172" 172 0.559748427673 280 163 28 17 3 3 2 2 1 1 0 0 0 0 0 0 0 0 0 0
"173" 173 0.156976744186 175 159 73 31 27 10 7 4 3 3 3 2 2 1 0 0 0 0 0 0
"174" 174 0.235632183908 104 70 62 45 44 41 31 26 23 16 14 10 9 2 1 1 1 0 0 0
"175" 175 0.273722627737 123 98 95 52 43 26 17 12 9 8 7 4 3 2 1 0 0 0 0 0
"176" 176 0.339285714286 266 44 41 40 21 21 19 15 13 6 4 4 3 2 1 0 0 0 0 0
"177" 177 0.875968992248 275 108 80 12 12 8 4 1 0 0 0 0 0 0 0 0 0 0 0 0
"178" 178 0.357512953368 204 103 32 30 25 20 19 17 16 15 6 5 2 2 2 2 0 0 0 0
"179" 179 0.144230769231 500 0 0 0 0 0 0 0 0 0 0 0 0 0 0 0 0 0 0 0
"180" 180 0.044776119403 141 109 67 40 38 26 23 15 12 9 7 4 4 2 2 1 0 0 0 0
"181" 181 0.0387596899225 268 56 53 35 31 27 8 7 5 5 2 1 1 1 0 0 0 0 0 0
"182" 182 0.128440366972 101 86 77 54 35 23 23 23 21 14 11 8 7 6 6 5 0 0 0 0
"183" 183 0.105960264901 204 181 84 9 8 7 4 2 1 0 0 0 0 0 0 0 0 0 0 0
"184" 184 0.245033112583 203 83 46 36 34 27 24 8 8 6 6 5 4 4 3 2 1 0 0 0
"185" 185 0.299270072993 204 183 31 16 14 14 12 12 3 3 2 2 1 1 1 1 0 0 0 0
"186" 186 0.123076923077 122 119 89 39 34 28 19 17 9 8 7 4 2 2 1 0 0 0 0 0
"187" 187 0.551094890511 131 97 94 33 31 31 29 27 11 5 4 4 2 1 0 0 0 0 0 0
"188" 188 0.673003802281 224 78 45 37 35 27 12 11 10 7 4 4 4 2 0 0 0 0 0 0
"189" 189 0.089552238806 438 19 16 7 5 5 4 2 2 1 1 0 0 0 0 0 0 0 0 0
"190" 190 0.39378238342 182 131 62 34 25 20 14 10 9 8 2 1 1 1 0 0 0 0 0 0
"191" 191 0.716981132075 300 130 29 18 8 6 4 2 2 1 0 0 0 0 0 0 0 0 0 0
"192" 192 0.565891472868 117 107 81 79 37 32 13 11 10 6 3 1 1 1 1 0 0 0 0 0
"193" 193 0.219730941704 175 83 79 55 54 27 7 6 5 3 2 2 1 1 0 0 0 0 0 0
"194" 194 0.262773722628 189 153 31 30 26 25 12 10 8 6 5 2 1 1 1 0 0 0 0 0
"195" 195 0.46511627907 158 97 52 51 47 37 29 7 5 5 5 3 2 2 0 0 0 0 0 0
"196" 196 0.263565891473 117 70 65 52 46 32 25 21 16 13 12 11 9 9 2 0 0 0 0 0
"197" 197 0.0 221 188 29 19 19 9 4 4 3 2 1 1 0 0 0 0 0 0 0 0
"198" 198 0.252873563218 106 70 67 48 44 37 35 27 26 15 11 4 4 3 3 0 0 0 0 0
"199" 199 0.0542635658915 284 76 29 19 19 17 11 7 6 5 5 5 4 3 3 3 3 1 0 0
"200" 200 0.0199004975124 112 80 77 60 46 35 26 22 13 12 10 4 3 0 0 0 0 0 0 0
"201" 201 0.0198675496689 170 75 43 39 37 37 32 23 21 7 6 2 2 2 2 1 1 0 0 0
"202" 202 0.333333333333 104 96 61 61 50 46 32 20 10 9 5 4 1 1 0 0 0 0 0 0
"203" 203 0.0077519379845 345 140 15 0 0 0 0 0 0 0 0 0 0 0 0 0 0 0 0 0
"204" 204 0.0 263 189 18 9 9 6 5 1 0 0 0 0 0 0 0 0 0 0 0 0
"205" 205 0.337209302326 92 88 68 49 43 36 33 19 19 14 12 8 6 5 5 2 1 0 0 0
"206" 206 0.286821705426 101 90 77 55 50 39 29 28 11 10 3 2 2 1 1 1 0 0 0 0
"207" 207 0.0 358 99 31 6 6 0 0 0 0 0 0 0 0 0 0 0 0 0 0 0
"208" 208 0.232558139535 111 52 49 47 46 36 32 30 28 15 13 11 8 7 6 5 3 1 0 0
"209" 209 0.66985645933 111 64 59 50 47 43 42 32 29 7 5 4 3 2 2 0 0 0 0 0
"210" 210 0.201550387597 285 88 34 27 20 18 18 3 2 2 1 1 1 0 0 0 0 0 0 0
"211" 211 0.0077519379845 256 142 50 29 11 3 3 2 2 1 1 0 0 0 0 0 0 0 0 0
"212" 212 0.691860465116 86 73 59 51 46 43 40 29 27 19 9 8 7 3 0 0 0 0 0 0
"213" 213 0.596899224806 93 92 82 76 57 42 18 13 5 5 4 4 3 3 2 1 0 0 0 0
"214" 214 0.201923076923 499 1 0 0 0 0 0 0 0 0 0 0 0 0 0 0 0 0 0 0
"215" 215 0.263565891473 79 77 69 66 40 31 24 22 22 16 15 11 11 7 7 2 1 0 0 0
"216" 216 0.547085201794 137 128 69 58 24 20 17 14 12 11 4 3 2 1 0 0 0 0 0 0
"217" 217 0.263565891473 140 112 61 38 22 20 20 19 17 10 10 8 8 5 4 3 2 1 0 0
"218" 218 0.0077519379845 395 76 15 4 4 3 1 1 1 0 0 0 0 0 0 0 0 0 0 0
"219" 219 0.199004975124 115 109 76 52 49 27 16 16 12 9 9 3 2 2 2 1 0 0 0 0
"220" 220 0.466321243523 132 86 54 53 48 41 37 23 7 6 4 3 2 2 1 1 0 0 0 0
"221" 221 0.209302325581 121 116 61 57 52 42 29 8 3 2 2 2 2 1 1 1 0 0 0 0
"222" 222 0.0 278 153 30 30 4 2 1 1 1 0 0 0 0 0 0 0 0 0 0 0
"223" 223 0.350364963504 119 115 99 59 39 26 10 8 8 7 3 3 2 1 1 0 0 0 0 0
"224" 224 0.449612403101 170 95 55 36 34 27 23 19 13 9 7 6 6 0 0 0 0 0 0 0
"225" 225 0.235632183908 116 86 83 61 29 27 20 14 13 11 10 9 6 6 3 3 2 1 0 0
"226" 226 0.00995024875622 229 70 31 29 27 23 21 18 16 15 9 5 4 3 0 0 0 0 0 0
"227" 227 0.59585492228 119 72 70 69 60 27 19 17 14 12 10 5 4 2 0 0 0 0 0 0
"228" 228 0.604651162791 138 85 64 58 45 24 21 20 16 9 8 3 3 2 2 1 1 0 0 0
"229" 229 0.131782945736 172 142 46 27 24 19 15 13 12 7 6 4 4 4 2 2 1 0 0 0
"230" 230 0.830188679245 352 73 22 22 10 7 6 4 2 1 1 0 0 0 0 0 0 0 0 0
"231" 231 0.509615384615 157 75 56 50 32 28 26 23 22 13 11 2 2 2 1 0 0 0 0 0
"232" 232 0.0804597701149 135 126 70 39 32 28 19 16 13 12 5 4 1 0 0 0 0 0 0 0
"233" 233 0.286821705426 183 72 65 50 42 32 28 14 7 3 2 1 1 0 0 0 0 0 0 0
"234" 234 0.201149425287 176 159 53 47 15 12 11 11 6 4 4 1 1 0 0 0 0 0 0 0
"235" 235 0.336787564767 114 77 55 52 50 49 44 29 24 3 1 1 1 0 0 0 0 0 0 0
"236" 236 0.0988593155894 299 113 32 26 8 6 5 4 3 2 1 1 0 0 0 0 0 0 0 0
"237" 237 0.089552238806 139 91 75 69 64 23 15 8 7 3 3 2 1 0 0 0 0 0 0 0
"238" 238 0.294642857143 299 70 42 25 18 14 8 6 5 5 4 2 1 1 0 0 0 0 0 0
"239" 239 0.134328358209 183 97 92 58 22 18 11 7 4 4 2 1 1 0 0 0 0 0 0 0
"240" 240 0.0985401459854 412 30 15 15 11 5 4 3 2 1 1 1 0 0 0 0 0 0 0 0
"241" 241 0.243523316062 290 186 13 3 2 2 2 1 1 0 0 0 0 0 0 0 0 0 0 0
"242" 242 0.492385786802 136 95 79 52 50 47 15 12 4 4 2 1 1 1 1 0 0 0 0 0
"243" 243 0.365384615385 124 108 55 55 53 45 24 16 7 4 4 3 2 0 0 0 0 0 0 0
"244" 244 0.0199004975124 162 120 74 67 23 14 14 12 6 5 3 0 0 0 0 0 0 0 0 0
"245" 245 0.230769230769 266 127 33 32 16 8 6 6 6 0 0 0 0 0 0 0 0 0 0 0
"246" 246 0.723270440252 221 197 72 5 4 1 0 0 0 0 0 0 0 0 0 0 0 0 0 0
"247" 247 0.178899082569 176 137 80 29 23 22 9 8 5 4 2 2 2 1 0 0 0 0 0 0
"248" 248 0.37106918239 316 125 26 15 7 5 3 2 1 0 0 0 0 0 0 0 0 0 0 0
"249" 249 0.786069651741 168 90 64 54 44 36 28 11 4 1 0 0 0 0 0 0 0 0 0 0
"250" 250 0.6 97 92 68 68 58 32 31 20 20 9 2 2 1 0 0 0 0 0 0 0
"251" 251 0.230769230769 500 0 0 0 0 0 0 0 0 0 0 0 0 0 0 0 0 0 0 0
"252" 252 0.344370860927 114 59 57 42 38 34 32 26 25 22 17 13 6 5 5 3 2 0 0 0
"253" 253 0.00961538461538 465 20 7 7 1 0 0 0 0 0 0 0 0 0 0 0 0 0 0 0
"254" 254 0.0839416058394 187 115 73 29 20 15 13 13 9 9 8 7 2 0 0 0 0 0 0 0
"255" 255 0.00497512437811 133 126 56 40 36 34 29 19 10 8 6 2 1 0 0 0 0 0 0 0
"256" 256 0.0348258706468 122 120 56 52 27 23 23 21 19 13 12 6 5 1 0 0 0 0 0 0
"257" 257 0.00574712643678 142 104 77 76 42 23 10 9 8 6 1 1 1 0 0 0 0 0 0 0
"258" 258 0.0 128 119 87 85 32 23 10 6 4 2 2 1 1 0 0 0 0 0 0 0
"259" 259 0.0 288 106 29 21 16 10 7 7 6 4 3 2 1 0 0 0 0 0 0 0
"260" 260 0.416058394161 113 105 63 34 30 26 25 23 22 18 17 14 6 4 0 0 0 0 0 0
"261" 261 0.00497512437811 149 96 84 66 28 21 13 10 9 8 7 6 2 1 0 0 0 0 0 0
"262" 262 0.490384615385 500 0 0 0 0 0 0 0 0 0 0 0 0 0 0 0 0 0 0 0
"263" 263 0.848837209302 179 162 108 25 9 7 6 2 2 0 0 0 0 0 0 0 0 0 0 0
"264" 264 0.0581395348837 214 124 34 25 19 16 16 13 11 8 8 6 2 2 2 0 0 0 0 0
"265" 265 0.171532846715 123 74 62 42 40 34 28 22 17 16 14 10 8 3 3 2 2 0 0 0
"266" 266 0.0248756218905 209 134 66 24 22 15 8 7 5 3 2 2 2 1 0 0 0 0 0 0
"267" 267 0.124378109453 203 85 77 29 27 20 11 8 8 7 7 6 6 3 2 1 0 0 0 0
"268" 268 0.0362694300518 258 196 22 8 8 6 1 1 0 0 0 0 0 0 0 0 0 0 0 0
"269" 269 0.0153846153846 289 181 15 6 4 2 1 1 1 0 0 0 0 0 0 0 0 0 0 0
"270" 270 0.157360406091 175 160 79 43 11 6 6 5 5 4 3 3 0 0 0 0 0 0 0 0
"271" 271 0.333333333333 132 88 72 42 38 29 25 21 14 9 9 9 6 3 2 1 0 0 0 0
"272" 272 0.010152284264 125 90 81 61 48 38 17 16 10 6 5 2 1 0 0 0 0 0 0 0
"273" 273 0.392857142857 100 77 64 52 51 43 35 30 21 16 4 3 3 1 0 0 0 0 0 0
"274" 274 0.0558375634518 98 83 80 74 66 31 26 25 7 5 2 1 1 1 0 0 0 0 0 0
"275" 275 0.519230769231 493 4 2 1 0 0 0 0 0 0 0 0 0 0 0 0 0 0 0 0
"276" 276 0.761627906977 133 127 47 44 38 33 27 14 14 7 6 5 4 1 0 0 0 0 0 0
