"site" "RSA" "aa1" "aa2" "aa3" "aa4" "aa5" "aa6" "aa7" "aa8" "aa9" "aa10" "aa11" "aa12" "aa13" "aa14" "aa15" "aa16" "aa17" "aa18" "aa19" "aa20"
"0" 0 0.773255813953 170 69 66 49 40 35 35 17 10 7 1 1 0 0 0 0 0 0 0 0
"1" 1 0.313432835821 261 74 67 23 16 14 11 8 7 7 5 3 2 1 1 0 0 0 0 0
"2" 2 0.15611814346 204 182 49 20 18 12 11 2 2 0 0 0 0 0 0 0 0 0 0 0
"3" 3 0.0 184 140 69 60 11 9 8 7 3 2 2 2 1 1 1 0 0 0 0 0
"4" 4 0.0 303 189 4 2 1 1 0 0 0 0 0 0 0 0 0 0 0 0 0 0
"5" 5 0.0 206 103 93 31 16 16 11 11 4 3 2 1 1 1 1 0 0 0 0 0
"6" 6 0.046357615894 258 145 39 24 16 4 4 3 3 2 1 1 0 0 0 0 0 0 0 0
"7" 7 0.0 280 95 56 22 10 8 7 6 6 3 3 3 1 0 0 0 0 0 0 0
"8" 8 0.149253731343 181 107 82 45 16 15 12 9 8 8 6 5 4 2 0 0 0 0 0 0
"9" 9 0.31007751938 119 108 93 46 32 17 16 14 13 13 11 8 5 2 2 1 0 0 0 0
"10" 10 0.108527131783 258 102 89 28 6 4 4 2 2 2 1 1 1 0 0 0 0 0 0 0
"11" 11 0.383419689119 349 39 31 20 13 13 11 9 5 5 1 1 1 1 1 0 0 0 0 0
"12" 12 0.422053231939 110 70 68 54 48 37 24 22 21 14 12 8 6 3 2 1 0 0 0 0
"13" 13 0.635658914729 256 67 58 43 23 16 13 8 6 5 3 2 0 0 0 0 0 0 0 0
"14" 14 0.420512820513 153 79 70 66 63 32 14 10 8 2 2 1 0 0 0 0 0 0 0 0
"15" 15 0.1589958159 83 71 64 48 43 40 38 36 16 16 14 9 9 7 3 2 1 0 0 0
"16" 16 0.341085271318 160 128 44 39 22 21 15 14 12 11 10 10 7 3 2 2 0 0 0 0
"17" 17 0.370860927152 208 55 47 34 34 30 25 23 19 11 5 4 2 1 1 1 0 0 0 0
"18" 18 0.0580357142857 221 86 32 25 24 23 23 20 9 9 8 8 7 2 1 1 1 0 0 0
"19" 19 0.0 218 160 24 24 19 18 8 8 5 4 4 3 2 1 1 1 0 0 0 0
"20" 20 0.364341085271 92 92 65 57 56 45 23 17 10 10 9 8 6 4 3 2 1 0 0 0
"21" 21 0.215328467153 232 104 57 38 15 10 9 8 7 5 4 4 3 3 1 0 0 0 0 0
"22" 22 0.0 133 102 70 57 30 23 17 15 13 9 8 7 5 5 4 2 0 0 0 0
"23" 23 0.3125 152 113 64 34 27 25 19 12 12 10 9 9 4 4 3 1 1 1 0 0
"24" 24 0.620535714286 201 56 56 50 33 32 21 20 10 7 5 4 3 2 0 0 0 0 0 0
"25" 25 0.0988372093023 262 156 49 8 8 6 3 3 2 1 1 1 0 0 0 0 0 0 0 0
"26" 26 0.373056994819 255 64 53 31 22 19 14 14 7 7 3 3 3 2 1 1 1 0 0 0
"27" 27 0.0232558139535 307 88 29 23 22 11 9 3 3 2 2 1 0 0 0 0 0 0 0 0
"28" 28 0.272321428571 143 130 129 21 14 12 10 9 8 8 6 5 5 0 0 0 0 0 0 0
"29" 29 0.0456273764259 190 157 86 18 13 11 8 6 4 4 2 1 0 0 0 0 0 0 0 0
"30" 30 0.0 96 88 67 64 63 49 37 27 4 3 2 0 0 0 0 0 0 0 0 0
"31" 31 0.0 241 169 68 11 4 2 2 2 1 0 0 0 0 0 0 0 0 0 0 0
"32" 32 0.0 412 31 18 10 7 4 4 4 3 2 1 1 1 1 1 0 0 0 0 0
"33" 33 0.0310880829016 234 101 66 48 17 14 6 6 4 2 1 1 0 0 0 0 0 0 0 0
"34" 34 0.0406091370558 377 57 22 16 6 5 5 4 3 3 2 0 0 0 0 0 0 0 0 0
"35" 35 0.0366972477064 213 67 37 36 34 32 30 27 8 7 4 3 1 1 0 0 0 0 0 0
"36" 36 0.165803108808 438 21 9 9 6 5 2 2 2 2 1 1 1 1 0 0 0 0 0 0
"37" 37 0.211538461538 499 1 0 0 0 0 0 0 0 0 0 0 0 0 0 0 0 0 0 0
"38" 38 0.650224215247 236 68 61 43 20 20 15 12 9 8 2 2 2 2 0 0 0 0 0 0
"39" 39 0.171548117155 247 125 73 12 8 8 7 6 4 3 2 2 1 1 1 0 0 0 0 0
"40" 40 0.0459770114943 215 103 70 28 25 15 12 9 6 5 4 3 3 1 1 0 0 0 0 0
"41" 41 0.635220125786 263 114 84 16 12 6 5 0 0 0 0 0 0 0 0 0 0 0 0 0
"42" 42 0.45641025641 141 115 51 40 31 28 23 22 12 9 8 8 7 4 1 0 0 0 0 0
"43" 43 0.664974619289 143 104 73 51 32 22 18 17 12 12 4 3 3 3 2 1 0 0 0 0
"44" 44 0.198675496689 189 105 85 84 9 6 5 4 3 3 2 2 1 1 1 0 0 0 0 0
"45" 45 0.0962343096234 171 67 65 61 34 30 26 16 7 6 5 4 4 2 1 1 0 0 0 0
"46" 46 0.307692307692 143 116 87 71 29 14 8 8 6 5 5 3 2 2 1 0 0 0 0 0
"47" 47 0.131782945736 143 80 60 58 48 46 34 6 4 4 4 4 3 2 1 1 1 1 0 0
"48" 48 0.740932642487 93 82 60 57 54 51 40 16 16 10 9 4 3 3 1 1 0 0 0 0
"49" 49 0.252873563218 122 93 66 58 29 22 18 17 13 12 11 10 9 9 5 3 3 0 0 0
"50" 50 0.0 254 62 46 35 31 24 14 12 10 4 3 2 1 1 1 0 0 0 0 0
"51" 51 0.294573643411 188 88 54 42 38 31 13 12 11 5 4 4 4 3 2 1 0 0 0 0
"52" 52 0.483443708609 109 76 53 46 46 38 30 28 26 25 8 5 4 4 2 0 0 0 0 0
"53" 53 0.0137614678899 87 81 75 59 57 21 21 20 17 15 14 12 8 6 4 3 0 0 0 0
"54" 54 0.189781021898 159 66 60 44 35 30 24 22 21 13 11 5 3 3 2 1 1 0 0 0
"55" 55 0.675105485232 105 95 74 51 51 30 28 17 14 12 11 10 2 0 0 0 0 0 0 0
"56" 56 0.377990430622 147 100 60 44 41 40 23 12 12 7 4 3 2 2 1 1 1 0 0 0
"57" 57 0.0596026490066 323 40 37 34 32 8 7 6 3 3 2 2 2 1 0 0 0 0 0 0
"58" 58 0.759493670886 219 145 48 30 23 16 9 5 2 1 1 1 0 0 0 0 0 0 0 0
"59" 59 0.144278606965 311 76 50 12 11 10 8 5 5 4 3 2 2 1 0 0 0 0 0 0
"60" 60 0.224137931034 110 103 53 52 42 40 26 23 20 13 7 6 2 1 1 1 0 0 0 0
"61" 61 0.0 375 45 28 10 10 8 6 6 5 3 1 1 1 1 0 0 0 0 0 0
"62" 62 0.0 279 150 15 13 12 12 11 2 2 1 1 1 1 0 0 0 0 0 0 0
"63" 63 0.0 212 102 53 41 39 34 6 5 2 2 2 1 1 0 0 0 0 0 0 0
"64" 64 0.0 378 79 16 8 7 3 2 2 2 1 1 1 0 0 0 0 0 0 0 0
"65" 65 0.0 198 89 63 48 46 22 15 8 2 2 2 2 2 1 0 0 0 0 0 0
"66" 66 0.0137614678899 418 25 10 9 7 6 6 5 5 4 3 1 1 0 0 0 0 0 0 0
"67" 67 0.0114942528736 187 83 63 61 32 18 16 12 11 9 2 2 2 1 1 0 0 0 0 0
"68" 68 0.241379310345 202 115 32 29 25 20 20 18 17 11 4 3 2 1 1 0 0 0 0 0
"69" 69 0.414507772021 338 38 32 31 26 21 10 4 0 0 0 0 0 0 0 0 0 0 0 0
"70" 70 0.0062893081761 305 105 22 16 14 14 11 8 3 1 1 0 0 0 0 0 0 0 0 0
"71" 71 0.200892857143 163 96 47 46 37 27 25 14 9 8 8 7 6 5 1 1 0 0 0 0
"72" 72 0.481751824818 149 84 69 53 48 40 27 17 6 3 3 1 0 0 0 0 0 0 0 0
"73" 73 0.304182509506 205 174 21 16 13 12 12 11 8 7 7 6 6 1 1 0 0 0 0 0
"74" 74 0.0114942528736 107 76 57 51 47 44 40 40 16 5 4 4 3 2 2 1 1 0 0 0
"75" 75 0.464285714286 136 90 68 56 42 23 22 22 17 11 8 4 1 0 0 0 0 0 0 0
"76" 76 0.325581395349 96 55 54 53 53 41 39 33 33 20 11 4 3 3 2 0 0 0 0 0
"77" 77 0.00836820083682 191 105 81 34 31 29 10 7 4 2 2 2 1 1 0 0 0 0 0 0
"78" 78 0.22480620155 243 38 37 32 31 28 27 15 11 11 9 8 3 3 2 1 1 0 0 0
"79" 79 0.681614349776 113 103 57 57 36 33 28 22 21 8 8 7 2 2 2 1 0 0 0 0
"80" 80 0.0697674418605 361 58 58 10 4 3 2 2 1 1 0 0 0 0 0 0 0 0 0 0
"81" 81 0.182692307692 498 2 0 0 0 0 0 0 0 0 0 0 0 0 0 0 0 0 0 0
"82" 82 0.0542635658915 277 171 15 14 8 7 5 2 1 0 0 0 0 0 0 0 0 0 0 0
"83" 83 0.305699481865 407 38 29 5 5 4 3 3 3 2 1 0 0 0 0 0 0 0 0 0
"84" 84 0.0152284263959 119 84 82 45 45 43 23 15 13 11 9 4 2 2 2 1 0 0 0 0
"85" 85 0.0 159 97 65 52 33 31 22 15 13 7 4 1 1 0 0 0 0 0 0 0
"86" 86 0.0 186 80 75 66 52 28 5 2 2 1 1 1 1 0 0 0 0 0 0 0
"87" 87 0.010152284264 144 124 73 58 52 39 3 2 1 1 1 1 1 0 0 0 0 0 0 0
"88" 88 0.0 373 61 24 11 10 6 4 4 2 2 1 1 1 0 0 0 0 0 0 0
"89" 89 0.127906976744 136 91 55 47 34 25 25 20 16 16 10 7 6 5 3 2 1 1 0 0
"90" 90 0.272321428571 205 77 59 35 31 22 20 14 11 10 7 3 3 2 1 0 0 0 0 0
"91" 91 0.0529801324503 335 109 37 9 6 2 1 1 0 0 0 0 0 0 0 0 0 0 0 0
"92" 92 0.104651162791 310 90 27 22 16 8 6 4 4 3 3 2 2 2 1 0 0 0 0 0
"93" 93 0.850364963504 269 83 72 27 23 7 4 3 3 3 3 2 1 0 0 0 0 0 0 0
"94" 94 0.636363636364 200 71 62 53 34 30 10 9 7 5 5 3 3 3 3 2 0 0 0 0
"95" 95 0.147208121827 198 82 55 53 32 15 11 10 9 9 6 6 4 4 2 1 1 1 1 0
"96" 96 0.406698564593 96 76 63 60 42 30 28 27 23 22 22 5 3 1 1 1 0 0 0 0
"97" 97 0.317307692308 169 57 49 44 32 32 29 27 25 14 10 5 3 2 1 1 0 0 0 0
"98" 98 0.0232558139535 133 102 66 64 36 25 21 19 9 7 6 5 4 2 1 0 0 0 0 0
"99" 99 0.0 228 74 65 42 19 14 13 11 8 8 7 4 4 3 0 0 0 0 0 0
"100" 100 0.488789237668 125 95 74 56 39 29 23 14 12 10 8 6 3 3 2 1 0 0 0 0
"101" 101 0.430379746835 210 70 50 39 35 24 17 16 15 8 7 5 2 1 1 0 0 0 0 0
"102" 102 0.0 265 70 31 27 22 19 18 11 11 10 6 5 3 2 0 0 0 0 0 0
"103" 103 0.371308016878 112 77 69 52 35 30 29 28 21 9 8 8 8 6 5 2 1 0 0 0
"104" 104 0.705426356589 79 74 68 65 55 29 29 28 23 18 14 8 6 3 1 0 0 0 0 0
"105" 105 0.271317829457 197 47 37 26 25 24 23 21 21 20 17 16 13 7 4 2 0 0 0 0
"106" 106 0.673076923077 484 16 0 0 0 0 0 0 0 0 0 0 0 0 0 0 0 0 0 0
"107" 107 0.0733944954128 152 118 54 47 45 33 11 11 9 8 4 3 2 2 1 0 0 0 0 0
"108" 108 0.472573839662 117 93 91 87 36 35 10 7 4 4 4 3 3 2 2 2 0 0 0 0
"109" 109 0.0 269 135 54 19 10 5 3 2 1 1 1 0 0 0 0 0 0 0 0 0
"110" 110 0.0 402 82 15 1 0 0 0 0 0 0 0 0 0 0 0 0 0 0 0 0
"111" 111 0.0 139 93 66 59 55 37 22 13 8 5 1 1 1 0 0 0 0 0 0 0
"112" 112 0.0 404 50 21 6 6 5 4 1 1 1 1 0 0 0 0 0 0 0 0 0
"113" 113 0.0 189 147 68 20 16 15 13 7 5 4 3 3 3 3 3 1 0 0 0 0
"114" 114 0.153846153846 101 85 78 70 61 41 20 13 13 5 5 3 3 1 1 0 0 0 0 0
"115" 115 0.150943396226 112 56 52 45 43 38 38 31 17 15 13 11 10 8 6 2 1 1 1 0
"116" 116 0.692307692308 111 90 79 53 36 32 24 22 15 14 10 6 3 3 2 0 0 0 0 0
"117" 117 0.151162790698 141 104 68 52 25 23 22 19 13 11 7 6 4 3 1 1 0 0 0 0
"118" 118 0.465408805031 221 121 47 33 33 19 9 9 4 2 2 0 0 0 0 0 0 0 0 0
"119" 119 0.093023255814 92 88 76 55 40 29 21 21 14 12 12 9 8 8 6 4 3 1 1 0
"120" 120 0.470930232558 121 76 74 58 52 29 29 16 14 13 8 4 3 2 1 0 0 0 0 0
"121" 121 0.248062015504 84 76 66 57 47 36 29 25 20 18 11 8 7 6 6 2 1 1 0 0
"122" 122 0.0 153 55 49 36 33 33 31 31 23 16 16 14 5 3 1 1 0 0 0 0
"123" 123 0.388392857143 102 91 84 67 59 26 26 25 7 6 5 1 1 0 0 0 0 0 0 0
"124" 124 0.534591194969 196 57 44 41 36 29 22 21 17 14 10 8 5 0 0 0 0 0 0 0
"125" 125 0.00995024875622 246 87 71 42 15 9 9 5 4 4 3 2 1 1 1 0 0 0 0 0
"126" 126 0.00995024875622 233 66 59 36 33 19 13 13 5 5 4 4 4 2 2 1 1 0 0 0
"127" 127 0.616580310881 91 81 71 62 42 40 33 23 18 15 10 8 2 2 2 0 0 0 0 0
"128" 128 0.0796019900498 207 72 40 37 37 25 24 16 15 9 6 5 4 2 1 0 0 0 0 0
"129" 129 0.0574712643678 144 127 65 59 48 34 7 7 5 3 1 0 0 0 0 0 0 0 0 0
"130" 130 0.284974093264 302 109 18 17 15 10 9 6 5 4 3 2 0 0 0 0 0 0 0 0
"131" 131 0.00896860986547 174 98 71 39 24 16 14 13 13 11 9 6 4 3 2 2 1 0 0 0
"132" 132 0.0 147 69 51 51 51 48 43 16 7 5 4 3 3 1 1 0 0 0 0 0
"133" 133 0.0 105 104 71 50 45 38 29 27 22 5 2 1 1 0 0 0 0 0 0 0
"134" 134 0.0 163 126 100 38 22 16 10 7 7 4 3 2 1 1 0 0 0 0 0 0
"135" 135 0.0183486238532 148 126 87 59 26 19 16 8 6 4 1 0 0 0 0 0 0 0 0 0
"136" 136 0.0 227 133 93 13 11 6 4 3 3 3 2 2 0 0 0 0 0 0 0 0
"137" 137 0.0459770114943 133 98 59 43 39 37 16 14 13 12 10 9 7 4 3 2 1 0 0 0
"138" 138 0.441025641026 191 55 48 47 28 24 20 18 13 13 12 9 9 8 4 1 0 0 0 0
"139" 139 0.138364779874 218 170 49 28 15 5 3 3 3 3 2 1 0 0 0 0 0 0 0 0
"140" 140 0.0480769230769 499 1 0 0 0 0 0 0 0 0 0 0 0 0 0 0 0 0 0 0
"141" 141 0.464435146444 122 98 87 61 41 32 14 13 10 9 7 3 1 1 1 0 0 0 0 0
"142" 142 0.519230769231 112 106 88 59 39 22 17 15 9 9 9 8 6 1 0 0 0 0 0 0
"143" 143 0.586538461538 468 15 4 3 2 2 2 2 1 1 0 0 0 0 0 0 0 0 0 0
"144" 144 0.210762331839 169 58 53 52 31 29 26 19 13 11 11 10 8 3 3 2 2 0 0 0
"145" 145 0.651162790698 135 77 74 62 50 27 22 17 14 7 6 5 2 2 0 0 0 0 0 0
"146" 146 0.167364016736 238 189 40 8 8 4 3 2 2 2 1 1 1 1 0 0 0 0 0 0
"147" 147 0.187817258883 143 101 100 55 45 14 13 13 5 4 4 2 1 0 0 0 0 0 0 0
"148" 148 0.427672955975 170 127 79 36 25 23 17 9 5 3 3 2 1 0 0 0 0 0 0 0
"149" 149 0.513392857143 185 128 55 36 27 16 12 12 11 8 5 4 1 0 0 0 0 0 0 0
"150" 150 0.0253164556962 191 121 48 41 36 21 15 7 4 4 4 3 2 2 1 0 0 0 0 0
"151" 151 0.119402985075 205 62 48 32 26 24 18 15 12 11 10 10 10 7 4 3 3 0 0 0
"152" 152 0.611607142857 114 110 75 46 45 39 31 13 10 6 4 4 2 1 0 0 0 0 0 0
"153" 153 0.0970464135021 182 79 51 36 27 19 18 18 17 14 12 8 8 6 4 1 0 0 0 0
"154" 154 0.0 146 144 61 38 38 23 21 9 7 6 5 1 1 0 0 0 0 0 0 0
"155" 155 0.356589147287 197 62 53 50 35 21 18 15 14 10 9 6 4 2 2 1 1 0 0 0
"156" 156 0.296511627907 113 65 62 61 48 25 24 20 17 14 14 10 9 8 7 2 1 0 0 0
"157" 157 0.0 104 71 57 56 53 45 40 18 16 14 12 5 3 3 2 1 0 0 0 0
"158" 158 0.147286821705 78 73 60 60 41 40 39 31 21 18 16 10 8 2 2 1 0 0 0 0
"159" 159 0.510548523207 146 89 75 53 31 29 16 15 13 12 7 4 4 3 2 1 0 0 0 0
"160" 160 0.13829787234 193 61 55 53 31 21 17 15 13 12 10 8 4 3 3 1 0 0 0 0
"161" 161 0.222627737226 275 68 48 38 30 9 6 6 6 5 3 3 1 1 1 0 0 0 0 0
"162" 162 0.683937823834 171 78 61 55 45 29 21 8 7 5 5 4 4 3 3 1 0 0 0 0
"163" 163 0.46875 183 59 57 49 42 21 21 19 14 11 9 7 6 1 1 0 0 0 0 0
"164" 164 0.337552742616 199 88 73 40 22 19 14 12 9 6 5 4 3 3 1 1 1 0 0 0
"165" 165 0.692307692308 265 228 4 2 1 0 0 0 0 0 0 0 0 0 0 0 0 0 0 0
"166" 166 0.228855721393 337 30 26 23 20 18 14 11 6 5 4 2 2 1 1 0 0 0 0 0
"167" 167 0.761589403974 351 82 32 23 7 5 0 0 0 0 0 0 0 0 0 0 0 0 0 0
"168" 168 0.0334728033473 267 76 46 35 27 10 9 7 6 4 3 3 2 2 2 1 0 0 0 0
"169" 169 0.176165803109 146 64 51 49 41 28 26 25 18 14 14 10 5 3 3 2 1 0 0 0
"170" 170 0.0 296 67 48 40 15 11 9 7 4 2 1 0 0 0 0 0 0 0 0 0
"171" 171 0.0 273 111 36 28 11 11 8 8 5 4 2 2 1 0 0 0 0 0 0 0
"172" 172 0.0 256 119 87 17 7 4 3 3 1 1 1 1 0 0 0 0 0 0 0 0
"173" 173 0.0829015544041 155 150 133 19 18 13 4 3 1 1 1 1 1 0 0 0 0 0 0 0
"174" 174 0.0673076923077 500 0 0 0 0 0 0 0 0 0 0 0 0 0 0 0 0 0 0 0
"175" 175 0.259615384615 396 30 17 15 14 13 7 5 1 1 1 0 0 0 0 0 0 0 0 0
"176" 176 0.0344827586207 147 118 92 37 35 33 15 13 5 2 2 1 0 0 0 0 0 0 0 0
"177" 177 0.20725388601 283 88 56 27 18 11 5 5 4 2 1 0 0 0 0 0 0 0 0 0
"178" 178 0.312820512821 124 110 96 63 33 24 13 10 9 5 5 4 2 1 1 0 0 0 0 0
"179" 179 0.704641350211 121 74 71 66 65 36 18 17 12 11 7 2 0 0 0 0 0 0 0 0
"180" 180 0.139534883721 139 106 99 41 38 28 19 8 8 7 5 2 0 0 0 0 0 0 0 0
"181" 181 0.0 172 114 103 51 16 12 11 8 5 4 3 1 0 0 0 0 0 0 0 0
"182" 182 0.310218978102 124 81 59 53 38 32 28 26 16 11 10 8 8 4 2 0 0 0 0 0
"183" 183 0.325581395349 213 72 50 48 36 31 14 10 10 6 3 2 2 2 1 0 0 0 0 0
"184" 184 0.0 127 97 72 51 50 48 13 10 8 7 6 5 4 1 1 0 0 0 0 0
"185" 185 0.365019011407 160 78 73 57 47 18 16 10 10 9 6 4 3 3 3 2 1 0 0 0
"186" 186 0.575892857143 114 113 72 46 41 27 26 19 15 8 6 5 3 3 2 0 0 0 0 0
"187" 187 0.15503875969 401 34 19 15 12 7 5 3 2 1 1 0 0 0 0 0 0 0 0 0
"188" 188 0.201923076923 499 1 0 0 0 0 0 0 0 0 0 0 0 0 0 0 0 0 0 0
"189" 189 0.015503875969 244 156 41 17 14 10 8 5 3 2 0 0 0 0 0 0 0 0 0 0
"190" 190 0.102564102564 170 84 68 56 50 30 10 8 7 5 3 3 2 2 1 1 0 0 0 0
"191" 191 0.0 132 127 84 58 23 21 17 11 10 6 4 2 2 1 1 1 0 0 0 0
"192" 192 0.0 370 103 10 4 2 2 2 2 1 1 1 1 1 0 0 0 0 0 0 0
"193" 193 0.0 176 143 66 61 26 12 12 3 1 0 0 0 0 0 0 0 0 0 0 0
"194" 194 0.015503875969 317 52 47 34 21 10 5 4 3 3 2 2 0 0 0 0 0 0 0 0
"195" 195 0.163461538462 460 21 10 7 1 1 0 0 0 0 0 0 0 0 0 0 0 0 0 0
"196" 196 0.390728476821 105 84 73 63 53 29 22 21 13 13 10 5 2 2 2 2 1 0 0 0
"197" 197 0.0760456273764 106 75 68 51 43 30 28 28 17 16 13 11 10 2 1 1 0 0 0 0
"198" 198 0.0 167 93 54 48 45 29 22 14 12 7 5 3 1 0 0 0 0 0 0 0
"199" 199 0.100418410042 244 81 75 35 15 10 9 6 6 5 3 3 3 3 2 0 0 0 0 0
"200" 200 0.666666666667 226 81 48 33 30 26 24 13 7 3 3 3 2 1 0 0 0 0 0 0
"201" 201 0.139534883721 126 114 54 41 36 23 19 17 17 15 13 11 5 4 2 1 1 1 0 0
"202" 202 0.774834437086 196 109 61 58 41 16 10 4 2 1 1 1 0 0 0 0 0 0 0 0
"203" 203 0.40932642487 297 52 26 25 18 17 16 14 13 9 6 3 2 1 1 0 0 0 0 0
"204" 204 0.0149253731343 163 80 48 46 39 33 20 15 15 13 10 6 6 5 1 0 0 0 0 0
"205" 205 0.298850574713 162 72 72 56 23 23 22 17 15 15 7 6 4 3 1 1 1 0 0 0
"206" 206 0.377483443709 114 99 73 63 34 29 28 19 18 7 7 6 2 1 0 0 0 0 0 0
"207" 207 0.139013452915 187 109 86 46 41 8 8 7 5 1 1 1 0 0 0 0 0 0 0 0
"208" 208 0.0 90 87 68 63 62 30 27 23 21 12 4 4 3 3 2 1 0 0 0 0
"209" 209 0.399103139013 117 109 50 48 42 37 28 14 12 12 10 6 5 3 3 2 2 0 0 0
"210" 210 0.244186046512 134 110 94 43 26 24 16 15 12 7 5 5 3 2 2 1 1 0 0 0
"211" 211 0.0 162 137 104 20 13 11 11 9 8 6 5 5 4 3 2 0 0 0 0 0
"212" 212 0.175182481752 118 69 57 52 45 30 26 24 22 16 15 7 5 4 4 3 3 0 0 0
"213" 213 0.56976744186 164 64 60 48 42 33 25 22 21 6 6 3 3 3 0 0 0 0 0 0
"214" 214 0.201550387597 376 24 21 18 13 12 10 8 6 5 3 3 1 0 0 0 0 0 0 0
"215" 215 0.0348258706468 181 160 52 43 31 8 7 4 3 3 2 2 2 2 0 0 0 0 0 0
"216" 216 0.851282051282 186 136 53 49 36 15 10 9 4 1 1 0 0 0 0 0 0 0 0 0
