"site" "RSA" "aa1" "aa2" "aa3" "aa4" "aa5" "aa6" "aa7" "aa8" "aa9" "aa10" "aa11" "aa12" "aa13" "aa14" "aa15" "aa16" "aa17" "aa18" "aa19" "aa20"
"0" 0 0.317880794702 491 9 0 0 0 0 0 0 0 0 0 0 0 0 0 0 0 0 0 0
"1" 1 0.00507614213198 478 13 2 2 2 1 1 1 0 0 0 0 0 0 0 0 0 0 0 0
"2" 2 0.0 440 54 4 1 1 0 0 0 0 0 0 0 0 0 0 0 0 0 0 0
"3" 3 0.10460251046 309 96 40 21 16 10 6 1 1 0 0 0 0 0 0 0 0 0 0 0
"4" 4 0.269035532995 341 78 60 16 2 2 1 0 0 0 0 0 0 0 0 0 0 0 0 0
"5" 5 0.709844559585 317 62 51 31 18 10 6 5 0 0 0 0 0 0 0 0 0 0 0 0
"6" 6 0.5 292 132 40 16 14 5 1 0 0 0 0 0 0 0 0 0 0 0 0 0
"7" 7 0.421524663677 257 166 36 24 8 6 2 1 0 0 0 0 0 0 0 0 0 0 0 0
"8" 8 0.0348258706468 380 33 30 29 19 6 2 1 0 0 0 0 0 0 0 0 0 0 0 0
"9" 9 0.403846153846 494 3 3 0 0 0 0 0 0 0 0 0 0 0 0 0 0 0 0 0
"10" 10 0.0174418604651 478 21 1 0 0 0 0 0 0 0 0 0 0 0 0 0 0 0 0 0
"11" 11 0.574358974359 372 128 0 0 0 0 0 0 0 0 0 0 0 0 0 0 0 0 0 0
"12" 12 0.459119496855 268 144 50 20 17 1 0 0 0 0 0 0 0 0 0 0 0 0 0 0
"13" 13 0.0232558139535 353 128 17 1 1 0 0 0 0 0 0 0 0 0 0 0 0 0 0 0
"14" 14 0.629464285714 355 117 17 7 3 1 0 0 0 0 0 0 0 0 0 0 0 0 0 0
"15" 15 0.28855721393 336 154 6 1 1 1 1 0 0 0 0 0 0 0 0 0 0 0 0 0
"16" 16 0.119496855346 266 78 43 27 23 21 13 9 6 5 4 3 2 0 0 0 0 0 0 0
"17" 17 0.704402515723 379 62 43 10 6 0 0 0 0 0 0 0 0 0 0 0 0 0 0 0
"18" 18 0.119402985075 438 30 14 13 5 0 0 0 0 0 0 0 0 0 0 0 0 0 0 0
"19" 19 0.522012578616 383 76 19 15 2 2 1 1 1 0 0 0 0 0 0 0 0 0 0 0
"20" 20 0.133079847909 248 153 45 31 22 1 0 0 0 0 0 0 0 0 0 0 0 0 0 0
"21" 21 0.355769230769 290 170 36 4 0 0 0 0 0 0 0 0 0 0 0 0 0 0 0 0
"22" 22 0.281368821293 165 117 57 56 42 41 15 6 1 0 0 0 0 0 0 0 0 0 0 0
"23" 23 0.559585492228 323 163 6 4 2 2 0 0 0 0 0 0 0 0 0 0 0 0 0 0
"24" 24 0.248062015504 280 218 1 1 0 0 0 0 0 0 0 0 0 0 0 0 0 0 0 0
"25" 25 0.0 435 35 29 1 0 0 0 0 0 0 0 0 0 0 0 0 0 0 0 0
"26" 26 0.352678571429 436 63 1 0 0 0 0 0 0 0 0 0 0 0 0 0 0 0 0 0
"27" 27 0.476793248945 423 63 6 4 3 1 0 0 0 0 0 0 0 0 0 0 0 0 0 0
"28" 28 0.0 486 12 2 0 0 0 0 0 0 0 0 0 0 0 0 0 0 0 0 0
"29" 29 0.0253807106599 381 83 30 5 1 0 0 0 0 0 0 0 0 0 0 0 0 0 0 0
"30" 30 0.0829015544041 500 0 0 0 0 0 0 0 0 0 0 0 0 0 0 0 0 0 0 0
"31" 31 0.0697674418605 355 122 19 2 2 0 0 0 0 0 0 0 0 0 0 0 0 0 0 0
"32" 32 0.495535714286 461 23 13 3 0 0 0 0 0 0 0 0 0 0 0 0 0 0 0 0
"33" 33 0.0116279069767 500 0 0 0 0 0 0 0 0 0 0 0 0 0 0 0 0 0 0 0
"34" 34 0.0045871559633 366 32 32 29 17 16 4 4 0 0 0 0 0 0 0 0 0 0 0 0
"35" 35 0.434599156118 140 123 99 97 33 4 2 1 1 0 0 0 0 0 0 0 0 0 0 0
"36" 36 0.407960199005 352 77 22 18 17 12 2 0 0 0 0 0 0 0 0 0 0 0 0 0
"37" 37 0.0191387559809 400 54 25 14 4 2 1 0 0 0 0 0 0 0 0 0 0 0 0 0
"38" 38 0.0334928229665 418 80 1 1 0 0 0 0 0 0 0 0 0 0 0 0 0 0 0 0
"39" 39 0.326424870466 109 109 86 78 66 42 3 2 2 1 1 1 0 0 0 0 0 0 0 0
"40" 40 0.599156118143 407 64 24 3 1 1 0 0 0 0 0 0 0 0 0 0 0 0 0 0
"41" 41 0.311004784689 391 69 23 8 5 2 1 1 0 0 0 0 0 0 0 0 0 0 0 0
"42" 42 0.0 492 5 3 0 0 0 0 0 0 0 0 0 0 0 0 0 0 0 0 0
"43" 43 0.124031007752 209 144 66 35 34 6 3 2 1 0 0 0 0 0 0 0 0 0 0 0
"44" 44 0.294573643411 355 95 12 10 9 9 8 2 0 0 0 0 0 0 0 0 0 0 0 0
"45" 45 0.102661596958 484 6 6 4 0 0 0 0 0 0 0 0 0 0 0 0 0 0 0 0
"46" 46 0.0229885057471 428 32 20 10 4 3 2 1 0 0 0 0 0 0 0 0 0 0 0 0
"47" 47 0.471794871795 174 143 143 20 8 7 3 2 0 0 0 0 0 0 0 0 0 0 0 0
"48" 48 0.369230769231 357 45 43 43 6 4 1 1 0 0 0 0 0 0 0 0 0 0 0 0
"49" 49 0.00497512437811 487 10 2 1 0 0 0 0 0 0 0 0 0 0 0 0 0 0 0 0
"50" 50 0.14358974359 297 146 40 7 5 5 0 0 0 0 0 0 0 0 0 0 0 0 0 0
"51" 51 0.441025641026 164 144 70 52 47 16 2 2 1 1 1 0 0 0 0 0 0 0 0 0
"52" 52 0.0232558139535 482 17 1 0 0 0 0 0 0 0 0 0 0 0 0 0 0 0 0 0
"53" 53 0.00995024875622 485 9 2 2 1 1 0 0 0 0 0 0 0 0 0 0 0 0 0 0
"54" 54 0.599156118143 310 82 71 23 8 6 0 0 0 0 0 0 0 0 0 0 0 0 0 0
"55" 55 0.603375527426 225 113 66 61 27 5 2 1 0 0 0 0 0 0 0 0 0 0 0 0
"56" 56 0.167464114833 418 66 14 2 0 0 0 0 0 0 0 0 0 0 0 0 0 0 0 0
"57" 57 0.471698113208 303 83 72 42 0 0 0 0 0 0 0 0 0 0 0 0 0 0 0 0
"58" 58 0.549107142857 327 91 39 29 11 2 1 0 0 0 0 0 0 0 0 0 0 0 0 0
"59" 59 0.114427860697 495 5 0 0 0 0 0 0 0 0 0 0 0 0 0 0 0 0 0 0
"60" 60 0.224215246637 324 89 46 41 0 0 0 0 0 0 0 0 0 0 0 0 0 0 0 0
"61" 61 0.815384615385 334 69 61 35 1 0 0 0 0 0 0 0 0 0 0 0 0 0 0 0
"62" 62 0.271523178808 370 95 17 9 6 2 1 0 0 0 0 0 0 0 0 0 0 0 0 0
"63" 63 0.0529801324503 460 25 9 5 1 0 0 0 0 0 0 0 0 0 0 0 0 0 0 0
"64" 64 0.00574712643678 360 130 5 2 1 1 1 0 0 0 0 0 0 0 0 0 0 0 0 0
"65" 65 0.0 497 2 1 0 0 0 0 0 0 0 0 0 0 0 0 0 0 0 0 0
"66" 66 0.325581395349 380 76 21 10 9 2 1 1 0 0 0 0 0 0 0 0 0 0 0 0
"67" 67 0.0298507462687 453 17 13 8 6 2 1 0 0 0 0 0 0 0 0 0 0 0 0 0
"68" 68 0.0149253731343 499 1 0 0 0 0 0 0 0 0 0 0 0 0 0 0 0 0 0 0
"69" 69 0.43795620438 362 73 48 9 7 1 0 0 0 0 0 0 0 0 0 0 0 0 0 0
"70" 70 0.419689119171 297 101 101 1 0 0 0 0 0 0 0 0 0 0 0 0 0 0 0 0
"71" 71 0.129353233831 471 25 2 1 1 0 0 0 0 0 0 0 0 0 0 0 0 0 0 0
"72" 72 0.682051282051 485 10 3 1 1 0 0 0 0 0 0 0 0 0 0 0 0 0 0 0
"73" 73 0.509933774834 351 101 43 3 1 1 0 0 0 0 0 0 0 0 0 0 0 0 0 0
"74" 74 0.0 431 56 11 1 1 0 0 0 0 0 0 0 0 0 0 0 0 0 0 0
"75" 75 0.220125786164 482 6 3 3 2 2 1 1 0 0 0 0 0 0 0 0 0 0 0 0
"76" 76 0.709821428571 412 88 0 0 0 0 0 0 0 0 0 0 0 0 0 0 0 0 0 0
"77" 77 0.549222797927 305 185 7 1 1 1 0 0 0 0 0 0 0 0 0 0 0 0 0 0
"78" 78 0.0152284263959 196 134 101 67 1 1 0 0 0 0 0 0 0 0 0 0 0 0 0 0
"79" 79 0.259124087591 402 92 6 0 0 0 0 0 0 0 0 0 0 0 0 0 0 0 0 0
"80" 80 0.517441860465 364 107 27 1 1 0 0 0 0 0 0 0 0 0 0 0 0 0 0 0
"81" 81 0.308139534884 200 140 84 70 4 1 1 0 0 0 0 0 0 0 0 0 0 0 0 0
"82" 82 0.0 471 14 10 2 2 1 0 0 0 0 0 0 0 0 0 0 0 0 0 0
"83" 83 0.332116788321 396 84 18 1 1 0 0 0 0 0 0 0 0 0 0 0 0 0 0 0
"84" 84 0.317948717949 176 176 71 43 30 2 2 0 0 0 0 0 0 0 0 0 0 0 0 0
"85" 85 0.0871794871795 379 84 31 6 0 0 0 0 0 0 0 0 0 0 0 0 0 0 0 0
"86" 86 0.00961538461538 500 0 0 0 0 0 0 0 0 0 0 0 0 0 0 0 0 0 0 0
"87" 87 0.00961538461538 500 0 0 0 0 0 0 0 0 0 0 0 0 0 0 0 0 0 0 0
"88" 88 0.0 490 5 4 1 0 0 0 0 0 0 0 0 0 0 0 0 0 0 0 0
"89" 89 0.00478468899522 402 39 33 22 4 0 0 0 0 0 0 0 0 0 0 0 0 0 0 0
"90" 90 0.0 474 9 7 5 3 1 1 0 0 0 0 0 0 0 0 0 0 0 0 0
"91" 91 0.0 246 83 75 42 37 7 5 3 2 0 0 0 0 0 0 0 0 0 0 0
"92" 92 0.0 479 16 3 2 0 0 0 0 0 0 0 0 0 0 0 0 0 0 0 0
"93" 93 0.0116279069767 358 73 38 21 5 2 1 1 1 0 0 0 0 0 0 0 0 0 0 0
"94" 94 0.00507614213198 468 32 0 0 0 0 0 0 0 0 0 0 0 0 0 0 0 0 0 0
"95" 95 0.00836820083682 314 73 66 29 14 3 1 0 0 0 0 0 0 0 0 0 0 0 0 0
"96" 96 0.0141843971631 420 23 18 14 7 7 6 3 2 0 0 0 0 0 0 0 0 0 0 0
"97" 97 0.152466367713 343 64 25 18 14 14 6 5 4 4 2 1 0 0 0 0 0 0 0 0
"98" 98 0.0 396 38 33 9 7 6 5 4 2 0 0 0 0 0 0 0 0 0 0 0
"99" 99 0.00917431192661 302 80 31 28 23 17 17 1 1 0 0 0 0 0 0 0 0 0 0 0
"100" 100 0.119205298013 212 131 108 26 22 1 0 0 0 0 0 0 0 0 0 0 0 0 0 0
"101" 101 0.308176100629 443 44 11 1 1 0 0 0 0 0 0 0 0 0 0 0 0 0 0 0
"102" 102 0.787564766839 355 109 33 3 0 0 0 0 0 0 0 0 0 0 0 0 0 0 0 0
"103" 103 0.153846153846 500 0 0 0 0 0 0 0 0 0 0 0 0 0 0 0 0 0 0 0
"104" 104 0.163461538462 500 0 0 0 0 0 0 0 0 0 0 0 0 0 0 0 0 0 0 0
"105" 105 0.548076923077 500 0 0 0 0 0 0 0 0 0 0 0 0 0 0 0 0 0 0 0
"106" 106 0.556053811659 205 114 51 41 39 19 9 6 5 4 4 3 0 0 0 0 0 0 0 0
"107" 107 0.11320754717 275 168 27 21 8 1 0 0 0 0 0 0 0 0 0 0 0 0 0 0
"108" 108 0.453488372093 500 0 0 0 0 0 0 0 0 0 0 0 0 0 0 0 0 0 0 0
"109" 109 0.423076923077 500 0 0 0 0 0 0 0 0 0 0 0 0 0 0 0 0 0 0 0
"110" 110 0.512953367876 350 96 28 8 6 5 2 2 1 1 1 0 0 0 0 0 0 0 0 0
"111" 111 0.0 327 68 33 31 17 10 8 6 0 0 0 0 0 0 0 0 0 0 0 0
"112" 112 0.108527131783 188 79 74 54 51 35 10 6 1 1 1 0 0 0 0 0 0 0 0 0
"113" 113 0.542600896861 315 60 52 33 23 17 0 0 0 0 0 0 0 0 0 0 0 0 0 0
"114" 114 0.196428571429 282 98 38 30 25 14 7 3 3 0 0 0 0 0 0 0 0 0 0 0
"115" 115 0.0 323 97 55 10 6 4 3 1 1 0 0 0 0 0 0 0 0 0 0 0
"116" 116 0.410256410256 143 86 69 56 52 48 29 8 3 3 2 1 0 0 0 0 0 0 0 0
"117" 117 0.704035874439 427 33 24 15 1 0 0 0 0 0 0 0 0 0 0 0 0 0 0 0
"118" 118 0.389534883721 493 2 2 2 1 0 0 0 0 0 0 0 0 0 0 0 0 0 0 0
"119" 119 0.117154811715 488 12 0 0 0 0 0 0 0 0 0 0 0 0 0 0 0 0 0 0
"120" 120 0.538461538462 500 0 0 0 0 0 0 0 0 0 0 0 0 0 0 0 0 0 0 0
"121" 121 0.238410596026 232 220 48 0 0 0 0 0 0 0 0 0 0 0 0 0 0 0 0 0
"122" 122 0.0627615062762 197 68 53 46 37 24 23 16 14 12 3 3 3 1 0 0 0 0 0 0
"123" 123 0.424107142857 215 213 18 14 12 10 9 4 2 2 1 0 0 0 0 0 0 0 0 0
"124" 124 0.316964285714 261 163 65 11 0 0 0 0 0 0 0 0 0 0 0 0 0 0 0 0
"125" 125 0.0 327 128 23 12 8 2 0 0 0 0 0 0 0 0 0 0 0 0 0 0
"126" 126 0.240506329114 366 101 11 11 5 3 3 0 0 0 0 0 0 0 0 0 0 0 0 0
"127" 127 0.556962025316 211 107 80 43 30 17 9 2 1 0 0 0 0 0 0 0 0 0 0 0
"128" 128 0.300448430493 461 11 10 9 9 0 0 0 0 0 0 0 0 0 0 0 0 0 0 0
"129" 129 0.0 447 38 6 6 2 1 0 0 0 0 0 0 0 0 0 0 0 0 0 0
"130" 130 0.14358974359 441 14 13 13 6 5 5 2 1 0 0 0 0 0 0 0 0 0 0 0
"131" 131 0.551569506726 294 65 52 39 23 11 9 3 3 1 0 0 0 0 0 0 0 0 0 0
"132" 132 0.15503875969 268 208 24 0 0 0 0 0 0 0 0 0 0 0 0 0 0 0 0 0
"133" 133 0.0 298 198 3 1 0 0 0 0 0 0 0 0 0 0 0 0 0 0 0 0
"134" 134 0.394230769231 306 127 33 19 8 4 2 1 0 0 0 0 0 0 0 0 0 0 0 0
"135" 135 0.626943005181 259 94 62 38 32 9 5 1 0 0 0 0 0 0 0 0 0 0 0 0
"136" 136 0.211678832117 282 218 0 0 0 0 0 0 0 0 0 0 0 0 0 0 0 0 0 0
"137" 137 0.832635983264 436 64 0 0 0 0 0 0 0 0 0 0 0 0 0 0 0 0 0 0
"138" 138 0.394230769231 500 0 0 0 0 0 0 0 0 0 0 0 0 0 0 0 0 0 0 0
"139" 139 0.258278145695 254 115 64 35 10 10 5 4 1 1 1 0 0 0 0 0 0 0 0 0
"140" 140 0.0 500 0 0 0 0 0 0 0 0 0 0 0 0 0 0 0 0 0 0 0
"141" 141 0.00354609929078 349 42 33 25 22 13 12 3 1 0 0 0 0 0 0 0 0 0 0 0
"142" 142 0.0 195 161 137 7 0 0 0 0 0 0 0 0 0 0 0 0 0 0 0 0
"143" 143 0.00354609929078 243 155 98 2 2 0 0 0 0 0 0 0 0 0 0 0 0 0 0 0
"144" 144 0.0 289 105 43 30 16 4 4 3 3 2 1 0 0 0 0 0 0 0 0 0
"145" 145 0.0 452 48 0 0 0 0 0 0 0 0 0 0 0 0 0 0 0 0 0 0
"146" 146 0.127737226277 295 181 13 8 2 1 0 0 0 0 0 0 0 0 0 0 0 0 0 0
"147" 147 0.0923076923077 345 132 16 7 0 0 0 0 0 0 0 0 0 0 0 0 0 0 0 0
"148" 148 0.62893081761 455 34 9 2 0 0 0 0 0 0 0 0 0 0 0 0 0 0 0 0
"149" 149 0.708520179372 345 139 16 0 0 0 0 0 0 0 0 0 0 0 0 0 0 0 0 0
"150" 150 0.355769230769 500 0 0 0 0 0 0 0 0 0 0 0 0 0 0 0 0 0 0 0
"151" 151 0.47533632287 324 146 30 0 0 0 0 0 0 0 0 0 0 0 0 0 0 0 0 0
"152" 152 0.044776119403 484 6 4 4 1 1 0 0 0 0 0 0 0 0 0 0 0 0 0 0
"153" 153 0.367713004484 280 128 55 22 7 7 1 0 0 0 0 0 0 0 0 0 0 0 0 0
"154" 154 0.172413793103 498 2 0 0 0 0 0 0 0 0 0 0 0 0 0 0 0 0 0 0
"155" 155 0.137931034483 278 55 51 48 26 18 10 8 5 1 0 0 0 0 0 0 0 0 0 0
"156" 156 0.238410596026 476 24 0 0 0 0 0 0 0 0 0 0 0 0 0 0 0 0 0 0
"157" 157 0.0232558139535 236 133 122 6 1 1 1 0 0 0 0 0 0 0 0 0 0 0 0 0
"158" 158 0.276729559748 424 42 25 8 1 0 0 0 0 0 0 0 0 0 0 0 0 0 0 0
"159" 159 0.405128205128 500 0 0 0 0 0 0 0 0 0 0 0 0 0 0 0 0 0 0 0
"160" 160 0.0179372197309 415 63 12 5 2 1 1 1 0 0 0 0 0 0 0 0 0 0 0 0
"161" 161 0.0932642487047 268 157 42 23 5 2 2 1 0 0 0 0 0 0 0 0 0 0 0 0
"162" 162 0.0102564102564 462 28 6 2 2 0 0 0 0 0 0 0 0 0 0 0 0 0 0 0
"163" 163 0.0 489 7 3 1 0 0 0 0 0 0 0 0 0 0 0 0 0 0 0 0
"164" 164 0.0152284263959 444 50 5 1 0 0 0 0 0 0 0 0 0 0 0 0 0 0 0 0
"165" 165 0.275229357798 482 6 6 3 2 1 0 0 0 0 0 0 0 0 0 0 0 0 0 0
"166" 166 0.5 154 126 102 63 31 12 6 3 2 1 0 0 0 0 0 0 0 0 0 0
"167" 167 0.451923076923 466 34 0 0 0 0 0 0 0 0 0 0 0 0 0 0 0 0 0 0
"168" 168 0.0529801324503 234 159 62 31 8 6 0 0 0 0 0 0 0 0 0 0 0 0 0 0
"169" 169 0.110266159696 499 1 0 0 0 0 0 0 0 0 0 0 0 0 0 0 0 0 0 0
"170" 170 0.0 240 171 62 22 2 1 1 1 0 0 0 0 0 0 0 0 0 0 0 0
"171" 171 0.0 294 203 3 0 0 0 0 0 0 0 0 0 0 0 0 0 0 0 0 0
"172" 172 0.0 291 110 64 23 5 4 3 0 0 0 0 0 0 0 0 0 0 0 0 0
"173" 173 0.00961538461538 496 4 0 0 0 0 0 0 0 0 0 0 0 0 0 0 0 0 0 0
"174" 174 0.0 210 94 44 43 38 26 13 10 9 6 6 1 0 0 0 0 0 0 0 0
"175" 175 0.0 492 4 3 1 0 0 0 0 0 0 0 0 0 0 0 0 0 0 0 0
"176" 176 0.0 365 68 59 6 1 1 0 0 0 0 0 0 0 0 0 0 0 0 0 0
"177" 177 0.191489361702 203 123 103 48 17 5 1 0 0 0 0 0 0 0 0 0 0 0 0 0
"178" 178 0.504464285714 222 214 36 16 6 5 1 0 0 0 0 0 0 0 0 0 0 0 0 0
"179" 179 0.186602870813 287 113 34 26 20 14 4 2 0 0 0 0 0 0 0 0 0 0 0 0
"180" 180 0.0232558139535 477 10 8 4 1 0 0 0 0 0 0 0 0 0 0 0 0 0 0 0
"181" 181 0.0190114068441 324 162 14 0 0 0 0 0 0 0 0 0 0 0 0 0 0 0 0 0
"182" 182 0.410646387833 221 219 34 23 2 1 0 0 0 0 0 0 0 0 0 0 0 0 0 0
"183" 183 0.477611940299 490 9 1 0 0 0 0 0 0 0 0 0 0 0 0 0 0 0 0 0
"184" 184 0.28102189781 500 0 0 0 0 0 0 0 0 0 0 0 0 0 0 0 0 0 0 0
"185" 185 0.0228136882129 496 4 0 0 0 0 0 0 0 0 0 0 0 0 0 0 0 0 0 0
"186" 186 0.304932735426 499 1 0 0 0 0 0 0 0 0 0 0 0 0 0 0 0 0 0 0
"187" 187 0.610256410256 317 76 45 29 23 8 1 1 0 0 0 0 0 0 0 0 0 0 0 0
"188" 188 0.295620437956 261 91 45 28 26 18 10 9 8 4 0 0 0 0 0 0 0 0 0 0
"189" 189 0.113138686131 278 165 39 11 3 3 1 0 0 0 0 0 0 0 0 0 0 0 0 0
"190" 190 0.584905660377 252 140 84 8 5 4 3 2 1 1 0 0 0 0 0 0 0 0 0 0
"191" 191 0.397321428571 245 146 45 20 16 16 10 1 1 0 0 0 0 0 0 0 0 0 0 0
"192" 192 0.00380228136882 372 114 10 3 1 0 0 0 0 0 0 0 0 0 0 0 0 0 0 0
"193" 193 0.00995024875622 394 47 43 8 5 2 1 0 0 0 0 0 0 0 0 0 0 0 0 0
"194" 194 0.425641025641 375 88 17 10 4 3 2 1 0 0 0 0 0 0 0 0 0 0 0 0
"195" 195 0.251282051282 346 150 3 1 0 0 0 0 0 0 0 0 0 0 0 0 0 0 0 0
"196" 196 0.0 331 144 23 1 1 0 0 0 0 0 0 0 0 0 0 0 0 0 0 0
"197" 197 0.0248226950355 450 24 10 8 3 2 1 1 1 0 0 0 0 0 0 0 0 0 0 0
"198" 198 0.379487179487 343 150 3 3 1 0 0 0 0 0 0 0 0 0 0 0 0 0 0 0
"199" 199 0.0 473 21 4 2 0 0 0 0 0 0 0 0 0 0 0 0 0 0 0 0
"200" 200 0.0 349 38 30 22 16 15 13 7 5 3 1 1 0 0 0 0 0 0 0 0
"201" 201 0.148717948718 354 105 19 11 11 0 0 0 0 0 0 0 0 0 0 0 0 0 0 0
"202" 202 0.0425531914894 443 57 0 0 0 0 0 0 0 0 0 0 0 0 0 0 0 0 0 0
"203" 203 0.450331125828 364 56 45 26 5 2 2 0 0 0 0 0 0 0 0 0 0 0 0 0
"204" 204 0.0982142857143 287 91 39 36 21 17 4 2 1 1 1 0 0 0 0 0 0 0 0 0
"205" 205 0.0 255 106 52 25 23 15 12 8 4 0 0 0 0 0 0 0 0 0 0 0
"206" 206 0.0923076923077 303 159 21 17 0 0 0 0 0 0 0 0 0 0 0 0 0 0 0 0
"207" 207 0.456204379562 360 85 39 9 3 2 1 1 0 0 0 0 0 0 0 0 0 0 0 0
"208" 208 0.0 499 1 0 0 0 0 0 0 0 0 0 0 0 0 0 0 0 0 0 0
"209" 209 0.046511627907 273 126 29 17 14 13 12 11 3 1 1 0 0 0 0 0 0 0 0 0
"210" 210 0.569506726457 191 157 87 29 17 17 1 1 0 0 0 0 0 0 0 0 0 0 0 0
"211" 211 0.410852713178 359 116 23 2 0 0 0 0 0 0 0 0 0 0 0 0 0 0 0 0
"212" 212 0.271523178808 499 1 0 0 0 0 0 0 0 0 0 0 0 0 0 0 0 0 0 0
