"site" "RSA" "aa1" "aa2" "aa3" "aa4" "aa5" "aa6" "aa7" "aa8" "aa9" "aa10" "aa11" "aa12" "aa13" "aa14" "aa15" "aa16" "aa17" "aa18" "aa19" "aa20"
"0" 0 0.842767295597 414 20 18 17 16 15 0 0 0 0 0 0 0 0 0 0 0 0 0 0
"1" 1 0.122093023256 194 131 63 27 26 21 16 11 5 4 1 1 0 0 0 0 0 0 0 0
"2" 2 0.360465116279 437 34 20 4 2 2 1 0 0 0 0 0 0 0 0 0 0 0 0 0
"3" 3 0.147208121827 415 34 13 9 9 8 7 2 1 1 1 0 0 0 0 0 0 0 0 0
"4" 4 0.556291390728 380 64 38 8 5 3 1 1 0 0 0 0 0 0 0 0 0 0 0 0
"5" 5 0.223880597015 313 79 62 25 10 3 2 2 2 1 1 0 0 0 0 0 0 0 0 0
"6" 6 0.00995024875622 382 70 34 7 2 2 1 1 1 0 0 0 0 0 0 0 0 0 0 0
"7" 7 0.322869955157 336 89 21 21 13 8 6 3 2 1 0 0 0 0 0 0 0 0 0 0
"8" 8 0.409282700422 140 135 77 75 65 3 2 2 1 0 0 0 0 0 0 0 0 0 0 0
"9" 9 0.197718631179 232 142 49 34 21 12 6 3 1 0 0 0 0 0 0 0 0 0 0 0
"10" 10 0.101265822785 274 116 59 28 18 3 1 1 0 0 0 0 0 0 0 0 0 0 0 0
"11" 11 0.632286995516 386 41 36 26 7 3 1 0 0 0 0 0 0 0 0 0 0 0 0 0
"12" 12 0.34375 202 149 128 17 1 1 1 1 0 0 0 0 0 0 0 0 0 0 0 0
"13" 13 0.742616033755 425 55 11 5 2 2 0 0 0 0 0 0 0 0 0 0 0 0 0 0
"14" 14 0.286919831224 474 11 6 3 3 2 1 0 0 0 0 0 0 0 0 0 0 0 0 0
"15" 15 0.266423357664 211 160 57 16 15 11 9 7 7 4 2 1 0 0 0 0 0 0 0 0
"16" 16 0.0627615062762 419 42 20 7 6 3 1 1 1 0 0 0 0 0 0 0 0 0 0 0
"17" 17 0.100775193798 262 93 83 31 22 5 2 2 0 0 0 0 0 0 0 0 0 0 0 0
"18" 18 0.0174418604651 270 192 38 0 0 0 0 0 0 0 0 0 0 0 0 0 0 0 0 0
"19" 19 0.00507614213198 470 15 7 2 2 2 1 1 0 0 0 0 0 0 0 0 0 0 0 0
"20" 20 0.0174418604651 475 14 8 2 1 0 0 0 0 0 0 0 0 0 0 0 0 0 0 0
"21" 21 0.0 359 136 5 0 0 0 0 0 0 0 0 0 0 0 0 0 0 0 0 0
"22" 22 0.0114068441065 261 182 29 15 6 6 1 0 0 0 0 0 0 0 0 0 0 0 0 0
"23" 23 0.274611398964 400 62 16 15 3 2 2 0 0 0 0 0 0 0 0 0 0 0 0 0
"24" 24 0.441064638783 147 103 100 97 26 26 1 0 0 0 0 0 0 0 0 0 0 0 0 0
"25" 25 0.53642384106 335 79 54 15 12 2 1 1 1 0 0 0 0 0 0 0 0 0 0 0
"26" 26 0.188284518828 428 54 7 5 2 1 1 1 1 0 0 0 0 0 0 0 0 0 0 0
"27" 27 0.0 482 18 0 0 0 0 0 0 0 0 0 0 0 0 0 0 0 0 0 0
"28" 28 0.337552742616 148 141 110 72 16 5 4 4 0 0 0 0 0 0 0 0 0 0 0 0
"29" 29 0.0547263681592 254 163 52 25 5 1 0 0 0 0 0 0 0 0 0 0 0 0 0 0
"30" 30 0.0 242 101 34 30 25 19 19 16 9 2 2 1 0 0 0 0 0 0 0 0
"31" 31 0.217054263566 274 117 44 42 16 3 2 2 0 0 0 0 0 0 0 0 0 0 0 0
"32" 32 0.461139896373 200 132 73 57 11 9 8 5 3 1 1 0 0 0 0 0 0 0 0 0
"33" 33 0.196428571429 135 120 86 59 40 19 12 10 10 6 2 1 0 0 0 0 0 0 0 0
"34" 34 0.317307692308 500 0 0 0 0 0 0 0 0 0 0 0 0 0 0 0 0 0 0 0
"35" 35 0.0149253731343 185 177 47 29 27 23 6 5 1 0 0 0 0 0 0 0 0 0 0 0
"36" 36 0.287179487179 201 113 79 76 10 8 8 3 2 0 0 0 0 0 0 0 0 0 0 0
"37" 37 0.0574712643678 415 30 25 17 5 5 2 1 0 0 0 0 0 0 0 0 0 0 0 0
"38" 38 0.0045871559633 458 19 10 8 3 2 0 0 0 0 0 0 0 0 0 0 0 0 0 0
"39" 39 0.0646766169154 413 68 8 4 3 2 2 0 0 0 0 0 0 0 0 0 0 0 0 0
"40" 40 0.0 302 194 3 1 0 0 0 0 0 0 0 0 0 0 0 0 0 0 0 0
"41" 41 0.00961538461538 320 80 56 19 19 6 0 0 0 0 0 0 0 0 0 0 0 0 0 0
"42" 42 0.0259067357513 392 65 29 12 2 0 0 0 0 0 0 0 0 0 0 0 0 0 0 0
"43" 43 0.158940397351 235 83 82 58 22 15 3 1 1 0 0 0 0 0 0 0 0 0 0 0
"44" 44 0.0 320 143 18 14 2 1 1 1 0 0 0 0 0 0 0 0 0 0 0 0
"45" 45 0.0 480 14 5 1 0 0 0 0 0 0 0 0 0 0 0 0 0 0 0 0
"46" 46 0.325688073394 169 114 106 54 49 5 1 1 1 0 0 0 0 0 0 0 0 0 0 0
"47" 47 0.273255813953 325 82 52 9 9 9 7 5 1 1 0 0 0 0 0 0 0 0 0 0
"48" 48 0.367816091954 378 97 9 8 5 2 1 0 0 0 0 0 0 0 0 0 0 0 0 0
"49" 49 0.27802690583 177 145 125 19 11 9 8 3 2 1 0 0 0 0 0 0 0 0 0 0
"50" 50 0.596153846154 500 0 0 0 0 0 0 0 0 0 0 0 0 0 0 0 0 0 0 0
"51" 51 0.401913875598 227 142 99 16 12 2 2 0 0 0 0 0 0 0 0 0 0 0 0 0
"52" 52 0.725388601036 470 27 3 0 0 0 0 0 0 0 0 0 0 0 0 0 0 0 0 0
"53" 53 0.105960264901 190 136 77 36 34 24 2 1 0 0 0 0 0 0 0 0 0 0 0 0
"54" 54 0.0232558139535 222 95 86 39 27 18 6 3 2 1 1 0 0 0 0 0 0 0 0 0
"55" 55 0.174129353234 177 95 94 73 29 11 7 4 3 3 2 2 0 0 0 0 0 0 0 0
"56" 56 0.37106918239 408 24 20 12 10 9 8 2 2 2 1 1 1 0 0 0 0 0 0 0
"57" 57 0.0229885057471 362 65 23 19 19 5 5 1 1 0 0 0 0 0 0 0 0 0 0 0
"58" 58 0.372093023256 281 192 25 2 0 0 0 0 0 0 0 0 0 0 0 0 0 0 0 0
"59" 59 0.120689655172 242 82 71 37 32 9 8 8 7 2 1 1 0 0 0 0 0 0 0 0
"60" 60 0.53488372093 275 110 88 8 6 4 3 3 2 1 0 0 0 0 0 0 0 0 0 0
"61" 61 0.238341968912 159 147 134 19 15 11 8 4 1 1 1 0 0 0 0 0 0 0 0 0
"62" 62 0.0 148 106 89 47 30 25 24 16 14 1 0 0 0 0 0 0 0 0 0 0
"63" 63 0.131782945736 440 29 22 5 3 1 0 0 0 0 0 0 0 0 0 0 0 0 0 0
"64" 64 0.631178707224 196 57 39 35 34 32 30 25 20 19 7 6 0 0 0 0 0 0 0 0
"65" 65 0.11004784689 474 19 4 2 1 0 0 0 0 0 0 0 0 0 0 0 0 0 0 0
"66" 66 0.0 415 79 6 0 0 0 0 0 0 0 0 0 0 0 0 0 0 0 0 0
"67" 67 0.162790697674 315 84 63 30 4 3 1 0 0 0 0 0 0 0 0 0 0 0 0 0
"68" 68 0.139534883721 184 149 115 27 17 5 1 1 1 0 0 0 0 0 0 0 0 0 0 0
"69" 69 0.0 385 55 31 16 13 0 0 0 0 0 0 0 0 0 0 0 0 0 0 0
"70" 70 0.171532846715 344 85 63 7 1 0 0 0 0 0 0 0 0 0 0 0 0 0 0 0
"71" 71 0.620437956204 152 99 90 53 42 25 17 16 5 1 0 0 0 0 0 0 0 0 0 0
"72" 72 0.0384615384615 500 0 0 0 0 0 0 0 0 0 0 0 0 0 0 0 0 0 0 0
"73" 73 0.0077519379845 488 12 0 0 0 0 0 0 0 0 0 0 0 0 0 0 0 0 0 0
"74" 74 0.51572327044 300 92 32 32 32 9 3 0 0 0 0 0 0 0 0 0 0 0 0 0
"75" 75 0.538461538462 385 31 29 13 10 9 9 5 3 3 2 1 0 0 0 0 0 0 0 0
"76" 76 0.0316455696203 432 62 5 1 0 0 0 0 0 0 0 0 0 0 0 0 0 0 0 0
"77" 77 0.0298507462687 436 30 11 8 6 5 4 0 0 0 0 0 0 0 0 0 0 0 0 0
"78" 78 0.0 444 49 6 1 0 0 0 0 0 0 0 0 0 0 0 0 0 0 0 0
"79" 79 0.0348258706468 298 79 50 26 19 18 5 4 1 0 0 0 0 0 0 0 0 0 0 0
"80" 80 0.0 232 184 76 8 0 0 0 0 0 0 0 0 0 0 0 0 0 0 0 0
"81" 81 0.020725388601 423 23 19 16 7 4 4 2 1 1 0 0 0 0 0 0 0 0 0 0
"82" 82 0.0 499 1 0 0 0 0 0 0 0 0 0 0 0 0 0 0 0 0 0 0
"83" 83 0.0062893081761 398 77 20 5 0 0 0 0 0 0 0 0 0 0 0 0 0 0 0 0
"84" 84 0.380753138075 298 105 72 16 6 3 0 0 0 0 0 0 0 0 0 0 0 0 0 0
"85" 85 0.545871559633 352 96 21 13 8 5 3 2 0 0 0 0 0 0 0 0 0 0 0 0
"86" 86 0.031007751938 188 154 39 37 35 19 17 9 1 1 0 0 0 0 0 0 0 0 0 0
"87" 87 0.041825095057 343 157 0 0 0 0 0 0 0 0 0 0 0 0 0 0 0 0 0 0
"88" 88 0.341085271318 266 89 80 31 16 7 6 4 1 0 0 0 0 0 0 0 0 0 0 0
"89" 89 0.267441860465 287 114 48 34 15 1 1 0 0 0 0 0 0 0 0 0 0 0 0 0
"90" 90 0.0943396226415 319 130 16 12 7 5 4 4 2 1 0 0 0 0 0 0 0 0 0 0
"91" 91 0.544642857143 290 163 19 9 9 4 4 1 1 0 0 0 0 0 0 0 0 0 0 0
"92" 92 0.408071748879 209 105 67 51 39 12 10 5 2 0 0 0 0 0 0 0 0 0 0 0
"93" 93 0.0 500 0 0 0 0 0 0 0 0 0 0 0 0 0 0 0 0 0 0 0
"94" 94 0.192468619247 262 65 47 44 29 19 18 8 6 1 1 0 0 0 0 0 0 0 0 0
"95" 95 0.540178571429 190 174 34 29 21 17 16 11 4 2 1 1 0 0 0 0 0 0 0 0
"96" 96 0.174358974359 202 148 42 37 23 14 11 8 6 4 3 2 0 0 0 0 0 0 0 0
"97" 97 0.0 494 4 2 0 0 0 0 0 0 0 0 0 0 0 0 0 0 0 0 0
"98" 98 0.162790697674 190 132 98 56 12 7 2 1 1 1 0 0 0 0 0 0 0 0 0 0
"99" 99 0.267441860465 214 68 60 57 29 29 12 11 6 6 4 3 1 0 0 0 0 0 0 0
"100" 100 0.0 332 116 31 6 6 5 3 1 0 0 0 0 0 0 0 0 0 0 0 0
"101" 101 0.197247706422 306 93 57 12 8 7 6 6 4 1 0 0 0 0 0 0 0 0 0 0
"102" 102 0.689781021898 147 125 105 51 41 23 4 2 1 1 0 0 0 0 0 0 0 0 0 0
"103" 103 0.217054263566 474 26 0 0 0 0 0 0 0 0 0 0 0 0 0 0 0 0 0 0
"104" 104 0.134615384615 500 0 0 0 0 0 0 0 0 0 0 0 0 0 0 0 0 0 0 0
"105" 105 0.0387596899225 467 25 8 0 0 0 0 0 0 0 0 0 0 0 0 0 0 0 0 0
"106" 106 0.302564102564 350 103 43 3 1 0 0 0 0 0 0 0 0 0 0 0 0 0 0 0
"107" 107 0.0137614678899 410 74 15 1 0 0 0 0 0 0 0 0 0 0 0 0 0 0 0 0
"108" 108 0.0 484 9 5 2 0 0 0 0 0 0 0 0 0 0 0 0 0 0 0 0
"109" 109 0.0295358649789 370 97 20 6 3 3 1 0 0 0 0 0 0 0 0 0 0 0 0 0
"110" 110 0.010152284264 449 41 6 2 1 1 0 0 0 0 0 0 0 0 0 0 0 0 0 0
"111" 111 0.0357142857143 283 160 30 21 3 2 1 0 0 0 0 0 0 0 0 0 0 0 0 0
"112" 112 0.115384615385 500 0 0 0 0 0 0 0 0 0 0 0 0 0 0 0 0 0 0 0
"113" 113 0.0769230769231 500 0 0 0 0 0 0 0 0 0 0 0 0 0 0 0 0 0 0 0
"114" 114 0.495535714286 233 70 58 57 28 21 18 7 4 2 2 0 0 0 0 0 0 0 0 0
"115" 115 0.556737588652 180 159 129 24 4 3 1 0 0 0 0 0 0 0 0 0 0 0 0 0
"116" 116 0.00497512437811 408 38 31 10 10 2 1 0 0 0 0 0 0 0 0 0 0 0 0 0
"117" 117 0.195402298851 174 104 79 60 35 27 11 3 3 3 1 0 0 0 0 0 0 0 0 0
"118" 118 0.513392857143 226 137 75 24 15 9 8 4 2 0 0 0 0 0 0 0 0 0 0 0
"119" 119 0.0348837209302 324 89 48 21 13 3 1 1 0 0 0 0 0 0 0 0 0 0 0 0
"120" 120 0.00574712643678 264 235 1 0 0 0 0 0 0 0 0 0 0 0 0 0 0 0 0 0
"121" 121 0.421524663677 238 107 95 54 2 1 1 1 1 0 0 0 0 0 0 0 0 0 0 0
"122" 122 0.178899082569 262 119 45 44 12 7 5 2 2 1 1 0 0 0 0 0 0 0 0 0
"123" 123 0.0 500 0 0 0 0 0 0 0 0 0 0 0 0 0 0 0 0 0 0 0
"124" 124 0.261627906977 164 99 82 41 29 21 21 18 12 6 3 2 2 0 0 0 0 0 0 0
"125" 125 0.633928571429 298 71 47 30 21 14 6 5 4 2 1 1 0 0 0 0 0 0 0 0
"126" 126 0.419708029197 194 155 72 21 15 13 11 9 6 3 1 0 0 0 0 0 0 0 0 0
"127" 127 0.643410852713 463 37 0 0 0 0 0 0 0 0 0 0 0 0 0 0 0 0 0 0
"128" 128 0.0804597701149 348 100 20 19 11 2 0 0 0 0 0 0 0 0 0 0 0 0 0 0
"129" 129 0.182389937107 242 85 69 29 24 16 11 8 5 4 3 2 1 1 0 0 0 0 0 0
"130" 130 0.0 500 0 0 0 0 0 0 0 0 0 0 0 0 0 0 0 0 0 0 0
"131" 131 0.0 212 90 80 50 24 14 13 12 5 0 0 0 0 0 0 0 0 0 0 0
"132" 132 0.0192307692308 360 132 8 0 0 0 0 0 0 0 0 0 0 0 0 0 0 0 0 0
"133" 133 0.0239234449761 465 20 12 3 0 0 0 0 0 0 0 0 0 0 0 0 0 0 0 0
"134" 134 0.0199004975124 367 106 18 8 1 0 0 0 0 0 0 0 0 0 0 0 0 0 0 0
"135" 135 0.0673076923077 500 0 0 0 0 0 0 0 0 0 0 0 0 0 0 0 0 0 0 0
"136" 136 0.0348258706468 344 59 37 23 11 10 9 4 3 0 0 0 0 0 0 0 0 0 0 0
"137" 137 0.0697674418605 259 85 68 33 32 18 3 1 1 0 0 0 0 0 0 0 0 0 0 0
"138" 138 0.100628930818 149 116 70 59 55 33 14 2 1 1 0 0 0 0 0 0 0 0 0 0
"139" 139 0.0627802690583 408 36 25 10 9 9 2 1 0 0 0 0 0 0 0 0 0 0 0 0
"140" 140 0.291390728477 200 131 46 44 40 17 10 9 2 1 0 0 0 0 0 0 0 0 0 0
"141" 141 0.0804597701149 414 44 30 5 3 3 1 0 0 0 0 0 0 0 0 0 0 0 0 0
"142" 142 0.610256410256 166 104 88 37 24 18 18 16 11 9 5 4 0 0 0 0 0 0 0 0
"143" 143 0.705583756345 291 77 73 13 13 9 8 7 6 1 1 1 0 0 0 0 0 0 0 0
"144" 144 0.225941422594 481 9 3 2 2 2 1 0 0 0 0 0 0 0 0 0 0 0 0 0
"145" 145 0.538461538462 498 2 0 0 0 0 0 0 0 0 0 0 0 0 0 0 0 0 0 0
"146" 146 0.153846153846 500 0 0 0 0 0 0 0 0 0 0 0 0 0 0 0 0 0 0 0
"147" 147 0.399239543726 229 117 43 36 35 23 14 2 1 0 0 0 0 0 0 0 0 0 0 0
"148" 148 0.464135021097 152 134 80 50 33 27 13 6 5 0 0 0 0 0 0 0 0 0 0 0
"149" 149 0.183908045977 439 29 24 5 2 1 0 0 0 0 0 0 0 0 0 0 0 0 0 0
"150" 150 0.224215246637 477 6 5 3 3 3 2 1 0 0 0 0 0 0 0 0 0 0 0 0
"151" 151 0.0865384615385 500 0 0 0 0 0 0 0 0 0 0 0 0 0 0 0 0 0 0 0
"152" 152 0.492700729927 282 158 31 23 4 1 1 0 0 0 0 0 0 0 0 0 0 0 0 0
"153" 153 0.471153846154 500 0 0 0 0 0 0 0 0 0 0 0 0 0 0 0 0 0 0 0
"154" 154 0.611398963731 288 85 48 32 31 7 7 2 0 0 0 0 0 0 0 0 0 0 0 0
"155" 155 0.75 233 158 29 27 23 16 9 4 1 0 0 0 0 0 0 0 0 0 0 0
"156" 156 0.317829457364 303 95 65 13 10 6 4 3 1 0 0 0 0 0 0 0 0 0 0 0
"157" 157 0.0288461538462 353 50 38 32 23 3 1 0 0 0 0 0 0 0 0 0 0 0 0 0
"158" 158 0.414507772021 237 137 69 34 9 7 3 2 2 0 0 0 0 0 0 0 0 0 0 0
"159" 159 0.42600896861 172 142 91 66 8 8 5 4 2 1 1 0 0 0 0 0 0 0 0 0
"160" 160 0.109452736318 421 36 28 10 5 0 0 0 0 0 0 0 0 0 0 0 0 0 0 0
"161" 161 0.144278606965 275 89 65 33 28 6 1 1 1 1 0 0 0 0 0 0 0 0 0 0
"162" 162 0.364238410596 171 124 68 32 32 29 20 15 4 3 2 0 0 0 0 0 0 0 0 0
"163" 163 0.0880829015544 139 94 86 79 36 33 19 13 1 0 0 0 0 0 0 0 0 0 0 0
"164" 164 0.0077519379845 481 13 4 1 1 0 0 0 0 0 0 0 0 0 0 0 0 0 0 0
"165" 165 0.348258706468 196 161 71 69 2 1 0 0 0 0 0 0 0 0 0 0 0 0 0 0
"166" 166 0.116279069767 215 64 55 54 26 22 18 18 7 5 5 5 3 3 0 0 0 0 0 0
"167" 167 0.0149253731343 311 134 46 5 3 1 0 0 0 0 0 0 0 0 0 0 0 0 0 0
"168" 168 0.191964285714 247 236 5 5 3 1 1 1 1 0 0 0 0 0 0 0 0 0 0 0
"169" 169 0.674418604651 262 83 65 41 32 15 1 1 0 0 0 0 0 0 0 0 0 0 0 0
"170" 170 0.046511627907 500 0 0 0 0 0 0 0 0 0 0 0 0 0 0 0 0 0 0 0
"171" 171 0.259615384615 500 0 0 0 0 0 0 0 0 0 0 0 0 0 0 0 0 0 0 0
"172" 172 0.031007751938 491 9 0 0 0 0 0 0 0 0 0 0 0 0 0 0 0 0 0 0
"173" 173 0.313901345291 270 79 50 33 24 18 16 4 4 2 0 0 0 0 0 0 0 0 0 0
"174" 174 0.0 437 25 24 12 1 1 0 0 0 0 0 0 0 0 0 0 0 0 0 0
"175" 175 0.0149253731343 375 89 28 4 4 0 0 0 0 0 0 0 0 0 0 0 0 0 0 0
"176" 176 0.0229885057471 489 6 4 1 0 0 0 0 0 0 0 0 0 0 0 0 0 0 0 0
"177" 177 0.0 361 70 57 8 3 1 0 0 0 0 0 0 0 0 0 0 0 0 0 0
"178" 178 0.120535714286 220 110 106 56 3 2 2 1 0 0 0 0 0 0 0 0 0 0 0 0
"179" 179 0.0316455696203 293 97 54 25 12 8 7 3 1 0 0 0 0 0 0 0 0 0 0 0
"180" 180 0.0 276 201 19 4 0 0 0 0 0 0 0 0 0 0 0 0 0 0 0 0
"181" 181 0.0566037735849 491 8 1 0 0 0 0 0 0 0 0 0 0 0 0 0 0 0 0 0
"182" 182 0.0919540229885 294 119 36 22 20 3 2 1 1 1 1 0 0 0 0 0 0 0 0 0
"183" 183 0.441964285714 226 219 25 14 13 2 1 0 0 0 0 0 0 0 0 0 0 0 0 0
"184" 184 0.0497512437811 365 74 36 22 2 1 0 0 0 0 0 0 0 0 0 0 0 0 0 0
"185" 185 0.0 450 40 7 3 0 0 0 0 0 0 0 0 0 0 0 0 0 0 0 0
"186" 186 0.430379746835 199 171 95 18 13 3 1 0 0 0 0 0 0 0 0 0 0 0 0 0
"187" 187 0.357664233577 411 35 24 19 3 3 3 2 0 0 0 0 0 0 0 0 0 0 0 0
"188" 188 0.0 486 12 1 1 0 0 0 0 0 0 0 0 0 0 0 0 0 0 0 0
"189" 189 0.0639534883721 308 98 62 22 5 4 1 0 0 0 0 0 0 0 0 0 0 0 0 0
"190" 190 0.607142857143 269 120 57 23 18 11 2 0 0 0 0 0 0 0 0 0 0 0 0 0
"191" 191 0.364341085271 178 96 70 59 46 23 11 6 5 4 1 1 0 0 0 0 0 0 0 0
"192" 192 0.0298507462687 489 9 2 0 0 0 0 0 0 0 0 0 0 0 0 0 0 0 0 0
"193" 193 0.496124031008 210 169 68 25 21 3 2 1 1 0 0 0 0 0 0 0 0 0 0 0
"194" 194 0.0812182741117 482 5 5 3 2 2 1 0 0 0 0 0 0 0 0 0 0 0 0 0
"195" 195 0.0 314 146 39 1 0 0 0 0 0 0 0 0 0 0 0 0 0 0 0 0
"196" 196 0.0 280 202 14 3 1 0 0 0 0 0 0 0 0 0 0 0 0 0 0 0
"197" 197 0.0152284263959 416 34 20 14 9 3 3 1 0 0 0 0 0 0 0 0 0 0 0 0
"198" 198 0.0 438 53 8 1 0 0 0 0 0 0 0 0 0 0 0 0 0 0 0 0
"199" 199 0.0710659898477 331 131 29 4 3 1 1 0 0 0 0 0 0 0 0 0 0 0 0 0
"200" 200 0.0288461538462 499 1 0 0 0 0 0 0 0 0 0 0 0 0 0 0 0 0 0 0
"201" 201 0.0 430 62 8 0 0 0 0 0 0 0 0 0 0 0 0 0 0 0 0 0
"202" 202 0.0 500 0 0 0 0 0 0 0 0 0 0 0 0 0 0 0 0 0 0 0
"203" 203 0.282051282051 378 114 5 1 1 1 0 0 0 0 0 0 0 0 0 0 0 0 0 0
"204" 204 0.235632183908 226 107 62 30 18 15 14 10 8 5 3 1 1 0 0 0 0 0 0 0
"205" 205 0.0116279069767 437 56 5 2 0 0 0 0 0 0 0 0 0 0 0 0 0 0 0 0
"206" 206 0.0880829015544 234 99 78 52 20 12 4 1 0 0 0 0 0 0 0 0 0 0 0 0
"207" 207 0.0 499 1 0 0 0 0 0 0 0 0 0 0 0 0 0 0 0 0 0 0
"208" 208 0.0134529147982 314 108 26 17 13 9 7 4 1 1 0 0 0 0 0 0 0 0 0 0
"209" 209 0.0659898477157 447 27 22 3 1 0 0 0 0 0 0 0 0 0 0 0 0 0 0 0
"210" 210 0.00497512437811 267 123 71 24 9 4 1 1 0 0 0 0 0 0 0 0 0 0 0 0
"211" 211 0.120689655172 333 84 25 22 12 9 5 5 4 1 0 0 0 0 0 0 0 0 0 0
"212" 212 0.0 215 113 94 46 18 7 3 2 1 1 0 0 0 0 0 0 0 0 0 0
"213" 213 0.129186602871 337 54 40 26 21 6 5 5 3 2 1 0 0 0 0 0 0 0 0 0
"214" 214 0.0880829015544 239 75 66 54 32 14 8 5 2 2 1 1 1 0 0 0 0 0 0 0
"215" 215 0.0077519379845 276 76 39 21 20 19 16 16 8 5 3 1 0 0 0 0 0 0 0 0
"216" 216 0.0418410041841 302 97 43 23 21 8 2 2 1 1 0 0 0 0 0 0 0 0 0 0
"217" 217 0.307692307692 494 4 2 0 0 0 0 0 0 0 0 0 0 0 0 0 0 0 0 0
"218" 218 0.446700507614 457 25 15 2 1 0 0 0 0 0 0 0 0 0 0 0 0 0 0 0
"219" 219 0.313953488372 177 109 72 69 27 16 8 7 6 3 3 3 0 0 0 0 0 0 0 0
"220" 220 0.625 199 105 86 78 12 10 5 4 1 0 0 0 0 0 0 0 0 0 0 0
"221" 221 0.673076923077 500 0 0 0 0 0 0 0 0 0 0 0 0 0 0 0 0 0 0 0
"222" 222 0.928229665072 322 111 38 13 12 4 0 0 0 0 0 0 0 0 0 0 0 0 0 0
"223" 223 0.253807106599 341 58 49 18 14 12 2 2 2 1 1 0 0 0 0 0 0 0 0 0
"224" 224 0.295597484277 188 177 95 17 11 8 4 0 0 0 0 0 0 0 0 0 0 0 0 0
"225" 225 0.476793248945 338 67 64 15 8 2 2 1 1 1 1 0 0 0 0 0 0 0 0 0
"226" 226 0.108786610879 238 127 84 49 1 1 0 0 0 0 0 0 0 0 0 0 0 0 0 0
"227" 227 0.0387596899225 207 144 100 23 16 7 2 1 0 0 0 0 0 0 0 0 0 0 0 0
"228" 228 0.143459915612 240 144 66 25 18 3 3 1 0 0 0 0 0 0 0 0 0 0 0 0
"229" 229 0.25641025641 428 40 13 7 4 3 2 2 1 0 0 0 0 0 0 0 0 0 0 0
"230" 230 0.00418410041841 358 140 1 1 0 0 0 0 0 0 0 0 0 0 0 0 0 0 0 0
"231" 231 0.218905472637 222 222 29 14 7 4 2 0 0 0 0 0 0 0 0 0 0 0 0 0
"232" 232 0.612403100775 239 204 38 7 7 2 2 1 0 0 0 0 0 0 0 0 0 0 0 0
"233" 233 0.651785714286 214 133 54 25 20 19 14 8 8 3 2 0 0 0 0 0 0 0 0 0
"234" 234 0.174418604651 170 148 40 36 35 29 29 13 0 0 0 0 0 0 0 0 0 0 0 0
"235" 235 0.663461538462 500 0 0 0 0 0 0 0 0 0 0 0 0 0 0 0 0 0 0 0
"236" 236 0.419689119171 141 114 90 50 40 20 17 14 5 3 3 3 0 0 0 0 0 0 0 0
"237" 237 0.269035532995 447 21 16 6 6 3 1 0 0 0 0 0 0 0 0 0 0 0 0 0
"238" 238 0.412408759124 162 128 64 45 38 32 10 8 4 3 3 1 1 1 0 0 0 0 0 0
"239" 239 0.116279069767 154 118 98 69 24 17 16 4 0 0 0 0 0 0 0 0 0 0 0 0
"240" 240 0.0 500 0 0 0 0 0 0 0 0 0 0 0 0 0 0 0 0 0 0 0
"241" 241 0.00574712643678 128 120 72 39 38 26 20 16 13 12 8 6 1 1 0 0 0 0 0 0
"242" 242 0.441605839416 217 99 84 69 24 2 2 1 1 1 0 0 0 0 0 0 0 0 0 0
"243" 243 0.22869955157 205 115 77 36 24 16 12 9 3 2 1 0 0 0 0 0 0 0 0 0
"244" 244 0.0114068441065 318 76 70 17 9 9 1 0 0 0 0 0 0 0 0 0 0 0 0 0
"245" 245 0.229357798165 182 139 67 29 25 13 10 9 7 6 5 4 2 2 0 0 0 0 0 0
"246" 246 0.46511627907 140 121 100 81 39 12 4 2 1 0 0 0 0 0 0 0 0 0 0 0
"247" 247 0.142857142857 346 77 28 21 11 10 2 2 1 1 1 0 0 0 0 0 0 0 0 0
"248" 248 0.00574712643678 367 68 46 12 4 2 1 0 0 0 0 0 0 0 0 0 0 0 0 0
"249" 249 0.504464285714 372 63 54 4 3 2 1 1 0 0 0 0 0 0 0 0 0 0 0 0
"250" 250 0.483443708609 276 88 60 33 19 8 5 5 4 2 0 0 0 0 0 0 0 0 0 0
"251" 251 0.0961538461538 494 3 2 1 0 0 0 0 0 0 0 0 0 0 0 0 0 0 0 0
"252" 252 0.505747126437 343 47 44 28 24 8 4 1 1 0 0 0 0 0 0 0 0 0 0 0
"253" 253 0.0114068441065 429 32 24 14 1 0 0 0 0 0 0 0 0 0 0 0 0 0 0 0
"254" 254 0.0188679245283 355 120 8 7 4 3 1 1 1 0 0 0 0 0 0 0 0 0 0 0
"255" 255 0.182692307692 470 20 6 2 1 1 0 0 0 0 0 0 0 0 0 0 0 0 0 0
"256" 256 0.584821428571 411 42 12 11 10 5 3 3 1 1 1 0 0 0 0 0 0 0 0 0
"257" 257 0.669642857143 253 180 46 14 7 0 0 0 0 0 0 0 0 0 0 0 0 0 0 0
"258" 258 0.0717703349282 499 1 0 0 0 0 0 0 0 0 0 0 0 0 0 0 0 0 0 0
"259" 259 0.0331125827815 314 112 30 23 8 7 2 1 1 1 1 0 0 0 0 0 0 0 0 0
"260" 260 0.112970711297 355 86 48 4 2 2 2 1 0 0 0 0 0 0 0 0 0 0 0 0
"261" 261 0.535885167464 280 125 57 27 8 3 0 0 0 0 0 0 0 0 0 0 0 0 0 0
