"site" "RSA" "aa1" "aa2" "aa3" "aa4" "aa5" "aa6" "aa7" "aa8" "aa9" "aa10" "aa11" "aa12" "aa13" "aa14" "aa15" "aa16" "aa17" "aa18" "aa19" "aa20"
"0" 0 0.671794871795 225 93 48 33 33 27 13 9 6 5 3 3 1 1 0 0 0 0 0 0
"1" 1 0.154228855721 95 72 56 54 45 42 32 26 22 17 15 9 8 5 1 1 0 0 0 0
"2" 2 0.223628691983 150 56 54 45 33 31 30 26 16 15 15 11 8 5 2 2 1 0 0 0
"3" 3 0.0 143 137 55 44 38 20 17 11 11 8 6 4 4 1 1 0 0 0 0 0
"4" 4 0.00418410041841 218 100 66 28 24 18 12 9 8 5 4 3 3 1 1 0 0 0 0 0
"5" 5 0.12582781457 256 110 37 32 25 9 7 7 5 4 4 1 1 1 1 0 0 0 0 0
"6" 6 0.0149253731343 331 130 16 11 4 4 2 2 0 0 0 0 0 0 0 0 0 0 0 0
"7" 7 0.435897435897 134 107 69 68 39 31 20 12 8 3 2 2 2 1 1 1 0 0 0 0
"8" 8 0.0529801324503 439 24 19 11 3 2 2 0 0 0 0 0 0 0 0 0 0 0 0 0
"9" 9 0.0358974358974 215 198 24 21 20 15 6 1 0 0 0 0 0 0 0 0 0 0 0 0
"10" 10 0.283018867925 204 83 74 33 31 17 15 11 9 9 7 5 2 0 0 0 0 0 0 0
"11" 11 0.473214285714 221 166 33 21 17 13 10 9 4 2 2 1 1 0 0 0 0 0 0 0
"12" 12 0.0 174 156 37 35 22 17 16 13 7 6 5 5 3 3 1 0 0 0 0 0
"13" 13 0.0 263 147 65 16 5 4 0 0 0 0 0 0 0 0 0 0 0 0 0 0
"14" 14 0.316455696203 151 67 65 57 36 33 32 17 9 9 9 4 4 2 2 2 1 0 0 0
"15" 15 0.272321428571 116 115 97 54 31 20 16 10 9 8 8 6 4 4 1 1 0 0 0 0
"16" 16 0.0 245 56 55 44 23 23 20 13 9 4 4 3 1 0 0 0 0 0 0 0
"17" 17 0.0 233 64 52 27 24 23 19 12 11 9 9 4 3 3 3 3 1 0 0 0
"18" 18 0.512953367876 113 87 75 56 47 40 15 14 14 12 10 6 4 4 1 1 1 0 0 0
"19" 19 0.431472081218 110 94 81 63 54 26 22 17 13 6 6 4 2 1 1 0 0 0 0 0
"20" 20 0.195402298851 117 102 65 59 22 20 19 18 17 16 11 10 7 6 6 3 2 0 0 0
"21" 21 0.538461538462 499 1 0 0 0 0 0 0 0 0 0 0 0 0 0 0 0 0 0 0
"22" 22 0.281609195402 264 53 39 29 25 22 18 16 13 11 6 2 1 1 0 0 0 0 0 0
"23" 23 0.739910313901 228 113 59 37 31 8 7 6 4 3 2 1 1 0 0 0 0 0 0 0
"24" 24 0.228855721393 158 74 70 33 28 28 24 20 16 14 9 7 6 5 3 2 2 1 0 0
"25" 25 0.144230769231 192 89 75 44 22 20 19 9 8 6 4 3 2 2 2 1 1 1 0 0
"26" 26 0.451476793249 303 64 25 19 17 12 11 10 10 9 4 3 3 3 2 2 1 1 1 0
"27" 27 0.208860759494 179 140 58 17 16 16 15 14 10 10 8 8 3 2 2 1 1 0 0 0
"28" 28 0.205298013245 205 46 43 41 33 26 24 21 11 11 11 10 7 5 4 2 0 0 0 0
"29" 29 0.17816091954 227 82 80 30 13 12 11 9 7 6 6 5 4 4 3 1 0 0 0 0
"30" 30 0.43023255814 115 115 97 69 28 22 11 11 8 7 4 3 3 3 2 2 0 0 0 0
"31" 31 0.375912408759 89 84 77 43 37 28 24 24 22 20 15 14 11 5 4 2 1 0 0 0
"32" 32 0.410041841004 114 84 82 64 50 29 24 19 13 9 3 3 3 2 1 0 0 0 0 0
"33" 33 0.900662251656 150 121 84 73 36 14 11 7 3 1 0 0 0 0 0 0 0 0 0 0
"34" 34 0.544041450777 206 120 72 34 17 16 12 5 5 4 3 3 1 1 1 0 0 0 0 0
"35" 35 0.394230769231 211 108 55 38 35 16 12 7 5 3 3 3 2 2 0 0 0 0 0 0
"36" 36 0.544642857143 109 60 53 53 52 40 32 28 19 12 12 10 9 4 3 2 2 0 0 0
"37" 37 0.114942528736 123 89 88 43 39 34 18 17 16 10 7 6 5 4 1 0 0 0 0 0
"38" 38 0.421524663677 174 102 70 39 38 33 23 12 3 2 1 1 1 1 0 0 0 0 0 0
"39" 39 0.0761421319797 255 89 66 24 18 18 9 6 4 4 3 3 1 0 0 0 0 0 0 0
"40" 40 0.405128205128 368 25 24 17 11 11 9 9 9 5 5 3 3 1 0 0 0 0 0 0
"41" 41 0.167512690355 305 50 37 32 13 13 11 9 7 7 6 4 3 2 1 0 0 0 0 0
"42" 42 0.473214285714 133 98 47 47 36 31 30 18 15 14 9 8 5 4 2 1 1 1 0 0
"43" 43 0.325892857143 194 82 59 34 27 21 17 14 13 13 7 5 4 4 3 2 1 0 0 0
"44" 44 0.622516556291 121 96 88 45 36 32 29 17 12 11 7 3 3 0 0 0 0 0 0 0
"45" 45 0.0152284263959 180 94 52 44 23 22 16 15 14 13 12 6 5 2 1 1 0 0 0 0
"46" 46 0.649635036496 237 77 47 30 19 19 15 14 12 11 6 3 3 3 3 1 0 0 0 0
"47" 47 0.317307692308 413 75 5 3 1 1 1 1 0 0 0 0 0 0 0 0 0 0 0 0
"48" 48 0.0189873417722 143 125 88 37 32 27 15 11 7 7 4 3 1 0 0 0 0 0 0 0
"49" 49 0.108808290155 88 87 54 47 42 38 36 30 29 22 22 5 0 0 0 0 0 0 0 0
"50" 50 0.0 169 152 45 40 22 19 16 9 8 7 5 3 3 1 1 0 0 0 0 0
"51" 51 0.0228136882129 189 168 53 49 19 12 5 3 1 1 0 0 0 0 0 0 0 0 0 0
"52" 52 0.0 377 47 46 9 7 6 2 2 2 2 0 0 0 0 0 0 0 0 0 0
"53" 53 0.0152284263959 205 195 30 25 17 9 6 4 3 2 2 1 1 0 0 0 0 0 0 0
"54" 54 0.00448430493274 368 35 26 20 18 15 8 4 2 2 2 0 0 0 0 0 0 0 0 0
"55" 55 0.00662251655629 445 44 7 2 1 1 0 0 0 0 0 0 0 0 0 0 0 0 0 0
"56" 56 0.0 432 16 13 11 6 5 4 3 3 3 1 1 1 1 0 0 0 0 0 0
"57" 57 0.0529801324503 277 53 46 38 32 23 7 6 6 4 4 2 1 1 0 0 0 0 0 0
"58" 58 0.730569948187 116 113 104 55 35 31 22 10 6 5 2 1 0 0 0 0 0 0 0 0
"59" 59 0.364779874214 167 123 65 46 36 32 17 10 2 1 1 0 0 0 0 0 0 0 0 0
"60" 60 0.195402298851 143 136 71 49 48 14 11 8 5 4 4 3 2 2 0 0 0 0 0 0
"61" 61 0.507692307692 198 149 55 31 26 11 8 5 4 4 4 3 1 1 0 0 0 0 0 0
"62" 62 0.352678571429 210 128 49 48 27 16 8 4 3 2 2 1 1 1 0 0 0 0 0 0
"63" 63 0.0909090909091 365 54 24 20 13 12 7 3 1 1 0 0 0 0 0 0 0 0 0 0
"64" 64 0.0812182741117 181 122 56 27 25 24 17 14 10 8 5 4 3 2 1 1 0 0 0 0
"65" 65 0.435779816514 133 121 62 61 51 23 11 9 8 7 5 4 2 1 1 1 0 0 0 0
"66" 66 0.00892857142857 118 76 48 46 42 32 29 25 25 20 14 10 8 2 2 2 1 0 0 0
"67" 67 0.0 203 98 88 71 16 7 6 5 3 3 0 0 0 0 0 0 0 0 0 0
"68" 68 0.109452736318 95 76 75 71 41 36 26 25 21 13 12 4 2 2 1 0 0 0 0 0
"69" 69 0.263959390863 114 107 77 69 49 16 16 13 13 12 9 1 1 1 1 1 0 0 0 0
"70" 70 0.0 327 33 28 27 23 17 14 8 5 5 5 4 2 1 1 0 0 0 0 0
"71" 71 0.0 120 103 95 71 33 31 30 9 3 2 1 1 1 0 0 0 0 0 0 0
"72" 72 0.284974093264 124 118 113 97 18 6 6 4 3 3 3 2 2 1 0 0 0 0 0 0
"73" 73 0.193798449612 132 95 74 54 53 15 15 14 10 10 7 6 5 5 3 1 1 0 0 0
"74" 74 0.0 115 87 84 74 48 23 18 18 11 7 6 4 3 1 1 0 0 0 0 0
"75" 75 0.400843881857 110 100 86 43 40 30 23 13 11 10 7 7 6 4 4 3 2 1 0 0
"76" 76 0.624087591241 98 76 74 67 46 44 34 17 12 11 7 5 3 3 2 1 0 0 0 0
"77" 77 0.31007751938 112 88 67 49 47 46 24 22 14 7 7 7 5 5 0 0 0 0 0 0
"78" 78 0.364238410596 332 158 5 2 1 1 1 0 0 0 0 0 0 0 0 0 0 0 0 0
"79" 79 0.139534883721 276 166 17 13 10 8 3 3 2 1 1 0 0 0 0 0 0 0 0 0
"80" 80 0.590717299578 281 94 59 16 12 10 7 5 5 3 3 1 1 1 1 1 0 0 0 0
"81" 81 0.145348837209 143 114 90 53 35 14 11 8 7 6 6 5 4 2 2 0 0 0 0 0
"82" 82 0.0304568527919 270 101 50 33 19 15 5 2 2 2 1 0 0 0 0 0 0 0 0 0
"83" 83 0.0153846153846 253 75 57 28 20 16 12 12 8 7 5 5 1 1 0 0 0 0 0 0
"84" 84 0.0 276 125 26 24 14 6 6 5 5 5 4 3 1 0 0 0 0 0 0 0
"85" 85 0.00574712643678 155 153 96 43 16 14 8 5 4 4 1 1 0 0 0 0 0 0 0 0
"86" 86 0.0 320 98 19 19 19 16 5 2 1 1 0 0 0 0 0 0 0 0 0 0
"87" 87 0.0062893081761 210 94 51 47 23 20 16 11 10 7 4 3 2 2 0 0 0 0 0 0
"88" 88 0.0380228136882 241 86 61 60 22 19 6 3 2 0 0 0 0 0 0 0 0 0 0 0
"89" 89 0.0190114068441 278 81 54 45 23 7 5 4 1 1 1 0 0 0 0 0 0 0 0 0
"90" 90 0.00961538461538 480 16 2 1 1 0 0 0 0 0 0 0 0 0 0 0 0 0 0 0
"91" 91 0.300380228137 143 100 86 60 43 26 12 9 8 7 4 2 0 0 0 0 0 0 0 0
"92" 92 0.0232558139535 241 120 54 33 30 14 2 2 1 1 1 1 0 0 0 0 0 0 0 0
"93" 93 0.372262773723 112 97 79 61 42 33 20 13 11 10 9 5 3 2 2 1 0 0 0 0
"94" 94 0.233183856502 151 98 58 53 43 34 21 18 11 5 3 3 1 1 0 0 0 0 0 0
"95" 95 0.160621761658 190 112 60 34 32 31 12 9 7 4 3 3 2 1 0 0 0 0 0 0
"96" 96 0.656934306569 90 77 73 72 56 45 40 23 16 4 2 2 0 0 0 0 0 0 0 0
"97" 97 0.607594936709 306 85 52 19 14 9 5 2 2 2 1 1 1 1 0 0 0 0 0 0
"98" 98 0.880794701987 236 159 40 34 17 10 2 1 1 0 0 0 0 0 0 0 0 0 0 0
"99" 99 0.839416058394 272 163 27 25 7 3 2 1 0 0 0 0 0 0 0 0 0 0 0 0
"100" 100 0.441964285714 242 87 47 35 32 28 10 5 5 2 2 1 1 1 1 1 0 0 0 0
"101" 101 0.534591194969 301 128 20 15 13 9 5 4 2 2 1 0 0 0 0 0 0 0 0 0
"102" 102 0.319796954315 175 88 87 36 27 18 16 13 12 7 6 5 4 3 2 1 0 0 0 0
"103" 103 0.156976744186 146 96 92 78 16 16 11 10 9 8 7 6 3 1 1 0 0 0 0 0
"104" 104 0.0 297 103 36 23 13 10 6 3 3 2 1 1 1 1 0 0 0 0 0 0
"105" 105 0.316455696203 228 112 58 43 15 8 8 6 6 5 3 2 2 2 2 0 0 0 0 0
"106" 106 0.492537313433 192 66 58 50 39 23 18 17 15 8 5 5 2 1 1 0 0 0 0 0
"107" 107 0.0167364016736 197 138 65 29 13 11 10 8 7 7 5 5 4 1 0 0 0 0 0 0
"108" 108 0.0 339 62 35 20 8 7 7 6 4 3 2 2 1 1 1 1 1 0 0 0
"109" 109 0.323076923077 149 91 75 63 34 26 21 16 6 4 4 4 2 2 2 1 0 0 0 0
"110" 110 0.338308457711 167 104 96 47 23 12 12 9 8 7 6 5 2 1 1 0 0 0 0 0
"111" 111 0.0 233 84 58 37 29 18 14 9 8 5 2 2 1 0 0 0 0 0 0 0
"112" 112 0.209821428571 109 94 92 58 57 23 14 12 9 8 6 6 4 4 2 1 1 0 0 0
"113" 113 0.668604651163 118 107 99 32 31 28 22 18 12 10 7 7 4 3 2 0 0 0 0 0
"114" 114 0.108527131783 343 70 25 18 14 10 4 3 3 2 2 2 1 1 1 1 0 0 0 0
"115" 115 0.182692307692 500 0 0 0 0 0 0 0 0 0 0 0 0 0 0 0 0 0 0 0
"116" 116 0.077519379845 270 65 52 36 29 16 8 5 5 4 3 3 2 1 1 0 0 0 0 0
"117" 117 0.296511627907 215 162 72 13 12 11 6 2 2 2 1 1 1 0 0 0 0 0 0 0
"118" 118 0.222627737226 324 71 42 30 28 2 1 1 1 0 0 0 0 0 0 0 0 0 0 0
"119" 119 0.0 317 62 35 17 13 13 13 9 6 5 4 2 1 1 1 1 0 0 0 0
"120" 120 0.00507614213198 212 130 43 39 34 12 8 7 4 4 3 2 1 1 0 0 0 0 0 0
"121" 121 0.0 181 94 89 74 16 14 9 6 5 5 3 2 1 1 0 0 0 0 0 0
"122" 122 0.00497512437811 190 82 81 30 21 21 20 19 12 10 5 5 3 1 0 0 0 0 0 0
"123" 123 0.0621761658031 224 147 72 23 14 11 4 3 1 1 0 0 0 0 0 0 0 0 0 0
"124" 124 0.0248756218905 366 53 20 15 10 10 9 5 4 3 2 1 1 1 0 0 0 0 0 0
"125" 125 0.311004784689 144 71 53 42 41 37 28 20 15 15 13 10 4 3 2 1 1 0 0 0
"126" 126 0.046511627907 308 39 36 29 27 16 13 9 9 6 4 2 2 0 0 0 0 0 0 0
"127" 127 0.465408805031 149 128 127 32 30 22 4 3 2 2 1 0 0 0 0 0 0 0 0 0
"128" 128 0.587443946188 236 90 72 38 20 14 12 7 5 2 2 1 1 0 0 0 0 0 0 0
"129" 129 0.0 246 47 47 47 33 32 17 10 8 4 3 3 1 1 1 0 0 0 0 0
"130" 130 0.322869955157 125 99 59 42 34 29 25 20 14 13 13 10 8 4 2 2 1 0 0 0
"131" 131 0.567307692308 222 85 65 54 28 25 7 5 5 2 1 1 0 0 0 0 0 0 0 0
"132" 132 0.196652719665 171 130 57 55 35 17 8 7 6 5 4 2 2 1 0 0 0 0 0 0
"133" 133 0.0418410041841 188 152 53 32 28 13 9 7 6 6 2 2 1 1 0 0 0 0 0 0
"134" 134 0.777202072539 203 75 72 39 33 21 19 15 9 5 4 3 2 0 0 0 0 0 0 0
"135" 135 0.162436548223 92 87 73 49 43 40 30 29 17 14 6 5 4 4 3 2 1 1 0 0
"136" 136 0.421383647799 217 145 64 22 18 11 7 6 3 3 2 1 1 0 0 0 0 0 0 0
"137" 137 0.116751269036 158 94 63 49 46 30 18 16 15 4 3 2 1 1 0 0 0 0 0 0
"138" 138 0.238341968912 145 143 42 41 31 30 19 15 11 7 6 4 2 2 1 1 0 0 0 0
"139" 139 0.157894736842 444 17 16 7 5 4 3 2 1 1 0 0 0 0 0 0 0 0 0 0
"140" 140 0.0 238 70 63 24 21 15 15 9 8 8 6 6 5 5 3 2 2 0 0 0
"141" 141 0.298165137615 87 65 64 61 58 49 47 24 16 9 8 5 3 3 1 0 0 0 0 0
"142" 142 0.0 210 83 54 47 34 23 22 18 4 2 2 1 0 0 0 0 0 0 0 0
"143" 143 0.0632183908046 146 121 72 32 27 22 22 14 11 7 7 6 5 4 3 1 0 0 0 0
"144" 144 0.314465408805 246 68 53 33 30 25 15 14 5 3 3 2 1 1 1 0 0 0 0 0
"145" 145 0.218274111675 111 93 79 48 42 28 23 19 18 15 12 5 3 2 1 1 0 0 0 0
"146" 146 0.00497512437811 195 110 59 36 21 17 13 13 12 9 6 5 4 0 0 0 0 0 0 0
"147" 147 0.0 169 83 43 29 22 21 21 18 18 17 17 12 10 5 5 4 4 2 0 0
"148" 148 0.584821428571 158 138 98 39 20 10 7 6 5 5 4 3 3 2 1 1 0 0 0 0
"149" 149 0.148288973384 84 80 54 45 41 35 31 27 26 22 14 12 12 7 6 2 2 0 0 0
"150" 150 0.00418410041841 250 112 37 30 23 14 7 6 5 5 5 3 1 1 1 0 0 0 0 0
"151" 151 0.392857142857 142 81 69 55 55 30 29 16 6 3 3 3 3 3 2 0 0 0 0 0
"152" 152 0.490384615385 131 57 53 49 33 30 28 26 25 22 17 14 9 4 2 0 0 0 0 0
"153" 153 0.35864978903 147 56 49 48 41 35 28 24 17 16 13 11 5 5 3 2 0 0 0 0
"154" 154 0.723076923077 402 42 20 20 10 3 2 1 0 0 0 0 0 0 0 0 0 0 0 0
"155" 155 0.179104477612 299 43 21 19 16 15 15 14 11 11 9 7 6 5 4 2 2 1 0 0
"156" 156 0.65625 132 113 89 50 30 27 20 11 10 9 6 2 1 0 0 0 0 0 0 0
"157" 157 0.414507772021 217 90 43 39 34 24 17 10 7 5 5 5 3 1 0 0 0 0 0 0
"158" 158 0.116751269036 189 69 60 42 41 32 28 9 8 6 4 4 4 2 1 1 0 0 0 0
"159" 159 0.00574712643678 135 108 87 50 45 31 11 7 7 5 5 4 3 2 0 0 0 0 0 0
"160" 160 0.0 162 117 46 43 40 28 23 16 11 5 4 4 1 0 0 0 0 0 0 0
"161" 161 0.00574712643678 220 88 63 54 16 13 10 6 6 5 5 4 3 3 2 2 0 0 0 0
"162" 162 0.00662251655629 390 66 43 1 0 0 0 0 0 0 0 0 0 0 0 0 0 0 0 0
"163" 163 0.0125786163522 181 154 82 19 17 15 10 6 5 4 2 2 1 1 1 0 0 0 0 0
"164" 164 0.290155440415 189 115 67 42 33 13 12 9 9 5 4 2 0 0 0 0 0 0 0 0
"165" 165 0.521531100478 184 73 54 41 33 33 30 14 10 8 8 5 4 2 1 0 0 0 0 0
"166" 166 0.576923076923 150 77 74 68 43 27 25 7 7 6 5 5 4 1 1 0 0 0 0 0
"167" 167 0.0 124 116 43 39 33 33 28 25 19 12 10 8 5 3 2 0 0 0 0 0
"168" 168 0.304597701149 204 56 51 44 33 23 23 19 17 9 6 4 4 3 2 2 0 0 0 0
"169" 169 0.575581395349 211 70 60 50 43 25 10 8 8 6 5 2 1 1 0 0 0 0 0 0
"170" 170 0.138686131387 126 94 61 61 52 31 30 13 8 6 6 3 3 2 2 1 1 0 0 0
"171" 171 0.0077519379845 394 40 37 15 6 5 1 1 1 0 0 0 0 0 0 0 0 0 0 0
"172" 172 0.554744525547 117 100 86 77 21 16 15 13 12 12 12 9 5 2 1 1 1 0 0 0
"173" 173 0.443037974684 151 135 104 36 15 15 12 7 7 6 6 3 3 0 0 0 0 0 0 0
"174" 174 0.0 171 67 58 49 41 39 26 25 8 6 5 2 1 1 1 0 0 0 0 0
"175" 175 0.031007751938 461 29 10 0 0 0 0 0 0 0 0 0 0 0 0 0 0 0 0 0
"176" 176 0.466321243523 103 81 71 49 47 44 25 22 20 15 7 6 6 3 1 0 0 0 0 0
"177" 177 0.273722627737 68 49 45 43 42 41 31 31 30 23 18 17 16 15 15 6 5 5 0 0
"178" 178 0.124378109453 251 51 50 47 34 14 10 9 8 8 6 5 4 2 1 0 0 0 0 0
"179" 179 0.742616033755 433 54 10 2 1 0 0 0 0 0 0 0 0 0 0 0 0 0 0 0
"180" 180 0.139534883721 151 110 90 53 40 12 10 9 8 4 4 3 2 2 2 0 0 0 0 0
"181" 181 0.440251572327 245 83 58 58 27 13 6 5 2 1 1 1 0 0 0 0 0 0 0 0
"182" 182 0.365482233503 338 33 32 20 19 14 11 10 8 7 3 3 1 1 0 0 0 0 0 0
"183" 183 0.0232558139535 282 103 53 16 10 8 8 6 4 4 4 1 1 0 0 0 0 0 0 0
"184" 184 0.197969543147 149 117 52 35 32 30 26 14 11 9 6 5 4 3 3 2 2 0 0 0
"185" 185 0.00507614213198 207 84 33 25 25 23 17 14 13 13 11 11 10 8 4 2 0 0 0 0
"186" 186 0.150259067358 331 32 25 19 16 16 11 11 9 8 8 6 5 2 1 0 0 0 0 0
"187" 187 0.544303797468 340 29 25 23 21 19 9 9 8 7 3 3 1 1 1 1 0 0 0 0
"188" 188 0.810218978102 179 89 81 51 39 23 18 11 4 2 1 1 1 0 0 0 0 0 0 0
"189" 189 0.371559633028 150 147 54 34 20 20 19 13 9 8 6 5 5 5 3 2 0 0 0 0
"190" 190 0.512820512821 98 85 82 65 33 30 30 21 19 12 6 5 3 3 3 3 2 0 0 0
"191" 191 0.197969543147 157 59 54 47 36 34 30 25 16 11 8 7 5 5 2 2 1 1 0 0
"192" 192 0.419540229885 290 66 32 27 20 15 10 10 7 7 5 5 4 1 1 0 0 0 0 0
"193" 193 0.423076923077 500 0 0 0 0 0 0 0 0 0 0 0 0 0 0 0 0 0 0 0
"194" 194 0.574358974359 145 112 47 43 41 38 22 17 14 7 5 5 4 0 0 0 0 0 0 0
"195" 195 0.0406091370558 139 102 95 86 32 19 6 4 4 4 3 3 2 1 0 0 0 0 0 0
"196" 196 0.647321428571 136 114 47 36 26 25 23 19 16 16 14 13 7 3 3 2 0 0 0 0
"197" 197 0.346153846154 275 198 8 7 6 2 2 1 1 0 0 0 0 0 0 0 0 0 0 0
"198" 198 0.130801687764 141 91 83 58 43 41 13 8 6 6 3 3 2 1 1 0 0 0 0 0
"199" 199 0.0 258 95 46 26 18 12 9 8 7 6 4 3 3 2 2 1 0 0 0 0
"200" 200 0.0 160 143 69 44 30 21 16 8 8 1 0 0 0 0 0 0 0 0 0 0
"201" 201 0.0 283 94 47 37 13 9 8 5 2 1 1 0 0 0 0 0 0 0 0 0
"202" 202 0.0 184 96 81 54 27 17 17 8 6 3 3 2 1 1 0 0 0 0 0 0
"203" 203 0.00507614213198 411 28 14 13 10 9 7 3 1 1 1 1 1 0 0 0 0 0 0 0
"204" 204 0.113989637306 369 51 48 22 5 2 1 1 1 0 0 0 0 0 0 0 0 0 0 0
"205" 205 0.020725388601 122 117 89 44 42 34 14 11 8 5 5 4 3 2 0 0 0 0 0 0
"206" 206 0.0609137055838 156 67 63 54 42 29 27 19 17 9 7 3 3 2 1 1 0 0 0 0
"207" 207 0.0253807106599 220 136 103 19 9 7 5 1 0 0 0 0 0 0 0 0 0 0 0 0
"208" 208 0.227979274611 149 132 61 46 27 27 23 13 6 6 4 3 2 1 0 0 0 0 0 0
"209" 209 0.31976744186 116 110 82 62 26 23 18 17 13 12 8 8 5 0 0 0 0 0 0 0
"210" 210 0.031007751938 294 98 78 12 11 3 2 1 1 0 0 0 0 0 0 0 0 0 0 0
"211" 211 0.134615384615 148 128 81 32 19 18 17 16 8 8 6 6 6 6 1 0 0 0 0 0
"212" 212 0.441860465116 114 90 77 67 56 32 21 18 17 6 1 1 0 0 0 0 0 0 0 0
"213" 213 0.0253807106599 221 88 44 33 28 27 15 12 10 7 6 6 2 1 0 0 0 0 0 0
"214" 214 0.0348837209302 114 69 58 42 37 35 27 26 21 19 14 8 8 7 6 6 3 0 0 0
"215" 215 0.547263681592 180 137 52 36 32 19 11 10 8 7 5 1 1 1 0 0 0 0 0 0
"216" 216 0.0 157 109 66 46 38 25 11 9 9 6 6 5 4 4 3 1 1 0 0 0
"217" 217 0.0 156 121 119 48 13 12 11 8 5 5 1 1 0 0 0 0 0 0 0 0
"218" 218 0.379487179487 101 91 80 58 27 27 24 21 13 13 9 8 7 6 5 5 4 1 0 0
"219" 219 0.15503875969 79 70 66 63 49 35 25 23 22 19 14 9 8 6 6 5 1 0 0 0
"220" 220 0.00497512437811 135 85 76 61 60 48 12 7 4 4 3 3 2 0 0 0 0 0 0 0
"221" 221 0.379310344828 93 92 80 56 31 22 21 17 15 13 12 12 11 10 10 2 2 1 0 0
"222" 222 0.723214285714 98 89 63 59 57 42 29 14 14 12 8 7 6 2 0 0 0 0 0 0
"223" 223 0.394871794872 105 97 54 52 40 30 27 24 18 14 13 8 5 5 4 2 2 0 0 0
"224" 224 0.326923076923 337 139 23 1 0 0 0 0 0 0 0 0 0 0 0 0 0 0 0 0
"225" 225 0.108527131783 216 209 36 13 11 8 5 1 1 0 0 0 0 0 0 0 0 0 0 0
"226" 226 0.409282700422 216 134 30 28 25 20 18 9 8 6 2 1 1 1 1 0 0 0 0 0
"227" 227 0.214285714286 235 72 43 42 32 20 20 15 7 6 4 2 1 1 0 0 0 0 0 0
"228" 228 0.0172413793103 176 135 114 42 16 5 4 3 3 2 0 0 0 0 0 0 0 0 0 0
"229" 229 0.0342205323194 229 174 31 17 14 10 10 5 4 3 1 1 1 0 0 0 0 0 0 0
"230" 230 0.0 232 230 19 5 4 3 3 1 1 1 1 0 0 0 0 0 0 0 0 0
"231" 231 0.0 425 20 20 18 7 4 2 2 2 0 0 0 0 0 0 0 0 0 0 0
"232" 232 0.00632911392405 327 76 64 20 6 5 1 1 0 0 0 0 0 0 0 0 0 0 0 0
"233" 233 0.0116279069767 227 111 109 42 4 4 2 1 0 0 0 0 0 0 0 0 0 0 0 0
"234" 234 0.0143540669856 487 7 2 2 1 1 0 0 0 0 0 0 0 0 0 0 0 0 0 0
"235" 235 0.0188679245283 221 104 69 57 13 8 8 7 6 4 1 1 1 0 0 0 0 0 0 0
"236" 236 0.218390804598 163 85 57 41 31 26 26 22 14 7 6 6 5 5 3 2 1 0 0 0
"237" 237 0.0547263681592 368 32 24 23 19 9 8 7 3 2 2 2 1 0 0 0 0 0 0 0
"238" 238 0.304635761589 149 63 51 46 45 35 32 30 22 12 6 3 2 2 1 1 0 0 0 0
"239" 239 0.519230769231 500 0 0 0 0 0 0 0 0 0 0 0 0 0 0 0 0 0 0 0
"240" 240 0.314465408805 162 103 91 47 43 20 18 8 5 1 1 1 0 0 0 0 0 0 0 0
"241" 241 0.0 453 23 16 6 1 1 0 0 0 0 0 0 0 0 0 0 0 0 0 0
"242" 242 0.0172413793103 83 70 50 50 45 38 37 34 19 16 16 12 11 7 5 5 2 0 0 0
"243" 243 0.388392857143 128 107 56 51 35 32 30 18 18 14 6 3 1 1 0 0 0 0 0 0
"244" 244 0.386861313869 130 125 93 51 26 23 16 15 5 5 4 3 2 1 1 0 0 0 0 0
"245" 245 0.0152284263959 267 36 34 33 24 24 19 17 14 7 5 5 5 4 3 2 1 0 0 0
"246" 246 0.169230769231 128 78 67 33 31 29 27 26 24 15 11 10 8 3 3 3 3 1 0 0
"247" 247 0.707692307692 108 75 71 63 55 40 24 20 15 13 6 3 3 2 1 1 0 0 0 0
"248" 248 0.0662251655629 445 36 9 7 1 1 1 0 0 0 0 0 0 0 0 0 0 0 0 0
"249" 249 0.273255813953 162 123 55 30 24 23 22 17 17 7 5 3 3 3 2 2 1 1 0 0
"250" 250 0.010152284264 219 85 68 67 20 13 10 8 5 4 1 0 0 0 0 0 0 0 0 0
"251" 251 0.476793248945 186 118 44 32 21 20 17 17 12 10 6 6 5 3 1 1 1 0 0 0
"252" 252 0.147321428571 253 117 30 23 19 18 13 7 5 4 3 2 2 2 1 1 0 0 0 0
"253" 253 0.0 392 16 16 15 12 10 9 8 7 7 6 1 1 0 0 0 0 0 0 0
"254" 254 0.0 136 114 98 38 32 18 13 13 8 7 7 5 4 3 2 2 0 0 0 0
"255" 255 0.00574712643678 317 52 30 21 20 12 10 8 6 6 5 4 3 3 1 1 1 0 0 0
"256" 256 0.00581395348837 194 106 102 34 24 13 12 6 3 1 1 1 1 1 1 0 0 0 0 0
"257" 257 0.107692307692 257 83 38 32 29 10 10 9 9 7 6 5 4 1 0 0 0 0 0 0
"258" 258 0.0 247 90 71 59 13 9 7 3 1 0 0 0 0 0 0 0 0 0 0 0
"259" 259 0.0558375634518 199 106 78 49 19 18 8 6 5 4 3 1 1 1 1 1 0 0 0 0
"260" 260 0.261603375527 294 57 40 34 20 15 12 11 6 5 3 1 1 1 0 0 0 0 0 0
"261" 261 0.199004975124 200 77 61 30 28 17 14 13 13 9 9 7 6 6 4 3 2 1 0 0
"262" 262 0.245283018868 276 53 42 24 20 19 19 15 14 8 5 2 1 1 1 0 0 0 0 0
"263" 263 0.732142857143 153 140 62 41 31 21 17 15 8 4 3 1 1 1 1 1 0 0 0 0
"264" 264 0.6875 205 65 46 43 40 24 21 20 14 12 3 2 1 1 1 1 1 0 0 0
"265" 265 0.270042194093 97 95 53 41 35 26 23 21 20 17 15 15 13 11 7 7 4 0 0 0
"266" 266 0.658227848101 90 90 87 73 62 26 20 13 10 8 8 6 5 1 1 0 0 0 0 0
"267" 267 0.0355329949239 216 134 54 23 20 12 9 8 7 4 4 3 2 1 1 1 1 0 0 0
"268" 268 0.575892857143 153 114 59 43 41 30 15 14 11 9 8 2 1 0 0 0 0 0 0 0
"269" 269 0.302919708029 152 74 72 56 42 25 23 15 12 8 8 6 2 2 2 1 0 0 0 0
"270" 270 0.255230125523 255 97 30 28 21 14 12 12 8 8 7 3 3 1 1 0 0 0 0 0
"271" 271 0.413502109705 142 66 65 57 31 28 23 20 18 17 10 8 7 4 3 1 0 0 0 0
"272" 272 0.291479820628 133 81 59 45 34 25 20 19 16 16 11 11 8 7 6 6 3 0 0 0
"273" 273 0.114427860697 148 112 44 37 26 21 17 17 14 13 10 10 9 9 5 4 4 0 0 0
"274" 274 0.278145695364 205 40 39 36 34 33 28 26 18 16 13 4 3 3 1 1 0 0 0 0
"275" 275 0.00574712643678 231 150 35 32 15 15 8 8 4 1 1 0 0 0 0 0 0 0 0 0
"276" 276 0.0 249 162 57 11 8 4 3 2 1 1 1 1 0 0 0 0 0 0 0 0
"277" 277 0.440251572327 331 54 53 21 14 10 9 4 2 1 1 0 0 0 0 0 0 0 0 0
"278" 278 0.179104477612 104 103 99 53 33 29 24 17 13 8 6 4 4 2 1 0 0 0 0 0
"279" 279 0.00497512437811 161 108 63 41 32 30 17 14 12 7 5 4 2 2 1 1 0 0 0 0
"280" 280 0.0 415 25 20 18 6 3 3 2 2 2 1 1 1 1 0 0 0 0 0 0
"281" 281 0.290178571429 239 108 82 29 20 13 2 2 1 1 1 1 1 0 0 0 0 0 0 0
"282" 282 0.0077519379845 111 90 84 50 29 29 21 18 17 16 15 8 4 3 2 2 1 0 0 0
"283" 283 0.0 157 56 53 50 45 40 31 21 19 11 5 5 3 2 1 1 0 0 0 0
"284" 284 0.223350253807 139 121 72 72 38 25 11 9 6 2 2 1 1 1 0 0 0 0 0 0
"285" 285 0.164233576642 103 95 60 48 41 38 34 27 24 8 7 7 5 2 1 0 0 0 0 0
"286" 286 0.0919540229885 155 64 47 45 35 35 20 17 17 12 12 11 11 6 5 5 2 1 0 0
"287" 287 0.22009569378 108 108 56 45 36 23 20 19 18 16 16 12 7 5 4 3 2 2 0 0
"288" 288 0.473214285714 172 126 88 61 13 12 11 7 5 2 2 1 0 0 0 0 0 0 0 0
"289" 289 0.798206278027 377 55 22 20 7 6 5 4 3 1 0 0 0 0 0 0 0 0 0 0
"290" 290 0.340807174888 231 57 57 38 34 23 18 15 12 8 3 2 1 1 0 0 0 0 0 0
"291" 291 0.437086092715 125 98 84 81 33 29 27 10 4 2 2 2 1 1 1 0 0 0 0 0
"292" 292 0.114942528736 172 56 51 50 44 23 22 21 20 13 10 6 5 4 1 1 1 0 0 0
"293" 293 0.516556291391 87 74 73 56 46 44 43 25 16 13 7 6 5 3 2 0 0 0 0 0
"294" 294 0.631178707224 192 88 76 44 31 28 16 9 3 3 3 2 2 1 1 1 0 0 0 0
"295" 295 0.199004975124 140 103 80 62 31 27 17 14 11 10 2 1 1 1 0 0 0 0 0 0
"296" 296 0.573221757322 107 95 78 48 40 35 30 17 13 10 8 7 5 5 2 0 0 0 0 0
