"site" "RSA" "aa1" "aa2" "aa3" "aa4" "aa5" "aa6" "aa7" "aa8" "aa9" "aa10" "aa11" "aa12" "aa13" "aa14" "aa15" "aa16" "aa17" "aa18" "aa19" "aa20"
"0" 0 0.324503311258 409 83 8 0 0 0 0 0 0 0 0 0 0 0 0 0 0 0 0 0
"1" 1 0.548076923077 500 0 0 0 0 0 0 0 0 0 0 0 0 0 0 0 0 0 0 0
"2" 2 0.569230769231 337 140 13 5 3 1 1 0 0 0 0 0 0 0 0 0 0 0 0 0
"3" 3 0.0 300 103 78 10 5 4 0 0 0 0 0 0 0 0 0 0 0 0 0 0
"4" 4 0.583941605839 500 0 0 0 0 0 0 0 0 0 0 0 0 0 0 0 0 0 0 0
"5" 5 0.451776649746 461 38 1 0 0 0 0 0 0 0 0 0 0 0 0 0 0 0 0 0
"6" 6 0.480769230769 500 0 0 0 0 0 0 0 0 0 0 0 0 0 0 0 0 0 0 0
"7" 7 0.459915611814 500 0 0 0 0 0 0 0 0 0 0 0 0 0 0 0 0 0 0 0
"8" 8 0.616352201258 421 72 7 0 0 0 0 0 0 0 0 0 0 0 0 0 0 0 0 0
"9" 9 0.062015503876 243 153 75 21 6 2 0 0 0 0 0 0 0 0 0 0 0 0 0 0
"10" 10 0.106918238994 236 214 42 3 2 2 1 0 0 0 0 0 0 0 0 0 0 0 0 0
"11" 11 0.476683937824 230 141 96 16 8 4 3 1 1 0 0 0 0 0 0 0 0 0 0 0
"12" 12 0.0502092050209 251 140 49 28 24 4 2 1 1 0 0 0 0 0 0 0 0 0 0 0
"13" 13 0.514767932489 211 203 44 22 15 4 1 0 0 0 0 0 0 0 0 0 0 0 0 0
"14" 14 0.0542635658915 500 0 0 0 0 0 0 0 0 0 0 0 0 0 0 0 0 0 0 0
"15" 15 0.220930232558 372 63 54 7 1 1 1 1 0 0 0 0 0 0 0 0 0 0 0 0
"16" 16 0.0 433 65 2 0 0 0 0 0 0 0 0 0 0 0 0 0 0 0 0 0
"17" 17 0.0172413793103 378 101 13 3 3 1 1 0 0 0 0 0 0 0 0 0 0 0 0 0
"18" 18 0.155172413793 125 108 82 38 35 34 19 18 14 13 9 5 0 0 0 0 0 0 0 0
"19" 19 0.704663212435 349 127 17 3 2 1 1 0 0 0 0 0 0 0 0 0 0 0 0 0
"20" 20 0.423076923077 500 0 0 0 0 0 0 0 0 0 0 0 0 0 0 0 0 0 0 0
"21" 21 0.426356589147 499 1 0 0 0 0 0 0 0 0 0 0 0 0 0 0 0 0 0 0
"22" 22 0.359832635983 203 102 76 53 23 18 10 9 4 1 1 0 0 0 0 0 0 0 0 0
"23" 23 0.535864978903 416 81 2 1 0 0 0 0 0 0 0 0 0 0 0 0 0 0 0 0
"24" 24 0.388392857143 373 62 57 8 0 0 0 0 0 0 0 0 0 0 0 0 0 0 0 0
"25" 25 0.0172413793103 291 166 25 7 6 2 2 1 0 0 0 0 0 0 0 0 0 0 0 0
"26" 26 0.329113924051 283 151 57 7 1 1 0 0 0 0 0 0 0 0 0 0 0 0 0 0
"27" 27 0.0845771144279 289 139 35 19 11 3 2 1 1 0 0 0 0 0 0 0 0 0 0 0
"28" 28 0.397350993377 296 101 63 19 14 6 1 0 0 0 0 0 0 0 0 0 0 0 0 0
"29" 29 0.471502590674 297 101 97 5 0 0 0 0 0 0 0 0 0 0 0 0 0 0 0 0
"30" 30 0.133079847909 403 93 2 2 0 0 0 0 0 0 0 0 0 0 0 0 0 0 0 0
"31" 31 0.603375527426 400 79 17 3 1 0 0 0 0 0 0 0 0 0 0 0 0 0 0 0
"32" 32 0.625 500 0 0 0 0 0 0 0 0 0 0 0 0 0 0 0 0 0 0 0
"33" 33 0.413502109705 500 0 0 0 0 0 0 0 0 0 0 0 0 0 0 0 0 0 0 0
"34" 34 0.041825095057 433 57 9 1 0 0 0 0 0 0 0 0 0 0 0 0 0 0 0 0
"35" 35 0.0114942528736 318 117 55 8 1 1 0 0 0 0 0 0 0 0 0 0 0 0 0 0
"36" 36 0.0 264 209 20 6 1 0 0 0 0 0 0 0 0 0 0 0 0 0 0 0
"37" 37 0.0 366 98 14 8 7 5 1 1 0 0 0 0 0 0 0 0 0 0 0 0
"38" 38 0.0 419 44 30 5 1 1 0 0 0 0 0 0 0 0 0 0 0 0 0 0
"39" 39 0.0 339 124 19 15 2 1 0 0 0 0 0 0 0 0 0 0 0 0 0 0
"40" 40 0.0304182509506 231 107 49 27 27 27 22 9 1 0 0 0 0 0 0 0 0 0 0 0
"41" 41 0.0503144654088 331 100 69 0 0 0 0 0 0 0 0 0 0 0 0 0 0 0 0 0
"42" 42 0.303482587065 498 2 0 0 0 0 0 0 0 0 0 0 0 0 0 0 0 0 0 0
"43" 43 0.0518134715026 272 116 99 12 1 0 0 0 0 0 0 0 0 0 0 0 0 0 0 0
"44" 44 0.430962343096 482 11 7 0 0 0 0 0 0 0 0 0 0 0 0 0 0 0 0 0
"45" 45 0.232558139535 500 0 0 0 0 0 0 0 0 0 0 0 0 0 0 0 0 0 0 0
"46" 46 0.715481171548 497 3 0 0 0 0 0 0 0 0 0 0 0 0 0 0 0 0 0 0
"47" 47 0.212643678161 301 194 5 0 0 0 0 0 0 0 0 0 0 0 0 0 0 0 0 0
"48" 48 0.100628930818 370 107 18 5 0 0 0 0 0 0 0 0 0 0 0 0 0 0 0 0
"49" 49 0.511627906977 301 80 62 39 10 5 3 0 0 0 0 0 0 0 0 0 0 0 0 0
"50" 50 0.0401785714286 421 76 1 1 1 0 0 0 0 0 0 0 0 0 0 0 0 0 0 0
"51" 51 0.010152284264 343 142 12 1 1 1 0 0 0 0 0 0 0 0 0 0 0 0 0 0
"52" 52 0.157360406091 257 217 15 2 2 2 2 2 1 0 0 0 0 0 0 0 0 0 0 0
"53" 53 0.294573643411 447 15 15 11 5 3 3 1 0 0 0 0 0 0 0 0 0 0 0 0
"54" 54 0.00418410041841 384 95 16 4 1 0 0 0 0 0 0 0 0 0 0 0 0 0 0 0
"55" 55 0.0 489 11 0 0 0 0 0 0 0 0 0 0 0 0 0 0 0 0 0 0
"56" 56 0.512820512821 231 223 29 13 1 1 1 1 0 0 0 0 0 0 0 0 0 0 0 0
"57" 57 0.277372262774 427 24 18 12 10 7 1 1 0 0 0 0 0 0 0 0 0 0 0 0
"58" 58 0.015503875969 321 109 58 12 0 0 0 0 0 0 0 0 0 0 0 0 0 0 0 0
"59" 59 0.495535714286 331 99 41 20 6 3 0 0 0 0 0 0 0 0 0 0 0 0 0 0
"60" 60 0.264248704663 123 114 97 74 41 30 12 7 1 1 0 0 0 0 0 0 0 0 0 0
"61" 61 0.0 490 6 3 1 0 0 0 0 0 0 0 0 0 0 0 0 0 0 0 0
"62" 62 0.255474452555 467 19 9 3 1 1 0 0 0 0 0 0 0 0 0 0 0 0 0 0
"63" 63 0.658227848101 380 50 41 28 1 0 0 0 0 0 0 0 0 0 0 0 0 0 0 0
"64" 64 0.268656716418 398 50 27 14 5 4 1 1 0 0 0 0 0 0 0 0 0 0 0 0
"65" 65 0.259615384615 500 0 0 0 0 0 0 0 0 0 0 0 0 0 0 0 0 0 0 0
"66" 66 0.0 498 1 1 0 0 0 0 0 0 0 0 0 0 0 0 0 0 0 0 0
"67" 67 0.133928571429 483 17 0 0 0 0 0 0 0 0 0 0 0 0 0 0 0 0 0 0
"68" 68 0.0114942528736 496 2 1 1 0 0 0 0 0 0 0 0 0 0 0 0 0 0 0 0
"69" 69 0.0 362 72 29 16 7 4 3 2 2 1 1 1 0 0 0 0 0 0 0 0
"70" 70 0.0 174 132 108 39 36 4 3 2 2 0 0 0 0 0 0 0 0 0 0 0
"71" 71 0.0 490 5 3 2 0 0 0 0 0 0 0 0 0 0 0 0 0 0 0 0
"72" 72 0.0 462 37 1 0 0 0 0 0 0 0 0 0 0 0 0 0 0 0 0 0
"73" 73 0.0229885057471 414 38 38 3 3 3 1 0 0 0 0 0 0 0 0 0 0 0 0 0
"74" 74 0.155440414508 461 21 17 1 0 0 0 0 0 0 0 0 0 0 0 0 0 0 0 0
"75" 75 0.205298013245 500 0 0 0 0 0 0 0 0 0 0 0 0 0 0 0 0 0 0 0
"76" 76 0.165919282511 213 205 38 36 6 1 1 0 0 0 0 0 0 0 0 0 0 0 0 0
"77" 77 0.560669456067 350 116 23 8 2 1 0 0 0 0 0 0 0 0 0 0 0 0 0 0
"78" 78 0.279069767442 396 68 17 10 7 2 0 0 0 0 0 0 0 0 0 0 0 0 0 0
"79" 79 0.0 420 42 18 14 3 2 1 0 0 0 0 0 0 0 0 0 0 0 0 0
"80" 80 0.203980099502 279 94 70 22 12 11 9 2 1 0 0 0 0 0 0 0 0 0 0 0
"81" 81 0.372093023256 485 14 1 0 0 0 0 0 0 0 0 0 0 0 0 0 0 0 0 0
"82" 82 0.00354609929078 321 161 5 5 5 1 1 1 0 0 0 0 0 0 0 0 0 0 0 0
"83" 83 0.0862944162437 326 143 10 9 8 4 0 0 0 0 0 0 0 0 0 0 0 0 0 0
"84" 84 0.610256410256 293 79 52 29 23 23 1 0 0 0 0 0 0 0 0 0 0 0 0 0
"85" 85 0.203488372093 256 243 1 0 0 0 0 0 0 0 0 0 0 0 0 0 0 0 0 0
"86" 86 0.421383647799 257 103 102 38 0 0 0 0 0 0 0 0 0 0 0 0 0 0 0 0
"87" 87 0.248175182482 481 15 2 1 1 0 0 0 0 0 0 0 0 0 0 0 0 0 0 0
"88" 88 0.675105485232 446 35 12 7 0 0 0 0 0 0 0 0 0 0 0 0 0 0 0 0
"89" 89 0.660714285714 256 140 103 1 0 0 0 0 0 0 0 0 0 0 0 0 0 0 0 0
"90" 90 0.346153846154 500 0 0 0 0 0 0 0 0 0 0 0 0 0 0 0 0 0 0 0
"91" 91 0.00961538461538 500 0 0 0 0 0 0 0 0 0 0 0 0 0 0 0 0 0 0 0
"92" 92 0.0 324 166 5 3 1 1 0 0 0 0 0 0 0 0 0 0 0 0 0 0
"93" 93 0.0384615384615 500 0 0 0 0 0 0 0 0 0 0 0 0 0 0 0 0 0 0 0
"94" 94 0.647798742138 364 101 32 3 0 0 0 0 0 0 0 0 0 0 0 0 0 0 0 0
"95" 95 0.0796019900498 329 146 12 10 1 1 1 0 0 0 0 0 0 0 0 0 0 0 0 0
"96" 96 0.446153846154 444 26 16 11 3 0 0 0 0 0 0 0 0 0 0 0 0 0 0 0
"97" 97 0.0304568527919 403 56 21 9 6 4 1 0 0 0 0 0 0 0 0 0 0 0 0 0
"98" 98 0.062893081761 204 111 61 40 40 32 9 2 1 0 0 0 0 0 0 0 0 0 0 0
"99" 99 0.0 342 65 56 23 7 4 2 1 0 0 0 0 0 0 0 0 0 0 0 0
"100" 100 0.0 235 231 27 3 2 2 0 0 0 0 0 0 0 0 0 0 0 0 0 0
"101" 101 0.077519379845 439 61 0 0 0 0 0 0 0 0 0 0 0 0 0 0 0 0 0 0
"102" 102 0.0103626943005 500 0 0 0 0 0 0 0 0 0 0 0 0 0 0 0 0 0 0 0
"103" 103 0.436781609195 417 65 13 3 2 0 0 0 0 0 0 0 0 0 0 0 0 0 0 0
"104" 104 0.656976744186 478 12 5 3 2 0 0 0 0 0 0 0 0 0 0 0 0 0 0 0
"105" 105 0.288321167883 497 2 1 0 0 0 0 0 0 0 0 0 0 0 0 0 0 0 0 0
"106" 106 0.598540145985 344 130 8 7 6 3 2 0 0 0 0 0 0 0 0 0 0 0 0 0
"107" 107 0.0348258706468 350 80 34 20 6 3 3 3 1 0 0 0 0 0 0 0 0 0 0 0
"108" 108 0.0 499 1 0 0 0 0 0 0 0 0 0 0 0 0 0 0 0 0 0 0
"109" 109 0.508928571429 302 144 48 3 3 0 0 0 0 0 0 0 0 0 0 0 0 0 0 0
"110" 110 0.124352331606 241 202 28 14 12 2 1 0 0 0 0 0 0 0 0 0 0 0 0 0
"111" 111 0.0 310 95 48 22 17 4 3 1 0 0 0 0 0 0 0 0 0 0 0 0
"112" 112 0.355769230769 500 0 0 0 0 0 0 0 0 0 0 0 0 0 0 0 0 0 0 0
"113" 113 0.0172413793103 496 3 1 0 0 0 0 0 0 0 0 0 0 0 0 0 0 0 0 0
"114" 114 0.164179104478 329 147 20 3 1 0 0 0 0 0 0 0 0 0 0 0 0 0 0 0
"115" 115 0.151898734177 440 53 7 0 0 0 0 0 0 0 0 0 0 0 0 0 0 0 0 0
"116" 116 0.71511627907 476 22 2 0 0 0 0 0 0 0 0 0 0 0 0 0 0 0 0 0
"117" 117 0.694300518135 446 51 3 0 0 0 0 0 0 0 0 0 0 0 0 0 0 0 0 0
"118" 118 0.482142857143 250 108 46 39 32 16 7 1 1 0 0 0 0 0 0 0 0 0 0 0
"119" 119 0.173076923077 500 0 0 0 0 0 0 0 0 0 0 0 0 0 0 0 0 0 0 0
"120" 120 0.0507614213198 342 63 47 45 3 0 0 0 0 0 0 0 0 0 0 0 0 0 0 0
"121" 121 0.0 434 65 1 0 0 0 0 0 0 0 0 0 0 0 0 0 0 0 0 0
"122" 122 0.254752851711 235 198 64 2 1 0 0 0 0 0 0 0 0 0 0 0 0 0 0 0
"123" 123 0.0474452554745 345 148 6 1 0 0 0 0 0 0 0 0 0 0 0 0 0 0 0 0
"124" 124 0.0 409 80 7 4 0 0 0 0 0 0 0 0 0 0 0 0 0 0 0 0
"125" 125 0.0199004975124 273 162 54 10 1 0 0 0 0 0 0 0 0 0 0 0 0 0 0 0
"126" 126 0.0 329 164 5 2 0 0 0 0 0 0 0 0 0 0 0 0 0 0 0 0
"127" 127 0.0 437 62 1 0 0 0 0 0 0 0 0 0 0 0 0 0 0 0 0 0
"128" 128 0.00507614213198 388 64 40 7 1 0 0 0 0 0 0 0 0 0 0 0 0 0 0 0
"129" 129 0.0673575129534 500 0 0 0 0 0 0 0 0 0 0 0 0 0 0 0 0 0 0 0
"130" 130 0.173076923077 339 159 2 0 0 0 0 0 0 0 0 0 0 0 0 0 0 0 0 0
"131" 131 0.721518987342 241 143 60 31 23 2 0 0 0 0 0 0 0 0 0 0 0 0 0 0
"132" 132 0.0961538461538 500 0 0 0 0 0 0 0 0 0 0 0 0 0 0 0 0 0 0 0
"133" 133 0.183908045977 354 74 61 11 0 0 0 0 0 0 0 0 0 0 0 0 0 0 0 0
"134" 134 0.0 306 163 14 11 4 2 0 0 0 0 0 0 0 0 0 0 0 0 0 0
"135" 135 0.204379562044 500 0 0 0 0 0 0 0 0 0 0 0 0 0 0 0 0 0 0 0
"136" 136 0.156950672646 403 95 2 0 0 0 0 0 0 0 0 0 0 0 0 0 0 0 0 0
"137" 137 0.258883248731 483 10 5 1 1 0 0 0 0 0 0 0 0 0 0 0 0 0 0 0
"138" 138 0.220930232558 300 66 60 35 21 9 6 2 1 0 0 0 0 0 0 0 0 0 0 0
"139" 139 0.385057471264 408 83 8 1 0 0 0 0 0 0 0 0 0 0 0 0 0 0 0 0
"140" 140 0.205128205128 330 69 43 26 24 7 1 0 0 0 0 0 0 0 0 0 0 0 0 0
"141" 141 0.507772020725 488 12 0 0 0 0 0 0 0 0 0 0 0 0 0 0 0 0 0 0
"142" 142 0.174129353234 189 122 53 50 48 31 6 1 0 0 0 0 0 0 0 0 0 0 0 0
"143" 143 0.591194968553 296 126 59 13 6 0 0 0 0 0 0 0 0 0 0 0 0 0 0 0
"144" 144 0.534482758621 237 200 53 7 2 1 0 0 0 0 0 0 0 0 0 0 0 0 0 0
"145" 145 0.278846153846 442 58 0 0 0 0 0 0 0 0 0 0 0 0 0 0 0 0 0 0
"146" 146 0.116788321168 235 112 79 63 11 0 0 0 0 0 0 0 0 0 0 0 0 0 0 0
"147" 147 0.384105960265 342 88 22 20 12 8 6 1 1 0 0 0 0 0 0 0 0 0 0 0
"148" 148 0.0747126436782 453 13 11 10 10 3 0 0 0 0 0 0 0 0 0 0 0 0 0 0
"149" 149 0.507772020725 200 131 92 59 16 1 1 0 0 0 0 0 0 0 0 0 0 0 0 0
"150" 150 0.357142857143 406 34 23 15 14 7 1 0 0 0 0 0 0 0 0 0 0 0 0 0
"151" 151 0.031007751938 316 150 10 10 8 3 1 1 1 0 0 0 0 0 0 0 0 0 0 0
"152" 152 0.0995024875622 360 55 53 12 9 5 4 2 0 0 0 0 0 0 0 0 0 0 0 0
"153" 153 0.160583941606 186 161 88 41 15 6 2 1 0 0 0 0 0 0 0 0 0 0 0 0
"154" 154 0.0995024875622 492 3 2 2 1 0 0 0 0 0 0 0 0 0 0 0 0 0 0 0
"155" 155 0.0 438 45 8 4 2 2 1 0 0 0 0 0 0 0 0 0 0 0 0 0
"156" 156 0.210762331839 341 63 36 34 14 10 1 1 0 0 0 0 0 0 0 0 0 0 0 0
"157" 157 0.077519379845 341 135 18 6 0 0 0 0 0 0 0 0 0 0 0 0 0 0 0 0
"158" 158 0.192468619247 216 177 81 17 6 2 1 0 0 0 0 0 0 0 0 0 0 0 0 0
"159" 159 0.116591928251 468 18 8 3 1 1 1 0 0 0 0 0 0 0 0 0 0 0 0 0
"160" 160 0.285171102662 252 122 30 27 18 16 16 4 4 4 3 2 1 1 0 0 0 0 0 0
"161" 161 0.18023255814 480 20 0 0 0 0 0 0 0 0 0 0 0 0 0 0 0 0 0 0
"162" 162 0.388601036269 399 87 13 1 0 0 0 0 0 0 0 0 0 0 0 0 0 0 0 0
"163" 163 0.625 259 210 18 7 2 2 1 1 0 0 0 0 0 0 0 0 0 0 0 0
"164" 164 0.468899521531 269 70 47 38 34 20 10 8 4 0 0 0 0 0 0 0 0 0 0 0
"165" 165 0.490384615385 500 0 0 0 0 0 0 0 0 0 0 0 0 0 0 0 0 0 0 0
"166" 166 0.191964285714 316 87 48 30 10 7 1 1 0 0 0 0 0 0 0 0 0 0 0 0
"167" 167 0.373563218391 481 10 8 1 0 0 0 0 0 0 0 0 0 0 0 0 0 0 0 0
"168" 168 0.23417721519 459 32 9 0 0 0 0 0 0 0 0 0 0 0 0 0 0 0 0 0
"169" 169 0.163522012579 285 207 7 1 0 0 0 0 0 0 0 0 0 0 0 0 0 0 0 0
"170" 170 0.821705426357 175 166 159 0 0 0 0 0 0 0 0 0 0 0 0 0 0 0 0 0
"171" 171 0.5 500 0 0 0 0 0 0 0 0 0 0 0 0 0 0 0 0 0 0 0
"172" 172 0.0248226950355 338 149 9 4 0 0 0 0 0 0 0 0 0 0 0 0 0 0 0 0
"173" 173 0.548523206751 218 135 57 41 25 18 4 1 1 0 0 0 0 0 0 0 0 0 0 0
"174" 174 0.465408805031 411 29 16 14 9 8 7 6 0 0 0 0 0 0 0 0 0 0 0 0
"175" 175 0.817307692308 500 0 0 0 0 0 0 0 0 0 0 0 0 0 0 0 0 0 0 0
"176" 176 0.344370860927 281 144 36 20 12 5 1 1 0 0 0 0 0 0 0 0 0 0 0 0
"177" 177 0.300518134715 399 47 28 17 6 2 1 0 0 0 0 0 0 0 0 0 0 0 0 0
"178" 178 0.127906976744 233 124 64 41 27 4 3 3 1 0 0 0 0 0 0 0 0 0 0 0
"179" 179 0.137055837563 321 159 8 5 3 3 1 0 0 0 0 0 0 0 0 0 0 0 0 0
"180" 180 0.308016877637 381 80 16 15 4 2 1 1 0 0 0 0 0 0 0 0 0 0 0 0
"181" 181 0.522012578616 420 80 0 0 0 0 0 0 0 0 0 0 0 0 0 0 0 0 0 0
"182" 182 0.384615384615 266 191 26 9 8 0 0 0 0 0 0 0 0 0 0 0 0 0 0 0
"183" 183 0.626436781609 307 76 76 38 3 0 0 0 0 0 0 0 0 0 0 0 0 0 0 0
"184" 184 0.668393782383 316 148 33 3 0 0 0 0 0 0 0 0 0 0 0 0 0 0 0 0
"185" 185 0.373056994819 197 134 84 65 9 7 2 1 1 0 0 0 0 0 0 0 0 0 0 0
"186" 186 0.0927152317881 500 0 0 0 0 0 0 0 0 0 0 0 0 0 0 0 0 0 0 0
"187" 187 0.510548523207 334 155 11 0 0 0 0 0 0 0 0 0 0 0 0 0 0 0 0 0
"188" 188 0.5 336 89 73 1 1 0 0 0 0 0 0 0 0 0 0 0 0 0 0 0
"189" 189 0.182509505703 250 167 72 4 3 2 2 0 0 0 0 0 0 0 0 0 0 0 0 0
"190" 190 0.401673640167 210 166 114 10 0 0 0 0 0 0 0 0 0 0 0 0 0 0 0 0
"191" 191 0.569536423841 214 166 67 53 0 0 0 0 0 0 0 0 0 0 0 0 0 0 0 0
"192" 192 0.607594936709 306 77 73 30 10 2 1 1 0 0 0 0 0 0 0 0 0 0 0 0
"193" 193 0.377990430622 445 38 10 6 1 0 0 0 0 0 0 0 0 0 0 0 0 0 0 0
"194" 194 0.907692307692 332 166 1 1 0 0 0 0 0 0 0 0 0 0 0 0 0 0 0 0
