"site" "RSA" "aa1" "aa2" "aa3" "aa4" "aa5" "aa6" "aa7" "aa8" "aa9" "aa10" "aa11" "aa12" "aa13" "aa14" "aa15" "aa16" "aa17" "aa18" "aa19" "aa20"
"0" 0 0.261627906977 250 62 49 38 36 29 24 5 3 2 1 1 0 0 0 0 0 0 0 0
"1" 1 0.623574144487 308 50 49 41 17 11 11 5 4 2 1 1 0 0 0 0 0 0 0 0
"2" 2 0.360465116279 214 187 86 7 5 1 0 0 0 0 0 0 0 0 0 0 0 0 0 0
"3" 3 0.279069767442 186 89 57 39 36 33 25 14 11 10 0 0 0 0 0 0 0 0 0 0
"4" 4 0.0875912408759 294 142 37 12 7 6 1 1 0 0 0 0 0 0 0 0 0 0 0 0
"5" 5 0.107623318386 177 145 59 37 22 17 14 13 10 4 2 0 0 0 0 0 0 0 0 0
"6" 6 0.0659898477157 214 203 48 12 11 7 3 1 1 0 0 0 0 0 0 0 0 0 0 0
"7" 7 0.0 500 0 0 0 0 0 0 0 0 0 0 0 0 0 0 0 0 0 0 0
"8" 8 0.062015503876 425 28 22 19 2 2 2 0 0 0 0 0 0 0 0 0 0 0 0 0
"9" 9 0.282700421941 357 41 40 27 13 4 4 3 3 3 2 1 1 1 0 0 0 0 0 0
"10" 10 0.0820512820513 296 73 70 36 7 5 5 3 3 2 0 0 0 0 0 0 0 0 0 0
"11" 11 0.21511627907 310 51 46 40 38 5 4 3 3 0 0 0 0 0 0 0 0 0 0 0
"12" 12 0.55223880597 122 98 82 52 49 29 26 16 11 7 3 3 1 1 0 0 0 0 0 0
"13" 13 0.379464285714 274 82 38 31 28 21 21 2 2 1 0 0 0 0 0 0 0 0 0 0
"14" 14 0.0152091254753 236 184 28 24 11 6 6 3 2 0 0 0 0 0 0 0 0 0 0 0
"15" 15 0.210970464135 114 106 76 72 56 36 15 9 8 7 1 0 0 0 0 0 0 0 0 0
"16" 16 0.0114942528736 254 146 23 20 16 15 13 5 4 2 1 1 0 0 0 0 0 0 0 0
"17" 17 0.0342205323194 243 241 13 3 0 0 0 0 0 0 0 0 0 0 0 0 0 0 0 0
"18" 18 0.00507614213198 338 76 73 10 1 1 1 0 0 0 0 0 0 0 0 0 0 0 0 0
"19" 19 0.111607142857 173 143 138 27 17 2 0 0 0 0 0 0 0 0 0 0 0 0 0 0
"20" 20 0.367088607595 240 181 40 16 7 6 4 2 2 1 1 0 0 0 0 0 0 0 0 0
"21" 21 0.580310880829 434 55 3 3 2 2 1 0 0 0 0 0 0 0 0 0 0 0 0 0
"22" 22 0.336538461538 494 6 0 0 0 0 0 0 0 0 0 0 0 0 0 0 0 0 0 0
"23" 23 0.354430379747 157 140 54 36 28 25 16 14 13 11 3 2 1 0 0 0 0 0 0 0
"24" 24 0.0 225 113 72 67 21 2 0 0 0 0 0 0 0 0 0 0 0 0 0 0
"25" 25 0.0459770114943 457 33 7 2 1 0 0 0 0 0 0 0 0 0 0 0 0 0 0 0
"26" 26 0.0 412 81 4 3 0 0 0 0 0 0 0 0 0 0 0 0 0 0 0 0
"27" 27 0.0077519379845 448 43 5 2 1 1 0 0 0 0 0 0 0 0 0 0 0 0 0 0
"28" 28 0.0 405 42 32 11 2 2 2 1 1 1 1 0 0 0 0 0 0 0 0 0
"29" 29 0.0 477 22 1 0 0 0 0 0 0 0 0 0 0 0 0 0 0 0 0 0
"30" 30 0.0310880829016 336 147 17 0 0 0 0 0 0 0 0 0 0 0 0 0 0 0 0 0
"31" 31 0.0 407 81 7 4 1 0 0 0 0 0 0 0 0 0 0 0 0 0 0 0
"32" 32 0.327044025157 226 169 46 33 22 2 2 0 0 0 0 0 0 0 0 0 0 0 0 0
"33" 33 0.00497512437811 363 62 35 20 16 2 1 1 0 0 0 0 0 0 0 0 0 0 0 0
"34" 34 0.269961977186 402 91 6 1 0 0 0 0 0 0 0 0 0 0 0 0 0 0 0 0
"35" 35 0.395348837209 223 72 67 32 30 23 12 9 6 6 5 4 4 2 2 2 1 0 0 0
"36" 36 0.243523316062 382 60 25 8 8 8 2 2 2 1 1 1 0 0 0 0 0 0 0 0
"37" 37 0.607594936709 307 55 44 39 27 23 3 2 0 0 0 0 0 0 0 0 0 0 0 0
"38" 38 0.607142857143 288 122 49 31 6 3 1 0 0 0 0 0 0 0 0 0 0 0 0 0
"39" 39 0.553846153846 357 42 21 21 20 19 13 5 2 0 0 0 0 0 0 0 0 0 0 0
"40" 40 0.210256410256 192 141 52 41 27 19 9 8 5 4 1 1 0 0 0 0 0 0 0 0
"41" 41 0.131979695431 162 116 95 35 27 27 9 8 7 7 2 1 1 1 1 1 0 0 0 0
"42" 42 0.00418410041841 370 70 45 12 1 1 1 0 0 0 0 0 0 0 0 0 0 0 0 0
"43" 43 0.0358974358974 253 133 51 22 14 11 8 4 1 1 1 1 0 0 0 0 0 0 0 0
"44" 44 0.0 259 202 11 11 8 6 2 1 0 0 0 0 0 0 0 0 0 0 0 0
"45" 45 0.0 292 161 24 10 6 3 3 1 0 0 0 0 0 0 0 0 0 0 0 0
"46" 46 0.0 342 107 42 5 2 1 1 0 0 0 0 0 0 0 0 0 0 0 0 0
"47" 47 0.0535714285714 309 142 29 6 6 3 2 2 1 0 0 0 0 0 0 0 0 0 0 0
"48" 48 0.0 477 15 4 2 1 1 0 0 0 0 0 0 0 0 0 0 0 0 0 0
"49" 49 0.0943396226415 145 141 117 26 24 19 18 10 0 0 0 0 0 0 0 0 0 0 0 0
"50" 50 0.105839416058 415 59 14 12 0 0 0 0 0 0 0 0 0 0 0 0 0 0 0 0
"51" 51 0.446808510638 457 19 17 4 2 1 0 0 0 0 0 0 0 0 0 0 0 0 0 0
"52" 52 0.28488372093 192 109 67 67 23 23 8 8 3 0 0 0 0 0 0 0 0 0 0 0
"53" 53 0.0820512820513 383 58 27 10 8 6 4 2 2 0 0 0 0 0 0 0 0 0 0 0
"54" 54 0.062015503876 171 144 125 24 22 5 5 3 1 0 0 0 0 0 0 0 0 0 0 0
"55" 55 0.0675105485232 448 17 11 10 8 3 1 1 1 0 0 0 0 0 0 0 0 0 0 0
"56" 56 0.0248756218905 350 75 48 9 7 3 3 2 1 1 1 0 0 0 0 0 0 0 0 0
"57" 57 0.183035714286 194 163 83 26 19 5 5 5 0 0 0 0 0 0 0 0 0 0 0 0
"58" 58 0.0152284263959 211 131 113 40 4 1 0 0 0 0 0 0 0 0 0 0 0 0 0 0
"59" 59 0.110465116279 470 14 7 3 3 2 1 0 0 0 0 0 0 0 0 0 0 0 0 0
"60" 60 0.189781021898 151 114 103 71 22 15 11 6 3 2 1 1 0 0 0 0 0 0 0 0
"61" 61 0.433035714286 451 17 13 5 4 3 3 3 1 0 0 0 0 0 0 0 0 0 0 0
"62" 62 0.334821428571 107 94 88 59 49 44 30 12 8 4 3 1 1 0 0 0 0 0 0 0
"63" 63 0.267441860465 416 21 18 13 6 6 5 5 4 3 2 1 0 0 0 0 0 0 0 0
"64" 64 0.0 235 165 91 4 3 2 0 0 0 0 0 0 0 0 0 0 0 0 0 0
"65" 65 0.0 393 87 15 4 1 0 0 0 0 0 0 0 0 0 0 0 0 0 0 0
"66" 66 0.0 381 66 38 15 0 0 0 0 0 0 0 0 0 0 0 0 0 0 0 0
"67" 67 0.0 487 5 4 2 1 1 0 0 0 0 0 0 0 0 0 0 0 0 0 0
"68" 68 0.157360406091 197 149 66 54 22 6 3 2 1 0 0 0 0 0 0 0 0 0 0 0
"69" 69 0.0358744394619 167 131 108 46 21 19 3 3 1 1 0 0 0 0 0 0 0 0 0 0
"70" 70 0.20725388601 175 88 64 49 41 32 25 12 8 3 1 1 1 0 0 0 0 0 0 0
"71" 71 0.348837209302 151 120 110 45 32 11 9 7 6 3 3 2 1 0 0 0 0 0 0 0
"72" 72 0.409282700422 388 37 27 13 12 10 5 3 2 2 1 0 0 0 0 0 0 0 0 0
"73" 73 0.776371308017 492 8 0 0 0 0 0 0 0 0 0 0 0 0 0 0 0 0 0 0
"74" 74 0.5 478 21 1 0 0 0 0 0 0 0 0 0 0 0 0 0 0 0 0 0
"75" 75 0.451476793249 142 117 76 32 27 26 17 17 16 9 7 7 6 1 0 0 0 0 0 0
"76" 76 0.18407960199 405 36 21 14 7 6 3 2 2 2 1 1 0 0 0 0 0 0 0 0
"77" 77 0.124087591241 172 113 67 55 34 24 11 10 9 2 1 1 1 0 0 0 0 0 0 0
"78" 78 0.112970711297 261 136 91 5 2 2 1 1 1 0 0 0 0 0 0 0 0 0 0 0
"79" 79 0.0 195 77 61 56 49 22 7 7 6 6 5 5 2 1 1 0 0 0 0 0
"80" 80 0.167883211679 374 39 26 23 18 8 5 3 2 1 1 0 0 0 0 0 0 0 0 0
"81" 81 0.0358974358974 187 129 95 32 22 15 15 2 1 1 1 0 0 0 0 0 0 0 0 0
"82" 82 0.0569620253165 267 207 16 3 3 3 1 0 0 0 0 0 0 0 0 0 0 0 0 0
"83" 83 0.359832635983 280 74 66 60 7 5 4 2 1 1 0 0 0 0 0 0 0 0 0 0
"84" 84 0.465408805031 366 77 38 7 5 4 2 1 0 0 0 0 0 0 0 0 0 0 0 0
"85" 85 0.0765550239234 362 118 11 4 1 1 1 1 1 0 0 0 0 0 0 0 0 0 0 0
"86" 86 0.454545454545 139 105 93 72 32 18 15 9 7 4 2 2 1 1 0 0 0 0 0 0
"87" 87 0.0 500 0 0 0 0 0 0 0 0 0 0 0 0 0 0 0 0 0 0 0
"88" 88 0.0 245 177 54 12 5 4 2 1 0 0 0 0 0 0 0 0 0 0 0 0
"89" 89 0.106598984772 290 89 77 36 3 2 2 1 0 0 0 0 0 0 0 0 0 0 0 0
"90" 90 0.00956937799043 336 46 45 33 15 12 7 5 1 0 0 0 0 0 0 0 0 0 0 0
"91" 91 0.0 416 83 1 0 0 0 0 0 0 0 0 0 0 0 0 0 0 0 0 0
"92" 92 0.0342205323194 337 99 54 4 2 1 1 1 1 0 0 0 0 0 0 0 0 0 0 0
"93" 93 0.0 500 0 0 0 0 0 0 0 0 0 0 0 0 0 0 0 0 0 0 0
"94" 94 0.0077519379845 151 117 91 29 23 20 19 17 16 6 6 3 2 0 0 0 0 0 0 0
"95" 95 0.0 234 81 77 48 34 9 7 6 3 1 0 0 0 0 0 0 0 0 0 0
"96" 96 0.0062893081761 287 129 84 0 0 0 0 0 0 0 0 0 0 0 0 0 0 0 0 0
"97" 97 0.103139013453 252 131 117 0 0 0 0 0 0 0 0 0 0 0 0 0 0 0 0 0
"98" 98 0.0 385 115 0 0 0 0 0 0 0 0 0 0 0 0 0 0 0 0 0 0
"99" 99 0.00354609929078 424 44 25 6 1 0 0 0 0 0 0 0 0 0 0 0 0 0 0 0
"100" 100 0.0 347 105 21 11 9 3 2 2 0 0 0 0 0 0 0 0 0 0 0 0
"101" 101 0.134715025907 389 91 11 3 3 2 1 0 0 0 0 0 0 0 0 0 0 0 0 0
"102" 102 0.0880503144654 461 14 9 6 4 3 2 1 0 0 0 0 0 0 0 0 0 0 0 0
"103" 103 0.261538461538 263 66 57 29 28 27 20 3 2 1 1 1 1 1 0 0 0 0 0 0
"104" 104 0.419540229885 254 76 66 46 32 5 5 4 3 2 2 2 2 1 0 0 0 0 0 0
"105" 105 0.456953642384 172 77 53 50 44 30 21 16 10 7 6 6 5 3 0 0 0 0 0 0
"106" 106 0.0143540669856 475 7 7 6 3 1 1 0 0 0 0 0 0 0 0 0 0 0 0 0
"107" 107 0.641509433962 319 89 26 17 13 12 9 8 5 1 1 0 0 0 0 0 0 0 0 0
"108" 108 0.174107142857 255 92 40 32 26 20 18 13 1 1 1 1 0 0 0 0 0 0 0 0
"109" 109 0.0872093023256 321 122 42 8 3 2 2 0 0 0 0 0 0 0 0 0 0 0 0 0
"110" 110 0.691983122363 446 18 12 6 6 5 4 2 1 0 0 0 0 0 0 0 0 0 0 0
"111" 111 0.100775193798 290 105 96 6 3 0 0 0 0 0 0 0 0 0 0 0 0 0 0 0
"112" 112 0.33908045977 233 64 58 44 27 25 13 13 7 7 6 1 1 1 0 0 0 0 0 0
"113" 113 0.00961538461538 500 0 0 0 0 0 0 0 0 0 0 0 0 0 0 0 0 0 0 0
"114" 114 0.0984455958549 266 223 6 3 2 0 0 0 0 0 0 0 0 0 0 0 0 0 0 0
"115" 115 0.0666666666667 365 112 23 0 0 0 0 0 0 0 0 0 0 0 0 0 0 0 0 0
"116" 116 0.155440414508 275 124 61 22 14 3 1 0 0 0 0 0 0 0 0 0 0 0 0 0
"117" 117 0.0188679245283 281 178 18 11 4 3 2 2 1 0 0 0 0 0 0 0 0 0 0 0
"118" 118 0.0 311 102 48 18 9 7 2 1 1 1 0 0 0 0 0 0 0 0 0 0
"119" 119 0.0466321243523 358 68 24 17 8 6 5 4 3 3 2 1 1 0 0 0 0 0 0 0
"120" 120 0.0 228 153 90 24 5 0 0 0 0 0 0 0 0 0 0 0 0 0 0 0
"121" 121 0.0 156 127 119 54 32 9 2 1 0 0 0 0 0 0 0 0 0 0 0 0
"122" 122 0.00446428571429 338 86 51 14 8 2 1 0 0 0 0 0 0 0 0 0 0 0 0 0
"123" 123 0.0609137055838 432 37 16 11 2 1 1 0 0 0 0 0 0 0 0 0 0 0 0 0
"124" 124 0.0192307692308 359 101 29 6 2 2 1 0 0 0 0 0 0 0 0 0 0 0 0 0
"125" 125 0.566964285714 133 109 105 49 30 27 22 16 7 2 0 0 0 0 0 0 0 0 0 0
"126" 126 0.546511627907 99 77 76 68 48 47 43 11 10 7 6 6 2 0 0 0 0 0 0 0
"127" 127 0.406091370558 128 84 80 45 37 37 36 18 14 8 7 3 2 1 0 0 0 0 0 0
"128" 128 0.0697674418605 294 104 29 23 19 17 6 3 2 1 1 1 0 0 0 0 0 0 0 0
"129" 129 0.479087452471 203 108 44 41 41 36 10 5 5 4 1 1 1 0 0 0 0 0 0 0
"130" 130 0.0813953488372 497 2 1 0 0 0 0 0 0 0 0 0 0 0 0 0 0 0 0 0
"131" 131 0.0192307692308 500 0 0 0 0 0 0 0 0 0 0 0 0 0 0 0 0 0 0 0
"132" 132 0.14798206278 142 104 92 78 66 9 4 2 2 1 0 0 0 0 0 0 0 0 0 0
"133" 133 0.126436781609 370 120 5 3 1 1 0 0 0 0 0 0 0 0 0 0 0 0 0 0
"134" 134 0.042194092827 323 54 49 46 10 8 5 2 2 1 0 0 0 0 0 0 0 0 0 0
"135" 135 0.304932735426 205 92 41 38 35 33 27 11 8 4 3 1 1 1 0 0 0 0 0 0
"136" 136 0.0 241 238 16 4 1 0 0 0 0 0 0 0 0 0 0 0 0 0 0 0
"137" 137 0.130801687764 183 86 52 49 46 40 14 13 5 4 3 3 2 0 0 0 0 0 0 0
"138" 138 0.015503875969 160 71 64 52 44 41 29 23 9 4 2 1 0 0 0 0 0 0 0 0
"139" 139 0.0 367 57 27 26 16 3 2 1 1 0 0 0 0 0 0 0 0 0 0 0
"140" 140 0.0 500 0 0 0 0 0 0 0 0 0 0 0 0 0 0 0 0 0 0 0
"141" 141 0.0 292 108 48 20 18 4 4 2 2 1 1 0 0 0 0 0 0 0 0 0
"142" 142 0.0137614678899 244 130 81 15 11 8 6 5 0 0 0 0 0 0 0 0 0 0 0 0
"143" 143 0.0 371 76 13 11 9 9 4 4 1 1 1 0 0 0 0 0 0 0 0 0
"144" 144 0.0 209 173 56 24 12 7 4 4 3 3 3 1 1 0 0 0 0 0 0 0
"145" 145 0.119402985075 266 84 40 30 25 14 13 12 8 5 2 1 0 0 0 0 0 0 0 0
"146" 146 0.0362694300518 359 50 46 39 2 2 1 1 0 0 0 0 0 0 0 0 0 0 0 0
"147" 147 0.424107142857 287 130 50 20 7 3 1 1 1 0 0 0 0 0 0 0 0 0 0 0
"148" 148 0.509615384615 457 40 1 1 1 0 0 0 0 0 0 0 0 0 0 0 0 0 0 0
"149" 149 0.330357142857 260 115 113 6 2 1 1 1 1 0 0 0 0 0 0 0 0 0 0 0
"150" 150 0.0 203 158 92 36 6 2 2 1 0 0 0 0 0 0 0 0 0 0 0 0
"151" 151 0.0414507772021 229 181 53 18 18 1 0 0 0 0 0 0 0 0 0 0 0 0 0 0
"152" 152 0.0 254 119 110 8 2 2 2 2 1 0 0 0 0 0 0 0 0 0 0 0
"153" 153 0.0 255 146 62 10 7 7 7 3 2 1 0 0 0 0 0 0 0 0 0 0
"154" 154 0.0 161 151 53 46 37 20 17 8 7 0 0 0 0 0 0 0 0 0 0 0
"155" 155 0.010152284264 437 42 7 6 4 3 1 0 0 0 0 0 0 0 0 0 0 0 0 0
"156" 156 0.0 278 132 62 11 11 2 1 1 1 1 0 0 0 0 0 0 0 0 0 0
"157" 157 0.0 298 95 64 18 6 6 6 4 1 1 1 0 0 0 0 0 0 0 0 0
"158" 158 0.113989637306 410 34 18 16 15 3 2 2 0 0 0 0 0 0 0 0 0 0 0 0
"159" 159 0.289340101523 95 85 61 57 46 39 27 26 17 16 14 9 8 0 0 0 0 0 0 0
"160" 160 0.651282051282 153 132 114 34 21 15 10 8 5 4 3 1 0 0 0 0 0 0 0 0
"161" 161 0.0673575129534 188 160 67 45 17 9 5 4 2 2 1 0 0 0 0 0 0 0 0 0
"162" 162 0.584905660377 268 111 77 21 12 10 1 0 0 0 0 0 0 0 0 0 0 0 0 0
"163" 163 0.199004975124 157 76 56 51 36 31 24 24 13 13 10 7 1 1 0 0 0 0 0 0
"164" 164 0.046511627907 348 140 5 4 2 1 0 0 0 0 0 0 0 0 0 0 0 0 0 0
"165" 165 0.62893081761 410 52 18 8 6 4 2 0 0 0 0 0 0 0 0 0 0 0 0 0
"166" 166 0.523206751055 339 49 24 23 20 16 13 11 5 0 0 0 0 0 0 0 0 0 0 0
"167" 167 0.0 279 129 53 20 4 4 3 3 2 1 1 1 0 0 0 0 0 0 0 0
"168" 168 0.435897435897 283 109 42 36 15 6 3 2 2 1 1 0 0 0 0 0 0 0 0 0
"169" 169 0.222797927461 358 67 59 7 3 2 2 2 0 0 0 0 0 0 0 0 0 0 0 0
"170" 170 0.0710659898477 383 48 30 21 8 3 2 2 1 1 1 0 0 0 0 0 0 0 0 0
"171" 171 0.482142857143 223 94 55 38 34 20 17 16 1 1 1 0 0 0 0 0 0 0 0 0
"172" 172 0.113989637306 295 199 2 2 1 1 0 0 0 0 0 0 0 0 0 0 0 0 0 0
"173" 173 0.0 175 172 76 44 19 8 5 1 0 0 0 0 0 0 0 0 0 0 0 0
"174" 174 0.370535714286 225 69 56 47 44 24 14 7 5 5 2 1 1 0 0 0 0 0 0 0
"175" 175 0.527426160338 406 64 10 7 7 3 2 1 0 0 0 0 0 0 0 0 0 0 0 0
"176" 176 0.357414448669 380 79 32 6 2 1 0 0 0 0 0 0 0 0 0 0 0 0 0 0
"177" 177 0.163179916318 246 207 23 20 3 1 0 0 0 0 0 0 0 0 0 0 0 0 0 0
"178" 178 0.622641509434 273 95 56 25 21 13 7 5 3 1 1 0 0 0 0 0 0 0 0 0
"179" 179 0.278846153846 491 9 0 0 0 0 0 0 0 0 0 0 0 0 0 0 0 0 0 0
"180" 180 0.169154228856 220 101 70 52 33 17 4 2 1 0 0 0 0 0 0 0 0 0 0 0
"181" 181 0.0995024875622 388 30 21 15 14 11 7 5 3 2 1 1 1 1 0 0 0 0 0 0
"182" 182 0.740875912409 217 125 44 33 29 17 13 12 6 3 1 0 0 0 0 0 0 0 0 0
"183" 183 0.178294573643 198 105 77 40 29 22 11 6 4 3 2 2 1 0 0 0 0 0 0 0
"184" 184 0.0116279069767 207 181 22 19 17 17 13 7 6 3 3 3 2 0 0 0 0 0 0 0
"185" 185 0.148717948718 222 81 77 60 19 18 5 5 4 3 2 1 1 1 1 0 0 0 0 0
"186" 186 0.299107142857 187 140 38 35 29 25 17 14 10 3 1 1 0 0 0 0 0 0 0 0
"187" 187 0.00709219858156 180 179 138 3 0 0 0 0 0 0 0 0 0 0 0 0 0 0 0 0
"188" 188 0.0 284 97 51 32 22 8 3 2 1 0 0 0 0 0 0 0 0 0 0 0
"189" 189 0.270072992701 174 161 156 3 2 2 2 0 0 0 0 0 0 0 0 0 0 0 0 0
"190" 190 0.167512690355 218 84 62 56 37 13 11 10 7 1 1 0 0 0 0 0 0 0 0 0
"191" 191 0.0190114068441 204 128 92 52 17 2 2 1 1 1 0 0 0 0 0 0 0 0 0 0
"192" 192 0.0548523206751 124 116 100 81 38 19 8 6 5 1 1 1 0 0 0 0 0 0 0 0
"193" 193 0.395939086294 299 43 42 39 22 16 13 12 9 4 1 0 0 0 0 0 0 0 0 0
"194" 194 0.213836477987 468 17 12 1 1 1 0 0 0 0 0 0 0 0 0 0 0 0 0 0
"195" 195 0.336787564767 252 127 50 39 14 6 5 2 2 2 1 0 0 0 0 0 0 0 0 0
"196" 196 0.730769230769 493 7 0 0 0 0 0 0 0 0 0 0 0 0 0 0 0 0 0 0
"197" 197 0.320675105485 206 131 78 52 28 5 0 0 0 0 0 0 0 0 0 0 0 0 0 0
"198" 198 0.610062893082 499 1 0 0 0 0 0 0 0 0 0 0 0 0 0 0 0 0 0 0
"199" 199 0.415178571429 204 144 58 42 20 11 10 7 3 1 0 0 0 0 0 0 0 0 0 0
"200" 200 0.0461538461538 330 89 63 14 2 1 1 0 0 0 0 0 0 0 0 0 0 0 0 0
"201" 201 0.578475336323 313 122 20 17 11 10 2 2 2 1 0 0 0 0 0 0 0 0 0 0
"202" 202 0.100418410042 483 12 4 1 0 0 0 0 0 0 0 0 0 0 0 0 0 0 0 0
"203" 203 0.139534883721 256 88 41 39 36 16 10 7 7 0 0 0 0 0 0 0 0 0 0 0
"204" 204 0.276150627615 117 101 100 45 42 35 28 15 13 4 0 0 0 0 0 0 0 0 0 0
"205" 205 0.82119205298 477 23 0 0 0 0 0 0 0 0 0 0 0 0 0 0 0 0 0 0
"206" 206 0.0769230769231 500 0 0 0 0 0 0 0 0 0 0 0 0 0 0 0 0 0 0 0
"207" 207 0.459821428571 346 79 28 16 13 8 4 4 1 1 0 0 0 0 0 0 0 0 0 0
"208" 208 0.162790697674 259 107 79 19 16 12 6 2 0 0 0 0 0 0 0 0 0 0 0 0
"209" 209 0.172995780591 164 105 59 53 32 30 16 12 12 5 5 4 1 1 1 0 0 0 0 0
"210" 210 0.323076923077 494 3 1 1 1 0 0 0 0 0 0 0 0 0 0 0 0 0 0 0
"211" 211 0.253164556962 128 92 88 84 42 37 14 9 4 1 1 0 0 0 0 0 0 0 0 0
"212" 212 0.713080168776 187 128 114 31 17 8 6 4 3 1 1 0 0 0 0 0 0 0 0 0
"213" 213 0.220532319392 309 72 50 26 18 18 3 2 1 1 0 0 0 0 0 0 0 0 0 0
"214" 214 0.0 411 83 6 0 0 0 0 0 0 0 0 0 0 0 0 0 0 0 0 0
"215" 215 0.213930348259 216 186 31 18 17 10 9 7 2 2 1 1 0 0 0 0 0 0 0 0
"216" 216 0.512953367876 274 122 50 19 12 11 7 3 1 1 0 0 0 0 0 0 0 0 0 0
"217" 217 0.0 258 91 75 58 7 4 3 1 1 1 1 0 0 0 0 0 0 0 0 0
"218" 218 0.0 256 68 67 55 19 14 9 7 1 1 1 1 1 0 0 0 0 0 0 0
"219" 219 0.476793248945 108 105 76 74 64 31 19 13 4 3 2 1 0 0 0 0 0 0 0 0
"220" 220 0.205357142857 342 83 32 29 7 4 1 1 1 0 0 0 0 0 0 0 0 0 0 0
"221" 221 0.0 499 1 0 0 0 0 0 0 0 0 0 0 0 0 0 0 0 0 0 0
"222" 222 0.124401913876 318 101 27 16 11 10 7 4 4 2 0 0 0 0 0 0 0 0 0 0
"223" 223 0.295336787565 101 75 69 65 62 54 36 20 9 4 3 1 1 0 0 0 0 0 0 0
"224" 224 0.112582781457 354 48 43 38 10 2 2 2 1 0 0 0 0 0 0 0 0 0 0 0
"225" 225 0.0460992907801 430 70 0 0 0 0 0 0 0 0 0 0 0 0 0 0 0 0 0 0
"226" 226 0.396624472574 226 98 62 55 28 17 5 3 2 2 1 1 0 0 0 0 0 0 0 0
"227" 227 0.42600896861 191 92 89 71 50 3 2 2 0 0 0 0 0 0 0 0 0 0 0 0
"228" 228 0.00497512437811 452 12 12 7 5 3 3 2 2 2 0 0 0 0 0 0 0 0 0 0
"229" 229 0.0355329949239 226 85 73 38 31 16 15 7 4 2 1 1 1 0 0 0 0 0 0 0
"230" 230 0.302325581395 314 104 30 17 15 9 6 2 1 1 1 0 0 0 0 0 0 0 0 0
"231" 231 0.519230769231 500 0 0 0 0 0 0 0 0 0 0 0 0 0 0 0 0 0 0 0
"232" 232 0.603375527426 326 71 52 26 14 11 0 0 0 0 0 0 0 0 0 0 0 0 0 0
"233" 233 0.152317880795 310 159 14 6 4 3 2 1 1 0 0 0 0 0 0 0 0 0 0 0
"234" 234 0.695364238411 221 140 69 42 11 6 4 4 2 1 0 0 0 0 0 0 0 0 0 0
"235" 235 0.347150259067 440 34 21 2 2 1 0 0 0 0 0 0 0 0 0 0 0 0 0 0
"236" 236 0.311258278146 318 42 40 37 22 20 12 5 3 1 0 0 0 0 0 0 0 0 0 0
"237" 237 0.350210970464 361 59 40 13 12 10 4 1 0 0 0 0 0 0 0 0 0 0 0 0
"238" 238 0.567307692308 442 58 0 0 0 0 0 0 0 0 0 0 0 0 0 0 0 0 0 0
"239" 239 0.0609137055838 346 74 20 16 14 13 6 3 3 2 2 1 0 0 0 0 0 0 0 0
"240" 240 0.186528497409 472 18 4 2 1 1 1 1 0 0 0 0 0 0 0 0 0 0 0 0
"241" 241 0.0845771144279 465 33 1 1 0 0 0 0 0 0 0 0 0 0 0 0 0 0 0 0
"242" 242 0.162790697674 398 69 10 6 4 4 3 3 2 1 0 0 0 0 0 0 0 0 0 0
"243" 243 0.0 168 154 117 22 18 7 6 4 3 1 0 0 0 0 0 0 0 0 0 0
"244" 244 0.0747126436782 269 162 52 15 2 0 0 0 0 0 0 0 0 0 0 0 0 0 0 0
"245" 245 0.354651162791 397 65 14 9 7 5 3 0 0 0 0 0 0 0 0 0 0 0 0 0
"246" 246 0.18407960199 434 26 18 5 5 4 2 2 2 1 1 0 0 0 0 0 0 0 0 0
"247" 247 0.534591194969 226 172 82 15 3 1 1 0 0 0 0 0 0 0 0 0 0 0 0 0
"248" 248 0.860103626943 334 89 45 17 5 4 3 3 0 0 0 0 0 0 0 0 0 0 0 0
"249" 249 0.116279069767 173 66 66 59 53 45 19 3 3 2 2 2 2 2 1 1 1 0 0 0
"250" 250 0.641509433962 450 16 16 6 5 4 2 1 0 0 0 0 0 0 0 0 0 0 0 0
"251" 251 0.296511627907 208 189 98 3 1 1 0 0 0 0 0 0 0 0 0 0 0 0 0 0
"252" 252 0.304182509506 353 69 54 21 3 0 0 0 0 0 0 0 0 0 0 0 0 0 0 0
"253" 253 0.35761589404 328 72 17 15 14 14 14 12 6 4 3 1 0 0 0 0 0 0 0 0
"254" 254 0.649789029536 135 89 70 61 38 33 23 16 10 8 7 7 2 1 0 0 0 0 0 0
"255" 255 0.449612403101 110 92 73 69 54 46 17 16 15 4 2 1 1 0 0 0 0 0 0 0
"256" 256 0.124031007752 247 222 10 6 6 5 2 1 1 0 0 0 0 0 0 0 0 0 0 0
"257" 257 0.0331125827815 324 122 25 13 8 6 1 1 0 0 0 0 0 0 0 0 0 0 0 0
"258" 258 0.533678756477 125 106 97 43 35 20 16 11 10 10 9 7 5 4 1 1 0 0 0 0
"259" 259 0.635658914729 171 131 109 26 16 14 11 10 4 4 3 1 0 0 0 0 0 0 0 0
"260" 260 0.10152284264 237 220 18 8 6 5 2 2 1 1 0 0 0 0 0 0 0 0 0 0
"261" 261 0.459119496855 472 17 9 1 1 0 0 0 0 0 0 0 0 0 0 0 0 0 0 0
"262" 262 0.622641509434 473 14 8 4 1 0 0 0 0 0 0 0 0 0 0 0 0 0 0 0
"263" 263 0.503875968992 176 93 77 55 42 36 21 0 0 0 0 0 0 0 0 0 0 0 0 0
"264" 264 0.331125827815 246 98 80 56 12 5 1 1 1 0 0 0 0 0 0 0 0 0 0 0
"265" 265 0.621890547264 247 157 25 18 17 14 11 6 3 2 0 0 0 0 0 0 0 0 0 0
"266" 266 0.447257383966 208 118 91 26 21 18 16 1 1 0 0 0 0 0 0 0 0 0 0 0
"267" 267 0.658914728682 184 157 63 44 38 6 3 3 2 0 0 0 0 0 0 0 0 0 0 0
"268" 268 0.435233160622 199 135 54 50 24 14 9 8 3 2 1 1 0 0 0 0 0 0 0 0
"269" 269 0.178294573643 135 116 67 51 36 31 21 20 10 6 4 2 1 0 0 0 0 0 0 0
"270" 270 0.779874213836 228 213 42 9 4 1 1 1 1 0 0 0 0 0 0 0 0 0 0 0
"271" 271 0.355329949239 193 92 74 55 21 12 12 11 8 8 7 4 3 0 0 0 0 0 0 0
"272" 272 0.585492227979 122 114 79 64 37 25 20 18 12 5 3 1 0 0 0 0 0 0 0 0
"273" 273 0.675105485232 194 160 47 38 26 23 9 2 1 0 0 0 0 0 0 0 0 0 0 0
"274" 274 0.364238410596 166 111 75 73 30 20 13 5 3 2 1 1 0 0 0 0 0 0 0 0
"275" 275 0.0761421319797 310 87 34 26 11 9 6 5 5 3 2 1 1 0 0 0 0 0 0 0
"276" 276 0.554404145078 136 132 119 40 28 16 9 9 5 3 2 1 0 0 0 0 0 0 0 0
"277" 277 0.497890295359 237 131 74 30 16 10 1 1 0 0 0 0 0 0 0 0 0 0 0 0
"278" 278 0.421985815603 203 124 77 43 21 12 10 5 3 2 0 0 0 0 0 0 0 0 0 0
"279" 279 0.18410041841 250 243 5 1 1 0 0 0 0 0 0 0 0 0 0 0 0 0 0 0
"280" 280 0.861924686192 362 62 55 9 3 2 2 2 1 1 1 0 0 0 0 0 0 0 0 0
