"site" "RSA" "aa1" "aa2" "aa3" "aa4" "aa5" "aa6" "aa7" "aa8" "aa9" "aa10" "aa11" "aa12" "aa13" "aa14" "aa15" "aa16" "aa17" "aa18" "aa19" "aa20"
"0" 0 0.802325581395 162 87 72 49 49 29 25 20 5 1 1 0 0 0 0 0 0 0 0 0
"1" 1 0.482587064677 204 45 40 36 34 33 27 15 14 13 10 9 7 5 4 2 2 0 0 0
"2" 2 0.233830845771 187 117 49 31 25 21 21 17 9 6 4 4 3 2 2 1 1 0 0 0
"3" 3 0.456953642384 166 87 58 41 33 29 26 21 15 11 6 5 1 1 0 0 0 0 0 0
"4" 4 0.483443708609 182 108 51 37 24 24 18 13 11 10 10 7 4 1 0 0 0 0 0 0
"5" 5 0.100418410042 304 92 56 25 5 5 4 3 2 2 1 1 0 0 0 0 0 0 0 0
"6" 6 0.134615384615 500 0 0 0 0 0 0 0 0 0 0 0 0 0 0 0 0 0 0 0
"7" 7 0.383720930233 289 99 40 37 11 9 7 3 2 1 1 1 0 0 0 0 0 0 0 0
"8" 8 0.339622641509 129 89 75 48 43 40 31 30 9 2 1 1 1 1 0 0 0 0 0 0
"9" 9 0.326359832636 131 112 80 42 35 31 15 12 12 9 8 7 3 2 1 0 0 0 0 0
"10" 10 0.446428571429 236 116 49 40 21 17 8 5 3 2 2 1 0 0 0 0 0 0 0 0
"11" 11 0.0729927007299 368 49 28 27 7 6 4 3 3 2 2 1 0 0 0 0 0 0 0 0
"12" 12 0.0 160 89 60 33 30 21 20 19 18 16 13 7 7 5 1 1 0 0 0 0
"13" 13 0.397321428571 173 72 72 61 35 19 19 16 11 10 4 2 2 1 1 1 1 0 0 0
"14" 14 0.389743589744 204 74 68 35 30 20 19 15 13 6 4 4 3 3 1 1 0 0 0 0
"15" 15 0.0 281 184 10 9 9 4 3 0 0 0 0 0 0 0 0 0 0 0 0 0
"16" 16 0.0149253731343 258 53 38 35 24 18 15 12 10 9 7 6 5 3 3 2 2 0 0 0
"17" 17 0.209302325581 182 108 77 50 17 17 13 10 6 4 4 4 4 3 1 0 0 0 0 0
"18" 18 0.0 343 71 20 13 12 12 10 5 3 3 3 2 2 1 0 0 0 0 0 0
"19" 19 0.0 334 31 19 16 15 13 12 11 10 10 8 7 6 5 3 0 0 0 0 0
"20" 20 0.478102189781 159 78 70 62 45 35 7 7 7 6 6 5 4 3 3 2 1 0 0 0
"21" 21 0.540178571429 134 81 61 57 47 39 34 20 11 5 4 3 2 1 1 0 0 0 0 0
"22" 22 0.173076923077 496 3 1 0 0 0 0 0 0 0 0 0 0 0 0 0 0 0 0 0
"23" 23 0.295620437956 163 147 51 43 32 16 10 10 7 7 6 4 3 1 0 0 0 0 0 0
"24" 24 0.0192307692308 292 89 43 20 13 11 9 6 5 4 4 2 1 1 0 0 0 0 0 0
"25" 25 0.0 220 137 99 19 7 7 6 3 1 1 0 0 0 0 0 0 0 0 0 0
"26" 26 0.0 88 77 74 69 50 44 43 17 14 10 6 3 2 1 1 1 0 0 0 0
"27" 27 0.00574712643678 229 101 54 33 28 19 13 6 6 4 4 3 0 0 0 0 0 0 0 0
"28" 28 0.0497512437811 171 136 42 41 21 13 12 11 10 10 9 7 4 4 4 3 1 1 0 0
"29" 29 0.512953367876 172 109 95 27 26 18 15 13 9 5 3 3 2 1 1 1 0 0 0 0
"30" 30 0.487179487179 123 61 53 50 41 37 31 22 15 12 12 12 11 11 5 4 0 0 0 0
"31" 31 0.294642857143 96 90 67 57 46 36 21 17 16 15 13 11 6 5 3 1 0 0 0 0
"32" 32 0.00961538461538 217 127 85 50 10 5 2 1 1 1 1 0 0 0 0 0 0 0 0 0
"33" 33 0.0155440414508 115 89 80 54 36 35 24 15 14 10 9 8 6 2 2 1 0 0 0 0
"34" 34 0.0 91 71 58 46 45 31 28 26 25 21 14 14 11 8 5 3 2 1 0 0
"35" 35 0.0 264 122 41 31 24 10 3 2 1 1 1 0 0 0 0 0 0 0 0 0
"36" 36 0.0167364016736 198 91 53 45 38 26 15 9 8 6 4 3 2 2 0 0 0 0 0 0
"37" 37 0.0 271 61 49 41 28 17 10 8 4 4 3 2 1 1 0 0 0 0 0 0
"38" 38 0.0 327 98 33 18 18 2 2 1 1 0 0 0 0 0 0 0 0 0 0 0
"39" 39 0.357142857143 94 93 72 67 60 19 19 16 15 12 12 8 8 3 2 0 0 0 0 0
"40" 40 0.261627906977 103 94 81 66 64 49 16 8 6 6 4 3 0 0 0 0 0 0 0 0
"41" 41 0.0 204 91 53 41 29 18 16 15 11 9 6 5 2 0 0 0 0 0 0 0
"42" 42 0.273255813953 250 146 48 20 11 5 4 4 4 2 2 2 1 1 0 0 0 0 0 0
"43" 43 0.281609195402 113 111 55 41 35 33 29 21 15 12 11 9 6 3 2 2 2 0 0 0
"44" 44 0.638392857143 128 106 96 53 30 21 16 16 12 9 9 1 1 1 1 0 0 0 0 0
"45" 45 0.161434977578 112 68 58 53 46 36 30 23 16 15 14 14 9 4 2 0 0 0 0 0
"46" 46 0.0045871559633 98 66 64 59 44 31 26 25 24 16 15 14 12 3 2 1 0 0 0 0
"47" 47 0.271317829457 151 78 71 61 49 41 10 8 8 6 5 3 2 2 2 2 1 0 0 0
"48" 48 0.0696517412935 130 92 78 48 48 36 15 14 14 9 5 4 3 3 1 0 0 0 0 0
"49" 49 0.00581395348837 124 75 54 47 37 34 27 26 26 17 15 6 6 2 2 2 0 0 0 0
"50" 50 0.263959390863 147 48 41 37 36 31 24 22 21 17 17 15 12 12 9 7 4 0 0 0
"51" 51 0.532846715328 154 91 57 49 47 29 18 12 11 8 6 5 5 2 2 2 1 1 0 0
"52" 52 0.22966507177 172 67 61 61 58 24 17 13 9 9 4 3 2 0 0 0 0 0 0 0
"53" 53 0.0769230769231 496 2 2 0 0 0 0 0 0 0 0 0 0 0 0 0 0 0 0 0
"54" 54 0.278145695364 231 87 40 39 37 36 15 6 2 2 2 1 1 1 0 0 0 0 0 0
"55" 55 0.163461538462 494 2 2 2 0 0 0 0 0 0 0 0 0 0 0 0 0 0 0 0
"56" 56 0.401015228426 244 64 36 34 24 24 19 11 11 9 9 9 4 2 0 0 0 0 0 0
"57" 57 0.0229885057471 220 67 52 38 36 32 18 17 5 4 3 2 2 2 1 1 0 0 0 0
"58" 58 0.0253164556962 107 75 57 51 50 49 46 27 12 7 5 5 3 2 2 1 1 0 0 0
"59" 59 0.00995024875622 145 125 91 35 32 28 15 11 6 6 2 1 1 1 1 0 0 0 0 0
"60" 60 0.0 183 146 75 27 25 21 13 8 1 1 0 0 0 0 0 0 0 0 0 0
"61" 61 0.010152284264 185 92 77 48 26 22 10 8 8 8 5 5 3 1 1 1 0 0 0 0
"62" 62 0.186046511628 249 139 33 27 10 9 7 5 4 4 4 3 3 3 0 0 0 0 0 0
"63" 63 0.303571428571 188 106 50 36 27 17 16 11 11 10 9 6 3 3 3 3 1 0 0 0
"64" 64 0.59067357513 154 141 65 32 22 20 19 13 11 11 8 2 2 0 0 0 0 0 0 0
"65" 65 0.14598540146 82 68 68 58 40 31 27 26 23 16 14 13 12 11 6 3 1 1 0 0
"66" 66 0.149635036496 251 107 38 20 20 17 15 5 5 5 5 4 3 3 1 1 0 0 0 0
"67" 67 0.476793248945 128 111 76 65 37 33 26 8 5 4 3 2 2 0 0 0 0 0 0 0
"68" 68 0.349775784753 144 105 36 33 31 29 26 25 19 14 13 6 5 4 4 4 1 1 0 0
"69" 69 0.00497512437811 244 101 28 22 16 15 14 11 10 9 8 8 6 4 2 2 0 0 0 0
"70" 70 0.569948186528 338 45 36 27 19 8 8 8 7 3 1 0 0 0 0 0 0 0 0 0
"71" 71 0.00497512437811 176 156 44 33 26 13 11 8 7 6 6 5 3 3 2 1 0 0 0 0
"72" 72 0.421383647799 233 148 54 25 12 11 7 5 3 2 0 0 0 0 0 0 0 0 0 0
"73" 73 0.229357798165 171 111 41 34 27 26 23 23 15 10 6 4 3 3 2 1 0 0 0 0
"74" 74 0.435779816514 190 66 56 36 35 29 20 18 12 10 7 6 5 4 2 2 1 1 0 0
"75" 75 0.655172413793 146 92 85 76 28 24 20 9 6 3 3 3 2 2 1 0 0 0 0 0
"76" 76 1.10714285714 372 115 6 4 1 1 1 0 0 0 0 0 0 0 0 0 0 0 0 0
"77" 77 0.471153846154 222 135 38 19 13 13 12 10 10 9 5 5 4 3 2 0 0 0 0 0
"78" 78 0.397489539749 117 92 85 52 43 26 20 16 9 7 7 6 6 5 4 3 2 0 0 0
"79" 79 0.0 246 100 55 53 10 9 8 5 3 3 2 2 1 1 1 1 0 0 0 0
"80" 80 0.224137931034 189 65 62 34 34 29 23 14 13 11 10 8 3 3 1 1 0 0 0 0
"81" 81 0.093023255814 211 122 90 39 13 10 4 3 2 1 1 1 1 1 1 0 0 0 0 0
"82" 82 0.0 172 68 62 59 51 33 17 17 6 5 4 2 2 2 0 0 0 0 0 0
"83" 83 0.09375 139 99 82 40 33 32 30 12 10 9 8 4 2 0 0 0 0 0 0 0
"84" 84 0.0232558139535 273 142 31 20 9 7 5 4 3 2 2 1 1 0 0 0 0 0 0 0
"85" 85 0.217054263566 188 116 65 33 16 15 15 10 9 8 7 7 4 2 2 2 1 0 0 0
"86" 86 0.732142857143 132 122 68 63 24 24 19 16 13 8 4 2 2 2 1 0 0 0 0 0
"87" 87 0.625 493 7 0 0 0 0 0 0 0 0 0 0 0 0 0 0 0 0 0 0
"88" 88 0.201149425287 209 73 45 37 30 26 20 18 16 9 6 5 3 2 1 0 0 0 0 0
"89" 89 0.691860465116 273 61 26 22 22 20 18 14 12 8 8 6 5 2 2 1 0 0 0 0
"90" 90 0.552325581395 125 95 91 44 38 35 31 15 15 5 2 2 1 1 0 0 0 0 0 0
"91" 91 0.0 489 4 3 2 1 1 0 0 0 0 0 0 0 0 0 0 0 0 0 0
"92" 92 0.316091954023 161 55 44 44 43 39 32 25 16 16 9 9 6 1 0 0 0 0 0 0
"93" 93 0.370860927152 204 140 31 27 23 23 13 10 7 7 5 4 2 2 1 1 0 0 0 0
"94" 94 0.147286821705 232 85 45 28 24 19 15 11 9 5 5 5 5 4 3 2 1 1 1 0
"95" 95 0.325581395349 181 158 47 28 26 24 15 6 5 3 3 2 1 1 0 0 0 0 0 0
"96" 96 0.0725388601036 280 99 37 25 15 13 11 5 4 4 2 2 1 1 1 0 0 0 0 0
"97" 97 0.0875912408759 94 83 78 59 42 37 31 19 14 9 9 7 6 4 3 3 1 1 0 0
"98" 98 0.00507614213198 116 81 63 57 27 26 23 22 21 20 19 8 5 4 4 2 2 0 0 0
"99" 99 0.255813953488 119 72 59 37 36 33 32 23 21 16 13 9 8 7 6 5 3 1 0 0
"100" 100 0.0 324 88 30 29 10 4 4 4 2 2 2 1 0 0 0 0 0 0 0 0
"101" 101 0.0114942528736 97 91 59 45 40 38 35 29 23 15 9 8 6 2 2 1 0 0 0 0
"102" 102 0.408759124088 108 75 62 57 43 31 30 27 15 11 11 9 7 6 5 2 1 0 0 0
"103" 103 0.201550387597 112 99 56 37 35 29 29 22 16 15 14 13 12 5 2 2 1 1 0 0
"104" 104 0.0077519379845 139 135 101 22 17 16 14 10 10 9 7 5 4 3 3 3 2 0 0 0
"105" 105 0.0507614213198 111 93 85 76 46 22 15 12 10 8 8 6 4 4 0 0 0 0 0 0
"106" 106 0.279069767442 108 85 77 70 44 41 26 13 8 7 6 4 4 4 2 1 0 0 0 0
"107" 107 0.715025906736 310 103 22 17 15 14 12 4 2 1 0 0 0 0 0 0 0 0 0 0
"108" 108 0.567307692308 488 12 0 0 0 0 0 0 0 0 0 0 0 0 0 0 0 0 0 0
"109" 109 0.031007751938 219 194 26 20 16 7 4 3 3 2 2 1 1 1 1 0 0 0 0 0
"110" 110 0.544303797468 155 74 62 53 45 43 27 10 9 8 5 5 2 2 0 0 0 0 0 0
"111" 111 0.314465408805 80 73 70 58 34 28 25 22 20 19 18 16 14 13 7 1 1 1 0 0
"112" 112 0.602649006623 287 62 55 45 16 15 10 4 2 2 1 1 0 0 0 0 0 0 0 0
"113" 113 0.326424870466 241 76 53 29 26 19 13 13 9 8 4 3 2 2 1 1 0 0 0 0
"114" 114 0.0149253731343 316 79 24 22 19 7 6 6 6 6 3 2 2 1 1 0 0 0 0 0
"115" 115 0.466666666667 89 76 76 45 43 26 23 19 19 16 14 13 12 9 7 6 4 3 0 0
"116" 116 0.306569343066 244 72 44 29 25 22 17 15 7 6 6 3 3 3 2 1 1 0 0 0
"117" 117 0.685534591195 447 24 13 8 2 2 2 1 1 0 0 0 0 0 0 0 0 0 0 0
"118" 118 0.115384615385 500 0 0 0 0 0 0 0 0 0 0 0 0 0 0 0 0 0 0 0
"119" 119 0.354066985646 147 115 71 45 32 21 14 13 11 10 8 7 5 1 0 0 0 0 0 0
"120" 120 0.0172413793103 158 150 66 32 30 26 11 10 7 6 2 1 1 0 0 0 0 0 0 0
"121" 121 0.192468619247 172 90 47 43 33 29 26 20 16 10 9 2 1 1 1 0 0 0 0 0
"122" 122 0.0062893081761 142 127 65 60 21 14 14 12 10 9 8 4 3 3 3 3 1 1 0 0
"123" 123 0.0597014925373 161 88 52 51 42 25 15 14 13 11 8 6 6 3 2 2 1 0 0 0
"124" 124 0.167883211679 118 102 75 51 34 29 28 18 15 12 6 6 3 2 1 0 0 0 0 0
"125" 125 0.0697674418605 367 42 37 14 12 5 4 4 3 3 2 2 2 1 1 1 0 0 0 0
"126" 126 0.385650224215 100 81 68 62 29 28 27 22 15 15 13 13 11 7 4 4 1 0 0 0
"127" 127 0.666666666667 143 91 52 40 38 32 24 21 20 13 7 6 5 3 3 1 1 0 0 0
"128" 128 0.413461538462 500 0 0 0 0 0 0 0 0 0 0 0 0 0 0 0 0 0 0 0
"129" 129 0.0480769230769 499 1 0 0 0 0 0 0 0 0 0 0 0 0 0 0 0 0 0 0
"130" 130 0.0344827586207 136 106 47 38 34 27 24 21 18 10 9 9 9 6 3 3 0 0 0 0
"131" 131 0.412935323383 150 71 44 41 37 34 34 24 21 10 9 9 6 4 3 2 1 0 0 0
"132" 132 0.46511627907 127 72 71 40 39 33 28 23 17 12 11 7 7 5 5 2 1 0 0 0
"133" 133 0.412408759124 249 77 38 32 24 15 13 12 11 7 6 5 5 5 1 0 0 0 0 0
"134" 134 0.394230769231 154 47 47 42 39 32 31 27 20 13 12 11 8 6 4 4 1 1 1 0
"135" 135 0.105769230769 265 96 56 54 8 5 4 3 3 2 2 1 1 0 0 0 0 0 0 0
"136" 136 0.0956937799043 152 151 41 39 25 24 18 12 11 10 8 7 1 1 0 0 0 0 0 0
"137" 137 0.0755813953488 227 152 47 25 18 12 10 3 2 2 1 1 0 0 0 0 0 0 0 0
"138" 138 0.0133928571429 219 108 47 33 33 33 15 7 2 1 1 1 0 0 0 0 0 0 0 0
"139" 139 0.0 244 156 42 28 10 8 7 3 1 1 0 0 0 0 0 0 0 0 0 0
"140" 140 0.0 185 168 70 32 21 14 10 0 0 0 0 0 0 0 0 0 0 0 0 0
"141" 141 0.0710659898477 161 68 58 52 37 30 28 26 11 9 8 6 2 2 1 1 0 0 0 0
"142" 142 0.0725388601036 156 95 55 50 33 20 14 13 10 10 10 8 7 6 6 4 2 1 0 0
"143" 143 0.00497512437811 151 94 83 48 39 26 23 14 6 6 4 2 2 2 0 0 0 0 0 0
"144" 144 0.0 290 140 24 13 12 7 5 5 2 1 1 0 0 0 0 0 0 0 0 0
"145" 145 0.436046511628 123 117 69 53 43 36 23 9 6 4 4 3 3 2 2 1 1 1 0 0
"146" 146 0.323383084577 110 76 52 51 44 40 29 21 17 14 12 11 11 8 3 1 0 0 0 0
"147" 147 0.0542635658915 357 63 20 16 15 9 8 4 3 3 1 1 0 0 0 0 0 0 0 0
"148" 148 0.644230769231 499 1 0 0 0 0 0 0 0 0 0 0 0 0 0 0 0 0 0 0
"149" 149 0.163179916318 183 105 51 29 25 22 20 16 16 9 9 7 4 3 1 0 0 0 0 0
"150" 150 0.253164556962 246 97 29 26 26 20 16 13 6 4 4 4 3 2 2 1 1 0 0 0
"151" 151 0.333333333333 97 97 81 66 56 49 28 12 7 4 1 1 1 0 0 0 0 0 0 0
"152" 152 0.0542635658915 378 74 11 9 8 4 4 3 2 2 1 1 1 1 1 0 0 0 0 0
"153" 153 0.0 282 148 59 7 3 1 0 0 0 0 0 0 0 0 0 0 0 0 0 0
"154" 154 0.00574712643678 123 87 67 66 47 31 27 23 9 7 5 5 1 1 1 0 0 0 0 0
"155" 155 0.0298507462687 271 36 33 24 23 22 18 17 14 12 11 7 6 3 2 1 0 0 0 0
"156" 156 0.0 181 91 75 65 32 26 15 8 3 2 2 0 0 0 0 0 0 0 0 0
"157" 157 0.183035714286 85 84 76 54 41 34 26 25 19 18 15 7 4 3 3 2 2 2 0 0
"158" 158 0.0398009950249 147 72 66 44 38 28 19 16 14 13 11 9 8 6 4 2 2 1 0 0
"159" 159 0.156976744186 112 55 54 52 39 37 26 25 22 19 17 15 10 6 6 4 1 0 0 0
"160" 160 0.179487179487 136 84 68 38 27 25 24 21 18 13 9 9 8 8 5 4 3 0 0 0
"161" 161 0.80310880829 111 77 55 55 52 46 42 18 18 12 6 3 2 2 1 0 0 0 0 0
"162" 162 0.611398963731 93 81 76 74 54 53 21 21 11 9 3 3 1 0 0 0 0 0 0 0
"163" 163 0.519230769231 492 8 0 0 0 0 0 0 0 0 0 0 0 0 0 0 0 0 0 0
"164" 164 0.267441860465 107 90 60 55 43 36 31 20 17 11 10 7 5 4 3 1 0 0 0 0
"165" 165 0.344036697248 67 67 58 55 50 39 33 26 17 16 14 12 11 10 10 6 4 4 1 0
"166" 166 0.0077519379845 190 130 32 30 24 16 13 11 11 10 10 8 7 4 2 1 1 0 0 0
"167" 167 0.452554744526 115 77 73 64 35 32 31 22 21 13 8 4 2 2 1 0 0 0 0 0
"168" 168 0.271317829457 137 82 60 58 36 35 29 15 14 11 11 5 3 1 1 1 1 0 0 0
"169" 169 0.477987421384 210 88 69 37 23 20 19 16 6 5 4 3 0 0 0 0 0 0 0 0
"170" 170 0.254464285714 155 127 61 46 33 16 14 12 5 5 5 4 4 3 3 3 2 2 0 0
"171" 171 0.0 196 161 124 6 4 3 2 1 1 1 1 0 0 0 0 0 0 0 0 0
"172" 172 0.0507614213198 142 104 64 34 31 28 20 19 17 10 10 8 4 3 2 2 2 0 0 0
"173" 173 0.526785714286 137 136 73 40 23 19 19 13 13 13 6 3 2 2 1 0 0 0 0 0
"174" 174 0.0753138075314 84 66 65 52 43 38 29 29 23 19 16 10 9 7 4 3 3 0 0 0
"175" 175 0.0 394 78 22 5 1 0 0 0 0 0 0 0 0 0 0 0 0 0 0 0
"176" 176 0.471794871795 143 69 55 40 33 32 28 23 18 17 11 8 7 5 5 4 1 1 0 0
"177" 177 0.548523206751 185 90 89 40 22 15 13 11 8 8 5 4 4 3 2 1 0 0 0 0
"178" 178 0.296650717703 106 87 86 64 36 27 25 17 15 14 9 8 2 2 1 1 0 0 0 0
"179" 179 0.569230769231 380 74 38 4 2 1 1 0 0 0 0 0 0 0 0 0 0 0 0 0
"180" 180 0.0366972477064 90 83 64 42 37 33 25 25 23 20 15 13 11 11 5 2 1 0 0 0
"181" 181 0.062015503876 217 176 78 13 4 3 3 2 1 1 1 1 0 0 0 0 0 0 0 0
"182" 182 0.00497512437811 159 109 72 51 26 21 19 14 9 5 4 3 2 2 2 2 0 0 0 0
"183" 183 0.00574712643678 218 120 63 33 24 10 8 6 5 4 4 3 2 0 0 0 0 0 0 0
"184" 184 0.116279069767 169 95 70 55 54 27 13 10 4 1 1 1 0 0 0 0 0 0 0 0
"185" 185 0.0253807106599 189 66 53 51 46 37 24 17 5 3 2 2 2 1 1 1 0 0 0 0
"186" 186 0.700892857143 159 147 100 52 10 9 5 5 4 4 3 1 1 0 0 0 0 0 0 0
"187" 187 0.0362694300518 332 39 36 19 18 16 15 6 4 4 3 2 2 1 1 1 1 0 0 0
"188" 188 0.00995024875622 180 90 50 44 38 19 15 15 11 10 10 7 6 2 1 1 1 0 0 0
"189" 189 0.183908045977 97 86 71 54 41 21 21 21 16 15 14 13 9 9 7 4 1 0 0 0
"190" 190 0.286821705426 106 101 73 59 55 38 19 14 13 9 8 3 1 1 0 0 0 0 0 0
"191" 191 0.0798479087452 159 143 77 28 20 15 13 11 10 9 5 3 3 2 1 1 0 0 0 0
"192" 192 0.251824817518 122 59 56 47 36 33 30 27 27 13 12 9 7 6 5 5 4 2 0 0
"193" 193 0.600896860987 106 100 83 47 31 28 27 19 15 15 8 6 4 4 3 2 2 0 0 0
"194" 194 0.503875968992 171 80 59 35 32 24 24 20 17 11 11 5 4 3 1 1 1 1 0 0
"195" 195 0.684210526316 252 105 38 28 22 18 11 5 4 4 4 3 2 1 1 1 1 0 0 0
