"site" "RSA" "aa1" "aa2" "aa3" "aa4" "aa5" "aa6" "aa7" "aa8" "aa9" "aa10" "aa11" "aa12" "aa13" "aa14" "aa15" "aa16" "aa17" "aa18" "aa19" "aa20"
"0" 0 0.275229357798 306 113 73 4 3 1 0 0 0 0 0 0 0 0 0 0 0 0 0 0
"1" 1 0.723214285714 272 57 55 54 51 9 1 1 0 0 0 0 0 0 0 0 0 0 0 0
"2" 2 0.317948717949 177 91 74 59 31 30 19 10 6 1 1 1 0 0 0 0 0 0 0 0
"3" 3 0.0836820083682 461 21 8 4 4 1 1 0 0 0 0 0 0 0 0 0 0 0 0 0
"4" 4 0.390134529148 238 84 65 49 20 14 10 10 7 3 0 0 0 0 0 0 0 0 0 0
"5" 5 0.316455696203 240 208 34 9 4 3 2 0 0 0 0 0 0 0 0 0 0 0 0 0
"6" 6 0.402298850575 317 72 68 33 3 3 2 1 1 0 0 0 0 0 0 0 0 0 0 0
"7" 7 0.482142857143 296 81 70 32 9 6 6 0 0 0 0 0 0 0 0 0 0 0 0 0
"8" 8 0.514767932489 205 123 70 44 23 10 8 5 4 3 3 1 1 0 0 0 0 0 0 0
"9" 9 0.395939086294 338 95 50 5 5 4 2 1 0 0 0 0 0 0 0 0 0 0 0 0
"10" 10 0.240384615385 497 1 1 1 0 0 0 0 0 0 0 0 0 0 0 0 0 0 0 0
"11" 11 0.683035714286 253 48 42 38 33 25 21 15 8 7 4 2 2 2 0 0 0 0 0 0
"12" 12 0.336538461538 299 70 58 49 11 7 3 2 1 0 0 0 0 0 0 0 0 0 0 0
"13" 13 1.06976744186 213 207 35 12 11 7 5 2 2 2 2 1 1 0 0 0 0 0 0 0
"14" 14 0.269230769231 500 0 0 0 0 0 0 0 0 0 0 0 0 0 0 0 0 0 0 0
"15" 15 0.14367816092 181 92 67 67 23 22 16 14 9 4 3 1 1 0 0 0 0 0 0 0
"16" 16 0.183908045977 234 82 62 42 22 18 13 10 10 2 2 1 1 1 0 0 0 0 0 0
"17" 17 0.171102661597 265 145 89 1 0 0 0 0 0 0 0 0 0 0 0 0 0 0 0 0
"18" 18 0.240506329114 466 14 11 5 2 1 1 0 0 0 0 0 0 0 0 0 0 0 0 0
"19" 19 0.0 327 126 27 18 1 1 0 0 0 0 0 0 0 0 0 0 0 0 0 0
"20" 20 0.357664233577 227 101 57 51 40 13 6 4 1 0 0 0 0 0 0 0 0 0 0 0
"21" 21 0.0923076923077 212 121 67 34 18 18 17 5 4 2 2 0 0 0 0 0 0 0 0 0
"22" 22 0.455696202532 267 63 39 29 29 28 18 18 5 3 1 0 0 0 0 0 0 0 0 0
"23" 23 0.696517412935 145 142 98 25 20 15 13 11 10 7 7 2 2 2 1 0 0 0 0 0
"24" 24 0.563953488372 112 78 73 71 53 47 26 13 10 7 6 2 1 1 0 0 0 0 0 0
"25" 25 0.432692307692 497 2 1 0 0 0 0 0 0 0 0 0 0 0 0 0 0 0 0 0
"26" 26 0.379464285714 198 106 49 44 37 21 13 11 7 5 4 3 2 0 0 0 0 0 0 0
"27" 27 0.350574712644 185 110 62 58 40 32 8 2 1 1 1 0 0 0 0 0 0 0 0 0
"28" 28 0.0 307 98 34 22 12 10 7 6 2 1 1 0 0 0 0 0 0 0 0 0
"29" 29 0.124031007752 201 128 56 55 17 15 14 5 5 2 1 1 0 0 0 0 0 0 0 0
"30" 30 0.0 155 117 111 55 51 5 3 2 1 0 0 0 0 0 0 0 0 0 0 0
"31" 31 0.177215189873 206 70 61 48 47 19 16 10 6 5 5 4 2 1 0 0 0 0 0 0
"32" 32 0.0759493670886 154 118 78 35 23 21 16 15 15 13 7 2 1 1 1 0 0 0 0 0
"33" 33 0.10152284264 201 100 92 32 22 20 17 5 5 2 1 1 1 1 0 0 0 0 0 0
"34" 34 0.489051094891 195 52 45 42 41 25 19 15 15 14 11 9 6 5 4 2 0 0 0 0
"35" 35 0.139303482587 267 109 70 22 17 7 3 3 2 0 0 0 0 0 0 0 0 0 0 0
"36" 36 0.378238341969 174 118 44 39 37 24 15 13 10 9 8 7 1 1 0 0 0 0 0 0
"37" 37 0.343023255814 117 93 68 61 43 28 24 19 18 15 5 4 3 1 1 0 0 0 0 0
"38" 38 0.723214285714 107 89 84 70 67 39 18 9 5 3 3 3 2 1 0 0 0 0 0 0
"39" 39 0.593023255814 158 141 37 35 30 23 16 14 9 9 9 8 6 5 0 0 0 0 0 0
"40" 40 0.709821428571 172 74 71 49 41 30 25 9 8 6 6 4 3 1 1 0 0 0 0 0
"41" 41 0.288461538462 500 0 0 0 0 0 0 0 0 0 0 0 0 0 0 0 0 0 0 0
"42" 42 0.362068965517 261 54 34 34 25 25 18 11 9 8 7 7 4 1 1 1 0 0 0 0
"43" 43 0.207547169811 161 107 107 45 22 17 14 13 7 4 2 1 0 0 0 0 0 0 0 0
"44" 44 0.569536423841 172 150 55 52 46 9 9 4 1 1 1 0 0 0 0 0 0 0 0 0
"45" 45 0.348837209302 152 110 71 48 42 30 16 10 7 6 3 2 1 1 1 0 0 0 0 0
"46" 46 0.0 121 102 56 51 40 26 21 18 17 11 11 9 8 3 2 2 1 1 0 0
"47" 47 0.482233502538 193 102 87 73 18 13 9 3 2 0 0 0 0 0 0 0 0 0 0 0
"48" 48 0.29197080292 184 158 56 32 32 29 5 2 1 1 0 0 0 0 0 0 0 0 0 0
"49" 49 0.0267857142857 248 71 67 43 35 10 9 7 4 3 2 1 0 0 0 0 0 0 0 0
"50" 50 0.121827411168 113 112 97 96 23 16 11 11 6 5 3 3 2 1 1 0 0 0 0 0
"51" 51 0.403973509934 123 121 86 64 30 27 24 10 7 4 2 2 0 0 0 0 0 0 0 0
"52" 52 0.0597014925373 224 94 72 60 27 15 3 2 1 1 1 0 0 0 0 0 0 0 0 0
"53" 53 0.0398009950249 173 141 108 27 14 12 8 6 4 3 2 2 0 0 0 0 0 0 0 0
"54" 54 0.632911392405 205 88 67 51 36 18 12 7 7 4 3 1 1 0 0 0 0 0 0 0
"55" 55 0.424107142857 181 65 61 53 48 42 34 11 3 1 1 0 0 0 0 0 0 0 0 0
"56" 56 0.0199004975124 489 4 3 3 1 0 0 0 0 0 0 0 0 0 0 0 0 0 0 0
"57" 57 0.594871794872 246 71 61 43 27 24 9 8 5 5 1 0 0 0 0 0 0 0 0 0
"58" 58 0.177033492823 406 47 24 16 3 2 1 1 0 0 0 0 0 0 0 0 0 0 0 0
"59" 59 0.566037735849 205 158 87 33 14 2 1 0 0 0 0 0 0 0 0 0 0 0 0 0
"60" 60 0.0564102564103 239 84 82 79 7 4 3 1 1 0 0 0 0 0 0 0 0 0 0 0
"61" 61 0.010152284264 479 16 4 1 0 0 0 0 0 0 0 0 0 0 0 0 0 0 0 0
"62" 62 0.0287356321839 176 88 69 53 28 26 21 18 8 5 4 2 2 0 0 0 0 0 0 0
"63" 63 0.430379746835 161 133 54 53 37 19 18 9 5 4 4 2 1 0 0 0 0 0 0 0
"64" 64 0.124378109453 377 107 6 5 2 2 1 0 0 0 0 0 0 0 0 0 0 0 0 0
"65" 65 0.268656716418 404 21 17 16 15 11 4 3 2 2 2 1 1 1 0 0 0 0 0 0
"66" 66 0.461139896373 269 135 60 22 5 4 3 1 1 0 0 0 0 0 0 0 0 0 0 0
"67" 67 0.155172413793 298 122 28 18 12 7 6 4 2 2 1 0 0 0 0 0 0 0 0 0
"68" 68 0.147208121827 447 16 10 9 9 3 3 2 1 0 0 0 0 0 0 0 0 0 0 0
"69" 69 0.66985645933 142 105 92 87 20 18 12 10 8 3 2 1 0 0 0 0 0 0 0 0
"70" 70 0.348837209302 400 49 15 10 8 8 4 3 2 1 0 0 0 0 0 0 0 0 0 0
"71" 71 0.723214285714 117 117 103 43 40 34 30 6 6 2 1 1 0 0 0 0 0 0 0 0
"72" 72 0.4 304 42 35 33 25 14 12 9 7 5 5 4 2 1 1 1 0 0 0 0
"73" 73 0.257383966245 265 69 54 40 26 20 8 8 6 2 1 1 0 0 0 0 0 0 0 0
"74" 74 0.0298507462687 252 91 41 37 17 10 10 8 8 6 5 5 3 2 2 2 1 0 0 0
"75" 75 0.0836501901141 308 58 51 43 27 6 3 3 1 0 0 0 0 0 0 0 0 0 0 0
"76" 76 0.0 201 133 125 12 9 4 4 4 3 2 1 1 1 0 0 0 0 0 0 0
"77" 77 0.0172413793103 293 157 18 12 10 4 3 2 1 0 0 0 0 0 0 0 0 0 0 0
"78" 78 0.0836820083682 233 108 84 40 12 10 7 3 2 1 0 0 0 0 0 0 0 0 0 0
"79" 79 0.174107142857 189 159 60 35 16 8 7 7 7 4 4 2 1 1 0 0 0 0 0 0
"80" 80 0.163179916318 313 167 20 0 0 0 0 0 0 0 0 0 0 0 0 0 0 0 0 0
"81" 81 0.0497512437811 300 138 26 23 6 2 2 1 1 1 0 0 0 0 0 0 0 0 0 0
"82" 82 0.377990430622 204 137 46 36 29 19 7 6 6 4 3 1 1 1 0 0 0 0 0 0
"83" 83 0.125560538117 145 133 64 40 31 28 23 16 7 7 3 2 1 0 0 0 0 0 0 0
"84" 84 0.217616580311 246 101 39 36 34 12 8 8 5 5 2 2 1 1 0 0 0 0 0 0
"85" 85 0.0 357 57 23 17 10 10 9 5 3 3 2 1 1 1 1 0 0 0 0 0
"86" 86 0.232067510549 144 128 97 40 37 24 11 6 4 4 4 1 0 0 0 0 0 0 0 0
"87" 87 0.485232067511 137 112 87 52 38 21 15 12 10 8 6 1 1 0 0 0 0 0 0 0
"88" 88 0.0334728033473 240 68 55 37 32 31 16 6 4 3 2 2 2 1 1 0 0 0 0 0
"89" 89 0.0321100917431 179 168 46 31 24 11 10 8 6 5 3 3 2 2 1 1 0 0 0 0
"90" 90 0.492227979275 100 98 90 77 42 40 24 6 6 5 5 4 3 0 0 0 0 0 0 0
"91" 91 0.612403100775 97 53 52 52 42 40 34 31 29 26 21 8 8 3 2 2 0 0 0 0
"92" 92 0.0927152317881 129 69 58 54 41 40 37 20 16 13 8 6 4 3 2 0 0 0 0 0
"93" 93 0.527131782946 103 85 83 74 70 44 11 8 7 6 5 2 1 1 0 0 0 0 0 0
"94" 94 0.880597014925 161 129 92 34 23 20 16 15 4 4 1 1 0 0 0 0 0 0 0 0
"95" 95 0.761627906977 163 111 55 49 43 17 14 14 11 9 6 6 1 1 0 0 0 0 0 0
"96" 96 0.173076923077 500 0 0 0 0 0 0 0 0 0 0 0 0 0 0 0 0 0 0 0
"97" 97 0.0710659898477 209 93 61 40 26 20 19 13 9 8 2 0 0 0 0 0 0 0 0 0
"98" 98 0.51572327044 272 130 38 31 19 5 3 1 1 0 0 0 0 0 0 0 0 0 0 0
"99" 99 0.283582089552 143 110 81 52 34 19 18 16 9 7 5 3 2 1 0 0 0 0 0 0
"100" 100 0.396226415094 164 157 124 13 11 11 7 6 3 3 1 0 0 0 0 0 0 0 0 0
"101" 101 0.0199004975124 378 39 26 22 12 7 7 3 2 2 1 1 0 0 0 0 0 0 0 0
"102" 102 0.0304568527919 476 8 7 5 3 1 0 0 0 0 0 0 0 0 0 0 0 0 0 0
"103" 103 0.0632911392405 305 63 40 26 25 18 10 6 3 2 1 1 0 0 0 0 0 0 0 0
"104" 104 0.0132450331126 429 38 19 7 3 1 1 1 1 0 0 0 0 0 0 0 0 0 0 0
"105" 105 0.0 303 72 50 19 16 15 4 4 4 4 3 2 2 1 1 0 0 0 0 0
"106" 106 0.0 214 81 58 40 28 26 21 19 6 3 2 2 0 0 0 0 0 0 0 0
"107" 107 0.209205020921 239 182 49 9 6 6 3 3 1 1 1 0 0 0 0 0 0 0 0 0
"108" 108 0.0582959641256 188 178 31 28 28 11 10 9 6 6 4 1 0 0 0 0 0 0 0 0
"109" 109 0.0 374 91 11 9 7 4 1 1 1 1 0 0 0 0 0 0 0 0 0 0
"110" 110 0.0 346 57 55 17 9 6 3 3 2 1 1 0 0 0 0 0 0 0 0 0
"111" 111 0.282511210762 240 120 48 33 17 13 11 7 5 4 2 0 0 0 0 0 0 0 0 0
"112" 112 0.0 327 166 7 0 0 0 0 0 0 0 0 0 0 0 0 0 0 0 0 0
"113" 113 0.0 130 106 65 64 64 20 17 10 9 9 4 2 0 0 0 0 0 0 0 0
"114" 114 0.116279069767 313 123 16 14 13 10 7 2 1 1 0 0 0 0 0 0 0 0 0 0
"115" 115 0.209205020921 289 142 55 11 2 1 0 0 0 0 0 0 0 0 0 0 0 0 0 0
"116" 116 0.0 360 59 26 24 17 8 3 2 1 0 0 0 0 0 0 0 0 0 0 0
"117" 117 0.124401913876 357 50 32 16 14 7 6 5 3 3 3 2 1 1 0 0 0 0 0 0
"118" 118 0.576158940397 161 155 70 30 21 20 18 12 7 3 1 1 1 0 0 0 0 0 0 0
"119" 119 0.320574162679 190 121 83 80 11 10 2 1 1 1 0 0 0 0 0 0 0 0 0 0
"120" 120 0.35401459854 201 151 80 30 17 7 6 4 2 1 1 0 0 0 0 0 0 0 0 0
"121" 121 0.0 293 87 56 34 23 5 1 1 0 0 0 0 0 0 0 0 0 0 0 0
"122" 122 0.0 286 37 35 29 25 24 23 22 8 5 2 2 1 1 0 0 0 0 0 0
"123" 123 0.0 500 0 0 0 0 0 0 0 0 0 0 0 0 0 0 0 0 0 0 0
"124" 124 0.0583941605839 361 62 46 11 10 3 2 2 2 1 0 0 0 0 0 0 0 0 0 0
"125" 125 0.0880829015544 210 205 57 11 7 6 2 1 1 0 0 0 0 0 0 0 0 0 0 0
"126" 126 0.0 137 113 80 55 54 31 10 7 4 4 2 1 1 1 0 0 0 0 0 0
"127" 127 0.172995780591 254 71 62 56 27 12 11 4 2 1 0 0 0 0 0 0 0 0 0 0
"128" 128 0.0 231 173 26 24 22 13 5 4 2 0 0 0 0 0 0 0 0 0 0 0
"129" 129 0.309417040359 184 171 67 59 11 3 2 1 1 1 0 0 0 0 0 0 0 0 0 0
"130" 130 0.0717948717949 207 111 63 58 45 13 2 1 0 0 0 0 0 0 0 0 0 0 0 0
"131" 131 0.0 273 182 11 10 9 6 4 2 1 1 1 0 0 0 0 0 0 0 0 0
"132" 132 0.199004975124 159 99 98 55 36 22 15 7 4 2 1 1 1 0 0 0 0 0 0 0
"133" 133 0.0 290 70 67 40 13 6 4 4 3 2 1 0 0 0 0 0 0 0 0 0
"134" 134 0.138461538462 469 28 2 1 0 0 0 0 0 0 0 0 0 0 0 0 0 0 0 0
"135" 135 0.383720930233 135 123 88 78 35 17 6 5 4 3 3 2 1 0 0 0 0 0 0 0
"136" 136 0.571428571429 248 72 70 27 22 21 16 11 8 5 0 0 0 0 0 0 0 0 0 0
"137" 137 0.0 500 0 0 0 0 0 0 0 0 0 0 0 0 0 0 0 0 0 0 0
"138" 138 0.0697674418605 240 116 68 51 12 5 3 2 2 1 0 0 0 0 0 0 0 0 0 0
"139" 139 0.0 358 82 41 13 4 1 1 0 0 0 0 0 0 0 0 0 0 0 0 0
"140" 140 0.10970464135 390 46 22 21 8 6 4 1 1 1 0 0 0 0 0 0 0 0 0 0
"141" 141 0.0 223 148 62 21 11 9 6 6 6 4 2 1 1 0 0 0 0 0 0 0
"142" 142 0.0697674418605 317 137 32 14 0 0 0 0 0 0 0 0 0 0 0 0 0 0 0 0
"143" 143 0.305699481865 217 194 51 21 11 2 2 2 0 0 0 0 0 0 0 0 0 0 0 0
"144" 144 0.00418410041841 458 26 15 1 0 0 0 0 0 0 0 0 0 0 0 0 0 0 0 0
"145" 145 0.105769230769 144 110 69 60 44 24 19 8 8 7 5 2 0 0 0 0 0 0 0 0
"146" 146 0.268656716418 179 90 55 51 38 23 21 19 13 9 2 0 0 0 0 0 0 0 0 0
"147" 147 0.0 313 186 1 0 0 0 0 0 0 0 0 0 0 0 0 0 0 0 0 0
"148" 148 0.197080291971 308 43 40 36 31 22 6 4 4 3 1 1 1 0 0 0 0 0 0 0
"149" 149 0.325581395349 101 83 79 62 58 46 19 12 10 7 7 6 4 3 3 0 0 0 0 0
"150" 150 0.125523012552 84 78 77 69 63 28 23 21 21 8 7 6 5 4 3 2 1 0 0 0
"151" 151 0.269230769231 278 142 26 26 8 6 5 5 2 1 1 0 0 0 0 0 0 0 0 0
"152" 152 0.804597701149 245 93 78 30 28 19 3 2 1 1 0 0 0 0 0 0 0 0 0 0
"153" 153 0.748427672956 189 165 115 25 6 0 0 0 0 0 0 0 0 0 0 0 0 0 0 0
"154" 154 0.16091954023 161 117 105 22 18 14 13 13 12 10 10 2 1 1 1 0 0 0 0 0
"155" 155 0.558394160584 400 35 23 17 6 6 6 3 2 1 1 0 0 0 0 0 0 0 0 0
"156" 156 0.523255813953 224 88 38 36 25 25 21 17 10 8 7 1 0 0 0 0 0 0 0 0
"157" 157 0.110266159696 303 183 5 3 2 2 1 1 0 0 0 0 0 0 0 0 0 0 0 0
"158" 158 0.832535885167 157 107 70 47 32 27 22 19 12 4 3 0 0 0 0 0 0 0 0 0
"159" 159 0.790178571429 456 20 20 2 1 1 0 0 0 0 0 0 0 0 0 0 0 0 0 0
"160" 160 0.0804597701149 203 123 63 49 23 15 11 7 4 1 1 0 0 0 0 0 0 0 0 0
"161" 161 0.0114942528736 120 106 72 58 50 49 17 12 11 3 1 1 0 0 0 0 0 0 0 0
"162" 162 0.273255813953 169 121 70 58 44 14 13 5 5 1 0 0 0 0 0 0 0 0 0 0
"163" 163 0.164179104478 378 114 3 2 2 1 0 0 0 0 0 0 0 0 0 0 0 0 0 0
"164" 164 0.351063829787 229 79 72 60 25 17 5 5 4 3 1 0 0 0 0 0 0 0 0 0
"165" 165 0.0152091254753 235 147 91 15 5 3 2 1 1 0 0 0 0 0 0 0 0 0 0 0
"166" 166 0.142335766423 497 3 0 0 0 0 0 0 0 0 0 0 0 0 0 0 0 0 0 0
"167" 167 0.0077519379845 302 116 26 22 14 12 6 1 1 0 0 0 0 0 0 0 0 0 0 0
"168" 168 0.0 105 92 62 42 42 41 38 27 23 17 10 1 0 0 0 0 0 0 0 0
"169" 169 0.0223214285714 422 36 18 12 4 2 2 1 1 1 1 0 0 0 0 0 0 0 0 0
"170" 170 0.0761421319797 144 105 88 42 41 38 14 12 8 5 3 0 0 0 0 0 0 0 0 0
"171" 171 0.0199004975124 388 101 3 3 3 2 0 0 0 0 0 0 0 0 0 0 0 0 0 0
"172" 172 0.0 308 65 25 16 15 14 14 13 11 9 4 3 2 1 0 0 0 0 0 0
"173" 173 0.259615384615 330 56 49 43 11 4 3 2 1 1 0 0 0 0 0 0 0 0 0 0
"174" 174 0.113924050633 274 148 54 19 3 1 1 0 0 0 0 0 0 0 0 0 0 0 0 0
"175" 175 0.455696202532 131 94 62 44 40 39 32 32 22 2 1 1 0 0 0 0 0 0 0 0
"176" 176 0.539923954373 303 111 34 11 11 10 7 6 2 1 1 1 1 1 0 0 0 0 0 0
"177" 177 0.0304182509506 308 70 60 42 7 6 3 2 1 1 0 0 0 0 0 0 0 0 0 0
"178" 178 0.23178807947 216 185 57 42 0 0 0 0 0 0 0 0 0 0 0 0 0 0 0 0
"179" 179 0.267441860465 147 91 76 62 45 43 11 7 6 5 4 2 1 0 0 0 0 0 0 0
"180" 180 0.0852713178295 345 53 38 35 13 7 5 2 1 1 0 0 0 0 0 0 0 0 0 0
"181" 181 0.0 243 86 75 65 13 6 6 4 1 1 0 0 0 0 0 0 0 0 0 0
"182" 182 0.0 500 0 0 0 0 0 0 0 0 0 0 0 0 0 0 0 0 0 0 0
"183" 183 0.010152284264 169 94 67 45 44 22 21 20 17 1 0 0 0 0 0 0 0 0 0 0
"184" 184 0.0 265 141 64 19 5 3 2 1 0 0 0 0 0 0 0 0 0 0 0 0
"185" 185 0.0 324 113 48 8 5 2 0 0 0 0 0 0 0 0 0 0 0 0 0 0
"186" 186 0.00497512437811 298 129 20 11 9 8 8 7 4 2 2 1 1 0 0 0 0 0 0 0
"187" 187 0.0 475 23 2 0 0 0 0 0 0 0 0 0 0 0 0 0 0 0 0 0
"188" 188 0.00632911392405 307 106 40 27 13 2 2 1 1 1 0 0 0 0 0 0 0 0 0 0
"189" 189 0.0 261 85 69 41 14 11 6 4 4 2 2 1 0 0 0 0 0 0 0 0
"190" 190 0.0 223 161 18 18 17 16 15 12 8 7 4 1 0 0 0 0 0 0 0 0
"191" 191 0.0 212 135 61 24 19 19 6 6 6 5 3 3 1 0 0 0 0 0 0 0
"192" 192 0.0178571428571 189 156 58 26 16 15 11 9 8 6 5 1 0 0 0 0 0 0 0 0
"193" 193 0.0 328 58 40 17 17 16 7 6 3 2 2 2 2 0 0 0 0 0 0 0
"194" 194 0.0689655172414 107 89 79 67 42 37 20 20 17 5 4 3 3 3 2 2 0 0 0 0
"195" 195 0.191860465116 269 70 48 47 27 22 12 3 2 0 0 0 0 0 0 0 0 0 0 0
"196" 196 0.299270072993 207 124 121 13 10 9 9 4 2 1 0 0 0 0 0 0 0 0 0 0
"197" 197 0.631386861314 189 140 107 23 22 7 6 3 2 1 0 0 0 0 0 0 0 0 0 0
"198" 198 0.15503875969 215 72 62 43 28 26 16 13 6 5 4 4 2 1 1 1 1 0 0 0
"199" 199 0.144278606965 382 35 34 19 11 5 5 2 2 2 1 1 1 0 0 0 0 0 0 0
"200" 200 0.00836820083682 404 64 5 5 4 3 3 3 2 2 2 1 1 1 0 0 0 0 0 0
"201" 201 0.245283018868 469 20 7 2 1 1 0 0 0 0 0 0 0 0 0 0 0 0 0 0
"202" 202 0.0384615384615 500 0 0 0 0 0 0 0 0 0 0 0 0 0 0 0 0 0 0 0
"203" 203 0.683937823834 183 99 90 48 35 12 12 11 7 2 1 0 0 0 0 0 0 0 0 0
"204" 204 0.337748344371 398 50 40 9 2 1 0 0 0 0 0 0 0 0 0 0 0 0 0 0
"205" 205 0.495535714286 401 34 33 17 5 4 3 3 0 0 0 0 0 0 0 0 0 0 0 0
"206" 206 0.324873096447 345 101 15 9 9 6 5 4 3 1 1 1 0 0 0 0 0 0 0 0
"207" 207 0.124352331606 226 85 53 40 23 23 16 14 12 3 3 1 1 0 0 0 0 0 0 0
"208" 208 0.0 267 77 75 33 26 12 7 2 1 0 0 0 0 0 0 0 0 0 0 0
"209" 209 0.0348258706468 320 133 23 10 8 3 2 1 0 0 0 0 0 0 0 0 0 0 0 0
"210" 210 0.200836820084 358 76 44 10 5 2 2 2 1 0 0 0 0 0 0 0 0 0 0 0
"211" 211 0.277372262774 250 169 32 15 13 12 4 2 1 1 1 0 0 0 0 0 0 0 0 0
"212" 212 0.0 271 154 25 19 5 5 4 4 4 3 3 1 1 1 0 0 0 0 0 0
"213" 213 0.00418410041841 292 114 55 32 3 2 1 1 0 0 0 0 0 0 0 0 0 0 0 0
"214" 214 0.383211678832 281 140 37 30 8 4 0 0 0 0 0 0 0 0 0 0 0 0 0 0
"215" 215 0.104651162791 367 32 23 19 9 9 8 7 6 5 5 4 2 2 1 1 0 0 0 0
"216" 216 0.0298507462687 359 105 9 8 4 4 4 4 2 1 0 0 0 0 0 0 0 0 0 0
"217" 217 0.0576923076923 500 0 0 0 0 0 0 0 0 0 0 0 0 0 0 0 0 0 0 0
"218" 218 0.156976744186 120 116 105 78 60 17 3 1 0 0 0 0 0 0 0 0 0 0 0 0
"219" 219 0.0377358490566 190 183 90 10 6 6 5 3 3 2 1 1 0 0 0 0 0 0 0 0
"220" 220 0.424870466321 419 37 32 8 2 1 1 0 0 0 0 0 0 0 0 0 0 0 0 0
"221" 221 0.34375 306 91 30 23 17 12 8 5 4 3 1 0 0 0 0 0 0 0 0 0
"222" 222 0.770114942529 249 120 54 48 20 8 1 0 0 0 0 0 0 0 0 0 0 0 0 0
"223" 223 0.350574712644 193 116 101 48 9 9 8 5 5 4 1 1 0 0 0 0 0 0 0 0
"224" 224 0.0390070921986 232 210 39 12 5 1 1 0 0 0 0 0 0 0 0 0 0 0 0 0
"225" 225 0.522012578616 337 98 24 21 13 4 3 0 0 0 0 0 0 0 0 0 0 0 0 0
"226" 226 0.317307692308 500 0 0 0 0 0 0 0 0 0 0 0 0 0 0 0 0 0 0 0
"227" 227 0.0 222 105 40 36 28 15 15 14 6 6 4 3 2 2 1 1 0 0 0 0
"228" 228 0.354651162791 225 118 48 26 23 13 13 7 7 7 5 4 2 1 1 0 0 0 0 0
"229" 229 0.675496688742 302 88 54 38 9 5 2 1 1 0 0 0 0 0 0 0 0 0 0 0
"230" 230 0.0871559633028 313 78 32 31 13 7 7 6 5 5 2 1 0 0 0 0 0 0 0 0
"231" 231 0.509433962264 299 132 48 7 4 3 3 2 1 1 0 0 0 0 0 0 0 0 0 0
"232" 232 0.466321243523 166 84 55 46 41 36 20 17 15 9 5 4 1 1 0 0 0 0 0 0
"233" 233 0.155893536122 189 174 62 62 10 2 1 0 0 0 0 0 0 0 0 0 0 0 0 0
"234" 234 0.426160337553 212 124 70 41 17 11 9 6 4 3 1 1 1 0 0 0 0 0 0 0
"235" 235 0.654088050314 191 92 85 41 24 23 13 13 6 3 3 3 2 1 0 0 0 0 0 0
"236" 236 0.668874172185 156 134 101 80 12 12 4 1 0 0 0 0 0 0 0 0 0 0 0 0
"237" 237 0.0376569037657 137 109 107 49 32 22 11 9 7 6 5 3 1 1 1 0 0 0 0 0
"238" 238 0.345911949686 175 129 90 33 26 23 13 7 3 1 0 0 0 0 0 0 0 0 0 0
"239" 239 0.763713080169 366 62 26 21 12 6 2 2 1 1 1 0 0 0 0 0 0 0 0 0
"240" 240 0.27304964539 354 85 55 2 2 1 1 0 0 0 0 0 0 0 0 0 0 0 0 0
"241" 241 0.713178294574 319 115 48 7 7 2 1 1 0 0 0 0 0 0 0 0 0 0 0 0
"242" 242 0.416058394161 221 100 50 45 31 24 11 10 4 3 1 0 0 0 0 0 0 0 0 0
"243" 243 0.367713004484 253 102 79 21 20 10 4 4 2 2 1 1 1 0 0 0 0 0 0 0
"244" 244 0.528497409326 167 160 79 18 17 17 16 12 11 3 0 0 0 0 0 0 0 0 0 0
"245" 245 0.0753138075314 166 116 93 64 22 17 4 4 3 3 3 2 1 1 1 0 0 0 0 0
"246" 246 0.291390728477 196 121 63 35 33 17 14 11 6 4 0 0 0 0 0 0 0 0 0 0
"247" 247 0.590717299578 196 127 50 40 38 19 15 11 3 1 0 0 0 0 0 0 0 0 0 0
"248" 248 0.0689655172414 225 175 29 15 12 12 7 7 6 4 3 1 1 1 1 1 0 0 0 0
"249" 249 0.00574712643678 117 102 90 61 52 47 17 9 2 1 1 1 0 0 0 0 0 0 0 0
"250" 250 0.509433962264 191 133 107 51 17 1 0 0 0 0 0 0 0 0 0 0 0 0 0 0
"251" 251 0.59748427673 160 144 125 57 7 4 1 1 1 0 0 0 0 0 0 0 0 0 0 0
"252" 252 0.0298507462687 142 119 98 89 23 19 6 3 1 0 0 0 0 0 0 0 0 0 0 0
"253" 253 0.316062176166 385 100 6 5 2 2 0 0 0 0 0 0 0 0 0 0 0 0 0 0
"254" 254 0.647321428571 140 135 118 52 16 16 9 6 6 2 0 0 0 0 0 0 0 0 0 0
"255" 255 0.238341968912 157 156 54 50 25 16 15 11 8 5 3 0 0 0 0 0 0 0 0 0
"256" 256 0.0 102 99 80 64 50 25 20 19 14 10 9 3 1 1 1 1 1 0 0 0
"257" 257 0.284671532847 144 140 68 50 42 23 16 14 2 1 0 0 0 0 0 0 0 0 0 0
"258" 258 0.304635761589 144 117 85 62 33 32 8 7 5 3 2 1 1 0 0 0 0 0 0 0
"259" 259 0.0 261 116 82 10 10 6 5 4 4 1 1 0 0 0 0 0 0 0 0 0
"260" 260 0.00497512437811 268 124 31 20 14 10 10 9 8 4 2 0 0 0 0 0 0 0 0 0
"261" 261 0.264900662252 246 114 48 26 25 20 8 4 4 2 1 1 1 0 0 0 0 0 0 0
"262" 262 0.318385650224 179 97 79 59 43 16 10 8 3 3 1 1 1 0 0 0 0 0 0 0
"263" 263 0.0 262 94 56 30 16 15 8 6 6 2 2 1 1 1 0 0 0 0 0 0
"264" 264 0.0248756218905 237 216 17 11 6 5 4 2 1 1 0 0 0 0 0 0 0 0 0 0
"265" 265 0.282296650718 416 72 5 2 2 1 1 1 0 0 0 0 0 0 0 0 0 0 0 0
"266" 266 0.0304182509506 234 123 68 24 17 14 9 5 3 2 1 0 0 0 0 0 0 0 0 0
"267" 267 0.0984455958549 182 155 101 30 13 12 4 1 1 1 0 0 0 0 0 0 0 0 0 0
"268" 268 0.194968553459 199 142 61 40 11 11 9 8 7 6 3 2 1 0 0 0 0 0 0 0
"269" 269 0.723076923077 185 174 55 46 19 13 6 2 0 0 0 0 0 0 0 0 0 0 0 0
"270" 270 0.616033755274 211 123 104 29 21 5 4 2 1 0 0 0 0 0 0 0 0 0 0 0
"271" 271 0.0510948905109 350 65 51 12 8 8 5 1 0 0 0 0 0 0 0 0 0 0 0 0
"272" 272 0.10152284264 166 140 94 57 17 12 12 1 1 0 0 0 0 0 0 0 0 0 0 0
"273" 273 0.364238410596 353 60 42 18 15 3 3 3 1 1 1 0 0 0 0 0 0 0 0 0
"274" 274 0.0077519379845 285 107 102 6 0 0 0 0 0 0 0 0 0 0 0 0 0 0 0 0
"275" 275 0.675105485232 394 42 19 18 9 9 2 2 2 1 1 1 0 0 0 0 0 0 0 0
"276" 276 0.348837209302 205 128 76 36 25 13 7 4 4 1 1 0 0 0 0 0 0 0 0 0
"277" 277 0.0 389 75 10 9 7 5 2 1 1 1 0 0 0 0 0 0 0 0 0 0
"278" 278 0.233830845771 490 5 2 1 1 1 0 0 0 0 0 0 0 0 0 0 0 0 0 0
"279" 279 0.697674418605 340 63 57 19 9 6 2 2 1 1 0 0 0 0 0 0 0 0 0 0
"280" 280 0.0813397129187 499 1 0 0 0 0 0 0 0 0 0 0 0 0 0 0 0 0 0 0
"281" 281 0.415094339623 160 155 91 36 14 13 13 12 3 2 1 0 0 0 0 0 0 0 0 0
"282" 282 0.0 158 65 61 58 50 46 26 13 10 8 2 1 1 1 0 0 0 0 0 0
"283" 283 0.0418410041841 349 135 16 0 0 0 0 0 0 0 0 0 0 0 0 0 0 0 0 0
"284" 284 0.677130044843 330 47 31 24 15 15 12 9 6 5 2 2 2 0 0 0 0 0 0 0
"285" 285 0.518134715026 192 89 63 51 50 22 22 5 4 1 1 0 0 0 0 0 0 0 0 0
"286" 286 0.229885057471 195 180 81 18 13 3 3 3 3 1 0 0 0 0 0 0 0 0 0 0
"287" 287 0.517441860465 410 55 13 6 4 3 3 2 2 1 1 0 0 0 0 0 0 0 0 0
"288" 288 0.489451476793 176 144 81 55 14 8 6 6 3 2 2 2 1 0 0 0 0 0 0 0
"289" 289 0.22641509434 251 85 52 32 28 27 10 5 3 2 2 1 1 1 0 0 0 0 0 0
"290" 290 0.563218390805 208 150 38 34 28 16 11 5 4 2 2 1 1 0 0 0 0 0 0 0
"291" 291 0.0377358490566 336 58 38 30 16 5 4 3 2 2 2 1 1 1 1 0 0 0 0 0
"292" 292 0.88995215311 369 43 29 21 12 11 8 3 2 1 1 0 0 0 0 0 0 0 0 0
"293" 293 0.497512437811 301 53 41 41 15 14 10 7 6 5 3 2 1 1 0 0 0 0 0 0
