"site" "RSA" "aa1" "aa2" "aa3" "aa4" "aa5" "aa6" "aa7" "aa8" "aa9" "aa10" "aa11" "aa12" "aa13" "aa14" "aa15" "aa16" "aa17" "aa18" "aa19" "aa20"
"0" 0 0.766423357664 186 106 83 52 33 16 7 6 6 3 1 1 0 0 0 0 0 0 0 0
"1" 1 0.426395939086 291 94 54 19 15 14 5 5 2 1 0 0 0 0 0 0 0 0 0 0
"2" 2 0.197674418605 344 66 35 25 10 7 5 5 1 1 1 0 0 0 0 0 0 0 0 0
"3" 3 0.497512437811 188 88 68 67 59 16 6 4 3 1 0 0 0 0 0 0 0 0 0 0
"4" 4 0.155172413793 106 92 83 63 28 25 23 20 16 10 9 7 7 6 3 2 0 0 0 0
"5" 5 0.663212435233 319 105 37 15 11 7 3 2 1 0 0 0 0 0 0 0 0 0 0 0
"6" 6 0.387559808612 443 16 14 14 4 4 3 1 1 0 0 0 0 0 0 0 0 0 0 0
"7" 7 0.584905660377 183 159 83 44 27 2 1 1 0 0 0 0 0 0 0 0 0 0 0 0
"8" 8 0.422885572139 303 56 50 44 26 12 8 1 0 0 0 0 0 0 0 0 0 0 0 0
"9" 9 0.0172413793103 168 72 71 70 37 30 21 14 8 5 1 1 1 1 0 0 0 0 0 0
"10" 10 0.511210762332 158 84 56 48 47 36 27 15 11 10 7 1 0 0 0 0 0 0 0 0
"11" 11 0.516746411483 225 157 40 28 26 8 7 6 2 1 0 0 0 0 0 0 0 0 0 0
"12" 12 0.160337552743 217 136 37 37 33 24 7 6 2 1 0 0 0 0 0 0 0 0 0 0
"13" 13 0.0547263681592 323 90 22 15 13 12 11 4 3 3 3 1 0 0 0 0 0 0 0 0
"14" 14 0.449612403101 228 75 72 35 28 20 12 11 8 7 4 0 0 0 0 0 0 0 0 0
"15" 15 0.377990430622 224 206 17 15 14 14 9 1 0 0 0 0 0 0 0 0 0 0 0 0
"16" 16 0.0 404 75 9 5 2 2 1 1 1 0 0 0 0 0 0 0 0 0 0 0
"17" 17 0.251824817518 157 99 84 43 43 25 16 14 13 5 1 0 0 0 0 0 0 0 0 0
"18" 18 0.233160621762 341 85 64 9 1 0 0 0 0 0 0 0 0 0 0 0 0 0 0 0
"19" 19 0.801687763713 361 82 57 0 0 0 0 0 0 0 0 0 0 0 0 0 0 0 0 0
"20" 20 0.740875912409 337 68 57 30 5 2 1 0 0 0 0 0 0 0 0 0 0 0 0 0
"21" 21 0.116279069767 492 4 2 2 0 0 0 0 0 0 0 0 0 0 0 0 0 0 0 0
"22" 22 0.336538461538 343 89 31 16 11 10 0 0 0 0 0 0 0 0 0 0 0 0 0 0
"23" 23 0.339622641509 469 31 0 0 0 0 0 0 0 0 0 0 0 0 0 0 0 0 0 0
"24" 24 0.518987341772 185 99 97 31 30 26 18 11 2 1 0 0 0 0 0 0 0 0 0 0
"25" 25 0.455958549223 280 81 61 29 18 13 11 4 3 0 0 0 0 0 0 0 0 0 0 0
"26" 26 0.0209205020921 281 202 12 4 1 0 0 0 0 0 0 0 0 0 0 0 0 0 0 0
"27" 27 0.288321167883 168 156 138 20 6 5 5 1 1 0 0 0 0 0 0 0 0 0 0 0
"28" 28 0.303571428571 204 179 37 32 31 11 3 2 1 0 0 0 0 0 0 0 0 0 0 0
"29" 29 0.10447761194 280 142 69 8 1 0 0 0 0 0 0 0 0 0 0 0 0 0 0 0
"30" 30 0.0232558139535 210 143 101 16 9 8 4 4 3 1 1 0 0 0 0 0 0 0 0 0
"31" 31 0.178571428571 241 131 117 5 5 1 0 0 0 0 0 0 0 0 0 0 0 0 0 0
"32" 32 0.357142857143 191 161 52 45 32 5 4 4 3 3 0 0 0 0 0 0 0 0 0 0
"33" 33 0.0574712643678 173 136 100 23 23 23 17 4 1 0 0 0 0 0 0 0 0 0 0 0
"34" 34 0.232558139535 133 110 74 68 34 24 24 14 12 4 2 1 0 0 0 0 0 0 0 0
"35" 35 0.308457711443 163 90 62 58 44 38 31 6 4 3 1 0 0 0 0 0 0 0 0 0
"36" 36 0.31007751938 245 70 60 34 29 15 11 9 8 7 5 3 2 1 1 0 0 0 0 0
"37" 37 0.619771863118 249 83 43 30 25 21 16 15 8 6 4 0 0 0 0 0 0 0 0 0
"38" 38 0.316964285714 101 77 67 45 44 42 33 21 19 16 13 10 5 3 1 1 1 1 0 0
"39" 39 0.139534883721 233 92 56 34 21 18 18 13 8 3 2 2 0 0 0 0 0 0 0 0
"40" 40 0.591240875912 403 92 2 1 1 1 0 0 0 0 0 0 0 0 0 0 0 0 0 0
"41" 41 0.414507772021 243 215 15 12 4 3 3 2 1 1 1 0 0 0 0 0 0 0 0 0
"42" 42 0.273631840796 204 184 59 18 11 10 5 4 3 1 1 0 0 0 0 0 0 0 0 0
"43" 43 0.638392857143 377 65 22 21 12 2 1 0 0 0 0 0 0 0 0 0 0 0 0 0
"44" 44 0.437810945274 443 39 13 4 1 0 0 0 0 0 0 0 0 0 0 0 0 0 0 0
"45" 45 0.459821428571 402 73 14 6 3 1 1 0 0 0 0 0 0 0 0 0 0 0 0 0
"46" 46 0.598214285714 221 87 54 36 32 27 18 8 7 3 3 2 1 1 0 0 0 0 0 0
"47" 47 0.343023255814 498 1 1 0 0 0 0 0 0 0 0 0 0 0 0 0 0 0 0 0
"48" 48 0.43023255814 137 126 65 57 41 26 16 11 10 10 1 0 0 0 0 0 0 0 0 0
"49" 49 0.390804597701 284 90 67 32 11 5 4 3 2 1 1 0 0 0 0 0 0 0 0 0
"50" 50 0.8125 226 212 39 9 4 4 3 1 1 1 0 0 0 0 0 0 0 0 0 0
"51" 51 0.354651162791 261 107 95 22 6 4 3 2 0 0 0 0 0 0 0 0 0 0 0 0
"52" 52 0.849056603774 279 198 16 5 2 0 0 0 0 0 0 0 0 0 0 0 0 0 0 0
"53" 53 0.771573604061 274 95 76 27 23 5 0 0 0 0 0 0 0 0 0 0 0 0 0 0
"54" 54 0.364341085271 161 157 148 17 10 3 3 1 0 0 0 0 0 0 0 0 0 0 0 0
"55" 55 0.685534591195 149 118 63 62 42 34 29 2 1 0 0 0 0 0 0 0 0 0 0 0
"56" 56 0.22480620155 105 100 76 66 43 42 25 22 13 3 2 2 1 0 0 0 0 0 0 0
"57" 57 0.64598540146 151 143 52 40 35 32 25 12 4 2 2 1 1 0 0 0 0 0 0 0
"58" 58 0.270114942529 235 188 74 1 1 1 0 0 0 0 0 0 0 0 0 0 0 0 0 0
"59" 59 0.565400843882 167 128 86 46 32 19 19 2 1 0 0 0 0 0 0 0 0 0 0 0
"60" 60 0.362068965517 466 25 7 1 1 0 0 0 0 0 0 0 0 0 0 0 0 0 0 0
"61" 61 0.502487562189 166 164 148 15 2 1 1 1 1 1 0 0 0 0 0 0 0 0 0 0
"62" 62 0.198675496689 254 156 80 8 2 0 0 0 0 0 0 0 0 0 0 0 0 0 0 0
"63" 63 0.711538461538 500 0 0 0 0 0 0 0 0 0 0 0 0 0 0 0 0 0 0 0
"64" 64 0.396624472574 264 69 65 40 30 24 4 2 1 1 0 0 0 0 0 0 0 0 0 0
"65" 65 0.405063291139 193 91 77 55 52 13 8 4 3 2 1 1 0 0 0 0 0 0 0 0
"66" 66 0.114427860697 206 79 65 62 37 11 8 8 7 7 5 2 2 1 0 0 0 0 0 0
"67" 67 0.0 215 215 30 19 8 4 4 3 2 0 0 0 0 0 0 0 0 0 0 0
"68" 68 0.0149253731343 156 124 72 64 54 17 10 2 1 0 0 0 0 0 0 0 0 0 0 0
"69" 69 0.0 455 29 6 5 2 2 1 0 0 0 0 0 0 0 0 0 0 0 0 0
"70" 70 0.0 242 241 5 4 3 2 1 1 1 0 0 0 0 0 0 0 0 0 0 0
"71" 71 0.0152284263959 441 30 12 9 5 2 1 0 0 0 0 0 0 0 0 0 0 0 0 0
"72" 72 0.154228855721 230 64 62 30 24 22 21 19 16 9 2 1 0 0 0 0 0 0 0 0
"73" 73 0.335766423358 300 102 35 26 14 8 6 5 3 1 0 0 0 0 0 0 0 0 0 0
"74" 74 0.062015503876 247 164 30 17 14 14 6 6 2 0 0 0 0 0 0 0 0 0 0 0
"75" 75 0.0288461538462 500 0 0 0 0 0 0 0 0 0 0 0 0 0 0 0 0 0 0 0
"76" 76 0.228855721393 228 76 63 51 28 19 9 9 9 3 2 1 1 1 0 0 0 0 0 0
"77" 77 0.0459770114943 264 153 23 17 13 10 9 8 2 1 0 0 0 0 0 0 0 0 0 0
"78" 78 0.0287356321839 223 78 74 73 40 12 0 0 0 0 0 0 0 0 0 0 0 0 0 0
"79" 79 0.464285714286 249 115 71 37 14 6 4 3 1 0 0 0 0 0 0 0 0 0 0 0
"80" 80 0.0865384615385 500 0 0 0 0 0 0 0 0 0 0 0 0 0 0 0 0 0 0 0
"81" 81 0.0812182741117 153 104 71 43 40 22 22 11 10 8 8 5 2 1 0 0 0 0 0 0
"82" 82 0.169154228856 288 126 52 20 9 4 1 0 0 0 0 0 0 0 0 0 0 0 0 0
"83" 83 0.670886075949 189 96 80 68 49 7 5 5 1 0 0 0 0 0 0 0 0 0 0 0
"84" 84 0.582089552239 186 119 49 35 32 27 12 11 11 8 3 2 2 1 1 1 0 0 0 0
"85" 85 0.229885057471 251 220 22 3 1 1 1 1 0 0 0 0 0 0 0 0 0 0 0 0
"86" 86 0.578616352201 375 78 29 16 2 0 0 0 0 0 0 0 0 0 0 0 0 0 0 0
"87" 87 0.612440191388 361 34 27 25 13 13 10 8 5 4 0 0 0 0 0 0 0 0 0 0
"88" 88 0.077519379845 288 210 2 0 0 0 0 0 0 0 0 0 0 0 0 0 0 0 0 0
"89" 89 0.357664233577 154 79 73 71 66 35 13 3 3 1 1 1 0 0 0 0 0 0 0 0
"90" 90 0.287356321839 157 130 85 63 42 6 5 5 3 2 1 1 0 0 0 0 0 0 0 0
"91" 91 0.00961538461538 478 19 3 0 0 0 0 0 0 0 0 0 0 0 0 0 0 0 0 0
"92" 92 0.287081339713 341 43 34 29 22 14 8 4 2 2 1 0 0 0 0 0 0 0 0 0
"93" 93 0.0 282 154 24 15 10 8 6 1 0 0 0 0 0 0 0 0 0 0 0 0
"94" 94 0.0 164 112 83 45 39 12 10 10 7 6 6 3 3 0 0 0 0 0 0 0
"95" 95 0.0348258706468 319 70 46 24 13 12 8 3 3 2 0 0 0 0 0 0 0 0 0 0
"96" 96 0.509505703422 169 80 69 68 46 25 17 14 8 3 1 0 0 0 0 0 0 0 0 0
"97" 97 0.251824817518 361 45 29 23 19 16 6 1 0 0 0 0 0 0 0 0 0 0 0 0
"98" 98 0.274611398964 394 42 23 15 15 8 2 1 0 0 0 0 0 0 0 0 0 0 0 0
"99" 99 0.698113207547 386 90 17 3 2 2 0 0 0 0 0 0 0 0 0 0 0 0 0 0
"100" 100 0.763392857143 285 140 70 3 1 1 0 0 0 0 0 0 0 0 0 0 0 0 0 0
"101" 101 0.397350993377 277 87 57 57 10 8 2 1 1 0 0 0 0 0 0 0 0 0 0 0
"102" 102 0.199004975124 207 189 28 18 18 13 10 10 6 1 0 0 0 0 0 0 0 0 0 0
"103" 103 0.435897435897 244 147 63 17 14 11 3 1 0 0 0 0 0 0 0 0 0 0 0 0
"104" 104 0.207547169811 439 36 21 4 0 0 0 0 0 0 0 0 0 0 0 0 0 0 0 0
"105" 105 0.270114942529 272 183 22 7 5 4 3 2 1 1 0 0 0 0 0 0 0 0 0 0
"106" 106 0.394618834081 183 122 69 28 22 19 14 13 11 8 7 2 1 1 0 0 0 0 0 0
"107" 107 0.437262357414 145 82 71 58 49 39 25 17 9 2 2 1 0 0 0 0 0 0 0 0
"108" 108 0.422053231939 232 140 63 36 13 9 7 0 0 0 0 0 0 0 0 0 0 0 0 0
"109" 109 0.167512690355 164 102 53 46 36 30 21 16 11 9 6 4 1 1 0 0 0 0 0 0
"110" 110 0.523206751055 225 127 71 26 17 12 8 6 4 3 1 0 0 0 0 0 0 0 0 0
"111" 111 0.134328358209 212 105 62 49 41 22 3 3 2 1 0 0 0 0 0 0 0 0 0 0
"112" 112 0.0817610062893 345 138 11 3 2 1 0 0 0 0 0 0 0 0 0 0 0 0 0 0
"113" 113 0.559748427673 500 0 0 0 0 0 0 0 0 0 0 0 0 0 0 0 0 0 0 0
"114" 114 0.367875647668 450 28 8 6 6 2 0 0 0 0 0 0 0 0 0 0 0 0 0 0
"115" 115 0.0609137055838 167 163 75 36 29 15 8 2 2 2 1 0 0 0 0 0 0 0 0 0
"116" 116 0.441860465116 409 46 18 14 10 2 1 0 0 0 0 0 0 0 0 0 0 0 0 0
"117" 117 0.526785714286 184 133 98 53 23 4 3 1 1 0 0 0 0 0 0 0 0 0 0 0
"118" 118 0.109489051095 176 134 69 68 37 6 4 3 3 0 0 0 0 0 0 0 0 0 0 0
"119" 119 0.273722627737 103 102 83 81 31 30 21 11 10 8 6 5 5 4 0 0 0 0 0 0
"120" 120 0.0077519379845 386 89 18 5 1 1 0 0 0 0 0 0 0 0 0 0 0 0 0 0
"121" 121 0.092050209205 258 168 27 25 8 7 5 1 1 0 0 0 0 0 0 0 0 0 0 0
"122" 122 0.0 482 12 4 2 0 0 0 0 0 0 0 0 0 0 0 0 0 0 0 0
"123" 123 0.1592039801 188 108 72 69 26 18 7 5 2 2 1 1 1 0 0 0 0 0 0 0
"124" 124 0.186528497409 333 46 43 41 24 13 0 0 0 0 0 0 0 0 0 0 0 0 0 0
"125" 125 0.207547169811 414 57 17 9 2 1 0 0 0 0 0 0 0 0 0 0 0 0 0 0
"126" 126 0.0995024875622 438 39 19 3 1 0 0 0 0 0 0 0 0 0 0 0 0 0 0 0
"127" 127 0.147286821705 187 156 68 51 13 8 4 3 3 3 2 1 1 0 0 0 0 0 0 0
"128" 128 0.0872093023256 144 139 69 36 33 23 21 17 12 5 1 0 0 0 0 0 0 0 0 0
"129" 129 0.0192307692308 500 0 0 0 0 0 0 0 0 0 0 0 0 0 0 0 0 0 0 0
"130" 130 0.0192307692308 217 55 34 26 24 23 22 21 20 16 15 12 6 5 2 1 1 0 0 0
"131" 131 0.205298013245 219 51 50 45 37 35 24 11 10 8 5 2 2 1 0 0 0 0 0 0
"132" 132 0.031007751938 228 118 45 29 24 18 13 8 7 5 4 1 0 0 0 0 0 0 0 0
"133" 133 0.0397350993377 239 207 41 4 2 2 1 1 1 1 1 0 0 0 0 0 0 0 0 0
"134" 134 0.233830845771 216 129 35 24 22 20 15 11 10 5 3 3 2 2 2 1 0 0 0 0
"135" 135 0.0 474 20 2 1 1 1 1 0 0 0 0 0 0 0 0 0 0 0 0 0
"136" 136 0.0298507462687 409 20 19 13 9 9 8 6 4 2 1 0 0 0 0 0 0 0 0 0
"137" 137 0.298013245033 132 106 97 41 38 23 21 15 11 10 4 1 1 0 0 0 0 0 0 0
"138" 138 0.0497512437811 187 120 73 42 21 12 10 9 8 6 5 4 3 0 0 0 0 0 0 0
"139" 139 0.0 488 5 4 3 0 0 0 0 0 0 0 0 0 0 0 0 0 0 0 0
"140" 140 0.565400843882 162 123 69 37 24 24 20 17 11 6 5 2 0 0 0 0 0 0 0 0
"141" 141 0.59375 208 88 61 50 33 17 16 12 10 2 2 1 0 0 0 0 0 0 0 0
"142" 142 0.397810218978 179 179 58 19 13 13 10 8 8 7 3 2 1 0 0 0 0 0 0 0
"143" 143 0.288461538462 500 0 0 0 0 0 0 0 0 0 0 0 0 0 0 0 0 0 0 0
"144" 144 0.046511627907 439 19 18 9 8 6 1 0 0 0 0 0 0 0 0 0 0 0 0 0
"145" 145 0.581395348837 213 156 64 25 19 13 6 2 2 0 0 0 0 0 0 0 0 0 0 0
"146" 146 0.5 354 144 2 0 0 0 0 0 0 0 0 0 0 0 0 0 0 0 0 0
"147" 147 0.0804597701149 264 220 7 4 3 1 1 0 0 0 0 0 0 0 0 0 0 0 0 0
"148" 148 0.0548523206751 186 183 92 16 10 5 3 2 2 1 0 0 0 0 0 0 0 0 0 0
"149" 149 0.0398009950249 262 205 23 7 2 1 0 0 0 0 0 0 0 0 0 0 0 0 0 0
"150" 150 0.186046511628 490 10 0 0 0 0 0 0 0 0 0 0 0 0 0 0 0 0 0 0
"151" 151 0.0964467005076 224 108 43 29 23 21 18 13 12 5 3 1 0 0 0 0 0 0 0 0
"152" 152 0.0298507462687 248 89 53 47 28 11 10 5 2 2 2 1 1 1 0 0 0 0 0 0
"153" 153 0.0 374 80 38 5 2 1 0 0 0 0 0 0 0 0 0 0 0 0 0 0
"154" 154 0.0 413 83 3 1 0 0 0 0 0 0 0 0 0 0 0 0 0 0 0 0
"155" 155 0.295597484277 214 109 103 29 21 10 6 5 2 1 0 0 0 0 0 0 0 0 0 0
"156" 156 0.424107142857 333 30 28 27 24 21 13 10 8 3 2 1 0 0 0 0 0 0 0 0
"157" 157 0.0 500 0 0 0 0 0 0 0 0 0 0 0 0 0 0 0 0 0 0 0
"158" 158 0.109452736318 215 114 84 51 12 10 5 4 3 1 1 0 0 0 0 0 0 0 0 0
"159" 159 0.589285714286 203 165 55 36 23 10 3 2 2 1 0 0 0 0 0 0 0 0 0 0
"160" 160 0.313868613139 207 95 52 47 23 20 15 11 9 7 7 3 2 1 1 0 0 0 0 0
"161" 161 0.0203045685279 260 98 31 31 29 23 10 7 5 3 3 0 0 0 0 0 0 0 0 0
"162" 162 0.480620155039 214 79 73 65 36 10 8 7 5 2 1 0 0 0 0 0 0 0 0 0
"163" 163 0.68776371308 298 46 44 25 20 17 16 11 10 9 2 1 1 0 0 0 0 0 0 0
"164" 164 0.253886010363 227 77 60 54 35 29 7 4 3 2 1 1 0 0 0 0 0 0 0 0
"165" 165 0.0909090909091 304 183 7 4 1 1 0 0 0 0 0 0 0 0 0 0 0 0 0 0
"166" 166 0.528301886792 365 76 32 21 6 0 0 0 0 0 0 0 0 0 0 0 0 0 0 0
"167" 167 0.777202072539 368 46 20 20 14 11 7 6 6 2 0 0 0 0 0 0 0 0 0 0
"168" 168 0.0813953488372 180 168 80 30 18 8 8 5 1 1 1 0 0 0 0 0 0 0 0 0
"169" 169 0.129464285714 174 134 105 56 13 12 4 1 1 0 0 0 0 0 0 0 0 0 0 0
"170" 170 0.0344827586207 468 11 10 7 2 1 1 0 0 0 0 0 0 0 0 0 0 0 0 0
"171" 171 0.114942528736 258 80 60 54 18 16 5 3 2 1 1 1 1 0 0 0 0 0 0 0
"172" 172 0.0114942528736 413 48 17 8 4 3 3 1 1 1 1 0 0 0 0 0 0 0 0 0
"173" 173 0.139534883721 160 79 77 48 41 40 39 11 3 2 0 0 0 0 0 0 0 0 0 0
"174" 174 0.124031007752 204 95 79 39 23 16 12 11 8 7 2 2 1 1 0 0 0 0 0 0
"175" 175 0.38578680203 325 82 68 12 7 3 2 1 0 0 0 0 0 0 0 0 0 0 0 0
"176" 176 0.0984455958549 172 106 88 37 28 26 21 9 8 3 2 0 0 0 0 0 0 0 0 0
"177" 177 0.589285714286 422 59 16 2 1 0 0 0 0 0 0 0 0 0 0 0 0 0 0 0
"178" 178 0.496350364964 179 174 88 42 10 7 0 0 0 0 0 0 0 0 0 0 0 0 0 0
"179" 179 0.0796019900498 439 34 15 7 3 2 0 0 0 0 0 0 0 0 0 0 0 0 0 0
"180" 180 0.251282051282 500 0 0 0 0 0 0 0 0 0 0 0 0 0 0 0 0 0 0 0
"181" 181 0.689119170984 211 170 113 4 2 0 0 0 0 0 0 0 0 0 0 0 0 0 0 0
"182" 182 0.598086124402 321 68 38 35 24 8 3 3 0 0 0 0 0 0 0 0 0 0 0 0
"183" 183 0.00961538461538 500 0 0 0 0 0 0 0 0 0 0 0 0 0 0 0 0 0 0 0
"184" 184 0.304182509506 297 43 42 33 26 25 14 7 5 4 1 1 1 1 0 0 0 0 0 0
"185" 185 0.147208121827 202 155 73 24 23 14 9 0 0 0 0 0 0 0 0 0 0 0 0 0
"186" 186 0.195402298851 486 12 2 0 0 0 0 0 0 0 0 0 0 0 0 0 0 0 0 0
"187" 187 0.51572327044 194 128 124 21 10 10 9 2 1 1 0 0 0 0 0 0 0 0 0 0
"188" 188 0.0288461538462 500 0 0 0 0 0 0 0 0 0 0 0 0 0 0 0 0 0 0 0
"189" 189 0.134328358209 236 212 40 6 5 1 0 0 0 0 0 0 0 0 0 0 0 0 0 0
"190" 190 0.442307692308 500 0 0 0 0 0 0 0 0 0 0 0 0 0 0 0 0 0 0 0
"191" 191 0.259067357513 342 50 43 22 20 15 4 2 2 0 0 0 0 0 0 0 0 0 0 0
"192" 192 0.170542635659 457 36 3 2 1 1 0 0 0 0 0 0 0 0 0 0 0 0 0 0
"193" 193 0.0576923076923 306 109 61 8 6 5 3 2 0 0 0 0 0 0 0 0 0 0 0 0
"194" 194 0.145077720207 295 60 49 39 14 13 11 7 6 5 1 0 0 0 0 0 0 0 0 0
"195" 195 0.142335766423 499 1 0 0 0 0 0 0 0 0 0 0 0 0 0 0 0 0 0 0
"196" 196 0.00507614213198 359 71 30 18 10 3 3 3 1 1 1 0 0 0 0 0 0 0 0 0
"197" 197 0.357414448669 422 23 20 18 8 6 3 0 0 0 0 0 0 0 0 0 0 0 0 0
"198" 198 0.461538461538 251 249 0 0 0 0 0 0 0 0 0 0 0 0 0 0 0 0 0 0
"199" 199 0.290697674419 314 100 63 21 1 1 0 0 0 0 0 0 0 0 0 0 0 0 0 0
"200" 200 1.05485232068 405 42 41 11 1 0 0 0 0 0 0 0 0 0 0 0 0 0 0 0
