"site" "RSA" "aa1" "aa2" "aa3" "aa4" "aa5" "aa6" "aa7" "aa8" "aa9" "aa10" "aa11" "aa12" "aa13" "aa14" "aa15" "aa16" "aa17" "aa18" "aa19" "aa20"
"0" 0 0.802325581395 204 71 57 42 36 35 30 25 0 0 0 0 0 0 0 0 0 0 0 0
"1" 1 0.482587064677 312 35 30 29 26 21 12 10 6 6 4 4 2 1 1 1 0 0 0 0
"2" 2 0.233830845771 253 105 72 21 14 13 10 6 3 1 1 1 0 0 0 0 0 0 0 0
"3" 3 0.456953642384 239 68 57 49 38 28 11 3 3 3 1 0 0 0 0 0 0 0 0 0
"4" 4 0.483443708609 210 156 73 16 10 8 7 5 4 3 3 3 2 0 0 0 0 0 0 0
"5" 5 0.100418410042 317 164 12 5 1 1 0 0 0 0 0 0 0 0 0 0 0 0 0 0
"6" 6 0.134615384615 500 0 0 0 0 0 0 0 0 0 0 0 0 0 0 0 0 0 0 0
"7" 7 0.383720930233 449 23 22 5 1 0 0 0 0 0 0 0 0 0 0 0 0 0 0 0
"8" 8 0.339622641509 404 39 21 13 11 8 2 1 1 0 0 0 0 0 0 0 0 0 0 0
"9" 9 0.326359832636 155 89 82 65 38 13 11 10 9 8 7 6 2 2 2 1 0 0 0 0
"10" 10 0.446428571429 419 42 24 11 3 1 0 0 0 0 0 0 0 0 0 0 0 0 0 0
"11" 11 0.0729927007299 486 5 4 4 1 0 0 0 0 0 0 0 0 0 0 0 0 0 0 0
"12" 12 0.0 464 24 4 2 2 1 1 1 1 0 0 0 0 0 0 0 0 0 0 0
"13" 13 0.397321428571 181 135 77 65 26 5 5 4 1 1 0 0 0 0 0 0 0 0 0 0
"14" 14 0.389743589744 259 132 30 28 17 14 11 8 1 0 0 0 0 0 0 0 0 0 0 0
"15" 15 0.0 495 5 0 0 0 0 0 0 0 0 0 0 0 0 0 0 0 0 0 0
"16" 16 0.0149253731343 491 6 1 1 1 0 0 0 0 0 0 0 0 0 0 0 0 0 0 0
"17" 17 0.209302325581 186 142 69 67 20 4 4 3 2 2 1 0 0 0 0 0 0 0 0 0
"18" 18 0.0 470 17 4 3 3 1 1 1 0 0 0 0 0 0 0 0 0 0 0 0
"19" 19 0.0 499 1 0 0 0 0 0 0 0 0 0 0 0 0 0 0 0 0 0 0
"20" 20 0.478102189781 420 50 29 1 0 0 0 0 0 0 0 0 0 0 0 0 0 0 0 0
"21" 21 0.540178571429 155 99 83 55 50 27 22 4 4 1 0 0 0 0 0 0 0 0 0 0
"22" 22 0.173076923077 500 0 0 0 0 0 0 0 0 0 0 0 0 0 0 0 0 0 0 0
"23" 23 0.295620437956 284 130 48 17 14 3 2 2 0 0 0 0 0 0 0 0 0 0 0 0
"24" 24 0.0192307692308 353 80 56 4 2 1 1 1 1 1 0 0 0 0 0 0 0 0 0 0
"25" 25 0.0 494 3 3 0 0 0 0 0 0 0 0 0 0 0 0 0 0 0 0 0
"26" 26 0.0 164 97 86 77 32 22 17 3 1 1 0 0 0 0 0 0 0 0 0 0
"27" 27 0.00574712643678 250 246 1 1 1 1 0 0 0 0 0 0 0 0 0 0 0 0 0 0
"28" 28 0.0497512437811 393 79 9 7 4 3 2 2 1 0 0 0 0 0 0 0 0 0 0 0
"29" 29 0.512953367876 215 212 53 10 4 3 3 0 0 0 0 0 0 0 0 0 0 0 0 0
"30" 30 0.487179487179 362 64 23 21 18 5 2 1 1 1 1 1 0 0 0 0 0 0 0 0
"31" 31 0.294642857143 210 97 60 59 33 12 10 7 5 3 2 1 1 0 0 0 0 0 0 0
"32" 32 0.00961538461538 192 145 97 63 3 0 0 0 0 0 0 0 0 0 0 0 0 0 0 0
"33" 33 0.0155440414508 174 154 63 41 24 24 6 3 3 3 2 1 1 1 0 0 0 0 0 0
"34" 34 0.0 108 83 63 50 41 40 37 13 11 10 10 10 9 7 4 2 1 1 0 0
"35" 35 0.0 227 190 46 24 12 1 0 0 0 0 0 0 0 0 0 0 0 0 0 0
"36" 36 0.0167364016736 178 131 68 62 48 11 1 1 0 0 0 0 0 0 0 0 0 0 0 0
"37" 37 0.0 437 47 11 4 1 0 0 0 0 0 0 0 0 0 0 0 0 0 0 0
"38" 38 0.0 394 105 1 0 0 0 0 0 0 0 0 0 0 0 0 0 0 0 0 0
"39" 39 0.357142857143 269 102 46 34 28 13 6 2 0 0 0 0 0 0 0 0 0 0 0 0
"40" 40 0.261627906977 184 123 107 66 16 2 1 1 0 0 0 0 0 0 0 0 0 0 0 0
"41" 41 0.0 168 163 79 43 31 8 3 2 1 1 1 0 0 0 0 0 0 0 0 0
"42" 42 0.273255813953 393 107 0 0 0 0 0 0 0 0 0 0 0 0 0 0 0 0 0 0
"43" 43 0.281609195402 214 108 66 57 20 12 9 7 4 1 1 1 0 0 0 0 0 0 0 0
"44" 44 0.638392857143 274 73 51 47 36 7 4 4 2 1 1 0 0 0 0 0 0 0 0 0
"45" 45 0.161434977578 161 93 71 45 33 29 28 25 11 4 0 0 0 0 0 0 0 0 0 0
"46" 46 0.0045871559633 264 146 60 12 10 3 2 2 1 0 0 0 0 0 0 0 0 0 0 0
"47" 47 0.271317829457 295 59 52 28 17 16 13 9 5 4 2 0 0 0 0 0 0 0 0 0
"48" 48 0.0696517412935 166 138 52 51 28 26 21 10 4 2 2 0 0 0 0 0 0 0 0 0
"49" 49 0.00581395348837 225 109 62 34 15 15 12 12 7 3 3 2 1 0 0 0 0 0 0 0
"50" 50 0.263959390863 321 86 24 22 22 13 4 3 2 2 1 0 0 0 0 0 0 0 0 0
"51" 51 0.532846715328 217 87 58 48 41 26 20 2 1 0 0 0 0 0 0 0 0 0 0 0
"52" 52 0.22966507177 295 62 47 44 27 12 3 3 2 2 2 1 0 0 0 0 0 0 0 0
"53" 53 0.0769230769231 500 0 0 0 0 0 0 0 0 0 0 0 0 0 0 0 0 0 0 0
"54" 54 0.278145695364 479 10 8 2 1 0 0 0 0 0 0 0 0 0 0 0 0 0 0 0
"55" 55 0.163461538462 500 0 0 0 0 0 0 0 0 0 0 0 0 0 0 0 0 0 0 0
"56" 56 0.401015228426 360 69 30 23 9 4 2 1 1 1 0 0 0 0 0 0 0 0 0 0
"57" 57 0.0229885057471 350 70 44 17 9 6 4 0 0 0 0 0 0 0 0 0 0 0 0 0
"58" 58 0.0253164556962 301 75 47 17 17 15 7 6 3 3 3 2 2 1 1 0 0 0 0 0
"59" 59 0.00995024875622 451 49 0 0 0 0 0 0 0 0 0 0 0 0 0 0 0 0 0 0
"60" 60 0.0 259 191 18 17 8 5 1 1 0 0 0 0 0 0 0 0 0 0 0 0
"61" 61 0.010152284264 482 9 6 1 1 1 0 0 0 0 0 0 0 0 0 0 0 0 0 0
"62" 62 0.186046511628 402 81 16 1 0 0 0 0 0 0 0 0 0 0 0 0 0 0 0 0
"63" 63 0.303571428571 356 66 32 23 18 5 0 0 0 0 0 0 0 0 0 0 0 0 0 0
"64" 64 0.59067357513 302 128 39 14 12 3 2 0 0 0 0 0 0 0 0 0 0 0 0 0
"65" 65 0.14598540146 465 15 8 6 2 2 1 1 0 0 0 0 0 0 0 0 0 0 0 0
"66" 66 0.149635036496 466 32 1 1 0 0 0 0 0 0 0 0 0 0 0 0 0 0 0 0
"67" 67 0.476793248945 319 78 43 36 23 1 0 0 0 0 0 0 0 0 0 0 0 0 0 0
"68" 68 0.349775784753 151 108 104 57 29 21 15 13 2 0 0 0 0 0 0 0 0 0 0 0
"69" 69 0.00497512437811 499 1 0 0 0 0 0 0 0 0 0 0 0 0 0 0 0 0 0 0
"70" 70 0.569948186528 458 17 17 4 2 1 1 0 0 0 0 0 0 0 0 0 0 0 0 0
"71" 71 0.00497512437811 393 98 8 1 0 0 0 0 0 0 0 0 0 0 0 0 0 0 0 0
"72" 72 0.421383647799 397 97 2 2 1 1 0 0 0 0 0 0 0 0 0 0 0 0 0 0
"73" 73 0.229357798165 453 31 14 1 1 0 0 0 0 0 0 0 0 0 0 0 0 0 0 0
"74" 74 0.435779816514 210 177 72 24 8 5 3 1 0 0 0 0 0 0 0 0 0 0 0 0
"75" 75 0.655172413793 249 97 64 31 29 17 8 4 1 0 0 0 0 0 0 0 0 0 0 0
"76" 76 1.10714285714 370 122 8 0 0 0 0 0 0 0 0 0 0 0 0 0 0 0 0 0
"77" 77 0.471153846154 450 15 13 9 7 4 1 1 0 0 0 0 0 0 0 0 0 0 0 0
"78" 78 0.397489539749 350 65 37 24 12 4 3 3 1 1 0 0 0 0 0 0 0 0 0 0
"79" 79 0.0 373 97 24 3 1 1 1 0 0 0 0 0 0 0 0 0 0 0 0 0
"80" 80 0.224137931034 376 34 32 29 13 10 3 2 1 0 0 0 0 0 0 0 0 0 0 0
"81" 81 0.093023255814 372 50 38 22 7 6 3 1 1 0 0 0 0 0 0 0 0 0 0 0
"82" 82 0.0 469 15 8 7 1 0 0 0 0 0 0 0 0 0 0 0 0 0 0 0
"83" 83 0.09375 177 173 99 37 6 5 2 1 0 0 0 0 0 0 0 0 0 0 0 0
"84" 84 0.0232558139535 385 106 8 1 0 0 0 0 0 0 0 0 0 0 0 0 0 0 0 0
"85" 85 0.217054263566 280 105 92 19 2 1 1 0 0 0 0 0 0 0 0 0 0 0 0 0
"86" 86 0.732142857143 220 86 85 62 19 16 4 4 3 1 0 0 0 0 0 0 0 0 0 0
"87" 87 0.625 500 0 0 0 0 0 0 0 0 0 0 0 0 0 0 0 0 0 0 0
"88" 88 0.201149425287 256 235 8 1 0 0 0 0 0 0 0 0 0 0 0 0 0 0 0 0
"89" 89 0.691860465116 470 12 8 5 2 1 1 1 0 0 0 0 0 0 0 0 0 0 0 0
"90" 90 0.552325581395 208 160 74 33 11 9 4 1 0 0 0 0 0 0 0 0 0 0 0 0
"91" 91 0.0 500 0 0 0 0 0 0 0 0 0 0 0 0 0 0 0 0 0 0 0
"92" 92 0.316091954023 192 162 70 42 25 7 2 0 0 0 0 0 0 0 0 0 0 0 0 0
"93" 93 0.370860927152 437 57 3 2 1 0 0 0 0 0 0 0 0 0 0 0 0 0 0 0
"94" 94 0.147286821705 471 23 3 1 1 1 0 0 0 0 0 0 0 0 0 0 0 0 0 0
"95" 95 0.325581395349 236 175 55 13 8 6 4 1 1 1 0 0 0 0 0 0 0 0 0 0
"96" 96 0.0725388601036 466 19 8 4 3 0 0 0 0 0 0 0 0 0 0 0 0 0 0 0
"97" 97 0.0875912408759 318 83 76 13 5 2 1 1 1 0 0 0 0 0 0 0 0 0 0 0
"98" 98 0.00507614213198 86 81 79 74 68 44 28 23 6 5 2 2 1 1 0 0 0 0 0 0
"99" 99 0.255813953488 212 130 36 23 22 21 19 13 11 6 3 2 1 1 0 0 0 0 0 0
"100" 100 0.0 500 0 0 0 0 0 0 0 0 0 0 0 0 0 0 0 0 0 0 0
"101" 101 0.0114942528736 400 44 25 15 6 3 2 2 2 1 0 0 0 0 0 0 0 0 0 0
"102" 102 0.408759124088 173 92 64 55 46 20 19 14 10 3 2 1 1 0 0 0 0 0 0 0
"103" 103 0.201550387597 332 58 46 45 5 5 4 3 1 1 0 0 0 0 0 0 0 0 0 0
"104" 104 0.0077519379845 453 45 2 0 0 0 0 0 0 0 0 0 0 0 0 0 0 0 0 0
"105" 105 0.0507614213198 256 161 79 2 1 1 0 0 0 0 0 0 0 0 0 0 0 0 0 0
"106" 106 0.279069767442 199 133 87 51 23 6 1 0 0 0 0 0 0 0 0 0 0 0 0 0
"107" 107 0.715025906736 324 160 10 2 2 1 1 0 0 0 0 0 0 0 0 0 0 0 0 0
"108" 108 0.567307692308 499 1 0 0 0 0 0 0 0 0 0 0 0 0 0 0 0 0 0 0
"109" 109 0.031007751938 491 9 0 0 0 0 0 0 0 0 0 0 0 0 0 0 0 0 0 0
"110" 110 0.544303797468 299 173 14 4 4 2 2 1 1 0 0 0 0 0 0 0 0 0 0 0
"111" 111 0.314465408805 417 37 26 14 5 1 0 0 0 0 0 0 0 0 0 0 0 0 0 0
"112" 112 0.602649006623 478 11 7 3 1 0 0 0 0 0 0 0 0 0 0 0 0 0 0 0
"113" 113 0.326424870466 462 27 8 1 1 1 0 0 0 0 0 0 0 0 0 0 0 0 0 0
"114" 114 0.0149253731343 498 2 0 0 0 0 0 0 0 0 0 0 0 0 0 0 0 0 0 0
"115" 115 0.466666666667 395 58 23 8 7 3 2 2 1 1 0 0 0 0 0 0 0 0 0 0
"116" 116 0.306569343066 445 23 10 9 5 4 2 1 1 0 0 0 0 0 0 0 0 0 0 0
"117" 117 0.685534591195 435 23 16 16 5 4 1 0 0 0 0 0 0 0 0 0 0 0 0 0
"118" 118 0.115384615385 500 0 0 0 0 0 0 0 0 0 0 0 0 0 0 0 0 0 0 0
"119" 119 0.354066985646 426 41 21 7 2 2 1 0 0 0 0 0 0 0 0 0 0 0 0 0
"120" 120 0.0172413793103 485 13 1 1 0 0 0 0 0 0 0 0 0 0 0 0 0 0 0 0
"121" 121 0.192468619247 339 42 35 28 16 16 9 8 6 1 0 0 0 0 0 0 0 0 0 0
"122" 122 0.0062893081761 331 124 27 14 2 2 0 0 0 0 0 0 0 0 0 0 0 0 0 0
"123" 123 0.0597014925373 352 61 41 17 7 5 4 3 3 3 1 1 1 1 0 0 0 0 0 0
"124" 124 0.167883211679 428 54 8 6 3 1 0 0 0 0 0 0 0 0 0 0 0 0 0 0
"125" 125 0.0697674418605 473 26 1 0 0 0 0 0 0 0 0 0 0 0 0 0 0 0 0 0
"126" 126 0.385650224215 305 55 50 28 16 14 12 11 3 2 2 1 1 0 0 0 0 0 0 0
"127" 127 0.666666666667 213 94 53 37 25 25 23 20 6 2 1 1 0 0 0 0 0 0 0 0
"128" 128 0.413461538462 500 0 0 0 0 0 0 0 0 0 0 0 0 0 0 0 0 0 0 0
"129" 129 0.0480769230769 500 0 0 0 0 0 0 0 0 0 0 0 0 0 0 0 0 0 0 0
"130" 130 0.0344827586207 252 78 63 56 37 6 3 3 2 0 0 0 0 0 0 0 0 0 0 0
"131" 131 0.412935323383 382 30 23 17 13 12 12 7 4 0 0 0 0 0 0 0 0 0 0 0
"132" 132 0.46511627907 351 66 37 27 11 3 3 2 0 0 0 0 0 0 0 0 0 0 0 0
"133" 133 0.412408759124 311 67 43 34 20 11 5 4 2 2 1 0 0 0 0 0 0 0 0 0
"134" 134 0.394230769231 208 69 59 43 35 32 28 11 8 3 2 2 0 0 0 0 0 0 0 0
"135" 135 0.105769230769 410 51 20 19 0 0 0 0 0 0 0 0 0 0 0 0 0 0 0 0
"136" 136 0.0956937799043 218 107 85 45 23 13 3 2 2 1 1 0 0 0 0 0 0 0 0 0
"137" 137 0.0755813953488 278 175 16 15 13 1 1 1 0 0 0 0 0 0 0 0 0 0 0 0
"138" 138 0.0133928571429 348 78 67 5 2 0 0 0 0 0 0 0 0 0 0 0 0 0 0 0
"139" 139 0.0 313 182 3 2 0 0 0 0 0 0 0 0 0 0 0 0 0 0 0 0
"140" 140 0.0 205 204 65 20 6 0 0 0 0 0 0 0 0 0 0 0 0 0 0 0
"141" 141 0.0710659898477 196 136 92 53 12 4 3 2 1 1 0 0 0 0 0 0 0 0 0 0
"142" 142 0.0725388601036 492 3 2 2 1 0 0 0 0 0 0 0 0 0 0 0 0 0 0 0
"143" 143 0.00497512437811 468 13 9 4 3 1 1 1 0 0 0 0 0 0 0 0 0 0 0 0
"144" 144 0.0 478 14 6 2 0 0 0 0 0 0 0 0 0 0 0 0 0 0 0 0
"145" 145 0.436046511628 127 119 98 62 41 29 11 4 3 2 2 1 1 0 0 0 0 0 0 0
"146" 146 0.323383084577 244 181 32 18 7 5 3 2 2 2 1 1 1 1 0 0 0 0 0 0
"147" 147 0.0542635658915 496 4 0 0 0 0 0 0 0 0 0 0 0 0 0 0 0 0 0 0
"148" 148 0.644230769231 500 0 0 0 0 0 0 0 0 0 0 0 0 0 0 0 0 0 0 0
"149" 149 0.163179916318 411 82 4 2 1 0 0 0 0 0 0 0 0 0 0 0 0 0 0 0
"150" 150 0.253164556962 388 43 32 16 13 6 1 1 0 0 0 0 0 0 0 0 0 0 0 0
"151" 151 0.333333333333 201 104 47 47 43 41 9 6 2 0 0 0 0 0 0 0 0 0 0 0
"152" 152 0.0542635658915 415 71 13 1 0 0 0 0 0 0 0 0 0 0 0 0 0 0 0 0
"153" 153 0.0 392 65 43 0 0 0 0 0 0 0 0 0 0 0 0 0 0 0 0 0
"154" 154 0.00574712643678 327 50 44 32 19 14 10 2 1 1 0 0 0 0 0 0 0 0 0 0
"155" 155 0.0298507462687 274 109 72 14 11 6 4 3 2 2 2 1 0 0 0 0 0 0 0 0
"156" 156 0.0 338 97 61 3 1 0 0 0 0 0 0 0 0 0 0 0 0 0 0 0
"157" 157 0.183035714286 173 137 84 26 18 18 13 9 8 7 4 2 1 0 0 0 0 0 0 0
"158" 158 0.0398009950249 316 42 33 27 27 19 11 8 5 4 3 1 1 1 1 1 0 0 0 0
"159" 159 0.156976744186 178 117 65 57 51 21 10 1 0 0 0 0 0 0 0 0 0 0 0 0
"160" 160 0.179487179487 268 104 47 34 30 6 4 3 2 1 1 0 0 0 0 0 0 0 0 0
"161" 161 0.80310880829 271 118 26 25 17 14 12 12 4 1 0 0 0 0 0 0 0 0 0 0
"162" 162 0.611398963731 262 111 107 8 4 4 4 0 0 0 0 0 0 0 0 0 0 0 0 0
"163" 163 0.519230769231 500 0 0 0 0 0 0 0 0 0 0 0 0 0 0 0 0 0 0 0
"164" 164 0.267441860465 327 87 25 24 15 11 6 5 0 0 0 0 0 0 0 0 0 0 0 0
"165" 165 0.344036697248 131 124 60 43 35 22 20 20 10 9 9 8 4 2 1 1 1 0 0 0
"166" 166 0.0077519379845 428 54 9 7 2 0 0 0 0 0 0 0 0 0 0 0 0 0 0 0
"167" 167 0.452554744526 194 159 71 29 21 13 7 5 1 0 0 0 0 0 0 0 0 0 0 0
"168" 168 0.271317829457 138 128 89 78 36 22 4 3 2 0 0 0 0 0 0 0 0 0 0 0
"169" 169 0.477987421384 332 75 35 20 12 10 8 5 2 1 0 0 0 0 0 0 0 0 0 0
"170" 170 0.254464285714 268 135 45 23 21 3 2 1 1 1 0 0 0 0 0 0 0 0 0 0
"171" 171 0.0 240 190 69 1 0 0 0 0 0 0 0 0 0 0 0 0 0 0 0 0
"172" 172 0.0507614213198 265 131 56 12 7 6 5 4 4 4 2 2 1 1 0 0 0 0 0 0
"173" 173 0.526785714286 176 150 60 58 20 14 12 8 1 1 0 0 0 0 0 0 0 0 0 0
"174" 174 0.0753138075314 150 97 80 49 25 19 16 13 13 10 9 9 4 2 2 1 1 0 0 0
"175" 175 0.0 498 1 1 0 0 0 0 0 0 0 0 0 0 0 0 0 0 0 0 0
"176" 176 0.471794871795 175 131 47 42 34 22 17 13 7 6 3 2 1 0 0 0 0 0 0 0
"177" 177 0.548523206751 179 84 78 63 39 35 12 4 3 3 0 0 0 0 0 0 0 0 0 0
"178" 178 0.296650717703 130 103 73 68 41 37 23 7 6 4 3 2 1 1 1 0 0 0 0 0
"179" 179 0.569230769231 473 16 8 2 1 0 0 0 0 0 0 0 0 0 0 0 0 0 0 0
"180" 180 0.0366972477064 91 84 74 59 57 43 41 16 13 10 8 4 0 0 0 0 0 0 0 0
"181" 181 0.062015503876 474 25 1 0 0 0 0 0 0 0 0 0 0 0 0 0 0 0 0 0
"182" 182 0.00497512437811 188 179 115 12 4 1 1 0 0 0 0 0 0 0 0 0 0 0 0 0
"183" 183 0.00574712643678 272 212 13 2 1 0 0 0 0 0 0 0 0 0 0 0 0 0 0 0
"184" 184 0.116279069767 155 100 79 54 52 38 19 3 0 0 0 0 0 0 0 0 0 0 0 0
"185" 185 0.0253807106599 223 119 72 55 26 2 2 1 0 0 0 0 0 0 0 0 0 0 0 0
"186" 186 0.700892857143 167 151 44 40 40 19 18 14 2 2 2 1 0 0 0 0 0 0 0 0
"187" 187 0.0362694300518 465 22 6 3 2 2 0 0 0 0 0 0 0 0 0 0 0 0 0 0
"188" 188 0.00995024875622 371 87 21 6 4 4 2 2 1 1 1 0 0 0 0 0 0 0 0 0
"189" 189 0.183908045977 131 75 64 52 39 27 21 20 17 16 14 9 7 4 3 1 0 0 0 0
"190" 190 0.286821705426 145 109 102 82 25 13 9 7 3 3 1 1 0 0 0 0 0 0 0 0
"191" 191 0.0798479087452 330 109 56 1 1 1 1 1 0 0 0 0 0 0 0 0 0 0 0 0
"192" 192 0.251824817518 216 161 26 18 16 14 14 12 8 6 4 3 2 0 0 0 0 0 0 0
"193" 193 0.600896860987 147 104 77 64 33 23 19 9 8 5 4 4 1 1 1 0 0 0 0 0
"194" 194 0.503875968992 187 78 48 46 41 35 25 12 9 8 7 3 1 0 0 0 0 0 0 0
"195" 195 0.684210526316 364 104 8 6 5 4 2 2 2 1 1 1 0 0 0 0 0 0 0 0
