"site" "RSA" "aa1" "aa2" "aa3" "aa4" "aa5" "aa6" "aa7" "aa8" "aa9" "aa10" "aa11" "aa12" "aa13" "aa14" "aa15" "aa16" "aa17" "aa18" "aa19" "aa20"
"0" 0 0.704641350211 44 3 0 0 0 0 0 0 0 0 0 0 0 0 0 0 0 0 0 0
"1" 1 0.0288461538462 47 2 0 0 0 0 0 0 0 0 0 0 0 0 0 0 0 0 0 0
"2" 2 0.105769230769 49 0 0 0 0 0 0 0 0 0 0 0 0 0 0 0 0 0 0 0
"3" 3 0.00574712643678 46 2 1 0 0 0 0 0 0 0 0 0 0 0 0 0 0 0 0 0
"4" 4 0.0203045685279 46 3 0 0 0 0 0 0 0 0 0 0 0 0 0 0 0 0 0 0
"5" 5 0.0 48 1 0 0 0 0 0 0 0 0 0 0 0 0 0 0 0 0 0 0
"6" 6 0.139896373057 48 1 0 0 0 0 0 0 0 0 0 0 0 0 0 0 0 0 0 0
"7" 7 0.0 49 0 0 0 0 0 0 0 0 0 0 0 0 0 0 0 0 0 0 0
"8" 8 0.333333333333 22 19 3 3 1 1 0 0 0 0 0 0 0 0 0 0 0 0 0 0
"9" 9 0.287179487179 33 14 2 0 0 0 0 0 0 0 0 0 0 0 0 0 0 0 0 0
"10" 10 0.201550387597 22 16 8 1 1 1 0 0 0 0 0 0 0 0 0 0 0 0 0 0
"11" 11 0.629464285714 41 4 2 1 1 0 0 0 0 0 0 0 0 0 0 0 0 0 0 0
"12" 12 0.143497757848 47 2 0 0 0 0 0 0 0 0 0 0 0 0 0 0 0 0 0 0
"13" 13 0.0 49 0 0 0 0 0 0 0 0 0 0 0 0 0 0 0 0 0 0 0
"14" 14 0.476793248945 23 13 4 3 2 2 1 1 0 0 0 0 0 0 0 0 0 0 0 0
"15" 15 0.152284263959 49 0 0 0 0 0 0 0 0 0 0 0 0 0 0 0 0 0 0 0
"16" 16 0.0 49 0 0 0 0 0 0 0 0 0 0 0 0 0 0 0 0 0 0 0
"17" 17 0.276785714286 46 3 0 0 0 0 0 0 0 0 0 0 0 0 0 0 0 0 0 0
"18" 18 0.410852713178 19 11 9 5 2 2 1 0 0 0 0 0 0 0 0 0 0 0 0 0
"19" 19 0.0387596899225 48 1 0 0 0 0 0 0 0 0 0 0 0 0 0 0 0 0 0 0
"20" 20 0.384615384615 49 0 0 0 0 0 0 0 0 0 0 0 0 0 0 0 0 0 0 0
"21" 21 0.0387596899225 49 0 0 0 0 0 0 0 0 0 0 0 0 0 0 0 0 0 0 0
"22" 22 0.413793103448 29 13 4 2 1 0 0 0 0 0 0 0 0 0 0 0 0 0 0 0
"23" 23 0.031007751938 43 4 2 0 0 0 0 0 0 0 0 0 0 0 0 0 0 0 0 0
"24" 24 0.0 48 1 0 0 0 0 0 0 0 0 0 0 0 0 0 0 0 0 0 0
"25" 25 0.0 49 0 0 0 0 0 0 0 0 0 0 0 0 0 0 0 0 0 0 0
"26" 26 0.015503875969 44 4 1 0 0 0 0 0 0 0 0 0 0 0 0 0 0 0 0 0
"27" 27 0.149253731343 49 0 0 0 0 0 0 0 0 0 0 0 0 0 0 0 0 0 0 0
"28" 28 0.647321428571 43 3 1 1 1 0 0 0 0 0 0 0 0 0 0 0 0 0 0 0
"29" 29 1.29807692308 46 2 1 0 0 0 0 0 0 0 0 0 0 0 0 0 0 0 0 0
"30" 30 0.653846153846 45 2 2 0 0 0 0 0 0 0 0 0 0 0 0 0 0 0 0 0
"31" 31 0.396551724138 45 4 0 0 0 0 0 0 0 0 0 0 0 0 0 0 0 0 0 0
"32" 32 0.302325581395 41 4 3 1 0 0 0 0 0 0 0 0 0 0 0 0 0 0 0 0
"33" 33 0.536496350365 49 0 0 0 0 0 0 0 0 0 0 0 0 0 0 0 0 0 0 0
"34" 34 0.224770642202 45 2 2 0 0 0 0 0 0 0 0 0 0 0 0 0 0 0 0 0
"35" 35 0.093023255814 26 21 1 1 0 0 0 0 0 0 0 0 0 0 0 0 0 0 0 0
"36" 36 0.378238341969 42 4 3 0 0 0 0 0 0 0 0 0 0 0 0 0 0 0 0 0
"37" 37 0.295597484277 45 3 1 0 0 0 0 0 0 0 0 0 0 0 0 0 0 0 0 0
"38" 38 0.540697674419 16 9 5 4 4 4 2 2 2 1 0 0 0 0 0 0 0 0 0 0
"39" 39 0.14367816092 18 10 8 7 5 1 0 0 0 0 0 0 0 0 0 0 0 0 0 0
"40" 40 0.0 39 9 1 0 0 0 0 0 0 0 0 0 0 0 0 0 0 0 0 0
"41" 41 0.415178571429 23 14 5 3 1 1 1 1 0 0 0 0 0 0 0 0 0 0 0 0
"42" 42 0.375 36 4 3 2 2 1 1 0 0 0 0 0 0 0 0 0 0 0 0 0
"43" 43 0.0 41 8 0 0 0 0 0 0 0 0 0 0 0 0 0 0 0 0 0 0
"44" 44 0.197247706422 23 8 7 6 2 1 1 1 0 0 0 0 0 0 0 0 0 0 0 0
"45" 45 0.723076923077 10 9 8 7 5 4 3 1 1 1 0 0 0 0 0 0 0 0 0 0
"46" 46 0.077519379845 29 7 4 3 2 1 1 1 1 0 0 0 0 0 0 0 0 0 0 0
"47" 47 0.0862068965517 47 2 0 0 0 0 0 0 0 0 0 0 0 0 0 0 0 0 0 0
"48" 48 0.788079470199 31 15 3 0 0 0 0 0 0 0 0 0 0 0 0 0 0 0 0 0
"49" 49 0.172588832487 48 1 0 0 0 0 0 0 0 0 0 0 0 0 0 0 0 0 0 0
"50" 50 0.364779874214 48 1 0 0 0 0 0 0 0 0 0 0 0 0 0 0 0 0 0 0
"51" 51 0.0172413793103 48 1 0 0 0 0 0 0 0 0 0 0 0 0 0 0 0 0 0 0
"52" 52 0.0275229357798 46 1 1 1 0 0 0 0 0 0 0 0 0 0 0 0 0 0 0 0
"53" 53 0.0077519379845 48 1 0 0 0 0 0 0 0 0 0 0 0 0 0 0 0 0 0 0
"54" 54 0.147679324895 48 1 0 0 0 0 0 0 0 0 0 0 0 0 0 0 0 0 0 0
"55" 55 0.0 22 18 9 0 0 0 0 0 0 0 0 0 0 0 0 0 0 0 0 0
"56" 56 0.142335766423 50 0 0 0 0 0 0 0 0 0 0 0 0 0 0 0 0 0 0 0
"57" 57 0.0913705583756 49 1 0 0 0 0 0 0 0 0 0 0 0 0 0 0 0 0 0 0
"58" 58 0.153846153846 50 0 0 0 0 0 0 0 0 0 0 0 0 0 0 0 0 0 0 0
"59" 59 0.234449760766 50 0 0 0 0 0 0 0 0 0 0 0 0 0 0 0 0 0 0 0
"60" 60 0.399239543726 34 9 4 1 1 1 0 0 0 0 0 0 0 0 0 0 0 0 0 0
"61" 61 0.505747126437 36 6 3 2 1 1 1 0 0 0 0 0 0 0 0 0 0 0 0 0
"62" 62 0.0401785714286 50 0 0 0 0 0 0 0 0 0 0 0 0 0 0 0 0 0 0 0
"63" 63 0.0 47 2 1 0 0 0 0 0 0 0 0 0 0 0 0 0 0 0 0 0
"64" 64 0.244525547445 31 12 2 2 2 1 0 0 0 0 0 0 0 0 0 0 0 0 0 0
"65" 65 0.310344827586 33 14 2 1 0 0 0 0 0 0 0 0 0 0 0 0 0 0 0 0
"66" 66 0.0 49 1 0 0 0 0 0 0 0 0 0 0 0 0 0 0 0 0 0 0
"67" 67 0.169642857143 41 6 3 0 0 0 0 0 0 0 0 0 0 0 0 0 0 0 0 0
"68" 68 0.68992248062 28 13 6 1 1 1 0 0 0 0 0 0 0 0 0 0 0 0 0 0
"69" 69 0.218905472637 32 11 4 1 1 1 0 0 0 0 0 0 0 0 0 0 0 0 0 0
"70" 70 0.403846153846 38 4 4 1 1 1 1 0 0 0 0 0 0 0 0 0 0 0 0 0
"71" 71 0.0459770114943 34 16 0 0 0 0 0 0 0 0 0 0 0 0 0 0 0 0 0 0
"72" 72 0.388601036269 50 0 0 0 0 0 0 0 0 0 0 0 0 0 0 0 0 0 0 0
"73" 73 0.178707224335 27 13 9 1 0 0 0 0 0 0 0 0 0 0 0 0 0 0 0 0
"74" 74 0.0 43 4 3 0 0 0 0 0 0 0 0 0 0 0 0 0 0 0 0 0
"75" 75 0.0103626943005 50 0 0 0 0 0 0 0 0 0 0 0 0 0 0 0 0 0 0 0
"76" 76 0.0133928571429 50 0 0 0 0 0 0 0 0 0 0 0 0 0 0 0 0 0 0 0
"77" 77 0.0 50 0 0 0 0 0 0 0 0 0 0 0 0 0 0 0 0 0 0 0
"78" 78 0.214285714286 50 0 0 0 0 0 0 0 0 0 0 0 0 0 0 0 0 0 0 0
"79" 79 0.385057471264 49 1 0 0 0 0 0 0 0 0 0 0 0 0 0 0 0 0 0 0
"80" 80 0.0995024875622 50 0 0 0 0 0 0 0 0 0 0 0 0 0 0 0 0 0 0 0
"81" 81 0.302325581395 42 7 1 0 0 0 0 0 0 0 0 0 0 0 0 0 0 0 0 0
"82" 82 0.314465408805 45 2 2 1 0 0 0 0 0 0 0 0 0 0 0 0 0 0 0 0
"83" 83 0.418604651163 49 1 0 0 0 0 0 0 0 0 0 0 0 0 0 0 0 0 0 0
"84" 84 0.274611398964 50 0 0 0 0 0 0 0 0 0 0 0 0 0 0 0 0 0 0 0
"85" 85 0.785714285714 22 14 3 2 2 2 1 1 1 1 1 0 0 0 0 0 0 0 0 0
"86" 86 0.678571428571 10 8 5 4 4 3 3 3 3 2 1 1 1 1 1 0 0 0 0 0
"87" 87 0.556485355649 18 11 11 9 1 0 0 0 0 0 0 0 0 0 0 0 0 0 0 0
"88" 88 0.248803827751 49 1 0 0 0 0 0 0 0 0 0 0 0 0 0 0 0 0 0 0
"89" 89 0.0253807106599 41 6 3 0 0 0 0 0 0 0 0 0 0 0 0 0 0 0 0 0
"90" 90 0.284974093264 25 14 3 2 1 1 1 1 1 1 0 0 0 0 0 0 0 0 0 0
"91" 91 0.0210970464135 50 0 0 0 0 0 0 0 0 0 0 0 0 0 0 0 0 0 0 0
"92" 92 0.587591240876 8 8 6 6 6 5 5 3 1 1 1 0 0 0 0 0 0 0 0 0
"93" 93 0.457399103139 12 11 6 5 5 2 2 2 2 1 1 1 0 0 0 0 0 0 0 0
"94" 94 0.0753138075314 46 3 1 0 0 0 0 0 0 0 0 0 0 0 0 0 0 0 0 0
"95" 95 0.761627906977 21 15 3 3 3 2 1 1 1 0 0 0 0 0 0 0 0 0 0 0
"96" 96 0.0689655172414 36 5 5 2 1 1 0 0 0 0 0 0 0 0 0 0 0 0 0 0
"97" 97 0.251572327044 49 1 0 0 0 0 0 0 0 0 0 0 0 0 0 0 0 0 0 0
"98" 98 0.00418410041841 48 1 1 0 0 0 0 0 0 0 0 0 0 0 0 0 0 0 0 0
"99" 99 0.0 48 1 1 0 0 0 0 0 0 0 0 0 0 0 0 0 0 0 0 0
"100" 100 0.0126582278481 47 3 0 0 0 0 0 0 0 0 0 0 0 0 0 0 0 0 0 0
"101" 101 0.0384615384615 50 0 0 0 0 0 0 0 0 0 0 0 0 0 0 0 0 0 0 0
"102" 102 0.00632911392405 33 16 1 0 0 0 0 0 0 0 0 0 0 0 0 0 0 0 0 0
"103" 103 0.441605839416 39 6 5 0 0 0 0 0 0 0 0 0 0 0 0 0 0 0 0 0
"104" 104 0.269430051813 34 11 2 2 1 0 0 0 0 0 0 0 0 0 0 0 0 0 0 0
"105" 105 0.0 49 1 0 0 0 0 0 0 0 0 0 0 0 0 0 0 0 0 0 0
"106" 106 0.0 46 1 1 1 1 0 0 0 0 0 0 0 0 0 0 0 0 0 0 0
"107" 107 0.0401785714286 50 0 0 0 0 0 0 0 0 0 0 0 0 0 0 0 0 0 0 0
"108" 108 0.0 50 0 0 0 0 0 0 0 0 0 0 0 0 0 0 0 0 0 0 0
"109" 109 0.0 42 5 3 0 0 0 0 0 0 0 0 0 0 0 0 0 0 0 0 0
"110" 110 0.332116788321 50 0 0 0 0 0 0 0 0 0 0 0 0 0 0 0 0 0 0 0
"111" 111 0.0620437956204 50 0 0 0 0 0 0 0 0 0 0 0 0 0 0 0 0 0 0 0
"112" 112 0.142131979695 48 2 0 0 0 0 0 0 0 0 0 0 0 0 0 0 0 0 0 0
"113" 113 0.387596899225 12 11 7 4 3 2 2 2 2 2 1 1 1 0 0 0 0 0 0 0
"114" 114 0.178571428571 50 0 0 0 0 0 0 0 0 0 0 0 0 0 0 0 0 0 0 0
"115" 115 0.192307692308 50 0 0 0 0 0 0 0 0 0 0 0 0 0 0 0 0 0 0 0
"116" 116 0.046511627907 50 0 0 0 0 0 0 0 0 0 0 0 0 0 0 0 0 0 0 0
"117" 117 0.370860927152 28 18 2 1 1 0 0 0 0 0 0 0 0 0 0 0 0 0 0 0
"118" 118 0.0366972477064 47 2 1 0 0 0 0 0 0 0 0 0 0 0 0 0 0 0 0 0
"119" 119 0.0 42 8 0 0 0 0 0 0 0 0 0 0 0 0 0 0 0 0 0 0
"120" 120 0.0474452554745 50 0 0 0 0 0 0 0 0 0 0 0 0 0 0 0 0 0 0 0
"121" 121 0.00581395348837 45 4 1 0 0 0 0 0 0 0 0 0 0 0 0 0 0 0 0 0
"122" 122 0.160337552743 49 1 0 0 0 0 0 0 0 0 0 0 0 0 0 0 0 0 0 0
"123" 123 0.115384615385 50 0 0 0 0 0 0 0 0 0 0 0 0 0 0 0 0 0 0 0
"124" 124 0.375 50 0 0 0 0 0 0 0 0 0 0 0 0 0 0 0 0 0 0 0
"125" 125 0.459119496855 38 11 1 0 0 0 0 0 0 0 0 0 0 0 0 0 0 0 0 0
"126" 126 0.836538461538 50 0 0 0 0 0 0 0 0 0 0 0 0 0 0 0 0 0 0 0
"127" 127 0.406976744186 48 1 1 0 0 0 0 0 0 0 0 0 0 0 0 0 0 0 0 0
"128" 128 0.442307692308 50 0 0 0 0 0 0 0 0 0 0 0 0 0 0 0 0 0 0 0
"129" 129 0.389743589744 31 19 0 0 0 0 0 0 0 0 0 0 0 0 0 0 0 0 0 0
"130" 130 0.126903553299 31 19 0 0 0 0 0 0 0 0 0 0 0 0 0 0 0 0 0 0
"131" 131 0.362068965517 30 8 6 3 1 1 1 0 0 0 0 0 0 0 0 0 0 0 0 0
"132" 132 0.21875 41 7 1 1 0 0 0 0 0 0 0 0 0 0 0 0 0 0 0 0
"133" 133 0.0 49 1 0 0 0 0 0 0 0 0 0 0 0 0 0 0 0 0 0 0
"134" 134 0.172413793103 47 1 1 1 0 0 0 0 0 0 0 0 0 0 0 0 0 0 0 0
"135" 135 0.503649635036 28 14 3 2 1 1 1 0 0 0 0 0 0 0 0 0 0 0 0 0
"136" 136 0.0574162679426 48 1 1 0 0 0 0 0 0 0 0 0 0 0 0 0 0 0 0 0
"137" 137 0.0 22 13 5 4 2 1 1 1 1 0 0 0 0 0 0 0 0 0 0 0
"138" 138 0.547445255474 44 5 1 0 0 0 0 0 0 0 0 0 0 0 0 0 0 0 0 0
"139" 139 0.438818565401 18 10 8 5 3 2 2 1 1 0 0 0 0 0 0 0 0 0 0 0
"140" 140 0.00574712643678 22 22 4 2 0 0 0 0 0 0 0 0 0 0 0 0 0 0 0 0
"141" 141 0.102564102564 23 7 7 5 3 2 1 1 1 0 0 0 0 0 0 0 0 0 0 0
"142" 142 0.403100775194 11 10 8 7 5 4 2 2 1 0 0 0 0 0 0 0 0 0 0 0
"143" 143 0.112107623318 31 8 7 2 1 1 0 0 0 0 0 0 0 0 0 0 0 0 0 0
"144" 144 0.0609137055838 40 5 3 2 0 0 0 0 0 0 0 0 0 0 0 0 0 0 0 0
"145" 145 0.532846715328 26 5 4 4 3 2 2 2 1 1 0 0 0 0 0 0 0 0 0 0
"146" 146 0.455696202532 12 9 6 5 5 3 3 2 1 1 1 1 1 0 0 0 0 0 0 0
"147" 147 0.0 22 13 6 5 2 1 1 0 0 0 0 0 0 0 0 0 0 0 0 0
"148" 148 0.281609195402 10 8 7 5 4 4 3 2 2 1 1 1 1 1 0 0 0 0 0 0
"149" 149 0.748717948718 14 8 7 3 3 3 2 2 2 2 1 1 1 1 0 0 0 0 0 0
"150" 150 0.0871559633028 19 14 6 4 3 3 1 0 0 0 0 0 0 0 0 0 0 0 0 0
"151" 151 0.384105960265 17 6 5 5 4 4 4 2 1 1 1 0 0 0 0 0 0 0 0 0
"152" 152 0.446428571429 25 10 4 3 2 1 1 1 1 1 1 0 0 0 0 0 0 0 0 0
"153" 153 0.704663212435 24 13 3 3 2 1 1 1 1 1 0 0 0 0 0 0 0 0 0 0
"154" 154 0.477678571429 42 4 3 1 0 0 0 0 0 0 0 0 0 0 0 0 0 0 0 0
"155" 155 0.0 36 5 5 2 1 1 0 0 0 0 0 0 0 0 0 0 0 0 0 0
"156" 156 0.48275862069 14 11 6 6 3 3 2 1 1 1 1 1 0 0 0 0 0 0 0 0
"157" 157 0.53488372093 17 10 5 3 3 3 2 2 1 1 1 1 1 0 0 0 0 0 0 0
"158" 158 0.116071428571 9 9 6 5 5 5 4 2 2 2 1 0 0 0 0 0 0 0 0 0
"159" 159 0.0387596899225 46 2 1 1 0 0 0 0 0 0 0 0 0 0 0 0 0 0 0 0
"160" 160 0.776371308017 34 12 2 1 1 0 0 0 0 0 0 0 0 0 0 0 0 0 0 0
"161" 161 0.717488789238 26 6 6 4 3 1 1 1 1 1 0 0 0 0 0 0 0 0 0 0
"162" 162 0.129353233831 26 13 6 2 1 1 1 0 0 0 0 0 0 0 0 0 0 0 0 0
"163" 163 0.365384615385 25 11 5 4 3 2 0 0 0 0 0 0 0 0 0 0 0 0 0 0
"164" 164 0.100775193798 34 12 2 1 1 0 0 0 0 0 0 0 0 0 0 0 0 0 0 0
"165" 165 0.276729559748 41 4 3 1 1 0 0 0 0 0 0 0 0 0 0 0 0 0 0 0
"166" 166 0.206896551724 25 6 5 4 3 2 1 1 1 1 1 0 0 0 0 0 0 0 0 0
"167" 167 0.549107142857 27 15 3 2 1 1 1 0 0 0 0 0 0 0 0 0 0 0 0 0
"168" 168 0.0804597701149 40 6 4 0 0 0 0 0 0 0 0 0 0 0 0 0 0 0 0 0
"169" 169 0.0 25 22 2 1 0 0 0 0 0 0 0 0 0 0 0 0 0 0 0 0
"170" 170 0.328467153285 16 8 7 6 5 2 2 1 1 1 1 0 0 0 0 0 0 0 0 0
"171" 171 0.299107142857 18 11 10 3 3 2 1 1 1 0 0 0 0 0 0 0 0 0 0 0
"172" 172 0.0 24 16 9 1 0 0 0 0 0 0 0 0 0 0 0 0 0 0 0 0
"173" 173 0.20253164557 19 11 9 4 2 2 1 1 1 0 0 0 0 0 0 0 0 0 0 0
"174" 174 0.605839416058 15 13 8 5 2 2 2 1 1 1 0 0 0 0 0 0 0 0 0 0
"175" 175 0.358208955224 22 9 5 4 3 2 2 1 1 1 0 0 0 0 0 0 0 0 0 0
"176" 176 0.375 42 6 2 0 0 0 0 0 0 0 0 0 0 0 0 0 0 0 0 0
"177" 177 0.357664233577 30 18 1 1 0 0 0 0 0 0 0 0 0 0 0 0 0 0 0 0
"178" 178 0.0199004975124 49 1 0 0 0 0 0 0 0 0 0 0 0 0 0 0 0 0 0 0
"179" 179 0.295597484277 50 0 0 0 0 0 0 0 0 0 0 0 0 0 0 0 0 0 0 0
"180" 180 0.126436781609 48 1 1 0 0 0 0 0 0 0 0 0 0 0 0 0 0 0 0 0
"181" 181 0.35632183908 41 5 3 1 0 0 0 0 0 0 0 0 0 0 0 0 0 0 0 0
"182" 182 0.0153846153846 44 2 2 1 1 0 0 0 0 0 0 0 0 0 0 0 0 0 0 0
"183" 183 0.071129707113 50 0 0 0 0 0 0 0 0 0 0 0 0 0 0 0 0 0 0 0
"184" 184 0.0 40 5 2 1 1 0 0 0 0 0 0 0 0 0 0 0 0 0 0 0
"185" 185 0.0697674418605 50 0 0 0 0 0 0 0 0 0 0 0 0 0 0 0 0 0 0 0
"186" 186 0.105769230769 50 0 0 0 0 0 0 0 0 0 0 0 0 0 0 0 0 0 0 0
"187" 187 0.125 50 0 0 0 0 0 0 0 0 0 0 0 0 0 0 0 0 0 0 0
"188" 188 0.0804597701149 28 21 1 0 0 0 0 0 0 0 0 0 0 0 0 0 0 0 0 0
"189" 189 0.273255813953 44 2 2 2 0 0 0 0 0 0 0 0 0 0 0 0 0 0 0 0
"190" 190 0.331395348837 50 0 0 0 0 0 0 0 0 0 0 0 0 0 0 0 0 0 0 0
"191" 191 0.0377358490566 50 0 0 0 0 0 0 0 0 0 0 0 0 0 0 0 0 0 0 0
"192" 192 0.37984496124 48 1 1 0 0 0 0 0 0 0 0 0 0 0 0 0 0 0 0 0
"193" 193 0.150259067358 50 0 0 0 0 0 0 0 0 0 0 0 0 0 0 0 0 0 0 0
"194" 194 0.0 47 1 1 1 0 0 0 0 0 0 0 0 0 0 0 0 0 0 0 0
"195" 195 0.0542635658915 48 2 0 0 0 0 0 0 0 0 0 0 0 0 0 0 0 0 0 0
"196" 196 0.318407960199 45 4 1 0 0 0 0 0 0 0 0 0 0 0 0 0 0 0 0 0
"197" 197 0.0 37 6 4 3 0 0 0 0 0 0 0 0 0 0 0 0 0 0 0 0
"198" 198 0.0183486238532 45 3 1 1 0 0 0 0 0 0 0 0 0 0 0 0 0 0 0 0
"199" 199 0.526315789474 30 7 5 2 2 1 1 1 1 0 0 0 0 0 0 0 0 0 0 0
"200" 200 0.044776119403 47 1 1 1 0 0 0 0 0 0 0 0 0 0 0 0 0 0 0 0
"201" 201 0.336538461538 49 1 0 0 0 0 0 0 0 0 0 0 0 0 0 0 0 0 0 0
"202" 202 0.0 24 17 3 2 2 2 0 0 0 0 0 0 0 0 0 0 0 0 0 0
"203" 203 0.0880829015544 41 9 0 0 0 0 0 0 0 0 0 0 0 0 0 0 0 0 0 0
"204" 204 0.0 47 2 1 0 0 0 0 0 0 0 0 0 0 0 0 0 0 0 0 0
"205" 205 0.0 43 7 0 0 0 0 0 0 0 0 0 0 0 0 0 0 0 0 0 0
"206" 206 0.0585774058577 50 0 0 0 0 0 0 0 0 0 0 0 0 0 0 0 0 0 0 0
"207" 207 0.0344827586207 50 0 0 0 0 0 0 0 0 0 0 0 0 0 0 0 0 0 0 0
"208" 208 0.269230769231 50 0 0 0 0 0 0 0 0 0 0 0 0 0 0 0 0 0 0 0
"209" 209 0.298013245033 50 0 0 0 0 0 0 0 0 0 0 0 0 0 0 0 0 0 0 0
"210" 210 0.307692307692 49 1 0 0 0 0 0 0 0 0 0 0 0 0 0 0 0 0 0 0
"211" 211 0.0253807106599 48 2 0 0 0 0 0 0 0 0 0 0 0 0 0 0 0 0 0 0
"212" 212 0.146443514644 50 0 0 0 0 0 0 0 0 0 0 0 0 0 0 0 0 0 0 0
"213" 213 0.679324894515 44 2 2 1 1 0 0 0 0 0 0 0 0 0 0 0 0 0 0 0
"214" 214 0.172185430464 45 4 1 0 0 0 0 0 0 0 0 0 0 0 0 0 0 0 0 0
"215" 215 0.821428571429 12 12 6 5 5 3 2 2 1 1 1 0 0 0 0 0 0 0 0 0
"216" 216 0.415384615385 27 18 3 1 1 0 0 0 0 0 0 0 0 0 0 0 0 0 0 0
"217" 217 0.176100628931 47 3 0 0 0 0 0 0 0 0 0 0 0 0 0 0 0 0 0 0
"218" 218 0.290178571429 25 9 4 2 2 2 1 1 1 1 1 1 0 0 0 0 0 0 0 0
"219" 219 0.438818565401 34 5 4 3 1 1 1 1 0 0 0 0 0 0 0 0 0 0 0 0
"220" 220 0.148288973384 29 7 5 5 3 1 0 0 0 0 0 0 0 0 0 0 0 0 0 0
"221" 221 0.0 48 1 1 0 0 0 0 0 0 0 0 0 0 0 0 0 0 0 0 0
"222" 222 0.481751824818 21 17 5 2 2 1 1 1 0 0 0 0 0 0 0 0 0 0 0 0
"223" 223 0.0542635658915 47 2 1 0 0 0 0 0 0 0 0 0 0 0 0 0 0 0 0 0
"224" 224 0.00507614213198 47 2 1 0 0 0 0 0 0 0 0 0 0 0 0 0 0 0 0 0
"225" 225 0.0977011494253 50 0 0 0 0 0 0 0 0 0 0 0 0 0 0 0 0 0 0 0
"226" 226 0.433035714286 20 10 9 4 3 1 1 1 1 0 0 0 0 0 0 0 0 0 0 0
"227" 227 0.0 50 0 0 0 0 0 0 0 0 0 0 0 0 0 0 0 0 0 0 0
"228" 228 0.0 25 23 2 0 0 0 0 0 0 0 0 0 0 0 0 0 0 0 0 0
"229" 229 0.354651162791 29 9 4 2 2 1 1 1 1 0 0 0 0 0 0 0 0 0 0 0
"230" 230 0.282296650718 26 12 10 1 1 0 0 0 0 0 0 0 0 0 0 0 0 0 0 0
"231" 231 0.19391634981 37 7 6 0 0 0 0 0 0 0 0 0 0 0 0 0 0 0 0 0
"232" 232 0.553571428571 17 14 7 5 4 2 1 0 0 0 0 0 0 0 0 0 0 0 0 0
"233" 233 0.388601036269 37 10 2 1 0 0 0 0 0 0 0 0 0 0 0 0 0 0 0 0
"234" 234 0.543726235741 29 9 9 1 1 0 0 0 0 0 0 0 0 0 0 0 0 0 0 0
"235" 235 0.714285714286 14 14 6 6 2 2 2 1 1 1 0 0 0 0 0 0 0 0 0 0
"236" 236 0.223880597015 14 10 9 5 4 3 2 1 1 0 0 0 0 0 0 0 0 0 0 0
"237" 237 0.0609137055838 31 13 5 0 0 0 0 0 0 0 0 0 0 0 0 0 0 0 0 0
"238" 238 0.410852713178 32 7 2 1 1 1 1 1 1 1 0 0 0 0 0 0 0 0 0 0
"239" 239 0.583732057416 32 6 3 2 2 2 1 0 0 0 0 0 0 0 0 0 0 0 0 0
"240" 240 0.164179104478 28 8 5 5 1 1 0 0 0 0 0 0 0 0 0 0 0 0 0 0
"241" 241 0.403973509934 45 2 1 0 0 0 0 0 0 0 0 0 0 0 0 0 0 0 0 0
"242" 242 0.607594936709 15 13 8 5 2 1 1 1 1 0 0 0 0 0 0 0 0 0 0 0
"243" 243 0.596153846154 18 13 10 2 1 0 0 0 0 0 0 0 0 0 0 0 0 0 0 0
"244" 244 0.691542288557 42 1 1 0 0 0 0 0 0 0 0 0 0 0 0 0 0 0 0 0
