"site" "RSA" "aa1" "aa2" "aa3" "aa4" "aa5" "aa6" "aa7" "aa8" "aa9" "aa10" "aa11" "aa12" "aa13" "aa14" "aa15" "aa16" "aa17" "aa18" "aa19" "aa20"
"0" 0 0.353211009174 119 101 69 66 56 49 12 10 7 4 4 2 1 0 0 0 0 0 0 0
"1" 1 0.0 308 122 37 22 6 5 0 0 0 0 0 0 0 0 0 0 0 0 0 0
"2" 2 0.133720930233 243 92 65 41 22 15 8 7 3 2 2 0 0 0 0 0 0 0 0 0
"3" 3 0.00961538461538 500 0 0 0 0 0 0 0 0 0 0 0 0 0 0 0 0 0 0 0
"4" 4 0.462686567164 379 78 17 17 3 2 1 1 1 1 0 0 0 0 0 0 0 0 0 0
"5" 5 0.14367816092 316 77 67 22 9 3 2 2 1 1 0 0 0 0 0 0 0 0 0 0
"6" 6 0.383928571429 230 66 64 58 30 18 15 10 2 2 2 2 1 0 0 0 0 0 0 0
"7" 7 0.108527131783 401 37 34 26 2 0 0 0 0 0 0 0 0 0 0 0 0 0 0 0
"8" 8 0.304568527919 354 87 29 16 12 1 1 0 0 0 0 0 0 0 0 0 0 0 0 0
"9" 9 0.00961538461538 412 71 16 1 0 0 0 0 0 0 0 0 0 0 0 0 0 0 0 0
"10" 10 0.304597701149 157 86 68 42 40 37 25 22 14 6 3 0 0 0 0 0 0 0 0 0
"11" 11 0.0 136 115 77 76 28 19 13 11 8 7 7 1 1 1 0 0 0 0 0 0
"12" 12 0.350210970464 197 154 44 36 29 14 12 11 1 1 1 0 0 0 0 0 0 0 0 0
"13" 13 0.341968911917 143 129 76 48 33 24 10 9 7 6 5 4 2 2 1 1 0 0 0 0
"14" 14 0.195402298851 227 70 63 38 23 22 20 7 6 6 4 3 3 3 2 2 1 0 0 0
"15" 15 0.538116591928 226 82 58 33 26 25 10 10 7 6 6 4 3 2 1 1 0 0 0 0
"16" 16 0.519230769231 500 0 0 0 0 0 0 0 0 0 0 0 0 0 0 0 0 0 0 0
"17" 17 0.401162790698 198 119 63 49 13 13 10 10 6 6 4 3 3 1 1 1 0 0 0 0
"18" 18 0.451776649746 108 83 42 40 37 35 33 31 22 20 19 17 4 4 3 1 1 0 0 0
"19" 19 0.720207253886 137 109 97 42 41 31 21 14 3 3 1 1 0 0 0 0 0 0 0 0
"20" 20 0.712820512821 118 107 101 52 42 22 21 10 9 7 6 3 2 0 0 0 0 0 0 0
"21" 21 0.125 500 0 0 0 0 0 0 0 0 0 0 0 0 0 0 0 0 0 0 0
"22" 22 0.0962343096234 256 75 57 53 26 17 13 3 0 0 0 0 0 0 0 0 0 0 0 0
"23" 23 0.457364341085 225 74 58 48 31 22 20 12 3 2 2 2 1 0 0 0 0 0 0 0
"24" 24 0.0137614678899 114 99 72 68 57 53 11 9 7 5 4 1 0 0 0 0 0 0 0 0
"25" 25 0.337552742616 224 140 29 25 21 21 11 9 6 6 4 3 1 0 0 0 0 0 0 0
"26" 26 0.0 279 162 19 17 5 5 5 3 2 2 1 0 0 0 0 0 0 0 0 0
"27" 27 0.308035714286 342 59 26 26 23 14 5 3 1 1 0 0 0 0 0 0 0 0 0 0
"28" 28 0.0 441 30 18 7 3 1 0 0 0 0 0 0 0 0 0 0 0 0 0 0
"29" 29 0.295597484277 347 61 34 21 18 17 1 1 0 0 0 0 0 0 0 0 0 0 0 0
"30" 30 0.434977578475 193 134 100 23 12 9 9 7 6 3 2 1 1 0 0 0 0 0 0 0
"31" 31 0.0203045685279 160 145 40 33 31 30 24 23 5 4 2 2 1 0 0 0 0 0 0 0
"32" 32 0.0348258706468 318 144 13 10 6 5 1 1 1 1 0 0 0 0 0 0 0 0 0 0
"33" 33 0.658031088083 95 83 75 55 45 40 36 25 17 13 5 4 3 3 1 0 0 0 0 0
"34" 34 0.476683937824 224 92 90 56 17 13 3 3 2 0 0 0 0 0 0 0 0 0 0 0
"35" 35 0.101265822785 296 55 29 28 20 17 16 15 14 4 2 2 2 0 0 0 0 0 0 0
"36" 36 0.622009569378 117 84 76 71 62 41 15 10 9 7 4 2 2 0 0 0 0 0 0 0
"37" 37 0.459302325581 88 86 70 68 38 28 23 22 18 17 16 14 6 3 2 1 0 0 0 0
"38" 38 0.413461538462 500 0 0 0 0 0 0 0 0 0 0 0 0 0 0 0 0 0 0 0
"39" 39 0.310880829016 113 88 76 63 53 30 21 13 11 10 7 6 3 3 2 1 0 0 0 0
"40" 40 0.284768211921 249 82 43 27 26 21 14 10 6 5 5 4 4 3 1 0 0 0 0 0
"41" 41 0.0203045685279 212 79 71 38 31 27 15 8 4 4 3 3 2 1 1 1 0 0 0 0
"42" 42 0.031007751938 345 116 21 8 7 2 1 0 0 0 0 0 0 0 0 0 0 0 0 0
"43" 43 0.0 201 114 103 47 11 10 5 3 3 2 1 0 0 0 0 0 0 0 0 0
"44" 44 0.0307692307692 320 129 19 16 7 3 2 2 1 1 0 0 0 0 0 0 0 0 0 0
"45" 45 0.0384615384615 500 0 0 0 0 0 0 0 0 0 0 0 0 0 0 0 0 0 0 0
"46" 46 0.0348837209302 135 119 117 48 42 15 7 5 4 3 3 1 1 0 0 0 0 0 0 0
"47" 47 0.196202531646 189 96 52 49 37 32 18 13 7 5 2 0 0 0 0 0 0 0 0 0
"48" 48 0.0348258706468 320 59 46 28 15 11 10 5 2 2 1 1 0 0 0 0 0 0 0 0
"49" 49 0.447674418605 152 86 74 50 38 33 27 13 13 3 3 3 3 1 1 0 0 0 0 0
"50" 50 0.00574712643678 178 157 73 29 28 16 8 6 3 1 1 0 0 0 0 0 0 0 0 0
"51" 51 0.453488372093 114 83 76 59 48 47 26 17 17 4 3 3 2 1 0 0 0 0 0 0
"52" 52 0.512953367876 282 114 41 25 13 11 8 3 1 1 1 0 0 0 0 0 0 0 0 0
"53" 53 0.280334728033 278 98 82 23 8 6 4 1 0 0 0 0 0 0 0 0 0 0 0 0
"54" 54 0.40414507772 294 91 64 27 14 9 1 0 0 0 0 0 0 0 0 0 0 0 0 0
"55" 55 0.71897810219 246 170 57 7 7 4 3 2 2 1 1 0 0 0 0 0 0 0 0 0
"56" 56 0.475285171103 167 133 64 59 38 13 11 7 3 2 2 1 0 0 0 0 0 0 0 0
"57" 57 0.129186602871 224 111 54 50 23 20 5 4 4 4 1 0 0 0 0 0 0 0 0 0
"58" 58 0.0 222 178 57 23 10 5 2 1 1 1 0 0 0 0 0 0 0 0 0 0
"59" 59 0.232558139535 197 132 69 49 18 18 7 5 1 1 1 1 1 0 0 0 0 0 0 0
"60" 60 0.0114942528736 236 57 52 45 42 23 20 14 6 4 1 0 0 0 0 0 0 0 0 0
"61" 61 0.451923076923 257 87 76 24 19 15 8 6 5 2 1 0 0 0 0 0 0 0 0 0
"62" 62 0.0203045685279 240 158 47 16 10 7 6 6 3 2 2 1 1 1 0 0 0 0 0 0
"63" 63 0.403100775194 307 36 29 29 28 20 18 11 8 6 4 2 1 1 0 0 0 0 0 0
"64" 64 0.295597484277 121 120 84 63 21 21 19 15 11 8 4 3 3 2 2 1 1 1 0 0
"65" 65 0.424107142857 387 36 30 11 9 8 7 4 4 2 1 1 0 0 0 0 0 0 0 0
"66" 66 0.245033112583 101 76 74 71 48 45 39 10 10 9 6 4 3 2 1 1 0 0 0 0
"67" 67 0.0497512437811 351 122 10 4 4 2 2 1 1 1 1 1 0 0 0 0 0 0 0 0
"68" 68 0.496350364964 104 92 91 50 44 40 30 28 5 3 3 3 3 2 2 0 0 0 0 0
"69" 69 0.169154228856 256 220 10 4 2 2 2 1 1 1 1 0 0 0 0 0 0 0 0 0
"70" 70 0.0523255813953 325 170 3 2 0 0 0 0 0 0 0 0 0 0 0 0 0 0 0 0
"71" 71 0.0410256410256 312 72 55 48 10 2 1 0 0 0 0 0 0 0 0 0 0 0 0 0
"72" 72 0.0 147 78 67 49 46 41 34 28 4 4 1 1 0 0 0 0 0 0 0 0
"73" 73 0.134615384615 94 88 82 76 64 20 16 15 13 10 7 6 5 2 1 1 0 0 0 0
"74" 74 0.511210762332 229 62 42 35 34 20 20 18 13 9 8 7 2 1 0 0 0 0 0 0
"75" 75 0.0443037974684 234 68 57 44 17 15 14 13 11 7 7 3 3 3 2 2 0 0 0 0
"76" 76 0.556962025316 170 116 95 59 22 20 7 6 2 1 1 1 0 0 0 0 0 0 0 0
"77" 77 0.496124031008 179 168 74 25 22 10 7 5 5 2 2 1 0 0 0 0 0 0 0 0
"78" 78 0.519230769231 500 0 0 0 0 0 0 0 0 0 0 0 0 0 0 0 0 0 0 0
"79" 79 0.305699481865 202 76 69 31 23 17 14 14 14 10 9 8 5 4 2 2 0 0 0 0
"80" 80 0.396226415094 235 114 86 40 9 6 3 3 2 2 0 0 0 0 0 0 0 0 0 0
"81" 81 0.00574712643678 306 110 35 26 14 3 2 2 1 1 0 0 0 0 0 0 0 0 0 0
"82" 82 0.0102564102564 221 146 68 22 14 12 11 4 2 0 0 0 0 0 0 0 0 0 0 0
"83" 83 0.00497512437811 252 105 64 43 17 5 4 4 3 2 1 0 0 0 0 0 0 0 0 0
"84" 84 0.0535714285714 481 17 1 1 0 0 0 0 0 0 0 0 0 0 0 0 0 0 0 0
"85" 85 0.21897810219 153 119 72 64 38 17 14 7 4 4 3 2 1 1 1 0 0 0 0 0
"86" 86 0.341085271318 233 206 22 14 10 6 5 2 1 1 0 0 0 0 0 0 0 0 0 0
"87" 87 0.350574712644 99 82 69 60 54 36 33 28 15 10 4 4 3 2 1 0 0 0 0 0
"88" 88 0.800995024876 423 27 23 11 4 3 2 2 2 1 1 1 0 0 0 0 0 0 0 0
"89" 89 0.324503311258 206 102 61 28 22 16 14 13 12 8 7 7 2 1 1 0 0 0 0 0
"90" 90 0.748344370861 346 70 39 22 18 3 1 1 0 0 0 0 0 0 0 0 0 0 0 0
"91" 91 0.436046511628 154 128 84 77 19 10 8 7 5 5 2 1 0 0 0 0 0 0 0 0
"92" 92 0.142335766423 346 98 22 19 8 2 2 1 1 1 0 0 0 0 0 0 0 0 0 0
"93" 93 0.848623853211 318 74 60 15 11 10 6 3 2 1 0 0 0 0 0 0 0 0 0 0
"94" 94 0.317307692308 498 1 1 0 0 0 0 0 0 0 0 0 0 0 0 0 0 0 0 0
"95" 95 0.115384615385 500 0 0 0 0 0 0 0 0 0 0 0 0 0 0 0 0 0 0 0
"96" 96 0.0334928229665 208 111 72 34 33 25 13 2 1 1 0 0 0 0 0 0 0 0 0 0
"97" 97 0.384937238494 306 109 40 21 14 2 2 2 1 1 1 1 0 0 0 0 0 0 0 0
"98" 98 0.0114942528736 175 126 93 38 21 20 19 3 2 1 1 1 0 0 0 0 0 0 0 0
"99" 99 0.313901345291 95 90 74 70 66 42 28 11 6 6 6 4 1 1 0 0 0 0 0 0
"100" 100 0.0192307692308 500 0 0 0 0 0 0 0 0 0 0 0 0 0 0 0 0 0 0 0
"101" 101 0.516746411483 479 6 4 4 3 2 1 1 0 0 0 0 0 0 0 0 0 0 0 0
"102" 102 0.109195402299 297 131 42 11 9 4 3 3 0 0 0 0 0 0 0 0 0 0 0 0
"103" 103 0.186528497409 283 86 58 26 11 10 10 9 3 2 2 0 0 0 0 0 0 0 0 0
"104" 104 0.0 439 48 9 3 1 0 0 0 0 0 0 0 0 0 0 0 0 0 0 0
"105" 105 0.0114942528736 252 133 36 34 17 11 6 5 2 1 1 1 1 0 0 0 0 0 0 0
"106" 106 0.0 279 202 14 4 1 0 0 0 0 0 0 0 0 0 0 0 0 0 0 0
"107" 107 0.290178571429 271 97 36 26 24 18 11 7 4 2 1 1 1 1 0 0 0 0 0 0
"108" 108 0.0 287 73 46 40 39 8 4 3 0 0 0 0 0 0 0 0 0 0 0 0
"109" 109 0.189655172414 262 96 91 32 9 6 3 1 0 0 0 0 0 0 0 0 0 0 0 0
"110" 110 0.473214285714 170 112 83 38 36 17 16 12 5 4 4 2 1 0 0 0 0 0 0 0
"111" 111 0.282700421941 114 106 102 57 48 16 16 11 8 6 4 3 3 3 3 0 0 0 0 0
"112" 112 0.426160337553 180 99 58 47 32 23 20 12 8 7 6 4 2 1 1 0 0 0 0 0
"113" 113 0.52466367713 120 109 43 40 32 31 29 26 14 14 13 11 7 6 3 1 1 0 0 0
"114" 114 0.512953367876 360 48 32 18 10 9 7 6 4 2 1 1 1 1 0 0 0 0 0 0
"115" 115 0.605769230769 500 0 0 0 0 0 0 0 0 0 0 0 0 0 0 0 0 0 0 0
"116" 116 0.598214285714 149 123 82 54 34 21 15 6 5 4 3 1 1 1 1 0 0 0 0 0
"117" 117 0.131782945736 111 93 80 68 35 25 21 18 15 14 6 5 4 2 1 1 1 0 0 0
"118" 118 0.0609137055838 112 102 68 50 32 29 29 26 21 19 6 4 2 0 0 0 0 0 0 0
"119" 119 0.134715025907 104 89 87 64 38 34 31 18 14 12 7 2 0 0 0 0 0 0 0 0
"120" 120 0.0 258 91 49 48 21 15 5 5 4 3 1 0 0 0 0 0 0 0 0 0
"121" 121 0.0697674418605 202 112 44 34 31 30 19 9 7 6 5 1 0 0 0 0 0 0 0 0
"122" 122 0.0 431 40 27 1 1 0 0 0 0 0 0 0 0 0 0 0 0 0 0 0
"123" 123 0.434306569343 189 75 60 55 49 22 11 8 7 6 5 5 4 3 1 0 0 0 0 0
"124" 124 0.0251572327044 471 23 4 1 1 0 0 0 0 0 0 0 0 0 0 0 0 0 0 0
"125" 125 0.459854014599 115 87 72 64 52 39 30 13 10 8 5 2 1 1 1 0 0 0 0 0
"126" 126 0.259067357513 473 8 7 3 2 2 2 1 1 1 0 0 0 0 0 0 0 0 0 0
"127" 127 0.446540880503 293 68 39 23 22 15 13 11 6 6 3 1 0 0 0 0 0 0 0 0
"128" 128 0.489539748954 437 33 16 5 2 2 2 1 1 1 0 0 0 0 0 0 0 0 0 0
"129" 129 0.0172413793103 103 85 59 50 49 40 37 22 16 10 8 8 6 3 2 1 1 0 0 0
"130" 130 0.089552238806 486 4 3 1 1 1 1 1 1 1 0 0 0 0 0 0 0 0 0 0
"131" 131 0.540084388186 134 131 98 67 28 18 15 2 2 2 1 1 1 0 0 0 0 0 0 0
"132" 132 0.148288973384 339 75 41 28 8 5 4 0 0 0 0 0 0 0 0 0 0 0 0 0
"133" 133 0.0355329949239 391 78 17 8 3 1 1 1 0 0 0 0 0 0 0 0 0 0 0 0
"134" 134 0.522988505747 153 143 111 32 14 11 10 8 7 4 3 3 1 0 0 0 0 0 0 0
"135" 135 0.593155893536 156 144 62 54 31 19 12 8 3 2 2 2 2 1 1 1 0 0 0 0
"136" 136 0.586497890295 308 170 10 3 2 2 2 1 1 1 0 0 0 0 0 0 0 0 0 0
"137" 137 0.153846153846 274 163 44 6 4 2 2 1 1 1 1 1 0 0 0 0 0 0 0 0
"138" 138 0.414448669202 339 60 29 17 14 10 5 5 4 4 4 3 3 2 1 0 0 0 0 0
"139" 139 0.0 275 58 58 38 36 34 1 0 0 0 0 0 0 0 0 0 0 0 0 0
"140" 140 0.015503875969 211 94 75 74 35 4 3 2 1 1 0 0 0 0 0 0 0 0 0 0
"141" 141 0.0 284 149 22 18 15 9 3 0 0 0 0 0 0 0 0 0 0 0 0 0
"142" 142 0.0 318 166 12 2 2 0 0 0 0 0 0 0 0 0 0 0 0 0 0 0
"143" 143 0.0576923076923 500 0 0 0 0 0 0 0 0 0 0 0 0 0 0 0 0 0 0 0
"144" 144 0.0348837209302 156 97 62 59 35 33 17 12 9 7 5 4 2 1 1 0 0 0 0 0
"145" 145 0.145695364238 261 148 32 21 12 10 6 4 2 1 1 1 1 0 0 0 0 0 0 0
"146" 146 0.0597014925373 249 59 58 31 27 23 18 15 12 3 2 2 1 0 0 0 0 0 0 0
"147" 147 0.453488372093 233 114 36 30 29 25 11 8 4 3 3 2 2 0 0 0 0 0 0 0
"148" 148 0.00507614213198 352 121 17 6 2 1 1 0 0 0 0 0 0 0 0 0 0 0 0 0
"149" 149 0.28488372093 126 82 65 65 43 41 24 19 12 9 7 3 2 1 1 0 0 0 0 0
"150" 150 0.464114832536 122 82 76 71 40 34 19 17 12 11 7 5 2 1 1 0 0 0 0 0
"151" 151 0.241379310345 267 86 33 24 22 20 20 10 7 7 3 1 0 0 0 0 0 0 0 0
"152" 152 0.347150259067 266 86 81 40 26 1 0 0 0 0 0 0 0 0 0 0 0 0 0 0
"153" 153 0.740932642487 268 149 72 5 3 2 1 0 0 0 0 0 0 0 0 0 0 0 0 0
"154" 154 0.337748344371 96 94 89 71 56 52 11 9 9 6 4 2 1 0 0 0 0 0 0 0
"155" 155 0.104651162791 193 72 48 42 34 34 27 16 16 7 6 2 1 1 1 0 0 0 0 0
"156" 156 0.0 341 129 23 6 1 0 0 0 0 0 0 0 0 0 0 0 0 0 0 0
"157" 157 0.046357615894 238 139 61 41 8 7 4 2 0 0 0 0 0 0 0 0 0 0 0 0
"158" 158 0.0 282 90 76 17 12 6 6 4 3 3 1 0 0 0 0 0 0 0 0 0
"159" 159 0.261467889908 114 79 71 55 39 38 35 26 13 13 5 4 4 2 2 0 0 0 0 0
"160" 160 0.0045871559633 124 123 121 61 23 16 10 8 6 3 2 1 1 1 0 0 0 0 0 0
"161" 161 0.48730964467 132 62 55 51 32 27 26 25 23 22 16 13 12 2 1 1 0 0 0 0
"162" 162 0.370860927152 122 120 82 78 31 17 15 11 8 5 5 4 2 0 0 0 0 0 0 0
"163" 163 0.615969581749 282 106 43 18 15 12 7 6 5 3 2 1 0 0 0 0 0 0 0 0
"164" 164 0.168604651163 128 112 71 60 49 42 19 8 8 1 1 1 0 0 0 0 0 0 0 0
"165" 165 0.19730941704 95 66 66 53 44 33 27 26 24 23 17 8 6 6 3 2 1 0 0 0
"166" 166 0.576158940397 165 150 33 30 27 25 25 21 18 2 1 1 1 1 0 0 0 0 0 0
"167" 167 0.320675105485 327 128 14 11 6 6 4 1 1 1 1 0 0 0 0 0 0 0 0 0
"168" 168 0.0459770114943 301 73 63 30 18 5 5 2 1 1 1 0 0 0 0 0 0 0 0 0
"169" 169 0.0913705583756 351 47 36 23 18 10 5 4 2 2 1 1 0 0 0 0 0 0 0 0
"170" 170 0.0 139 95 88 69 45 27 15 8 7 5 1 1 0 0 0 0 0 0 0 0
"171" 171 0.108527131783 242 178 39 20 10 7 4 0 0 0 0 0 0 0 0 0 0 0 0 0
"172" 172 0.767932489451 121 102 99 67 59 21 10 10 4 3 2 1 1 0 0 0 0 0 0 0
"173" 173 0.126582278481 160 119 93 56 20 20 7 7 6 5 3 3 1 0 0 0 0 0 0 0
"174" 174 0.476923076923 420 16 15 14 12 7 6 3 3 2 2 0 0 0 0 0 0 0 0 0
"175" 175 0.494252873563 325 37 34 33 26 26 6 5 3 2 2 1 0 0 0 0 0 0 0 0
"176" 176 0.336538461538 500 0 0 0 0 0 0 0 0 0 0 0 0 0 0 0 0 0 0 0
"177" 177 0.336787564767 269 120 60 15 7 6 5 5 4 4 3 1 1 0 0 0 0 0 0 0
"178" 178 0.213930348259 235 146 49 31 16 8 5 5 2 1 1 1 0 0 0 0 0 0 0 0
"179" 179 0.0 313 82 72 28 3 2 0 0 0 0 0 0 0 0 0 0 0 0 0 0
"180" 180 0.00512820512821 373 57 39 17 6 5 1 1 1 0 0 0 0 0 0 0 0 0 0 0
"181" 181 0.0 163 141 126 30 18 17 4 1 0 0 0 0 0 0 0 0 0 0 0 0
"182" 182 0.0178571428571 288 177 13 8 7 4 2 1 0 0 0 0 0 0 0 0 0 0 0 0
"183" 183 0.00574712643678 405 34 25 12 10 8 5 1 0 0 0 0 0 0 0 0 0 0 0 0
"184" 184 0.176165803109 201 81 77 57 41 18 10 7 3 3 2 0 0 0 0 0 0 0 0 0
"185" 185 0.188340807175 139 97 61 54 41 27 25 22 9 7 7 5 3 1 1 1 0 0 0 0
"186" 186 0.502538071066 162 108 58 42 38 25 24 17 13 6 4 1 1 1 0 0 0 0 0 0
"187" 187 0.173076923077 141 74 68 42 37 29 25 21 18 18 8 6 6 5 2 0 0 0 0 0
"188" 188 0.299578059072 234 108 46 30 30 14 13 6 6 5 4 3 1 0 0 0 0 0 0 0
"189" 189 0.562737642586 137 135 125 24 17 14 13 11 9 9 4 1 1 0 0 0 0 0 0 0
"190" 190 0.372093023256 151 106 70 50 44 39 12 8 7 5 3 3 1 1 0 0 0 0 0 0
"191" 191 0.25 112 91 91 40 38 33 29 28 14 10 4 3 3 2 1 1 0 0 0 0
"192" 192 0.620253164557 137 118 97 44 37 21 14 13 12 4 2 1 0 0 0 0 0 0 0 0
"193" 193 0.373134328358 179 83 53 51 30 25 22 19 11 10 10 3 2 1 1 0 0 0 0 0
"194" 194 0.465517241379 123 112 84 75 34 27 16 11 10 4 2 2 0 0 0 0 0 0 0 0
"195" 195 0.455357142857 131 81 60 59 48 25 23 19 16 11 10 7 4 3 2 1 0 0 0 0
"196" 196 0.496124031008 150 95 54 47 42 27 26 18 15 10 9 5 2 0 0 0 0 0 0 0
"197" 197 0.535885167464 165 58 57 40 36 33 29 20 14 13 11 10 8 4 1 1 0 0 0 0
"198" 198 0.604060913706 120 109 91 73 58 15 9 8 5 4 3 2 1 1 1 0 0 0 0 0
"199" 199 0.627906976744 270 61 36 24 23 22 17 14 9 9 5 4 3 3 0 0 0 0 0 0
"200" 200 0.720207253886 292 62 34 26 23 23 10 8 7 6 5 3 1 0 0 0 0 0 0 0
"201" 201 0.815602836879 145 89 70 44 34 30 24 18 15 9 4 4 4 3 3 3 1 0 0 0
