"site" "RSA" "aa1" "aa2" "aa3" "aa4" "aa5" "aa6" "aa7" "aa8" "aa9" "aa10" "aa11" "aa12" "aa13" "aa14" "aa15" "aa16" "aa17" "aa18" "aa19" "aa20"
"0" 0 0.704641350211 412 50 14 13 6 2 1 1 1 0 0 0 0 0 0 0 0 0 0 0
"1" 1 0.0288461538462 500 0 0 0 0 0 0 0 0 0 0 0 0 0 0 0 0 0 0 0
"2" 2 0.105769230769 255 63 62 26 25 16 14 13 10 6 5 2 2 1 0 0 0 0 0 0
"3" 3 0.00574712643678 228 188 29 24 13 7 5 4 1 1 0 0 0 0 0 0 0 0 0 0
"4" 4 0.0203045685279 150 125 65 65 24 17 13 11 9 8 7 2 2 1 1 0 0 0 0 0
"5" 5 0.0 213 175 33 20 17 16 16 6 2 1 1 0 0 0 0 0 0 0 0 0
"6" 6 0.139896373057 238 83 53 31 19 19 17 16 14 6 2 1 1 0 0 0 0 0 0 0
"7" 7 0.0 430 60 9 1 0 0 0 0 0 0 0 0 0 0 0 0 0 0 0 0
"8" 8 0.333333333333 298 87 47 24 23 8 7 3 2 1 0 0 0 0 0 0 0 0 0 0
"9" 9 0.287179487179 183 133 125 57 1 1 0 0 0 0 0 0 0 0 0 0 0 0 0 0
"10" 10 0.201550387597 306 78 68 18 11 7 4 2 2 2 1 1 0 0 0 0 0 0 0 0
"11" 11 0.629464285714 193 181 46 34 16 9 8 4 3 2 2 1 1 0 0 0 0 0 0 0
"12" 12 0.143497757848 339 62 58 18 9 6 3 2 1 1 1 0 0 0 0 0 0 0 0 0
"13" 13 0.0 435 51 14 0 0 0 0 0 0 0 0 0 0 0 0 0 0 0 0 0
"14" 14 0.476793248945 361 48 46 31 13 1 0 0 0 0 0 0 0 0 0 0 0 0 0 0
"15" 15 0.152284263959 172 124 75 59 26 13 10 6 4 4 3 2 1 1 0 0 0 0 0 0
"16" 16 0.0 476 21 2 1 0 0 0 0 0 0 0 0 0 0 0 0 0 0 0 0
"17" 17 0.276785714286 235 152 40 21 16 13 10 4 3 3 2 1 0 0 0 0 0 0 0 0
"18" 18 0.410852713178 194 107 86 36 35 22 9 4 3 2 1 1 0 0 0 0 0 0 0 0
"19" 19 0.0387596899225 462 33 4 1 0 0 0 0 0 0 0 0 0 0 0 0 0 0 0 0
"20" 20 0.384615384615 500 0 0 0 0 0 0 0 0 0 0 0 0 0 0 0 0 0 0 0
"21" 21 0.0387596899225 455 38 7 0 0 0 0 0 0 0 0 0 0 0 0 0 0 0 0 0
"22" 22 0.413793103448 156 96 63 59 58 33 10 5 5 4 3 3 2 1 1 1 0 0 0 0
"23" 23 0.031007751938 265 170 35 16 11 2 1 0 0 0 0 0 0 0 0 0 0 0 0 0
"24" 24 0.0 352 107 36 3 2 0 0 0 0 0 0 0 0 0 0 0 0 0 0 0
"25" 25 0.0 224 74 49 46 34 33 18 15 3 2 2 0 0 0 0 0 0 0 0 0
"26" 26 0.015503875969 271 201 26 1 1 0 0 0 0 0 0 0 0 0 0 0 0 0 0 0
"27" 27 0.149253731343 181 78 61 44 33 25 23 22 10 7 6 6 2 1 1 0 0 0 0 0
"28" 28 0.647321428571 261 106 103 20 6 2 1 1 0 0 0 0 0 0 0 0 0 0 0 0
"29" 29 1.29807692308 222 191 23 23 18 15 5 3 0 0 0 0 0 0 0 0 0 0 0 0
"30" 30 0.653846153846 450 36 5 5 4 0 0 0 0 0 0 0 0 0 0 0 0 0 0 0
"31" 31 0.396551724138 118 109 82 55 50 33 17 15 12 5 2 1 1 0 0 0 0 0 0 0
"32" 32 0.302325581395 161 70 66 48 47 40 22 15 13 9 4 4 1 0 0 0 0 0 0 0
"33" 33 0.536496350365 492 6 2 0 0 0 0 0 0 0 0 0 0 0 0 0 0 0 0 0
"34" 34 0.224770642202 169 130 76 40 21 20 16 10 8 5 1 1 1 1 1 0 0 0 0 0
"35" 35 0.093023255814 134 115 110 85 39 6 5 3 3 0 0 0 0 0 0 0 0 0 0 0
"36" 36 0.378238341969 204 114 65 61 24 13 9 6 2 2 0 0 0 0 0 0 0 0 0 0
"37" 37 0.295597484277 109 66 61 44 44 40 30 26 21 17 16 11 9 4 1 1 0 0 0 0
"38" 38 0.540697674419 260 94 73 24 16 14 11 3 2 2 1 0 0 0 0 0 0 0 0 0
"39" 39 0.14367816092 168 70 64 57 47 29 22 20 10 3 3 2 2 1 1 1 0 0 0 0
"40" 40 0.0 262 65 52 39 34 17 17 5 3 3 2 1 0 0 0 0 0 0 0 0
"41" 41 0.415178571429 130 102 68 63 51 38 14 11 8 5 4 3 3 0 0 0 0 0 0 0
"42" 42 0.375 283 120 46 29 10 5 3 2 1 1 0 0 0 0 0 0 0 0 0 0
"43" 43 0.0 260 94 73 40 28 2 2 1 0 0 0 0 0 0 0 0 0 0 0 0
"44" 44 0.197247706422 186 146 49 43 28 22 8 6 6 2 2 1 1 0 0 0 0 0 0 0
"45" 45 0.723076923077 122 109 61 59 58 32 21 19 8 5 2 2 2 0 0 0 0 0 0 0
"46" 46 0.077519379845 484 13 1 1 1 0 0 0 0 0 0 0 0 0 0 0 0 0 0 0
"47" 47 0.0862068965517 371 64 58 6 1 0 0 0 0 0 0 0 0 0 0 0 0 0 0 0
"48" 48 0.788079470199 266 84 74 43 21 6 5 1 0 0 0 0 0 0 0 0 0 0 0 0
"49" 49 0.172588832487 354 52 45 15 10 8 6 4 4 1 1 0 0 0 0 0 0 0 0 0
"50" 50 0.364779874214 442 33 13 3 2 2 2 1 1 1 0 0 0 0 0 0 0 0 0 0
"51" 51 0.0172413793103 422 62 7 5 3 1 0 0 0 0 0 0 0 0 0 0 0 0 0 0
"52" 52 0.0275229357798 273 94 48 46 18 7 6 5 1 1 1 0 0 0 0 0 0 0 0 0
"53" 53 0.0077519379845 254 196 29 17 3 1 0 0 0 0 0 0 0 0 0 0 0 0 0 0
"54" 54 0.147679324895 227 167 34 33 17 6 5 4 2 2 2 1 0 0 0 0 0 0 0 0
"55" 55 0.0 382 60 45 7 6 0 0 0 0 0 0 0 0 0 0 0 0 0 0 0
"56" 56 0.142335766423 328 96 43 27 3 2 1 0 0 0 0 0 0 0 0 0 0 0 0 0
"57" 57 0.0913705583756 145 80 70 62 60 21 15 12 12 6 4 4 4 2 2 1 0 0 0 0
"58" 58 0.153846153846 500 0 0 0 0 0 0 0 0 0 0 0 0 0 0 0 0 0 0 0
"59" 59 0.234449760766 277 85 81 50 6 1 0 0 0 0 0 0 0 0 0 0 0 0 0 0
"60" 60 0.399239543726 399 70 9 8 4 4 3 1 1 1 0 0 0 0 0 0 0 0 0 0
"61" 61 0.505747126437 206 166 57 32 16 16 6 1 0 0 0 0 0 0 0 0 0 0 0 0
"62" 62 0.0401785714286 265 204 18 5 4 2 1 1 0 0 0 0 0 0 0 0 0 0 0 0
"63" 63 0.0 375 64 28 11 9 5 4 2 1 1 0 0 0 0 0 0 0 0 0 0
"64" 64 0.244525547445 246 166 28 25 11 7 5 4 2 2 1 1 1 1 0 0 0 0 0 0
"65" 65 0.310344827586 173 136 87 39 26 14 8 6 6 3 2 0 0 0 0 0 0 0 0 0
"66" 66 0.0 277 58 46 45 29 26 7 4 3 3 1 1 0 0 0 0 0 0 0 0
"67" 67 0.169642857143 156 76 71 69 28 25 24 23 12 5 5 3 2 1 0 0 0 0 0 0
"68" 68 0.68992248062 101 90 81 67 54 51 20 15 9 4 3 3 2 0 0 0 0 0 0 0
"69" 69 0.218905472637 140 83 68 47 45 29 22 19 13 11 10 7 3 2 1 0 0 0 0 0
"70" 70 0.403846153846 500 0 0 0 0 0 0 0 0 0 0 0 0 0 0 0 0 0 0 0
"71" 71 0.0459770114943 258 128 77 21 8 5 2 1 0 0 0 0 0 0 0 0 0 0 0 0
"72" 72 0.388601036269 258 154 26 24 10 10 6 4 3 2 1 1 1 0 0 0 0 0 0 0
"73" 73 0.178707224335 366 40 33 19 14 9 5 5 4 3 1 1 0 0 0 0 0 0 0 0
"74" 74 0.0 471 25 2 1 1 0 0 0 0 0 0 0 0 0 0 0 0 0 0 0
"75" 75 0.0103626943005 233 128 46 35 23 16 7 4 2 2 2 1 1 0 0 0 0 0 0 0
"76" 76 0.0133928571429 454 18 7 6 5 5 3 1 1 0 0 0 0 0 0 0 0 0 0 0
"77" 77 0.0 389 98 7 3 1 1 1 0 0 0 0 0 0 0 0 0 0 0 0 0
"78" 78 0.214285714286 115 104 97 83 51 16 10 6 5 4 3 3 2 1 0 0 0 0 0 0
"79" 79 0.385057471264 173 81 74 53 42 23 23 16 7 6 1 1 0 0 0 0 0 0 0 0
"80" 80 0.0995024875622 155 126 97 40 20 11 11 10 9 9 7 3 2 0 0 0 0 0 0 0
"81" 81 0.302325581395 278 106 40 16 12 11 10 9 8 3 2 2 1 1 1 0 0 0 0 0
"82" 82 0.314465408805 139 131 91 76 18 16 10 7 5 3 2 1 1 0 0 0 0 0 0 0
"83" 83 0.418604651163 182 139 72 36 22 19 12 9 4 3 2 0 0 0 0 0 0 0 0 0
"84" 84 0.274611398964 450 17 11 8 7 4 1 1 1 0 0 0 0 0 0 0 0 0 0 0
"85" 85 0.785714285714 174 149 72 31 24 13 13 9 7 6 1 1 0 0 0 0 0 0 0 0
"86" 86 0.678571428571 145 104 91 67 24 22 18 12 11 4 1 1 0 0 0 0 0 0 0 0
"87" 87 0.556485355649 113 99 76 75 51 15 13 12 12 11 11 10 1 1 0 0 0 0 0 0
"88" 88 0.248803827751 241 103 38 32 21 17 10 9 8 6 5 3 3 2 1 1 0 0 0 0
"89" 89 0.0253807106599 365 53 49 21 5 2 2 1 1 1 0 0 0 0 0 0 0 0 0 0
"90" 90 0.284974093264 474 7 5 5 3 2 1 1 1 1 0 0 0 0 0 0 0 0 0 0
"91" 91 0.0210970464135 100 99 90 75 53 24 19 16 11 6 2 2 2 1 0 0 0 0 0 0
"92" 92 0.587591240876 282 63 45 43 43 13 7 2 1 1 0 0 0 0 0 0 0 0 0 0
"93" 93 0.457399103139 254 81 54 50 28 24 4 3 2 0 0 0 0 0 0 0 0 0 0 0
"94" 94 0.0753138075314 475 13 11 1 0 0 0 0 0 0 0 0 0 0 0 0 0 0 0 0
"95" 95 0.761627906977 271 73 65 46 24 11 7 2 1 0 0 0 0 0 0 0 0 0 0 0
"96" 96 0.0689655172414 205 142 114 10 10 8 4 4 1 1 1 0 0 0 0 0 0 0 0 0
"97" 97 0.251572327044 228 164 29 28 16 7 7 6 5 3 3 2 2 0 0 0 0 0 0 0
"98" 98 0.00418410041841 334 146 15 2 1 1 1 0 0 0 0 0 0 0 0 0 0 0 0 0
"99" 99 0.0 227 167 32 24 14 10 10 8 4 1 1 1 1 0 0 0 0 0 0 0
"100" 100 0.0126582278481 285 101 84 17 11 1 1 0 0 0 0 0 0 0 0 0 0 0 0 0
"101" 101 0.0384615384615 297 93 57 14 10 10 5 4 3 3 2 1 1 0 0 0 0 0 0 0
"102" 102 0.00632911392405 285 183 10 10 10 1 1 0 0 0 0 0 0 0 0 0 0 0 0 0
"103" 103 0.441605839416 186 95 77 38 34 28 17 15 7 3 0 0 0 0 0 0 0 0 0 0
"104" 104 0.269430051813 217 189 27 26 23 9 4 3 2 0 0 0 0 0 0 0 0 0 0 0
"105" 105 0.0 238 125 88 25 19 2 1 1 1 0 0 0 0 0 0 0 0 0 0 0
"106" 106 0.0 450 32 17 1 0 0 0 0 0 0 0 0 0 0 0 0 0 0 0 0
"107" 107 0.0401785714286 282 86 43 37 18 17 11 4 1 1 0 0 0 0 0 0 0 0 0 0
"108" 108 0.0 164 147 82 51 30 7 6 5 4 3 1 0 0 0 0 0 0 0 0 0
"109" 109 0.0 334 54 54 38 9 6 2 2 1 0 0 0 0 0 0 0 0 0 0 0
"110" 110 0.332116788321 248 234 11 3 1 1 1 1 0 0 0 0 0 0 0 0 0 0 0 0
"111" 111 0.0620437956204 182 155 52 45 29 18 10 4 3 1 1 0 0 0 0 0 0 0 0 0
"112" 112 0.142131979695 183 78 69 58 47 26 12 9 4 3 3 3 2 2 1 0 0 0 0 0
"113" 113 0.387596899225 163 141 92 32 28 17 12 11 2 1 1 0 0 0 0 0 0 0 0 0
"114" 114 0.178571428571 178 136 48 34 28 20 15 13 8 6 6 4 3 1 0 0 0 0 0 0
"115" 115 0.192307692308 500 0 0 0 0 0 0 0 0 0 0 0 0 0 0 0 0 0 0 0
"116" 116 0.046511627907 259 240 1 0 0 0 0 0 0 0 0 0 0 0 0 0 0 0 0 0
"117" 117 0.370860927152 202 189 38 22 17 11 7 6 6 1 1 0 0 0 0 0 0 0 0 0
"118" 118 0.0366972477064 208 112 106 40 13 13 6 2 0 0 0 0 0 0 0 0 0 0 0 0
"119" 119 0.0 456 23 14 4 3 0 0 0 0 0 0 0 0 0 0 0 0 0 0 0
"120" 120 0.0474452554745 269 152 50 17 7 2 1 1 1 0 0 0 0 0 0 0 0 0 0 0
"121" 121 0.00581395348837 253 247 0 0 0 0 0 0 0 0 0 0 0 0 0 0 0 0 0 0
"122" 122 0.160337552743 286 97 55 27 8 7 6 6 4 3 1 0 0 0 0 0 0 0 0 0
"123" 123 0.115384615385 500 0 0 0 0 0 0 0 0 0 0 0 0 0 0 0 0 0 0 0
"124" 124 0.375 313 111 51 16 4 2 1 1 1 0 0 0 0 0 0 0 0 0 0 0
"125" 125 0.459119496855 217 97 50 39 32 31 10 6 5 3 3 3 1 1 1 1 0 0 0 0
"126" 126 0.836538461538 498 1 1 0 0 0 0 0 0 0 0 0 0 0 0 0 0 0 0 0
"127" 127 0.406976744186 311 53 39 32 24 19 13 3 2 2 1 1 0 0 0 0 0 0 0 0
"128" 128 0.442307692308 301 140 22 15 8 4 3 2 2 2 1 0 0 0 0 0 0 0 0 0
"129" 129 0.389743589744 372 48 30 29 12 3 3 3 0 0 0 0 0 0 0 0 0 0 0 0
"130" 130 0.126903553299 356 84 41 11 5 2 1 0 0 0 0 0 0 0 0 0 0 0 0 0
"131" 131 0.362068965517 215 103 58 51 36 11 9 6 4 3 2 2 0 0 0 0 0 0 0 0
"132" 132 0.21875 229 88 59 34 27 26 12 8 8 3 2 2 2 0 0 0 0 0 0 0
"133" 133 0.0 430 69 1 0 0 0 0 0 0 0 0 0 0 0 0 0 0 0 0 0
"134" 134 0.172413793103 213 180 28 24 20 12 5 4 4 3 3 2 2 0 0 0 0 0 0 0
"135" 135 0.503649635036 201 140 55 55 17 14 6 4 4 2 1 1 0 0 0 0 0 0 0 0
"136" 136 0.0574162679426 441 32 16 7 2 1 1 0 0 0 0 0 0 0 0 0 0 0 0 0
"137" 137 0.0 156 97 80 53 43 24 18 11 9 8 1 0 0 0 0 0 0 0 0 0
"138" 138 0.547445255474 236 118 61 29 22 20 7 2 1 1 1 1 1 0 0 0 0 0 0 0
"139" 139 0.438818565401 164 148 74 40 33 16 12 6 5 1 1 0 0 0 0 0 0 0 0 0
"140" 140 0.00574712643678 236 142 39 21 18 15 10 8 4 3 3 1 0 0 0 0 0 0 0 0
"141" 141 0.102564102564 135 113 70 63 37 24 20 17 11 5 3 1 1 0 0 0 0 0 0 0
"142" 142 0.403100775194 115 102 81 60 44 29 21 16 15 14 3 0 0 0 0 0 0 0 0 0
"143" 143 0.112107623318 150 113 60 52 25 22 22 21 13 12 6 1 1 1 1 0 0 0 0 0
"144" 144 0.0609137055838 263 43 42 41 25 22 17 14 13 10 4 3 2 1 0 0 0 0 0 0
"145" 145 0.532846715328 149 92 89 62 25 22 21 21 9 7 2 1 0 0 0 0 0 0 0 0
"146" 146 0.455696202532 127 81 80 69 41 38 19 12 11 9 4 4 3 2 0 0 0 0 0 0
"147" 147 0.0 170 107 67 65 28 22 21 9 4 4 2 1 0 0 0 0 0 0 0 0
"148" 148 0.281609195402 113 102 71 68 42 27 23 13 13 7 6 5 4 3 2 1 0 0 0 0
"149" 149 0.748717948718 248 79 60 44 39 18 5 3 2 1 1 0 0 0 0 0 0 0 0 0
"150" 150 0.0871559633028 257 63 61 47 23 18 8 7 6 3 2 2 1 1 1 0 0 0 0 0
"151" 151 0.384105960265 184 102 102 48 31 14 9 4 2 1 1 1 1 0 0 0 0 0 0 0
"152" 152 0.446428571429 322 43 30 24 17 15 11 11 11 6 5 2 1 1 1 0 0 0 0 0
"153" 153 0.704663212435 164 91 85 75 31 24 20 10 0 0 0 0 0 0 0 0 0 0 0 0
"154" 154 0.477678571429 215 116 61 54 43 8 1 1 1 0 0 0 0 0 0 0 0 0 0 0
"155" 155 0.0 433 35 8 5 4 4 3 2 2 1 1 1 1 0 0 0 0 0 0 0
"156" 156 0.48275862069 363 29 19 16 15 12 12 9 9 8 3 3 1 1 0 0 0 0 0 0
"157" 157 0.53488372093 324 45 34 34 29 13 7 5 5 4 0 0 0 0 0 0 0 0 0 0
"158" 158 0.116071428571 167 85 64 45 33 21 17 16 15 10 6 6 6 4 2 2 1 0 0 0
"159" 159 0.0387596899225 491 7 2 0 0 0 0 0 0 0 0 0 0 0 0 0 0 0 0 0
"160" 160 0.776371308017 366 43 36 15 14 13 5 3 3 2 0 0 0 0 0 0 0 0 0 0
"161" 161 0.717488789238 246 80 76 29 19 18 10 8 7 6 1 0 0 0 0 0 0 0 0 0
"162" 162 0.129353233831 296 101 42 36 8 5 4 2 2 1 1 1 1 0 0 0 0 0 0 0
"163" 163 0.365384615385 284 213 2 1 0 0 0 0 0 0 0 0 0 0 0 0 0 0 0 0
"164" 164 0.100775193798 425 72 3 0 0 0 0 0 0 0 0 0 0 0 0 0 0 0 0 0
"165" 165 0.276729559748 202 113 86 27 19 18 13 6 5 5 3 2 1 0 0 0 0 0 0 0
"166" 166 0.206896551724 170 96 43 35 33 31 31 29 12 11 4 3 1 1 0 0 0 0 0 0
"167" 167 0.549107142857 247 93 61 30 27 22 13 2 2 2 1 0 0 0 0 0 0 0 0 0
"168" 168 0.0804597701149 199 63 47 38 35 30 30 27 17 6 5 1 1 1 0 0 0 0 0 0
"169" 169 0.0 310 63 38 18 17 17 13 13 4 2 2 1 1 1 0 0 0 0 0 0
"170" 170 0.328467153285 267 75 55 29 28 24 5 5 5 4 2 1 0 0 0 0 0 0 0 0
"171" 171 0.299107142857 247 147 73 18 6 4 3 2 0 0 0 0 0 0 0 0 0 0 0 0
"172" 172 0.0 193 74 56 40 38 25 23 22 14 7 4 2 2 0 0 0 0 0 0 0
"173" 173 0.20253164557 270 68 54 25 21 19 13 13 4 4 3 2 2 1 1 0 0 0 0 0
"174" 174 0.605839416058 181 79 61 47 37 33 33 13 7 4 3 1 1 0 0 0 0 0 0 0
"175" 175 0.358208955224 181 154 92 26 15 9 7 6 3 2 2 1 1 1 0 0 0 0 0 0
"176" 176 0.375 496 1 1 1 1 0 0 0 0 0 0 0 0 0 0 0 0 0 0 0
"177" 177 0.357664233577 278 130 46 19 19 6 1 1 0 0 0 0 0 0 0 0 0 0 0 0
"178" 178 0.0199004975124 225 177 73 20 1 1 1 1 1 0 0 0 0 0 0 0 0 0 0 0
"179" 179 0.295597484277 230 154 73 10 9 7 5 4 3 2 1 1 1 0 0 0 0 0 0 0
"180" 180 0.126436781609 244 192 23 11 10 9 5 4 1 1 0 0 0 0 0 0 0 0 0 0
"181" 181 0.35632183908 355 66 37 19 9 9 2 1 1 1 0 0 0 0 0 0 0 0 0 0
"182" 182 0.0153846153846 149 115 77 58 57 23 9 6 3 3 0 0 0 0 0 0 0 0 0 0
"183" 183 0.071129707113 290 156 22 22 3 3 2 1 1 0 0 0 0 0 0 0 0 0 0 0
"184" 184 0.0 410 80 7 3 0 0 0 0 0 0 0 0 0 0 0 0 0 0 0 0
"185" 185 0.0697674418605 278 72 69 65 8 3 2 2 1 0 0 0 0 0 0 0 0 0 0 0
"186" 186 0.105769230769 500 0 0 0 0 0 0 0 0 0 0 0 0 0 0 0 0 0 0 0
"187" 187 0.125 500 0 0 0 0 0 0 0 0 0 0 0 0 0 0 0 0 0 0 0
"188" 188 0.0804597701149 132 110 77 67 56 39 10 4 4 1 0 0 0 0 0 0 0 0 0 0
"189" 189 0.273255813953 411 38 19 10 10 10 1 1 0 0 0 0 0 0 0 0 0 0 0 0
"190" 190 0.331395348837 291 114 27 19 14 10 9 8 2 2 2 2 0 0 0 0 0 0 0 0
"191" 191 0.0377358490566 248 163 63 10 8 5 2 1 0 0 0 0 0 0 0 0 0 0 0 0
"192" 192 0.37984496124 219 95 65 47 27 13 12 6 5 5 4 1 1 0 0 0 0 0 0 0
"193" 193 0.150259067358 229 216 24 13 8 6 1 1 1 1 0 0 0 0 0 0 0 0 0 0
"194" 194 0.0 268 121 101 5 2 1 1 1 0 0 0 0 0 0 0 0 0 0 0 0
"195" 195 0.0542635658915 487 11 2 0 0 0 0 0 0 0 0 0 0 0 0 0 0 0 0 0
"196" 196 0.318407960199 199 143 77 25 17 14 6 5 4 3 2 2 2 1 0 0 0 0 0 0
"197" 197 0.0 304 109 60 10 9 4 3 1 0 0 0 0 0 0 0 0 0 0 0 0
"198" 198 0.0183486238532 494 1 1 1 1 1 1 0 0 0 0 0 0 0 0 0 0 0 0 0
"199" 199 0.526315789474 207 139 66 36 23 11 7 3 3 2 2 1 0 0 0 0 0 0 0 0
"200" 200 0.044776119403 316 38 32 17 16 16 16 12 11 11 8 3 2 2 0 0 0 0 0 0
"201" 201 0.336538461538 500 0 0 0 0 0 0 0 0 0 0 0 0 0 0 0 0 0 0 0
"202" 202 0.0 295 205 0 0 0 0 0 0 0 0 0 0 0 0 0 0 0 0 0 0
"203" 203 0.0880829015544 489 5 3 2 1 0 0 0 0 0 0 0 0 0 0 0 0 0 0 0
"204" 204 0.0 500 0 0 0 0 0 0 0 0 0 0 0 0 0 0 0 0 0 0 0
"205" 205 0.0 204 199 65 17 11 4 0 0 0 0 0 0 0 0 0 0 0 0 0 0
"206" 206 0.0585774058577 330 50 42 30 24 15 4 3 1 1 0 0 0 0 0 0 0 0 0 0
"207" 207 0.0344827586207 129 128 89 69 44 23 14 2 1 1 0 0 0 0 0 0 0 0 0 0
"208" 208 0.269230769231 212 137 64 37 30 20 0 0 0 0 0 0 0 0 0 0 0 0 0 0
"209" 209 0.298013245033 160 129 95 63 27 7 5 5 4 3 1 1 0 0 0 0 0 0 0 0
"210" 210 0.307692307692 124 121 56 52 46 29 24 18 17 7 4 1 1 0 0 0 0 0 0 0
"211" 211 0.0253807106599 168 90 80 41 28 26 20 17 17 7 5 1 0 0 0 0 0 0 0 0
"212" 212 0.146443514644 219 108 55 53 23 14 9 7 5 4 2 1 0 0 0 0 0 0 0 0
"213" 213 0.679324894515 249 127 49 24 23 11 7 3 3 2 2 0 0 0 0 0 0 0 0 0
"214" 214 0.172185430464 173 104 96 31 24 19 19 10 8 7 6 1 1 1 0 0 0 0 0 0
"215" 215 0.821428571429 140 131 77 63 53 20 12 3 1 0 0 0 0 0 0 0 0 0 0 0
"216" 216 0.415384615385 186 162 36 32 25 23 18 11 4 2 1 0 0 0 0 0 0 0 0 0
"217" 217 0.176100628931 364 88 16 11 7 6 5 2 1 0 0 0 0 0 0 0 0 0 0 0
"218" 218 0.290178571429 220 173 32 30 17 14 4 3 3 2 2 0 0 0 0 0 0 0 0 0
"219" 219 0.438818565401 155 72 71 59 36 31 26 18 18 9 3 1 1 0 0 0 0 0 0 0
"220" 220 0.148288973384 233 74 48 43 28 14 14 13 9 8 7 4 2 1 1 1 0 0 0 0
"221" 221 0.0 208 133 47 43 26 25 5 4 3 3 2 1 0 0 0 0 0 0 0 0
"222" 222 0.481751824818 247 108 71 41 23 4 3 1 1 1 0 0 0 0 0 0 0 0 0 0
"223" 223 0.0542635658915 322 99 46 12 11 5 5 0 0 0 0 0 0 0 0 0 0 0 0 0
"224" 224 0.00507614213198 186 136 75 29 20 12 10 10 6 6 4 3 3 0 0 0 0 0 0 0
"225" 225 0.0977011494253 227 100 90 57 11 6 3 2 1 1 1 1 0 0 0 0 0 0 0 0
"226" 226 0.433035714286 280 120 31 28 22 11 3 3 2 0 0 0 0 0 0 0 0 0 0 0
"227" 227 0.0 462 36 2 0 0 0 0 0 0 0 0 0 0 0 0 0 0 0 0 0
"228" 228 0.0 282 165 31 8 7 7 0 0 0 0 0 0 0 0 0 0 0 0 0 0
"229" 229 0.354651162791 166 100 81 63 34 26 21 7 1 1 0 0 0 0 0 0 0 0 0 0
"230" 230 0.282296650718 319 112 33 21 4 4 2 2 2 1 0 0 0 0 0 0 0 0 0 0
"231" 231 0.19391634981 373 117 5 2 1 1 1 0 0 0 0 0 0 0 0 0 0 0 0 0
"232" 232 0.553571428571 303 62 56 44 11 11 7 2 2 1 1 0 0 0 0 0 0 0 0 0
"233" 233 0.388601036269 339 96 18 16 11 6 5 5 2 1 1 0 0 0 0 0 0 0 0 0
"234" 234 0.543726235741 232 53 47 47 47 39 12 10 6 6 1 0 0 0 0 0 0 0 0 0
"235" 235 0.714285714286 195 138 49 42 29 18 17 6 2 2 2 0 0 0 0 0 0 0 0 0
"236" 236 0.223880597015 368 55 24 21 19 5 4 2 1 1 0 0 0 0 0 0 0 0 0 0
"237" 237 0.0609137055838 405 74 7 3 3 2 2 2 1 1 0 0 0 0 0 0 0 0 0 0
"238" 238 0.410852713178 135 85 77 68 34 29 25 21 12 5 5 2 1 1 0 0 0 0 0 0
"239" 239 0.583732057416 230 109 77 32 12 11 11 6 5 3 2 1 1 0 0 0 0 0 0 0
"240" 240 0.164179104478 421 53 16 5 3 1 1 0 0 0 0 0 0 0 0 0 0 0 0 0
"241" 241 0.403973509934 169 143 58 54 37 16 7 6 5 3 1 1 0 0 0 0 0 0 0 0
"242" 242 0.607594936709 361 57 40 21 8 6 6 1 0 0 0 0 0 0 0 0 0 0 0 0
"243" 243 0.596153846154 436 64 0 0 0 0 0 0 0 0 0 0 0 0 0 0 0 0 0 0
"244" 244 0.691542288557 180 116 111 24 22 16 13 6 6 3 2 1 0 0 0 0 0 0 0 0
