"site" "RSA" "aa1" "aa2" "aa3" "aa4" "aa5" "aa6" "aa7" "aa8" "aa9" "aa10" "aa11" "aa12" "aa13" "aa14" "aa15" "aa16" "aa17" "aa18" "aa19" "aa20"
"0" 0 0.353211009174 200 106 52 48 38 34 13 5 4 0 0 0 0 0 0 0 0 0 0 0
"1" 1 0.0 407 86 5 2 0 0 0 0 0 0 0 0 0 0 0 0 0 0 0 0
"2" 2 0.133720930233 281 112 68 27 7 2 2 1 0 0 0 0 0 0 0 0 0 0 0 0
"3" 3 0.00961538461538 500 0 0 0 0 0 0 0 0 0 0 0 0 0 0 0 0 0 0 0
"4" 4 0.462686567164 346 144 6 3 1 0 0 0 0 0 0 0 0 0 0 0 0 0 0 0
"5" 5 0.14367816092 459 27 12 2 0 0 0 0 0 0 0 0 0 0 0 0 0 0 0 0
"6" 6 0.383928571429 217 169 37 24 22 16 9 3 2 1 0 0 0 0 0 0 0 0 0 0
"7" 7 0.108527131783 453 44 2 1 0 0 0 0 0 0 0 0 0 0 0 0 0 0 0 0
"8" 8 0.304568527919 483 7 7 2 1 0 0 0 0 0 0 0 0 0 0 0 0 0 0 0
"9" 9 0.00961538461538 493 5 2 0 0 0 0 0 0 0 0 0 0 0 0 0 0 0 0 0
"10" 10 0.304597701149 200 180 38 27 18 15 14 5 2 1 0 0 0 0 0 0 0 0 0 0
"11" 11 0.0 179 155 125 30 6 5 0 0 0 0 0 0 0 0 0 0 0 0 0 0
"12" 12 0.350210970464 187 129 126 35 20 3 0 0 0 0 0 0 0 0 0 0 0 0 0 0
"13" 13 0.341968911917 388 44 31 14 13 6 2 1 1 0 0 0 0 0 0 0 0 0 0 0
"14" 14 0.195402298851 318 110 26 21 8 7 3 3 2 2 0 0 0 0 0 0 0 0 0 0
"15" 15 0.538116591928 454 21 8 8 3 2 2 1 1 0 0 0 0 0 0 0 0 0 0 0
"16" 16 0.519230769231 500 0 0 0 0 0 0 0 0 0 0 0 0 0 0 0 0 0 0 0
"17" 17 0.401162790698 208 147 91 22 17 6 6 2 1 0 0 0 0 0 0 0 0 0 0 0
"18" 18 0.451776649746 168 144 52 47 29 17 13 8 6 5 4 2 2 2 1 0 0 0 0 0
"19" 19 0.720207253886 179 89 64 63 50 35 17 2 1 0 0 0 0 0 0 0 0 0 0 0
"20" 20 0.712820512821 201 102 102 43 23 14 12 1 1 1 0 0 0 0 0 0 0 0 0 0
"21" 21 0.125 500 0 0 0 0 0 0 0 0 0 0 0 0 0 0 0 0 0 0 0
"22" 22 0.0962343096234 396 46 23 16 8 6 5 0 0 0 0 0 0 0 0 0 0 0 0 0
"23" 23 0.457364341085 240 173 29 21 14 12 6 4 1 0 0 0 0 0 0 0 0 0 0 0
"24" 24 0.0137614678899 139 113 78 68 49 41 7 4 1 0 0 0 0 0 0 0 0 0 0 0
"25" 25 0.337552742616 233 174 35 26 12 8 7 2 1 1 1 0 0 0 0 0 0 0 0 0
"26" 26 0.0 246 237 10 6 1 0 0 0 0 0 0 0 0 0 0 0 0 0 0 0
"27" 27 0.308035714286 380 63 27 16 4 3 3 2 1 1 0 0 0 0 0 0 0 0 0 0
"28" 28 0.0 450 44 6 0 0 0 0 0 0 0 0 0 0 0 0 0 0 0 0 0
"29" 29 0.295597484277 416 34 23 11 10 3 2 1 0 0 0 0 0 0 0 0 0 0 0 0
"30" 30 0.434977578475 259 148 39 24 11 8 5 4 2 0 0 0 0 0 0 0 0 0 0 0
"31" 31 0.0203045685279 300 123 42 12 8 8 3 3 1 0 0 0 0 0 0 0 0 0 0 0
"32" 32 0.0348258706468 450 46 3 1 0 0 0 0 0 0 0 0 0 0 0 0 0 0 0 0
"33" 33 0.658031088083 119 85 73 63 48 35 33 28 11 3 1 1 0 0 0 0 0 0 0 0
"34" 34 0.476683937824 271 122 51 33 19 3 1 0 0 0 0 0 0 0 0 0 0 0 0 0
"35" 35 0.101265822785 434 27 19 18 1 1 0 0 0 0 0 0 0 0 0 0 0 0 0 0
"36" 36 0.622009569378 110 103 94 55 46 45 23 20 4 0 0 0 0 0 0 0 0 0 0 0
"37" 37 0.459302325581 232 103 68 57 25 8 3 2 1 1 0 0 0 0 0 0 0 0 0 0
"38" 38 0.413461538462 500 0 0 0 0 0 0 0 0 0 0 0 0 0 0 0 0 0 0 0
"39" 39 0.310880829016 129 103 87 60 53 30 11 8 6 6 4 2 1 0 0 0 0 0 0 0
"40" 40 0.284768211921 337 77 16 16 14 11 10 10 3 3 1 1 1 0 0 0 0 0 0 0
"41" 41 0.0203045685279 387 37 27 21 14 11 2 1 0 0 0 0 0 0 0 0 0 0 0 0
"42" 42 0.031007751938 414 76 9 1 0 0 0 0 0 0 0 0 0 0 0 0 0 0 0 0
"43" 43 0.0 191 155 136 12 4 1 1 0 0 0 0 0 0 0 0 0 0 0 0 0
"44" 44 0.0307692307692 337 151 11 1 0 0 0 0 0 0 0 0 0 0 0 0 0 0 0 0
"45" 45 0.0384615384615 500 0 0 0 0 0 0 0 0 0 0 0 0 0 0 0 0 0 0 0
"46" 46 0.0348837209302 204 145 107 17 16 8 1 1 1 0 0 0 0 0 0 0 0 0 0 0
"47" 47 0.196202531646 387 36 24 13 10 9 8 7 6 0 0 0 0 0 0 0 0 0 0 0
"48" 48 0.0348258706468 352 98 12 11 10 6 6 3 1 1 0 0 0 0 0 0 0 0 0 0
"49" 49 0.447674418605 275 102 40 40 26 4 4 4 3 2 0 0 0 0 0 0 0 0 0 0
"50" 50 0.00574712643678 247 183 42 12 10 4 1 1 0 0 0 0 0 0 0 0 0 0 0 0
"51" 51 0.453488372093 162 154 96 35 15 15 12 5 2 2 1 1 0 0 0 0 0 0 0 0
"52" 52 0.512953367876 353 140 4 3 0 0 0 0 0 0 0 0 0 0 0 0 0 0 0 0
"53" 53 0.280334728033 233 163 69 32 2 1 0 0 0 0 0 0 0 0 0 0 0 0 0 0
"54" 54 0.40414507772 413 57 29 1 0 0 0 0 0 0 0 0 0 0 0 0 0 0 0 0
"55" 55 0.71897810219 327 156 11 4 2 0 0 0 0 0 0 0 0 0 0 0 0 0 0 0
"56" 56 0.475285171103 257 108 92 19 18 2 2 2 0 0 0 0 0 0 0 0 0 0 0 0
"57" 57 0.129186602871 393 54 27 15 6 2 2 1 0 0 0 0 0 0 0 0 0 0 0 0
"58" 58 0.0 315 148 29 7 1 0 0 0 0 0 0 0 0 0 0 0 0 0 0 0
"59" 59 0.232558139535 227 163 64 24 19 3 0 0 0 0 0 0 0 0 0 0 0 0 0 0
"60" 60 0.0114942528736 380 42 32 25 15 2 2 1 1 0 0 0 0 0 0 0 0 0 0 0
"61" 61 0.451923076923 263 157 48 21 5 3 3 0 0 0 0 0 0 0 0 0 0 0 0 0
"62" 62 0.0203045685279 291 180 16 8 2 1 1 1 0 0 0 0 0 0 0 0 0 0 0 0
"63" 63 0.403100775194 235 79 53 38 32 26 15 8 7 2 2 1 1 1 0 0 0 0 0 0
"64" 64 0.295597484277 251 136 61 40 5 3 2 1 1 0 0 0 0 0 0 0 0 0 0 0
"65" 65 0.424107142857 472 12 6 3 2 2 2 1 0 0 0 0 0 0 0 0 0 0 0 0
"66" 66 0.245033112583 153 78 60 55 55 38 23 17 17 2 1 1 0 0 0 0 0 0 0 0
"67" 67 0.0497512437811 336 162 1 1 0 0 0 0 0 0 0 0 0 0 0 0 0 0 0 0
"68" 68 0.496350364964 210 77 53 39 32 29 27 19 5 3 3 2 1 0 0 0 0 0 0 0
"69" 69 0.169154228856 259 236 2 2 1 0 0 0 0 0 0 0 0 0 0 0 0 0 0 0
"70" 70 0.0523255813953 391 109 0 0 0 0 0 0 0 0 0 0 0 0 0 0 0 0 0 0
"71" 71 0.0410256410256 407 56 24 13 0 0 0 0 0 0 0 0 0 0 0 0 0 0 0 0
"72" 72 0.0 192 103 55 48 40 35 14 12 1 0 0 0 0 0 0 0 0 0 0 0
"73" 73 0.134615384615 122 120 85 54 34 31 15 12 10 9 5 2 1 0 0 0 0 0 0 0
"74" 74 0.511210762332 281 77 52 39 18 13 7 6 3 2 1 1 0 0 0 0 0 0 0 0
"75" 75 0.0443037974684 310 89 63 10 9 6 4 3 2 1 1 1 1 0 0 0 0 0 0 0
"76" 76 0.556962025316 317 89 66 18 8 1 1 0 0 0 0 0 0 0 0 0 0 0 0 0
"77" 77 0.496124031008 369 74 51 4 2 0 0 0 0 0 0 0 0 0 0 0 0 0 0 0
"78" 78 0.519230769231 500 0 0 0 0 0 0 0 0 0 0 0 0 0 0 0 0 0 0 0
"79" 79 0.305699481865 290 99 56 24 13 10 5 2 1 0 0 0 0 0 0 0 0 0 0 0
"80" 80 0.396226415094 427 40 15 14 2 1 1 0 0 0 0 0 0 0 0 0 0 0 0 0
"81" 81 0.00574712643678 338 153 4 2 2 1 0 0 0 0 0 0 0 0 0 0 0 0 0 0
"82" 82 0.0102564102564 396 64 28 6 4 2 0 0 0 0 0 0 0 0 0 0 0 0 0 0
"83" 83 0.00497512437811 269 175 47 7 1 1 0 0 0 0 0 0 0 0 0 0 0 0 0 0
"84" 84 0.0535714285714 495 5 0 0 0 0 0 0 0 0 0 0 0 0 0 0 0 0 0 0
"85" 85 0.21897810219 349 60 29 28 26 4 2 1 1 0 0 0 0 0 0 0 0 0 0 0
"86" 86 0.341085271318 266 222 11 1 0 0 0 0 0 0 0 0 0 0 0 0 0 0 0 0
"87" 87 0.350574712644 281 115 33 19 19 18 6 5 2 1 1 0 0 0 0 0 0 0 0 0
"88" 88 0.800995024876 493 4 3 0 0 0 0 0 0 0 0 0 0 0 0 0 0 0 0 0
"89" 89 0.324503311258 412 38 35 4 3 3 3 2 0 0 0 0 0 0 0 0 0 0 0 0
"90" 90 0.748344370861 448 21 20 8 3 0 0 0 0 0 0 0 0 0 0 0 0 0 0 0
"91" 91 0.436046511628 179 150 105 61 4 1 0 0 0 0 0 0 0 0 0 0 0 0 0 0
"92" 92 0.142335766423 403 74 20 2 1 0 0 0 0 0 0 0 0 0 0 0 0 0 0 0
"93" 93 0.848623853211 386 92 17 2 2 1 0 0 0 0 0 0 0 0 0 0 0 0 0 0
"94" 94 0.317307692308 500 0 0 0 0 0 0 0 0 0 0 0 0 0 0 0 0 0 0 0
"95" 95 0.115384615385 500 0 0 0 0 0 0 0 0 0 0 0 0 0 0 0 0 0 0 0
"96" 96 0.0334928229665 292 91 62 23 12 11 8 1 0 0 0 0 0 0 0 0 0 0 0 0
"97" 97 0.384937238494 306 139 21 19 13 1 1 0 0 0 0 0 0 0 0 0 0 0 0 0
"98" 98 0.0114942528736 192 159 76 33 19 13 5 2 1 0 0 0 0 0 0 0 0 0 0 0
"99" 99 0.313901345291 110 100 78 78 58 55 8 5 3 2 2 1 0 0 0 0 0 0 0 0
"100" 100 0.0192307692308 500 0 0 0 0 0 0 0 0 0 0 0 0 0 0 0 0 0 0 0
"101" 101 0.516746411483 500 0 0 0 0 0 0 0 0 0 0 0 0 0 0 0 0 0 0 0
"102" 102 0.109195402299 375 123 2 0 0 0 0 0 0 0 0 0 0 0 0 0 0 0 0 0
"103" 103 0.186528497409 434 51 9 4 2 0 0 0 0 0 0 0 0 0 0 0 0 0 0 0
"104" 104 0.0 484 14 1 1 0 0 0 0 0 0 0 0 0 0 0 0 0 0 0 0
"105" 105 0.0114942528736 304 115 46 22 7 4 1 1 0 0 0 0 0 0 0 0 0 0 0 0
"106" 106 0.0 273 227 0 0 0 0 0 0 0 0 0 0 0 0 0 0 0 0 0 0
"107" 107 0.290178571429 306 155 20 9 5 3 1 1 0 0 0 0 0 0 0 0 0 0 0 0
"108" 108 0.0 461 12 10 10 7 0 0 0 0 0 0 0 0 0 0 0 0 0 0 0
"109" 109 0.189655172414 268 107 73 44 5 3 0 0 0 0 0 0 0 0 0 0 0 0 0 0
"110" 110 0.473214285714 195 126 126 15 8 6 6 5 4 3 2 2 2 0 0 0 0 0 0 0
"111" 111 0.282700421941 284 108 47 35 8 6 4 3 3 1 1 0 0 0 0 0 0 0 0 0
"112" 112 0.426160337553 208 149 69 29 27 6 4 2 2 2 1 1 0 0 0 0 0 0 0 0
"113" 113 0.52466367713 236 117 111 10 8 7 4 3 2 1 1 0 0 0 0 0 0 0 0 0
"114" 114 0.512953367876 443 44 6 2 2 2 1 0 0 0 0 0 0 0 0 0 0 0 0 0
"115" 115 0.605769230769 500 0 0 0 0 0 0 0 0 0 0 0 0 0 0 0 0 0 0 0
"116" 116 0.598214285714 253 68 55 49 43 14 12 2 2 1 1 0 0 0 0 0 0 0 0 0
"117" 117 0.131782945736 176 118 95 55 32 10 9 4 1 0 0 0 0 0 0 0 0 0 0 0
"118" 118 0.0609137055838 139 110 107 44 34 32 15 15 2 2 0 0 0 0 0 0 0 0 0 0
"119" 119 0.134715025907 120 108 96 89 57 19 5 4 2 0 0 0 0 0 0 0 0 0 0 0
"120" 120 0.0 204 132 114 29 10 6 3 2 0 0 0 0 0 0 0 0 0 0 0 0
"121" 121 0.0697674418605 206 162 76 19 13 13 5 2 2 1 1 0 0 0 0 0 0 0 0 0
"122" 122 0.0 484 14 2 0 0 0 0 0 0 0 0 0 0 0 0 0 0 0 0 0
"123" 123 0.434306569343 240 83 61 53 23 16 9 7 3 3 1 1 0 0 0 0 0 0 0 0
"124" 124 0.0251572327044 500 0 0 0 0 0 0 0 0 0 0 0 0 0 0 0 0 0 0 0
"125" 125 0.459854014599 197 148 71 27 24 19 7 4 2 1 0 0 0 0 0 0 0 0 0 0
"126" 126 0.259067357513 487 7 3 2 1 0 0 0 0 0 0 0 0 0 0 0 0 0 0 0
"127" 127 0.446540880503 267 75 60 45 20 15 13 3 2 0 0 0 0 0 0 0 0 0 0 0
"128" 128 0.489539748954 478 12 8 2 0 0 0 0 0 0 0 0 0 0 0 0 0 0 0 0
"129" 129 0.0172413793103 185 146 68 33 32 14 8 7 2 2 2 1 0 0 0 0 0 0 0 0
"130" 130 0.089552238806 500 0 0 0 0 0 0 0 0 0 0 0 0 0 0 0 0 0 0 0
"131" 131 0.540084388186 296 92 59 40 7 5 1 0 0 0 0 0 0 0 0 0 0 0 0 0
"132" 132 0.148288973384 420 38 25 8 7 1 1 0 0 0 0 0 0 0 0 0 0 0 0 0
"133" 133 0.0355329949239 486 11 3 0 0 0 0 0 0 0 0 0 0 0 0 0 0 0 0 0
"134" 134 0.522988505747 217 123 116 17 4 4 4 3 3 3 3 2 1 0 0 0 0 0 0 0
"135" 135 0.593155893536 186 115 70 58 37 18 7 5 3 1 0 0 0 0 0 0 0 0 0 0
"136" 136 0.586497890295 311 188 1 0 0 0 0 0 0 0 0 0 0 0 0 0 0 0 0 0
"137" 137 0.153846153846 348 87 63 1 1 0 0 0 0 0 0 0 0 0 0 0 0 0 0 0
"138" 138 0.414448669202 388 35 33 14 8 8 4 2 2 2 2 1 1 0 0 0 0 0 0 0
"139" 139 0.0 406 30 21 20 12 11 0 0 0 0 0 0 0 0 0 0 0 0 0 0
"140" 140 0.015503875969 244 120 99 28 8 1 0 0 0 0 0 0 0 0 0 0 0 0 0 0
"141" 141 0.0 462 23 8 3 2 2 0 0 0 0 0 0 0 0 0 0 0 0 0 0
"142" 142 0.0 362 138 0 0 0 0 0 0 0 0 0 0 0 0 0 0 0 0 0 0
"143" 143 0.0576923076923 500 0 0 0 0 0 0 0 0 0 0 0 0 0 0 0 0 0 0 0
"144" 144 0.0348837209302 215 203 34 13 10 6 5 5 3 2 2 1 1 0 0 0 0 0 0 0
"145" 145 0.145695364238 250 208 27 5 5 3 1 1 0 0 0 0 0 0 0 0 0 0 0 0
"146" 146 0.0597014925373 362 48 40 20 9 7 5 4 3 1 1 0 0 0 0 0 0 0 0 0
"147" 147 0.453488372093 235 135 56 30 15 10 9 5 4 1 0 0 0 0 0 0 0 0 0 0
"148" 148 0.00507614213198 472 27 1 0 0 0 0 0 0 0 0 0 0 0 0 0 0 0 0 0
"149" 149 0.28488372093 204 97 82 70 25 11 4 4 3 0 0 0 0 0 0 0 0 0 0 0
"150" 150 0.464114832536 166 131 119 46 9 7 7 6 4 3 1 1 0 0 0 0 0 0 0 0
"151" 151 0.241379310345 313 165 10 8 2 2 0 0 0 0 0 0 0 0 0 0 0 0 0 0
"152" 152 0.347150259067 421 50 29 0 0 0 0 0 0 0 0 0 0 0 0 0 0 0 0 0
"153" 153 0.740932642487 291 115 79 14 1 0 0 0 0 0 0 0 0 0 0 0 0 0 0 0
"154" 154 0.337748344371 147 110 107 67 54 10 4 1 0 0 0 0 0 0 0 0 0 0 0 0
"155" 155 0.104651162791 350 65 25 17 14 13 6 6 4 0 0 0 0 0 0 0 0 0 0 0
"156" 156 0.0 342 154 2 2 0 0 0 0 0 0 0 0 0 0 0 0 0 0 0 0
"157" 157 0.046357615894 368 116 9 6 1 0 0 0 0 0 0 0 0 0 0 0 0 0 0 0
"158" 158 0.0 460 19 19 1 1 0 0 0 0 0 0 0 0 0 0 0 0 0 0 0
"159" 159 0.261467889908 142 113 71 65 57 15 14 13 7 2 1 0 0 0 0 0 0 0 0 0
"160" 160 0.0045871559633 221 168 49 40 10 4 4 3 1 0 0 0 0 0 0 0 0 0 0 0
"161" 161 0.48730964467 94 86 75 68 44 28 27 24 15 14 13 8 3 1 0 0 0 0 0 0
"162" 162 0.370860927152 273 119 51 30 11 6 4 3 2 1 0 0 0 0 0 0 0 0 0 0
"163" 163 0.615969581749 328 107 31 12 8 4 4 4 1 1 0 0 0 0 0 0 0 0 0 0
"164" 164 0.168604651163 228 136 66 26 20 9 5 5 4 1 0 0 0 0 0 0 0 0 0 0
"165" 165 0.19730941704 206 77 47 43 30 25 21 17 16 10 7 1 0 0 0 0 0 0 0 0
"166" 166 0.576158940397 220 215 25 16 9 5 4 3 3 0 0 0 0 0 0 0 0 0 0 0
"167" 167 0.320675105485 415 37 33 12 2 1 0 0 0 0 0 0 0 0 0 0 0 0 0 0
"168" 168 0.0459770114943 272 122 53 43 4 3 3 0 0 0 0 0 0 0 0 0 0 0 0 0
"169" 169 0.0913705583756 452 22 10 8 5 3 0 0 0 0 0 0 0 0 0 0 0 0 0 0
"170" 170 0.0 305 105 31 30 15 8 2 2 2 0 0 0 0 0 0 0 0 0 0 0
"171" 171 0.108527131783 382 91 26 1 0 0 0 0 0 0 0 0 0 0 0 0 0 0 0 0
"172" 172 0.767932489451 295 71 56 52 18 5 2 1 0 0 0 0 0 0 0 0 0 0 0 0
"173" 173 0.126582278481 291 102 90 11 2 1 1 1 1 0 0 0 0 0 0 0 0 0 0 0
"174" 174 0.476923076923 489 6 3 2 0 0 0 0 0 0 0 0 0 0 0 0 0 0 0 0
"175" 175 0.494252873563 460 20 17 1 1 1 0 0 0 0 0 0 0 0 0 0 0 0 0 0
"176" 176 0.336538461538 500 0 0 0 0 0 0 0 0 0 0 0 0 0 0 0 0 0 0 0
"177" 177 0.336787564767 394 95 6 3 2 0 0 0 0 0 0 0 0 0 0 0 0 0 0 0
"178" 178 0.213930348259 303 138 20 17 13 3 3 1 1 1 0 0 0 0 0 0 0 0 0 0
"179" 179 0.0 445 33 17 5 0 0 0 0 0 0 0 0 0 0 0 0 0 0 0 0
"180" 180 0.00512820512821 489 5 4 2 0 0 0 0 0 0 0 0 0 0 0 0 0 0 0 0
"181" 181 0.0 217 187 81 11 2 1 1 0 0 0 0 0 0 0 0 0 0 0 0 0
"182" 182 0.0178571428571 277 210 9 2 1 1 0 0 0 0 0 0 0 0 0 0 0 0 0 0
"183" 183 0.00574712643678 483 11 5 1 0 0 0 0 0 0 0 0 0 0 0 0 0 0 0 0
"184" 184 0.176165803109 194 161 77 25 17 11 8 3 2 1 1 0 0 0 0 0 0 0 0 0
"185" 185 0.188340807175 174 168 50 31 25 17 13 12 3 2 2 2 1 0 0 0 0 0 0 0
"186" 186 0.502538071066 131 118 78 65 34 21 16 15 12 6 3 1 0 0 0 0 0 0 0 0
"187" 187 0.173076923077 147 70 58 57 50 43 23 23 22 3 3 1 0 0 0 0 0 0 0 0
"188" 188 0.299578059072 368 106 17 4 2 1 1 1 0 0 0 0 0 0 0 0 0 0 0 0
"189" 189 0.562737642586 182 170 88 20 14 9 6 4 3 3 1 0 0 0 0 0 0 0 0 0
"190" 190 0.372093023256 182 127 52 51 46 36 3 2 1 0 0 0 0 0 0 0 0 0 0 0
"191" 191 0.25 170 116 79 54 40 19 11 5 4 1 1 0 0 0 0 0 0 0 0 0
"192" 192 0.620253164557 274 91 90 19 17 5 3 1 0 0 0 0 0 0 0 0 0 0 0 0
"193" 193 0.373134328358 218 149 54 23 23 11 10 6 2 2 1 1 0 0 0 0 0 0 0 0
"194" 194 0.465517241379 145 139 93 82 21 10 3 3 2 1 1 0 0 0 0 0 0 0 0 0
"195" 195 0.455357142857 98 88 86 83 48 39 32 7 5 5 5 2 2 0 0 0 0 0 0 0
"196" 196 0.496124031008 310 70 58 19 13 9 6 6 5 2 2 0 0 0 0 0 0 0 0 0
"197" 197 0.535885167464 174 128 82 42 22 19 12 7 6 3 3 2 0 0 0 0 0 0 0 0
"198" 198 0.604060913706 169 124 86 62 43 7 5 2 1 1 0 0 0 0 0 0 0 0 0 0
"199" 199 0.627906976744 418 18 16 13 12 10 6 3 2 1 1 0 0 0 0 0 0 0 0 0
"200" 200 0.720207253886 391 34 24 24 12 9 3 3 0 0 0 0 0 0 0 0 0 0 0 0
"201" 201 0.815602836879 95 84 81 58 55 51 48 17 5 4 1 1 0 0 0 0 0 0 0 0
