"site" "RSA" "aa1" "aa2" "aa3" "aa4" "aa5" "aa6" "aa7" "aa8" "aa9" "aa10" "aa11" "aa12" "aa13" "aa14" "aa15" "aa16" "aa17" "aa18" "aa19" "aa20"
"0" 0 1.05960264901 440 22 15 14 9 0 0 0 0 0 0 0 0 0 0 0 0 0 0 0
"1" 1 0.732142857143 201 124 54 41 30 18 16 9 6 1 0 0 0 0 0 0 0 0 0 0
"2" 2 0.0722433460076 481 14 3 1 1 0 0 0 0 0 0 0 0 0 0 0 0 0 0 0
"3" 3 0.357512953368 248 128 54 38 10 8 7 3 2 2 0 0 0 0 0 0 0 0 0 0
"4" 4 0.06463878327 214 133 122 14 6 4 3 2 2 0 0 0 0 0 0 0 0 0 0 0
"5" 5 0.273631840796 99 98 95 66 45 44 36 8 3 3 2 1 0 0 0 0 0 0 0 0
"6" 6 0.00418410041841 317 70 55 53 3 2 0 0 0 0 0 0 0 0 0 0 0 0 0 0
"7" 7 0.160337552743 194 100 64 64 52 9 9 4 3 1 0 0 0 0 0 0 0 0 0 0
"8" 8 0.0 205 179 81 25 7 2 1 0 0 0 0 0 0 0 0 0 0 0 0 0
"9" 9 0.0 471 23 5 1 0 0 0 0 0 0 0 0 0 0 0 0 0 0 0 0
"10" 10 0.0 465 24 4 3 1 1 1 1 0 0 0 0 0 0 0 0 0 0 0 0
"11" 11 0.0 153 106 87 83 29 18 12 6 3 2 1 0 0 0 0 0 0 0 0 0
"12" 12 0.0 500 0 0 0 0 0 0 0 0 0 0 0 0 0 0 0 0 0 0 0
"13" 13 0.14358974359 239 90 60 35 31 23 5 4 4 3 2 2 1 1 0 0 0 0 0 0
"14" 14 0.377483443709 164 57 45 42 28 28 27 24 17 15 14 13 8 7 5 3 2 1 0 0
"15" 15 0.538461538462 500 0 0 0 0 0 0 0 0 0 0 0 0 0 0 0 0 0 0 0
"16" 16 0.0114942528736 201 178 72 30 10 9 0 0 0 0 0 0 0 0 0 0 0 0 0 0
"17" 17 0.153846153846 499 1 0 0 0 0 0 0 0 0 0 0 0 0 0 0 0 0 0 0
"18" 18 0.0253164556962 189 123 75 43 35 20 10 2 2 1 0 0 0 0 0 0 0 0 0 0
"19" 19 0.192052980132 179 78 66 40 32 23 21 16 14 11 6 5 3 3 2 1 0 0 0 0
"20" 20 0.0886075949367 227 55 40 35 33 31 31 18 15 13 1 1 0 0 0 0 0 0 0 0
"21" 21 0.0199004975124 334 69 54 36 2 1 1 1 1 1 0 0 0 0 0 0 0 0 0 0
"22" 22 0.0 473 9 6 4 3 2 1 1 1 0 0 0 0 0 0 0 0 0 0 0
"23" 23 0.109452736318 173 103 84 70 19 18 11 10 6 3 2 1 0 0 0 0 0 0 0 0
"24" 24 0.153284671533 399 46 19 12 10 4 4 3 1 1 1 0 0 0 0 0 0 0 0 0
"25" 25 0.0167364016736 488 5 4 1 1 1 0 0 0 0 0 0 0 0 0 0 0 0 0 0
"26" 26 0.185430463576 309 62 51 24 19 12 8 4 3 3 2 2 1 0 0 0 0 0 0 0
"27" 27 0.40414507772 196 102 81 34 24 22 18 15 5 2 1 0 0 0 0 0 0 0 0 0
"28" 28 0.59585492228 258 91 59 39 13 11 9 8 6 4 2 0 0 0 0 0 0 0 0 0
"29" 29 0.377906976744 121 100 74 62 61 33 29 16 2 1 1 0 0 0 0 0 0 0 0 0
"30" 30 0.281368821293 183 174 122 8 7 2 1 1 1 1 0 0 0 0 0 0 0 0 0 0
"31" 31 0.470930232558 172 75 74 43 42 22 19 14 11 9 9 7 3 0 0 0 0 0 0 0
"32" 32 0.589743589744 166 114 100 62 13 13 10 8 4 4 3 1 1 1 0 0 0 0 0 0
"33" 33 0.787564766839 455 23 21 1 0 0 0 0 0 0 0 0 0 0 0 0 0 0 0 0
"34" 34 0.220532319392 117 102 69 58 45 26 23 20 19 7 4 4 2 2 2 0 0 0 0 0
"35" 35 0.802030456853 219 92 55 52 21 20 20 9 4 4 3 1 0 0 0 0 0 0 0 0
"36" 36 0.377483443709 194 90 36 32 30 27 25 20 16 14 5 3 2 2 2 1 1 0 0 0
"37" 37 0.802325581395 269 77 40 33 28 20 13 10 5 3 2 0 0 0 0 0 0 0 0 0
"38" 38 0.675126903553 299 129 15 13 13 12 7 5 3 2 1 1 0 0 0 0 0 0 0 0
"39" 39 0.451923076923 403 28 28 14 10 5 3 2 2 2 1 1 1 0 0 0 0 0 0 0
"40" 40 0.0919540229885 89 80 79 66 46 29 29 25 19 13 9 6 4 2 2 2 0 0 0 0
"41" 41 0.523316062176 168 85 73 72 27 21 17 13 13 6 3 2 0 0 0 0 0 0 0 0
"42" 42 0.292887029289 301 189 8 1 1 0 0 0 0 0 0 0 0 0 0 0 0 0 0 0
"43" 43 0.270042194093 294 43 32 28 25 23 18 9 7 6 5 4 3 3 0 0 0 0 0 0
"44" 44 0.446700507614 176 164 69 59 14 12 6 0 0 0 0 0 0 0 0 0 0 0 0 0
"45" 45 0.227848101266 135 120 92 37 36 28 18 14 7 5 4 4 0 0 0 0 0 0 0 0
"46" 46 0.424418604651 263 61 55 49 36 10 8 5 4 3 2 2 1 1 0 0 0 0 0 0
"47" 47 0.0689655172414 187 115 82 21 18 18 13 11 9 8 6 6 2 2 1 1 0 0 0 0
"48" 48 0.53125 167 116 79 76 57 4 1 0 0 0 0 0 0 0 0 0 0 0 0 0
"49" 49 0.0199004975124 188 123 118 30 13 9 6 5 4 3 1 0 0 0 0 0 0 0 0 0
"50" 50 0.549222797927 328 95 27 10 9 8 7 7 6 2 1 0 0 0 0 0 0 0 0 0
"51" 51 0.692307692308 389 111 0 0 0 0 0 0 0 0 0 0 0 0 0 0 0 0 0 0
"52" 52 0.303797468354 296 68 51 42 10 9 8 5 3 2 2 2 1 1 0 0 0 0 0 0
"53" 53 0.174418604651 226 111 51 43 21 18 17 5 3 2 1 1 1 0 0 0 0 0 0 0
"54" 54 0.0 238 143 104 5 4 2 2 1 1 0 0 0 0 0 0 0 0 0 0 0
"55" 55 0.244725738397 182 156 94 46 22 0 0 0 0 0 0 0 0 0 0 0 0 0 0 0
"56" 56 0.0 441 23 10 9 8 3 3 2 1 0 0 0 0 0 0 0 0 0 0 0
"57" 57 0.22869955157 185 101 93 69 23 11 7 6 4 1 0 0 0 0 0 0 0 0 0 0
"58" 58 0.00507614213198 453 43 2 2 0 0 0 0 0 0 0 0 0 0 0 0 0 0 0 0
"59" 59 0.195035460993 257 140 98 3 2 0 0 0 0 0 0 0 0 0 0 0 0 0 0 0
"60" 60 0.0259067357513 145 142 122 65 14 11 1 0 0 0 0 0 0 0 0 0 0 0 0 0
"61" 61 0.0116279069767 417 59 22 1 1 0 0 0 0 0 0 0 0 0 0 0 0 0 0 0
"62" 62 0.519379844961 209 166 75 28 10 9 3 0 0 0 0 0 0 0 0 0 0 0 0 0
"63" 63 0.403846153846 482 8 6 2 1 1 0 0 0 0 0 0 0 0 0 0 0 0 0 0
"64" 64 0.255605381166 157 102 98 78 27 12 7 4 4 4 3 2 2 0 0 0 0 0 0 0
"65" 65 0.0625 341 56 42 16 15 13 9 8 0 0 0 0 0 0 0 0 0 0 0 0
"66" 66 0.642335766423 171 125 95 41 28 13 9 5 5 2 2 2 1 1 0 0 0 0 0 0
"67" 67 0.602510460251 363 84 32 9 6 2 2 1 1 0 0 0 0 0 0 0 0 0 0 0
"68" 68 0.481751824818 177 113 69 41 27 21 20 16 10 4 2 0 0 0 0 0 0 0 0 0
"69" 69 0.5 208 102 67 42 39 39 1 1 1 0 0 0 0 0 0 0 0 0 0 0
"70" 70 0.106598984772 295 117 66 11 4 3 3 1 0 0 0 0 0 0 0 0 0 0 0 0
"71" 71 0.377906976744 84 80 76 69 44 32 32 28 19 14 10 5 4 2 1 0 0 0 0 0
"72" 72 0.324503311258 131 91 77 52 45 38 26 10 7 7 7 6 2 1 0 0 0 0 0 0
"73" 73 0.456953642384 172 130 67 45 29 19 12 10 8 6 2 0 0 0 0 0 0 0 0 0
"74" 74 0.06463878327 268 229 3 0 0 0 0 0 0 0 0 0 0 0 0 0 0 0 0 0
"75" 75 0.0114068441065 300 139 59 2 0 0 0 0 0 0 0 0 0 0 0 0 0 0 0 0
"76" 76 0.613138686131 242 66 56 42 24 18 14 13 12 6 5 2 0 0 0 0 0 0 0 0
"77" 77 0.528846153846 462 33 4 1 0 0 0 0 0 0 0 0 0 0 0 0 0 0 0 0
"78" 78 0.0331125827815 432 62 3 1 1 1 0 0 0 0 0 0 0 0 0 0 0 0 0 0
"79" 79 0.239234449761 300 157 24 5 4 3 3 2 1 1 0 0 0 0 0 0 0 0 0 0
"80" 80 0.0 228 124 95 53 0 0 0 0 0 0 0 0 0 0 0 0 0 0 0 0
"81" 81 0.0 398 40 34 12 9 6 1 0 0 0 0 0 0 0 0 0 0 0 0 0
"82" 82 0.0152284263959 432 32 16 7 4 4 3 2 0 0 0 0 0 0 0 0 0 0 0 0
"83" 83 0.0 167 165 63 62 32 7 2 1 1 0 0 0 0 0 0 0 0 0 0 0
"84" 84 0.00574712643678 307 187 3 3 0 0 0 0 0 0 0 0 0 0 0 0 0 0 0 0
"85" 85 0.0 230 174 73 15 3 2 2 1 0 0 0 0 0 0 0 0 0 0 0 0
"86" 86 0.0621761658031 356 135 8 1 0 0 0 0 0 0 0 0 0 0 0 0 0 0 0 0
"87" 87 0.00574712643678 427 28 15 12 6 4 4 3 1 0 0 0 0 0 0 0 0 0 0 0
"88" 88 0.209302325581 458 20 19 1 1 1 0 0 0 0 0 0 0 0 0 0 0 0 0 0
"89" 89 0.378238341969 458 21 7 4 3 2 1 1 1 1 1 0 0 0 0 0 0 0 0 0
"90" 90 0.381165919283 160 132 119 23 21 20 9 7 2 2 2 1 1 1 0 0 0 0 0 0
"91" 91 0.477678571429 190 87 82 81 38 14 2 2 2 1 1 0 0 0 0 0 0 0 0 0
"92" 92 0.0132450331126 458 15 10 7 5 2 1 1 1 0 0 0 0 0 0 0 0 0 0 0
"93" 93 0.0627615062762 392 73 15 14 3 2 1 0 0 0 0 0 0 0 0 0 0 0 0 0
"94" 94 0.394871794872 172 88 55 54 41 24 23 22 13 6 1 1 0 0 0 0 0 0 0 0
"95" 95 0.00961538461538 127 90 74 68 40 38 14 11 9 8 6 5 4 3 3 0 0 0 0 0
"96" 96 0.0 159 99 72 69 28 25 25 14 6 2 1 0 0 0 0 0 0 0 0 0
"97" 97 0.565400843882 207 97 63 43 35 17 13 13 4 3 3 2 0 0 0 0 0 0 0 0
"98" 98 0.155963302752 145 88 66 63 35 32 18 17 12 11 9 3 1 0 0 0 0 0 0 0
"99" 99 0.0141843971631 192 185 84 11 10 7 3 2 2 1 1 1 1 0 0 0 0 0 0 0
"100" 100 0.0796019900498 146 103 88 35 34 31 21 21 11 9 1 0 0 0 0 0 0 0 0 0
"101" 101 0.506726457399 245 85 56 27 21 20 17 11 8 6 4 0 0 0 0 0 0 0 0 0
"102" 102 0.200892857143 89 83 79 55 54 35 33 19 18 14 11 5 3 1 1 0 0 0 0 0
"103" 103 0.0203045685279 250 90 70 44 9 9 7 6 4 4 3 2 2 0 0 0 0 0 0 0
"104" 104 0.709844559585 163 75 59 51 37 35 26 20 13 11 7 1 1 1 0 0 0 0 0 0
"105" 105 0.653284671533 233 81 80 37 29 26 8 3 2 1 0 0 0 0 0 0 0 0 0 0
"106" 106 0.285171102662 269 147 48 18 10 4 1 1 1 1 0 0 0 0 0 0 0 0 0 0
"107" 107 0.116279069767 291 105 56 24 14 9 1 0 0 0 0 0 0 0 0 0 0 0 0 0
"108" 108 0.459302325581 241 84 83 28 28 15 5 4 3 3 3 2 1 0 0 0 0 0 0 0
"109" 109 0.788079470199 301 65 43 30 28 10 9 5 4 2 2 1 0 0 0 0 0 0 0 0
"110" 110 0.523255813953 137 106 69 59 48 17 17 15 13 9 6 1 1 1 1 0 0 0 0 0
"111" 111 0.109195402299 150 116 110 51 47 13 6 3 2 1 1 0 0 0 0 0 0 0 0 0
"112" 112 0.129353233831 135 107 91 47 30 23 20 18 13 7 4 3 1 1 0 0 0 0 0 0
"113" 113 0.198312236287 189 122 53 48 24 18 10 10 8 7 3 3 3 2 0 0 0 0 0 0
"114" 114 0.0 469 21 6 3 1 0 0 0 0 0 0 0 0 0 0 0 0 0 0 0
"115" 115 0.0 183 94 70 56 27 17 17 12 7 4 4 3 3 2 1 0 0 0 0 0
"116" 116 0.00574712643678 236 203 31 8 7 7 4 3 1 0 0 0 0 0 0 0 0 0 0 0
"117" 117 0.0 342 94 51 8 3 1 1 0 0 0 0 0 0 0 0 0 0 0 0 0
"118" 118 0.025641025641 208 188 88 14 1 1 0 0 0 0 0 0 0 0 0 0 0 0 0 0
"119" 119 0.244725738397 247 152 37 29 16 16 3 0 0 0 0 0 0 0 0 0 0 0 0 0
"120" 120 0.0759493670886 464 19 5 3 2 2 2 1 1 1 0 0 0 0 0 0 0 0 0 0
"121" 121 0.20725388601 282 146 25 13 11 10 6 6 1 0 0 0 0 0 0 0 0 0 0 0
"122" 122 0.363184079602 242 98 72 28 17 14 8 7 5 3 3 3 0 0 0 0 0 0 0 0
"123" 123 0.632911392405 256 127 33 29 17 12 9 6 6 3 1 1 0 0 0 0 0 0 0 0
"124" 124 0.875647668394 259 140 50 26 17 3 3 1 1 0 0 0 0 0 0 0 0 0 0 0
"125" 125 0.637130801688 272 174 30 12 4 4 3 1 0 0 0 0 0 0 0 0 0 0 0 0
"126" 126 0.255474452555 336 100 36 13 11 2 1 1 0 0 0 0 0 0 0 0 0 0 0 0
"127" 127 0.431034482759 281 150 34 14 10 4 2 2 2 1 0 0 0 0 0 0 0 0 0 0
"128" 128 0.0172413793103 417 28 26 11 6 5 4 2 1 0 0 0 0 0 0 0 0 0 0 0
"129" 129 0.526785714286 248 167 52 12 8 6 5 2 0 0 0 0 0 0 0 0 0 0 0 0
"130" 130 0.372623574144 90 87 68 51 42 34 32 32 29 18 14 1 1 1 0 0 0 0 0 0
"131" 131 0.549222797927 356 52 38 29 11 6 3 2 2 1 0 0 0 0 0 0 0 0 0 0
"132" 132 0.48275862069 228 129 38 28 25 21 12 8 6 5 0 0 0 0 0 0 0 0 0 0
"133" 133 0.0 429 29 20 16 2 1 1 1 1 0 0 0 0 0 0 0 0 0 0 0
"134" 134 0.303797468354 157 131 89 62 26 14 11 5 2 2 1 0 0 0 0 0 0 0 0 0
"135" 135 0.584821428571 243 92 46 32 31 13 11 10 10 10 2 0 0 0 0 0 0 0 0 0
"136" 136 0.213389121339 288 100 32 22 18 11 11 10 3 2 2 1 0 0 0 0 0 0 0 0
"137" 137 0.0 470 30 0 0 0 0 0 0 0 0 0 0 0 0 0 0 0 0 0 0
"138" 138 0.492227979275 120 103 81 62 59 18 17 11 8 8 6 4 3 0 0 0 0 0 0 0
"139" 139 0.635658914729 179 110 86 59 17 10 8 8 8 4 4 3 2 2 0 0 0 0 0 0
"140" 140 0.246153846154 95 88 86 65 48 27 25 19 17 11 9 5 3 1 1 0 0 0 0 0
"141" 141 0.789029535865 440 60 0 0 0 0 0 0 0 0 0 0 0 0 0 0 0 0 0 0
"142" 142 0.0321100917431 198 137 109 23 14 9 6 2 2 0 0 0 0 0 0 0 0 0 0 0
"143" 143 0.327044025157 456 24 7 5 3 2 2 1 0 0 0 0 0 0 0 0 0 0 0 0
"144" 144 0.0627615062762 253 117 102 25 1 1 1 0 0 0 0 0 0 0 0 0 0 0 0 0
"145" 145 0.174129353234 341 102 25 12 8 4 3 3 1 1 0 0 0 0 0 0 0 0 0 0
"146" 146 0.116071428571 117 104 94 79 34 26 15 13 11 2 2 1 1 1 0 0 0 0 0 0
"147" 147 0.0 465 24 11 0 0 0 0 0 0 0 0 0 0 0 0 0 0 0 0 0
"148" 148 0.0 500 0 0 0 0 0 0 0 0 0 0 0 0 0 0 0 0 0 0 0
"149" 149 0.015503875969 287 162 47 2 1 1 0 0 0 0 0 0 0 0 0 0 0 0 0 0
"150" 150 0.333333333333 244 105 62 50 12 6 5 4 4 3 2 2 1 0 0 0 0 0 0 0
"151" 151 0.347150259067 263 99 46 21 20 15 13 8 8 5 2 0 0 0 0 0 0 0 0 0
"152" 152 0.41059602649 485 11 1 1 1 1 0 0 0 0 0 0 0 0 0 0 0 0 0 0
"153" 153 0.308139534884 121 113 73 45 42 31 24 23 15 7 4 2 0 0 0 0 0 0 0 0
"154" 154 0.307692307692 479 12 3 2 1 1 1 1 0 0 0 0 0 0 0 0 0 0 0 0
"155" 155 0.0172413793103 496 2 1 1 0 0 0 0 0 0 0 0 0 0 0 0 0 0 0 0
"156" 156 0.397321428571 196 193 53 21 15 7 4 4 3 2 1 1 0 0 0 0 0 0 0 0
"157" 157 0.430051813472 182 102 98 72 12 11 9 6 4 2 2 0 0 0 0 0 0 0 0 0
"158" 158 0.031007751938 344 122 24 8 1 1 0 0 0 0 0 0 0 0 0 0 0 0 0 0
"159" 159 0.0125523012552 459 35 2 2 1 1 0 0 0 0 0 0 0 0 0 0 0 0 0 0
"160" 160 0.26368159204 223 78 61 50 50 14 11 6 3 2 1 1 0 0 0 0 0 0 0 0
"161" 161 0.261627906977 267 100 86 12 8 8 6 4 3 3 1 1 1 0 0 0 0 0 0 0
"162" 162 0.0 313 71 61 23 14 10 3 2 2 1 0 0 0 0 0 0 0 0 0 0
"163" 163 0.0 399 64 11 9 8 4 2 2 1 0 0 0 0 0 0 0 0 0 0 0
"164" 164 0.317518248175 306 84 59 17 14 9 7 3 1 0 0 0 0 0 0 0 0 0 0 0
"165" 165 0.134529147982 191 103 101 48 26 11 10 8 2 0 0 0 0 0 0 0 0 0 0 0
"166" 166 0.0 248 54 53 50 37 35 21 1 1 0 0 0 0 0 0 0 0 0 0 0
"167" 167 0.177215189873 163 114 103 52 14 11 10 8 7 6 6 5 1 0 0 0 0 0 0 0
"168" 168 0.651785714286 174 126 81 44 36 10 8 7 4 4 3 2 1 0 0 0 0 0 0 0
"169" 169 0.490066225166 224 124 34 28 16 15 13 13 12 11 3 3 2 2 0 0 0 0 0 0
"170" 170 0.160550458716 141 104 84 38 37 34 16 14 9 9 9 2 2 1 0 0 0 0 0 0
"171" 171 0.417218543046 141 101 94 38 30 25 24 15 9 9 9 3 1 1 0 0 0 0 0 0
"172" 172 0.547085201794 155 146 96 35 30 13 12 9 2 2 0 0 0 0 0 0 0 0 0 0
"173" 173 0.690582959641 251 96 52 46 18 17 8 5 2 2 1 1 1 0 0 0 0 0 0 0
"174" 174 0.323076923077 154 83 57 52 40 36 25 23 9 8 6 4 2 1 0 0 0 0 0 0
"175" 175 0.0845771144279 348 60 47 24 8 5 3 3 1 1 0 0 0 0 0 0 0 0 0 0
"176" 176 0.364102564103 124 95 92 81 38 19 12 11 10 7 6 3 2 0 0 0 0 0 0 0
"177" 177 0.441964285714 181 164 32 32 24 23 17 10 8 6 2 1 0 0 0 0 0 0 0 0
"178" 178 0.0523255813953 130 106 67 55 35 30 24 23 10 8 4 2 2 1 1 1 1 0 0 0
"179" 179 0.0523255813953 246 160 21 19 18 10 7 6 5 4 1 1 1 1 0 0 0 0 0 0
"180" 180 0.27802690583 350 76 24 11 11 9 9 5 2 2 1 0 0 0 0 0 0 0 0 0
"181" 181 0.654008438819 236 114 48 45 25 21 8 2 1 0 0 0 0 0 0 0 0 0 0 0
"182" 182 0.443037974684 203 143 80 36 16 9 7 3 1 1 1 0 0 0 0 0 0 0 0 0
"183" 183 0.504464285714 268 147 33 18 11 10 8 4 1 0 0 0 0 0 0 0 0 0 0 0
"184" 184 0.694300518135 442 27 10 9 5 3 2 1 1 0 0 0 0 0 0 0 0 0 0 0
"185" 185 0.459915611814 152 81 74 43 41 28 23 18 16 16 5 2 1 0 0 0 0 0 0 0
"186" 186 0.586538461538 494 6 0 0 0 0 0 0 0 0 0 0 0 0 0 0 0 0 0 0
"187" 187 0.692307692308 214 100 63 31 29 14 13 12 6 6 5 2 2 1 1 1 0 0 0 0
"188" 188 0.701149425287 117 108 100 78 19 19 18 18 13 5 4 1 0 0 0 0 0 0 0 0
"189" 189 0.579487179487 314 64 31 20 19 17 13 12 5 3 1 1 0 0 0 0 0 0 0 0
"190" 190 0.786069651741 112 98 76 49 43 39 26 14 14 12 9 7 1 0 0 0 0 0 0 0
"191" 191 0.835443037975 369 33 27 25 20 14 5 4 2 1 0 0 0 0 0 0 0 0 0 0
"192" 192 0.423076923077 225 80 59 51 25 22 9 7 5 4 4 3 2 2 2 0 0 0 0 0
"193" 193 1.05381165919 420 43 12 10 8 6 1 0 0 0 0 0 0 0 0 0 0 0 0 0
