"site" "RSA" "aa1" "aa2" "aa3" "aa4" "aa5" "aa6" "aa7" "aa8" "aa9" "aa10" "aa11" "aa12" "aa13" "aa14" "aa15" "aa16" "aa17" "aa18" "aa19" "aa20"
"0" 0 0.279816513761 295 179 15 5 2 2 1 1 0 0 0 0 0 0 0 0 0 0 0 0
"1" 1 0.42194092827 153 132 53 32 27 21 19 16 13 13 7 5 4 4 1 0 0 0 0 0
"2" 2 0.385057471264 335 112 19 11 10 10 2 1 0 0 0 0 0 0 0 0 0 0 0 0
"3" 3 0.511494252874 192 147 50 48 21 12 12 11 3 3 1 0 0 0 0 0 0 0 0 0
"4" 4 0.476793248945 215 76 63 61 56 21 2 2 2 1 1 0 0 0 0 0 0 0 0 0
"5" 5 0.383928571429 112 95 81 71 61 59 8 7 2 2 2 0 0 0 0 0 0 0 0 0
"6" 6 0.317991631799 126 102 76 62 44 24 22 21 11 5 4 1 1 1 0 0 0 0 0 0
"7" 7 0.675496688742 125 107 42 42 39 35 30 23 19 17 11 5 3 2 0 0 0 0 0 0
"8" 8 0.258620689655 113 106 84 71 58 23 11 10 9 6 6 1 1 1 0 0 0 0 0 0
"9" 9 0.481012658228 496 3 1 0 0 0 0 0 0 0 0 0 0 0 0 0 0 0 0 0
"10" 10 0.423076923077 177 117 111 54 11 10 8 7 2 1 1 1 0 0 0 0 0 0 0 0
"11" 11 0.0288461538462 500 0 0 0 0 0 0 0 0 0 0 0 0 0 0 0 0 0 0 0
"12" 12 0.35401459854 222 98 87 41 29 11 4 4 3 1 0 0 0 0 0 0 0 0 0 0
"13" 13 0.0646766169154 323 70 34 25 19 9 9 4 2 2 1 1 1 0 0 0 0 0 0 0
"14" 14 0.0304568527919 268 119 33 22 22 15 10 6 2 2 1 0 0 0 0 0 0 0 0 0
"15" 15 0.177215189873 215 162 65 15 14 12 5 5 4 1 1 1 0 0 0 0 0 0 0 0
"16" 16 0.00497512437811 359 70 57 4 4 3 1 1 1 0 0 0 0 0 0 0 0 0 0 0
"17" 17 0.0728476821192 203 78 75 38 35 21 18 12 11 4 4 1 0 0 0 0 0 0 0 0
"18" 18 0.0239234449761 341 115 22 17 3 1 1 0 0 0 0 0 0 0 0 0 0 0 0 0
"19" 19 0.635897435897 284 193 15 7 1 0 0 0 0 0 0 0 0 0 0 0 0 0 0 0
"20" 20 0.0529801324503 493 6 1 0 0 0 0 0 0 0 0 0 0 0 0 0 0 0 0 0
"21" 21 0.569230769231 373 60 45 11 6 2 2 1 0 0 0 0 0 0 0 0 0 0 0 0
"22" 22 0.0993377483444 176 123 90 86 19 3 2 1 0 0 0 0 0 0 0 0 0 0 0 0
"23" 23 0.0 251 205 24 10 6 3 1 0 0 0 0 0 0 0 0 0 0 0 0 0
"24" 24 0.510548523207 324 56 42 27 14 13 8 5 5 3 3 0 0 0 0 0 0 0 0 0
"25" 25 0.0639534883721 224 220 26 25 4 1 0 0 0 0 0 0 0 0 0 0 0 0 0 0
"26" 26 0.377483443709 246 107 70 53 6 6 5 2 2 1 1 1 0 0 0 0 0 0 0 0
"27" 27 0.00917431192661 188 113 101 29 21 20 16 9 2 1 0 0 0 0 0 0 0 0 0 0
"28" 28 0.405128205128 217 143 44 26 25 18 9 6 4 3 2 2 1 0 0 0 0 0 0 0
"29" 29 0.0 286 138 52 13 5 4 2 0 0 0 0 0 0 0 0 0 0 0 0 0
"30" 30 0.0205128205128 266 53 42 33 22 21 15 11 9 9 8 6 2 2 1 0 0 0 0 0
"31" 31 0.0 420 48 14 7 5 3 1 1 1 0 0 0 0 0 0 0 0 0 0 0
"32" 32 0.0 403 92 4 1 0 0 0 0 0 0 0 0 0 0 0 0 0 0 0 0
"33" 33 0.00497512437811 306 145 28 9 7 4 1 0 0 0 0 0 0 0 0 0 0 0 0 0
"34" 34 0.0 295 205 0 0 0 0 0 0 0 0 0 0 0 0 0 0 0 0 0 0
"35" 35 0.451476793249 146 137 133 35 17 15 8 6 2 1 0 0 0 0 0 0 0 0 0 0
"36" 36 0.33971291866 349 55 31 16 14 6 6 6 5 4 3 2 2 1 0 0 0 0 0 0
"37" 37 0.190114068441 353 65 50 16 10 3 2 1 0 0 0 0 0 0 0 0 0 0 0 0
"38" 38 0.311787072243 371 53 26 17 12 6 6 5 4 0 0 0 0 0 0 0 0 0 0 0
"39" 39 0.302325581395 470 19 2 2 2 2 1 1 1 0 0 0 0 0 0 0 0 0 0 0
"40" 40 0.596412556054 197 172 102 26 2 1 0 0 0 0 0 0 0 0 0 0 0 0 0 0
"41" 41 0.730569948187 404 45 19 15 7 4 4 1 1 0 0 0 0 0 0 0 0 0 0 0
"42" 42 0.502092050209 439 36 13 8 2 1 1 0 0 0 0 0 0 0 0 0 0 0 0 0
"43" 43 0.899371069182 216 163 121 0 0 0 0 0 0 0 0 0 0 0 0 0 0 0 0 0
"44" 44 0.649635036496 276 75 45 34 17 13 11 8 7 7 4 2 1 0 0 0 0 0 0 0
"45" 45 0.138461538462 317 69 38 23 21 11 9 4 3 3 1 1 0 0 0 0 0 0 0 0
"46" 46 0.53164556962 121 118 110 69 62 10 4 4 1 1 0 0 0 0 0 0 0 0 0 0
"47" 47 0.21897810219 138 123 53 44 43 28 18 16 12 8 7 6 1 1 1 1 0 0 0 0
"48" 48 0.0710659898477 357 63 49 10 6 5 4 4 1 1 0 0 0 0 0 0 0 0 0 0
"49" 49 0.0062893081761 262 228 6 4 0 0 0 0 0 0 0 0 0 0 0 0 0 0 0 0
"50" 50 0.0 390 95 13 2 0 0 0 0 0 0 0 0 0 0 0 0 0 0 0 0
"51" 51 0.0 377 43 38 15 8 7 5 3 2 2 0 0 0 0 0 0 0 0 0 0
"52" 52 0.0 357 60 35 32 7 4 3 1 1 0 0 0 0 0 0 0 0 0 0 0
"53" 53 0.0 212 124 87 63 5 3 2 1 1 1 1 0 0 0 0 0 0 0 0 0
"54" 54 0.0 306 82 60 19 14 8 4 3 2 1 1 0 0 0 0 0 0 0 0 0
"55" 55 0.0 207 110 98 61 9 6 5 2 1 1 0 0 0 0 0 0 0 0 0 0
"56" 56 0.0288461538462 384 111 3 1 1 0 0 0 0 0 0 0 0 0 0 0 0 0 0 0
"57" 57 0.089552238806 116 73 73 42 41 40 30 20 18 13 13 12 8 1 0 0 0 0 0 0
"58" 58 0.470930232558 273 209 9 5 4 0 0 0 0 0 0 0 0 0 0 0 0 0 0 0
"59" 59 0.0822784810127 450 32 6 5 2 2 1 1 1 0 0 0 0 0 0 0 0 0 0 0
"60" 60 0.273255813953 256 60 53 49 31 17 13 10 8 1 1 1 0 0 0 0 0 0 0 0
"61" 61 0.0062893081761 438 31 20 7 3 1 0 0 0 0 0 0 0 0 0 0 0 0 0 0
"62" 62 0.222797927461 251 175 35 10 6 6 5 3 3 2 2 1 1 0 0 0 0 0 0 0
"63" 63 0.215384615385 332 63 49 40 13 2 1 0 0 0 0 0 0 0 0 0 0 0 0 0
"64" 64 0.0 352 95 33 11 7 1 1 0 0 0 0 0 0 0 0 0 0 0 0 0
"65" 65 0.0596026490066 438 21 18 17 3 2 1 0 0 0 0 0 0 0 0 0 0 0 0 0
"66" 66 0.611607142857 135 94 65 61 56 34 21 17 10 4 2 1 0 0 0 0 0 0 0 0
"67" 67 0.396624472574 145 94 88 82 69 6 5 5 2 2 1 1 0 0 0 0 0 0 0 0
"68" 68 0.0 299 100 70 13 10 5 1 1 1 0 0 0 0 0 0 0 0 0 0 0
"69" 69 0.493723849372 386 52 25 14 10 8 2 2 1 0 0 0 0 0 0 0 0 0 0 0
"70" 70 0.0 159 113 93 81 16 8 7 7 5 4 4 3 0 0 0 0 0 0 0 0
"71" 71 0.0717488789238 257 142 29 24 18 11 10 6 2 1 0 0 0 0 0 0 0 0 0 0
"72" 72 0.564853556485 145 98 97 45 42 32 26 6 5 2 2 0 0 0 0 0 0 0 0 0
"73" 73 0.0582959641256 107 87 86 83 73 57 2 2 1 1 1 0 0 0 0 0 0 0 0 0
"74" 74 0.0 493 4 3 0 0 0 0 0 0 0 0 0 0 0 0 0 0 0 0 0
"75" 75 0.0621761658031 485 6 3 2 1 1 1 1 0 0 0 0 0 0 0 0 0 0 0 0
"76" 76 0.535864978903 448 46 2 2 1 1 0 0 0 0 0 0 0 0 0 0 0 0 0 0
"77" 77 0.125475285171 410 87 3 0 0 0 0 0 0 0 0 0 0 0 0 0 0 0 0 0
"78" 78 0.0384615384615 500 0 0 0 0 0 0 0 0 0 0 0 0 0 0 0 0 0 0 0
"79" 79 0.0 438 56 5 1 0 0 0 0 0 0 0 0 0 0 0 0 0 0 0 0
"80" 80 0.0 202 151 84 35 19 5 3 1 0 0 0 0 0 0 0 0 0 0 0 0
"81" 81 0.0 309 118 67 4 2 0 0 0 0 0 0 0 0 0 0 0 0 0 0 0
"82" 82 0.0 443 17 16 15 4 3 1 1 0 0 0 0 0 0 0 0 0 0 0 0
"83" 83 0.0 474 13 11 2 0 0 0 0 0 0 0 0 0 0 0 0 0 0 0 0
"84" 84 0.0 429 24 20 11 9 4 3 0 0 0 0 0 0 0 0 0 0 0 0 0
"85" 85 0.020725388601 258 137 86 17 2 0 0 0 0 0 0 0 0 0 0 0 0 0 0 0
"86" 86 0.0 264 196 29 7 2 1 1 0 0 0 0 0 0 0 0 0 0 0 0 0
"87" 87 0.0 404 47 27 18 4 0 0 0 0 0 0 0 0 0 0 0 0 0 0 0
"88" 88 0.0 284 168 47 1 0 0 0 0 0 0 0 0 0 0 0 0 0 0 0 0
"89" 89 0.259124087591 247 85 65 39 25 16 8 8 3 2 2 0 0 0 0 0 0 0 0 0
"90" 90 0.240384615385 500 0 0 0 0 0 0 0 0 0 0 0 0 0 0 0 0 0 0 0
"91" 91 0.891191709845 179 133 132 44 9 2 1 0 0 0 0 0 0 0 0 0 0 0 0 0
"92" 92 0.522321428571 250 195 19 17 9 6 2 1 1 0 0 0 0 0 0 0 0 0 0 0
"93" 93 0.0459770114943 475 10 9 4 1 1 0 0 0 0 0 0 0 0 0 0 0 0 0 0
"94" 94 0.209302325581 159 120 95 38 27 23 15 13 4 3 2 1 0 0 0 0 0 0 0 0
"95" 95 0.384615384615 247 152 26 25 21 20 7 1 1 0 0 0 0 0 0 0 0 0 0 0
"96" 96 0.0518134715026 272 169 33 15 5 3 2 1 0 0 0 0 0 0 0 0 0 0 0 0
"97" 97 0.685534591195 333 63 59 27 8 5 3 2 0 0 0 0 0 0 0 0 0 0 0 0
"98" 98 0.71875 161 130 64 44 38 34 19 6 2 1 1 0 0 0 0 0 0 0 0 0
"99" 99 0.625 496 4 0 0 0 0 0 0 0 0 0 0 0 0 0 0 0 0 0 0
"100" 100 0.238410596026 361 50 44 14 11 8 5 5 2 0 0 0 0 0 0 0 0 0 0 0
"101" 101 0.521276595745 217 108 107 42 16 5 3 1 1 0 0 0 0 0 0 0 0 0 0 0
"102" 102 0.129533678756 230 109 68 63 11 10 5 2 1 1 0 0 0 0 0 0 0 0 0 0
"103" 103 0.0251046025105 261 104 40 26 22 15 14 7 4 4 2 1 0 0 0 0 0 0 0 0
"104" 104 0.0 498 2 0 0 0 0 0 0 0 0 0 0 0 0 0 0 0 0 0 0
"105" 105 0.188340807175 217 156 61 25 19 8 4 3 2 2 2 1 0 0 0 0 0 0 0 0
"106" 106 0.0 499 1 0 0 0 0 0 0 0 0 0 0 0 0 0 0 0 0 0 0
"107" 107 0.0 346 84 30 23 14 2 1 0 0 0 0 0 0 0 0 0 0 0 0 0
"108" 108 0.00961538461538 405 72 23 0 0 0 0 0 0 0 0 0 0 0 0 0 0 0 0 0
"109" 109 0.00418410041841 122 111 110 56 34 29 27 8 3 0 0 0 0 0 0 0 0 0 0 0
"110" 110 0.0114068441065 185 133 90 33 28 13 13 3 2 0 0 0 0 0 0 0 0 0 0 0
"111" 111 0.00995024875622 313 72 70 21 7 5 5 2 1 1 1 1 1 0 0 0 0 0 0 0
"112" 112 0.128205128205 284 102 39 28 13 11 10 4 3 2 2 1 1 0 0 0 0 0 0 0
"113" 113 0.0232558139535 498 2 0 0 0 0 0 0 0 0 0 0 0 0 0 0 0 0 0 0
"114" 114 0.529069767442 166 129 55 53 35 31 10 7 6 5 2 1 0 0 0 0 0 0 0 0
"115" 115 0.32735426009 198 93 73 45 31 24 16 13 4 2 1 0 0 0 0 0 0 0 0 0
"116" 116 0.6875 453 37 4 3 2 1 0 0 0 0 0 0 0 0 0 0 0 0 0 0
"117" 117 0.490566037736 153 114 72 69 41 39 8 2 1 1 0 0 0 0 0 0 0 0 0 0
"118" 118 0.0950570342205 258 116 104 14 3 2 1 1 1 0 0 0 0 0 0 0 0 0 0 0
"119" 119 0.15503875969 450 23 14 8 2 2 1 0 0 0 0 0 0 0 0 0 0 0 0 0
"120" 120 0.533632286996 401 59 20 11 3 2 1 1 1 1 0 0 0 0 0 0 0 0 0 0
"121" 121 0.0430622009569 470 17 12 1 0 0 0 0 0 0 0 0 0 0 0 0 0 0 0 0
"122" 122 0.00380228136882 465 25 7 3 0 0 0 0 0 0 0 0 0 0 0 0 0 0 0 0
"123" 123 0.206278026906 365 120 11 2 1 1 0 0 0 0 0 0 0 0 0 0 0 0 0 0
"124" 124 0.0 211 170 78 14 9 7 7 3 1 0 0 0 0 0 0 0 0 0 0 0
"125" 125 0.125475285171 233 88 80 48 30 18 2 1 0 0 0 0 0 0 0 0 0 0 0 0
"126" 126 0.295336787565 156 115 110 60 18 13 10 6 5 5 1 1 0 0 0 0 0 0 0 0
"127" 127 0.0 265 186 43 3 2 1 0 0 0 0 0 0 0 0 0 0 0 0 0 0
"128" 128 0.0 233 171 46 14 10 10 5 5 3 2 1 0 0 0 0 0 0 0 0 0
"129" 129 0.0430622009569 358 67 22 16 13 11 10 3 0 0 0 0 0 0 0 0 0 0 0 0
"130" 130 0.447257383966 460 17 11 11 1 0 0 0 0 0 0 0 0 0 0 0 0 0 0 0
"131" 131 0.138392857143 250 97 92 51 8 2 0 0 0 0 0 0 0 0 0 0 0 0 0 0
"132" 132 0.0 435 27 13 12 8 3 1 1 0 0 0 0 0 0 0 0 0 0 0 0
"133" 133 0.0 383 47 42 9 7 5 3 2 1 1 0 0 0 0 0 0 0 0 0 0
"134" 134 0.547085201794 323 112 28 26 7 3 1 0 0 0 0 0 0 0 0 0 0 0 0 0
"135" 135 0.209302325581 206 130 99 42 11 5 2 1 1 1 1 1 0 0 0 0 0 0 0 0
"136" 136 0.0 448 22 11 9 4 3 2 1 0 0 0 0 0 0 0 0 0 0 0 0
"137" 137 0.274611398964 256 188 20 12 10 8 4 2 0 0 0 0 0 0 0 0 0 0 0 0
"138" 138 0.602649006623 193 137 59 35 29 21 14 10 1 1 0 0 0 0 0 0 0 0 0 0
"139" 139 0.363636363636 337 45 37 32 28 17 2 1 1 0 0 0 0 0 0 0 0 0 0 0
"140" 140 0.167364016736 353 64 63 11 4 2 1 1 1 0 0 0 0 0 0 0 0 0 0 0
"141" 141 0.512820512821 398 52 32 13 5 0 0 0 0 0 0 0 0 0 0 0 0 0 0 0
"142" 142 0.392405063291 436 36 24 4 0 0 0 0 0 0 0 0 0 0 0 0 0 0 0 0
"143" 143 0.0248756218905 326 127 26 10 3 3 2 1 1 1 0 0 0 0 0 0 0 0 0 0
"144" 144 0.0673575129534 500 0 0 0 0 0 0 0 0 0 0 0 0 0 0 0 0 0 0 0
"145" 145 0.0 413 45 38 2 1 1 0 0 0 0 0 0 0 0 0 0 0 0 0 0
"146" 146 0.318407960199 362 44 29 28 16 6 6 3 3 3 0 0 0 0 0 0 0 0 0 0
"147" 147 0.518134715026 141 112 90 79 23 19 17 6 4 4 3 1 1 0 0 0 0 0 0 0
"148" 148 0.112820512821 99 94 68 58 53 44 44 25 8 3 2 1 1 0 0 0 0 0 0 0
"149" 149 0.0 312 105 65 18 0 0 0 0 0 0 0 0 0 0 0 0 0 0 0 0
"150" 150 0.0 308 175 16 1 0 0 0 0 0 0 0 0 0 0 0 0 0 0 0 0
"151" 151 0.0 391 90 15 2 1 1 0 0 0 0 0 0 0 0 0 0 0 0 0 0
"152" 152 0.0 322 126 19 18 4 4 3 2 1 1 0 0 0 0 0 0 0 0 0 0
"153" 153 0.0 500 0 0 0 0 0 0 0 0 0 0 0 0 0 0 0 0 0 0 0
"154" 154 0.0430622009569 363 85 13 9 7 6 5 4 3 2 2 1 0 0 0 0 0 0 0 0
"155" 155 0.0264900662252 456 28 8 3 2 1 1 1 0 0 0 0 0 0 0 0 0 0 0 0
"156" 156 0.0 387 48 40 12 4 2 2 1 1 1 1 1 0 0 0 0 0 0 0 0
"157" 157 0.0 500 0 0 0 0 0 0 0 0 0 0 0 0 0 0 0 0 0 0 0
"158" 158 0.0 500 0 0 0 0 0 0 0 0 0 0 0 0 0 0 0 0 0 0 0
"159" 159 0.00380228136882 348 49 31 21 14 11 5 4 4 4 3 2 2 1 1 0 0 0 0 0
"160" 160 0.0192307692308 210 165 44 39 19 16 4 1 1 1 0 0 0 0 0 0 0 0 0 0
"161" 161 0.0 314 186 0 0 0 0 0 0 0 0 0 0 0 0 0 0 0 0 0 0
"162" 162 0.010152284264 216 104 56 52 38 16 5 4 3 2 2 1 1 0 0 0 0 0 0 0
"163" 163 0.0189873417722 148 143 58 50 34 21 12 12 7 5 4 3 2 1 0 0 0 0 0 0
"164" 164 0.00961538461538 195 195 57 10 10 10 10 9 2 1 1 0 0 0 0 0 0 0 0 0
"165" 165 0.0152091254753 307 108 50 16 14 5 0 0 0 0 0 0 0 0 0 0 0 0 0 0
"166" 166 0.00995024875622 365 47 35 32 6 5 4 3 2 1 0 0 0 0 0 0 0 0 0 0
"167" 167 0.291139240506 189 182 35 30 25 24 4 3 2 2 1 1 1 1 0 0 0 0 0 0
"168" 168 0.125 285 117 55 25 5 5 4 2 2 0 0 0 0 0 0 0 0 0 0 0
"169" 169 0.041825095057 310 165 9 7 5 2 1 1 0 0 0 0 0 0 0 0 0 0 0 0
"170" 170 0.794701986755 144 112 89 51 28 26 25 10 6 4 2 1 1 1 0 0 0 0 0 0
"171" 171 0.567307692308 188 157 99 39 7 6 4 0 0 0 0 0 0 0 0 0 0 0 0 0
"172" 172 0.518987341772 463 12 10 7 3 2 2 1 0 0 0 0 0 0 0 0 0 0 0 0
"173" 173 0.189781021898 383 104 3 3 2 2 1 1 1 0 0 0 0 0 0 0 0 0 0 0
"174" 174 0.0380228136882 398 91 8 3 0 0 0 0 0 0 0 0 0 0 0 0 0 0 0 0
"175" 175 0.447257383966 134 102 94 58 56 19 17 12 4 2 2 0 0 0 0 0 0 0 0 0
"176" 176 0.00662251655629 483 14 2 1 0 0 0 0 0 0 0 0 0 0 0 0 0 0 0 0
"177" 177 0.0 490 7 2 1 0 0 0 0 0 0 0 0 0 0 0 0 0 0 0 0
"178" 178 0.0 500 0 0 0 0 0 0 0 0 0 0 0 0 0 0 0 0 0 0 0
"179" 179 0.0 468 32 0 0 0 0 0 0 0 0 0 0 0 0 0 0 0 0 0 0
"180" 180 0.0 412 45 29 9 1 1 1 1 1 0 0 0 0 0 0 0 0 0 0 0
"181" 181 0.0 387 98 7 5 2 1 0 0 0 0 0 0 0 0 0 0 0 0 0 0
"182" 182 0.0 408 34 33 24 1 0 0 0 0 0 0 0 0 0 0 0 0 0 0 0
"183" 183 0.0 274 168 26 12 7 4 4 2 1 1 1 0 0 0 0 0 0 0 0 0
"184" 184 0.00574712643678 236 104 66 30 24 22 14 3 1 0 0 0 0 0 0 0 0 0 0 0
"185" 185 0.0820512820513 387 31 29 22 16 11 2 1 1 0 0 0 0 0 0 0 0 0 0 0
"186" 186 0.0062893081761 140 95 95 53 45 21 12 9 8 7 7 4 2 1 1 0 0 0 0 0
"187" 187 0.0993377483444 269 50 44 36 33 16 15 15 14 4 2 1 1 0 0 0 0 0 0 0
"188" 188 0.564102564103 485 12 3 0 0 0 0 0 0 0 0 0 0 0 0 0 0 0 0 0
"189" 189 0.00574712643678 251 156 43 32 9 7 2 0 0 0 0 0 0 0 0 0 0 0 0 0
"190" 190 0.389937106918 451 26 21 2 0 0 0 0 0 0 0 0 0 0 0 0 0 0 0 0
"191" 191 0.0602836879433 415 19 18 17 15 8 4 3 1 0 0 0 0 0 0 0 0 0 0 0
"192" 192 0.0 499 1 0 0 0 0 0 0 0 0 0 0 0 0 0 0 0 0 0 0
"193" 193 0.313901345291 421 58 12 5 3 1 0 0 0 0 0 0 0 0 0 0 0 0 0 0
"194" 194 0.26582278481 400 77 14 3 2 2 1 1 0 0 0 0 0 0 0 0 0 0 0 0
"195" 195 0.0 242 78 66 49 26 18 8 6 2 2 1 1 1 0 0 0 0 0 0 0
"196" 196 0.00418410041841 221 120 62 35 16 9 7 7 7 6 5 2 1 1 1 0 0 0 0 0
"197" 197 0.544303797468 246 97 74 33 20 14 6 3 2 2 2 1 0 0 0 0 0 0 0 0
"198" 198 0.201923076923 147 105 97 24 19 18 18 17 16 14 9 8 3 2 2 1 0 0 0 0
"199" 199 0.0 261 214 18 7 0 0 0 0 0 0 0 0 0 0 0 0 0 0 0 0
"200" 200 0.0746268656716 292 179 11 8 5 3 2 0 0 0 0 0 0 0 0 0 0 0 0 0
"201" 201 0.346153846154 500 0 0 0 0 0 0 0 0 0 0 0 0 0 0 0 0 0 0 0
"202" 202 0.803571428571 436 38 17 9 0 0 0 0 0 0 0 0 0 0 0 0 0 0 0 0
"203" 203 0.152482269504 500 0 0 0 0 0 0 0 0 0 0 0 0 0 0 0 0 0 0 0
"204" 204 0.544642857143 150 144 82 43 35 17 14 10 3 2 0 0 0 0 0 0 0 0 0 0
"205" 205 0.410852713178 150 127 51 40 39 38 30 20 2 2 1 0 0 0 0 0 0 0 0 0
"206" 206 0.110266159696 274 164 37 12 11 1 1 0 0 0 0 0 0 0 0 0 0 0 0 0
"207" 207 0.0 169 159 55 50 29 25 7 4 1 1 0 0 0 0 0 0 0 0 0 0
"208" 208 0.0 376 103 13 6 1 1 0 0 0 0 0 0 0 0 0 0 0 0 0 0
"209" 209 0.0696202531646 216 121 109 15 14 10 5 5 2 1 1 1 0 0 0 0 0 0 0 0
"210" 210 0.293532338308 229 126 63 30 22 11 6 4 3 3 2 1 0 0 0 0 0 0 0 0
"211" 211 0.124378109453 344 64 54 18 10 6 2 2 0 0 0 0 0 0 0 0 0 0 0 0
"212" 212 0.00507614213198 159 128 70 52 35 24 8 8 8 5 3 0 0 0 0 0 0 0 0 0
"213" 213 0.42194092827 211 124 72 37 23 14 7 6 3 2 1 0 0 0 0 0 0 0 0 0
"214" 214 0.738461538462 202 165 107 12 9 2 2 1 0 0 0 0 0 0 0 0 0 0 0 0
"215" 215 0.182741116751 440 34 19 4 2 1 0 0 0 0 0 0 0 0 0 0 0 0 0 0
"216" 216 0.777372262774 479 13 4 3 1 0 0 0 0 0 0 0 0 0 0 0 0 0 0 0
"217" 217 0.143540669856 445 54 1 0 0 0 0 0 0 0 0 0 0 0 0 0 0 0 0 0
"218" 218 0.402298850575 352 83 31 12 6 4 3 3 3 1 1 1 0 0 0 0 0 0 0 0
"219" 219 0.576923076923 500 0 0 0 0 0 0 0 0 0 0 0 0 0 0 0 0 0 0 0
"220" 220 0.699481865285 248 154 95 2 1 0 0 0 0 0 0 0 0 0 0 0 0 0 0 0
"221" 221 0.238341968912 273 73 42 18 16 15 13 13 10 9 7 5 2 2 1 1 0 0 0 0
"222" 222 0.310218978102 357 64 27 25 7 5 5 4 2 1 1 1 1 0 0 0 0 0 0 0
"223" 223 0.010152284264 410 74 10 4 1 1 0 0 0 0 0 0 0 0 0 0 0 0 0 0
"224" 224 0.0248756218905 199 150 64 30 19 15 9 6 2 2 1 1 1 1 0 0 0 0 0 0
"225" 225 0.00507614213198 122 112 62 57 57 47 26 6 6 3 2 0 0 0 0 0 0 0 0 0
"226" 226 0.0143540669856 365 66 41 27 1 0 0 0 0 0 0 0 0 0 0 0 0 0 0 0
"227" 227 0.00574712643678 331 87 52 26 2 1 1 0 0 0 0 0 0 0 0 0 0 0 0 0
"228" 228 0.0 500 0 0 0 0 0 0 0 0 0 0 0 0 0 0 0 0 0 0 0
"229" 229 0.295336787565 193 85 72 48 46 17 13 10 10 3 2 1 0 0 0 0 0 0 0 0
"230" 230 0.41059602649 328 85 53 23 5 4 2 0 0 0 0 0 0 0 0 0 0 0 0 0
"231" 231 0.0310880829016 383 102 12 3 0 0 0 0 0 0 0 0 0 0 0 0 0 0 0 0
"232" 232 0.566037735849 411 61 9 8 4 3 2 1 1 0 0 0 0 0 0 0 0 0 0 0
"233" 233 0.255230125523 286 78 72 19 15 12 9 3 2 2 1 1 0 0 0 0 0 0 0 0
"234" 234 0.0746268656716 241 135 71 11 11 9 8 6 4 3 1 0 0 0 0 0 0 0 0 0
"235" 235 0.75 221 73 60 34 32 25 18 17 14 3 3 0 0 0 0 0 0 0 0 0
"236" 236 0.482142857143 215 172 33 25 23 15 5 5 3 2 1 1 0 0 0 0 0 0 0 0
"237" 237 0.0430622009569 266 183 31 7 6 3 2 1 1 0 0 0 0 0 0 0 0 0 0 0
"238" 238 0.0 477 11 6 3 2 1 0 0 0 0 0 0 0 0 0 0 0 0 0 0
"239" 239 0.291139240506 170 153 91 39 27 5 4 4 4 2 1 0 0 0 0 0 0 0 0 0
"240" 240 0.0062893081761 140 136 128 32 16 11 8 6 5 4 4 3 3 2 1 1 0 0 0 0
"241" 241 0.379464285714 173 137 70 33 30 27 11 9 6 3 1 0 0 0 0 0 0 0 0 0
"242" 242 0.203980099502 300 48 36 31 21 18 14 10 8 4 4 3 2 1 0 0 0 0 0 0
"243" 243 0.0149253731343 241 135 76 20 17 7 1 1 1 1 0 0 0 0 0 0 0 0 0 0
"244" 244 0.388059701493 187 120 45 36 26 26 23 13 8 7 4 3 1 1 0 0 0 0 0 0
"245" 245 0.526785714286 193 171 38 29 20 17 14 9 4 3 2 0 0 0 0 0 0 0 0 0
"246" 246 0.062015503876 201 188 25 20 20 16 14 4 4 2 2 2 1 1 0 0 0 0 0 0
"247" 247 0.0172413793103 224 122 80 42 9 7 3 3 2 2 2 2 1 1 0 0 0 0 0 0
"248" 248 0.544303797468 137 134 69 45 35 28 22 11 10 7 2 0 0 0 0 0 0 0 0 0
"249" 249 0.798449612403 483 17 0 0 0 0 0 0 0 0 0 0 0 0 0 0 0 0 0 0
"250" 250 0.191860465116 352 45 41 25 12 8 7 6 2 1 1 0 0 0 0 0 0 0 0 0
"251" 251 0.350993377483 366 96 26 8 2 2 0 0 0 0 0 0 0 0 0 0 0 0 0 0
"252" 252 0.0 265 213 19 2 1 0 0 0 0 0 0 0 0 0 0 0 0 0 0 0
"253" 253 0.340807174888 258 103 41 39 25 15 7 7 3 1 1 0 0 0 0 0 0 0 0 0
"254" 254 0.632124352332 481 19 0 0 0 0 0 0 0 0 0 0 0 0 0 0 0 0 0 0
"255" 255 0.247148288973 378 57 50 15 0 0 0 0 0 0 0 0 0 0 0 0 0 0 0 0
"256" 256 0.051724137931 332 59 37 22 15 14 8 7 2 2 1 1 0 0 0 0 0 0 0 0
"257" 257 0.236607142857 331 73 30 27 12 10 9 4 2 1 1 0 0 0 0 0 0 0 0 0
"258" 258 0.233502538071 247 106 46 40 29 19 4 3 3 2 1 0 0 0 0 0 0 0 0 0
"259" 259 0.299578059072 277 107 40 25 24 10 8 3 2 2 1 1 0 0 0 0 0 0 0 0
"260" 260 0.409282700422 221 89 58 51 32 30 12 4 2 1 0 0 0 0 0 0 0 0 0 0
"261" 261 0.166666666667 379 40 21 19 13 12 5 4 3 2 2 0 0 0 0 0 0 0 0 0
"262" 262 0.751196172249 111 104 93 72 48 25 14 14 7 5 3 2 1 1 0 0 0 0 0 0
"263" 263 0.413461538462 500 0 0 0 0 0 0 0 0 0 0 0 0 0 0 0 0 0 0 0
"264" 264 0.251046025105 407 42 28 15 3 2 2 1 0 0 0 0 0 0 0 0 0 0 0 0
"265" 265 0.424870466321 416 46 17 8 4 3 3 2 1 0 0 0 0 0 0 0 0 0 0 0
"266" 266 0.124401913876 231 168 42 39 12 5 2 1 0 0 0 0 0 0 0 0 0 0 0 0
"267" 267 0.251655629139 435 23 16 13 3 3 2 2 2 1 0 0 0 0 0 0 0 0 0 0
"268" 268 0.0760456273764 265 178 30 15 10 2 0 0 0 0 0 0 0 0 0 0 0 0 0 0
"269" 269 0.726235741445 275 73 42 32 24 14 14 13 5 4 3 1 0 0 0 0 0 0 0 0
"270" 270 0.00418410041841 249 225 16 7 1 1 1 0 0 0 0 0 0 0 0 0 0 0 0 0
"271" 271 0.0 351 73 43 14 6 6 2 2 2 1 0 0 0 0 0 0 0 0 0 0
"272" 272 0.0728476821192 339 68 54 20 15 3 1 0 0 0 0 0 0 0 0 0 0 0 0 0
"273" 273 0.395348837209 310 77 75 12 9 6 4 3 2 1 1 0 0 0 0 0 0 0 0 0
"274" 274 0.125523012552 270 126 62 33 3 3 1 1 1 0 0 0 0 0 0 0 0 0 0 0
"275" 275 0.00574712643678 188 122 79 60 14 13 10 9 3 2 0 0 0 0 0 0 0 0 0 0
"276" 276 0.333333333333 304 109 57 11 6 4 4 2 2 1 0 0 0 0 0 0 0 0 0 0
"277" 277 0.325892857143 218 137 59 20 14 12 12 11 7 3 2 2 2 1 0 0 0 0 0 0
"278" 278 0.0 237 163 35 26 22 8 7 2 0 0 0 0 0 0 0 0 0 0 0 0
"279" 279 0.0 307 192 1 0 0 0 0 0 0 0 0 0 0 0 0 0 0 0 0 0
"280" 280 0.428571428571 320 64 43 39 26 4 2 2 0 0 0 0 0 0 0 0 0 0 0 0
"281" 281 0.10460251046 474 15 8 1 1 1 0 0 0 0 0 0 0 0 0 0 0 0 0 0
"282" 282 0.0 484 14 1 1 0 0 0 0 0 0 0 0 0 0 0 0 0 0 0 0
"283" 283 0.0 500 0 0 0 0 0 0 0 0 0 0 0 0 0 0 0 0 0 0 0
"284" 284 0.503649635036 357 94 20 14 5 4 4 2 0 0 0 0 0 0 0 0 0 0 0 0
"285" 285 0.292307692308 214 126 57 29 27 18 14 4 3 3 2 2 1 0 0 0 0 0 0 0
"286" 286 0.0398009950249 337 105 28 16 10 2 1 1 0 0 0 0 0 0 0 0 0 0 0 0
"287" 287 0.596153846154 441 46 8 3 2 0 0 0 0 0 0 0 0 0 0 0 0 0 0 0
"288" 288 0.238805970149 497 2 1 0 0 0 0 0 0 0 0 0 0 0 0 0 0 0 0 0
"289" 289 0.609137055838 445 34 13 3 3 2 0 0 0 0 0 0 0 0 0 0 0 0 0 0
