"site" "RSA" "aa1" "aa2" "aa3" "aa4" "aa5" "aa6" "aa7" "aa8" "aa9" "aa10" "aa11" "aa12" "aa13" "aa14" "aa15" "aa16" "aa17" "aa18" "aa19" "aa20"
"0" 0 0.646788990826 328 121 29 12 10 0 0 0 0 0 0 0 0 0 0 0 0 0 0 0
"1" 1 0.515695067265 221 80 78 41 27 22 20 4 2 2 1 1 1 0 0 0 0 0 0 0
"2" 2 0.53488372093 183 98 87 48 29 23 23 3 3 2 1 0 0 0 0 0 0 0 0 0
"3" 3 0.0203045685279 449 27 13 6 2 2 1 0 0 0 0 0 0 0 0 0 0 0 0 0
"4" 4 0.130801687764 163 107 79 43 40 20 20 18 3 2 2 1 1 1 0 0 0 0 0 0
"5" 5 0.0 345 60 53 22 9 4 2 2 1 1 1 0 0 0 0 0 0 0 0 0
"6" 6 0.0 376 45 26 23 15 6 2 2 2 1 1 1 0 0 0 0 0 0 0 0
"7" 7 0.0 282 77 54 26 23 11 10 6 6 3 1 1 0 0 0 0 0 0 0 0
"8" 8 0.0 133 114 86 44 34 26 24 13 7 7 5 4 1 1 1 0 0 0 0 0
"9" 9 0.0 500 0 0 0 0 0 0 0 0 0 0 0 0 0 0 0 0 0 0 0
"10" 10 0.129533678756 208 87 72 54 20 19 14 7 5 4 3 2 2 1 1 1 0 0 0 0
"11" 11 0.317307692308 229 54 38 34 33 28 22 18 17 10 5 3 2 2 2 2 1 0 0 0
"12" 12 0.643410852713 323 176 1 0 0 0 0 0 0 0 0 0 0 0 0 0 0 0 0 0
"13" 13 0.0114942528736 233 94 76 62 29 3 3 0 0 0 0 0 0 0 0 0 0 0 0 0
"14" 14 0.221153846154 500 0 0 0 0 0 0 0 0 0 0 0 0 0 0 0 0 0 0 0
"15" 15 0.0632911392405 367 43 32 16 12 11 5 5 4 4 1 0 0 0 0 0 0 0 0 0
"16" 16 0.122093023256 67 65 63 44 43 41 36 29 28 26 15 13 12 10 4 2 2 0 0 0
"17" 17 0.0886075949367 260 93 50 37 11 11 9 8 7 7 2 2 2 1 0 0 0 0 0 0
"18" 18 0.00497512437811 226 184 31 28 21 6 1 1 1 1 0 0 0 0 0 0 0 0 0 0
"19" 19 0.0 165 139 66 64 15 14 14 9 9 3 2 0 0 0 0 0 0 0 0 0
"20" 20 0.10152284264 80 66 63 48 48 39 37 37 28 24 14 7 6 2 1 0 0 0 0 0
"21" 21 0.00662251655629 340 159 1 0 0 0 0 0 0 0 0 0 0 0 0 0 0 0 0 0
"22" 22 0.155893536122 431 44 11 10 4 0 0 0 0 0 0 0 0 0 0 0 0 0 0 0
"23" 23 0.232558139535 426 40 15 12 5 2 0 0 0 0 0 0 0 0 0 0 0 0 0 0
"24" 24 0.482558139535 112 75 71 61 44 43 39 26 11 8 5 3 2 0 0 0 0 0 0 0
"25" 25 0.615384615385 303 148 29 14 3 2 1 0 0 0 0 0 0 0 0 0 0 0 0 0
"26" 26 0.387596899225 326 60 42 41 11 9 7 1 1 1 1 0 0 0 0 0 0 0 0 0
"27" 27 0.334728033473 407 39 18 13 11 5 2 2 2 1 0 0 0 0 0 0 0 0 0 0
"28" 28 0.138364779874 269 98 55 46 18 5 4 3 1 1 0 0 0 0 0 0 0 0 0 0
"29" 29 0.644230769231 470 23 6 1 0 0 0 0 0 0 0 0 0 0 0 0 0 0 0 0
"30" 30 0.580357142857 238 188 24 19 12 8 4 3 3 1 0 0 0 0 0 0 0 0 0 0
"31" 31 0.285171102662 277 133 30 27 13 12 3 2 2 1 0 0 0 0 0 0 0 0 0 0
"32" 32 0.472081218274 221 68 54 54 34 24 17 11 5 4 4 3 1 0 0 0 0 0 0 0
"33" 33 0.301886792453 205 89 73 53 19 15 14 11 8 5 3 1 1 1 1 1 0 0 0 0
"34" 34 0.744186046512 192 186 68 24 16 6 6 2 0 0 0 0 0 0 0 0 0 0 0 0
"35" 35 0.454022988506 188 121 96 46 20 11 8 4 3 2 1 0 0 0 0 0 0 0 0 0
"36" 36 0.326359832636 165 93 85 53 31 29 27 7 7 2 1 0 0 0 0 0 0 0 0 0
"37" 37 0.39896373057 178 154 88 28 25 13 13 1 0 0 0 0 0 0 0 0 0 0 0 0
"38" 38 0.4 178 143 138 23 12 4 1 1 0 0 0 0 0 0 0 0 0 0 0 0
"39" 39 0.121673003802 171 105 52 43 38 26 19 15 6 6 5 4 4 3 3 0 0 0 0 0
"40" 40 0.490066225166 128 124 58 56 41 35 20 11 8 6 6 5 1 1 0 0 0 0 0 0
"41" 41 0.0697674418605 337 65 48 17 14 10 5 2 1 1 0 0 0 0 0 0 0 0 0 0
"42" 42 0.533333333333 331 71 26 21 17 15 11 3 2 2 1 0 0 0 0 0 0 0 0 0
"43" 43 0.17816091954 120 120 100 51 37 25 11 11 11 5 4 3 2 0 0 0 0 0 0 0
"44" 44 0.610091743119 217 102 51 40 27 20 19 14 8 1 1 0 0 0 0 0 0 0 0 0
"45" 45 0.258620689655 205 140 73 61 13 3 2 2 1 0 0 0 0 0 0 0 0 0 0 0
"46" 46 0.554404145078 342 112 28 9 8 1 0 0 0 0 0 0 0 0 0 0 0 0 0 0
"47" 47 0.634615384615 382 118 0 0 0 0 0 0 0 0 0 0 0 0 0 0 0 0 0 0
"48" 48 0.20253164557 219 173 77 11 10 3 3 2 1 1 0 0 0 0 0 0 0 0 0 0
"49" 49 0.452830188679 225 116 97 21 14 10 5 5 4 2 1 0 0 0 0 0 0 0 0 0
"50" 50 0.0344827586207 449 44 2 1 1 1 1 1 0 0 0 0 0 0 0 0 0 0 0 0
"51" 51 0.241025641026 391 32 26 19 12 7 5 4 3 1 0 0 0 0 0 0 0 0 0 0
"52" 52 0.00497512437811 377 63 42 7 5 4 2 0 0 0 0 0 0 0 0 0 0 0 0 0
"53" 53 0.134615384615 111 108 66 56 49 33 22 19 14 12 4 3 2 1 0 0 0 0 0 0
"54" 54 0.0 208 155 117 8 5 2 2 1 1 1 0 0 0 0 0 0 0 0 0 0
"55" 55 0.237588652482 262 102 66 43 11 6 5 2 1 1 1 0 0 0 0 0 0 0 0 0
"56" 56 0.0310880829016 156 107 96 62 35 16 6 5 4 4 3 3 2 1 0 0 0 0 0 0
"57" 57 0.0290697674419 414 60 17 3 2 2 1 1 0 0 0 0 0 0 0 0 0 0 0 0
"58" 58 0.0387596899225 118 97 83 72 49 43 9 8 7 6 5 2 1 0 0 0 0 0 0 0
"59" 59 0.0576923076923 479 13 5 3 0 0 0 0 0 0 0 0 0 0 0 0 0 0 0 0
"60" 60 0.358744394619 146 106 81 46 46 28 14 9 8 6 4 4 1 1 0 0 0 0 0 0
"61" 61 0.691964285714 217 99 86 41 31 10 6 5 2 2 1 0 0 0 0 0 0 0 0 0
"62" 62 0.647668393782 141 129 108 65 23 12 11 9 2 0 0 0 0 0 0 0 0 0 0 0
"63" 63 0.326996197719 238 109 77 57 11 4 1 1 1 1 0 0 0 0 0 0 0 0 0 0
"64" 64 0.310880829016 283 176 12 10 6 6 1 1 1 1 1 1 1 0 0 0 0 0 0 0
"65" 65 0.835766423358 295 74 70 24 18 7 5 4 2 1 0 0 0 0 0 0 0 0 0 0
"66" 66 0.52736318408 257 66 34 34 31 28 27 10 8 2 1 1 1 0 0 0 0 0 0 0
"67" 67 0.029197080292 273 88 36 28 27 10 9 8 6 5 3 3 2 1 1 0 0 0 0 0
"68" 68 0.0817610062893 358 46 13 12 11 11 11 10 7 7 6 3 3 2 0 0 0 0 0 0
"69" 69 0.621890547264 292 116 47 26 13 2 2 1 1 0 0 0 0 0 0 0 0 0 0 0
"70" 70 0.245033112583 226 118 106 15 8 7 7 5 5 2 1 0 0 0 0 0 0 0 0 0
"71" 71 0.0190114068441 281 64 58 32 20 9 8 8 7 5 4 3 1 0 0 0 0 0 0 0
"72" 72 0.51572327044 305 124 37 16 14 3 1 0 0 0 0 0 0 0 0 0 0 0 0 0
"73" 73 0.385650224215 329 166 4 1 0 0 0 0 0 0 0 0 0 0 0 0 0 0 0 0
"74" 74 0.0639534883721 235 205 25 20 13 1 1 0 0 0 0 0 0 0 0 0 0 0 0 0
"75" 75 0.310880829016 473 25 2 0 0 0 0 0 0 0 0 0 0 0 0 0 0 0 0 0
"76" 76 0.0 342 73 72 8 2 2 1 0 0 0 0 0 0 0 0 0 0 0 0 0
"77" 77 0.0 409 27 24 19 10 7 3 1 0 0 0 0 0 0 0 0 0 0 0 0
"78" 78 0.0 193 173 36 31 22 15 14 7 4 2 2 1 0 0 0 0 0 0 0 0
"79" 79 0.0 248 189 14 11 9 8 8 6 6 1 0 0 0 0 0 0 0 0 0 0
"80" 80 0.0 277 118 29 29 22 19 6 0 0 0 0 0 0 0 0 0 0 0 0 0
"81" 81 0.0 403 59 29 6 3 0 0 0 0 0 0 0 0 0 0 0 0 0 0 0
"82" 82 0.0198675496689 247 247 4 1 1 0 0 0 0 0 0 0 0 0 0 0 0 0 0 0
"83" 83 0.0 226 157 29 28 24 22 5 4 2 1 1 1 0 0 0 0 0 0 0 0
"84" 84 0.0459770114943 449 29 12 8 2 0 0 0 0 0 0 0 0 0 0 0 0 0 0 0
"85" 85 0.291390728477 262 210 11 9 5 3 0 0 0 0 0 0 0 0 0 0 0 0 0 0
"86" 86 0.14465408805 202 138 129 27 2 1 1 0 0 0 0 0 0 0 0 0 0 0 0 0
"87" 87 0.488372093023 355 103 9 9 7 6 6 3 1 1 0 0 0 0 0 0 0 0 0 0
"88" 88 0.0198675496689 401 60 16 7 6 4 3 2 1 0 0 0 0 0 0 0 0 0 0 0
"89" 89 0.108786610879 377 47 24 12 8 8 6 4 4 2 2 2 2 1 1 0 0 0 0 0
"90" 90 0.397321428571 238 82 71 67 24 10 8 0 0 0 0 0 0 0 0 0 0 0 0 0
"91" 91 0.25641025641 263 107 31 28 24 18 9 6 6 5 2 1 0 0 0 0 0 0 0 0
"92" 92 0.0 366 90 14 11 8 4 2 2 1 1 1 0 0 0 0 0 0 0 0 0
"93" 93 0.332116788321 156 84 52 50 32 31 29 25 16 8 8 5 3 1 0 0 0 0 0 0
"94" 94 0.46511627907 179 125 64 53 52 9 9 5 4 0 0 0 0 0 0 0 0 0 0 0
"95" 95 0.194092827004 112 68 67 65 62 54 27 22 17 6 0 0 0 0 0 0 0 0 0 0
"96" 96 0.0 206 112 64 38 24 16 15 14 7 2 1 1 0 0 0 0 0 0 0 0
"97" 97 0.300380228137 248 99 74 52 8 7 6 3 1 1 1 0 0 0 0 0 0 0 0 0
"98" 98 0.389937106918 194 108 81 42 26 22 15 11 1 0 0 0 0 0 0 0 0 0 0 0
"99" 99 0.116071428571 200 56 51 46 38 27 24 21 14 12 11 0 0 0 0 0 0 0 0 0
"100" 100 0.0 159 101 67 66 24 17 17 16 8 8 7 5 2 2 1 0 0 0 0 0
"101" 101 0.20802919708 192 106 58 51 35 21 17 10 2 2 2 2 1 1 0 0 0 0 0 0
"102" 102 0.712918660287 146 112 94 38 27 26 25 13 11 7 1 0 0 0 0 0 0 0 0 0
"103" 103 0.416267942584 118 113 80 53 41 34 31 15 7 2 2 1 1 1 1 0 0 0 0 0
"104" 104 0.0949367088608 239 105 88 29 9 8 7 6 5 3 1 0 0 0 0 0 0 0 0 0
"105" 105 0.471698113208 164 148 86 34 26 13 12 10 3 3 1 0 0 0 0 0 0 0 0 0
"106" 106 0.846889952153 257 222 8 7 3 2 1 0 0 0 0 0 0 0 0 0 0 0 0 0
"107" 107 0.133720930233 381 60 46 4 2 2 1 1 1 1 1 0 0 0 0 0 0 0 0 0
"108" 108 0.207547169811 232 136 60 26 15 12 8 4 4 3 0 0 0 0 0 0 0 0 0 0
"109" 109 0.0 215 213 24 22 14 4 3 2 1 1 1 0 0 0 0 0 0 0 0 0
"110" 110 0.0 258 88 68 32 28 10 5 4 4 3 0 0 0 0 0 0 0 0 0 0
"111" 111 0.0 476 8 8 5 1 1 1 0 0 0 0 0 0 0 0 0 0 0 0 0
"112" 112 0.0 271 61 34 34 30 24 24 12 6 2 1 1 0 0 0 0 0 0 0 0
"113" 113 0.0 200 189 71 13 12 11 2 1 1 0 0 0 0 0 0 0 0 0 0 0
"114" 114 0.0290697674419 319 150 18 7 6 0 0 0 0 0 0 0 0 0 0 0 0 0 0 0
"115" 115 0.295358649789 240 115 101 17 15 11 1 0 0 0 0 0 0 0 0 0 0 0 0 0
"116" 116 0.223880597015 205 108 85 56 29 8 4 2 1 1 1 0 0 0 0 0 0 0 0 0
"117" 117 0.227979274611 428 36 27 6 2 1 0 0 0 0 0 0 0 0 0 0 0 0 0 0
"118" 118 0.26368159204 181 128 70 53 47 9 7 3 1 1 0 0 0 0 0 0 0 0 0 0
"119" 119 0.21897810219 112 85 75 59 48 47 26 15 15 10 4 2 1 1 0 0 0 0 0 0
"120" 120 0.678756476684 189 103 68 58 57 8 7 6 3 1 0 0 0 0 0 0 0 0 0 0
"121" 121 0.326424870466 198 180 70 19 16 11 6 0 0 0 0 0 0 0 0 0 0 0 0 0
"122" 122 0.514767932489 125 115 112 103 19 19 3 2 1 1 0 0 0 0 0 0 0 0 0 0
"123" 123 0.575129533679 340 64 42 22 17 9 3 2 1 0 0 0 0 0 0 0 0 0 0 0
"124" 124 0.0813953488372 166 127 126 23 19 18 14 4 2 1 0 0 0 0 0 0 0 0 0 0
"125" 125 0.279187817259 249 125 59 29 20 18 0 0 0 0 0 0 0 0 0 0 0 0 0 0
"126" 126 0.294642857143 176 166 100 20 15 7 7 4 3 1 1 0 0 0 0 0 0 0 0 0
"127" 127 0.492700729927 166 159 100 33 14 12 7 7 1 1 0 0 0 0 0 0 0 0 0 0
"128" 128 0.0298507462687 498 2 0 0 0 0 0 0 0 0 0 0 0 0 0 0 0 0 0 0
"129" 129 0.532846715328 198 127 84 55 15 11 4 3 3 0 0 0 0 0 0 0 0 0 0 0
"130" 130 0.709844559585 393 67 13 7 5 5 4 4 2 0 0 0 0 0 0 0 0 0 0 0
"131" 131 0.37552742616 120 112 111 82 40 26 6 3 0 0 0 0 0 0 0 0 0 0 0 0
"132" 132 0.620253164557 457 43 0 0 0 0 0 0 0 0 0 0 0 0 0 0 0 0 0 0
"133" 133 0.417910447761 305 129 48 16 2 0 0 0 0 0 0 0 0 0 0 0 0 0 0 0
"134" 134 0.441860465116 207 131 111 19 10 9 4 3 2 2 1 1 0 0 0 0 0 0 0 0
"135" 135 0.0943396226415 456 29 12 1 1 1 0 0 0 0 0 0 0 0 0 0 0 0 0 0
"136" 136 0.0406091370558 329 138 13 10 4 2 2 1 1 0 0 0 0 0 0 0 0 0 0 0
"137" 137 0.331395348837 211 159 46 25 21 10 9 7 6 4 1 1 0 0 0 0 0 0 0 0
"138" 138 0.425855513308 130 112 76 60 32 31 20 13 8 7 6 4 1 0 0 0 0 0 0 0
"139" 139 0.559748427673 280 84 76 23 13 10 6 4 3 1 0 0 0 0 0 0 0 0 0 0
"140" 140 0.421524663677 228 121 51 36 32 13 12 6 1 0 0 0 0 0 0 0 0 0 0 0
"141" 141 0.0 270 145 59 9 6 4 3 1 1 1 1 0 0 0 0 0 0 0 0 0
"142" 142 0.213930348259 248 83 79 37 30 11 5 3 2 1 1 0 0 0 0 0 0 0 0 0
"143" 143 0.426356589147 114 94 74 58 56 40 23 16 15 8 2 0 0 0 0 0 0 0 0 0
"144" 144 0.0183486238532 240 71 63 52 29 13 11 7 3 3 3 2 2 1 0 0 0 0 0 0
"145" 145 0.0387596899225 416 79 3 2 0 0 0 0 0 0 0 0 0 0 0 0 0 0 0 0
"146" 146 0.656934306569 184 106 61 51 41 38 11 6 2 0 0 0 0 0 0 0 0 0 0 0
"147" 147 0.415178571429 173 80 67 66 49 18 15 13 8 5 4 1 1 0 0 0 0 0 0 0
"148" 148 0.010152284264 453 18 12 7 4 3 3 0 0 0 0 0 0 0 0 0 0 0 0 0
"149" 149 0.480769230769 252 248 0 0 0 0 0 0 0 0 0 0 0 0 0 0 0 0 0 0
"150" 150 0.132450331126 434 56 5 2 2 1 0 0 0 0 0 0 0 0 0 0 0 0 0 0
"151" 151 0.48275862069 134 126 68 53 25 22 19 15 14 12 9 2 1 0 0 0 0 0 0 0
"152" 152 0.367088607595 159 157 50 47 40 30 15 1 1 0 0 0 0 0 0 0 0 0 0 0
"153" 153 0.041825095057 237 60 47 31 30 28 25 23 10 4 3 1 1 0 0 0 0 0 0 0
"154" 154 0.10447761194 103 69 64 61 58 43 34 31 24 11 2 0 0 0 0 0 0 0 0 0
"155" 155 0.116071428571 110 95 73 50 48 34 22 19 15 11 7 5 5 4 2 0 0 0 0 0
"156" 156 0.00632911392405 303 153 16 7 7 5 3 3 2 1 0 0 0 0 0 0 0 0 0 0
"157" 157 0.0 500 0 0 0 0 0 0 0 0 0 0 0 0 0 0 0 0 0 0 0
"158" 158 0.100775193798 437 29 18 4 3 3 3 1 1 1 0 0 0 0 0 0 0 0 0 0
"159" 159 0.482587064677 298 65 46 35 35 13 3 2 1 1 1 0 0 0 0 0 0 0 0 0
"160" 160 0.31976744186 396 79 15 5 2 2 1 0 0 0 0 0 0 0 0 0 0 0 0 0
"161" 161 0.318385650224 224 126 100 29 8 7 3 1 1 1 0 0 0 0 0 0 0 0 0 0
"162" 162 0.624087591241 183 76 76 72 50 24 17 2 0 0 0 0 0 0 0 0 0 0 0 0
"163" 163 0.317307692308 499 1 0 0 0 0 0 0 0 0 0 0 0 0 0 0 0 0 0 0
"164" 164 0.0248756218905 479 13 5 2 1 0 0 0 0 0 0 0 0 0 0 0 0 0 0 0
"165" 165 0.548523206751 210 115 49 45 35 21 6 6 6 2 2 2 1 0 0 0 0 0 0 0
"166" 166 0.372093023256 116 114 93 64 38 26 21 16 12 0 0 0 0 0 0 0 0 0 0 0
"167" 167 0.0 156 128 70 51 51 20 11 8 5 0 0 0 0 0 0 0 0 0 0 0
"168" 168 0.0 290 155 53 1 1 0 0 0 0 0 0 0 0 0 0 0 0 0 0 0
"169" 169 0.170984455959 181 125 50 39 32 31 18 18 4 2 0 0 0 0 0 0 0 0 0 0
"170" 170 0.165178571429 196 131 62 30 26 20 16 10 5 1 1 1 1 0 0 0 0 0 0 0
"171" 171 0.0 271 75 71 32 32 12 5 2 0 0 0 0 0 0 0 0 0 0 0 0
"172" 172 0.0507614213198 186 95 60 58 44 42 6 3 2 2 2 0 0 0 0 0 0 0 0 0
"173" 173 0.419708029197 167 137 59 52 43 22 6 4 4 4 2 0 0 0 0 0 0 0 0 0
"174" 174 0.255813953488 303 77 60 38 19 2 1 0 0 0 0 0 0 0 0 0 0 0 0 0
"175" 175 0.258620689655 467 20 8 3 2 0 0 0 0 0 0 0 0 0 0 0 0 0 0 0
"176" 176 0.303482587065 417 41 36 4 1 1 0 0 0 0 0 0 0 0 0 0 0 0 0 0
"177" 177 1.05769230769 500 0 0 0 0 0 0 0 0 0 0 0 0 0 0 0 0 0 0 0
