"site" "RSA" "aa1" "aa2" "aa3" "aa4" "aa5" "aa6" "aa7" "aa8" "aa9" "aa10" "aa11" "aa12" "aa13" "aa14" "aa15" "aa16" "aa17" "aa18" "aa19" "aa20"
"0" 0 0.671794871795 15 10 9 3 2 2 2 1 0 0 0 0 0 0 0 0 0 0 0 0
"1" 1 0.154228855721 43 25 21 7 4 1 1 1 0 0 0 0 0 0 0 0 0 0 0 0
"2" 2 0.223628691983 73 14 7 5 3 2 2 2 1 0 0 0 0 0 0 0 0 0 0 0
"3" 3 0.0 60 30 24 1 0 0 0 0 0 0 0 0 0 0 0 0 0 0 0 0
"4" 4 0.00418410041841 87 13 9 4 2 0 0 0 0 0 0 0 0 0 0 0 0 0 0 0
"5" 5 0.12582781457 47 33 31 3 1 0 0 0 0 0 0 0 0 0 0 0 0 0 0 0
"6" 6 0.0149253731343 87 21 5 2 0 0 0 0 0 0 0 0 0 0 0 0 0 0 0 0
"7" 7 0.435897435897 87 15 11 3 1 0 0 0 0 0 0 0 0 0 0 0 0 0 0 0
"8" 8 0.0529801324503 66 47 4 0 0 0 0 0 0 0 0 0 0 0 0 0 0 0 0 0
"9" 9 0.0358974358974 90 13 11 1 1 1 0 0 0 0 0 0 0 0 0 0 0 0 0 0
"10" 10 0.283018867925 50 26 15 9 6 3 3 2 1 1 1 0 0 0 0 0 0 0 0 0
"11" 11 0.473214285714 34 26 11 9 7 7 6 3 3 2 2 2 2 1 1 1 0 0 0 0
"12" 12 0.0 101 8 5 3 0 0 0 0 0 0 0 0 0 0 0 0 0 0 0 0
"13" 13 0.0 102 11 2 1 1 0 0 0 0 0 0 0 0 0 0 0 0 0 0 0
"14" 14 0.316455696203 44 23 16 12 6 4 3 3 2 1 1 1 1 0 0 0 0 0 0 0
"15" 15 0.272321428571 31 28 26 14 8 4 3 1 1 1 0 0 0 0 0 0 0 0 0 0
"16" 16 0.0 83 30 4 0 0 0 0 0 0 0 0 0 0 0 0 0 0 0 0 0
"17" 17 0.0 70 20 16 8 2 1 0 0 0 0 0 0 0 0 0 0 0 0 0 0
"18" 18 0.512953367876 23 20 18 16 14 9 6 4 3 2 1 1 0 0 0 0 0 0 0 0
"19" 19 0.431472081218 36 22 11 10 7 5 5 5 5 4 2 2 2 1 0 0 0 0 0 0
"20" 20 0.195402298851 86 10 9 6 2 1 1 1 1 0 0 0 0 0 0 0 0 0 0 0
"21" 21 0.538461538462 66 12 11 7 5 5 3 2 2 1 1 1 1 0 0 0 0 0 0 0
"22" 22 0.281609195402 34 28 22 13 9 4 2 2 1 1 1 0 0 0 0 0 0 0 0 0
"23" 23 0.739910313901 58 14 9 8 5 5 5 4 4 2 2 1 0 0 0 0 0 0 0 0
"24" 24 0.228855721393 86 14 9 5 2 1 0 0 0 0 0 0 0 0 0 0 0 0 0 0
"25" 25 0.144230769231 76 14 12 7 3 3 2 0 0 0 0 0 0 0 0 0 0 0 0 0
"26" 26 0.451476793249 45 21 12 10 10 6 4 4 3 1 1 0 0 0 0 0 0 0 0 0
"27" 27 0.208860759494 60 20 15 6 5 4 3 2 1 1 0 0 0 0 0 0 0 0 0 0
"28" 28 0.205298013245 19 19 18 12 9 7 6 6 6 5 3 2 2 1 1 1 0 0 0 0
"29" 29 0.17816091954 93 14 3 2 2 1 1 1 0 0 0 0 0 0 0 0 0 0 0 0
"30" 30 0.43023255814 33 21 17 16 8 6 3 3 3 2 2 1 1 1 0 0 0 0 0 0
"31" 31 0.375912408759 59 14 14 11 8 5 3 2 1 0 0 0 0 0 0 0 0 0 0 0
"32" 32 0.410041841004 117 0 0 0 0 0 0 0 0 0 0 0 0 0 0 0 0 0 0 0
"33" 33 0.900662251656 85 19 5 5 3 0 0 0 0 0 0 0 0 0 0 0 0 0 0 0
"34" 34 0.544041450777 109 8 0 0 0 0 0 0 0 0 0 0 0 0 0 0 0 0 0 0
"35" 35 0.394230769231 102 5 3 3 2 1 1 0 0 0 0 0 0 0 0 0 0 0 0 0
"36" 36 0.544642857143 115 2 0 0 0 0 0 0 0 0 0 0 0 0 0 0 0 0 0 0
"37" 37 0.114942528736 74 29 8 3 1 1 1 0 0 0 0 0 0 0 0 0 0 0 0 0
"38" 38 0.421524663677 23 21 20 11 11 8 7 5 3 2 2 1 1 1 1 0 0 0 0 0
"39" 39 0.0761421319797 84 23 3 3 2 1 1 0 0 0 0 0 0 0 0 0 0 0 0 0
"40" 40 0.405128205128 48 21 12 9 8 5 4 4 3 1 1 1 0 0 0 0 0 0 0 0
"41" 41 0.167512690355 86 19 7 1 1 1 1 1 0 0 0 0 0 0 0 0 0 0 0 0
"42" 42 0.473214285714 25 22 14 14 10 8 4 4 3 3 3 2 2 1 1 1 0 0 0 0
"43" 43 0.325892857143 112 3 1 1 0 0 0 0 0 0 0 0 0 0 0 0 0 0 0 0
"44" 44 0.622516556291 52 47 13 4 1 0 0 0 0 0 0 0 0 0 0 0 0 0 0 0
"45" 45 0.0152284263959 100 17 0 0 0 0 0 0 0 0 0 0 0 0 0 0 0 0 0 0
"46" 46 0.649635036496 117 0 0 0 0 0 0 0 0 0 0 0 0 0 0 0 0 0 0 0
"47" 47 0.317307692308 111 1 1 1 1 1 1 0 0 0 0 0 0 0 0 0 0 0 0 0
"48" 48 0.0189873417722 24 16 15 12 11 10 10 4 3 3 3 2 1 1 1 1 0 0 0 0
"49" 49 0.108808290155 97 8 5 4 2 1 0 0 0 0 0 0 0 0 0 0 0 0 0 0
"50" 50 0.0 89 12 4 4 4 2 2 0 0 0 0 0 0 0 0 0 0 0 0 0
"51" 51 0.0228136882129 89 28 1 0 0 0 0 0 0 0 0 0 0 0 0 0 0 0 0 0
"52" 52 0.0 56 49 12 1 0 0 0 0 0 0 0 0 0 0 0 0 0 0 0 0
"53" 53 0.0152284263959 64 42 12 0 0 0 0 0 0 0 0 0 0 0 0 0 0 0 0 0
"54" 54 0.00448430493274 117 1 0 0 0 0 0 0 0 0 0 0 0 0 0 0 0 0 0 0
"55" 55 0.00662251655629 67 48 2 1 0 0 0 0 0 0 0 0 0 0 0 0 0 0 0 0
"56" 56 0.0 105 5 5 2 1 0 0 0 0 0 0 0 0 0 0 0 0 0 0 0
"57" 57 0.0529801324503 59 42 7 4 2 1 1 1 1 0 0 0 0 0 0 0 0 0 0 0
"58" 58 0.730569948187 28 14 14 13 12 8 6 6 4 2 2 2 2 1 1 1 1 1 0 0
"59" 59 0.364779874214 117 1 0 0 0 0 0 0 0 0 0 0 0 0 0 0 0 0 0 0
"60" 60 0.195402298851 64 27 19 4 1 1 0 0 0 0 0 0 0 0 0 0 0 0 0 0
"61" 61 0.507692307692 109 4 2 1 1 0 0 0 0 0 0 0 0 0 0 0 0 0 0 0
"62" 62 0.352678571429 75 23 5 5 3 2 2 1 1 1 0 0 0 0 0 0 0 0 0 0
"63" 63 0.0909090909091 81 22 9 3 2 1 0 0 0 0 0 0 0 0 0 0 0 0 0 0
"64" 64 0.0812182741117 102 12 2 1 1 0 0 0 0 0 0 0 0 0 0 0 0 0 0 0
"65" 65 0.435779816514 111 2 2 1 1 1 0 0 0 0 0 0 0 0 0 0 0 0 0 0
"66" 66 0.00892857142857 114 3 1 0 0 0 0 0 0 0 0 0 0 0 0 0 0 0 0 0
"67" 67 0.0 101 8 4 3 1 1 0 0 0 0 0 0 0 0 0 0 0 0 0 0
"68" 68 0.109452736318 102 5 5 2 2 1 1 0 0 0 0 0 0 0 0 0 0 0 0 0
"69" 69 0.263959390863 72 29 12 2 1 1 1 0 0 0 0 0 0 0 0 0 0 0 0 0
"70" 70 0.0 75 18 11 5 4 2 1 1 1 0 0 0 0 0 0 0 0 0 0 0
"71" 71 0.0 59 20 13 11 7 5 2 1 0 0 0 0 0 0 0 0 0 0 0 0
"72" 72 0.284974093264 118 0 0 0 0 0 0 0 0 0 0 0 0 0 0 0 0 0 0 0
"73" 73 0.193798449612 116 1 1 0 0 0 0 0 0 0 0 0 0 0 0 0 0 0 0 0
"74" 74 0.0 85 11 9 6 3 2 2 0 0 0 0 0 0 0 0 0 0 0 0 0
"75" 75 0.400843881857 67 50 1 0 0 0 0 0 0 0 0 0 0 0 0 0 0 0 0 0
"76" 76 0.624087591241 118 0 0 0 0 0 0 0 0 0 0 0 0 0 0 0 0 0 0 0
"77" 77 0.31007751938 92 22 4 0 0 0 0 0 0 0 0 0 0 0 0 0 0 0 0 0
"78" 78 0.364238410596 117 1 0 0 0 0 0 0 0 0 0 0 0 0 0 0 0 0 0 0
"79" 79 0.139534883721 111 3 2 1 1 0 0 0 0 0 0 0 0 0 0 0 0 0 0 0
"80" 80 0.590717299578 31 26 17 16 9 6 6 3 1 1 1 1 0 0 0 0 0 0 0 0
"81" 81 0.145348837209 72 17 14 6 3 2 2 1 1 0 0 0 0 0 0 0 0 0 0 0
"82" 82 0.0304568527919 107 11 0 0 0 0 0 0 0 0 0 0 0 0 0 0 0 0 0 0
"83" 83 0.0153846153846 86 28 2 1 1 0 0 0 0 0 0 0 0 0 0 0 0 0 0 0
"84" 84 0.0 86 22 7 2 1 0 0 0 0 0 0 0 0 0 0 0 0 0 0 0
"85" 85 0.00574712643678 102 8 7 1 0 0 0 0 0 0 0 0 0 0 0 0 0 0 0 0
"86" 86 0.0 61 25 16 16 0 0 0 0 0 0 0 0 0 0 0 0 0 0 0 0
"87" 87 0.0062893081761 118 0 0 0 0 0 0 0 0 0 0 0 0 0 0 0 0 0 0 0
"88" 88 0.0380228136882 114 1 1 1 1 0 0 0 0 0 0 0 0 0 0 0 0 0 0 0
"89" 89 0.0190114068441 60 58 0 0 0 0 0 0 0 0 0 0 0 0 0 0 0 0 0 0
"90" 90 0.00961538461538 111 5 1 1 0 0 0 0 0 0 0 0 0 0 0 0 0 0 0 0
"91" 91 0.300380228137 117 1 0 0 0 0 0 0 0 0 0 0 0 0 0 0 0 0 0 0
"92" 92 0.0232558139535 109 6 3 0 0 0 0 0 0 0 0 0 0 0 0 0 0 0 0 0
"93" 93 0.372262773723 116 2 0 0 0 0 0 0 0 0 0 0 0 0 0 0 0 0 0 0
"94" 94 0.233183856502 111 2 2 2 1 0 0 0 0 0 0 0 0 0 0 0 0 0 0 0
"95" 95 0.160621761658 115 3 0 0 0 0 0 0 0 0 0 0 0 0 0 0 0 0 0 0
"96" 96 0.656934306569 109 9 0 0 0 0 0 0 0 0 0 0 0 0 0 0 0 0 0 0
"97" 97 0.607594936709 97 19 1 1 0 0 0 0 0 0 0 0 0 0 0 0 0 0 0 0
"98" 98 0.880794701987 35 29 27 15 7 3 2 0 0 0 0 0 0 0 0 0 0 0 0 0
"99" 99 0.839416058394 117 1 0 0 0 0 0 0 0 0 0 0 0 0 0 0 0 0 0 0
"100" 100 0.441964285714 29 25 22 16 13 7 5 1 0 0 0 0 0 0 0 0 0 0 0 0
"101" 101 0.534591194969 110 6 2 0 0 0 0 0 0 0 0 0 0 0 0 0 0 0 0 0
"102" 102 0.319796954315 116 2 0 0 0 0 0 0 0 0 0 0 0 0 0 0 0 0 0 0
"103" 103 0.156976744186 76 40 1 1 0 0 0 0 0 0 0 0 0 0 0 0 0 0 0 0
"104" 104 0.0 107 9 2 0 0 0 0 0 0 0 0 0 0 0 0 0 0 0 0 0
"105" 105 0.316455696203 111 7 0 0 0 0 0 0 0 0 0 0 0 0 0 0 0 0 0 0
"106" 106 0.492537313433 99 15 2 1 1 0 0 0 0 0 0 0 0 0 0 0 0 0 0 0
"107" 107 0.0167364016736 105 8 2 1 1 1 0 0 0 0 0 0 0 0 0 0 0 0 0 0
"108" 108 0.0 115 3 0 0 0 0 0 0 0 0 0 0 0 0 0 0 0 0 0 0
"109" 109 0.323076923077 69 42 3 2 1 1 0 0 0 0 0 0 0 0 0 0 0 0 0 0
"110" 110 0.338308457711 77 34 3 3 1 0 0 0 0 0 0 0 0 0 0 0 0 0 0 0
"111" 111 0.0 54 54 6 2 1 1 0 0 0 0 0 0 0 0 0 0 0 0 0 0
"112" 112 0.209821428571 54 23 13 10 7 3 2 2 1 1 1 1 0 0 0 0 0 0 0 0
"113" 113 0.668604651163 30 23 17 11 10 8 8 5 2 2 1 1 0 0 0 0 0 0 0 0
"114" 114 0.108527131783 90 16 7 2 1 1 1 0 0 0 0 0 0 0 0 0 0 0 0 0
"115" 115 0.182692307692 116 1 1 0 0 0 0 0 0 0 0 0 0 0 0 0 0 0 0 0
"116" 116 0.077519379845 72 21 20 1 1 1 1 1 0 0 0 0 0 0 0 0 0 0 0 0
"117" 117 0.296511627907 57 17 14 8 7 5 5 4 1 0 0 0 0 0 0 0 0 0 0 0
"118" 118 0.222627737226 117 1 0 0 0 0 0 0 0 0 0 0 0 0 0 0 0 0 0 0
"119" 119 0.0 94 14 6 4 0 0 0 0 0 0 0 0 0 0 0 0 0 0 0 0
"120" 120 0.00507614213198 68 25 24 1 0 0 0 0 0 0 0 0 0 0 0 0 0 0 0 0
"121" 121 0.0 91 12 10 3 1 1 0 0 0 0 0 0 0 0 0 0 0 0 0 0
"122" 122 0.00497512437811 55 28 21 13 1 0 0 0 0 0 0 0 0 0 0 0 0 0 0 0
"123" 123 0.0621761658031 117 1 0 0 0 0 0 0 0 0 0 0 0 0 0 0 0 0 0 0
"124" 124 0.0248756218905 111 5 2 0 0 0 0 0 0 0 0 0 0 0 0 0 0 0 0 0
"125" 125 0.311004784689 118 0 0 0 0 0 0 0 0 0 0 0 0 0 0 0 0 0 0 0
"126" 126 0.046511627907 107 7 3 1 0 0 0 0 0 0 0 0 0 0 0 0 0 0 0 0
"127" 127 0.465408805031 37 22 17 16 8 7 4 3 2 2 0 0 0 0 0 0 0 0 0 0
"128" 128 0.587443946188 115 3 0 0 0 0 0 0 0 0 0 0 0 0 0 0 0 0 0 0
"129" 129 0.0 111 5 1 1 0 0 0 0 0 0 0 0 0 0 0 0 0 0 0 0
"130" 130 0.322869955157 115 2 1 0 0 0 0 0 0 0 0 0 0 0 0 0 0 0 0 0
"131" 131 0.567307692308 117 1 0 0 0 0 0 0 0 0 0 0 0 0 0 0 0 0 0 0
"132" 132 0.196652719665 111 7 0 0 0 0 0 0 0 0 0 0 0 0 0 0 0 0 0 0
"133" 133 0.0418410041841 117 1 0 0 0 0 0 0 0 0 0 0 0 0 0 0 0 0 0 0
"134" 134 0.777202072539 86 27 2 2 1 0 0 0 0 0 0 0 0 0 0 0 0 0 0 0
"135" 135 0.162436548223 99 12 2 2 2 1 0 0 0 0 0 0 0 0 0 0 0 0 0 0
"136" 136 0.421383647799 118 0 0 0 0 0 0 0 0 0 0 0 0 0 0 0 0 0 0 0
"137" 137 0.116751269036 86 11 6 6 5 3 1 0 0 0 0 0 0 0 0 0 0 0 0 0
"138" 138 0.238341968912 117 1 0 0 0 0 0 0 0 0 0 0 0 0 0 0 0 0 0 0
"139" 139 0.157894736842 61 45 4 3 3 1 1 0 0 0 0 0 0 0 0 0 0 0 0 0
"140" 140 0.0 89 14 9 4 1 1 0 0 0 0 0 0 0 0 0 0 0 0 0 0
"141" 141 0.298165137615 53 14 12 8 6 6 4 4 3 2 2 1 1 1 1 0 0 0 0 0
"142" 142 0.0 67 41 5 4 1 0 0 0 0 0 0 0 0 0 0 0 0 0 0 0
"143" 143 0.0632183908046 29 27 21 7 7 6 6 4 3 2 2 1 1 1 1 0 0 0 0 0
"144" 144 0.314465408805 99 5 3 2 2 2 2 1 1 1 0 0 0 0 0 0 0 0 0 0
"145" 145 0.218274111675 40 39 26 6 2 1 1 1 0 0 0 0 0 0 0 0 0 0 0 0
"146" 146 0.00497512437811 66 25 15 10 2 0 0 0 0 0 0 0 0 0 0 0 0 0 0 0
"147" 147 0.0 47 30 8 6 5 3 3 2 2 2 2 2 1 1 0 0 0 0 0 0
"148" 148 0.584821428571 28 20 16 10 9 7 7 6 4 4 3 3 1 0 0 0 0 0 0 0
"149" 149 0.148288973384 62 32 14 2 2 1 1 1 0 0 0 0 0 0 0 0 0 0 0 0
"150" 150 0.00418410041841 47 29 18 10 4 3 2 1 1 1 0 0 0 0 0 0 0 0 0 0
"151" 151 0.392857142857 30 27 12 12 7 4 4 3 3 2 2 2 2 2 1 1 1 1 0 0
"152" 152 0.490384615385 23 20 14 12 10 7 7 6 5 4 2 2 2 1 0 0 0 0 0 0
"153" 153 0.35864978903 39 17 16 8 7 7 5 3 3 2 2 1 1 1 1 1 0 0 0 0
"154" 154 0.723076923077 26 18 17 11 7 7 4 4 3 3 2 2 2 2 2 1 1 1 0 0
"155" 155 0.179104477612 34 14 12 8 7 6 6 5 4 4 3 3 3 2 2 1 1 0 0 0
"156" 156 0.65625 37 25 16 8 7 6 5 5 3 2 1 1 0 0 0 0 0 0 0 0
"157" 157 0.414507772021 53 41 13 4 3 2 2 0 0 0 0 0 0 0 0 0 0 0 0 0
"158" 158 0.116751269036 40 24 18 14 5 5 5 3 2 1 1 0 0 0 0 0 0 0 0 0
"159" 159 0.00574712643678 71 19 15 6 3 2 1 1 0 0 0 0 0 0 0 0 0 0 0 0
"160" 160 0.0 75 37 3 1 1 1 0 0 0 0 0 0 0 0 0 0 0 0 0 0
"161" 161 0.00574712643678 107 9 1 1 0 0 0 0 0 0 0 0 0 0 0 0 0 0 0 0
"162" 162 0.00662251655629 112 5 1 0 0 0 0 0 0 0 0 0 0 0 0 0 0 0 0 0
"163" 163 0.0125786163522 117 1 0 0 0 0 0 0 0 0 0 0 0 0 0 0 0 0 0 0
"164" 164 0.290155440415 114 4 0 0 0 0 0 0 0 0 0 0 0 0 0 0 0 0 0 0
"165" 165 0.521531100478 41 20 20 14 12 4 4 1 1 1 0 0 0 0 0 0 0 0 0 0
"166" 166 0.576923076923 112 4 2 0 0 0 0 0 0 0 0 0 0 0 0 0 0 0 0 0
"167" 167 0.0 104 11 1 1 1 0 0 0 0 0 0 0 0 0 0 0 0 0 0 0
"168" 168 0.304597701149 100 7 6 3 1 1 0 0 0 0 0 0 0 0 0 0 0 0 0 0
"169" 169 0.575581395349 38 28 15 14 9 3 3 3 2 2 1 0 0 0 0 0 0 0 0 0
"170" 170 0.138686131387 113 2 1 1 1 0 0 0 0 0 0 0 0 0 0 0 0 0 0 0
"171" 171 0.0077519379845 109 4 2 2 1 0 0 0 0 0 0 0 0 0 0 0 0 0 0 0
"172" 172 0.554744525547 110 4 2 1 1 0 0 0 0 0 0 0 0 0 0 0 0 0 0 0
"173" 173 0.443037974684 50 21 11 9 7 4 4 4 3 1 1 1 1 1 0 0 0 0 0 0
"174" 174 0.0 47 35 10 10 8 7 1 0 0 0 0 0 0 0 0 0 0 0 0 0
"175" 175 0.031007751938 104 10 2 1 1 0 0 0 0 0 0 0 0 0 0 0 0 0 0 0
"176" 176 0.466321243523 51 28 11 7 7 7 3 1 1 1 1 0 0 0 0 0 0 0 0 0
"177" 177 0.273722627737 56 14 12 5 5 5 4 4 3 3 2 1 1 1 1 1 0 0 0 0
"178" 178 0.124378109453 93 18 5 2 0 0 0 0 0 0 0 0 0 0 0 0 0 0 0 0
"179" 179 0.742616033755 35 28 27 11 9 3 2 2 1 0 0 0 0 0 0 0 0 0 0 0
"180" 180 0.139534883721 62 15 10 9 6 5 3 3 2 2 1 0 0 0 0 0 0 0 0 0
"181" 181 0.440251572327 52 30 12 10 7 3 1 1 1 1 0 0 0 0 0 0 0 0 0 0
"182" 182 0.365482233503 80 31 5 1 1 0 0 0 0 0 0 0 0 0 0 0 0 0 0 0
"183" 183 0.0232558139535 103 7 4 2 2 0 0 0 0 0 0 0 0 0 0 0 0 0 0 0
"184" 184 0.197969543147 113 3 2 0 0 0 0 0 0 0 0 0 0 0 0 0 0 0 0 0
"185" 185 0.00507614213198 73 39 3 1 1 1 0 0 0 0 0 0 0 0 0 0 0 0 0 0
"186" 186 0.150259067358 108 4 3 2 1 0 0 0 0 0 0 0 0 0 0 0 0 0 0 0
"187" 187 0.544303797468 113 2 1 1 1 0 0 0 0 0 0 0 0 0 0 0 0 0 0 0
"188" 188 0.810218978102 108 3 3 2 2 0 0 0 0 0 0 0 0 0 0 0 0 0 0 0
"189" 189 0.371559633028 96 5 3 3 2 2 2 1 1 1 1 1 0 0 0 0 0 0 0 0
"190" 190 0.512820512821 80 17 6 5 3 2 1 1 1 1 1 0 0 0 0 0 0 0 0 0
"191" 191 0.197969543147 70 33 12 2 1 0 0 0 0 0 0 0 0 0 0 0 0 0 0 0
"192" 192 0.419540229885 106 11 1 0 0 0 0 0 0 0 0 0 0 0 0 0 0 0 0 0
"193" 193 0.423076923077 118 0 0 0 0 0 0 0 0 0 0 0 0 0 0 0 0 0 0 0
"194" 194 0.574358974359 71 27 15 3 1 1 0 0 0 0 0 0 0 0 0 0 0 0 0 0
"195" 195 0.0406091370558 100 18 0 0 0 0 0 0 0 0 0 0 0 0 0 0 0 0 0 0
"196" 196 0.647321428571 38 32 13 8 7 7 5 3 2 2 1 0 0 0 0 0 0 0 0 0
"197" 197 0.346153846154 97 17 3 1 0 0 0 0 0 0 0 0 0 0 0 0 0 0 0 0
"198" 198 0.130801687764 78 34 3 2 1 0 0 0 0 0 0 0 0 0 0 0 0 0 0 0
"199" 199 0.0 48 16 12 9 8 7 5 5 4 1 1 1 1 0 0 0 0 0 0 0
"200" 200 0.0 47 40 28 1 1 1 0 0 0 0 0 0 0 0 0 0 0 0 0 0
"201" 201 0.0 81 21 15 1 0 0 0 0 0 0 0 0 0 0 0 0 0 0 0 0
"202" 202 0.0 52 46 16 3 1 0 0 0 0 0 0 0 0 0 0 0 0 0 0 0
"203" 203 0.00507614213198 53 37 10 9 8 1 0 0 0 0 0 0 0 0 0 0 0 0 0 0
"204" 204 0.113989637306 118 0 0 0 0 0 0 0 0 0 0 0 0 0 0 0 0 0 0 0
"205" 205 0.020725388601 118 0 0 0 0 0 0 0 0 0 0 0 0 0 0 0 0 0 0 0
"206" 206 0.0609137055838 58 49 9 2 0 0 0 0 0 0 0 0 0 0 0 0 0 0 0 0
"207" 207 0.0253807106599 69 36 4 4 3 1 1 0 0 0 0 0 0 0 0 0 0 0 0 0
"208" 208 0.227979274611 108 4 4 1 1 0 0 0 0 0 0 0 0 0 0 0 0 0 0 0
"209" 209 0.31976744186 104 14 0 0 0 0 0 0 0 0 0 0 0 0 0 0 0 0 0 0
"210" 210 0.031007751938 85 31 2 0 0 0 0 0 0 0 0 0 0 0 0 0 0 0 0 0
"211" 211 0.134615384615 107 4 1 1 1 1 1 1 1 0 0 0 0 0 0 0 0 0 0 0
"212" 212 0.441860465116 106 10 2 0 0 0 0 0 0 0 0 0 0 0 0 0 0 0 0 0
"213" 213 0.0253807106599 66 43 5 3 1 0 0 0 0 0 0 0 0 0 0 0 0 0 0 0
"214" 214 0.0348837209302 49 27 23 8 5 3 1 1 1 0 0 0 0 0 0 0 0 0 0 0
"215" 215 0.547263681592 28 26 12 11 11 10 6 4 3 3 2 1 1 0 0 0 0 0 0 0
"216" 216 0.0 90 23 3 1 1 0 0 0 0 0 0 0 0 0 0 0 0 0 0 0
"217" 217 0.0 104 5 3 2 1 1 1 1 0 0 0 0 0 0 0 0 0 0 0 0
"218" 218 0.379487179487 23 22 19 14 13 8 5 4 3 2 2 1 1 1 0 0 0 0 0 0
"219" 219 0.15503875969 81 15 7 6 4 2 2 1 0 0 0 0 0 0 0 0 0 0 0 0
"220" 220 0.00497512437811 107 4 2 2 1 1 1 0 0 0 0 0 0 0 0 0 0 0 0 0
"221" 221 0.379310344828 51 17 16 13 9 3 3 2 2 1 1 0 0 0 0 0 0 0 0 0
"222" 222 0.723214285714 53 17 16 10 6 6 4 4 1 1 0 0 0 0 0 0 0 0 0 0
"223" 223 0.394871794872 27 22 18 11 10 8 6 4 4 3 2 1 1 1 0 0 0 0 0 0
"224" 224 0.326923076923 118 0 0 0 0 0 0 0 0 0 0 0 0 0 0 0 0 0 0 0
"225" 225 0.108527131783 111 5 1 1 0 0 0 0 0 0 0 0 0 0 0 0 0 0 0 0
"226" 226 0.409282700422 45 18 14 8 7 6 5 3 3 2 2 2 1 1 1 0 0 0 0 0
"227" 227 0.214285714286 43 19 18 14 8 6 4 3 2 1 0 0 0 0 0 0 0 0 0 0
"228" 228 0.0172413793103 102 16 0 0 0 0 0 0 0 0 0 0 0 0 0 0 0 0 0 0
"229" 229 0.0342205323194 54 11 11 7 6 6 5 5 4 3 2 1 1 1 1 0 0 0 0 0
"230" 230 0.0 97 8 5 2 2 2 1 1 0 0 0 0 0 0 0 0 0 0 0 0
"231" 231 0.0 45 39 12 6 5 4 4 2 1 0 0 0 0 0 0 0 0 0 0 0
"232" 232 0.00632911392405 51 40 16 8 3 0 0 0 0 0 0 0 0 0 0 0 0 0 0 0
"233" 233 0.0116279069767 98 15 4 1 0 0 0 0 0 0 0 0 0 0 0 0 0 0 0 0
"234" 234 0.0143540669856 118 0 0 0 0 0 0 0 0 0 0 0 0 0 0 0 0 0 0 0
"235" 235 0.0188679245283 46 44 28 0 0 0 0 0 0 0 0 0 0 0 0 0 0 0 0 0
"236" 236 0.218390804598 99 11 8 0 0 0 0 0 0 0 0 0 0 0 0 0 0 0 0 0
"237" 237 0.0547263681592 96 20 1 1 0 0 0 0 0 0 0 0 0 0 0 0 0 0 0 0
"238" 238 0.304635761589 108 4 2 2 1 1 0 0 0 0 0 0 0 0 0 0 0 0 0 0
"239" 239 0.519230769231 109 4 2 1 1 1 0 0 0 0 0 0 0 0 0 0 0 0 0 0
"240" 240 0.314465408805 70 17 6 6 5 4 3 2 2 1 1 1 0 0 0 0 0 0 0 0
"241" 241 0.0 115 2 1 0 0 0 0 0 0 0 0 0 0 0 0 0 0 0 0 0
"242" 242 0.0172413793103 41 39 8 7 6 4 3 2 2 1 1 1 1 1 1 0 0 0 0 0
"243" 243 0.388392857143 61 22 12 11 5 3 2 1 1 0 0 0 0 0 0 0 0 0 0 0
"244" 244 0.386861313869 91 13 5 3 2 1 1 1 1 0 0 0 0 0 0 0 0 0 0 0
"245" 245 0.0152284263959 66 39 13 0 0 0 0 0 0 0 0 0 0 0 0 0 0 0 0 0
"246" 246 0.169230769231 27 20 15 11 11 10 9 5 4 2 2 1 1 0 0 0 0 0 0 0
"247" 247 0.707692307692 41 18 17 16 7 7 4 3 2 2 1 0 0 0 0 0 0 0 0 0
"248" 248 0.0662251655629 98 10 6 1 1 1 1 0 0 0 0 0 0 0 0 0 0 0 0 0
"249" 249 0.273255813953 32 19 18 10 8 7 6 4 4 3 2 2 1 1 1 0 0 0 0 0
"250" 250 0.010152284264 57 49 5 4 2 1 0 0 0 0 0 0 0 0 0 0 0 0 0 0
"251" 251 0.476793248945 47 32 20 4 4 3 3 2 1 1 0 0 0 0 0 0 0 0 0 0
"252" 252 0.147321428571 80 13 7 6 4 2 1 1 1 1 1 0 0 0 0 0 0 0 0 0
"253" 253 0.0 61 33 14 4 3 1 1 0 0 0 0 0 0 0 0 0 0 0 0 0
"254" 254 0.0 80 27 3 2 2 1 1 1 0 0 0 0 0 0 0 0 0 0 0 0
"255" 255 0.00574712643678 69 32 6 3 3 2 1 1 0 0 0 0 0 0 0 0 0 0 0 0
"256" 256 0.00581395348837 101 11 4 1 0 0 0 0 0 0 0 0 0 0 0 0 0 0 0 0
"257" 257 0.107692307692 82 35 0 0 0 0 0 0 0 0 0 0 0 0 0 0 0 0 0 0
"258" 258 0.0 81 36 0 0 0 0 0 0 0 0 0 0 0 0 0 0 0 0 0 0
"259" 259 0.0558375634518 96 13 7 0 0 0 0 0 0 0 0 0 0 0 0 0 0 0 0 0
"260" 260 0.261603375527 69 9 7 5 5 4 3 3 2 2 2 1 1 1 0 0 0 0 0 0
"261" 261 0.199004975124 66 11 10 10 7 4 1 1 1 1 1 1 1 0 0 0 0 0 0 0
"262" 262 0.245283018868 38 19 16 9 6 5 5 4 4 2 2 2 2 1 0 0 0 0 0 0
"263" 263 0.732142857143 47 18 14 11 7 4 4 3 2 1 1 1 0 0 0 0 0 0 0 0
"264" 264 0.6875 34 23 20 13 5 3 3 3 2 2 2 2 1 0 0 0 0 0 0 0
"265" 265 0.270042194093 42 19 11 8 6 4 4 3 2 2 2 1 1 1 1 0 0 0 0 0
"266" 266 0.658227848101 26 16 12 11 8 7 6 4 3 3 3 2 2 1 1 1 1 1 1 0
"267" 267 0.0355329949239 31 15 15 12 8 7 6 6 4 4 1 1 1 1 1 1 0 0 0 0
"268" 268 0.575892857143 29 23 20 11 10 7 5 4 3 1 1 1 1 0 0 0 0 0 0 0
"269" 269 0.302919708029 80 16 11 3 3 1 1 1 0 0 0 0 0 0 0 0 0 0 0 0
"270" 270 0.255230125523 78 20 6 5 5 2 1 0 0 0 0 0 0 0 0 0 0 0 0 0
"271" 271 0.413502109705 42 34 15 12 3 3 2 1 1 1 1 1 1 0 0 0 0 0 0 0
"272" 272 0.291479820628 50 33 10 9 4 3 2 2 1 1 1 1 0 0 0 0 0 0 0 0
"273" 273 0.114427860697 72 25 15 3 1 1 0 0 0 0 0 0 0 0 0 0 0 0 0 0
"274" 274 0.278145695364 87 21 7 1 1 0 0 0 0 0 0 0 0 0 0 0 0 0 0 0
"275" 275 0.00574712643678 66 22 9 8 5 3 3 1 0 0 0 0 0 0 0 0 0 0 0 0
"276" 276 0.0 93 14 6 1 1 1 1 0 0 0 0 0 0 0 0 0 0 0 0 0
"277" 277 0.440251572327 55 14 11 6 6 5 5 4 4 3 2 1 1 0 0 0 0 0 0 0
"278" 278 0.179104477612 89 11 9 6 1 1 0 0 0 0 0 0 0 0 0 0 0 0 0 0
"279" 279 0.00497512437811 57 25 17 12 6 0 0 0 0 0 0 0 0 0 0 0 0 0 0 0
"280" 280 0.0 71 44 2 0 0 0 0 0 0 0 0 0 0 0 0 0 0 0 0 0
"281" 281 0.290178571429 84 9 8 7 2 2 1 1 1 1 1 0 0 0 0 0 0 0 0 0
"282" 282 0.0077519379845 84 19 7 4 1 1 1 0 0 0 0 0 0 0 0 0 0 0 0 0
"283" 283 0.0 100 8 6 2 1 0 0 0 0 0 0 0 0 0 0 0 0 0 0 0
"284" 284 0.223350253807 41 15 14 11 9 4 4 3 3 2 2 2 2 2 1 1 1 0 0 0
"285" 285 0.164233576642 95 8 4 4 2 1 1 1 1 0 0 0 0 0 0 0 0 0 0 0
"286" 286 0.0919540229885 84 24 6 2 1 0 0 0 0 0 0 0 0 0 0 0 0 0 0 0
"287" 287 0.22009569378 48 18 16 9 7 4 3 3 2 2 2 2 1 0 0 0 0 0 0 0
"288" 288 0.473214285714 36 31 9 8 6 6 5 5 4 2 1 1 1 1 1 0 0 0 0 0
"289" 289 0.798206278027 35 24 18 16 5 4 4 4 3 2 1 1 0 0 0 0 0 0 0 0
"290" 290 0.340807174888 37 15 15 10 9 8 7 4 4 3 2 2 1 0 0 0 0 0 0 0
"291" 291 0.437086092715 97 16 2 2 0 0 0 0 0 0 0 0 0 0 0 0 0 0 0 0
"292" 292 0.114942528736 83 21 11 2 0 0 0 0 0 0 0 0 0 0 0 0 0 0 0 0
"293" 293 0.516556291391 104 5 2 2 1 1 1 1 0 0 0 0 0 0 0 0 0 0 0 0
"294" 294 0.631178707224 47 15 12 11 7 5 4 4 2 2 2 2 1 1 1 0 0 0 0 0
"295" 295 0.199004975124 92 10 9 4 1 0 0 0 0 0 0 0 0 0 0 0 0 0 0 0
"296" 296 0.573221757322 110 4 1 0 0 0 0 0 0 0 0 0 0 0 0 0 0 0 0 0
