"site" "RSA" "aa1" "aa2" "aa3" "aa4" "aa5" "aa6" "aa7" "aa8" "aa9" "aa10" "aa11" "aa12" "aa13" "aa14" "aa15" "aa16" "aa17" "aa18" "aa19" "aa20"
"0" 0 0.5 492 4 3 1 0 0 0 0 0 0 0 0 0 0 0 0 0 0 0 0
"1" 1 0.630769230769 154 118 64 54 45 33 19 9 2 2 0 0 0 0 0 0 0 0 0 0
"2" 2 0.649746192893 144 91 66 40 35 28 28 25 18 15 5 2 2 1 0 0 0 0 0 0
"3" 3 0.092050209205 226 98 63 29 22 14 13 13 7 7 4 2 1 1 0 0 0 0 0 0
"4" 4 0.0397350993377 238 159 33 20 14 10 9 7 3 3 2 2 0 0 0 0 0 0 0 0
"5" 5 0.456953642384 198 51 51 50 43 33 23 17 11 9 8 6 0 0 0 0 0 0 0 0
"6" 6 0.0733944954128 199 64 46 45 32 30 24 21 9 9 6 6 3 3 1 1 1 0 0 0
"7" 7 0.0167364016736 189 109 48 47 32 17 14 11 9 8 7 5 2 1 1 0 0 0 0 0
"8" 8 0.378238341969 145 124 76 63 32 15 13 11 10 4 3 2 2 0 0 0 0 0 0 0
"9" 9 0.430379746835 215 101 69 40 23 16 11 10 5 4 2 2 1 1 0 0 0 0 0 0
"10" 10 0.0298507462687 399 42 32 6 6 4 3 2 2 2 1 1 0 0 0 0 0 0 0 0
"11" 11 0.63475177305 230 74 40 27 26 20 16 14 9 9 7 7 6 6 5 3 1 0 0 0
"12" 12 0.615384615385 500 0 0 0 0 0 0 0 0 0 0 0 0 0 0 0 0 0 0 0
"13" 13 0.172185430464 261 194 17 7 7 4 3 2 2 2 1 0 0 0 0 0 0 0 0 0
"14" 14 0.805128205128 129 128 111 87 18 11 11 2 2 1 0 0 0 0 0 0 0 0 0 0
"15" 15 0.227848101266 112 79 79 70 39 21 21 18 17 9 9 8 7 6 3 1 1 0 0 0
"16" 16 0.504464285714 90 83 52 52 34 29 25 25 24 20 18 17 16 7 5 1 1 1 0 0
"17" 17 0.0348258706468 169 75 55 50 49 26 21 18 15 8 7 3 2 1 1 0 0 0 0 0
"18" 18 0.138686131387 122 109 102 70 30 30 13 9 7 5 2 1 0 0 0 0 0 0 0 0
"19" 19 0.010152284264 359 47 26 25 17 13 4 4 2 1 1 1 0 0 0 0 0 0 0 0
"20" 20 0.00497512437811 372 73 21 14 5 4 3 3 2 1 1 1 0 0 0 0 0 0 0 0
"21" 21 0.0152284263959 438 38 9 3 3 3 2 2 2 0 0 0 0 0 0 0 0 0 0 0
"22" 22 0.0 276 81 43 31 20 14 12 9 8 3 2 1 0 0 0 0 0 0 0 0
"23" 23 0.0 499 1 0 0 0 0 0 0 0 0 0 0 0 0 0 0 0 0 0 0
"24" 24 0.0696517412935 193 152 73 26 14 11 6 6 5 5 4 2 2 1 0 0 0 0 0 0
"25" 25 0.424870466321 302 102 25 16 13 12 11 5 5 3 3 2 1 0 0 0 0 0 0 0
"26" 26 0.413461538462 441 51 8 0 0 0 0 0 0 0 0 0 0 0 0 0 0 0 0 0
"27" 27 0.0077519379845 263 116 87 25 7 2 0 0 0 0 0 0 0 0 0 0 0 0 0 0
"28" 28 0.134615384615 497 2 1 0 0 0 0 0 0 0 0 0 0 0 0 0 0 0 0 0
"29" 29 0.0210970464135 253 81 59 36 26 11 10 6 5 4 4 3 2 0 0 0 0 0 0 0
"30" 30 0.372093023256 136 88 65 65 47 31 29 16 10 7 6 0 0 0 0 0 0 0 0 0
"31" 31 0.389534883721 104 88 78 63 58 54 15 11 9 5 4 3 3 2 2 1 0 0 0 0
"32" 32 0.010152284264 312 39 38 37 27 13 13 8 6 3 2 2 0 0 0 0 0 0 0 0
"33" 33 0.0 271 102 97 12 11 5 1 1 0 0 0 0 0 0 0 0 0 0 0 0
"34" 34 0.456273764259 115 99 60 48 46 33 30 22 19 7 5 5 5 4 2 0 0 0 0 0
"35" 35 0.335766423358 120 78 58 36 35 34 32 24 20 16 14 13 8 8 2 1 1 0 0 0
"36" 36 0.0149253731343 354 34 25 23 18 15 13 10 3 3 1 1 0 0 0 0 0 0 0 0
"37" 37 0.636771300448 376 53 41 11 9 5 2 1 1 1 0 0 0 0 0 0 0 0 0 0
"38" 38 0.0812182741117 205 56 48 43 40 37 26 22 19 3 1 0 0 0 0 0 0 0 0 0
"39" 39 0.5 500 0 0 0 0 0 0 0 0 0 0 0 0 0 0 0 0 0 0 0
"40" 40 0.285714285714 148 125 62 46 30 23 23 22 8 5 5 3 0 0 0 0 0 0 0 0
"41" 41 0.281609195402 247 56 50 24 22 18 15 13 12 11 9 8 7 4 4 0 0 0 0 0
"42" 42 0.494252873563 229 139 27 26 20 19 19 11 5 4 1 0 0 0 0 0 0 0 0 0
"43" 43 0.517441860465 98 89 88 53 40 24 22 21 17 17 15 6 5 4 1 0 0 0 0 0
"44" 44 0.360465116279 142 134 52 46 30 26 17 14 12 9 8 3 3 3 1 0 0 0 0 0
"45" 45 0.261603375527 141 64 64 46 42 37 36 17 17 15 7 5 3 3 2 1 0 0 0 0
"46" 46 0.471698113208 167 127 40 34 26 24 24 16 13 9 8 4 4 3 1 0 0 0 0 0
"47" 47 0.31976744186 264 62 43 41 21 12 11 11 10 7 7 6 2 2 1 0 0 0 0 0
"48" 48 0.761421319797 255 69 62 58 41 8 6 1 0 0 0 0 0 0 0 0 0 0 0 0
"49" 49 0.625 374 126 0 0 0 0 0 0 0 0 0 0 0 0 0 0 0 0 0 0
"50" 50 0.0376569037657 125 105 80 74 35 28 18 8 8 5 3 3 3 3 1 1 0 0 0 0
"51" 51 0.533333333333 121 75 47 46 41 32 26 18 18 15 13 13 12 11 11 1 0 0 0 0
"52" 52 0.0 121 80 75 54 29 27 25 21 20 15 11 9 6 3 2 2 0 0 0 0
"53" 53 0.107142857143 95 78 55 53 42 40 39 31 14 13 12 10 9 5 4 0 0 0 0 0
"54" 54 0.110465116279 150 125 79 50 33 27 11 8 5 5 3 2 1 1 0 0 0 0 0 0
"55" 55 0.0149253731343 224 79 65 34 23 20 15 12 11 10 4 1 1 1 0 0 0 0 0 0
"56" 56 0.298013245033 193 103 59 34 33 17 15 13 11 6 6 4 4 2 0 0 0 0 0 0
"57" 57 0.133079847909 240 130 33 26 21 11 10 8 7 3 3 3 3 1 1 0 0 0 0 0
"58" 58 0.240506329114 134 89 89 75 30 24 22 11 9 7 5 3 1 1 0 0 0 0 0 0
"59" 59 0.123076923077 489 8 2 1 0 0 0 0 0 0 0 0 0 0 0 0 0 0 0 0
"60" 60 0.0149253731343 264 114 40 18 16 16 9 5 5 4 3 2 1 1 1 1 0 0 0 0
"61" 61 0.223628691983 105 86 64 62 57 55 30 15 7 6 4 3 3 2 1 0 0 0 0 0
"62" 62 0.0298507462687 361 106 8 7 6 4 3 2 2 1 0 0 0 0 0 0 0 0 0 0
"63" 63 0.0 191 105 55 41 22 15 12 12 10 9 8 7 6 6 1 0 0 0 0 0
"64" 64 0.0287356321839 369 49 34 20 8 7 6 5 1 1 0 0 0 0 0 0 0 0 0 0
"65" 65 0.0141843971631 294 101 67 14 10 6 2 2 1 1 1 1 0 0 0 0 0 0 0 0
"66" 66 0.40932642487 113 65 65 47 45 39 31 26 14 12 12 10 9 6 3 2 1 0 0 0
"67" 67 0.0248756218905 378 33 22 16 9 8 7 7 5 4 3 3 2 2 1 0 0 0 0 0
"68" 68 0.951923076923 469 28 3 0 0 0 0 0 0 0 0 0 0 0 0 0 0 0 0 0
"69" 69 0.390862944162 99 94 74 64 53 27 27 26 12 10 7 4 2 1 0 0 0 0 0 0
"70" 70 0.328467153285 216 104 49 40 25 17 15 11 10 3 3 3 2 1 1 0 0 0 0 0
"71" 71 0.698113207547 194 188 49 32 14 9 8 6 0 0 0 0 0 0 0 0 0 0 0 0
"72" 72 0.110266159696 219 63 34 29 28 18 17 16 15 14 14 9 7 6 5 3 2 1 0 0
"73" 73 0.031914893617 243 75 38 28 26 22 16 14 12 10 5 4 2 2 1 1 1 0 0 0
"74" 74 0.120437956204 150 79 76 48 33 30 29 16 13 9 7 5 2 2 1 0 0 0 0 0
"75" 75 0.588607594937 146 90 77 72 32 17 14 13 12 8 8 5 3 3 0 0 0 0 0 0
"76" 76 0.110266159696 175 88 55 45 43 29 24 15 10 8 3 2 2 1 0 0 0 0 0 0
"77" 77 0.00760456273764 268 73 55 41 12 10 10 8 7 5 4 2 2 1 1 1 0 0 0 0
"78" 78 0.550387596899 178 148 51 42 23 15 12 10 10 5 3 1 1 1 0 0 0 0 0 0
"79" 79 0.305699481865 149 80 71 52 35 25 21 18 17 15 7 7 3 0 0 0 0 0 0 0
"80" 80 0.0813953488372 311 125 24 18 12 5 3 1 1 0 0 0 0 0 0 0 0 0 0 0
"81" 81 0.147286821705 148 67 65 53 43 38 25 11 10 8 8 7 5 4 4 3 1 0 0 0
"82" 82 0.0 370 68 61 1 0 0 0 0 0 0 0 0 0 0 0 0 0 0 0 0
"83" 83 0.0747126436782 199 164 67 28 24 5 4 3 2 1 1 1 1 0 0 0 0 0 0 0
"84" 84 0.0203045685279 435 42 10 5 2 2 1 1 1 1 0 0 0 0 0 0 0 0 0 0
"85" 85 0.00418410041841 264 104 92 17 9 7 2 2 2 1 0 0 0 0 0 0 0 0 0 0
"86" 86 0.00574712643678 392 42 30 12 10 6 5 2 1 0 0 0 0 0 0 0 0 0 0 0
"87" 87 0.0287356321839 195 153 39 38 33 16 11 6 3 3 1 1 1 0 0 0 0 0 0 0
"88" 88 0.124352331606 433 32 24 8 2 1 0 0 0 0 0 0 0 0 0 0 0 0 0 0
"89" 89 0.0 331 138 19 6 4 2 0 0 0 0 0 0 0 0 0 0 0 0 0 0
"90" 90 0.273255813953 358 64 52 17 6 1 1 1 0 0 0 0 0 0 0 0 0 0 0 0
"91" 91 0.160621761658 445 32 16 2 1 1 1 1 1 0 0 0 0 0 0 0 0 0 0 0
"92" 92 0.274261603376 107 103 93 62 40 30 28 14 10 6 2 2 1 1 1 0 0 0 0 0
"93" 93 0.725388601036 140 122 114 58 32 25 3 2 2 1 1 0 0 0 0 0 0 0 0 0
"94" 94 0.313868613139 285 86 38 37 23 15 8 4 2 1 1 0 0 0 0 0 0 0 0 0
"95" 95 0.0137614678899 166 88 78 57 35 21 15 13 12 6 5 4 0 0 0 0 0 0 0 0
"96" 96 0.443708609272 139 126 105 44 26 23 9 9 8 5 3 2 1 0 0 0 0 0 0 0
"97" 97 0.43023255814 140 138 64 38 37 22 14 14 10 7 3 3 3 3 2 1 1 0 0 0
"98" 98 0.0387596899225 159 81 71 68 36 35 24 8 6 4 4 2 1 1 0 0 0 0 0 0
"99" 99 0.119205298013 174 105 77 45 39 33 6 6 6 2 2 1 1 1 1 1 0 0 0 0
"100" 100 0.544303797468 175 109 48 38 38 25 17 15 12 11 6 4 2 0 0 0 0 0 0 0
"101" 101 0.0803571428571 154 124 47 46 38 21 19 12 9 9 8 5 5 1 1 1 0 0 0 0
"102" 102 0.0248756218905 205 132 53 27 15 15 13 9 8 8 5 5 2 2 1 0 0 0 0 0
"103" 103 0.315789473684 180 71 66 52 25 24 22 19 17 9 5 3 2 2 2 1 0 0 0 0
"104" 104 0.338308457711 104 77 76 43 38 38 25 25 21 13 11 9 7 5 3 3 2 0 0 0
"105" 105 0.0229357798165 174 80 57 44 35 25 22 19 11 10 8 7 5 2 1 0 0 0 0 0
"106" 106 0.1592039801 241 82 27 24 23 23 16 15 15 11 8 5 5 2 1 1 1 0 0 0
"107" 107 0.354260089686 157 76 61 54 52 29 25 15 15 6 4 3 2 1 0 0 0 0 0 0
"108" 108 0.303571428571 99 80 64 47 31 28 28 27 26 18 16 11 11 6 4 2 1 1 0 0
"109" 109 0.388392857143 166 103 62 44 41 39 17 12 10 3 3 0 0 0 0 0 0 0 0 0
"110" 110 0.455357142857 268 58 31 24 21 17 17 16 16 14 7 5 2 2 1 1 0 0 0 0
"111" 111 0.00995024875622 422 36 16 6 5 5 4 3 1 1 1 0 0 0 0 0 0 0 0 0
"112" 112 0.242152466368 243 75 70 50 16 15 15 8 7 1 0 0 0 0 0 0 0 0 0 0
"113" 113 0.632124352332 190 86 70 56 41 27 13 7 6 3 1 0 0 0 0 0 0 0 0 0
"114" 114 0.031007751938 420 65 7 5 2 1 0 0 0 0 0 0 0 0 0 0 0 0 0 0
"115" 115 0.031007751938 151 81 69 60 53 29 24 11 7 5 4 2 2 1 1 0 0 0 0 0
"116" 116 0.044776119403 198 68 62 58 39 18 16 15 7 6 4 3 3 1 1 1 0 0 0 0
"117" 117 0.0 269 97 62 49 8 4 3 2 2 2 1 1 0 0 0 0 0 0 0 0
"118" 118 0.0 280 136 44 22 5 4 3 2 2 1 1 0 0 0 0 0 0 0 0 0
"119" 119 0.0 375 67 29 9 8 5 2 2 1 1 1 0 0 0 0 0 0 0 0 0
"120" 120 0.0 224 214 40 16 4 1 1 0 0 0 0 0 0 0 0 0 0 0 0 0
"121" 121 0.0307692307692 292 107 65 22 10 3 1 0 0 0 0 0 0 0 0 0 0 0 0 0
"122" 122 0.257383966245 184 133 130 27 9 9 6 1 1 0 0 0 0 0 0 0 0 0 0 0
"123" 123 0.233183856502 248 91 40 38 23 20 13 11 6 4 3 1 1 1 0 0 0 0 0 0
"124" 124 0.40414507772 164 119 63 48 41 17 14 6 6 5 4 4 3 2 2 1 1 0 0 0
"125" 125 0.439461883408 153 90 40 40 36 29 27 19 15 11 10 8 7 6 5 2 2 0 0 0
"126" 126 0.723270440252 485 15 0 0 0 0 0 0 0 0 0 0 0 0 0 0 0 0 0 0
"127" 127 0.663461538462 491 9 0 0 0 0 0 0 0 0 0 0 0 0 0 0 0 0 0 0
"128" 128 0.178294573643 276 216 4 3 1 0 0 0 0 0 0 0 0 0 0 0 0 0 0 0
"129" 129 0.154228855721 140 78 72 69 43 42 17 15 10 5 3 3 2 1 0 0 0 0 0 0
"130" 130 0.278145695364 337 57 51 27 6 6 5 3 2 1 1 1 1 1 1 0 0 0 0 0
"131" 131 0.186046511628 257 79 40 28 23 22 11 10 9 6 5 4 4 1 1 0 0 0 0 0
"132" 132 0.602649006623 183 168 70 23 15 12 8 8 5 3 2 2 1 0 0 0 0 0 0 0
"133" 133 0.455357142857 204 141 42 31 21 12 11 9 8 8 5 3 2 1 1 1 0 0 0 0
"134" 134 0.0 122 71 65 65 41 41 37 22 17 12 4 2 1 0 0 0 0 0 0 0
"135" 135 0.119205298013 198 114 75 49 23 17 16 4 1 1 1 1 0 0 0 0 0 0 0 0
"136" 136 0.248945147679 227 52 40 39 33 31 24 14 12 11 7 4 3 2 1 0 0 0 0 0
"137" 137 0.401785714286 91 81 70 53 40 40 37 28 15 12 8 8 7 5 3 1 1 0 0 0
"138" 138 0.0 273 208 5 4 3 2 2 2 1 0 0 0 0 0 0 0 0 0 0 0
"139" 139 0.435897435897 181 84 51 43 39 32 28 13 11 10 8 0 0 0 0 0 0 0 0 0
"140" 140 0.00995024875622 372 35 22 20 16 9 9 5 4 3 2 1 1 1 0 0 0 0 0 0
"141" 141 0.632183908046 123 107 54 45 42 42 31 21 8 7 6 5 4 3 2 0 0 0 0 0
"142" 142 0.334821428571 186 55 46 45 44 43 28 25 14 10 2 2 0 0 0 0 0 0 0 0
"143" 143 0.179104477612 213 113 57 32 20 20 12 10 9 5 4 3 1 1 0 0 0 0 0 0
"144" 144 0.35864978903 142 141 63 49 42 31 20 7 3 1 1 0 0 0 0 0 0 0 0 0
"145" 145 0.533678756477 441 59 0 0 0 0 0 0 0 0 0 0 0 0 0 0 0 0 0 0
"146" 146 0.226277372263 137 136 51 43 36 26 21 20 10 10 4 3 2 1 0 0 0 0 0 0
"147" 147 0.437086092715 80 65 58 43 43 40 37 28 25 24 17 15 13 6 2 2 2 0 0 0
"148" 148 0.276595744681 309 98 49 35 4 4 1 0 0 0 0 0 0 0 0 0 0 0 0 0
"149" 149 0.165562913907 103 81 81 67 65 36 35 11 8 6 3 1 1 1 1 0 0 0 0 0
"150" 150 0.172588832487 320 73 38 20 20 11 4 4 3 2 2 2 1 0 0 0 0 0 0 0
"151" 151 0.166666666667 134 125 95 32 24 21 16 16 14 8 4 4 3 3 1 0 0 0 0 0
"152" 152 0.333333333333 203 92 46 45 37 28 24 11 9 4 1 0 0 0 0 0 0 0 0 0
"153" 153 0.0132450331126 406 49 24 9 5 3 3 1 0 0 0 0 0 0 0 0 0 0 0 0
"154" 154 0.0264900662252 142 111 100 39 30 17 16 10 8 7 6 5 4 3 1 1 0 0 0 0
"155" 155 0.0 226 156 35 21 9 9 9 9 7 6 5 4 3 1 0 0 0 0 0 0
"156" 156 0.609137055838 128 114 47 40 26 25 23 22 21 20 11 8 6 4 3 2 0 0 0 0
"157" 157 0.206751054852 168 100 63 34 33 25 16 15 14 14 14 3 1 0 0 0 0 0 0 0
"158" 158 0.115384615385 423 27 15 12 6 6 3 3 2 1 1 1 0 0 0 0 0 0 0 0
"159" 159 0.5 154 151 80 35 24 21 13 9 6 3 3 1 0 0 0 0 0 0 0 0
"160" 160 0.0769230769231 499 1 0 0 0 0 0 0 0 0 0 0 0 0 0 0 0 0 0 0
"161" 161 0.0 111 97 76 62 45 39 35 16 13 3 2 1 0 0 0 0 0 0 0 0
"162" 162 0.296511627907 111 80 65 47 40 39 35 28 23 7 7 5 4 4 3 2 0 0 0 0
"163" 163 0.535714285714 112 109 103 66 39 28 23 5 4 4 3 3 1 0 0 0 0 0 0 0
"164" 164 0.0 205 167 124 3 1 0 0 0 0 0 0 0 0 0 0 0 0 0 0 0
"165" 165 0.0199004975124 195 160 49 42 18 5 5 4 4 4 4 3 2 2 1 1 1 0 0 0
"166" 166 0.362694300518 165 149 66 52 17 11 10 10 7 6 3 2 1 1 0 0 0 0 0 0
"167" 167 0.269503546099 204 60 50 25 23 22 18 18 16 16 15 14 8 4 4 2 1 0 0 0
"168" 168 0.00497512437811 245 84 55 45 42 14 4 3 3 2 1 1 1 0 0 0 0 0 0 0
"169" 169 0.0152284263959 142 108 107 37 37 22 16 15 6 3 2 1 1 1 1 1 0 0 0 0
"170" 170 0.367875647668 204 85 85 37 33 22 11 8 5 4 2 2 1 1 0 0 0 0 0 0
"171" 171 0.149425287356 60 57 55 52 50 47 42 26 23 23 19 15 14 8 6 2 1 0 0 0
"172" 172 0.0152284263959 134 104 81 81 59 18 7 5 4 4 2 1 0 0 0 0 0 0 0 0
"173" 173 0.383966244726 148 104 87 57 44 18 18 8 6 5 3 1 1 0 0 0 0 0 0 0
"174" 174 0.558035714286 117 110 71 69 39 26 15 15 10 10 8 6 4 0 0 0 0 0 0 0
"175" 175 0.495535714286 175 72 59 45 36 26 23 17 12 11 9 7 5 2 1 0 0 0 0 0
"176" 176 0.345291479821 168 79 45 33 30 29 23 21 19 16 14 11 7 3 2 0 0 0 0 0
"177" 177 0.855721393035 217 79 43 42 31 26 17 9 9 7 5 5 4 3 2 1 0 0 0 0
