"site" "RSA" "aa1" "aa2" "aa3" "aa4" "aa5" "aa6" "aa7" "aa8" "aa9" "aa10" "aa11" "aa12" "aa13" "aa14" "aa15" "aa16" "aa17" "aa18" "aa19" "aa20"
"0" 0 0.821705426357 396 50 28 11 8 6 1 0 0 0 0 0 0 0 0 0 0 0 0 0
"1" 1 0.789743589744 168 133 115 68 16 0 0 0 0 0 0 0 0 0 0 0 0 0 0 0
"2" 2 0.197674418605 174 135 125 25 21 10 8 1 1 0 0 0 0 0 0 0 0 0 0 0
"3" 3 0.0384615384615 500 0 0 0 0 0 0 0 0 0 0 0 0 0 0 0 0 0 0 0
"4" 4 0.211920529801 280 49 45 41 16 12 10 9 9 6 6 5 4 4 2 1 1 0 0 0
"5" 5 0.0 499 1 0 0 0 0 0 0 0 0 0 0 0 0 0 0 0 0 0 0
"6" 6 0.0114942528736 197 190 77 25 4 4 2 1 0 0 0 0 0 0 0 0 0 0 0 0
"7" 7 0.0298507462687 474 20 4 1 1 0 0 0 0 0 0 0 0 0 0 0 0 0 0 0
"8" 8 0.0 499 1 0 0 0 0 0 0 0 0 0 0 0 0 0 0 0 0 0 0
"9" 9 0.211678832117 362 113 12 4 4 2 2 1 0 0 0 0 0 0 0 0 0 0 0 0
"10" 10 0.0574162679426 492 5 2 1 0 0 0 0 0 0 0 0 0 0 0 0 0 0 0 0
"11" 11 0.0192307692308 499 1 0 0 0 0 0 0 0 0 0 0 0 0 0 0 0 0 0 0
"12" 12 0.321428571429 304 56 50 33 28 14 6 5 1 1 1 1 0 0 0 0 0 0 0 0
"13" 13 0.0 330 143 22 3 1 1 0 0 0 0 0 0 0 0 0 0 0 0 0 0
"14" 14 0.388601036269 102 97 83 47 45 35 20 19 15 14 9 5 3 2 2 1 1 0 0 0
"15" 15 0.13829787234 302 96 60 14 6 6 5 4 4 2 1 0 0 0 0 0 0 0 0 0
"16" 16 0.34358974359 254 120 38 28 27 26 5 1 1 0 0 0 0 0 0 0 0 0 0 0
"17" 17 0.441860465116 256 170 21 17 11 8 6 3 2 2 2 1 1 0 0 0 0 0 0 0
"18" 18 0.532338308458 204 139 47 42 18 14 13 12 11 0 0 0 0 0 0 0 0 0 0 0
"19" 19 0.307692307692 313 80 72 31 4 0 0 0 0 0 0 0 0 0 0 0 0 0 0 0
"20" 20 0.174129353234 281 120 49 22 8 5 5 4 2 2 1 1 0 0 0 0 0 0 0 0
"21" 21 0.00836820083682 205 173 88 13 8 4 3 2 2 1 1 0 0 0 0 0 0 0 0 0
"22" 22 0.0697674418605 232 122 107 32 5 1 1 0 0 0 0 0 0 0 0 0 0 0 0 0
"23" 23 0.00961538461538 500 0 0 0 0 0 0 0 0 0 0 0 0 0 0 0 0 0 0 0
"24" 24 0.00709219858156 424 66 5 3 2 0 0 0 0 0 0 0 0 0 0 0 0 0 0 0
"25" 25 0.114942528736 186 75 70 57 41 34 22 5 4 3 2 1 0 0 0 0 0 0 0 0
"26" 26 0.186528497409 473 16 4 3 1 1 1 1 0 0 0 0 0 0 0 0 0 0 0 0
"27" 27 0.0804597701149 169 127 65 63 33 21 9 7 3 1 1 1 0 0 0 0 0 0 0 0
"28" 28 0.163461538462 134 109 94 51 35 24 15 13 11 10 3 1 0 0 0 0 0 0 0 0
"29" 29 0.109452736318 499 1 0 0 0 0 0 0 0 0 0 0 0 0 0 0 0 0 0 0
"30" 30 0.104651162791 391 84 21 2 1 1 0 0 0 0 0 0 0 0 0 0 0 0 0 0
"31" 31 0.683937823834 284 104 73 11 10 8 7 2 1 0 0 0 0 0 0 0 0 0 0 0
"32" 32 0.502109704641 197 141 60 36 34 12 11 4 3 1 1 0 0 0 0 0 0 0 0 0
"33" 33 0.0 500 0 0 0 0 0 0 0 0 0 0 0 0 0 0 0 0 0 0 0
"34" 34 0.349775784753 311 121 38 7 6 6 4 3 3 1 0 0 0 0 0 0 0 0 0 0
"35" 35 0.418604651163 171 99 91 69 55 9 3 3 0 0 0 0 0 0 0 0 0 0 0 0
"36" 36 0.142857142857 269 93 63 23 17 16 7 6 4 1 1 0 0 0 0 0 0 0 0 0
"37" 37 0.0077519379845 458 42 0 0 0 0 0 0 0 0 0 0 0 0 0 0 0 0 0 0
"38" 38 0.310344827586 199 189 52 47 5 3 3 1 1 0 0 0 0 0 0 0 0 0 0 0
"39" 39 0.35401459854 233 189 49 13 6 3 3 2 1 1 0 0 0 0 0 0 0 0 0 0
"40" 40 0.0 365 135 0 0 0 0 0 0 0 0 0 0 0 0 0 0 0 0 0 0
"41" 41 0.0 500 0 0 0 0 0 0 0 0 0 0 0 0 0 0 0 0 0 0 0
"42" 42 0.339285714286 299 75 56 44 13 6 5 1 1 0 0 0 0 0 0 0 0 0 0 0
"43" 43 0.0547263681592 210 174 36 35 16 9 8 6 2 2 1 1 0 0 0 0 0 0 0 0
"44" 44 0.0152284263959 345 131 22 2 0 0 0 0 0 0 0 0 0 0 0 0 0 0 0 0
"45" 45 0.248062015504 220 156 61 26 22 9 3 2 1 0 0 0 0 0 0 0 0 0 0 0
"46" 46 0.526785714286 158 133 120 48 14 11 8 2 2 2 2 0 0 0 0 0 0 0 0 0
"47" 47 0.435406698565 235 220 30 8 4 2 1 0 0 0 0 0 0 0 0 0 0 0 0 0
"48" 48 0.683937823834 488 11 1 0 0 0 0 0 0 0 0 0 0 0 0 0 0 0 0 0
"49" 49 0.0646766169154 300 64 53 33 22 7 4 4 4 3 2 2 1 1 0 0 0 0 0 0
"50" 50 0.248756218905 319 72 66 13 7 6 5 4 3 3 1 1 0 0 0 0 0 0 0 0
"51" 51 0.0125786163522 470 16 5 5 3 1 0 0 0 0 0 0 0 0 0 0 0 0 0 0
"52" 52 0.316062176166 432 68 0 0 0 0 0 0 0 0 0 0 0 0 0 0 0 0 0 0
"53" 53 0.0287356321839 271 140 79 8 1 1 0 0 0 0 0 0 0 0 0 0 0 0 0 0
"54" 54 0.0248756218905 284 99 55 46 10 4 1 1 0 0 0 0 0 0 0 0 0 0 0 0
"55" 55 0.0304182509506 454 42 3 1 0 0 0 0 0 0 0 0 0 0 0 0 0 0 0 0
"56" 56 0.0 493 7 0 0 0 0 0 0 0 0 0 0 0 0 0 0 0 0 0 0
"57" 57 0.0 500 0 0 0 0 0 0 0 0 0 0 0 0 0 0 0 0 0 0 0
"58" 58 0.169154228856 263 152 31 21 20 10 3 0 0 0 0 0 0 0 0 0 0 0 0 0
"59" 59 0.0 197 181 101 17 4 0 0 0 0 0 0 0 0 0 0 0 0 0 0 0
"60" 60 0.467153284672 379 35 34 20 11 6 5 4 2 2 1 1 0 0 0 0 0 0 0 0
"61" 61 0.0182481751825 405 80 14 1 0 0 0 0 0 0 0 0 0 0 0 0 0 0 0 0
"62" 62 0.0 334 166 0 0 0 0 0 0 0 0 0 0 0 0 0 0 0 0 0 0
"63" 63 0.213197969543 255 126 89 28 2 0 0 0 0 0 0 0 0 0 0 0 0 0 0 0
"64" 64 0.279069767442 191 79 64 59 54 28 7 6 6 3 1 1 1 0 0 0 0 0 0 0
"65" 65 0.00581395348837 452 43 5 0 0 0 0 0 0 0 0 0 0 0 0 0 0 0 0 0
"66" 66 0.0 491 6 2 1 0 0 0 0 0 0 0 0 0 0 0 0 0 0 0 0
"67" 67 0.459330143541 247 65 62 42 30 24 15 8 6 1 0 0 0 0 0 0 0 0 0 0
"68" 68 0.1592039801 409 62 11 8 6 3 1 0 0 0 0 0 0 0 0 0 0 0 0 0
"69" 69 0.0077519379845 500 0 0 0 0 0 0 0 0 0 0 0 0 0 0 0 0 0 0 0
"70" 70 0.0348258706468 390 60 31 15 3 1 0 0 0 0 0 0 0 0 0 0 0 0 0 0
"71" 71 0.440414507772 290 81 80 39 4 3 2 1 0 0 0 0 0 0 0 0 0 0 0 0
"72" 72 0.271523178808 256 132 57 29 14 12 0 0 0 0 0 0 0 0 0 0 0 0 0 0
"73" 73 0.062015503876 491 7 2 0 0 0 0 0 0 0 0 0 0 0 0 0 0 0 0 0
"74" 74 0.632124352332 278 145 61 13 3 0 0 0 0 0 0 0 0 0 0 0 0 0 0 0
"75" 75 0.186131386861 485 5 2 2 2 2 1 1 0 0 0 0 0 0 0 0 0 0 0 0
"76" 76 0.34328358209 136 121 121 52 30 11 10 8 6 1 1 1 1 1 0 0 0 0 0 0
"77" 77 0.631205673759 156 130 101 54 39 9 7 2 2 0 0 0 0 0 0 0 0 0 0 0
"78" 78 0.0355329949239 342 91 25 19 8 7 4 3 1 0 0 0 0 0 0 0 0 0 0 0
"79" 79 0.408805031447 334 93 45 12 11 4 1 0 0 0 0 0 0 0 0 0 0 0 0 0
"80" 80 0.270114942529 197 85 74 64 55 8 7 5 4 1 0 0 0 0 0 0 0 0 0 0
"81" 81 0.514598540146 300 175 12 9 2 1 1 0 0 0 0 0 0 0 0 0 0 0 0 0
"82" 82 0.416058394161 430 26 21 14 4 2 2 1 0 0 0 0 0 0 0 0 0 0 0 0
"83" 83 0.0860927152318 277 223 0 0 0 0 0 0 0 0 0 0 0 0 0 0 0 0 0 0
"84" 84 0.156028368794 487 5 3 2 1 1 1 0 0 0 0 0 0 0 0 0 0 0 0 0
"85" 85 0.266423357664 462 27 11 0 0 0 0 0 0 0 0 0 0 0 0 0 0 0 0 0
"86" 86 0.00497512437811 439 30 13 6 6 5 1 0 0 0 0 0 0 0 0 0 0 0 0 0
"87" 87 0.0 387 60 30 23 0 0 0 0 0 0 0 0 0 0 0 0 0 0 0 0
"88" 88 0.0982142857143 236 149 87 24 4 0 0 0 0 0 0 0 0 0 0 0 0 0 0 0
"89" 89 0.0182481751825 463 34 2 1 0 0 0 0 0 0 0 0 0 0 0 0 0 0 0 0
"90" 90 0.00956937799043 500 0 0 0 0 0 0 0 0 0 0 0 0 0 0 0 0 0 0 0
"91" 91 0.06463878327 397 49 21 10 9 9 4 1 0 0 0 0 0 0 0 0 0 0 0 0
"92" 92 0.0 500 0 0 0 0 0 0 0 0 0 0 0 0 0 0 0 0 0 0 0
"93" 93 0.302325581395 330 139 13 6 4 4 2 2 0 0 0 0 0 0 0 0 0 0 0 0
"94" 94 0.0298507462687 192 117 98 41 24 8 8 6 2 2 1 1 0 0 0 0 0 0 0 0
"95" 95 0.00896860986547 495 5 0 0 0 0 0 0 0 0 0 0 0 0 0 0 0 0 0 0
"96" 96 0.144230769231 500 0 0 0 0 0 0 0 0 0 0 0 0 0 0 0 0 0 0 0
"97" 97 0.313432835821 171 112 92 67 41 14 2 1 0 0 0 0 0 0 0 0 0 0 0 0
"98" 98 0.227979274611 187 157 109 12 11 7 7 4 4 1 1 0 0 0 0 0 0 0 0 0
"99" 99 0.160337552743 321 60 53 31 28 5 2 0 0 0 0 0 0 0 0 0 0 0 0 0
"100" 100 0.434108527132 326 82 54 18 14 3 2 1 0 0 0 0 0 0 0 0 0 0 0 0
"101" 101 0.678571428571 289 68 67 58 5 3 3 2 2 1 1 1 0 0 0 0 0 0 0 0
"102" 102 0.046511627907 243 63 37 34 31 30 16 12 11 10 6 3 2 1 1 0 0 0 0 0
"103" 103 0.42194092827 466 26 8 0 0 0 0 0 0 0 0 0 0 0 0 0 0 0 0 0
"104" 104 0.682170542636 143 131 108 47 36 19 9 5 1 1 0 0 0 0 0 0 0 0 0 0
"105" 105 0.693430656934 216 135 53 52 25 10 5 3 1 0 0 0 0 0 0 0 0 0 0 0
"106" 106 0.38783269962 160 102 50 48 42 33 30 19 10 2 2 1 1 0 0 0 0 0 0 0
"107" 107 0.269230769231 500 0 0 0 0 0 0 0 0 0 0 0 0 0 0 0 0 0 0 0
"108" 108 0.625 390 72 18 7 7 3 2 1 0 0 0 0 0 0 0 0 0 0 0 0
"109" 109 0.6875 171 153 77 44 38 7 4 3 2 1 0 0 0 0 0 0 0 0 0 0
"110" 110 0.345291479821 134 133 84 39 25 23 21 18 17 4 1 1 0 0 0 0 0 0 0 0
"111" 111 0.108786610879 430 32 20 9 5 2 1 1 0 0 0 0 0 0 0 0 0 0 0 0
"112" 112 0.426605504587 275 140 26 22 18 10 5 3 1 0 0 0 0 0 0 0 0 0 0 0
"113" 113 0.31007751938 202 107 106 37 28 10 7 2 1 0 0 0 0 0 0 0 0 0 0 0
"114" 114 0.0709219858156 182 106 66 54 32 23 16 5 5 3 3 3 2 0 0 0 0 0 0 0
"115" 115 0.153284671533 306 56 35 33 26 19 18 6 1 0 0 0 0 0 0 0 0 0 0 0
"116" 116 0.120437956204 151 122 96 53 48 15 10 4 1 0 0 0 0 0 0 0 0 0 0 0
"117" 117 0.23178807947 237 130 57 35 25 6 5 4 1 0 0 0 0 0 0 0 0 0 0 0
"118" 118 0.106463878327 260 100 71 57 5 3 2 1 1 0 0 0 0 0 0 0 0 0 0 0
"119" 119 0.538860103627 169 140 64 46 24 21 14 13 6 2 1 0 0 0 0 0 0 0 0 0
"120" 120 0.529069767442 318 156 12 9 3 1 1 0 0 0 0 0 0 0 0 0 0 0 0 0
"121" 121 0.276729559748 499 1 0 0 0 0 0 0 0 0 0 0 0 0 0 0 0 0 0 0
"122" 122 0.0125786163522 457 39 2 1 1 0 0 0 0 0 0 0 0 0 0 0 0 0 0 0
"123" 123 0.345911949686 192 186 64 39 18 1 0 0 0 0 0 0 0 0 0 0 0 0 0 0
"124" 124 0.534591194969 366 116 11 4 2 1 0 0 0 0 0 0 0 0 0 0 0 0 0 0
"125" 125 0.0456852791878 244 208 33 11 4 0 0 0 0 0 0 0 0 0 0 0 0 0 0 0
"126" 126 0.65625 264 167 36 18 7 3 3 1 1 0 0 0 0 0 0 0 0 0 0 0
"127" 127 0.518248175182 165 115 58 51 47 19 18 13 10 2 1 1 0 0 0 0 0 0 0 0
"128" 128 0.615384615385 500 0 0 0 0 0 0 0 0 0 0 0 0 0 0 0 0 0 0 0
"129" 129 0.198675496689 426 55 11 6 2 0 0 0 0 0 0 0 0 0 0 0 0 0 0 0
"130" 130 0.744394618834 376 53 52 6 4 4 3 1 1 0 0 0 0 0 0 0 0 0 0 0
"131" 131 0.255230125523 430 69 1 0 0 0 0 0 0 0 0 0 0 0 0 0 0 0 0 0
"132" 132 0.0993377483444 427 50 23 0 0 0 0 0 0 0 0 0 0 0 0 0 0 0 0 0
"133" 133 0.0582959641256 238 103 59 40 38 11 6 3 1 1 0 0 0 0 0 0 0 0 0 0
"134" 134 0.181347150259 168 160 46 44 40 25 10 3 2 1 1 0 0 0 0 0 0 0 0 0
"135" 135 0.62015503876 239 75 60 45 24 19 13 11 7 5 2 0 0 0 0 0 0 0 0 0
"136" 136 0.284974093264 229 120 55 33 30 15 10 7 1 0 0 0 0 0 0 0 0 0 0 0
"137" 137 0.704402515723 185 156 99 60 0 0 0 0 0 0 0 0 0 0 0 0 0 0 0 0
"138" 138 0.419708029197 302 120 54 10 9 2 2 1 0 0 0 0 0 0 0 0 0 0 0 0
"139" 139 0.00760456273764 377 106 10 7 0 0 0 0 0 0 0 0 0 0 0 0 0 0 0 0
"140" 140 0.472868217054 390 67 36 3 2 1 1 0 0 0 0 0 0 0 0 0 0 0 0 0
"141" 141 0.870466321244 371 58 28 21 13 4 3 1 1 0 0 0 0 0 0 0 0 0 0 0
"142" 142 0.284263959391 487 5 2 2 2 1 1 0 0 0 0 0 0 0 0 0 0 0 0 0
"143" 143 0.586538461538 500 0 0 0 0 0 0 0 0 0 0 0 0 0 0 0 0 0 0 0
"144" 144 0.0384615384615 500 0 0 0 0 0 0 0 0 0 0 0 0 0 0 0 0 0 0 0
"145" 145 0.153846153846 500 0 0 0 0 0 0 0 0 0 0 0 0 0 0 0 0 0 0 0
"146" 146 0.245283018868 176 110 90 30 22 20 18 14 8 6 5 1 0 0 0 0 0 0 0 0
"147" 147 0.174129353234 314 87 67 18 7 2 2 1 1 1 0 0 0 0 0 0 0 0 0 0
"148" 148 0.145348837209 451 49 0 0 0 0 0 0 0 0 0 0 0 0 0 0 0 0 0 0
"149" 149 0.0223214285714 267 83 66 43 35 6 0 0 0 0 0 0 0 0 0 0 0 0 0 0
"150" 150 0.0126582278481 499 1 0 0 0 0 0 0 0 0 0 0 0 0 0 0 0 0 0 0
"151" 151 0.0199004975124 374 78 22 15 8 2 1 0 0 0 0 0 0 0 0 0 0 0 0 0
"152" 152 0.147286821705 375 74 23 9 7 4 2 2 1 1 1 1 0 0 0 0 0 0 0 0
"153" 153 0.336787564767 482 15 2 1 0 0 0 0 0 0 0 0 0 0 0 0 0 0 0 0
"154" 154 0.0 484 8 5 3 0 0 0 0 0 0 0 0 0 0 0 0 0 0 0 0
"155" 155 0.183908045977 182 164 33 30 27 26 17 7 6 4 2 2 0 0 0 0 0 0 0 0
"156" 156 0.550387596899 301 92 89 7 6 4 1 0 0 0 0 0 0 0 0 0 0 0 0 0
"157" 157 0.0547445255474 201 91 68 47 36 20 20 16 1 0 0 0 0 0 0 0 0 0 0 0
"158" 158 0.0167364016736 442 47 6 5 0 0 0 0 0 0 0 0 0 0 0 0 0 0 0 0
"159" 159 0.238805970149 414 23 15 9 9 7 7 6 3 2 2 2 1 0 0 0 0 0 0 0
"160" 160 0.352201257862 465 20 8 3 2 2 0 0 0 0 0 0 0 0 0 0 0 0 0 0
"161" 161 0.121673003802 405 87 4 4 0 0 0 0 0 0 0 0 0 0 0 0 0 0 0 0
"162" 162 0.00836820083682 403 72 9 8 6 1 1 0 0 0 0 0 0 0 0 0 0 0 0 0
"163" 163 0.348837209302 206 80 76 55 24 19 15 7 6 6 3 1 1 1 0 0 0 0 0 0
"164" 164 0.694300518135 400 87 7 4 2 0 0 0 0 0 0 0 0 0 0 0 0 0 0 0
"165" 165 0.316091954023 298 152 49 1 0 0 0 0 0 0 0 0 0 0 0 0 0 0 0 0
"166" 166 0.0 486 13 1 0 0 0 0 0 0 0 0 0 0 0 0 0 0 0 0 0
"167" 167 0.103448275862 127 119 87 47 41 28 18 16 11 4 1 1 0 0 0 0 0 0 0 0
"168" 168 0.375 202 184 62 15 10 8 7 4 4 3 1 0 0 0 0 0 0 0 0 0
"169" 169 0.139896373057 247 73 56 52 33 18 7 4 4 4 1 1 0 0 0 0 0 0 0 0
"170" 170 0.0 498 1 1 0 0 0 0 0 0 0 0 0 0 0 0 0 0 0 0 0
"171" 171 0.405109489051 211 108 70 35 24 20 7 7 5 4 4 3 1 1 0 0 0 0 0 0
"172" 172 0.494252873563 178 156 54 42 37 16 9 5 2 1 0 0 0 0 0 0 0 0 0 0
"173" 173 0.278846153846 500 0 0 0 0 0 0 0 0 0 0 0 0 0 0 0 0 0 0 0
"174" 174 0.345991561181 163 137 86 76 28 5 4 1 0 0 0 0 0 0 0 0 0 0 0 0
"175" 175 0.133720930233 410 37 21 15 11 3 2 1 0 0 0 0 0 0 0 0 0 0 0 0
"176" 176 0.0 499 1 0 0 0 0 0 0 0 0 0 0 0 0 0 0 0 0 0 0
"177" 177 0.00497512437811 499 1 0 0 0 0 0 0 0 0 0 0 0 0 0 0 0 0 0 0
"178" 178 0.0 498 1 1 0 0 0 0 0 0 0 0 0 0 0 0 0 0 0 0 0
"179" 179 0.0 499 1 0 0 0 0 0 0 0 0 0 0 0 0 0 0 0 0 0 0
"180" 180 0.0077519379845 274 226 0 0 0 0 0 0 0 0 0 0 0 0 0 0 0 0 0 0
"181" 181 0.0 500 0 0 0 0 0 0 0 0 0 0 0 0 0 0 0 0 0 0 0
"182" 182 0.0288461538462 177 124 90 63 24 19 1 1 1 0 0 0 0 0 0 0 0 0 0 0
"183" 183 0.0615384615385 322 131 25 11 7 2 1 1 0 0 0 0 0 0 0 0 0 0 0 0
"184" 184 0.00662251655629 429 71 0 0 0 0 0 0 0 0 0 0 0 0 0 0 0 0 0 0
"185" 185 0.0248756218905 499 1 0 0 0 0 0 0 0 0 0 0 0 0 0 0 0 0 0 0
"186" 186 0.014598540146 134 119 101 90 12 10 9 8 7 5 5 0 0 0 0 0 0 0 0 0
"187" 187 0.0077519379845 497 3 0 0 0 0 0 0 0 0 0 0 0 0 0 0 0 0 0 0
"188" 188 0.0 404 91 2 2 1 0 0 0 0 0 0 0 0 0 0 0 0 0 0 0
"189" 189 0.0172413793103 209 115 56 40 21 21 21 5 5 2 2 1 1 1 0 0 0 0 0 0
"190" 190 0.118143459916 199 179 98 7 5 4 4 2 1 1 0 0 0 0 0 0 0 0 0 0
"191" 191 0.296650717703 226 149 39 25 17 14 10 8 6 3 2 1 0 0 0 0 0 0 0 0
"192" 192 0.0547263681592 492 7 1 0 0 0 0 0 0 0 0 0 0 0 0 0 0 0 0 0
"193" 193 0.0414507772021 447 33 13 7 0 0 0 0 0 0 0 0 0 0 0 0 0 0 0 0
"194" 194 0.636771300448 275 113 91 20 1 0 0 0 0 0 0 0 0 0 0 0 0 0 0 0
"195" 195 0.0871559633028 406 34 25 18 7 6 4 0 0 0 0 0 0 0 0 0 0 0 0 0
"196" 196 0.390728476821 473 14 5 3 2 1 1 1 0 0 0 0 0 0 0 0 0 0 0 0
"197" 197 0.326424870466 326 91 53 12 11 5 2 0 0 0 0 0 0 0 0 0 0 0 0 0
"198" 198 0.766839378238 455 22 14 8 1 0 0 0 0 0 0 0 0 0 0 0 0 0 0 0
"199" 199 0.441964285714 192 93 74 60 45 18 6 5 3 3 1 0 0 0 0 0 0 0 0 0
"200" 200 0.0 268 112 106 13 1 0 0 0 0 0 0 0 0 0 0 0 0 0 0 0
"201" 201 0.275862068966 421 44 20 15 0 0 0 0 0 0 0 0 0 0 0 0 0 0 0 0
"202" 202 0.509615384615 284 175 21 10 4 2 2 1 1 0 0 0 0 0 0 0 0 0 0 0
"203" 203 0.203980099502 135 100 68 55 35 25 24 16 14 14 9 2 2 1 0 0 0 0 0 0
"204" 204 0.292307692308 151 110 102 82 25 11 11 3 2 2 1 0 0 0 0 0 0 0 0 0
"205" 205 0.0507614213198 195 134 97 48 23 2 1 0 0 0 0 0 0 0 0 0 0 0 0 0
"206" 206 0.0062893081761 318 124 54 4 0 0 0 0 0 0 0 0 0 0 0 0 0 0 0 0
"207" 207 0.273255813953 241 133 75 16 16 6 6 3 1 1 1 1 0 0 0 0 0 0 0 0
"208" 208 0.0480769230769 500 0 0 0 0 0 0 0 0 0 0 0 0 0 0 0 0 0 0 0
"209" 209 0.0812182741117 337 147 15 1 0 0 0 0 0 0 0 0 0 0 0 0 0 0 0 0
"210" 210 0.0 500 0 0 0 0 0 0 0 0 0 0 0 0 0 0 0 0 0 0 0
"211" 211 0.0248756218905 315 76 36 28 24 8 8 4 1 0 0 0 0 0 0 0 0 0 0 0
"212" 212 0.197080291971 273 119 31 25 19 14 5 4 4 3 2 1 0 0 0 0 0 0 0 0
"213" 213 0.00380228136882 420 50 18 11 1 0 0 0 0 0 0 0 0 0 0 0 0 0 0 0
"214" 214 0.227979274611 178 164 80 34 31 4 4 2 2 1 0 0 0 0 0 0 0 0 0 0
"215" 215 0.0646766169154 493 7 0 0 0 0 0 0 0 0 0 0 0 0 0 0 0 0 0 0
"216" 216 0.217616580311 500 0 0 0 0 0 0 0 0 0 0 0 0 0 0 0 0 0 0 0
"217" 217 0.543046357616 142 117 92 71 57 14 6 1 0 0 0 0 0 0 0 0 0 0 0 0
"218" 218 0.372093023256 500 0 0 0 0 0 0 0 0 0 0 0 0 0 0 0 0 0 0 0
"219" 219 0.0963302752294 221 181 73 10 6 3 2 2 2 0 0 0 0 0 0 0 0 0 0 0
"220" 220 0.558394160584 261 134 63 20 13 5 2 1 1 0 0 0 0 0 0 0 0 0 0 0
"221" 221 0.163522012579 498 1 1 0 0 0 0 0 0 0 0 0 0 0 0 0 0 0 0 0
"222" 222 0.567164179104 338 162 0 0 0 0 0 0 0 0 0 0 0 0 0 0 0 0 0 0
"223" 223 0.344827586207 309 163 10 8 8 1 1 0 0 0 0 0 0 0 0 0 0 0 0 0
"224" 224 0.518248175182 200 102 68 32 32 30 15 9 6 3 2 1 0 0 0 0 0 0 0 0
"225" 225 0.278846153846 500 0 0 0 0 0 0 0 0 0 0 0 0 0 0 0 0 0 0 0
"226" 226 0.125 500 0 0 0 0 0 0 0 0 0 0 0 0 0 0 0 0 0 0 0
"227" 227 0.273255813953 272 66 38 26 25 20 18 11 10 4 4 3 1 1 1 0 0 0 0 0
"228" 228 0.167300380228 269 158 58 9 2 2 1 1 0 0 0 0 0 0 0 0 0 0 0 0
"229" 229 0.0547263681592 369 38 34 22 17 8 4 3 3 1 1 0 0 0 0 0 0 0 0 0
"230" 230 0.295336787565 294 87 65 25 14 10 4 1 0 0 0 0 0 0 0 0 0 0 0 0
"231" 231 0.547169811321 246 99 44 37 33 20 12 2 2 2 1 1 1 0 0 0 0 0 0 0
"232" 232 0.325892857143 179 98 59 51 37 36 22 6 5 5 2 0 0 0 0 0 0 0 0 0
"233" 233 0.271317829457 165 125 87 69 27 17 5 2 1 1 1 0 0 0 0 0 0 0 0 0
"234" 234 0.0387596899225 291 182 9 9 4 3 1 1 0 0 0 0 0 0 0 0 0 0 0 0
"235" 235 0.542635658915 165 87 68 56 46 33 14 12 7 7 5 0 0 0 0 0 0 0 0 0
"236" 236 0.480620155039 165 157 66 49 38 10 9 2 1 1 1 1 0 0 0 0 0 0 0 0
"237" 237 0.125 178 174 48 25 18 15 10 9 7 7 4 2 2 1 0 0 0 0 0 0
"238" 238 0.240310077519 157 101 42 41 34 27 24 23 19 17 8 6 1 0 0 0 0 0 0 0
"239" 239 0.558139534884 226 108 94 44 13 7 3 3 1 1 0 0 0 0 0 0 0 0 0 0
"240" 240 0.635658914729 117 110 76 65 49 30 16 13 10 9 4 1 0 0 0 0 0 0 0 0
"241" 241 0.298850574713 135 69 63 60 52 27 25 19 17 16 9 6 1 1 0 0 0 0 0 0
"242" 242 0.899224806202 228 174 42 30 24 1 1 0 0 0 0 0 0 0 0 0 0 0 0 0
