"site" "RSA" "aa1" "aa2" "aa3" "aa4" "aa5" "aa6" "aa7" "aa8" "aa9" "aa10" "aa11" "aa12" "aa13" "aa14" "aa15" "aa16" "aa17" "aa18" "aa19" "aa20"
"0" 0 0.230769230769 500 0 0 0 0 0 0 0 0 0 0 0 0 0 0 0 0 0 0 0
"1" 1 0.558974358974 148 139 127 41 34 6 2 2 1 0 0 0 0 0 0 0 0 0 0 0
"2" 2 0.43654822335 174 171 37 34 31 30 11 8 2 1 1 0 0 0 0 0 0 0 0 0
"3" 3 0.071129707113 307 72 49 29 17 16 8 2 0 0 0 0 0 0 0 0 0 0 0 0
"4" 4 0.0697674418605 330 126 22 19 2 1 0 0 0 0 0 0 0 0 0 0 0 0 0 0
"5" 5 0.507692307692 232 112 105 21 13 11 4 2 0 0 0 0 0 0 0 0 0 0 0 0
"6" 6 0.0945273631841 499 1 0 0 0 0 0 0 0 0 0 0 0 0 0 0 0 0 0 0
"7" 7 0.0 363 84 28 13 11 1 0 0 0 0 0 0 0 0 0 0 0 0 0 0
"8" 8 0.447257383966 268 93 92 10 9 6 6 5 4 3 2 1 1 0 0 0 0 0 0 0
"9" 9 0.528846153846 162 108 100 57 36 6 6 5 5 3 3 2 2 2 1 1 1 0 0 0
"10" 10 0.134328358209 324 74 66 14 6 4 4 3 2 1 1 1 0 0 0 0 0 0 0 0
"11" 11 0.317991631799 241 227 11 10 5 2 2 1 1 0 0 0 0 0 0 0 0 0 0 0
"12" 12 0.615384615385 98 98 78 77 69 42 16 11 10 1 0 0 0 0 0 0 0 0 0 0
"13" 13 0.573839662447 341 153 4 1 1 0 0 0 0 0 0 0 0 0 0 0 0 0 0 0
"14" 14 0.772151898734 245 96 46 24 21 19 14 12 9 6 6 2 0 0 0 0 0 0 0 0
"15" 15 0.352678571429 157 155 95 55 18 14 5 1 0 0 0 0 0 0 0 0 0 0 0 0
"16" 16 0.0596330275229 128 60 57 52 40 40 39 33 19 14 10 4 2 2 0 0 0 0 0 0
"17" 17 0.120437956204 289 87 64 16 13 13 9 6 1 1 1 0 0 0 0 0 0 0 0 0
"18" 18 0.0 158 150 104 38 19 18 7 2 2 1 1 0 0 0 0 0 0 0 0 0
"19" 19 0.0 463 14 10 5 4 2 1 1 0 0 0 0 0 0 0 0 0 0 0 0
"20" 20 0.0 414 43 12 11 9 3 3 2 2 1 0 0 0 0 0 0 0 0 0 0
"21" 21 0.0 197 118 102 31 15 15 8 4 4 2 2 1 1 0 0 0 0 0 0 0
"22" 22 0.0 500 0 0 0 0 0 0 0 0 0 0 0 0 0 0 0 0 0 0 0
"23" 23 0.0696517412935 286 107 70 13 11 7 3 2 1 0 0 0 0 0 0 0 0 0 0 0
"24" 24 0.424870466321 419 59 14 5 3 0 0 0 0 0 0 0 0 0 0 0 0 0 0 0
"25" 25 0.527131782946 472 24 4 0 0 0 0 0 0 0 0 0 0 0 0 0 0 0 0 0
"26" 26 0.015503875969 274 143 68 10 4 1 0 0 0 0 0 0 0 0 0 0 0 0 0 0
"27" 27 0.115384615385 500 0 0 0 0 0 0 0 0 0 0 0 0 0 0 0 0 0 0 0
"28" 28 0.0295358649789 161 78 70 62 49 47 21 9 2 1 0 0 0 0 0 0 0 0 0 0
"29" 29 0.348837209302 331 53 42 28 17 16 4 3 2 2 1 1 0 0 0 0 0 0 0 0
"30" 30 0.343023255814 170 93 74 66 46 34 11 6 0 0 0 0 0 0 0 0 0 0 0 0
"31" 31 0.010152284264 475 9 9 5 2 0 0 0 0 0 0 0 0 0 0 0 0 0 0 0
"32" 32 0.00995024875622 367 88 35 3 2 2 1 1 1 0 0 0 0 0 0 0 0 0 0 0
"33" 33 0.608365019011 188 125 110 51 10 6 5 4 1 0 0 0 0 0 0 0 0 0 0 0
"34" 34 0.345991561181 248 102 39 34 24 19 14 11 4 3 1 1 0 0 0 0 0 0 0 0
"35" 35 0.0199004975124 383 54 19 16 14 5 3 2 2 1 1 0 0 0 0 0 0 0 0 0
"36" 36 0.573839662447 462 17 13 5 1 1 1 0 0 0 0 0 0 0 0 0 0 0 0 0
"37" 37 0.0547263681592 466 22 4 2 2 2 1 1 0 0 0 0 0 0 0 0 0 0 0 0
"38" 38 0.394230769231 500 0 0 0 0 0 0 0 0 0 0 0 0 0 0 0 0 0 0 0
"39" 39 0.705357142857 364 73 27 10 8 8 7 1 1 1 0 0 0 0 0 0 0 0 0 0
"40" 40 0.248730964467 442 36 10 4 4 2 2 0 0 0 0 0 0 0 0 0 0 0 0 0
"41" 41 0.396551724138 200 167 88 22 10 4 4 3 2 0 0 0 0 0 0 0 0 0 0 0
"42" 42 0.453488372093 100 96 78 77 58 32 22 15 7 6 3 2 2 2 0 0 0 0 0 0
"43" 43 0.401162790698 164 108 68 66 24 13 13 13 10 9 5 4 3 0 0 0 0 0 0 0
"44" 44 0.502538071066 282 75 47 33 32 13 12 3 1 1 1 0 0 0 0 0 0 0 0 0
"45" 45 0.295597484277 225 63 53 42 25 18 15 12 10 9 9 7 4 3 3 1 1 0 0 0
"46" 46 0.279069767442 192 79 60 48 40 29 15 13 12 5 3 2 2 0 0 0 0 0 0 0
"47" 47 0.680203045685 376 59 48 15 1 1 0 0 0 0 0 0 0 0 0 0 0 0 0 0
"48" 48 0.471153846154 500 0 0 0 0 0 0 0 0 0 0 0 0 0 0 0 0 0 0 0
"49" 49 0.0209205020921 173 148 53 24 16 14 12 10 10 8 8 7 7 6 2 2 0 0 0 0
"50" 50 0.466666666667 83 76 68 67 66 43 31 26 23 9 5 2 1 0 0 0 0 0 0 0
"51" 51 0.0 120 94 74 53 51 29 24 21 10 9 8 2 2 2 1 0 0 0 0 0
"52" 52 0.133928571429 265 128 31 22 13 13 13 9 4 1 1 0 0 0 0 0 0 0 0 0
"53" 53 0.21511627907 188 136 72 42 15 15 13 5 5 4 3 1 1 0 0 0 0 0 0 0
"54" 54 0.0172413793103 466 16 6 4 3 3 2 0 0 0 0 0 0 0 0 0 0 0 0 0
"55" 55 0.540178571429 137 107 84 62 32 26 21 15 11 4 1 0 0 0 0 0 0 0 0 0
"56" 56 0.239543726236 430 25 19 14 5 4 2 1 0 0 0 0 0 0 0 0 0 0 0 0
"57" 57 0.409282700422 500 0 0 0 0 0 0 0 0 0 0 0 0 0 0 0 0 0 0 0
"58" 58 0.0769230769231 317 174 6 2 1 0 0 0 0 0 0 0 0 0 0 0 0 0 0 0
"59" 59 0.0 161 79 60 43 39 39 39 21 6 4 3 2 1 1 1 1 0 0 0 0
"60" 60 0.0198675496689 181 131 59 41 27 23 15 15 3 2 2 1 0 0 0 0 0 0 0 0
"61" 61 0.00418410041841 258 69 67 31 20 12 12 8 7 5 4 3 3 1 0 0 0 0 0 0
"62" 62 0.00581395348837 175 118 106 49 22 12 9 4 3 1 1 0 0 0 0 0 0 0 0 0
"63" 63 0.0 175 87 82 60 39 15 14 13 7 5 3 0 0 0 0 0 0 0 0 0
"64" 64 0.0106382978723 231 92 48 35 32 18 12 10 9 6 5 1 1 0 0 0 0 0 0 0
"65" 65 0.419689119171 188 105 69 44 37 16 14 8 6 5 3 2 1 1 1 0 0 0 0 0
"66" 66 0.051724137931 230 107 70 29 22 16 14 4 4 2 1 1 0 0 0 0 0 0 0 0
"67" 67 0.298076923077 500 0 0 0 0 0 0 0 0 0 0 0 0 0 0 0 0 0 0 0
"68" 68 0.634615384615 452 47 1 0 0 0 0 0 0 0 0 0 0 0 0 0 0 0 0 0
"69" 69 0.165919282511 189 98 45 28 23 22 18 17 17 14 11 9 5 2 2 0 0 0 0 0
"70" 70 0.373056994819 186 175 62 38 11 10 5 4 3 2 2 1 1 0 0 0 0 0 0 0
"71" 71 0.637130801688 204 153 62 46 12 7 7 5 2 1 1 0 0 0 0 0 0 0 0 0
"72" 72 0.558375634518 181 105 89 67 24 15 6 5 4 2 2 0 0 0 0 0 0 0 0 0
"73" 73 0.543795620438 282 41 41 39 31 22 13 9 7 6 3 2 2 1 1 0 0 0 0 0
"74" 74 0.220125786164 174 166 38 34 25 16 14 14 9 3 2 2 1 1 1 0 0 0 0 0
"75" 75 0.26368159204 118 75 57 57 47 32 26 26 19 11 11 11 5 3 1 1 0 0 0 0
"76" 76 0.0780141843972 114 108 96 51 48 34 16 11 8 7 4 1 1 1 0 0 0 0 0 0
"77" 77 0.448905109489 180 123 55 53 32 15 12 9 7 6 5 2 1 0 0 0 0 0 0 0
"78" 78 0.66985645933 179 153 49 27 27 20 16 13 9 4 1 1 1 0 0 0 0 0 0 0
"79" 79 0.167300380228 132 115 62 44 44 38 35 17 10 2 1 0 0 0 0 0 0 0 0 0
"80" 80 0.00836820083682 372 27 27 26 13 7 7 6 5 4 3 2 1 0 0 0 0 0 0 0
"81" 81 0.461883408072 236 186 29 19 15 6 5 4 0 0 0 0 0 0 0 0 0 0 0 0
"82" 82 0.189743589744 143 127 103 94 14 6 5 2 2 2 1 1 0 0 0 0 0 0 0 0
"83" 83 0.0232558139535 472 17 8 2 1 0 0 0 0 0 0 0 0 0 0 0 0 0 0 0
"84" 84 0.313901345291 362 47 45 16 11 6 6 3 2 2 0 0 0 0 0 0 0 0 0 0
"85" 85 0.0 154 143 133 24 19 10 6 5 3 2 1 0 0 0 0 0 0 0 0 0
"86" 86 0.0149253731343 253 157 35 13 9 8 6 4 4 4 4 2 1 0 0 0 0 0 0 0
"87" 87 0.010152284264 371 71 55 1 1 1 0 0 0 0 0 0 0 0 0 0 0 0 0 0
"88" 88 0.00418410041841 278 195 24 2 1 0 0 0 0 0 0 0 0 0 0 0 0 0 0 0
"89" 89 0.0 472 24 2 2 0 0 0 0 0 0 0 0 0 0 0 0 0 0 0 0
"90" 90 0.0402298850575 260 94 91 33 7 7 6 1 1 0 0 0 0 0 0 0 0 0 0 0
"91" 91 0.145077720207 485 9 3 2 1 0 0 0 0 0 0 0 0 0 0 0 0 0 0 0
"92" 92 0.0 390 98 12 0 0 0 0 0 0 0 0 0 0 0 0 0 0 0 0 0
"93" 93 0.230769230769 226 183 32 20 15 13 5 2 2 1 1 0 0 0 0 0 0 0 0 0
"94" 94 0.150259067358 496 4 0 0 0 0 0 0 0 0 0 0 0 0 0 0 0 0 0 0
"95" 95 0.379562043796 211 75 70 54 29 21 19 17 2 2 0 0 0 0 0 0 0 0 0 0
"96" 96 0.638392857143 220 166 49 33 21 9 2 0 0 0 0 0 0 0 0 0 0 0 0 0
"97" 97 0.288321167883 407 70 9 5 4 3 1 1 0 0 0 0 0 0 0 0 0 0 0 0
"98" 98 0.0459770114943 265 162 26 17 9 5 4 3 3 3 2 1 0 0 0 0 0 0 0 0
"99" 99 0.507692307692 149 128 69 45 37 31 20 7 5 4 4 1 0 0 0 0 0 0 0 0
"100" 100 0.272321428571 212 106 75 33 32 28 12 1 1 0 0 0 0 0 0 0 0 0 0 0
"101" 101 0.0232558139535 140 129 105 56 40 10 8 6 4 1 1 0 0 0 0 0 0 0 0 0
"102" 102 0.332116788321 265 113 61 20 17 14 3 3 3 1 0 0 0 0 0 0 0 0 0 0
"103" 103 0.419642857143 167 141 109 61 8 7 4 2 1 0 0 0 0 0 0 0 0 0 0 0
"104" 104 0.03125 352 62 25 23 21 4 3 3 2 2 2 1 0 0 0 0 0 0 0 0
"105" 105 0.0 437 31 15 7 2 2 2 2 1 1 0 0 0 0 0 0 0 0 0 0
"106" 106 0.238532110092 251 106 39 32 30 20 12 6 2 2 0 0 0 0 0 0 0 0 0 0
"107" 107 0.474452554745 146 145 76 74 31 15 3 3 3 2 1 1 0 0 0 0 0 0 0 0
"108" 108 0.0229357798165 222 62 43 42 35 32 30 10 6 6 4 3 2 1 1 1 0 0 0 0
"109" 109 0.0696517412935 428 49 6 5 4 3 2 1 1 1 0 0 0 0 0 0 0 0 0 0
"110" 110 0.581395348837 227 126 87 27 15 8 6 2 1 1 0 0 0 0 0 0 0 0 0 0
"111" 111 0.232142857143 120 101 84 59 33 32 23 18 9 8 6 4 2 1 0 0 0 0 0 0
"112" 112 0.678756476684 415 29 20 19 9 4 2 2 0 0 0 0 0 0 0 0 0 0 0 0
"113" 113 0.428571428571 366 39 24 22 17 7 7 5 4 2 2 2 2 1 0 0 0 0 0 0
"114" 114 0.00497512437811 492 4 3 1 0 0 0 0 0 0 0 0 0 0 0 0 0 0 0 0
"115" 115 0.448905109489 423 28 23 18 4 1 1 1 1 0 0 0 0 0 0 0 0 0 0 0
"116" 116 0.642487046632 230 81 67 57 32 29 2 2 0 0 0 0 0 0 0 0 0 0 0 0
"117" 117 0.0232558139535 476 21 3 0 0 0 0 0 0 0 0 0 0 0 0 0 0 0 0 0
"118" 118 0.0114942528736 311 59 47 42 22 16 2 1 0 0 0 0 0 0 0 0 0 0 0 0
"119" 119 0.00497512437811 427 56 7 5 4 1 0 0 0 0 0 0 0 0 0 0 0 0 0 0
"120" 120 0.0 441 40 11 3 2 2 1 0 0 0 0 0 0 0 0 0 0 0 0 0
"121" 121 0.0 453 22 18 6 1 0 0 0 0 0 0 0 0 0 0 0 0 0 0 0
"122" 122 0.00418410041841 425 56 18 1 0 0 0 0 0 0 0 0 0 0 0 0 0 0 0 0
"123" 123 0.0 295 188 12 3 2 0 0 0 0 0 0 0 0 0 0 0 0 0 0 0
"124" 124 0.025641025641 417 52 27 1 1 1 1 0 0 0 0 0 0 0 0 0 0 0 0 0
"125" 125 0.227848101266 362 102 20 15 1 0 0 0 0 0 0 0 0 0 0 0 0 0 0 0
"126" 126 0.22869955157 436 17 15 12 11 7 2 0 0 0 0 0 0 0 0 0 0 0 0 0
"127" 127 0.538860103627 333 66 48 21 14 7 5 2 2 1 1 0 0 0 0 0 0 0 0 0
"128" 128 0.298507462687 159 110 78 62 60 16 9 4 2 0 0 0 0 0 0 0 0 0 0 0
"129" 129 0.805031446541 351 149 0 0 0 0 0 0 0 0 0 0 0 0 0 0 0 0 0 0
"130" 130 0.476923076923 350 60 48 30 5 3 2 2 0 0 0 0 0 0 0 0 0 0 0 0
"131" 131 0.147286821705 484 14 2 0 0 0 0 0 0 0 0 0 0 0 0 0 0 0 0 0
"132" 132 0.0229357798165 151 128 56 46 40 30 21 11 8 7 1 1 0 0 0 0 0 0 0 0
"133" 133 0.415384615385 276 130 36 19 14 13 5 5 1 1 0 0 0 0 0 0 0 0 0 0
"134" 134 0.22480620155 124 120 92 77 42 19 17 5 3 1 0 0 0 0 0 0 0 0 0 0
"135" 135 0.527131782946 171 149 125 39 7 3 2 1 1 1 1 0 0 0 0 0 0 0 0 0
"136" 136 0.330357142857 146 106 101 43 31 24 15 14 8 5 5 1 1 0 0 0 0 0 0 0
"137" 137 0.0 262 145 26 14 14 13 12 12 2 0 0 0 0 0 0 0 0 0 0 0
"138" 138 0.0813953488372 194 111 93 78 6 6 6 3 2 1 0 0 0 0 0 0 0 0 0 0
"139" 139 0.668393782383 137 120 81 61 58 13 9 6 6 3 3 2 1 0 0 0 0 0 0 0
"140" 140 0.481012658228 136 66 60 48 46 37 31 30 13 9 9 8 5 2 0 0 0 0 0 0
"141" 141 0.0 475 15 6 2 1 1 0 0 0 0 0 0 0 0 0 0 0 0 0 0
"142" 142 0.125 197 117 75 56 19 13 13 6 2 1 1 0 0 0 0 0 0 0 0 0
"143" 143 0.0 465 18 12 3 1 1 0 0 0 0 0 0 0 0 0 0 0 0 0 0
"144" 144 0.626794258373 191 78 57 39 34 31 27 25 11 3 3 1 0 0 0 0 0 0 0 0
"145" 145 0.516556291391 176 98 91 42 28 25 17 12 11 0 0 0 0 0 0 0 0 0 0 0
"146" 146 0.124378109453 419 30 26 20 2 1 1 1 0 0 0 0 0 0 0 0 0 0 0 0
"147" 147 0.678832116788 430 68 2 0 0 0 0 0 0 0 0 0 0 0 0 0 0 0 0 0
"148" 148 0.918660287081 470 30 0 0 0 0 0 0 0 0 0 0 0 0 0 0 0 0 0 0
"149" 149 0.109489051095 181 121 105 47 23 13 5 2 2 1 0 0 0 0 0 0 0 0 0 0
"150" 150 0.348717948718 227 68 45 37 36 25 16 13 11 8 5 5 2 2 0 0 0 0 0 0
"151" 151 0.191489361702 439 56 4 1 0 0 0 0 0 0 0 0 0 0 0 0 0 0 0 0
"152" 152 0.307984790875 475 7 7 4 4 2 1 0 0 0 0 0 0 0 0 0 0 0 0 0
"153" 153 0.147208121827 279 199 17 3 2 0 0 0 0 0 0 0 0 0 0 0 0 0 0 0
"154" 154 0.116591928251 476 10 4 2 2 2 2 1 1 0 0 0 0 0 0 0 0 0 0 0
"155" 155 0.279069767442 194 113 84 50 38 9 7 4 1 0 0 0 0 0 0 0 0 0 0 0
"156" 156 0.0 430 60 8 2 0 0 0 0 0 0 0 0 0 0 0 0 0 0 0 0
"157" 157 0.0443037974684 289 79 28 21 20 16 14 10 7 6 4 3 2 1 0 0 0 0 0 0
"158" 158 0.0232558139535 444 18 17 10 4 3 3 1 0 0 0 0 0 0 0 0 0 0 0 0
"159" 159 0.540697674419 221 88 60 30 29 29 24 14 2 1 1 1 0 0 0 0 0 0 0 0
"160" 160 0.556291390728 167 75 70 54 52 32 21 16 8 5 0 0 0 0 0 0 0 0 0 0
"161" 161 0.221153846154 500 0 0 0 0 0 0 0 0 0 0 0 0 0 0 0 0 0 0 0
"162" 162 0.528497409326 470 18 4 4 2 2 0 0 0 0 0 0 0 0 0 0 0 0 0 0
"163" 163 0.0 500 0 0 0 0 0 0 0 0 0 0 0 0 0 0 0 0 0 0 0
"164" 164 0.00497512437811 489 9 1 1 0 0 0 0 0 0 0 0 0 0 0 0 0 0 0 0
"165" 165 0.319391634981 340 94 44 18 2 2 0 0 0 0 0 0 0 0 0 0 0 0 0 0
"166" 166 0.370535714286 166 75 74 66 58 53 6 2 0 0 0 0 0 0 0 0 0 0 0 0
"167" 167 0.0 468 30 2 0 0 0 0 0 0 0 0 0 0 0 0 0 0 0 0 0
"168" 168 0.0149253731343 379 44 35 13 10 9 3 3 2 1 1 0 0 0 0 0 0 0 0 0
"169" 169 0.331606217617 251 118 58 31 24 15 1 1 1 0 0 0 0 0 0 0 0 0 0 0
"170" 170 0.131205673759 486 4 3 2 2 1 1 1 0 0 0 0 0 0 0 0 0 0 0 0
"171" 171 0.0 318 150 23 6 1 1 1 0 0 0 0 0 0 0 0 0 0 0 0 0
"172" 172 0.0662251655629 449 50 1 0 0 0 0 0 0 0 0 0 0 0 0 0 0 0 0 0
"173" 173 0.353846153846 232 73 49 38 37 23 18 13 10 5 2 0 0 0 0 0 0 0 0 0
"174" 174 0.125560538117 207 143 78 22 20 12 8 5 3 2 0 0 0 0 0 0 0 0 0 0
"175" 175 0.044776119403 378 31 28 19 19 7 4 4 3 3 1 1 1 1 0 0 0 0 0 0
"176" 176 0.204379562044 237 69 46 41 40 19 17 8 7 4 4 3 1 1 1 1 1 0 0 0
"177" 177 0.651282051282 156 81 72 64 51 35 15 9 9 4 4 0 0 0 0 0 0 0 0 0
"178" 178 0.452914798206 338 48 31 30 19 13 9 5 2 2 2 1 0 0 0 0 0 0 0 0
"179" 179 1.03797468354 248 152 25 15 14 13 12 9 8 4 0 0 0 0 0 0 0 0 0 0
