"site" "RSA" "aa1" "aa2" "aa3" "aa4" "aa5" "aa6" "aa7" "aa8" "aa9" "aa10" "aa11" "aa12" "aa13" "aa14" "aa15" "aa16" "aa17" "aa18" "aa19" "aa20"
"0" 0 1.05960264901 475 13 8 2 2 0 0 0 0 0 0 0 0 0 0 0 0 0 0 0
"1" 1 0.732142857143 243 134 48 25 19 12 10 5 3 1 0 0 0 0 0 0 0 0 0 0
"2" 2 0.0722433460076 466 32 2 0 0 0 0 0 0 0 0 0 0 0 0 0 0 0 0 0
"3" 3 0.357512953368 287 114 43 29 15 6 3 2 1 0 0 0 0 0 0 0 0 0 0 0
"4" 4 0.06463878327 213 124 123 10 9 9 8 2 1 1 0 0 0 0 0 0 0 0 0 0
"5" 5 0.273631840796 122 112 65 60 49 46 29 14 2 1 0 0 0 0 0 0 0 0 0 0
"6" 6 0.00418410041841 366 56 41 36 1 0 0 0 0 0 0 0 0 0 0 0 0 0 0 0
"7" 7 0.160337552743 285 73 57 30 27 14 8 3 2 1 0 0 0 0 0 0 0 0 0 0
"8" 8 0.0 259 178 41 18 2 1 1 0 0 0 0 0 0 0 0 0 0 0 0 0
"9" 9 0.0 486 11 3 0 0 0 0 0 0 0 0 0 0 0 0 0 0 0 0 0
"10" 10 0.0 492 6 2 0 0 0 0 0 0 0 0 0 0 0 0 0 0 0 0 0
"11" 11 0.0 133 107 97 79 34 23 18 4 3 2 0 0 0 0 0 0 0 0 0 0
"12" 12 0.0 500 0 0 0 0 0 0 0 0 0 0 0 0 0 0 0 0 0 0 0
"13" 13 0.14358974359 240 151 36 28 28 9 3 3 1 1 0 0 0 0 0 0 0 0 0 0
"14" 14 0.377483443709 143 126 45 40 39 22 21 20 15 15 5 5 2 1 1 0 0 0 0 0
"15" 15 0.538461538462 500 0 0 0 0 0 0 0 0 0 0 0 0 0 0 0 0 0 0 0
"16" 16 0.0114942528736 249 156 58 22 11 4 0 0 0 0 0 0 0 0 0 0 0 0 0 0
"17" 17 0.153846153846 500 0 0 0 0 0 0 0 0 0 0 0 0 0 0 0 0 0 0 0
"18" 18 0.0253164556962 247 108 62 39 33 6 3 1 1 0 0 0 0 0 0 0 0 0 0 0
"19" 19 0.192052980132 238 106 42 38 25 18 8 5 5 4 3 3 3 2 0 0 0 0 0 0
"20" 20 0.0886075949367 299 61 46 30 14 12 10 9 9 9 1 0 0 0 0 0 0 0 0 0
"21" 21 0.0199004975124 349 67 41 40 1 1 1 0 0 0 0 0 0 0 0 0 0 0 0 0
"22" 22 0.0 491 4 2 2 1 0 0 0 0 0 0 0 0 0 0 0 0 0 0 0
"23" 23 0.109452736318 198 122 64 62 16 12 10 9 5 2 0 0 0 0 0 0 0 0 0 0
"24" 24 0.153284671533 433 33 23 4 3 2 1 1 0 0 0 0 0 0 0 0 0 0 0 0
"25" 25 0.0167364016736 494 4 1 1 0 0 0 0 0 0 0 0 0 0 0 0 0 0 0 0
"26" 26 0.185430463576 388 39 28 17 13 4 4 3 2 2 0 0 0 0 0 0 0 0 0 0
"27" 27 0.40414507772 257 74 70 25 23 13 12 12 5 4 4 1 0 0 0 0 0 0 0 0
"28" 28 0.59585492228 334 66 51 20 10 5 4 4 4 1 1 0 0 0 0 0 0 0 0 0
"29" 29 0.377906976744 139 85 85 78 64 30 12 7 0 0 0 0 0 0 0 0 0 0 0 0
"30" 30 0.281368821293 216 174 98 6 3 3 0 0 0 0 0 0 0 0 0 0 0 0 0 0
"31" 31 0.470930232558 184 109 75 63 24 11 9 6 5 5 4 4 1 0 0 0 0 0 0 0
"32" 32 0.589743589744 176 152 90 57 9 6 4 3 3 0 0 0 0 0 0 0 0 0 0 0
"33" 33 0.787564766839 469 30 1 0 0 0 0 0 0 0 0 0 0 0 0 0 0 0 0 0
"34" 34 0.220532319392 128 121 62 49 44 24 24 13 12 7 7 4 3 2 0 0 0 0 0 0
"35" 35 0.802030456853 242 167 36 16 14 12 6 5 1 1 0 0 0 0 0 0 0 0 0 0
"36" 36 0.377483443709 219 95 33 33 32 24 17 17 15 10 3 2 0 0 0 0 0 0 0 0
"37" 37 0.802325581395 401 52 19 10 6 5 2 2 2 1 0 0 0 0 0 0 0 0 0 0
"38" 38 0.675126903553 408 69 8 5 4 2 2 1 1 0 0 0 0 0 0 0 0 0 0 0
"39" 39 0.451923076923 471 13 11 3 2 0 0 0 0 0 0 0 0 0 0 0 0 0 0 0
"40" 40 0.0919540229885 89 80 68 60 52 45 30 26 17 14 10 3 2 2 2 0 0 0 0 0
"41" 41 0.523316062176 193 128 73 26 19 17 15 11 9 9 0 0 0 0 0 0 0 0 0 0
"42" 42 0.292887029289 331 163 6 0 0 0 0 0 0 0 0 0 0 0 0 0 0 0 0 0
"43" 43 0.270042194093 309 41 39 37 31 16 12 6 4 2 2 1 0 0 0 0 0 0 0 0
"44" 44 0.446700507614 189 163 66 65 9 6 1 1 0 0 0 0 0 0 0 0 0 0 0 0
"45" 45 0.227848101266 240 87 66 34 20 14 10 7 7 5 4 4 2 0 0 0 0 0 0 0
"46" 46 0.424418604651 324 48 35 29 21 16 10 7 6 2 1 1 0 0 0 0 0 0 0 0
"47" 47 0.0689655172414 221 118 78 18 16 14 11 10 6 4 3 1 0 0 0 0 0 0 0 0
"48" 48 0.53125 217 140 56 56 31 0 0 0 0 0 0 0 0 0 0 0 0 0 0 0
"49" 49 0.0199004975124 182 160 124 11 10 7 3 3 0 0 0 0 0 0 0 0 0 0 0 0
"50" 50 0.549222797927 289 141 33 11 9 9 6 1 1 0 0 0 0 0 0 0 0 0 0 0
"51" 51 0.692307692308 384 116 0 0 0 0 0 0 0 0 0 0 0 0 0 0 0 0 0 0
"52" 52 0.303797468354 346 68 37 24 16 5 3 1 0 0 0 0 0 0 0 0 0 0 0 0
"53" 53 0.174418604651 219 147 49 33 23 22 3 2 1 1 0 0 0 0 0 0 0 0 0 0
"54" 54 0.0 270 168 54 4 2 1 1 0 0 0 0 0 0 0 0 0 0 0 0 0
"55" 55 0.244725738397 177 177 114 26 6 0 0 0 0 0 0 0 0 0 0 0 0 0 0 0
"56" 56 0.0 462 16 10 7 3 1 1 0 0 0 0 0 0 0 0 0 0 0 0 0
"57" 57 0.22869955157 199 117 80 78 12 5 4 3 2 0 0 0 0 0 0 0 0 0 0 0
"58" 58 0.00507614213198 480 18 2 0 0 0 0 0 0 0 0 0 0 0 0 0 0 0 0 0
"59" 59 0.195035460993 296 112 89 3 0 0 0 0 0 0 0 0 0 0 0 0 0 0 0 0
"60" 60 0.0259067357513 200 181 64 55 0 0 0 0 0 0 0 0 0 0 0 0 0 0 0 0
"61" 61 0.0116279069767 469 18 11 2 0 0 0 0 0 0 0 0 0 0 0 0 0 0 0 0
"62" 62 0.519379844961 354 81 50 9 6 0 0 0 0 0 0 0 0 0 0 0 0 0 0 0
"63" 63 0.403846153846 496 1 1 1 1 0 0 0 0 0 0 0 0 0 0 0 0 0 0 0
"64" 64 0.255605381166 129 123 115 113 8 4 3 2 1 1 1 0 0 0 0 0 0 0 0 0
"65" 65 0.0625 359 71 42 15 6 4 3 0 0 0 0 0 0 0 0 0 0 0 0 0
"66" 66 0.642335766423 189 141 67 56 21 19 3 2 2 0 0 0 0 0 0 0 0 0 0 0
"67" 67 0.602510460251 417 68 11 4 0 0 0 0 0 0 0 0 0 0 0 0 0 0 0 0
"68" 68 0.481751824818 147 135 81 39 33 24 14 13 10 3 1 0 0 0 0 0 0 0 0 0
"69" 69 0.5 257 124 71 24 12 12 0 0 0 0 0 0 0 0 0 0 0 0 0 0
"70" 70 0.106598984772 345 81 67 3 2 2 0 0 0 0 0 0 0 0 0 0 0 0 0 0
"71" 71 0.377906976744 96 87 69 61 57 52 26 23 10 6 6 4 3 0 0 0 0 0 0 0
"72" 72 0.324503311258 159 133 88 45 42 15 14 2 1 1 0 0 0 0 0 0 0 0 0 0
"73" 73 0.456953642384 201 117 63 34 28 16 14 11 10 6 0 0 0 0 0 0 0 0 0 0
"74" 74 0.06463878327 253 247 0 0 0 0 0 0 0 0 0 0 0 0 0 0 0 0 0 0
"75" 75 0.0114068441065 334 121 45 0 0 0 0 0 0 0 0 0 0 0 0 0 0 0 0 0
"76" 76 0.613138686131 230 63 60 30 25 25 21 17 10 9 6 4 0 0 0 0 0 0 0 0
"77" 77 0.528846153846 490 10 0 0 0 0 0 0 0 0 0 0 0 0 0 0 0 0 0 0
"78" 78 0.0331125827815 452 45 2 1 0 0 0 0 0 0 0 0 0 0 0 0 0 0 0 0
"79" 79 0.239234449761 295 184 16 3 1 1 0 0 0 0 0 0 0 0 0 0 0 0 0 0
"80" 80 0.0 313 72 60 55 0 0 0 0 0 0 0 0 0 0 0 0 0 0 0 0
"81" 81 0.0 445 31 15 4 3 2 0 0 0 0 0 0 0 0 0 0 0 0 0 0
"82" 82 0.0152284263959 476 9 8 5 1 1 0 0 0 0 0 0 0 0 0 0 0 0 0 0
"83" 83 0.0 169 168 60 52 36 8 7 0 0 0 0 0 0 0 0 0 0 0 0 0
"84" 84 0.00574712643678 335 161 2 1 1 0 0 0 0 0 0 0 0 0 0 0 0 0 0 0
"85" 85 0.0 203 197 89 6 3 1 1 0 0 0 0 0 0 0 0 0 0 0 0 0
"86" 86 0.0621761658031 344 142 13 1 0 0 0 0 0 0 0 0 0 0 0 0 0 0 0 0
"87" 87 0.00574712643678 402 63 10 9 5 4 4 2 1 0 0 0 0 0 0 0 0 0 0 0
"88" 88 0.209302325581 472 19 7 1 1 0 0 0 0 0 0 0 0 0 0 0 0 0 0 0
"89" 89 0.378238341969 469 22 4 2 1 1 1 0 0 0 0 0 0 0 0 0 0 0 0 0
"90" 90 0.381165919283 171 148 118 23 18 5 5 4 2 2 2 1 1 0 0 0 0 0 0 0
"91" 91 0.477678571429 190 122 79 64 34 9 1 1 0 0 0 0 0 0 0 0 0 0 0 0
"92" 92 0.0132450331126 461 18 9 8 2 1 1 0 0 0 0 0 0 0 0 0 0 0 0 0
"93" 93 0.0627615062762 436 47 11 3 2 1 0 0 0 0 0 0 0 0 0 0 0 0 0 0
"94" 94 0.394871794872 225 76 55 51 46 13 12 9 6 5 2 0 0 0 0 0 0 0 0 0
"95" 95 0.00961538461538 160 116 90 54 33 26 7 5 5 2 1 1 0 0 0 0 0 0 0 0
"96" 96 0.0 175 89 76 75 25 24 18 17 1 0 0 0 0 0 0 0 0 0 0 0
"97" 97 0.565400843882 298 64 47 26 21 17 14 10 2 1 0 0 0 0 0 0 0 0 0 0
"98" 98 0.155963302752 147 79 74 70 37 32 24 22 5 5 2 1 1 1 0 0 0 0 0 0
"99" 99 0.0141843971631 213 213 61 3 3 2 2 2 1 0 0 0 0 0 0 0 0 0 0 0
"100" 100 0.0796019900498 171 102 62 60 41 27 15 14 5 2 1 0 0 0 0 0 0 0 0 0
"101" 101 0.506726457399 325 72 38 18 15 11 11 7 3 0 0 0 0 0 0 0 0 0 0 0
"102" 102 0.200892857143 129 85 84 52 38 32 23 19 10 10 6 6 4 2 0 0 0 0 0 0
"103" 103 0.0203045685279 231 94 84 63 11 9 3 3 2 0 0 0 0 0 0 0 0 0 0 0
"104" 104 0.709844559585 163 60 57 52 41 39 33 24 15 9 6 1 0 0 0 0 0 0 0 0
"105" 105 0.653284671533 287 73 70 35 16 12 3 2 2 0 0 0 0 0 0 0 0 0 0 0
"106" 106 0.285171102662 250 176 47 13 5 4 4 1 0 0 0 0 0 0 0 0 0 0 0 0
"107" 107 0.116279069767 377 99 13 4 3 2 2 0 0 0 0 0 0 0 0 0 0 0 0 0
"108" 108 0.459302325581 164 117 104 48 26 24 6 5 3 2 1 0 0 0 0 0 0 0 0 0
"109" 109 0.788079470199 332 75 32 16 13 13 8 5 3 3 0 0 0 0 0 0 0 0 0 0
"110" 110 0.523255813953 129 119 80 59 30 20 16 12 12 11 6 4 2 0 0 0 0 0 0 0
"111" 111 0.109195402299 164 160 100 38 29 4 3 2 0 0 0 0 0 0 0 0 0 0 0 0
"112" 112 0.129353233831 156 136 120 39 11 9 8 8 7 2 2 1 1 0 0 0 0 0 0 0
"113" 113 0.198312236287 179 117 90 49 19 9 8 7 5 5 4 3 3 1 1 0 0 0 0 0
"114" 114 0.0 489 10 1 0 0 0 0 0 0 0 0 0 0 0 0 0 0 0 0 0
"115" 115 0.0 241 73 68 36 27 16 11 8 8 6 3 1 1 1 0 0 0 0 0 0
"116" 116 0.00574712643678 238 231 13 5 5 3 2 2 1 0 0 0 0 0 0 0 0 0 0 0
"117" 117 0.0 327 89 78 3 1 1 1 0 0 0 0 0 0 0 0 0 0 0 0 0
"118" 118 0.025641025641 266 120 106 8 0 0 0 0 0 0 0 0 0 0 0 0 0 0 0 0
"119" 119 0.244725738397 253 159 33 17 17 13 8 0 0 0 0 0 0 0 0 0 0 0 0 0
"120" 120 0.0759493670886 493 4 2 1 0 0 0 0 0 0 0 0 0 0 0 0 0 0 0 0
"121" 121 0.20725388601 296 168 16 7 4 3 3 2 1 0 0 0 0 0 0 0 0 0 0 0
"122" 122 0.363184079602 299 75 55 21 15 8 7 6 6 4 2 2 0 0 0 0 0 0 0 0
"123" 123 0.632911392405 293 114 45 15 13 9 7 4 0 0 0 0 0 0 0 0 0 0 0 0
"124" 124 0.875647668394 333 124 24 10 8 1 0 0 0 0 0 0 0 0 0 0 0 0 0 0
"125" 125 0.637130801688 328 128 23 13 5 2 1 0 0 0 0 0 0 0 0 0 0 0 0 0
"126" 126 0.255474452555 354 70 41 16 9 8 1 1 0 0 0 0 0 0 0 0 0 0 0 0
"127" 127 0.431034482759 344 104 34 13 3 1 1 0 0 0 0 0 0 0 0 0 0 0 0 0
"128" 128 0.0172413793103 474 15 8 2 1 0 0 0 0 0 0 0 0 0 0 0 0 0 0 0
"129" 129 0.526785714286 350 95 39 6 4 3 2 1 0 0 0 0 0 0 0 0 0 0 0 0
"130" 130 0.372623574144 105 93 85 67 39 31 24 19 16 13 6 2 0 0 0 0 0 0 0 0
"131" 131 0.549222797927 395 34 30 25 7 7 2 0 0 0 0 0 0 0 0 0 0 0 0 0
"132" 132 0.48275862069 228 183 44 26 5 5 4 4 1 0 0 0 0 0 0 0 0 0 0 0
"133" 133 0.0 473 13 6 5 2 1 0 0 0 0 0 0 0 0 0 0 0 0 0 0
"134" 134 0.303797468354 149 136 95 68 21 14 12 3 1 1 0 0 0 0 0 0 0 0 0 0
"135" 135 0.584821428571 311 86 29 27 14 10 8 7 6 1 1 0 0 0 0 0 0 0 0 0
"136" 136 0.213389121339 336 97 30 14 11 4 3 2 2 1 0 0 0 0 0 0 0 0 0 0
"137" 137 0.0 487 13 0 0 0 0 0 0 0 0 0 0 0 0 0 0 0 0 0 0
"138" 138 0.492227979275 120 104 93 73 60 25 13 6 3 1 1 1 0 0 0 0 0 0 0 0
"139" 139 0.635658914729 154 131 101 56 21 10 9 6 5 4 3 0 0 0 0 0 0 0 0 0
"140" 140 0.246153846154 95 71 66 62 61 52 27 15 14 14 9 7 4 3 0 0 0 0 0 0
"141" 141 0.789029535865 480 20 0 0 0 0 0 0 0 0 0 0 0 0 0 0 0 0 0 0
"142" 142 0.0321100917431 218 160 63 42 8 4 2 2 1 0 0 0 0 0 0 0 0 0 0 0
"143" 143 0.327044025157 449 39 3 3 2 1 1 1 1 0 0 0 0 0 0 0 0 0 0 0
"144" 144 0.0627615062762 269 137 48 45 1 0 0 0 0 0 0 0 0 0 0 0 0 0 0 0
"145" 145 0.174129353234 360 97 25 8 5 3 1 1 0 0 0 0 0 0 0 0 0 0 0 0
"146" 146 0.116071428571 132 119 77 75 43 25 14 11 2 1 1 0 0 0 0 0 0 0 0 0
"147" 147 0.0 491 8 1 0 0 0 0 0 0 0 0 0 0 0 0 0 0 0 0 0
"148" 148 0.0 500 0 0 0 0 0 0 0 0 0 0 0 0 0 0 0 0 0 0 0
"149" 149 0.015503875969 324 125 51 0 0 0 0 0 0 0 0 0 0 0 0 0 0 0 0 0
"150" 150 0.333333333333 287 109 53 35 6 4 3 2 1 0 0 0 0 0 0 0 0 0 0 0
"151" 151 0.347150259067 375 61 28 12 6 6 4 3 2 2 1 0 0 0 0 0 0 0 0 0
"152" 152 0.41059602649 496 4 0 0 0 0 0 0 0 0 0 0 0 0 0 0 0 0 0 0
"153" 153 0.308139534884 213 107 71 48 37 9 7 4 2 2 0 0 0 0 0 0 0 0 0 0
"154" 154 0.307692307692 498 1 1 0 0 0 0 0 0 0 0 0 0 0 0 0 0 0 0 0
"155" 155 0.0172413793103 500 0 0 0 0 0 0 0 0 0 0 0 0 0 0 0 0 0 0 0
"156" 156 0.397321428571 272 160 33 16 10 5 3 1 0 0 0 0 0 0 0 0 0 0 0 0
"157" 157 0.430051813472 290 72 52 49 13 10 9 2 1 1 1 0 0 0 0 0 0 0 0 0
"158" 158 0.031007751938 334 146 13 6 1 0 0 0 0 0 0 0 0 0 0 0 0 0 0 0
"159" 159 0.0125523012552 457 40 3 0 0 0 0 0 0 0 0 0 0 0 0 0 0 0 0 0
"160" 160 0.26368159204 196 82 66 62 56 14 10 6 4 4 0 0 0 0 0 0 0 0 0 0
"161" 161 0.261627906977 338 79 47 10 6 6 5 4 2 2 1 0 0 0 0 0 0 0 0 0
"162" 162 0.0 368 45 38 31 9 7 1 1 0 0 0 0 0 0 0 0 0 0 0 0
"163" 163 0.0 440 33 14 7 3 2 1 0 0 0 0 0 0 0 0 0 0 0 0 0
"164" 164 0.317518248175 344 65 60 10 8 5 5 2 1 0 0 0 0 0 0 0 0 0 0 0
"165" 165 0.134529147982 272 95 64 38 17 3 3 2 2 2 1 1 0 0 0 0 0 0 0 0
"166" 166 0.0 285 55 44 39 38 31 8 0 0 0 0 0 0 0 0 0 0 0 0 0
"167" 167 0.177215189873 152 132 111 53 13 9 8 7 5 5 3 2 0 0 0 0 0 0 0 0
"168" 168 0.651785714286 178 126 77 44 43 14 4 4 4 3 2 1 0 0 0 0 0 0 0 0
"169" 169 0.490066225166 233 169 29 23 15 11 7 6 5 2 0 0 0 0 0 0 0 0 0 0
"170" 170 0.160550458716 123 115 105 43 37 32 23 9 4 3 3 3 0 0 0 0 0 0 0 0
"171" 171 0.417218543046 162 104 92 37 23 17 17 15 13 11 9 0 0 0 0 0 0 0 0 0
"172" 172 0.547085201794 201 143 77 27 24 10 9 9 0 0 0 0 0 0 0 0 0 0 0 0
"173" 173 0.690582959641 295 62 53 50 18 12 7 1 1 1 0 0 0 0 0 0 0 0 0 0
"174" 174 0.323076923077 177 74 66 55 30 30 27 17 9 5 4 3 2 1 0 0 0 0 0 0
"175" 175 0.0845771144279 360 49 47 18 10 7 6 3 0 0 0 0 0 0 0 0 0 0 0 0
"176" 176 0.364102564103 156 128 99 58 31 12 10 4 1 1 0 0 0 0 0 0 0 0 0 0
"177" 177 0.441964285714 213 170 33 27 18 17 8 7 4 3 0 0 0 0 0 0 0 0 0 0
"178" 178 0.0523255813953 166 137 59 57 20 18 15 13 11 1 1 1 1 0 0 0 0 0 0 0
"179" 179 0.0523255813953 258 198 21 7 6 3 2 2 1 1 1 0 0 0 0 0 0 0 0 0
"180" 180 0.27802690583 409 63 11 7 5 4 1 0 0 0 0 0 0 0 0 0 0 0 0 0
"181" 181 0.654008438819 293 85 44 41 19 10 6 1 1 0 0 0 0 0 0 0 0 0 0 0
"182" 182 0.443037974684 208 184 58 25 14 7 2 1 1 0 0 0 0 0 0 0 0 0 0 0
"183" 183 0.504464285714 349 121 19 7 2 1 1 0 0 0 0 0 0 0 0 0 0 0 0 0
"184" 184 0.694300518135 483 9 5 2 1 0 0 0 0 0 0 0 0 0 0 0 0 0 0 0
"185" 185 0.459915611814 229 99 48 48 22 15 14 8 8 5 3 1 0 0 0 0 0 0 0 0
"186" 186 0.586538461538 500 0 0 0 0 0 0 0 0 0 0 0 0 0 0 0 0 0 0 0
"187" 187 0.692307692308 325 73 35 28 15 8 7 3 2 1 1 1 1 0 0 0 0 0 0 0
"188" 188 0.701149425287 178 102 99 47 27 17 14 13 2 1 0 0 0 0 0 0 0 0 0 0
"189" 189 0.579487179487 361 63 29 15 12 9 6 2 2 1 0 0 0 0 0 0 0 0 0 0
"190" 190 0.786069651741 137 109 95 43 27 27 27 18 12 4 1 0 0 0 0 0 0 0 0 0
"191" 191 0.835443037975 406 25 21 19 11 10 4 3 1 0 0 0 0 0 0 0 0 0 0 0
"192" 192 0.423076923077 251 97 55 41 24 15 9 4 2 1 1 0 0 0 0 0 0 0 0 0
"193" 193 1.05381165919 471 20 4 4 1 0 0 0 0 0 0 0 0 0 0 0 0 0 0 0
