"site" "RSA" "aa1" "aa2" "aa3" "aa4" "aa5" "aa6" "aa7" "aa8" "aa9" "aa10" "aa11" "aa12" "aa13" "aa14" "aa15" "aa16" "aa17" "aa18" "aa19" "aa20"
"0" 0 0.802325581395 200 62 60 52 43 36 22 20 5 0 0 0 0 0 0 0 0 0 0 0
"1" 1 0.482587064677 271 42 34 33 31 23 20 13 8 7 7 6 3 1 1 0 0 0 0 0
"2" 2 0.233830845771 180 144 63 26 26 20 13 10 7 5 2 2 1 1 0 0 0 0 0 0
"3" 3 0.456953642384 182 106 55 35 34 31 28 13 7 3 3 2 1 0 0 0 0 0 0 0
"4" 4 0.483443708609 196 116 51 47 17 14 13 12 10 9 5 5 4 1 0 0 0 0 0 0
"5" 5 0.100418410042 293 163 27 11 3 1 1 1 0 0 0 0 0 0 0 0 0 0 0 0
"6" 6 0.134615384615 500 0 0 0 0 0 0 0 0 0 0 0 0 0 0 0 0 0 0 0
"7" 7 0.383720930233 341 74 42 28 6 5 2 2 0 0 0 0 0 0 0 0 0 0 0 0
"8" 8 0.339622641509 204 75 70 41 40 33 18 7 3 3 2 1 1 1 1 0 0 0 0 0
"9" 9 0.326359832636 136 94 72 55 40 19 14 13 11 11 8 7 6 4 4 4 2 0 0 0
"10" 10 0.446428571429 342 80 32 15 15 12 4 0 0 0 0 0 0 0 0 0 0 0 0 0
"11" 11 0.0729927007299 411 30 23 22 7 2 2 1 1 1 0 0 0 0 0 0 0 0 0 0
"12" 12 0.0 276 80 40 21 19 18 10 9 9 5 5 5 2 1 0 0 0 0 0 0
"13" 13 0.397321428571 173 93 75 55 51 12 11 10 9 9 1 1 0 0 0 0 0 0 0 0
"14" 14 0.389743589744 247 61 53 52 34 15 11 11 5 4 3 1 1 1 1 0 0 0 0 0
"15" 15 0.0 401 88 4 4 1 1 1 0 0 0 0 0 0 0 0 0 0 0 0 0
"16" 16 0.0149253731343 371 29 27 20 11 10 7 7 6 3 3 3 1 1 1 0 0 0 0 0
"17" 17 0.209302325581 200 92 85 56 26 18 11 4 2 2 1 1 1 1 0 0 0 0 0 0
"18" 18 0.0 433 28 15 9 5 3 3 2 2 0 0 0 0 0 0 0 0 0 0 0
"19" 19 0.0 441 12 11 7 6 5 5 3 2 2 2 2 2 0 0 0 0 0 0 0
"20" 20 0.478102189781 247 154 40 21 15 9 5 3 2 1 1 1 1 0 0 0 0 0 0 0
"21" 21 0.540178571429 141 78 63 60 55 43 26 23 3 3 2 2 1 0 0 0 0 0 0 0
"22" 22 0.173076923077 500 0 0 0 0 0 0 0 0 0 0 0 0 0 0 0 0 0 0 0
"23" 23 0.295620437956 211 177 33 27 21 19 5 3 2 1 1 0 0 0 0 0 0 0 0 0
"24" 24 0.0192307692308 326 85 50 9 8 6 5 5 3 1 1 1 0 0 0 0 0 0 0 0
"25" 25 0.0 362 64 59 12 2 1 0 0 0 0 0 0 0 0 0 0 0 0 0 0
"26" 26 0.0 121 66 61 60 56 51 50 15 14 2 2 1 1 0 0 0 0 0 0 0
"27" 27 0.00574712643678 306 104 36 17 14 10 5 3 1 1 1 1 1 0 0 0 0 0 0 0
"28" 28 0.0497512437811 239 156 30 16 12 8 6 5 5 5 4 4 3 2 2 2 1 0 0 0
"29" 29 0.512953367876 195 110 101 32 16 9 8 7 7 6 5 3 1 0 0 0 0 0 0 0
"30" 30 0.487179487179 197 58 47 43 36 33 24 19 13 9 7 4 4 3 2 1 0 0 0 0
"31" 31 0.294642857143 118 90 61 51 43 38 35 16 12 10 8 8 5 3 2 0 0 0 0 0
"32" 32 0.00961538461538 192 130 84 78 6 4 2 2 1 1 0 0 0 0 0 0 0 0 0 0
"33" 33 0.0155440414508 148 114 82 35 35 25 14 13 9 8 6 6 3 1 1 0 0 0 0 0
"34" 34 0.0 76 65 60 50 49 49 43 24 21 17 12 9 8 8 5 3 1 0 0 0
"35" 35 0.0 230 86 78 67 18 16 4 1 0 0 0 0 0 0 0 0 0 0 0 0
"36" 36 0.0167364016736 179 94 91 42 37 35 15 2 2 1 1 1 0 0 0 0 0 0 0 0
"37" 37 0.0 325 55 48 38 12 12 6 3 1 0 0 0 0 0 0 0 0 0 0 0
"38" 38 0.0 344 117 32 4 2 1 0 0 0 0 0 0 0 0 0 0 0 0 0 0
"39" 39 0.357142857143 118 109 76 66 62 18 15 10 7 6 5 3 3 2 0 0 0 0 0 0
"40" 40 0.261627906977 199 73 61 57 53 42 4 4 3 3 1 0 0 0 0 0 0 0 0 0
"41" 41 0.0 171 130 105 28 21 15 11 8 4 3 2 1 1 0 0 0 0 0 0 0
"42" 42 0.273255813953 371 97 18 6 4 3 1 0 0 0 0 0 0 0 0 0 0 0 0 0
"43" 43 0.281609195402 149 96 87 41 41 32 26 8 8 5 3 2 1 1 0 0 0 0 0 0
"44" 44 0.638392857143 171 103 81 55 37 12 12 11 9 7 1 1 0 0 0 0 0 0 0 0
"45" 45 0.161434977578 111 91 90 43 42 30 25 25 16 13 8 2 2 1 1 0 0 0 0 0
"46" 46 0.0045871559633 218 74 73 32 25 21 14 12 10 9 5 4 2 1 0 0 0 0 0 0
"47" 47 0.271317829457 149 79 69 65 56 35 20 8 8 4 2 2 1 1 1 0 0 0 0 0
"48" 48 0.0696517412935 121 111 69 59 51 30 18 18 10 4 3 3 2 1 0 0 0 0 0 0
"49" 49 0.00581395348837 191 82 57 31 27 23 19 15 14 12 10 7 5 3 2 2 0 0 0 0
"50" 50 0.263959390863 229 58 43 29 26 25 24 12 12 11 11 7 6 5 1 1 0 0 0 0
"51" 51 0.532846715328 157 66 59 59 59 50 22 7 5 4 3 2 2 2 1 1 1 0 0 0
"52" 52 0.22966507177 221 62 60 57 34 18 15 10 9 6 4 3 1 0 0 0 0 0 0 0
"53" 53 0.0769230769231 500 0 0 0 0 0 0 0 0 0 0 0 0 0 0 0 0 0 0 0
"54" 54 0.278145695364 352 53 36 25 21 11 1 1 0 0 0 0 0 0 0 0 0 0 0 0
"55" 55 0.163461538462 500 0 0 0 0 0 0 0 0 0 0 0 0 0 0 0 0 0 0 0
"56" 56 0.401015228426 263 72 28 25 22 20 18 13 12 11 8 3 2 2 1 0 0 0 0 0
"57" 57 0.0229885057471 305 67 38 35 20 14 10 5 2 2 1 1 0 0 0 0 0 0 0 0
"58" 58 0.0253164556962 160 49 47 40 38 38 36 33 31 10 4 4 4 3 2 1 0 0 0 0
"59" 59 0.00995024875622 286 96 63 15 12 11 9 5 1 1 1 0 0 0 0 0 0 0 0 0
"60" 60 0.0 205 192 36 25 16 12 9 3 2 0 0 0 0 0 0 0 0 0 0 0
"61" 61 0.010152284264 333 54 31 29 28 8 7 5 3 1 1 0 0 0 0 0 0 0 0 0
"62" 62 0.186046511628 347 117 15 5 4 3 2 2 2 1 1 1 0 0 0 0 0 0 0 0
"63" 63 0.303571428571 190 97 57 48 42 20 13 11 10 4 3 2 1 1 1 0 0 0 0 0
"64" 64 0.59067357513 202 160 42 23 23 18 8 7 7 5 3 1 1 0 0 0 0 0 0 0
"65" 65 0.14598540146 131 111 44 39 34 30 22 22 13 10 10 9 9 7 7 1 1 0 0 0
"66" 66 0.149635036496 348 105 19 8 7 4 3 3 2 1 0 0 0 0 0 0 0 0 0 0
"67" 67 0.476793248945 149 143 71 54 34 17 16 8 6 1 1 0 0 0 0 0 0 0 0 0
"68" 68 0.349775784753 176 88 50 46 31 24 20 18 13 11 9 6 4 2 1 1 0 0 0 0
"69" 69 0.00497512437811 406 29 17 10 7 7 5 4 3 3 3 2 2 1 1 0 0 0 0 0
"70" 70 0.569948186528 358 62 22 15 15 8 7 7 5 1 0 0 0 0 0 0 0 0 0 0
"71" 71 0.00497512437811 247 184 28 16 11 4 3 3 1 1 1 1 0 0 0 0 0 0 0 0
"72" 72 0.421383647799 312 99 49 21 9 5 3 2 0 0 0 0 0 0 0 0 0 0 0 0
"73" 73 0.229357798165 296 81 43 21 17 10 9 9 6 5 2 1 0 0 0 0 0 0 0 0
"74" 74 0.435779816514 226 84 79 31 27 12 12 9 7 6 2 2 1 1 1 0 0 0 0 0
"75" 75 0.655172413793 194 97 79 72 14 11 8 7 6 4 4 3 1 0 0 0 0 0 0 0
"76" 76 1.10714285714 391 97 11 1 0 0 0 0 0 0 0 0 0 0 0 0 0 0 0 0
"77" 77 0.471153846154 309 120 22 14 11 6 5 4 3 3 2 1 0 0 0 0 0 0 0 0
"78" 78 0.397489539749 159 112 82 47 26 21 17 9 5 5 4 4 4 2 2 1 0 0 0 0
"79" 79 0.0 311 79 61 26 15 3 2 1 1 1 0 0 0 0 0 0 0 0 0 0
"80" 80 0.224137931034 255 53 46 33 27 25 21 15 9 4 4 3 3 2 0 0 0 0 0 0
"81" 81 0.093023255814 223 141 84 19 11 6 5 5 3 2 1 0 0 0 0 0 0 0 0 0
"82" 82 0.0 288 47 43 33 32 30 10 6 5 2 1 1 1 1 0 0 0 0 0 0
"83" 83 0.09375 164 116 54 54 44 22 16 12 9 6 2 1 0 0 0 0 0 0 0 0
"84" 84 0.0232558139535 291 155 35 9 6 1 1 1 1 0 0 0 0 0 0 0 0 0 0 0
"85" 85 0.217054263566 243 103 72 37 9 9 5 5 4 4 3 3 1 1 1 0 0 0 0 0
"86" 86 0.732142857143 155 115 82 53 34 23 16 9 4 3 2 2 1 1 0 0 0 0 0 0
"87" 87 0.625 498 2 0 0 0 0 0 0 0 0 0 0 0 0 0 0 0 0 0 0
"88" 88 0.201149425287 210 150 53 26 18 10 9 7 6 3 3 2 2 1 0 0 0 0 0 0
"89" 89 0.691860465116 359 33 24 24 15 12 7 6 6 4 4 3 2 1 0 0 0 0 0 0
"90" 90 0.552325581395 134 108 99 46 37 30 19 9 6 5 3 3 1 0 0 0 0 0 0 0
"91" 91 0.0 498 1 1 0 0 0 0 0 0 0 0 0 0 0 0 0 0 0 0 0
"92" 92 0.316091954023 197 67 60 60 39 35 13 12 7 6 2 1 1 0 0 0 0 0 0 0
"93" 93 0.370860927152 262 145 32 24 14 8 5 4 2 2 1 1 0 0 0 0 0 0 0 0
"94" 94 0.147286821705 351 52 49 15 6 6 5 4 4 3 2 1 1 1 0 0 0 0 0 0
"95" 95 0.325581395349 207 160 42 41 15 13 7 7 2 2 1 1 1 1 0 0 0 0 0 0
"96" 96 0.0725388601036 333 100 26 17 7 5 5 4 2 1 0 0 0 0 0 0 0 0 0 0
"97" 97 0.0875912408759 179 74 66 66 37 29 22 16 3 2 1 1 1 1 1 1 0 0 0 0
"98" 98 0.00507614213198 115 89 87 46 39 38 27 17 13 11 9 3 2 2 1 1 0 0 0 0
"99" 99 0.255813953488 100 94 73 39 36 34 29 28 19 11 9 8 7 5 4 2 2 0 0 0
"100" 100 0.0 438 53 5 4 0 0 0 0 0 0 0 0 0 0 0 0 0 0 0 0
"101" 101 0.0114942528736 211 67 62 59 31 25 9 8 6 5 5 4 3 2 1 1 1 0 0 0
"102" 102 0.408759124088 98 97 71 44 38 36 26 23 23 12 10 7 7 5 1 1 1 0 0 0
"103" 103 0.201550387597 128 104 61 53 40 20 20 18 18 16 5 4 3 3 3 3 1 0 0 0
"104" 104 0.0077519379845 313 110 37 7 7 6 5 4 3 3 2 2 1 0 0 0 0 0 0 0
"105" 105 0.0507614213198 150 141 113 40 35 6 6 3 3 1 1 1 0 0 0 0 0 0 0 0
"106" 106 0.279069767442 119 107 98 63 46 39 9 5 4 3 3 2 1 1 0 0 0 0 0 0
"107" 107 0.715025906736 337 113 15 13 8 6 3 2 1 1 1 0 0 0 0 0 0 0 0 0
"108" 108 0.567307692308 493 7 0 0 0 0 0 0 0 0 0 0 0 0 0 0 0 0 0 0
"109" 109 0.031007751938 339 133 11 10 5 2 0 0 0 0 0 0 0 0 0 0 0 0 0 0
"110" 110 0.544303797468 210 107 43 35 35 33 16 13 4 3 1 0 0 0 0 0 0 0 0 0
"111" 111 0.314465408805 188 90 64 46 43 18 17 6 6 5 5 4 3 2 2 1 0 0 0 0
"112" 112 0.602649006623 395 33 31 26 8 3 3 1 0 0 0 0 0 0 0 0 0 0 0 0
"113" 113 0.326424870466 336 73 32 15 13 8 7 6 4 3 1 1 1 0 0 0 0 0 0 0
"114" 114 0.0149253731343 446 27 11 6 3 3 2 1 1 0 0 0 0 0 0 0 0 0 0 0
"115" 115 0.466666666667 171 92 36 32 32 28 28 22 16 15 7 7 6 4 3 1 0 0 0 0
"116" 116 0.306569343066 272 57 41 36 32 23 17 6 4 4 3 3 1 1 0 0 0 0 0 0
"117" 117 0.685534591195 443 15 15 15 6 3 1 1 1 0 0 0 0 0 0 0 0 0 0 0
"118" 118 0.115384615385 500 0 0 0 0 0 0 0 0 0 0 0 0 0 0 0 0 0 0 0
"119" 119 0.354066985646 255 116 31 22 22 15 14 11 4 3 3 3 1 0 0 0 0 0 0 0
"120" 120 0.0172413793103 265 145 43 17 10 8 8 2 2 0 0 0 0 0 0 0 0 0 0 0
"121" 121 0.192468619247 184 113 48 35 31 24 21 16 9 6 5 4 3 1 0 0 0 0 0 0
"122" 122 0.0062893081761 182 124 90 25 23 21 10 8 7 5 2 1 1 1 0 0 0 0 0 0
"123" 123 0.0597014925373 222 81 38 32 29 29 19 16 13 7 6 4 2 2 0 0 0 0 0 0
"124" 124 0.167883211679 190 114 86 29 24 18 12 11 10 4 1 1 0 0 0 0 0 0 0 0
"125" 125 0.0697674418605 441 38 18 1 1 1 0 0 0 0 0 0 0 0 0 0 0 0 0 0
"126" 126 0.385650224215 166 107 67 43 35 17 15 14 8 6 6 5 5 3 1 1 1 0 0 0
"127" 127 0.666666666667 152 124 47 30 26 25 25 20 14 10 8 7 6 4 2 0 0 0 0 0
"128" 128 0.413461538462 500 0 0 0 0 0 0 0 0 0 0 0 0 0 0 0 0 0 0 0
"129" 129 0.0480769230769 500 0 0 0 0 0 0 0 0 0 0 0 0 0 0 0 0 0 0 0
"130" 130 0.0344827586207 156 129 79 49 24 20 16 7 7 5 5 2 1 0 0 0 0 0 0 0
"131" 131 0.412935323383 304 36 31 29 24 16 14 12 10 10 5 2 2 1 1 1 1 1 0 0
"132" 132 0.46511627907 151 123 45 44 37 29 22 20 17 4 3 2 1 1 1 0 0 0 0 0
"133" 133 0.412408759124 304 82 23 18 17 17 12 10 6 4 3 2 1 1 0 0 0 0 0 0
"134" 134 0.394230769231 95 95 61 53 51 49 29 27 13 12 4 3 3 2 1 1 1 0 0 0
"135" 135 0.105769230769 346 80 35 27 4 3 3 1 1 0 0 0 0 0 0 0 0 0 0 0
"136" 136 0.0956937799043 179 147 68 23 22 16 9 9 8 7 4 4 2 1 1 0 0 0 0 0
"137" 137 0.0755813953488 232 183 41 24 12 6 2 0 0 0 0 0 0 0 0 0 0 0 0 0
"138" 138 0.0133928571429 297 88 72 18 18 4 3 0 0 0 0 0 0 0 0 0 0 0 0 0
"139" 139 0.0 272 186 30 7 2 2 1 0 0 0 0 0 0 0 0 0 0 0 0 0
"140" 140 0.0 202 192 45 40 14 4 3 0 0 0 0 0 0 0 0 0 0 0 0 0
"141" 141 0.0710659898477 205 87 80 65 22 12 9 8 7 2 2 1 0 0 0 0 0 0 0 0
"142" 142 0.0725388601036 327 68 23 17 13 9 8 7 5 5 5 5 3 3 1 1 0 0 0 0
"143" 143 0.00497512437811 284 54 43 35 30 22 9 7 5 4 3 2 2 0 0 0 0 0 0 0
"144" 144 0.0 399 50 32 9 4 3 3 0 0 0 0 0 0 0 0 0 0 0 0 0
"145" 145 0.436046511628 116 108 95 60 47 28 22 6 5 3 3 2 2 2 1 0 0 0 0 0
"146" 146 0.323383084577 134 130 46 39 34 23 22 21 15 9 9 7 5 3 1 1 1 0 0 0
"147" 147 0.0542635658915 468 23 7 2 0 0 0 0 0 0 0 0 0 0 0 0 0 0 0 0
"148" 148 0.644230769231 500 0 0 0 0 0 0 0 0 0 0 0 0 0 0 0 0 0 0 0
"149" 149 0.163179916318 286 132 16 16 14 12 10 7 5 1 1 0 0 0 0 0 0 0 0 0
"150" 150 0.253164556962 293 88 27 27 21 9 8 5 4 3 3 3 3 2 2 1 1 0 0 0
"151" 151 0.333333333333 109 100 99 57 45 43 38 5 3 1 0 0 0 0 0 0 0 0 0 0
"152" 152 0.0542635658915 406 39 28 7 7 6 5 1 1 0 0 0 0 0 0 0 0 0 0 0
"153" 153 0.0 256 194 49 1 0 0 0 0 0 0 0 0 0 0 0 0 0 0 0 0
"154" 154 0.00574712643678 184 84 61 60 53 16 15 8 6 6 3 3 1 0 0 0 0 0 0 0
"155" 155 0.0298507462687 283 67 36 23 22 18 16 12 11 4 3 2 2 1 0 0 0 0 0 0
"156" 156 0.0 173 158 94 35 22 7 4 4 2 1 0 0 0 0 0 0 0 0 0 0
"157" 157 0.183035714286 100 95 77 55 51 37 24 12 12 10 9 8 7 1 1 1 0 0 0 0
"158" 158 0.0398009950249 214 69 65 31 28 24 13 13 12 11 7 6 5 2 0 0 0 0 0 0
"159" 159 0.156976744186 142 60 52 46 42 42 39 29 16 8 8 6 4 3 3 0 0 0 0 0
"160" 160 0.179487179487 148 144 87 30 22 20 12 10 8 7 4 3 2 1 1 1 0 0 0 0
"161" 161 0.80310880829 180 76 76 48 42 20 14 12 10 10 8 4 0 0 0 0 0 0 0 0
"162" 162 0.611398963731 116 97 89 63 50 36 21 11 9 6 1 1 0 0 0 0 0 0 0 0
"163" 163 0.519230769231 499 1 0 0 0 0 0 0 0 0 0 0 0 0 0 0 0 0 0 0
"164" 164 0.267441860465 145 86 73 68 36 26 25 24 6 3 3 2 1 1 1 0 0 0 0 0
"165" 165 0.344036697248 64 62 61 55 44 36 33 31 25 16 14 13 11 11 10 9 2 2 1 0
"166" 166 0.0077519379845 308 109 29 13 9 7 6 6 4 3 2 2 1 1 0 0 0 0 0 0
"167" 167 0.452554744526 139 107 85 55 34 26 22 19 4 4 3 2 0 0 0 0 0 0 0 0
"168" 168 0.271317829457 115 105 88 68 33 29 24 13 10 7 3 2 1 1 1 0 0 0 0 0
"169" 169 0.477987421384 265 90 57 18 17 14 13 12 10 2 1 1 0 0 0 0 0 0 0 0
"170" 170 0.254464285714 194 157 45 35 24 7 6 6 6 5 4 3 3 2 2 1 0 0 0 0
"171" 171 0.0 183 160 156 1 0 0 0 0 0 0 0 0 0 0 0 0 0 0 0 0
"172" 172 0.0507614213198 175 146 87 19 18 12 10 8 7 5 3 3 2 2 1 1 1 0 0 0
"173" 173 0.526785714286 135 120 68 58 29 25 20 19 9 7 4 2 2 1 1 0 0 0 0 0
"174" 174 0.0753138075314 94 77 73 72 33 31 26 22 20 16 14 5 4 4 3 3 3 0 0 0
"175" 175 0.0 458 36 5 1 0 0 0 0 0 0 0 0 0 0 0 0 0 0 0 0
"176" 176 0.471794871795 183 100 41 34 30 26 20 19 18 10 5 4 4 3 2 1 0 0 0 0
"177" 177 0.548523206751 172 80 74 57 41 20 15 11 9 7 6 5 3 0 0 0 0 0 0 0
"178" 178 0.296650717703 99 96 94 80 36 29 15 14 10 7 7 6 6 1 0 0 0 0 0 0
"179" 179 0.569230769231 393 53 49 2 1 1 1 0 0 0 0 0 0 0 0 0 0 0 0 0
"180" 180 0.0366972477064 89 82 70 51 47 46 29 28 17 13 9 8 6 2 2 1 0 0 0 0
"181" 181 0.062015503876 353 90 44 8 3 1 1 0 0 0 0 0 0 0 0 0 0 0 0 0
"182" 182 0.00497512437811 177 131 82 61 16 9 8 6 3 2 2 1 1 1 0 0 0 0 0 0
"183" 183 0.00574712643678 191 133 126 18 11 6 6 5 2 1 1 0 0 0 0 0 0 0 0 0
"184" 184 0.116279069767 144 113 86 41 37 35 30 14 0 0 0 0 0 0 0 0 0 0 0 0
"185" 185 0.0253807106599 208 92 60 48 30 25 11 11 8 3 2 1 1 0 0 0 0 0 0 0
"186" 186 0.700892857143 175 151 73 60 14 10 7 7 2 1 0 0 0 0 0 0 0 0 0 0
"187" 187 0.0362694300518 392 35 19 17 16 13 4 3 1 0 0 0 0 0 0 0 0 0 0 0
"188" 188 0.00995024875622 149 130 95 35 23 21 18 10 6 6 3 2 2 0 0 0 0 0 0 0
"189" 189 0.183908045977 83 82 76 63 52 26 24 22 14 11 11 10 8 7 6 3 2 0 0 0
"190" 190 0.286821705426 117 105 89 64 44 28 14 13 11 6 5 3 1 0 0 0 0 0 0 0
"191" 191 0.0798479087452 216 145 91 14 12 9 4 3 3 1 1 1 0 0 0 0 0 0 0 0
"192" 192 0.251824817518 160 111 53 29 27 25 25 20 15 12 8 4 3 2 2 2 2 0 0 0
"193" 193 0.600896860987 136 105 90 36 28 23 21 17 13 9 7 5 3 2 2 2 1 0 0 0
"194" 194 0.503875968992 160 59 53 49 41 37 34 21 15 13 7 3 3 2 2 1 0 0 0 0
"195" 195 0.684210526316 312 111 20 18 9 9 7 4 3 3 2 1 1 0 0 0 0 0 0 0
