"site" "RSA" "aa1" "aa2" "aa3" "aa4" "aa5" "aa6" "aa7" "aa8" "aa9" "aa10" "aa11" "aa12" "aa13" "aa14" "aa15" "aa16" "aa17" "aa18" "aa19" "aa20"
"0" 0 0.645348837209 223 141 68 19 14 12 11 4 3 3 1 1 0 0 0 0 0 0 0 0
"1" 1 0.451923076923 500 0 0 0 0 0 0 0 0 0 0 0 0 0 0 0 0 0 0 0
"2" 2 0.788461538462 500 0 0 0 0 0 0 0 0 0 0 0 0 0 0 0 0 0 0 0
"3" 3 0.743119266055 173 128 85 71 13 11 8 8 3 0 0 0 0 0 0 0 0 0 0 0
"4" 4 0.519379844961 221 66 40 25 25 23 23 19 14 14 13 13 2 2 0 0 0 0 0 0
"5" 5 0.0993377483444 299 130 30 27 6 4 3 1 0 0 0 0 0 0 0 0 0 0 0 0
"6" 6 0.704641350211 377 42 31 15 10 9 9 3 2 1 1 0 0 0 0 0 0 0 0 0
"7" 7 0.187943262411 161 122 118 23 22 15 14 12 5 3 2 1 1 1 0 0 0 0 0 0
"8" 8 0.0829015544041 222 197 34 28 6 5 2 2 2 1 1 0 0 0 0 0 0 0 0 0
"9" 9 0.533632286996 276 106 85 21 8 3 1 0 0 0 0 0 0 0 0 0 0 0 0 0
"10" 10 0.362869198312 179 76 64 56 40 33 15 15 13 3 2 2 1 1 0 0 0 0 0 0
"11" 11 0.0 370 72 51 7 0 0 0 0 0 0 0 0 0 0 0 0 0 0 0 0
"12" 12 0.0137614678899 268 80 70 18 16 11 10 9 7 4 3 3 1 0 0 0 0 0 0 0
"13" 13 0.259067357513 313 73 44 26 24 14 3 3 0 0 0 0 0 0 0 0 0 0 0 0
"14" 14 0.0761421319797 208 107 95 35 17 13 8 4 3 3 1 1 1 1 1 1 1 0 0 0
"15" 15 0.0 481 19 0 0 0 0 0 0 0 0 0 0 0 0 0 0 0 0 0 0
"16" 16 0.174904942966 112 90 90 41 39 38 31 27 18 6 3 2 2 1 0 0 0 0 0 0
"17" 17 0.424107142857 308 105 47 25 6 2 2 2 1 1 1 0 0 0 0 0 0 0 0 0
"18" 18 0.0714285714286 308 119 70 3 0 0 0 0 0 0 0 0 0 0 0 0 0 0 0 0
"19" 19 0.0077519379845 485 15 0 0 0 0 0 0 0 0 0 0 0 0 0 0 0 0 0 0
"20" 20 0.243781094527 164 134 77 65 35 11 9 4 1 0 0 0 0 0 0 0 0 0 0 0
"21" 21 0.358208955224 369 97 25 6 2 1 0 0 0 0 0 0 0 0 0 0 0 0 0 0
"22" 22 0.0 278 222 0 0 0 0 0 0 0 0 0 0 0 0 0 0 0 0 0 0
"23" 23 0.212927756654 471 14 8 4 2 1 0 0 0 0 0 0 0 0 0 0 0 0 0 0
"24" 24 0.679324894515 170 129 87 68 35 5 4 1 1 0 0 0 0 0 0 0 0 0 0 0
"25" 25 0.464285714286 231 192 25 13 10 8 7 4 4 4 1 1 0 0 0 0 0 0 0 0
"26" 26 0.307692307692 500 0 0 0 0 0 0 0 0 0 0 0 0 0 0 0 0 0 0 0
"27" 27 0.0 407 75 17 1 0 0 0 0 0 0 0 0 0 0 0 0 0 0 0 0
"28" 28 0.0 403 41 28 9 7 6 5 1 0 0 0 0 0 0 0 0 0 0 0 0
"29" 29 0.0188679245283 483 17 0 0 0 0 0 0 0 0 0 0 0 0 0 0 0 0 0 0
"30" 30 0.0355329949239 132 100 95 64 53 22 16 10 4 3 1 0 0 0 0 0 0 0 0 0
"31" 31 0.0 500 0 0 0 0 0 0 0 0 0 0 0 0 0 0 0 0 0 0 0
"32" 32 0.0 500 0 0 0 0 0 0 0 0 0 0 0 0 0 0 0 0 0 0 0
"33" 33 0.0 232 197 69 2 0 0 0 0 0 0 0 0 0 0 0 0 0 0 0 0
"34" 34 0.0 361 64 60 14 1 0 0 0 0 0 0 0 0 0 0 0 0 0 0 0
"35" 35 0.0 163 125 106 60 22 11 8 2 1 1 1 0 0 0 0 0 0 0 0 0
"36" 36 0.174358974359 291 94 53 43 13 4 2 0 0 0 0 0 0 0 0 0 0 0 0 0
"37" 37 0.158974358974 165 105 76 65 28 17 17 15 9 2 1 0 0 0 0 0 0 0 0 0
"38" 38 0.666666666667 239 85 62 27 18 16 12 11 9 6 6 6 3 0 0 0 0 0 0 0
"39" 39 0.435233160622 240 108 69 33 14 9 8 7 4 3 2 1 1 1 0 0 0 0 0 0
"40" 40 0.0 498 2 0 0 0 0 0 0 0 0 0 0 0 0 0 0 0 0 0 0
"41" 41 0.35761589404 171 84 83 42 24 20 20 20 15 11 7 2 1 0 0 0 0 0 0 0
"42" 42 0.316091954023 212 86 82 48 26 23 9 8 4 2 0 0 0 0 0 0 0 0 0 0
"43" 43 0.238805970149 473 14 9 2 1 1 0 0 0 0 0 0 0 0 0 0 0 0 0 0
"44" 44 0.0769230769231 500 0 0 0 0 0 0 0 0 0 0 0 0 0 0 0 0 0 0 0
"45" 45 0.310218978102 304 168 19 5 3 1 0 0 0 0 0 0 0 0 0 0 0 0 0 0
"46" 46 0.00961538461538 500 0 0 0 0 0 0 0 0 0 0 0 0 0 0 0 0 0 0 0
"47" 47 0.0813397129187 489 6 2 2 1 0 0 0 0 0 0 0 0 0 0 0 0 0 0 0
"48" 48 0.0 305 125 46 23 1 0 0 0 0 0 0 0 0 0 0 0 0 0 0 0
"49" 49 0.174311926606 339 47 36 28 28 9 5 3 2 1 1 1 0 0 0 0 0 0 0 0
"50" 50 0.0948905109489 310 68 61 37 8 6 4 2 2 1 1 0 0 0 0 0 0 0 0 0
"51" 51 0.330543933054 126 123 106 102 19 13 5 3 1 1 1 0 0 0 0 0 0 0 0 0
"52" 52 0.255605381166 313 39 36 27 26 13 12 10 10 8 2 2 1 1 0 0 0 0 0 0
"53" 53 0.57805907173 123 121 108 49 34 30 18 7 4 3 2 1 0 0 0 0 0 0 0 0
"54" 54 0.682692307692 424 75 1 0 0 0 0 0 0 0 0 0 0 0 0 0 0 0 0 0
"55" 55 0.12582781457 447 19 12 8 3 3 2 2 2 1 1 0 0 0 0 0 0 0 0 0
"56" 56 0.565891472868 336 47 41 23 17 9 9 5 4 4 2 2 1 0 0 0 0 0 0 0
"57" 57 0.482558139535 368 70 22 19 13 2 2 1 1 1 1 0 0 0 0 0 0 0 0 0
"58" 58 0.119402985075 181 113 61 50 44 22 8 7 5 4 2 2 1 0 0 0 0 0 0 0
"59" 59 0.0717703349282 332 79 43 35 5 3 2 1 0 0 0 0 0 0 0 0 0 0 0 0
"60" 60 0.00961538461538 396 99 4 1 0 0 0 0 0 0 0 0 0 0 0 0 0 0 0 0
"61" 61 0.0357142857143 291 69 65 49 10 7 7 2 0 0 0 0 0 0 0 0 0 0 0 0
"62" 62 0.147208121827 195 125 59 22 19 17 16 15 10 7 7 5 2 1 0 0 0 0 0 0
"63" 63 0.0264900662252 341 118 16 12 5 5 3 0 0 0 0 0 0 0 0 0 0 0 0 0
"64" 64 0.0 417 83 0 0 0 0 0 0 0 0 0 0 0 0 0 0 0 0 0 0
"65" 65 0.0746268656716 298 73 54 39 17 10 7 1 1 0 0 0 0 0 0 0 0 0 0 0
"66" 66 0.598214285714 132 107 73 56 49 31 28 14 5 2 1 1 1 0 0 0 0 0 0 0
"67" 67 0.471794871795 444 20 17 17 1 1 0 0 0 0 0 0 0 0 0 0 0 0 0 0
"68" 68 0.113924050633 372 111 8 5 4 0 0 0 0 0 0 0 0 0 0 0 0 0 0 0
"69" 69 0.384615384615 500 0 0 0 0 0 0 0 0 0 0 0 0 0 0 0 0 0 0 0
"70" 70 0.930656934307 299 119 64 9 4 4 1 0 0 0 0 0 0 0 0 0 0 0 0 0
"71" 71 0.278606965174 462 17 15 6 0 0 0 0 0 0 0 0 0 0 0 0 0 0 0 0
"72" 72 0.65625 291 71 35 32 30 20 7 6 4 3 1 0 0 0 0 0 0 0 0 0
"73" 73 0.317307692308 165 155 49 34 29 19 17 8 6 5 5 4 3 1 0 0 0 0 0 0
"74" 74 0.64135021097 225 155 50 33 18 9 5 2 2 1 0 0 0 0 0 0 0 0 0 0
"75" 75 0.137931034483 251 138 35 31 22 11 10 1 1 0 0 0 0 0 0 0 0 0 0 0
"76" 76 0.0152091254753 310 170 19 1 0 0 0 0 0 0 0 0 0 0 0 0 0 0 0 0
"77" 77 0.451476793249 316 41 25 23 22 22 17 10 9 5 5 4 1 0 0 0 0 0 0 0
"78" 78 0.341968911917 170 126 96 57 39 8 4 0 0 0 0 0 0 0 0 0 0 0 0 0
"79" 79 0.0 372 114 14 0 0 0 0 0 0 0 0 0 0 0 0 0 0 0 0 0
"80" 80 0.0 213 120 103 30 14 14 6 0 0 0 0 0 0 0 0 0 0 0 0 0
"81" 81 0.0 257 218 11 9 3 2 0 0 0 0 0 0 0 0 0 0 0 0 0 0
"82" 82 0.0 256 105 72 51 9 4 3 0 0 0 0 0 0 0 0 0 0 0 0 0
"83" 83 0.0 266 198 23 10 2 1 0 0 0 0 0 0 0 0 0 0 0 0 0 0
"84" 84 0.0348837209302 366 134 0 0 0 0 0 0 0 0 0 0 0 0 0 0 0 0 0 0
"85" 85 0.0199004975124 271 165 29 17 9 7 2 0 0 0 0 0 0 0 0 0 0 0 0 0
"86" 86 0.0132450331126 276 221 2 1 0 0 0 0 0 0 0 0 0 0 0 0 0 0 0 0
"87" 87 0.0 170 136 118 64 8 2 1 1 0 0 0 0 0 0 0 0 0 0 0 0
"88" 88 0.113924050633 323 114 60 2 1 0 0 0 0 0 0 0 0 0 0 0 0 0 0 0
"89" 89 0.533678756477 343 40 26 24 20 20 13 7 6 1 0 0 0 0 0 0 0 0 0 0
"90" 90 0.366972477064 156 127 69 35 32 27 16 11 10 9 5 3 0 0 0 0 0 0 0 0
"91" 91 0.0 372 50 45 25 5 1 1 1 0 0 0 0 0 0 0 0 0 0 0 0
"92" 92 0.00581395348837 442 29 19 6 4 0 0 0 0 0 0 0 0 0 0 0 0 0 0 0
"93" 93 0.307692307692 116 106 106 75 42 23 16 7 4 3 2 0 0 0 0 0 0 0 0 0
"94" 94 0.116279069767 232 52 45 29 28 20 16 14 14 13 12 10 5 5 4 1 0 0 0 0
"95" 95 0.0 311 89 39 18 14 12 7 4 3 1 1 1 0 0 0 0 0 0 0 0
"96" 96 0.0964467005076 182 113 94 94 6 4 2 2 2 1 0 0 0 0 0 0 0 0 0 0
"97" 97 0.577981651376 305 46 43 34 28 22 10 5 4 3 0 0 0 0 0 0 0 0 0 0
"98" 98 0.296577946768 169 159 146 26 0 0 0 0 0 0 0 0 0 0 0 0 0 0 0 0
"99" 99 0.211538461538 206 139 90 29 20 5 4 4 3 0 0 0 0 0 0 0 0 0 0 0
"100" 100 0.0 461 34 4 1 0 0 0 0 0 0 0 0 0 0 0 0 0 0 0 0
"101" 101 0.251572327044 240 92 58 37 29 24 13 5 1 1 0 0 0 0 0 0 0 0 0 0
"102" 102 0.0401459854015 404 42 15 12 11 9 4 3 0 0 0 0 0 0 0 0 0 0 0 0
"103" 103 0.00632911392405 195 108 77 75 38 2 2 1 1 1 0 0 0 0 0 0 0 0 0 0
"104" 104 0.00574712643678 195 155 45 45 28 13 9 5 3 1 1 0 0 0 0 0 0 0 0 0
"105" 105 0.0 403 36 32 15 5 4 3 2 0 0 0 0 0 0 0 0 0 0 0 0
"106" 106 0.0 500 0 0 0 0 0 0 0 0 0 0 0 0 0 0 0 0 0 0 0
"107" 107 0.00446428571429 480 14 5 1 0 0 0 0 0 0 0 0 0 0 0 0 0 0 0 0
"108" 108 0.210256410256 304 187 4 3 2 0 0 0 0 0 0 0 0 0 0 0 0 0 0 0
"109" 109 0.5 317 81 26 21 18 14 14 4 2 1 1 1 0 0 0 0 0 0 0 0
"110" 110 0.174358974359 374 78 14 12 9 8 3 2 0 0 0 0 0 0 0 0 0 0 0 0
"111" 111 0.154811715481 353 131 10 5 1 0 0 0 0 0 0 0 0 0 0 0 0 0 0 0
"112" 112 0.481012658228 134 124 86 71 64 8 8 3 1 1 0 0 0 0 0 0 0 0 0 0
"113" 113 0.139072847682 490 10 0 0 0 0 0 0 0 0 0 0 0 0 0 0 0 0 0 0
"114" 114 0.746835443038 203 152 102 34 3 3 3 0 0 0 0 0 0 0 0 0 0 0 0 0
"115" 115 0.0 494 6 0 0 0 0 0 0 0 0 0 0 0 0 0 0 0 0 0 0
"116" 116 0.0580357142857 218 184 29 26 19 10 5 3 2 2 1 1 0 0 0 0 0 0 0 0
"117" 117 0.523206751055 214 189 32 31 21 7 4 1 1 0 0 0 0 0 0 0 0 0 0 0
"118" 118 0.410646387833 317 72 42 24 23 20 1 1 0 0 0 0 0 0 0 0 0 0 0 0
"119" 119 0.0 492 5 2 1 0 0 0 0 0 0 0 0 0 0 0 0 0 0 0 0
"120" 120 0.385650224215 249 119 113 18 1 0 0 0 0 0 0 0 0 0 0 0 0 0 0 0
"121" 121 0.593023255814 395 47 40 5 4 3 2 1 1 1 1 0 0 0 0 0 0 0 0 0
"122" 122 0.463503649635 341 90 27 25 6 4 2 2 1 1 1 0 0 0 0 0 0 0 0 0
"123" 123 0.673076923077 500 0 0 0 0 0 0 0 0 0 0 0 0 0 0 0 0 0 0 0
"124" 124 0.105263157895 421 63 8 7 1 0 0 0 0 0 0 0 0 0 0 0 0 0 0 0
"125" 125 0.205357142857 260 108 81 18 16 6 6 3 1 1 0 0 0 0 0 0 0 0 0 0
"126" 126 0.172413793103 496 2 1 1 0 0 0 0 0 0 0 0 0 0 0 0 0 0 0 0
"127" 127 0.241379310345 365 57 29 10 10 9 9 4 3 3 1 0 0 0 0 0 0 0 0 0
"128" 128 0.316091954023 348 53 48 32 14 3 1 1 0 0 0 0 0 0 0 0 0 0 0 0
"129" 129 0.385057471264 182 147 65 25 23 20 10 9 4 4 3 3 2 2 1 0 0 0 0 0
"130" 130 0.388601036269 357 100 24 13 2 2 1 1 0 0 0 0 0 0 0 0 0 0 0 0
"131" 131 0.0880829015544 340 88 53 10 4 3 1 1 0 0 0 0 0 0 0 0 0 0 0 0
"132" 132 0.401785714286 285 69 64 29 18 15 13 7 0 0 0 0 0 0 0 0 0 0 0 0
"133" 133 0.346715328467 153 135 124 63 9 7 5 2 2 0 0 0 0 0 0 0 0 0 0 0
"134" 134 0.0316455696203 202 164 124 8 1 1 0 0 0 0 0 0 0 0 0 0 0 0 0 0
"135" 135 0.139240506329 325 76 42 35 12 8 2 0 0 0 0 0 0 0 0 0 0 0 0 0
"136" 136 0.620253164557 183 141 79 50 13 13 9 6 5 1 0 0 0 0 0 0 0 0 0 0
"137" 137 0.0746268656716 490 3 3 2 1 1 0 0 0 0 0 0 0 0 0 0 0 0 0 0
"138" 138 0.0183486238532 438 23 9 8 7 6 3 2 2 1 1 0 0 0 0 0 0 0 0 0
"139" 139 0.379746835443 196 120 116 42 12 6 5 1 1 1 0 0 0 0 0 0 0 0 0 0
"140" 140 0.434977578475 265 118 74 10 9 8 6 4 3 3 0 0 0 0 0 0 0 0 0 0
"141" 141 0.0 292 187 19 2 0 0 0 0 0 0 0 0 0 0 0 0 0 0 0 0
"142" 142 0.152284263959 369 46 41 17 9 7 3 2 2 1 1 1 1 0 0 0 0 0 0 0
"143" 143 0.518134715026 151 122 119 61 16 8 8 8 4 3 0 0 0 0 0 0 0 0 0 0
"144" 144 0.424107142857 347 123 9 9 5 5 2 0 0 0 0 0 0 0 0 0 0 0 0 0
"145" 145 0.229927007299 371 115 9 5 0 0 0 0 0 0 0 0 0 0 0 0 0 0 0 0
"146" 146 0.352201257862 371 68 33 19 4 2 2 1 0 0 0 0 0 0 0 0 0 0 0 0
"147" 147 0.57399103139 256 172 35 29 5 1 1 1 0 0 0 0 0 0 0 0 0 0 0 0
"148" 148 0.217616580311 229 222 13 13 12 4 3 2 1 1 0 0 0 0 0 0 0 0 0 0
"149" 149 0.0390070921986 210 112 111 28 17 9 5 3 3 1 1 0 0 0 0 0 0 0 0 0
"150" 150 0.338912133891 230 123 63 42 20 15 4 2 1 0 0 0 0 0 0 0 0 0 0 0
"151" 151 0.433035714286 198 164 37 33 31 19 7 5 3 1 1 1 0 0 0 0 0 0 0 0
"152" 152 0.020725388601 207 108 108 36 15 12 8 5 1 0 0 0 0 0 0 0 0 0 0 0
"153" 153 0.218274111675 197 194 58 26 15 5 4 1 0 0 0 0 0 0 0 0 0 0 0 0
"154" 154 0.625 384 116 0 0 0 0 0 0 0 0 0 0 0 0 0 0 0 0 0 0
"155" 155 0.71875 275 124 27 26 25 18 3 2 0 0 0 0 0 0 0 0 0 0 0 0
