"site" "RSA" "aa1" "aa2" "aa3" "aa4" "aa5" "aa6" "aa7" "aa8" "aa9" "aa10" "aa11" "aa12" "aa13" "aa14" "aa15" "aa16" "aa17" "aa18" "aa19" "aa20"
"0" 0 1.17054263566 458 23 8 8 3 0 0 0 0 0 0 0 0 0 0 0 0 0 0 0
"1" 1 0.273722627737 166 99 93 59 41 22 9 7 4 0 0 0 0 0 0 0 0 0 0 0
"2" 2 0.395348837209 284 83 43 40 19 10 9 7 2 1 1 1 0 0 0 0 0 0 0 0
"3" 3 0.0794979079498 162 122 95 47 31 9 8 7 6 6 4 2 1 0 0 0 0 0 0 0
"4" 4 0.0 232 104 80 62 10 5 5 1 1 0 0 0 0 0 0 0 0 0 0 0
"5" 5 0.0 449 25 14 8 2 2 0 0 0 0 0 0 0 0 0 0 0 0 0 0
"6" 6 0.0 273 75 50 46 45 4 4 1 1 1 0 0 0 0 0 0 0 0 0 0
"7" 7 0.0 271 172 42 5 4 3 1 1 1 0 0 0 0 0 0 0 0 0 0 0
"8" 8 0.0205128205128 355 125 10 7 2 1 0 0 0 0 0 0 0 0 0 0 0 0 0 0
"9" 9 0.00418410041841 343 100 27 13 11 2 1 1 1 1 0 0 0 0 0 0 0 0 0 0
"10" 10 0.253164556962 500 0 0 0 0 0 0 0 0 0 0 0 0 0 0 0 0 0 0 0
"11" 11 0.805970149254 314 48 46 31 23 21 11 6 0 0 0 0 0 0 0 0 0 0 0 0
"12" 12 0.389743589744 216 118 59 37 37 10 9 6 3 2 1 1 1 0 0 0 0 0 0 0
"13" 13 0.317307692308 500 0 0 0 0 0 0 0 0 0 0 0 0 0 0 0 0 0 0 0
"14" 14 0.264900662252 480 18 1 1 0 0 0 0 0 0 0 0 0 0 0 0 0 0 0 0
"15" 15 0.540084388186 184 147 59 41 18 14 12 9 7 6 2 1 0 0 0 0 0 0 0 0
"16" 16 0.708520179372 196 125 84 40 37 7 6 4 1 0 0 0 0 0 0 0 0 0 0 0
"17" 17 0.218543046358 266 86 38 38 28 27 11 3 1 1 1 0 0 0 0 0 0 0 0 0
"18" 18 0.0 246 168 32 18 11 11 7 5 1 1 0 0 0 0 0 0 0 0 0 0
"19" 19 0.379746835443 139 87 81 79 45 41 25 3 0 0 0 0 0 0 0 0 0 0 0 0
"20" 20 0.491071428571 240 81 79 47 29 9 7 3 2 1 1 1 0 0 0 0 0 0 0 0
"21" 21 0.0304568527919 225 118 65 41 30 8 7 2 1 1 1 1 0 0 0 0 0 0 0 0
"22" 22 0.0 241 88 53 31 25 17 15 11 9 8 1 1 0 0 0 0 0 0 0 0
"23" 23 0.285714285714 195 49 48 47 34 31 31 27 18 8 5 3 2 2 0 0 0 0 0 0
"24" 24 0.222627737226 365 40 17 16 15 15 9 7 5 4 4 2 1 0 0 0 0 0 0 0
"25" 25 0.0149253731343 304 52 50 42 41 9 2 0 0 0 0 0 0 0 0 0 0 0 0 0
"26" 26 0.138461538462 500 0 0 0 0 0 0 0 0 0 0 0 0 0 0 0 0 0 0 0
"27" 27 0.645348837209 111 70 66 63 50 43 26 20 14 14 11 7 5 0 0 0 0 0 0 0
"28" 28 0.124031007752 243 194 17 14 10 6 4 3 3 2 1 1 1 1 0 0 0 0 0 0
"29" 29 0.682119205298 489 7 2 1 1 0 0 0 0 0 0 0 0 0 0 0 0 0 0 0
"30" 30 0.0862944162437 137 81 79 47 41 36 20 20 13 8 7 5 3 2 1 0 0 0 0 0
"31" 31 0.125786163522 144 129 97 61 51 7 6 4 1 0 0 0 0 0 0 0 0 0 0 0
"32" 32 0.65625 226 62 44 38 32 27 18 17 13 9 4 4 4 2 0 0 0 0 0 0
"33" 33 0.553846153846 413 36 23 11 5 5 2 2 1 1 1 0 0 0 0 0 0 0 0 0
"34" 34 0.0459770114943 236 116 54 25 19 19 11 7 4 4 3 2 0 0 0 0 0 0 0 0
"35" 35 0.241071428571 201 139 52 34 30 28 5 5 3 2 1 0 0 0 0 0 0 0 0 0
"36" 36 0.0 310 65 61 15 12 10 10 7 6 1 1 1 1 0 0 0 0 0 0 0
"37" 37 0.0 299 85 32 30 21 15 8 7 1 1 1 0 0 0 0 0 0 0 0 0
"38" 38 0.0 195 115 99 29 22 20 6 4 4 3 1 1 1 0 0 0 0 0 0 0
"39" 39 0.0 357 81 40 12 5 4 1 0 0 0 0 0 0 0 0 0 0 0 0 0
"40" 40 0.0 435 32 19 10 2 2 0 0 0 0 0 0 0 0 0 0 0 0 0 0
"41" 41 0.106918238994 205 141 66 39 31 13 5 0 0 0 0 0 0 0 0 0 0 0 0 0
"42" 42 0.356589147287 210 125 55 46 25 14 7 7 4 3 2 1 1 0 0 0 0 0 0 0
"43" 43 0.697674418605 106 105 105 82 66 15 14 6 1 0 0 0 0 0 0 0 0 0 0 0
"44" 44 0.186311787072 298 181 13 4 3 1 0 0 0 0 0 0 0 0 0 0 0 0 0 0
"45" 45 0.0547263681592 263 116 78 25 10 4 1 1 1 1 0 0 0 0 0 0 0 0 0 0
"46" 46 0.528497409326 187 157 125 15 11 2 1 1 1 0 0 0 0 0 0 0 0 0 0 0
"47" 47 0.216730038023 439 16 13 9 7 6 3 3 3 1 0 0 0 0 0 0 0 0 0 0
"48" 48 0.0 323 84 30 28 24 3 3 3 2 0 0 0 0 0 0 0 0 0 0 0
"49" 49 0.247126436782 155 153 115 40 17 9 4 4 1 1 1 0 0 0 0 0 0 0 0 0
"50" 50 0.53642384106 146 138 105 31 30 29 13 6 1 1 0 0 0 0 0 0 0 0 0 0
"51" 51 0.0796019900498 329 54 38 23 21 12 12 6 2 2 1 0 0 0 0 0 0 0 0 0
"52" 52 0.155172413793 288 98 33 15 14 14 12 8 8 3 3 2 1 1 0 0 0 0 0 0
"53" 53 0.53164556962 300 86 45 26 26 6 4 3 3 1 0 0 0 0 0 0 0 0 0 0
"54" 54 0.189873417722 192 134 57 47 23 12 10 8 7 3 2 2 1 1 1 0 0 0 0 0
"55" 55 0.77358490566 262 95 82 22 18 10 5 3 2 1 0 0 0 0 0 0 0 0 0 0
"56" 56 0.152466367713 184 91 83 45 20 19 17 12 12 7 3 3 1 1 1 1 0 0 0 0
"57" 57 0.0632183908046 144 73 72 67 55 27 20 13 12 8 7 1 1 0 0 0 0 0 0 0
"58" 58 0.186046511628 237 122 58 28 20 15 14 2 2 1 1 0 0 0 0 0 0 0 0 0
"59" 59 0.0287356321839 340 89 29 20 13 7 1 1 0 0 0 0 0 0 0 0 0 0 0 0
"60" 60 0.0 500 0 0 0 0 0 0 0 0 0 0 0 0 0 0 0 0 0 0 0
"61" 61 0.015503875969 445 17 12 12 6 4 2 1 1 0 0 0 0 0 0 0 0 0 0 0
"62" 62 0.206278026906 162 111 102 39 31 24 12 9 9 1 0 0 0 0 0 0 0 0 0 0
"63" 63 0.0666666666667 183 136 82 37 19 14 11 7 5 2 2 2 0 0 0 0 0 0 0 0
"64" 64 0.015503875969 395 54 21 18 9 3 0 0 0 0 0 0 0 0 0 0 0 0 0 0
"65" 65 0.197718631179 249 91 38 24 21 17 14 11 10 8 7 5 3 2 0 0 0 0 0 0
"66" 66 0.134328358209 255 68 54 38 32 18 9 7 7 4 3 2 1 1 1 0 0 0 0 0
"67" 67 0.459915611814 250 89 30 30 28 26 22 9 7 5 2 2 0 0 0 0 0 0 0 0
"68" 68 0.147286821705 109 68 67 57 49 45 29 28 21 14 4 2 2 2 1 1 1 0 0 0
"69" 69 0.596026490066 257 82 73 45 14 12 7 4 2 2 1 1 0 0 0 0 0 0 0 0
"70" 70 0.605769230769 500 0 0 0 0 0 0 0 0 0 0 0 0 0 0 0 0 0 0 0
"71" 71 0.736434108527 285 212 2 1 0 0 0 0 0 0 0 0 0 0 0 0 0 0 0 0
"72" 72 0.322175732218 348 123 15 8 5 1 0 0 0 0 0 0 0 0 0 0 0 0 0 0
"73" 73 0.895348837209 340 135 10 8 5 1 1 0 0 0 0 0 0 0 0 0 0 0 0 0
"74" 74 0.673076923077 495 5 0 0 0 0 0 0 0 0 0 0 0 0 0 0 0 0 0 0
"75" 75 0.330357142857 141 137 61 49 32 20 13 11 9 9 7 4 3 2 1 1 0 0 0 0
"76" 76 0.297435897436 132 82 49 48 41 30 21 21 20 16 13 9 7 5 4 2 0 0 0 0
"77" 77 0.0529801324503 194 129 46 42 30 23 17 5 4 4 3 2 1 0 0 0 0 0 0 0
"78" 78 0.0 188 88 60 45 40 13 12 11 10 9 5 5 4 4 3 2 1 0 0 0
"79" 79 0.331606217617 116 93 66 44 37 32 26 21 14 14 12 11 6 6 1 1 0 0 0 0
"80" 80 0.511210762332 164 96 78 48 40 27 22 11 4 4 2 2 2 0 0 0 0 0 0 0
"81" 81 0.0152284263959 85 83 78 68 60 39 27 23 20 10 2 2 1 1 1 0 0 0 0 0
"82" 82 0.405063291139 164 100 56 49 46 34 25 12 9 2 1 1 1 0 0 0 0 0 0 0
"83" 83 0.689119170984 244 98 75 37 10 9 7 6 6 3 3 1 1 0 0 0 0 0 0 0
"84" 84 0.195402298851 168 141 48 39 34 18 17 15 9 7 2 2 0 0 0 0 0 0 0 0
"85" 85 0.211538461538 500 0 0 0 0 0 0 0 0 0 0 0 0 0 0 0 0 0 0 0
"86" 86 0.0077519379845 412 56 20 10 1 1 0 0 0 0 0 0 0 0 0 0 0 0 0 0
"87" 87 0.455696202532 236 94 94 28 25 21 2 0 0 0 0 0 0 0 0 0 0 0 0 0
"88" 88 0.0780141843972 138 122 83 82 43 12 8 5 3 2 1 1 0 0 0 0 0 0 0 0
"89" 89 0.00574712643678 190 184 63 45 9 3 2 2 2 0 0 0 0 0 0 0 0 0 0 0
"90" 90 0.010152284264 184 111 87 52 27 16 14 6 1 1 1 0 0 0 0 0 0 0 0 0
"91" 91 0.00995024875622 183 111 108 38 20 18 11 8 2 1 0 0 0 0 0 0 0 0 0 0
"92" 92 0.0 500 0 0 0 0 0 0 0 0 0 0 0 0 0 0 0 0 0 0 0
"93" 93 0.0526315789474 495 4 1 0 0 0 0 0 0 0 0 0 0 0 0 0 0 0 0 0
"94" 94 0.158940397351 349 33 25 18 14 11 11 9 7 6 5 4 3 3 2 0 0 0 0 0
"95" 95 0.303571428571 156 121 93 67 25 17 15 3 2 1 0 0 0 0 0 0 0 0 0 0
"96" 96 0.21897810219 327 73 41 22 9 9 8 6 3 1 1 0 0 0 0 0 0 0 0 0
"97" 97 0.14598540146 395 37 21 19 9 8 4 3 2 1 1 0 0 0 0 0 0 0 0 0
"98" 98 0.470198675497 172 84 80 67 42 22 7 7 6 5 4 3 1 0 0 0 0 0 0 0
"99" 99 0.642585551331 140 122 81 66 61 14 5 4 4 2 1 0 0 0 0 0 0 0 0 0
"100" 100 0.485355648536 127 99 84 76 47 38 13 8 7 1 0 0 0 0 0 0 0 0 0 0
"101" 101 0.736842105263 315 171 6 4 2 1 1 0 0 0 0 0 0 0 0 0 0 0 0 0
"102" 102 0.0625 176 98 80 48 21 17 16 13 9 9 7 4 1 1 0 0 0 0 0 0
"103" 103 0.476683937824 392 56 33 8 4 2 2 2 1 0 0 0 0 0 0 0 0 0 0 0
"104" 104 0.165803108808 228 185 28 14 9 7 6 6 4 3 3 3 2 1 1 0 0 0 0 0
"105" 105 0.409282700422 233 101 65 40 15 14 12 9 6 2 1 1 1 0 0 0 0 0 0 0
"106" 106 0.217573221757 334 39 33 31 27 16 10 4 2 1 1 1 1 0 0 0 0 0 0 0
"107" 107 0.00507614213198 178 82 73 40 37 30 29 10 9 5 4 1 1 1 0 0 0 0 0 0
"108" 108 0.0 462 38 0 0 0 0 0 0 0 0 0 0 0 0 0 0 0 0 0 0
"109" 109 0.243523316062 227 104 98 30 16 8 5 5 4 2 1 0 0 0 0 0 0 0 0 0
"110" 110 0.0126582278481 235 71 68 52 24 13 13 6 6 4 4 2 1 1 0 0 0 0 0 0
"111" 111 0.0 329 84 36 23 10 9 4 3 1 1 0 0 0 0 0 0 0 0 0 0
"112" 112 0.476793248945 191 173 62 32 18 6 5 5 4 3 1 0 0 0 0 0 0 0 0 0
"113" 113 0.205020920502 194 136 56 56 16 14 6 6 6 3 3 2 1 1 0 0 0 0 0 0
"114" 114 0.0232558139535 99 95 74 56 49 47 46 23 7 3 1 0 0 0 0 0 0 0 0 0
"115" 115 0.203980099502 440 13 12 9 7 5 4 3 2 1 1 1 1 1 0 0 0 0 0 0
"116" 116 0.538461538462 187 122 110 54 10 8 5 4 0 0 0 0 0 0 0 0 0 0 0 0
"117" 117 0.255605381166 128 110 51 39 39 36 31 20 15 10 9 4 4 2 2 0 0 0 0 0
"118" 118 0.615384615385 500 0 0 0 0 0 0 0 0 0 0 0 0 0 0 0 0 0 0 0
"119" 119 0.0172413793103 276 97 69 22 18 6 5 4 3 0 0 0 0 0 0 0 0 0 0 0
"120" 120 0.0769230769231 144 81 69 50 44 32 21 14 13 11 11 6 3 1 0 0 0 0 0 0
"121" 121 0.0 456 24 9 9 2 0 0 0 0 0 0 0 0 0 0 0 0 0 0 0
"122" 122 0.0 182 122 63 59 53 7 7 4 2 1 0 0 0 0 0 0 0 0 0 0
"123" 123 0.00497512437811 246 146 73 13 8 4 4 3 2 1 0 0 0 0 0 0 0 0 0 0
"124" 124 0.0 224 104 85 72 6 6 3 0 0 0 0 0 0 0 0 0 0 0 0 0
"125" 125 0.010152284264 426 42 29 2 1 0 0 0 0 0 0 0 0 0 0 0 0 0 0 0
"126" 126 0.0961538461538 500 0 0 0 0 0 0 0 0 0 0 0 0 0 0 0 0 0 0 0
"127" 127 0.00446428571429 408 25 22 19 12 11 3 0 0 0 0 0 0 0 0 0 0 0 0 0
"128" 128 0.209302325581 365 55 41 17 10 4 3 2 2 1 0 0 0 0 0 0 0 0 0 0
"129" 129 0.18407960199 325 88 23 22 15 13 11 3 0 0 0 0 0 0 0 0 0 0 0 0
"130" 130 0.571428571429 233 140 37 30 22 18 8 5 5 1 1 0 0 0 0 0 0 0 0 0
"131" 131 0.285714285714 313 66 51 37 13 9 3 2 2 2 1 1 0 0 0 0 0 0 0 0
"132" 132 0.26582278481 162 148 97 43 20 15 5 4 3 1 1 1 0 0 0 0 0 0 0 0
"133" 133 0.679324894515 329 88 30 28 15 3 3 3 1 0 0 0 0 0 0 0 0 0 0 0
"134" 134 0.511627906977 192 124 75 33 17 16 16 11 8 4 3 1 0 0 0 0 0 0 0 0
"135" 135 0.5 273 227 0 0 0 0 0 0 0 0 0 0 0 0 0 0 0 0 0 0
"136" 136 0.438818565401 181 140 88 37 28 16 4 3 2 1 0 0 0 0 0 0 0 0 0 0
"137" 137 0.145348837209 252 75 61 33 17 17 10 9 8 6 6 2 2 2 0 0 0 0 0 0
"138" 138 0.353233830846 161 104 57 45 40 38 22 16 9 2 2 2 1 1 0 0 0 0 0 0
"139" 139 0.440414507772 107 95 86 70 69 43 12 6 5 4 1 1 1 0 0 0 0 0 0 0
"140" 140 0.0344827586207 236 99 58 39 19 16 11 10 3 3 2 2 1 1 0 0 0 0 0 0
"141" 141 0.0229885057471 206 90 72 47 32 18 15 7 6 6 1 0 0 0 0 0 0 0 0 0
"142" 142 0.348214285714 332 72 60 17 8 5 3 1 1 1 0 0 0 0 0 0 0 0 0 0
"143" 143 0.408759124088 190 113 69 62 39 19 3 3 1 1 0 0 0 0 0 0 0 0 0 0
"144" 144 0.0403587443946 236 231 11 6 6 4 2 2 1 1 0 0 0 0 0 0 0 0 0 0
"145" 145 0.0 460 26 4 3 2 2 2 1 0 0 0 0 0 0 0 0 0 0 0 0
"146" 146 0.205128205128 202 85 57 46 45 40 11 8 6 0 0 0 0 0 0 0 0 0 0 0
"147" 147 0.15503875969 250 102 69 31 12 11 6 6 5 5 1 1 1 0 0 0 0 0 0 0
"148" 148 0.0172413793103 361 56 32 19 11 9 5 3 3 1 0 0 0 0 0 0 0 0 0 0
"149" 149 0.119402985075 362 84 20 17 10 5 1 1 0 0 0 0 0 0 0 0 0 0 0 0
"150" 150 0.602678571429 149 104 87 74 26 21 14 8 8 4 4 1 0 0 0 0 0 0 0 0
"151" 151 0.321428571429 154 88 78 72 29 27 27 24 1 0 0 0 0 0 0 0 0 0 0 0
"152" 152 0.0574712643678 447 38 9 4 2 0 0 0 0 0 0 0 0 0 0 0 0 0 0 0
"153" 153 0.831223628692 330 107 33 11 10 6 2 1 0 0 0 0 0 0 0 0 0 0 0 0
"154" 154 0.538860103627 271 85 50 32 19 18 16 4 2 1 1 1 0 0 0 0 0 0 0 0
"155" 155 0.0425531914894 388 54 46 10 1 1 0 0 0 0 0 0 0 0 0 0 0 0 0 0
"156" 156 0.575581395349 125 80 68 53 35 33 27 25 22 18 7 4 2 1 0 0 0 0 0 0
"157" 157 0.523076923077 106 104 96 91 46 16 14 9 8 6 1 1 1 1 0 0 0 0 0 0
"158" 158 0.0172413793103 401 34 25 24 6 3 3 2 1 1 0 0 0 0 0 0 0 0 0 0
"159" 159 0.0 256 145 81 6 3 3 2 1 1 1 1 0 0 0 0 0 0 0 0 0
"160" 160 0.0 227 221 36 5 4 3 2 1 1 0 0 0 0 0 0 0 0 0 0 0
"161" 161 0.0 298 202 0 0 0 0 0 0 0 0 0 0 0 0 0 0 0 0 0 0
"162" 162 0.00760456273764 423 62 7 4 4 0 0 0 0 0 0 0 0 0 0 0 0 0 0 0
"163" 163 0.0669642857143 444 48 6 2 0 0 0 0 0 0 0 0 0 0 0 0 0 0 0 0
"164" 164 0.0062893081761 420 45 30 4 1 0 0 0 0 0 0 0 0 0 0 0 0 0 0 0
"165" 165 0.241379310345 145 128 90 43 30 13 9 8 8 8 6 4 4 2 1 1 0 0 0 0
"166" 166 0.031914893617 426 48 12 4 4 2 1 1 1 1 0 0 0 0 0 0 0 0 0 0
"167" 167 0.131782945736 384 53 49 6 5 3 0 0 0 0 0 0 0 0 0 0 0 0 0 0
"168" 168 0.46192893401 177 100 75 64 19 17 15 11 9 7 5 1 0 0 0 0 0 0 0 0
"169" 169 0.865384615385 334 166 0 0 0 0 0 0 0 0 0 0 0 0 0 0 0 0 0 0
"170" 170 0.302325581395 406 46 25 10 6 2 2 2 1 0 0 0 0 0 0 0 0 0 0 0
"171" 171 0.75 500 0 0 0 0 0 0 0 0 0 0 0 0 0 0 0 0 0 0 0
"172" 172 0.442786069652 289 90 60 25 17 8 4 3 2 2 0 0 0 0 0 0 0 0 0 0
"173" 173 0.627906976744 396 27 27 23 10 6 4 3 2 1 1 0 0 0 0 0 0 0 0 0
"174" 174 0.193798449612 379 42 42 17 13 4 2 1 0 0 0 0 0 0 0 0 0 0 0 0
"175" 175 0.296511627907 377 116 5 1 1 0 0 0 0 0 0 0 0 0 0 0 0 0 0 0
"176" 176 0.100628930818 224 85 48 41 40 13 13 13 11 8 4 0 0 0 0 0 0 0 0 0
"177" 177 0.517857142857 431 48 18 1 1 1 0 0 0 0 0 0 0 0 0 0 0 0 0 0
"178" 178 0.243523316062 422 30 29 6 4 4 2 2 1 0 0 0 0 0 0 0 0 0 0 0
"179" 179 0.0077519379845 331 94 34 15 14 7 2 2 1 0 0 0 0 0 0 0 0 0 0 0
"180" 180 0.192825112108 321 48 48 44 32 3 3 1 0 0 0 0 0 0 0 0 0 0 0 0
"181" 181 0.502590673575 236 116 59 24 23 13 11 10 7 1 0 0 0 0 0 0 0 0 0 0
"182" 182 0.0659898477157 275 94 52 42 12 8 7 2 2 2 2 1 1 0 0 0 0 0 0 0
"183" 183 0.0 493 5 2 0 0 0 0 0 0 0 0 0 0 0 0 0 0 0 0 0
"184" 184 0.271317829457 335 113 24 13 7 4 1 1 1 1 0 0 0 0 0 0 0 0 0 0
"185" 185 0.291390728477 156 134 96 35 22 17 13 11 6 5 2 1 1 1 0 0 0 0 0 0
"186" 186 0.00507614213198 178 167 85 40 14 9 4 3 0 0 0 0 0 0 0 0 0 0 0 0
"187" 187 0.0693430656934 176 170 97 30 12 6 5 2 2 0 0 0 0 0 0 0 0 0 0 0
"188" 188 0.675105485232 207 126 65 50 32 12 6 2 0 0 0 0 0 0 0 0 0 0 0 0
"189" 189 0.117154811715 464 11 10 7 4 1 1 1 1 0 0 0 0 0 0 0 0 0 0 0
"190" 190 0.0 436 13 13 13 8 8 6 2 1 0 0 0 0 0 0 0 0 0 0 0
"191" 191 0.232558139535 490 6 2 1 1 0 0 0 0 0 0 0 0 0 0 0 0 0 0 0
"192" 192 0.549668874172 283 115 34 24 23 14 2 2 2 1 0 0 0 0 0 0 0 0 0 0
"193" 193 0.46835443038 253 154 69 11 5 3 2 2 1 0 0 0 0 0 0 0 0 0 0 0
"194" 194 0.208955223881 485 4 3 3 2 1 1 1 0 0 0 0 0 0 0 0 0 0 0 0
"195" 195 0.278846153846 500 0 0 0 0 0 0 0 0 0 0 0 0 0 0 0 0 0 0 0
"196" 196 0.60621761658 191 171 39 33 28 22 7 4 3 2 0 0 0 0 0 0 0 0 0 0
"197" 197 0.535864978903 180 75 64 58 48 34 19 17 3 1 1 0 0 0 0 0 0 0 0 0
"198" 198 0.31007751938 228 58 48 40 38 38 34 10 2 1 1 1 1 0 0 0 0 0 0 0
"199" 199 0.0077519379845 495 3 2 0 0 0 0 0 0 0 0 0 0 0 0 0 0 0 0 0
"200" 200 0.225165562914 313 61 44 31 17 16 8 5 2 2 1 0 0 0 0 0 0 0 0 0
"201" 201 0.540178571429 209 72 69 69 36 25 10 3 3 2 1 1 0 0 0 0 0 0 0 0
"202" 202 0.0398009950249 346 78 41 11 11 7 3 2 1 0 0 0 0 0 0 0 0 0 0 0
"203" 203 0.105839416058 391 90 7 5 5 2 0 0 0 0 0 0 0 0 0 0 0 0 0 0
"204" 204 0.0 287 158 25 21 6 2 1 0 0 0 0 0 0 0 0 0 0 0 0 0
"205" 205 0.0 473 17 8 2 0 0 0 0 0 0 0 0 0 0 0 0 0 0 0 0
"206" 206 0.0342205323194 342 68 52 12 12 8 3 2 1 0 0 0 0 0 0 0 0 0 0 0
"207" 207 0.125 382 72 34 10 2 0 0 0 0 0 0 0 0 0 0 0 0 0 0 0
"208" 208 0.0865384615385 285 114 93 5 3 0 0 0 0 0 0 0 0 0 0 0 0 0 0 0
"209" 209 0.549668874172 445 23 15 6 6 2 1 1 1 0 0 0 0 0 0 0 0 0 0 0
"210" 210 0.046511627907 209 136 65 33 19 19 14 2 1 1 1 0 0 0 0 0 0 0 0 0
"211" 211 0.241025641026 320 111 43 14 12 0 0 0 0 0 0 0 0 0 0 0 0 0 0 0
"212" 212 0.201923076923 414 41 18 11 10 5 1 0 0 0 0 0 0 0 0 0 0 0 0 0
"213" 213 0.708609271523 346 111 19 15 8 1 0 0 0 0 0 0 0 0 0 0 0 0 0 0
"214" 214 0.2 108 102 77 50 34 33 33 28 16 8 7 2 1 1 0 0 0 0 0 0
"215" 215 0.0077519379845 417 83 0 0 0 0 0 0 0 0 0 0 0 0 0 0 0 0 0 0
"216" 216 0.379310344828 211 110 92 49 17 10 8 2 1 0 0 0 0 0 0 0 0 0 0 0
"217" 217 0.354651162791 172 149 110 30 19 7 6 5 2 0 0 0 0 0 0 0 0 0 0 0
"218" 218 0.0167364016736 165 115 66 62 32 19 15 11 5 3 3 1 1 1 1 0 0 0 0 0
"219" 219 0.345991561181 223 117 104 28 17 9 2 0 0 0 0 0 0 0 0 0 0 0 0 0
"220" 220 0.699481865285 455 13 12 6 6 5 2 1 0 0 0 0 0 0 0 0 0 0 0 0
"221" 221 0.160337552743 192 189 46 29 14 13 7 4 4 1 1 0 0 0 0 0 0 0 0 0
"222" 222 0.573643410853 217 210 22 21 20 7 1 1 1 0 0 0 0 0 0 0 0 0 0 0
"223" 223 0.145077720207 147 108 106 69 23 18 12 12 3 2 0 0 0 0 0 0 0 0 0 0
"224" 224 0.00574712643678 306 149 43 2 0 0 0 0 0 0 0 0 0 0 0 0 0 0 0 0
"225" 225 0.0414507772021 307 193 0 0 0 0 0 0 0 0 0 0 0 0 0 0 0 0 0 0
"226" 226 0.0 500 0 0 0 0 0 0 0 0 0 0 0 0 0 0 0 0 0 0 0
"227" 227 0.0 310 165 16 6 3 0 0 0 0 0 0 0 0 0 0 0 0 0 0 0
"228" 228 0.0398009950249 260 153 47 24 5 4 4 3 0 0 0 0 0 0 0 0 0 0 0 0
"229" 229 0.0114942528736 162 118 65 58 49 23 16 5 2 2 0 0 0 0 0 0 0 0 0 0
"230" 230 0.173076923077 377 96 16 5 3 2 1 0 0 0 0 0 0 0 0 0 0 0 0 0
"231" 231 0.5 249 177 41 13 7 4 3 3 2 1 0 0 0 0 0 0 0 0 0 0
"232" 232 0.0697674418605 257 105 55 21 16 9 8 6 6 4 4 4 2 2 1 0 0 0 0 0
"233" 233 0.0 482 15 3 0 0 0 0 0 0 0 0 0 0 0 0 0 0 0 0 0
"234" 234 0.243781094527 132 128 120 42 22 19 15 15 3 2 1 1 0 0 0 0 0 0 0 0
"235" 235 0.434599156118 237 168 47 17 12 9 8 1 1 0 0 0 0 0 0 0 0 0 0 0
"236" 236 0.48427672956 168 107 72 58 36 30 9 9 4 4 3 0 0 0 0 0 0 0 0 0
"237" 237 0.191964285714 222 81 77 74 27 14 4 1 0 0 0 0 0 0 0 0 0 0 0 0
"238" 238 0.0167364016736 459 12 9 9 6 3 1 1 0 0 0 0 0 0 0 0 0 0 0 0
"239" 239 0.149425287356 251 41 40 39 28 22 17 17 15 12 6 4 4 3 1 0 0 0 0 0
"240" 240 0.492227979275 386 48 27 16 11 4 3 2 2 1 0 0 0 0 0 0 0 0 0 0
"241" 241 0.0 421 36 18 17 5 1 1 1 0 0 0 0 0 0 0 0 0 0 0 0
"242" 242 0.00507614213198 253 71 37 26 25 21 15 14 12 11 7 3 2 2 1 0 0 0 0 0
"243" 243 0.235897435897 250 115 66 42 10 4 4 3 2 2 1 1 0 0 0 0 0 0 0 0
"244" 244 0.0927152317881 387 97 6 4 4 1 1 0 0 0 0 0 0 0 0 0 0 0 0 0
"245" 245 0.273722627737 179 111 41 30 30 29 28 20 14 9 5 2 2 0 0 0 0 0 0 0
"246" 246 0.907692307692 298 135 52 10 4 1 0 0 0 0 0 0 0 0 0 0 0 0 0 0
