"site" "RSA" "aa1" "aa2" "aa3" "aa4" "aa5" "aa6" "aa7" "aa8" "aa9" "aa10" "aa11" "aa12" "aa13" "aa14" "aa15" "aa16" "aa17" "aa18" "aa19" "aa20"
"0" 0 0.704641350211 263 59 46 29 26 22 18 17 8 5 2 2 1 1 1 0 0 0 0 0
"1" 1 0.0288461538462 496 2 1 1 0 0 0 0 0 0 0 0 0 0 0 0 0 0 0 0
"2" 2 0.105769230769 118 93 58 34 31 30 28 26 24 24 15 7 5 4 1 1 1 0 0 0
"3" 3 0.00574712643678 175 115 74 51 24 21 15 13 4 3 3 1 1 0 0 0 0 0 0 0
"4" 4 0.0203045685279 152 106 49 48 24 21 20 20 16 14 13 9 7 1 0 0 0 0 0 0
"5" 5 0.0 82 80 77 72 67 53 18 18 13 9 3 2 2 1 1 1 1 0 0 0
"6" 6 0.139896373057 194 81 61 57 23 18 14 13 8 8 6 4 4 3 3 3 0 0 0 0
"7" 7 0.0 230 157 95 10 6 1 1 0 0 0 0 0 0 0 0 0 0 0 0 0
"8" 8 0.333333333333 174 69 65 50 47 26 23 17 9 8 6 4 2 0 0 0 0 0 0 0
"9" 9 0.287179487179 124 123 122 83 30 4 3 3 3 2 1 1 1 0 0 0 0 0 0 0
"10" 10 0.201550387597 129 100 97 47 21 19 18 15 13 10 10 9 4 4 3 1 0 0 0 0
"11" 11 0.629464285714 241 92 29 29 27 22 17 17 12 7 3 2 1 1 0 0 0 0 0 0
"12" 12 0.143497757848 273 50 34 34 22 21 18 11 10 9 8 5 3 2 0 0 0 0 0 0
"13" 13 0.0 277 141 57 10 7 3 3 2 0 0 0 0 0 0 0 0 0 0 0 0
"14" 14 0.476793248945 170 95 79 53 32 13 13 12 7 7 5 5 3 2 2 1 1 0 0 0
"15" 15 0.152284263959 167 121 59 25 22 22 17 14 12 12 8 7 6 4 3 1 0 0 0 0
"16" 16 0.0 312 144 22 14 3 2 2 1 0 0 0 0 0 0 0 0 0 0 0 0
"17" 17 0.276785714286 132 104 70 47 37 28 22 19 10 8 6 5 4 3 2 1 1 1 0 0
"18" 18 0.410852713178 128 87 76 51 43 27 24 23 14 9 7 4 3 3 1 0 0 0 0 0
"19" 19 0.0387596899225 337 96 27 13 11 7 4 2 2 1 0 0 0 0 0 0 0 0 0 0
"20" 20 0.384615384615 495 5 0 0 0 0 0 0 0 0 0 0 0 0 0 0 0 0 0 0
"21" 21 0.0387596899225 301 169 15 9 3 1 1 1 0 0 0 0 0 0 0 0 0 0 0 0
"22" 22 0.413793103448 106 93 51 47 39 39 27 27 24 13 10 8 6 4 2 2 1 1 0 0
"23" 23 0.031007751938 264 86 76 39 17 6 3 3 2 2 1 1 0 0 0 0 0 0 0 0
"24" 24 0.0 194 107 93 90 7 5 3 1 0 0 0 0 0 0 0 0 0 0 0 0
"25" 25 0.0 228 95 43 38 24 18 17 13 11 5 2 2 2 1 1 0 0 0 0 0
"26" 26 0.015503875969 297 109 68 9 7 5 3 1 1 0 0 0 0 0 0 0 0 0 0 0
"27" 27 0.149253731343 174 70 69 52 49 25 24 10 10 5 4 2 2 1 1 1 1 0 0 0
"28" 28 0.647321428571 262 94 44 37 30 9 5 4 4 3 3 2 2 1 0 0 0 0 0 0
"29" 29 1.29807692308 217 162 46 26 24 17 4 2 1 1 0 0 0 0 0 0 0 0 0 0
"30" 30 0.653846153846 445 25 19 6 3 2 0 0 0 0 0 0 0 0 0 0 0 0 0 0
"31" 31 0.396551724138 208 72 45 41 28 24 18 12 11 10 8 8 5 4 3 2 1 0 0 0
"32" 32 0.302325581395 107 88 84 36 34 34 19 17 16 15 15 13 8 7 4 2 1 0 0 0
"33" 33 0.536496350365 365 73 21 12 7 5 4 4 3 2 2 1 1 0 0 0 0 0 0 0
"34" 34 0.224770642202 215 97 44 37 19 17 15 14 13 5 5 4 4 3 2 2 2 2 0 0
"35" 35 0.093023255814 126 81 64 63 51 30 24 16 11 9 8 5 4 3 2 1 1 1 0 0
"36" 36 0.378238341969 111 78 73 71 48 47 45 17 4 2 2 1 1 0 0 0 0 0 0 0
"37" 37 0.295597484277 94 71 63 58 46 42 28 24 18 15 14 11 7 6 1 1 1 0 0 0
"38" 38 0.540697674419 215 112 70 18 16 16 15 11 9 7 6 2 2 1 0 0 0 0 0 0
"39" 39 0.14367816092 105 81 47 45 40 35 32 27 20 19 14 11 9 7 4 3 1 0 0 0
"40" 40 0.0 133 79 77 41 39 38 35 22 10 7 6 5 4 3 1 0 0 0 0 0
"41" 41 0.415178571429 126 96 81 42 42 24 15 14 14 13 8 8 5 5 4 2 1 0 0 0
"42" 42 0.375 205 113 66 34 19 18 14 9 8 4 3 2 2 2 1 0 0 0 0 0
"43" 43 0.0 151 110 94 51 29 29 23 7 2 2 1 1 0 0 0 0 0 0 0 0
"44" 44 0.197247706422 122 67 59 52 40 34 20 18 17 16 15 13 10 10 3 2 2 0 0 0
"45" 45 0.723076923077 92 63 58 57 48 46 39 38 18 15 9 6 6 2 2 1 0 0 0 0
"46" 46 0.077519379845 328 61 28 21 18 16 10 8 4 3 2 1 0 0 0 0 0 0 0 0
"47" 47 0.0862068965517 175 166 72 69 5 4 3 2 1 1 1 1 0 0 0 0 0 0 0 0
"48" 48 0.788079470199 286 69 57 22 17 13 9 8 7 6 4 1 1 0 0 0 0 0 0 0
"49" 49 0.172588832487 199 90 87 42 22 12 8 6 6 6 5 5 4 3 3 2 0 0 0 0
"50" 50 0.364779874214 393 46 33 13 5 4 3 2 1 0 0 0 0 0 0 0 0 0 0 0
"51" 51 0.0172413793103 299 101 49 25 16 3 2 2 1 1 1 0 0 0 0 0 0 0 0 0
"52" 52 0.0275229357798 237 76 64 49 26 24 7 7 3 3 1 1 1 1 0 0 0 0 0 0
"53" 53 0.0077519379845 225 197 38 27 7 4 1 1 0 0 0 0 0 0 0 0 0 0 0 0
"54" 54 0.147679324895 180 143 59 52 16 12 10 10 4 4 3 2 2 2 1 0 0 0 0 0
"55" 55 0.0 198 152 85 46 19 0 0 0 0 0 0 0 0 0 0 0 0 0 0 0
"56" 56 0.142335766423 276 70 59 27 21 20 15 4 3 2 1 1 1 0 0 0 0 0 0 0
"57" 57 0.0913705583756 131 65 64 53 33 28 23 21 18 13 12 10 9 7 5 5 1 1 1 0
"58" 58 0.153846153846 500 0 0 0 0 0 0 0 0 0 0 0 0 0 0 0 0 0 0 0
"59" 59 0.234449760766 332 61 37 31 16 14 4 4 1 0 0 0 0 0 0 0 0 0 0 0
"60" 60 0.399239543726 245 81 31 27 26 26 26 9 9 7 6 5 1 1 0 0 0 0 0 0
"61" 61 0.505747126437 174 133 58 42 27 24 15 12 7 5 2 1 0 0 0 0 0 0 0 0
"62" 62 0.0401785714286 228 140 60 22 11 8 7 5 5 5 4 3 1 1 0 0 0 0 0 0
"63" 63 0.0 277 78 49 38 22 9 8 6 5 4 2 1 1 0 0 0 0 0 0 0
"64" 64 0.244525547445 191 128 39 38 25 16 15 13 12 8 5 3 3 2 1 1 0 0 0 0
"65" 65 0.310344827586 134 121 74 53 40 25 16 13 13 6 2 2 1 0 0 0 0 0 0 0
"66" 66 0.0 135 106 95 35 35 32 20 13 9 6 5 4 2 1 1 1 0 0 0 0
"67" 67 0.169642857143 91 77 62 55 46 33 28 27 25 17 10 9 8 5 4 2 1 0 0 0
"68" 68 0.68992248062 75 74 69 51 45 39 39 29 22 20 20 10 5 2 0 0 0 0 0 0
"69" 69 0.218905472637 116 96 55 45 35 31 18 17 16 15 13 12 11 10 7 2 1 0 0 0
"70" 70 0.403846153846 487 13 0 0 0 0 0 0 0 0 0 0 0 0 0 0 0 0 0 0
"71" 71 0.0459770114943 215 88 87 52 24 17 9 3 1 1 1 1 1 0 0 0 0 0 0 0
"72" 72 0.388601036269 213 119 44 26 18 15 15 13 13 12 7 4 1 0 0 0 0 0 0 0
"73" 73 0.178707224335 334 41 37 20 13 12 10 9 8 7 6 1 1 1 0 0 0 0 0 0
"74" 74 0.0 453 15 12 6 4 4 2 2 1 1 0 0 0 0 0 0 0 0 0 0
"75" 75 0.0103626943005 214 148 48 28 24 21 8 3 2 2 1 1 0 0 0 0 0 0 0 0
"76" 76 0.0133928571429 280 46 39 32 26 22 20 11 7 5 4 3 2 2 1 0 0 0 0 0
"77" 77 0.0 287 172 13 9 8 6 4 1 0 0 0 0 0 0 0 0 0 0 0 0
"78" 78 0.214285714286 111 104 75 66 65 22 15 14 6 6 5 4 3 2 1 1 0 0 0 0
"79" 79 0.385057471264 166 67 57 54 38 35 28 22 17 6 6 2 2 0 0 0 0 0 0 0
"80" 80 0.0995024875622 201 62 36 33 33 21 19 15 14 12 12 12 10 8 8 2 1 1 0 0
"81" 81 0.302325581395 218 49 43 38 24 24 22 18 15 14 12 11 4 4 3 1 0 0 0 0
"82" 82 0.314465408805 196 61 60 36 32 27 25 14 11 9 8 6 6 4 2 1 1 1 0 0
"83" 83 0.418604651163 119 92 64 49 40 31 27 21 18 16 14 3 2 2 1 1 0 0 0 0
"84" 84 0.274611398964 282 40 37 35 34 18 14 13 5 5 5 5 4 2 1 0 0 0 0 0
"85" 85 0.785714285714 108 103 88 52 33 23 17 17 15 13 13 8 5 3 2 0 0 0 0 0
"86" 86 0.678571428571 106 95 81 64 27 27 25 24 17 12 9 5 4 2 1 1 0 0 0 0
"87" 87 0.556485355649 75 70 69 57 56 42 31 27 17 16 14 13 6 5 1 1 0 0 0 0
"88" 88 0.248803827751 208 78 65 39 20 18 14 13 12 8 6 5 4 4 3 3 0 0 0 0
"89" 89 0.0253807106599 183 81 60 45 32 29 28 15 8 6 3 3 2 2 1 1 1 0 0 0
"90" 90 0.284974093264 401 20 17 13 12 7 7 6 4 4 2 2 2 1 1 1 0 0 0 0
"91" 91 0.0210970464135 114 95 58 43 32 27 27 26 24 12 8 8 7 7 5 4 2 1 0 0
"92" 92 0.587591240876 136 110 73 47 43 23 20 19 12 9 3 2 2 1 0 0 0 0 0 0
"93" 93 0.457399103139 126 124 71 46 39 37 31 10 5 3 3 2 2 1 0 0 0 0 0 0
"94" 94 0.0753138075314 385 42 35 13 3 3 3 3 3 2 2 2 2 1 1 0 0 0 0 0
"95" 95 0.761627906977 142 118 92 66 53 15 6 5 2 1 0 0 0 0 0 0 0 0 0 0
"96" 96 0.0689655172414 189 121 97 31 15 10 8 6 5 5 4 2 2 2 1 1 1 0 0 0
"97" 97 0.251572327044 202 185 32 25 16 11 8 5 5 4 3 2 1 1 0 0 0 0 0 0
"98" 98 0.00418410041841 287 178 16 6 5 4 2 2 0 0 0 0 0 0 0 0 0 0 0 0
"99" 99 0.0 271 98 34 31 14 13 13 13 8 2 1 1 1 0 0 0 0 0 0 0
"100" 100 0.0126582278481 197 125 124 29 13 3 3 2 2 1 1 0 0 0 0 0 0 0 0 0
"101" 101 0.0384615384615 231 106 66 39 13 11 9 6 5 4 2 2 2 1 1 1 1 0 0 0
"102" 102 0.00632911392405 242 185 18 16 10 8 8 6 5 1 1 0 0 0 0 0 0 0 0 0
"103" 103 0.441605839416 114 92 83 74 46 26 18 17 14 6 6 4 0 0 0 0 0 0 0 0
"104" 104 0.269430051813 97 88 85 72 65 50 13 10 9 4 2 2 2 1 0 0 0 0 0 0
"105" 105 0.0 160 156 60 47 28 13 8 8 4 4 3 3 2 2 1 1 0 0 0 0
"106" 106 0.0 269 93 75 20 17 7 6 2 2 2 2 1 1 1 1 1 0 0 0 0
"107" 107 0.0401785714286 195 66 52 51 44 32 31 9 9 3 2 2 1 1 1 1 0 0 0 0
"108" 108 0.0 150 109 79 65 45 13 13 8 7 3 3 2 2 1 0 0 0 0 0 0
"109" 109 0.0 137 131 77 75 16 16 16 7 6 4 3 3 2 2 2 2 1 0 0 0
"110" 110 0.332116788321 188 111 54 41 27 22 17 16 10 6 4 3 1 0 0 0 0 0 0 0
"111" 111 0.0620437956204 190 113 65 46 32 18 12 7 7 4 2 2 1 1 0 0 0 0 0 0
"112" 112 0.142131979695 118 107 83 42 37 34 22 11 9 9 9 6 4 3 2 2 1 1 0 0
"113" 113 0.387596899225 163 156 37 36 20 19 19 10 9 8 6 5 5 4 2 1 0 0 0 0
"114" 114 0.178571428571 87 82 75 55 49 26 25 25 24 20 15 10 4 2 1 0 0 0 0 0
"115" 115 0.192307692308 500 0 0 0 0 0 0 0 0 0 0 0 0 0 0 0 0 0 0 0
"116" 116 0.046511627907 270 212 16 2 0 0 0 0 0 0 0 0 0 0 0 0 0 0 0 0
"117" 117 0.370860927152 175 140 52 41 33 28 10 8 7 5 1 0 0 0 0 0 0 0 0 0
"118" 118 0.0366972477064 177 171 63 48 17 10 7 4 2 1 0 0 0 0 0 0 0 0 0 0
"119" 119 0.0 339 89 21 19 13 10 5 1 1 1 1 0 0 0 0 0 0 0 0 0
"120" 120 0.0474452554745 246 167 54 14 9 3 2 2 1 1 1 0 0 0 0 0 0 0 0 0
"121" 121 0.00581395348837 264 202 14 8 6 3 2 1 0 0 0 0 0 0 0 0 0 0 0 0
"122" 122 0.160337552743 210 83 65 49 42 20 7 7 5 4 3 1 1 1 1 1 0 0 0 0
"123" 123 0.115384615385 500 0 0 0 0 0 0 0 0 0 0 0 0 0 0 0 0 0 0 0
"124" 124 0.375 277 109 75 13 8 6 3 2 2 2 2 1 0 0 0 0 0 0 0 0
"125" 125 0.459119496855 183 78 74 40 38 35 13 10 8 5 4 3 3 3 2 1 0 0 0 0
"126" 126 0.836538461538 487 6 3 2 1 1 0 0 0 0 0 0 0 0 0 0 0 0 0 0
"127" 127 0.406976744186 187 85 65 63 32 17 8 8 8 7 6 4 4 3 2 1 0 0 0 0
"128" 128 0.442307692308 332 115 11 10 9 6 6 3 3 3 1 1 0 0 0 0 0 0 0 0
"129" 129 0.389743589744 293 57 49 38 26 19 7 5 1 1 1 1 1 1 0 0 0 0 0 0
"130" 130 0.126903553299 228 100 71 16 15 13 12 10 7 7 5 5 5 3 2 1 0 0 0 0
"131" 131 0.362068965517 154 75 72 66 29 25 25 18 13 9 5 4 3 1 1 0 0 0 0 0
"132" 132 0.21875 116 115 68 49 40 28 22 13 11 11 10 5 5 3 3 1 0 0 0 0
"133" 133 0.0 339 89 41 16 5 3 3 2 1 1 0 0 0 0 0 0 0 0 0 0
"134" 134 0.172413793103 143 96 67 54 40 18 17 17 16 15 6 5 3 3 0 0 0 0 0 0
"135" 135 0.503649635036 122 119 108 31 30 19 18 14 9 8 7 5 5 2 2 1 0 0 0 0
"136" 136 0.0574162679426 227 129 45 38 37 7 4 3 2 2 2 2 1 1 0 0 0 0 0 0
"137" 137 0.0 177 66 65 64 39 19 18 17 12 11 5 5 1 1 0 0 0 0 0 0
"138" 138 0.547445255474 133 96 94 68 50 18 10 9 6 6 6 1 1 1 1 0 0 0 0 0
"139" 139 0.438818565401 132 115 87 41 30 21 16 12 10 10 7 7 6 4 2 0 0 0 0 0
"140" 140 0.00574712643678 241 62 37 27 24 24 22 21 8 8 8 7 5 3 3 0 0 0 0 0
"141" 141 0.102564102564 141 70 50 45 35 27 24 24 24 19 16 6 4 4 3 3 3 2 0 0
"142" 142 0.403100775194 100 82 65 56 45 32 25 21 21 17 14 11 8 2 1 0 0 0 0 0
"143" 143 0.112107623318 117 90 68 55 47 42 28 16 8 7 7 4 4 3 2 1 1 0 0 0
"144" 144 0.0609137055838 125 86 78 58 45 19 19 19 12 11 8 5 5 4 3 2 1 0 0 0
"145" 145 0.532846715328 106 87 82 66 34 32 25 23 18 9 8 5 4 1 0 0 0 0 0 0
"146" 146 0.455696202532 130 109 91 43 29 19 16 14 13 10 10 5 4 4 2 1 0 0 0 0
"147" 147 0.0 121 93 74 48 39 32 18 18 16 9 9 8 7 4 3 1 0 0 0 0
"148" 148 0.281609195402 121 63 60 49 39 27 25 24 16 14 12 11 9 9 9 7 5 0 0 0
"149" 149 0.748717948718 202 67 54 48 46 33 16 10 7 6 4 2 2 2 1 0 0 0 0 0
"150" 150 0.0871559633028 111 107 92 49 34 25 18 10 9 9 9 8 7 7 3 2 0 0 0 0
"151" 151 0.384105960265 101 85 82 66 46 32 30 15 12 9 7 5 4 2 2 1 1 0 0 0
"152" 152 0.446428571429 196 58 45 44 40 34 34 14 11 8 4 3 3 2 2 1 1 0 0 0
"153" 153 0.704663212435 105 99 76 71 47 32 17 15 11 10 7 4 4 1 1 0 0 0 0 0
"154" 154 0.477678571429 111 99 80 55 47 25 22 21 18 7 5 5 2 1 1 1 0 0 0 0
"155" 155 0.0 240 44 27 23 20 19 17 17 16 15 15 13 13 11 9 1 0 0 0 0
"156" 156 0.48275862069 188 75 65 37 34 23 20 13 13 12 10 4 3 2 1 0 0 0 0 0
"157" 157 0.53488372093 192 57 57 51 44 25 17 12 11 11 9 4 3 3 2 1 1 0 0 0
"158" 158 0.116071428571 137 76 58 51 28 27 23 19 19 16 13 9 8 5 4 3 3 1 0 0
"159" 159 0.0387596899225 383 55 47 7 2 2 2 1 1 0 0 0 0 0 0 0 0 0 0 0
"160" 160 0.776371308017 209 81 49 39 37 29 23 14 4 4 3 3 2 2 1 0 0 0 0 0
"161" 161 0.717488789238 148 107 88 49 22 19 13 12 8 8 5 5 5 4 3 2 1 1 0 0
"162" 162 0.129353233831 107 91 73 65 46 33 21 13 13 11 9 5 5 4 3 1 0 0 0 0
"163" 163 0.365384615385 336 156 5 2 1 0 0 0 0 0 0 0 0 0 0 0 0 0 0 0
"164" 164 0.100775193798 250 215 10 8 7 4 2 1 1 1 1 0 0 0 0 0 0 0 0 0
"165" 165 0.276729559748 256 67 52 19 18 16 16 15 15 10 7 3 2 2 1 1 0 0 0 0
"166" 166 0.206896551724 141 90 67 36 28 22 17 15 14 13 11 11 8 6 6 5 4 4 2 0
"167" 167 0.549107142857 153 107 59 57 42 21 20 14 11 9 3 2 1 1 0 0 0 0 0 0
"168" 168 0.0804597701149 124 59 55 49 37 36 35 34 21 20 10 6 5 5 3 1 0 0 0 0
"169" 169 0.0 130 85 64 54 41 40 24 14 10 8 7 6 6 5 4 1 1 0 0 0
"170" 170 0.328467153285 153 81 58 56 48 33 17 12 11 8 7 6 5 5 0 0 0 0 0 0
"171" 171 0.299107142857 213 114 81 28 22 14 13 5 5 2 2 1 0 0 0 0 0 0 0 0
"172" 172 0.0 180 71 47 45 40 31 22 17 15 15 9 4 2 1 1 0 0 0 0 0
"173" 173 0.20253164557 94 90 47 46 40 38 26 20 18 18 13 13 10 9 8 7 2 1 0 0
"174" 174 0.605839416058 164 76 53 42 38 25 24 22 16 12 9 9 6 2 2 0 0 0 0 0
"175" 175 0.358208955224 149 120 66 51 19 19 16 13 12 10 9 8 4 2 1 1 0 0 0 0
"176" 176 0.375 473 9 4 4 3 3 2 2 0 0 0 0 0 0 0 0 0 0 0 0
"177" 177 0.357664233577 149 104 70 63 52 51 4 4 1 1 1 0 0 0 0 0 0 0 0 0
"178" 178 0.0199004975124 184 164 120 9 7 6 3 2 2 1 1 1 0 0 0 0 0 0 0 0
"179" 179 0.295597484277 203 121 74 24 22 11 11 7 6 6 5 3 2 2 1 1 1 0 0 0
"180" 180 0.126436781609 173 143 94 17 16 14 14 13 9 4 2 1 0 0 0 0 0 0 0 0
"181" 181 0.35632183908 166 114 53 51 37 23 19 10 10 8 3 2 2 1 1 0 0 0 0 0
"182" 182 0.0153846153846 153 119 54 43 39 29 20 16 8 7 6 3 1 1 1 0 0 0 0 0
"183" 183 0.071129707113 257 76 51 39 20 20 10 7 6 5 3 2 2 1 1 0 0 0 0 0
"184" 184 0.0 418 52 17 5 4 2 1 1 0 0 0 0 0 0 0 0 0 0 0 0
"185" 185 0.0697674418605 284 77 50 49 21 9 4 4 1 1 0 0 0 0 0 0 0 0 0 0
"186" 186 0.105769230769 500 0 0 0 0 0 0 0 0 0 0 0 0 0 0 0 0 0 0 0
"187" 187 0.125 497 3 0 0 0 0 0 0 0 0 0 0 0 0 0 0 0 0 0 0
"188" 188 0.0804597701149 108 83 75 69 61 44 27 16 12 4 1 0 0 0 0 0 0 0 0 0
"189" 189 0.273255813953 242 66 61 26 22 21 12 11 10 8 7 4 3 3 3 1 0 0 0 0
"190" 190 0.331395348837 163 79 70 40 39 35 17 16 13 10 9 8 1 0 0 0 0 0 0 0
"191" 191 0.0377358490566 233 94 69 50 24 9 9 9 2 1 0 0 0 0 0 0 0 0 0 0
"192" 192 0.37984496124 164 102 39 35 34 32 30 22 16 13 6 2 1 1 1 1 1 0 0 0
"193" 193 0.150259067358 176 147 43 43 32 22 8 8 8 3 3 3 3 1 0 0 0 0 0 0
"194" 194 0.0 218 161 57 26 14 9 5 4 3 1 1 1 0 0 0 0 0 0 0 0
"195" 195 0.0542635658915 329 117 19 6 6 5 5 4 2 2 2 2 1 0 0 0 0 0 0 0
"196" 196 0.318407960199 173 78 78 43 35 17 14 11 8 8 8 7 6 5 5 3 1 0 0 0
"197" 197 0.0 279 92 43 31 22 15 5 3 2 2 2 1 1 1 1 0 0 0 0 0
"198" 198 0.0183486238532 392 18 15 12 11 11 9 8 5 4 4 3 3 3 1 1 0 0 0 0
"199" 199 0.526315789474 106 103 77 53 46 40 22 10 7 7 6 6 5 4 3 3 1 1 0 0
"200" 200 0.044776119403 223 38 37 32 29 26 24 24 17 16 15 10 6 2 1 0 0 0 0 0
"201" 201 0.336538461538 499 1 0 0 0 0 0 0 0 0 0 0 0 0 0 0 0 0 0 0
"202" 202 0.0 268 209 20 3 0 0 0 0 0 0 0 0 0 0 0 0 0 0 0 0
"203" 203 0.0880829015544 352 76 17 16 11 8 7 6 4 1 1 1 0 0 0 0 0 0 0 0
"204" 204 0.0 496 2 2 0 0 0 0 0 0 0 0 0 0 0 0 0 0 0 0 0
"205" 205 0.0 248 105 94 21 12 9 4 4 2 1 0 0 0 0 0 0 0 0 0 0
"206" 206 0.0585774058577 303 52 34 29 27 25 10 5 5 3 3 2 1 1 0 0 0 0 0 0
"207" 207 0.0344827586207 138 126 68 68 55 12 8 7 6 4 3 2 1 1 1 0 0 0 0 0
"208" 208 0.269230769231 250 91 52 46 30 28 2 1 0 0 0 0 0 0 0 0 0 0 0 0
"209" 209 0.298013245033 172 68 65 64 48 30 22 9 7 6 4 3 1 1 0 0 0 0 0 0
"210" 210 0.307692307692 120 103 58 39 33 29 29 23 22 15 12 12 2 2 1 0 0 0 0 0
"211" 211 0.0253807106599 96 63 59 55 53 51 41 31 22 10 9 5 4 1 0 0 0 0 0 0
"212" 212 0.146443514644 180 81 71 29 29 25 17 15 15 11 11 10 2 2 1 1 0 0 0 0
"213" 213 0.679324894515 130 89 75 74 48 23 16 15 8 7 6 5 2 2 0 0 0 0 0 0
"214" 214 0.172185430464 182 141 30 28 27 24 15 14 12 10 6 5 4 1 1 0 0 0 0 0
"215" 215 0.821428571429 114 93 76 65 42 35 32 26 6 4 3 2 1 1 0 0 0 0 0 0
"216" 216 0.415384615385 200 100 75 30 26 22 22 10 6 4 2 2 1 0 0 0 0 0 0 0
"217" 217 0.176100628931 153 119 80 32 26 18 18 16 10 9 7 4 3 3 1 1 0 0 0 0
"218" 218 0.290178571429 286 65 43 34 26 17 7 6 5 3 2 2 2 2 0 0 0 0 0 0
"219" 219 0.438818565401 111 88 79 73 45 27 18 14 12 10 6 5 5 3 2 2 0 0 0 0
"220" 220 0.148288973384 122 101 57 53 44 27 24 21 15 12 9 8 4 3 0 0 0 0 0 0
"221" 221 0.0 144 103 83 47 24 18 18 16 15 10 9 8 3 2 0 0 0 0 0 0
"222" 222 0.481751824818 195 146 60 43 12 8 8 7 5 4 4 4 2 1 1 0 0 0 0 0
"223" 223 0.0542635658915 172 85 68 38 29 25 21 20 11 11 9 5 2 2 1 1 0 0 0 0
"224" 224 0.00507614213198 149 89 67 33 31 28 23 15 13 9 9 8 7 7 6 3 3 0 0 0
"225" 225 0.0977011494253 120 96 76 74 22 21 18 17 16 16 15 4 2 2 1 0 0 0 0 0
"226" 226 0.433035714286 205 80 57 52 35 32 13 7 5 4 3 2 2 2 1 0 0 0 0 0
"227" 227 0.0 365 63 62 8 1 1 0 0 0 0 0 0 0 0 0 0 0 0 0 0
"228" 228 0.0 149 149 105 36 25 16 11 3 2 2 1 1 0 0 0 0 0 0 0 0
"229" 229 0.354651162791 151 97 87 41 37 30 22 15 5 5 3 2 2 2 1 0 0 0 0 0
"230" 230 0.282296650718 203 135 58 30 17 16 12 8 7 7 4 3 0 0 0 0 0 0 0 0
"231" 231 0.19391634981 172 168 46 37 29 17 9 8 6 2 2 1 1 1 1 0 0 0 0 0
"232" 232 0.553571428571 136 69 64 59 41 40 38 11 9 9 8 7 5 4 0 0 0 0 0 0
"233" 233 0.388601036269 189 80 47 39 38 30 21 16 10 9 7 6 3 3 1 1 0 0 0 0
"234" 234 0.543726235741 140 73 56 54 45 42 21 16 16 15 7 6 5 3 1 0 0 0 0 0
"235" 235 0.714285714286 141 109 64 56 36 27 21 19 9 7 5 4 1 1 0 0 0 0 0 0
"236" 236 0.223880597015 211 63 57 41 37 16 15 11 10 8 7 7 6 4 4 2 1 0 0 0
"237" 237 0.0609137055838 212 88 32 31 28 22 22 15 12 12 10 10 4 2 0 0 0 0 0 0
"238" 238 0.410852713178 123 87 67 47 35 29 23 21 18 18 12 6 6 4 3 1 0 0 0 0
"239" 239 0.583732057416 145 112 60 59 28 19 18 17 14 12 5 5 2 1 1 1 1 0 0 0
"240" 240 0.164179104478 237 83 75 29 20 11 9 7 7 7 6 3 3 1 1 1 0 0 0 0
"241" 241 0.403973509934 123 97 79 55 32 23 22 15 14 11 6 6 5 4 4 3 1 0 0 0
"242" 242 0.607594936709 227 56 44 38 26 24 16 16 15 14 11 5 4 2 1 1 0 0 0 0
"243" 243 0.596153846154 404 96 0 0 0 0 0 0 0 0 0 0 0 0 0 0 0 0 0 0
"244" 244 0.691542288557 155 94 73 49 38 32 13 9 9 7 6 5 5 3 1 1 0 0 0 0
