"site" "RSA" "aa1" "aa2" "aa3" "aa4" "aa5" "aa6" "aa7" "aa8" "aa9" "aa10" "aa11" "aa12" "aa13" "aa14" "aa15" "aa16" "aa17" "aa18" "aa19" "aa20"
"0" 0 0.848623853211 204 142 122 13 11 6 2 0 0 0 0 0 0 0 0 0 0 0 0 0
"1" 1 0.517948717949 500 0 0 0 0 0 0 0 0 0 0 0 0 0 0 0 0 0 0 0
"2" 2 0.0583941605839 302 165 12 8 8 5 0 0 0 0 0 0 0 0 0 0 0 0 0 0
"3" 3 0.383647798742 217 189 55 23 13 3 0 0 0 0 0 0 0 0 0 0 0 0 0 0
"4" 4 0.443708609272 179 102 84 71 24 21 19 0 0 0 0 0 0 0 0 0 0 0 0 0
"5" 5 0.644230769231 500 0 0 0 0 0 0 0 0 0 0 0 0 0 0 0 0 0 0 0
"6" 6 0.0766423357664 411 52 36 1 0 0 0 0 0 0 0 0 0 0 0 0 0 0 0 0
"7" 7 0.317829457364 334 81 29 25 17 6 5 3 0 0 0 0 0 0 0 0 0 0 0 0
"8" 8 0.294573643411 183 105 100 67 12 11 10 6 6 0 0 0 0 0 0 0 0 0 0 0
"9" 9 0.424870466321 115 90 76 76 49 46 17 13 7 5 4 1 1 0 0 0 0 0 0 0
"10" 10 0.430493273543 399 94 4 3 0 0 0 0 0 0 0 0 0 0 0 0 0 0 0 0
"11" 11 0.0348258706468 434 25 14 14 7 5 1 0 0 0 0 0 0 0 0 0 0 0 0 0
"12" 12 0.043795620438 500 0 0 0 0 0 0 0 0 0 0 0 0 0 0 0 0 0 0 0
"13" 13 0.704402515723 263 99 81 33 16 7 1 0 0 0 0 0 0 0 0 0 0 0 0 0
"14" 14 0.137055837563 226 86 46 42 30 30 10 9 6 6 5 3 1 0 0 0 0 0 0 0
"15" 15 0.565693430657 261 187 32 20 0 0 0 0 0 0 0 0 0 0 0 0 0 0 0 0
"16" 16 0.126903553299 187 90 86 57 39 13 11 10 5 1 1 0 0 0 0 0 0 0 0 0
"17" 17 0.313953488372 185 146 144 11 6 4 2 1 1 0 0 0 0 0 0 0 0 0 0 0
"18" 18 0.142335766423 205 133 107 26 25 3 1 0 0 0 0 0 0 0 0 0 0 0 0 0
"19" 19 0.622009569378 254 121 69 46 5 3 2 0 0 0 0 0 0 0 0 0 0 0 0 0
"20" 20 0.414448669202 124 123 109 66 47 21 7 2 1 0 0 0 0 0 0 0 0 0 0 0
"21" 21 0.360465116279 129 82 76 59 54 46 27 18 6 3 0 0 0 0 0 0 0 0 0 0
"22" 22 0.789029535865 429 39 26 6 0 0 0 0 0 0 0 0 0 0 0 0 0 0 0 0
"23" 23 0.77033492823 387 44 39 28 2 0 0 0 0 0 0 0 0 0 0 0 0 0 0 0
"24" 24 0.178294573643 500 0 0 0 0 0 0 0 0 0 0 0 0 0 0 0 0 0 0 0
"25" 25 0.174107142857 189 150 112 29 10 7 2 1 0 0 0 0 0 0 0 0 0 0 0 0
"26" 26 0.00961538461538 500 0 0 0 0 0 0 0 0 0 0 0 0 0 0 0 0 0 0 0
"27" 27 0.00662251655629 500 0 0 0 0 0 0 0 0 0 0 0 0 0 0 0 0 0 0 0
"28" 28 0.0 387 64 25 24 0 0 0 0 0 0 0 0 0 0 0 0 0 0 0 0
"29" 29 0.0696517412935 350 46 37 29 25 11 1 1 0 0 0 0 0 0 0 0 0 0 0 0
"30" 30 0.0 179 139 97 84 1 0 0 0 0 0 0 0 0 0 0 0 0 0 0 0
"31" 31 0.0982142857143 354 79 21 19 14 13 0 0 0 0 0 0 0 0 0 0 0 0 0 0
"32" 32 0.0 202 158 139 1 0 0 0 0 0 0 0 0 0 0 0 0 0 0 0 0
"33" 33 0.182692307692 500 0 0 0 0 0 0 0 0 0 0 0 0 0 0 0 0 0 0 0
"34" 34 0.492227979275 424 42 28 6 0 0 0 0 0 0 0 0 0 0 0 0 0 0 0 0
"35" 35 0.0 351 137 9 3 0 0 0 0 0 0 0 0 0 0 0 0 0 0 0 0
"36" 36 0.295358649789 145 131 89 64 31 16 13 6 3 2 0 0 0 0 0 0 0 0 0 0
"37" 37 0.0 198 167 132 2 1 0 0 0 0 0 0 0 0 0 0 0 0 0 0 0
"38" 38 0.106598984772 116 116 114 110 22 9 7 3 2 1 0 0 0 0 0 0 0 0 0 0
"39" 39 0.0 183 175 120 21 1 0 0 0 0 0 0 0 0 0 0 0 0 0 0 0
"40" 40 0.122093023256 214 203 63 7 5 4 3 1 0 0 0 0 0 0 0 0 0 0 0 0
"41" 41 0.0 485 15 0 0 0 0 0 0 0 0 0 0 0 0 0 0 0 0 0 0
"42" 42 0.245033112583 468 22 9 1 0 0 0 0 0 0 0 0 0 0 0 0 0 0 0 0
"43" 43 0.131782945736 337 72 33 32 14 8 3 1 0 0 0 0 0 0 0 0 0 0 0 0
"44" 44 0.477678571429 349 74 41 22 9 2 2 1 0 0 0 0 0 0 0 0 0 0 0 0
"45" 45 0.695364238411 498 1 1 0 0 0 0 0 0 0 0 0 0 0 0 0 0 0 0 0
"46" 46 0.192307692308 500 0 0 0 0 0 0 0 0 0 0 0 0 0 0 0 0 0 0 0
"47" 47 0.241379310345 294 183 14 7 2 0 0 0 0 0 0 0 0 0 0 0 0 0 0 0
"48" 48 0.396226415094 373 75 51 1 0 0 0 0 0 0 0 0 0 0 0 0 0 0 0 0
"49" 49 0.605839416058 500 0 0 0 0 0 0 0 0 0 0 0 0 0 0 0 0 0 0 0
"50" 50 0.125523012552 318 175 4 3 0 0 0 0 0 0 0 0 0 0 0 0 0 0 0 0
"51" 51 0.771144278607 495 3 2 0 0 0 0 0 0 0 0 0 0 0 0 0 0 0 0 0
"52" 52 0.561181434599 495 3 2 0 0 0 0 0 0 0 0 0 0 0 0 0 0 0 0 0
"53" 53 0.242152466368 500 0 0 0 0 0 0 0 0 0 0 0 0 0 0 0 0 0 0 0
"54" 54 0.0 500 0 0 0 0 0 0 0 0 0 0 0 0 0 0 0 0 0 0 0
"55" 55 0.152482269504 277 70 52 40 29 24 5 3 0 0 0 0 0 0 0 0 0 0 0 0
"56" 56 0.0 323 162 12 2 1 0 0 0 0 0 0 0 0 0 0 0 0 0 0 0
"57" 57 0.308139534884 130 120 75 68 35 19 15 13 8 8 6 1 1 1 0 0 0 0 0 0
"58" 58 0.062015503876 441 59 0 0 0 0 0 0 0 0 0 0 0 0 0 0 0 0 0 0
"59" 59 0.455357142857 312 91 40 30 7 6 5 4 2 2 1 0 0 0 0 0 0 0 0 0
"60" 60 0.0228136882129 437 43 18 1 1 0 0 0 0 0 0 0 0 0 0 0 0 0 0 0
"61" 61 0.105769230769 362 51 30 29 20 4 2 1 1 0 0 0 0 0 0 0 0 0 0 0
"62" 62 0.174311926606 413 28 16 10 10 9 7 2 2 2 1 0 0 0 0 0 0 0 0 0
"63" 63 0.388059701493 336 75 19 18 17 16 7 5 4 2 1 0 0 0 0 0 0 0 0 0
"64" 64 0.062893081761 396 73 30 1 0 0 0 0 0 0 0 0 0 0 0 0 0 0 0 0
"65" 65 0.605839416058 373 124 2 1 0 0 0 0 0 0 0 0 0 0 0 0 0 0 0 0
"66" 66 0.0331125827815 491 9 0 0 0 0 0 0 0 0 0 0 0 0 0 0 0 0 0 0
"67" 67 0.197674418605 334 111 17 10 9 8 5 4 1 1 0 0 0 0 0 0 0 0 0 0
"68" 68 0.5 349 73 41 23 10 2 1 1 0 0 0 0 0 0 0 0 0 0 0 0
"69" 69 0.642857142857 402 48 32 18 0 0 0 0 0 0 0 0 0 0 0 0 0 0 0 0
"70" 70 0.551094890511 345 149 2 2 1 1 0 0 0 0 0 0 0 0 0 0 0 0 0 0
"71" 71 0.215384615385 180 139 85 51 36 3 3 1 1 1 0 0 0 0 0 0 0 0 0 0
"72" 72 0.497757847534 384 112 2 1 1 0 0 0 0 0 0 0 0 0 0 0 0 0 0 0
"73" 73 0.448905109489 419 58 9 8 6 0 0 0 0 0 0 0 0 0 0 0 0 0 0 0
"74" 74 0.209821428571 306 60 41 29 14 14 13 12 9 2 0 0 0 0 0 0 0 0 0 0
"75" 75 0.674418604651 369 54 28 22 14 12 1 0 0 0 0 0 0 0 0 0 0 0 0 0
"76" 76 0.576158940397 419 36 27 11 7 0 0 0 0 0 0 0 0 0 0 0 0 0 0 0
"77" 77 0.412408759124 383 114 2 1 0 0 0 0 0 0 0 0 0 0 0 0 0 0 0 0
"78" 78 0.615384615385 500 0 0 0 0 0 0 0 0 0 0 0 0 0 0 0 0 0 0 0
"79" 79 0.493670886076 495 5 0 0 0 0 0 0 0 0 0 0 0 0 0 0 0 0 0 0
"80" 80 0.295964125561 205 94 79 56 20 17 16 6 6 1 0 0 0 0 0 0 0 0 0 0
"81" 81 0.201923076923 288 168 24 8 8 2 1 1 0 0 0 0 0 0 0 0 0 0 0 0
"82" 82 0.519230769231 277 99 66 27 17 9 3 2 0 0 0 0 0 0 0 0 0 0 0 0
"83" 83 0.394160583942 392 40 36 22 4 3 2 1 0 0 0 0 0 0 0 0 0 0 0 0
"84" 84 0.046511627907 247 79 74 33 31 13 10 7 3 1 1 1 0 0 0 0 0 0 0 0
"85" 85 0.383084577114 205 117 116 28 27 6 1 0 0 0 0 0 0 0 0 0 0 0 0 0
"86" 86 0.352678571429 206 127 57 36 26 25 12 6 4 1 0 0 0 0 0 0 0 0 0 0
"87" 87 0.0 192 188 71 12 10 8 7 6 3 1 1 1 0 0 0 0 0 0 0 0
"88" 88 0.0896860986547 474 24 2 0 0 0 0 0 0 0 0 0 0 0 0 0 0 0 0 0
"89" 89 0.627737226277 216 102 72 42 37 19 12 0 0 0 0 0 0 0 0 0 0 0 0 0
"90" 90 0.0398009950249 231 106 68 26 22 13 13 12 5 4 0 0 0 0 0 0 0 0 0 0
"91" 91 0.0 359 60 56 11 8 4 2 0 0 0 0 0 0 0 0 0 0 0 0 0
"92" 92 0.0192307692308 168 143 104 41 24 13 6 1 0 0 0 0 0 0 0 0 0 0 0 0
"93" 93 0.339416058394 217 85 72 48 40 21 7 6 2 1 1 0 0 0 0 0 0 0 0 0
"94" 94 0.0 401 73 17 8 1 0 0 0 0 0 0 0 0 0 0 0 0 0 0 0
"95" 95 0.0 385 82 27 6 0 0 0 0 0 0 0 0 0 0 0 0 0 0 0 0
"96" 96 0.21897810219 226 155 90 26 3 0 0 0 0 0 0 0 0 0 0 0 0 0 0 0
"97" 97 0.271317829457 455 12 11 7 6 3 3 3 0 0 0 0 0 0 0 0 0 0 0 0
"98" 98 0.0232558139535 396 104 0 0 0 0 0 0 0 0 0 0 0 0 0 0 0 0 0 0
"99" 99 0.0149253731343 498 2 0 0 0 0 0 0 0 0 0 0 0 0 0 0 0 0 0 0
"100" 100 0.19170984456 500 0 0 0 0 0 0 0 0 0 0 0 0 0 0 0 0 0 0 0
"101" 101 0.114427860697 348 89 55 5 2 1 0 0 0 0 0 0 0 0 0 0 0 0 0 0
"102" 102 0.443708609272 500 0 0 0 0 0 0 0 0 0 0 0 0 0 0 0 0 0 0 0
"103" 103 0.350210970464 500 0 0 0 0 0 0 0 0 0 0 0 0 0 0 0 0 0 0 0
"104" 104 0.0 484 10 4 2 0 0 0 0 0 0 0 0 0 0 0 0 0 0 0 0
"105" 105 0.0480769230769 500 0 0 0 0 0 0 0 0 0 0 0 0 0 0 0 0 0 0 0
"106" 106 0.584821428571 244 198 58 0 0 0 0 0 0 0 0 0 0 0 0 0 0 0 0 0
"107" 107 0.0923076923077 395 96 9 0 0 0 0 0 0 0 0 0 0 0 0 0 0 0 0 0
"108" 108 0.0290697674419 266 181 28 18 3 2 1 1 0 0 0 0 0 0 0 0 0 0 0 0
"109" 109 0.0 480 20 0 0 0 0 0 0 0 0 0 0 0 0 0 0 0 0 0 0
"110" 110 0.368821292776 162 145 88 48 21 13 9 8 4 1 1 0 0 0 0 0 0 0 0 0
"111" 111 0.00507614213198 481 11 4 2 2 0 0 0 0 0 0 0 0 0 0 0 0 0 0 0
"112" 112 0.20207253886 142 96 80 80 52 20 15 8 3 2 1 1 0 0 0 0 0 0 0 0
"113" 113 0.0 464 11 11 6 5 3 0 0 0 0 0 0 0 0 0 0 0 0 0 0
"114" 114 0.310880829016 279 102 54 26 20 15 2 1 1 0 0 0 0 0 0 0 0 0 0 0
"115" 115 0.0 482 10 7 1 0 0 0 0 0 0 0 0 0 0 0 0 0 0 0 0
"116" 116 0.38578680203 241 79 65 42 30 28 4 4 3 3 1 0 0 0 0 0 0 0 0 0
"117" 117 0.340807174888 355 79 32 16 12 6 0 0 0 0 0 0 0 0 0 0 0 0 0 0
"118" 118 0.178294573643 190 114 60 59 41 10 9 5 4 4 2 1 1 0 0 0 0 0 0 0
"119" 119 0.20207253886 496 4 0 0 0 0 0 0 0 0 0 0 0 0 0 0 0 0 0 0
"120" 120 0.105769230769 500 0 0 0 0 0 0 0 0 0 0 0 0 0 0 0 0 0 0 0
"121" 121 0.173076923077 350 149 1 0 0 0 0 0 0 0 0 0 0 0 0 0 0 0 0 0
"122" 122 0.0348837209302 335 120 28 11 6 0 0 0 0 0 0 0 0 0 0 0 0 0 0 0
"123" 123 0.120437956204 239 114 106 28 7 2 2 1 1 0 0 0 0 0 0 0 0 0 0 0
"124" 124 0.00581395348837 270 224 5 1 0 0 0 0 0 0 0 0 0 0 0 0 0 0 0 0
"125" 125 0.0 342 70 50 38 0 0 0 0 0 0 0 0 0 0 0 0 0 0 0 0
"126" 126 0.0 248 241 11 0 0 0 0 0 0 0 0 0 0 0 0 0 0 0 0 0
"127" 127 0.00507614213198 377 60 32 18 10 3 0 0 0 0 0 0 0 0 0 0 0 0 0 0
"128" 128 0.0 237 150 110 2 1 0 0 0 0 0 0 0 0 0 0 0 0 0 0 0
"129" 129 0.0 403 89 8 0 0 0 0 0 0 0 0 0 0 0 0 0 0 0 0 0
"130" 130 0.0 383 117 0 0 0 0 0 0 0 0 0 0 0 0 0 0 0 0 0 0
"131" 131 0.00581395348837 455 42 3 0 0 0 0 0 0 0 0 0 0 0 0 0 0 0 0 0
"132" 132 0.0 208 117 75 39 26 21 6 4 2 1 1 0 0 0 0 0 0 0 0 0
"133" 133 0.0 485 15 0 0 0 0 0 0 0 0 0 0 0 0 0 0 0 0 0 0
"134" 134 0.00995024875622 498 1 1 0 0 0 0 0 0 0 0 0 0 0 0 0 0 0 0 0
"135" 135 0.162436548223 223 90 79 57 19 13 4 4 4 4 3 0 0 0 0 0 0 0 0 0
"136" 136 0.0673575129534 152 120 72 71 45 25 9 4 1 1 0 0 0 0 0 0 0 0 0 0
"137" 137 0.0 499 1 0 0 0 0 0 0 0 0 0 0 0 0 0 0 0 0 0 0
"138" 138 0.0646766169154 497 1 1 1 0 0 0 0 0 0 0 0 0 0 0 0 0 0 0 0
"139" 139 0.457364341085 232 67 50 46 43 34 18 6 3 1 0 0 0 0 0 0 0 0 0 0
"140" 140 0.252873563218 208 110 105 59 14 4 0 0 0 0 0 0 0 0 0 0 0 0 0 0
"141" 141 0.0199004975124 394 73 28 3 2 0 0 0 0 0 0 0 0 0 0 0 0 0 0 0
"142" 142 0.514767932489 479 17 3 1 0 0 0 0 0 0 0 0 0 0 0 0 0 0 0 0
"143" 143 0.827004219409 408 72 9 8 2 1 0 0 0 0 0 0 0 0 0 0 0 0 0 0
"144" 144 0.540145985401 267 111 70 31 9 7 2 2 1 0 0 0 0 0 0 0 0 0 0 0
"145" 145 0.615384615385 500 0 0 0 0 0 0 0 0 0 0 0 0 0 0 0 0 0 0 0
"146" 146 0.170542635659 427 37 31 5 0 0 0 0 0 0 0 0 0 0 0 0 0 0 0 0
"147" 147 0.124378109453 500 0 0 0 0 0 0 0 0 0 0 0 0 0 0 0 0 0 0 0
"148" 148 0.497890295359 500 0 0 0 0 0 0 0 0 0 0 0 0 0 0 0 0 0 0 0
"149" 149 0.384615384615 500 0 0 0 0 0 0 0 0 0 0 0 0 0 0 0 0 0 0 0
"150" 150 0.502564102564 483 16 1 0 0 0 0 0 0 0 0 0 0 0 0 0 0 0 0 0
"151" 151 0.0125786163522 477 18 4 1 0 0 0 0 0 0 0 0 0 0 0 0 0 0 0 0
"152" 152 0.323383084577 304 127 39 22 5 2 1 0 0 0 0 0 0 0 0 0 0 0 0 0
"153" 153 0.523206751055 224 201 75 0 0 0 0 0 0 0 0 0 0 0 0 0 0 0 0 0
"154" 154 0.291479820628 258 91 75 46 17 9 3 1 0 0 0 0 0 0 0 0 0 0 0 0
"155" 155 0.0963302752294 157 136 91 57 19 12 10 8 4 3 2 1 0 0 0 0 0 0 0 0
"156" 156 0.0 243 235 21 1 0 0 0 0 0 0 0 0 0 0 0 0 0 0 0 0
"157" 157 0.0 246 177 50 27 0 0 0 0 0 0 0 0 0 0 0 0 0 0 0 0
"158" 158 0.0077519379845 306 194 0 0 0 0 0 0 0 0 0 0 0 0 0 0 0 0 0 0
"159" 159 0.0 237 202 61 0 0 0 0 0 0 0 0 0 0 0 0 0 0 0 0 0
"160" 160 0.0331125827815 305 185 6 3 1 0 0 0 0 0 0 0 0 0 0 0 0 0 0 0
"161" 161 0.00574712643678 306 111 61 22 0 0 0 0 0 0 0 0 0 0 0 0 0 0 0 0
"162" 162 0.0 464 35 1 0 0 0 0 0 0 0 0 0 0 0 0 0 0 0 0 0
"163" 163 0.126903553299 294 174 16 6 5 4 1 0 0 0 0 0 0 0 0 0 0 0 0 0
"164" 164 0.144486692015 206 161 107 19 3 2 1 1 0 0 0 0 0 0 0 0 0 0 0 0
"165" 165 0.417040358744 249 177 44 11 10 9 0 0 0 0 0 0 0 0 0 0 0 0 0 0
"166" 166 0.615384615385 500 0 0 0 0 0 0 0 0 0 0 0 0 0 0 0 0 0 0 0
"167" 167 0.33908045977 308 103 55 16 8 6 2 2 0 0 0 0 0 0 0 0 0 0 0 0
"168" 168 0.251572327044 290 78 75 21 11 10 5 5 4 1 0 0 0 0 0 0 0 0 0 0
"169" 169 0.0229885057471 271 147 45 24 9 2 1 1 0 0 0 0 0 0 0 0 0 0 0 0
"170" 170 0.00497512437811 466 19 4 3 3 3 2 0 0 0 0 0 0 0 0 0 0 0 0 0
"171" 171 0.0 476 24 0 0 0 0 0 0 0 0 0 0 0 0 0 0 0 0 0 0
"172" 172 0.00995024875622 494 6 0 0 0 0 0 0 0 0 0 0 0 0 0 0 0 0 0 0
"173" 173 0.0569948186528 491 9 0 0 0 0 0 0 0 0 0 0 0 0 0 0 0 0 0 0
"174" 174 0.490494296578 295 68 59 36 23 17 1 1 0 0 0 0 0 0 0 0 0 0 0 0
"175" 175 0.492537313433 176 134 82 55 43 7 2 1 0 0 0 0 0 0 0 0 0 0 0 0
"176" 176 0.0 142 97 91 57 45 23 16 14 14 1 0 0 0 0 0 0 0 0 0 0
"177" 177 0.362694300518 246 132 59 44 11 3 2 2 1 0 0 0 0 0 0 0 0 0 0 0
"178" 178 0.443708609272 219 136 97 26 21 1 0 0 0 0 0 0 0 0 0 0 0 0 0 0
"179" 179 0.441860465116 211 131 60 48 30 13 6 1 0 0 0 0 0 0 0 0 0 0 0 0
"180" 180 0.046511627907 397 102 1 0 0 0 0 0 0 0 0 0 0 0 0 0 0 0 0 0
"181" 181 0.473214285714 496 4 0 0 0 0 0 0 0 0 0 0 0 0 0 0 0 0 0 0
"182" 182 0.0581395348837 274 173 48 4 1 0 0 0 0 0 0 0 0 0 0 0 0 0 0 0
"183" 183 0.129533678756 332 90 59 10 9 0 0 0 0 0 0 0 0 0 0 0 0 0 0 0
"184" 184 0.00497512437811 429 65 3 2 1 0 0 0 0 0 0 0 0 0 0 0 0 0 0 0
"185" 185 0.0923076923077 134 120 119 82 22 10 7 5 1 0 0 0 0 0 0 0 0 0 0 0
"186" 186 0.00574712643678 316 117 45 9 8 2 2 1 0 0 0 0 0 0 0 0 0 0 0 0
"187" 187 0.0172413793103 364 100 32 1 1 1 1 0 0 0 0 0 0 0 0 0 0 0 0 0
"188" 188 0.00917431192661 221 168 87 13 6 2 1 1 1 0 0 0 0 0 0 0 0 0 0 0
"189" 189 0.0581395348837 154 122 89 44 42 27 17 3 2 0 0 0 0 0 0 0 0 0 0 0
"190" 190 0.279792746114 279 63 51 37 37 30 1 1 1 0 0 0 0 0 0 0 0 0 0 0
"191" 191 0.713178294574 148 130 116 89 10 2 2 2 1 0 0 0 0 0 0 0 0 0 0 0
"192" 192 0.307692307692 500 0 0 0 0 0 0 0 0 0 0 0 0 0 0 0 0 0 0 0
"193" 193 0.317307692308 161 112 91 55 47 22 9 3 0 0 0 0 0 0 0 0 0 0 0 0
"194" 194 0.364016736402 172 92 86 70 52 10 7 6 3 1 1 0 0 0 0 0 0 0 0 0
"195" 195 0.258883248731 183 150 71 30 16 15 13 12 5 5 0 0 0 0 0 0 0 0 0 0
"196" 196 0.1875 441 25 19 8 4 1 1 1 0 0 0 0 0 0 0 0 0 0 0 0
"197" 197 0.362068965517 121 88 73 57 56 36 28 19 7 7 3 3 1 1 0 0 0 0 0 0
"198" 198 0.313901345291 218 115 92 36 19 10 7 1 1 1 0 0 0 0 0 0 0 0 0 0
"199" 199 0.298076923077 182 164 105 41 4 3 1 0 0 0 0 0 0 0 0 0 0 0 0 0
"200" 200 0.372093023256 141 104 86 67 43 16 15 11 11 3 3 0 0 0 0 0 0 0 0 0
"201" 201 0.31007751938 253 247 0 0 0 0 0 0 0 0 0 0 0 0 0 0 0 0 0 0
"202" 202 0.625 324 124 36 6 4 4 2 0 0 0 0 0 0 0 0 0 0 0 0 0
"203" 203 0.269230769231 500 0 0 0 0 0 0 0 0 0 0 0 0 0 0 0 0 0 0 0
"204" 204 0.596899224806 274 215 6 3 2 0 0 0 0 0 0 0 0 0 0 0 0 0 0 0
"205" 205 0.635220125786 244 69 63 51 48 25 0 0 0 0 0 0 0 0 0 0 0 0 0 0
"206" 206 0.225941422594 446 53 1 0 0 0 0 0 0 0 0 0 0 0 0 0 0 0 0 0
"207" 207 0.63503649635 441 40 8 7 3 1 0 0 0 0 0 0 0 0 0 0 0 0 0 0
"208" 208 0.572327044025 257 184 59 0 0 0 0 0 0 0 0 0 0 0 0 0 0 0 0 0
"209" 209 0.604651162791 292 190 9 4 2 2 1 0 0 0 0 0 0 0 0 0 0 0 0 0
"210" 210 0.294642857143 244 133 80 30 5 2 2 2 1 1 0 0 0 0 0 0 0 0 0 0
"211" 211 0.243781094527 193 131 109 48 7 7 2 2 1 0 0 0 0 0 0 0 0 0 0 0
"212" 212 0.461538461538 299 84 71 32 14 0 0 0 0 0 0 0 0 0 0 0 0 0 0 0
"213" 213 0.302325581395 267 109 71 23 22 5 2 1 0 0 0 0 0 0 0 0 0 0 0 0
"214" 214 0.0045871559633 477 10 6 4 2 1 0 0 0 0 0 0 0 0 0 0 0 0 0 0
"215" 215 0.10447761194 250 118 56 36 21 5 4 3 2 2 2 1 0 0 0 0 0 0 0 0
"216" 216 0.5625 286 78 77 30 19 6 3 1 0 0 0 0 0 0 0 0 0 0 0 0
"217" 217 0.109452736318 155 115 113 37 32 22 9 8 5 1 1 1 1 0 0 0 0 0 0 0
"218" 218 0.0 361 135 4 0 0 0 0 0 0 0 0 0 0 0 0 0 0 0 0 0
"219" 219 0.304932735426 311 105 35 14 9 7 6 6 3 3 1 0 0 0 0 0 0 0 0 0
"220" 220 0.479820627803 225 175 29 26 25 9 5 3 2 1 0 0 0 0 0 0 0 0 0 0
"221" 221 0.0384615384615 374 113 9 4 0 0 0 0 0 0 0 0 0 0 0 0 0 0 0 0
"222" 222 0.0 306 71 48 37 36 2 0 0 0 0 0 0 0 0 0 0 0 0 0 0
"223" 223 0.403587443946 207 199 52 24 14 2 1 1 0 0 0 0 0 0 0 0 0 0 0 0
"224" 224 0.428571428571 133 128 96 57 56 13 8 5 3 1 0 0 0 0 0 0 0 0 0 0
"225" 225 0.0 179 179 79 23 13 9 7 6 4 1 0 0 0 0 0 0 0 0 0 0
"226" 226 0.00418410041841 373 100 27 0 0 0 0 0 0 0 0 0 0 0 0 0 0 0 0 0
"227" 227 0.553571428571 277 91 42 40 29 10 7 3 1 0 0 0 0 0 0 0 0 0 0 0
"228" 228 0.243781094527 251 108 60 56 10 4 4 2 2 2 1 0 0 0 0 0 0 0 0 0
"229" 229 0.0 142 72 66 45 43 39 38 21 17 13 2 2 0 0 0 0 0 0 0 0
"230" 230 0.456204379562 151 141 96 44 43 14 4 3 2 2 0 0 0 0 0 0 0 0 0 0
"231" 231 0.457364341085 360 66 27 25 14 6 2 0 0 0 0 0 0 0 0 0 0 0 0 0
"232" 232 0.131782945736 486 12 1 1 0 0 0 0 0 0 0 0 0 0 0 0 0 0 0 0
"233" 233 0.189054726368 270 102 43 27 26 21 7 2 1 1 0 0 0 0 0 0 0 0 0 0
"234" 234 0.558139534884 477 22 1 0 0 0 0 0 0 0 0 0 0 0 0 0 0 0 0 0
"235" 235 0.808035714286 362 135 3 0 0 0 0 0 0 0 0 0 0 0 0 0 0 0 0 0
