"site" "RSA" "aa1" "aa2" "aa3" "aa4" "aa5" "aa6" "aa7" "aa8" "aa9" "aa10" "aa11" "aa12" "aa13" "aa14" "aa15" "aa16" "aa17" "aa18" "aa19" "aa20"
"0" 0 0.5 470 12 10 3 2 1 1 1 0 0 0 0 0 0 0 0 0 0 0 0
"1" 1 0.630769230769 122 109 85 55 46 37 30 6 5 3 2 0 0 0 0 0 0 0 0 0
"2" 2 0.649746192893 123 99 54 39 32 31 31 30 22 20 5 5 4 4 1 0 0 0 0 0
"3" 3 0.092050209205 179 93 60 47 26 24 16 15 10 7 7 6 4 3 3 0 0 0 0 0
"4" 4 0.0397350993377 160 151 48 32 31 24 15 11 7 7 4 4 3 2 1 0 0 0 0 0
"5" 5 0.456953642384 166 67 55 45 44 31 24 23 11 11 9 7 3 3 1 0 0 0 0 0
"6" 6 0.0733944954128 153 89 50 41 40 38 26 18 14 11 5 5 4 3 2 1 0 0 0 0
"7" 7 0.0167364016736 140 70 67 65 44 22 22 18 13 13 7 6 5 4 2 2 0 0 0 0
"8" 8 0.378238341969 132 101 100 45 40 17 16 15 10 7 5 5 3 2 2 0 0 0 0 0
"9" 9 0.430379746835 163 96 78 42 38 24 23 8 7 5 5 5 4 2 0 0 0 0 0 0
"10" 10 0.0298507462687 367 59 37 11 10 5 5 2 1 1 1 1 0 0 0 0 0 0 0 0
"11" 11 0.63475177305 207 85 33 32 29 27 24 14 13 9 7 7 7 3 1 1 1 0 0 0
"12" 12 0.615384615385 500 0 0 0 0 0 0 0 0 0 0 0 0 0 0 0 0 0 0 0
"13" 13 0.172185430464 230 185 24 18 13 12 6 3 3 2 1 1 1 1 0 0 0 0 0 0
"14" 14 0.805128205128 124 103 103 87 29 17 9 8 8 5 5 1 1 0 0 0 0 0 0 0
"15" 15 0.227848101266 90 84 76 70 36 28 26 21 19 14 12 7 7 4 4 1 1 0 0 0
"16" 16 0.504464285714 86 80 55 47 39 32 31 30 29 15 15 12 10 8 5 3 2 1 0 0
"17" 17 0.0348258706468 185 70 56 44 37 23 18 15 13 12 11 8 4 3 1 0 0 0 0 0
"18" 18 0.138686131387 122 90 89 86 35 29 21 14 4 3 2 2 2 1 0 0 0 0 0 0
"19" 19 0.010152284264 317 46 39 33 28 20 11 3 2 1 0 0 0 0 0 0 0 0 0 0
"20" 20 0.00497512437811 319 56 54 17 11 11 9 7 7 2 2 2 1 1 1 0 0 0 0 0
"21" 21 0.0152284263959 406 39 13 8 7 7 6 6 3 2 2 1 0 0 0 0 0 0 0 0
"22" 22 0.0 248 80 37 33 21 20 20 18 8 7 3 2 2 1 0 0 0 0 0 0
"23" 23 0.0 500 0 0 0 0 0 0 0 0 0 0 0 0 0 0 0 0 0 0 0
"24" 24 0.0696517412935 157 151 78 33 19 17 15 5 4 4 4 3 3 2 2 1 1 1 0 0
"25" 25 0.424870466321 234 88 27 26 23 23 21 15 11 9 7 5 3 3 1 1 1 1 1 0
"26" 26 0.413461538462 417 73 8 2 0 0 0 0 0 0 0 0 0 0 0 0 0 0 0 0
"27" 27 0.0077519379845 256 104 91 22 13 9 3 2 0 0 0 0 0 0 0 0 0 0 0 0
"28" 28 0.134615384615 497 1 1 1 0 0 0 0 0 0 0 0 0 0 0 0 0 0 0 0
"29" 29 0.0210970464135 187 89 65 53 34 18 14 12 12 5 3 3 2 2 1 0 0 0 0 0
"30" 30 0.372093023256 135 86 78 58 38 35 27 18 8 6 4 3 2 1 1 0 0 0 0 0
"31" 31 0.389534883721 101 85 72 65 50 45 21 18 9 7 6 4 4 4 4 3 2 0 0 0
"32" 32 0.010152284264 254 53 50 41 37 14 12 12 8 6 3 3 3 2 1 1 0 0 0 0
"33" 33 0.0 219 117 117 20 8 5 4 3 2 2 2 1 0 0 0 0 0 0 0 0
"34" 34 0.456273764259 95 79 73 63 43 42 26 23 21 8 8 6 5 3 3 2 0 0 0 0
"35" 35 0.335766423358 112 68 50 37 31 31 29 27 27 26 19 18 14 4 4 2 1 0 0 0
"36" 36 0.0149253731343 267 54 38 31 30 26 23 10 9 5 4 3 0 0 0 0 0 0 0 0
"37" 37 0.636771300448 352 63 48 17 10 5 3 2 0 0 0 0 0 0 0 0 0 0 0 0
"38" 38 0.0812182741117 124 73 71 60 45 34 33 32 9 4 4 3 2 2 2 2 0 0 0 0
"39" 39 0.5 500 0 0 0 0 0 0 0 0 0 0 0 0 0 0 0 0 0 0 0
"40" 40 0.285714285714 131 98 69 65 49 24 21 19 7 5 4 3 2 2 1 0 0 0 0 0
"41" 41 0.281609195402 179 61 46 45 30 26 20 19 18 14 13 13 6 6 4 0 0 0 0 0
"42" 42 0.494252873563 215 100 30 27 26 25 19 16 12 11 6 6 3 2 1 1 0 0 0 0
"43" 43 0.517441860465 97 79 76 42 42 29 26 23 22 17 15 9 7 7 5 2 1 1 0 0
"44" 44 0.360465116279 156 109 57 43 32 18 18 15 14 14 10 5 3 2 2 1 1 0 0 0
"45" 45 0.261603375527 139 67 62 52 45 42 25 24 15 8 8 5 3 2 2 1 0 0 0 0
"46" 46 0.471698113208 157 134 58 26 26 26 22 17 13 8 6 3 2 2 0 0 0 0 0 0
"47" 47 0.31976744186 225 76 48 37 29 13 13 12 11 10 9 8 6 2 1 0 0 0 0 0
"48" 48 0.761421319797 217 82 72 51 46 14 12 2 2 1 1 0 0 0 0 0 0 0 0 0
"49" 49 0.625 369 131 0 0 0 0 0 0 0 0 0 0 0 0 0 0 0 0 0 0
"50" 50 0.0376569037657 143 103 58 47 37 33 23 16 9 7 5 5 4 3 3 2 2 0 0 0
"51" 51 0.533333333333 114 77 60 45 42 33 25 19 17 15 14 12 10 8 5 4 0 0 0 0
"52" 52 0.0 87 84 71 39 37 32 30 26 23 19 17 11 8 7 7 2 0 0 0 0
"53" 53 0.107142857143 89 80 58 50 40 40 30 24 19 18 13 12 12 10 5 0 0 0 0 0
"54" 54 0.110465116279 123 103 74 61 44 39 16 8 6 6 5 5 4 3 2 1 0 0 0 0
"55" 55 0.0149253731343 132 88 83 33 26 26 21 19 18 17 13 10 6 4 3 1 0 0 0 0
"56" 56 0.298013245033 165 100 57 45 25 22 20 15 14 13 7 6 5 3 3 0 0 0 0 0
"57" 57 0.133079847909 173 123 49 37 29 24 16 15 11 8 5 3 2 2 2 1 0 0 0 0
"58" 58 0.240506329114 114 97 89 49 45 39 19 13 13 8 4 3 3 2 2 0 0 0 0 0
"59" 59 0.123076923077 475 20 3 1 1 0 0 0 0 0 0 0 0 0 0 0 0 0 0 0
"60" 60 0.0149253731343 215 129 34 26 24 20 15 8 7 7 6 5 2 1 1 0 0 0 0 0
"61" 61 0.223628691983 81 74 73 64 62 54 30 23 13 6 6 4 3 3 2 2 0 0 0 0
"62" 62 0.0298507462687 326 124 12 10 8 7 5 5 2 1 0 0 0 0 0 0 0 0 0 0
"63" 63 0.0 154 75 72 55 27 19 18 17 17 16 9 7 7 4 2 1 0 0 0 0
"64" 64 0.0287356321839 325 57 27 25 22 18 10 10 3 2 1 0 0 0 0 0 0 0 0 0
"65" 65 0.0141843971631 255 124 70 16 8 7 7 4 3 2 2 1 1 0 0 0 0 0 0 0
"66" 66 0.40932642487 80 69 53 50 41 39 37 34 22 19 18 14 12 4 4 2 1 1 0 0
"67" 67 0.0248756218905 324 37 34 20 14 14 13 10 9 9 7 3 3 2 1 0 0 0 0 0
"68" 68 0.951923076923 455 42 2 1 0 0 0 0 0 0 0 0 0 0 0 0 0 0 0 0
"69" 69 0.390862944162 134 89 74 67 30 25 20 16 12 11 7 6 5 3 1 0 0 0 0 0
"70" 70 0.328467153285 188 100 53 31 28 17 17 17 16 9 8 4 3 3 2 2 1 1 0 0
"71" 71 0.698113207547 217 172 44 36 14 7 7 3 0 0 0 0 0 0 0 0 0 0 0 0
"72" 72 0.110266159696 187 65 45 26 26 25 24 21 20 13 13 8 7 6 5 5 3 1 0 0
"73" 73 0.031914893617 254 72 29 27 27 21 17 17 12 10 4 3 3 2 1 1 0 0 0 0
"74" 74 0.120437956204 145 81 76 48 44 28 21 16 12 11 6 4 4 2 2 0 0 0 0 0
"75" 75 0.588607594937 125 96 75 69 39 22 18 17 13 9 4 4 3 3 2 1 0 0 0 0
"76" 76 0.110266159696 171 78 64 46 43 31 25 13 7 7 5 4 2 2 1 1 0 0 0 0
"77" 77 0.00760456273764 198 70 67 65 27 14 14 13 9 7 6 4 2 1 1 1 1 0 0 0
"78" 78 0.550387596899 169 167 35 33 27 20 19 11 7 5 4 1 1 1 0 0 0 0 0 0
"79" 79 0.305699481865 158 64 61 55 34 34 24 19 18 15 7 7 3 1 0 0 0 0 0 0
"80" 80 0.0813953488372 243 144 37 29 25 8 6 3 3 1 1 0 0 0 0 0 0 0 0 0
"81" 81 0.147286821705 128 74 63 60 38 29 29 15 12 10 9 8 8 6 6 3 1 1 0 0
"82" 82 0.0 350 73 67 4 3 2 1 0 0 0 0 0 0 0 0 0 0 0 0 0
"83" 83 0.0747126436782 159 135 84 36 35 16 12 10 6 3 3 1 0 0 0 0 0 0 0 0
"84" 84 0.0203045685279 399 52 14 12 4 4 3 3 3 3 1 1 1 0 0 0 0 0 0 0
"85" 85 0.00418410041841 175 142 138 15 11 9 4 3 2 1 0 0 0 0 0 0 0 0 0 0
"86" 86 0.00574712643678 326 49 42 37 16 15 8 3 2 1 1 0 0 0 0 0 0 0 0 0
"87" 87 0.0287356321839 242 123 47 25 23 18 9 7 3 1 1 1 0 0 0 0 0 0 0 0
"88" 88 0.124352331606 421 35 19 13 9 1 1 1 0 0 0 0 0 0 0 0 0 0 0 0
"89" 89 0.0 340 100 26 19 8 7 0 0 0 0 0 0 0 0 0 0 0 0 0 0
"90" 90 0.273255813953 335 69 61 27 2 2 2 1 1 0 0 0 0 0 0 0 0 0 0 0
"91" 91 0.160621761658 438 23 22 4 4 2 2 1 1 1 1 1 0 0 0 0 0 0 0 0
"92" 92 0.274261603376 117 110 59 55 49 31 24 21 12 7 6 5 2 1 1 0 0 0 0 0
"93" 93 0.725388601036 124 103 96 76 40 33 11 9 5 2 1 0 0 0 0 0 0 0 0 0
"94" 94 0.313868613139 250 95 51 24 21 17 13 11 6 5 5 1 1 0 0 0 0 0 0 0
"95" 95 0.0137614678899 110 88 79 42 33 28 24 23 23 22 14 11 2 1 0 0 0 0 0 0
"96" 96 0.443708609272 143 104 88 37 35 32 19 13 10 9 5 4 1 0 0 0 0 0 0 0
"97" 97 0.43023255814 147 101 74 38 34 33 21 13 9 8 7 6 3 3 1 1 1 0 0 0
"98" 98 0.0387596899225 132 88 76 60 47 24 21 19 10 10 3 3 3 3 1 0 0 0 0 0
"99" 99 0.119205298013 136 83 72 51 51 36 12 12 9 8 8 6 5 4 4 2 1 0 0 0
"100" 100 0.544303797468 152 108 47 40 36 33 22 21 16 10 8 2 2 2 1 0 0 0 0 0
"101" 101 0.0803571428571 110 102 64 41 37 35 20 17 17 16 16 10 8 3 2 1 1 0 0 0
"102" 102 0.0248756218905 156 117 79 47 25 17 13 10 8 8 6 5 4 3 2 0 0 0 0 0
"103" 103 0.315789473684 148 65 54 40 39 34 33 26 16 14 10 8 6 4 2 1 0 0 0 0
"104" 104 0.338308457711 86 83 74 43 40 37 29 28 23 22 16 6 4 4 4 1 0 0 0 0
"105" 105 0.0229357798165 146 70 66 39 36 35 20 20 15 13 13 7 6 6 3 3 1 1 0 0
"106" 106 0.1592039801 170 64 53 32 28 27 24 22 21 13 13 10 7 5 5 5 1 0 0 0
"107" 107 0.354260089686 122 84 66 57 44 34 31 26 15 12 2 2 2 2 1 0 0 0 0 0
"108" 108 0.303571428571 67 67 61 57 35 31 31 29 26 19 18 16 14 13 8 5 3 0 0 0
"109" 109 0.388392857143 148 93 83 49 47 29 18 11 7 6 5 1 1 1 1 0 0 0 0 0
"110" 110 0.455357142857 221 51 46 25 25 25 22 19 18 16 9 6 6 6 3 2 0 0 0 0
"111" 111 0.00995024875622 392 21 19 18 16 7 5 5 4 3 3 3 2 1 1 0 0 0 0 0
"112" 112 0.242152466368 225 75 58 51 25 19 14 10 8 7 3 3 1 1 0 0 0 0 0 0
"113" 113 0.632124352332 174 82 70 55 48 26 18 12 5 5 3 1 1 0 0 0 0 0 0 0
"114" 114 0.031007751938 368 97 13 11 4 2 2 1 1 1 0 0 0 0 0 0 0 0 0 0
"115" 115 0.031007751938 104 101 85 56 29 26 21 19 16 13 10 9 2 2 2 2 1 1 1 0
"116" 116 0.044776119403 132 116 88 46 30 29 16 11 7 6 6 4 4 3 1 1 0 0 0 0
"117" 117 0.0 243 82 73 62 13 9 6 5 3 1 1 1 1 0 0 0 0 0 0 0
"118" 118 0.0 200 192 58 23 5 5 4 3 2 2 2 1 1 1 1 0 0 0 0 0
"119" 119 0.0 354 58 39 12 9 7 6 5 4 2 2 2 0 0 0 0 0 0 0 0
"120" 120 0.0 192 183 63 35 12 6 5 2 1 1 0 0 0 0 0 0 0 0 0 0
"121" 121 0.0307692307692 285 73 69 42 15 12 2 1 1 0 0 0 0 0 0 0 0 0 0 0
"122" 122 0.257383966245 202 136 108 31 14 6 2 1 0 0 0 0 0 0 0 0 0 0 0 0
"123" 123 0.233183856502 238 63 48 35 28 24 17 16 10 8 6 2 2 1 1 1 0 0 0 0
"124" 124 0.40414507772 148 84 50 50 49 19 17 15 15 13 9 8 7 6 6 2 1 1 0 0
"125" 125 0.439461883408 113 78 55 44 33 31 26 25 22 22 17 10 9 8 4 3 0 0 0 0
"126" 126 0.723270440252 488 12 0 0 0 0 0 0 0 0 0 0 0 0 0 0 0 0 0 0
"127" 127 0.663461538462 483 15 2 0 0 0 0 0 0 0 0 0 0 0 0 0 0 0 0 0
"128" 128 0.178294573643 269 218 5 4 2 1 1 0 0 0 0 0 0 0 0 0 0 0 0 0
"129" 129 0.154228855721 111 94 66 61 43 39 24 23 13 7 5 4 3 3 2 2 0 0 0 0
"130" 130 0.278145695364 298 73 40 35 13 7 7 7 5 4 3 3 2 2 1 0 0 0 0 0
"131" 131 0.186046511628 157 111 45 44 34 28 16 13 13 12 9 8 4 3 1 1 1 0 0 0
"132" 132 0.602649006623 194 157 80 19 10 10 7 7 6 4 4 1 1 0 0 0 0 0 0 0
"133" 133 0.455357142857 165 118 62 47 33 18 17 11 9 9 6 3 1 1 0 0 0 0 0 0
"134" 134 0.0 111 99 64 41 40 37 36 21 16 12 10 6 5 1 1 0 0 0 0 0
"135" 135 0.119205298013 155 124 71 55 38 18 16 6 5 3 2 2 1 1 1 1 1 0 0 0
"136" 136 0.248945147679 216 60 43 41 31 25 19 15 13 11 10 8 4 4 0 0 0 0 0 0
"137" 137 0.401785714286 87 74 69 48 47 38 34 26 18 13 11 8 8 8 5 3 2 1 0 0
"138" 138 0.0 253 203 13 7 6 4 4 2 2 1 1 1 1 1 1 0 0 0 0 0
"139" 139 0.435897435897 157 132 38 38 36 30 25 19 9 8 8 0 0 0 0 0 0 0 0 0
"140" 140 0.00995024875622 321 43 36 27 20 10 10 7 6 4 4 3 3 3 1 1 1 0 0 0
"141" 141 0.632183908046 122 78 73 50 46 39 22 19 11 9 7 7 6 5 3 2 1 0 0 0
"142" 142 0.334821428571 137 71 57 55 47 43 31 18 17 9 7 5 1 1 1 0 0 0 0 0
"143" 143 0.179104477612 203 86 59 36 31 19 14 14 10 10 6 6 4 1 1 0 0 0 0 0
"144" 144 0.35864978903 124 122 70 63 57 26 19 8 8 1 1 1 0 0 0 0 0 0 0 0
"145" 145 0.533678756477 404 96 0 0 0 0 0 0 0 0 0 0 0 0 0 0 0 0 0 0
"146" 146 0.226277372263 127 81 77 39 38 34 28 17 16 9 8 8 7 5 5 1 0 0 0 0
"147" 147 0.437086092715 88 85 80 34 32 28 24 22 20 20 19 16 11 8 5 5 2 1 0 0
"148" 148 0.276595744681 271 85 66 34 20 5 4 3 3 2 2 2 1 1 1 0 0 0 0 0
"149" 149 0.165562913907 101 92 80 68 47 45 22 14 13 9 7 2 0 0 0 0 0 0 0 0
"150" 150 0.172588832487 224 110 66 29 21 14 13 8 5 4 2 2 1 1 0 0 0 0 0 0
"151" 151 0.166666666667 146 89 88 43 22 18 17 17 17 15 7 6 5 4 3 3 0 0 0 0
"152" 152 0.333333333333 224 82 44 34 32 25 15 13 11 5 5 3 3 2 2 0 0 0 0 0
"153" 153 0.0132450331126 360 69 39 14 5 4 3 2 1 1 1 1 0 0 0 0 0 0 0 0
"154" 154 0.0264900662252 133 122 59 54 35 16 16 12 10 9 8 8 7 5 4 1 1 0 0 0
"155" 155 0.0 179 123 38 32 21 20 17 16 13 12 6 6 5 4 3 3 2 0 0 0
"156" 156 0.609137055838 122 106 71 34 27 27 22 21 21 20 11 10 4 2 1 1 0 0 0 0
"157" 157 0.206751054852 134 99 56 45 38 30 29 22 14 14 8 5 3 2 1 0 0 0 0 0
"158" 158 0.115384615385 379 61 13 9 9 8 5 5 3 3 3 2 0 0 0 0 0 0 0 0
"159" 159 0.5 133 132 102 28 27 19 18 15 12 6 4 3 1 0 0 0 0 0 0 0
"160" 160 0.0769230769231 499 1 0 0 0 0 0 0 0 0 0 0 0 0 0 0 0 0 0 0
"161" 161 0.0 91 90 69 66 58 36 34 17 14 5 5 4 4 3 2 1 1 0 0 0
"162" 162 0.296511627907 103 89 47 47 46 39 34 26 22 13 12 7 6 3 3 3 0 0 0 0
"163" 163 0.535714285714 109 93 92 47 46 39 34 16 7 5 5 4 3 0 0 0 0 0 0 0
"164" 164 0.0 192 169 130 4 2 1 1 1 0 0 0 0 0 0 0 0 0 0 0 0
"165" 165 0.0199004975124 253 84 53 47 12 9 8 7 6 6 4 3 3 2 1 1 1 0 0 0
"166" 166 0.362694300518 171 136 67 54 13 11 11 8 8 8 3 3 2 2 2 1 0 0 0 0
"167" 167 0.269503546099 164 81 46 31 26 26 26 25 21 16 11 10 6 5 3 2 1 0 0 0
"168" 168 0.00497512437811 185 104 58 53 46 19 12 10 6 3 2 1 1 0 0 0 0 0 0 0
"169" 169 0.0152284263959 111 107 83 64 39 22 18 18 17 6 5 4 3 2 1 0 0 0 0 0
"170" 170 0.367875647668 177 90 73 55 33 21 19 15 6 4 2 2 2 1 0 0 0 0 0 0
"171" 171 0.149425287356 58 55 53 48 46 44 34 29 28 21 18 18 15 12 7 7 7 0 0 0
"172" 172 0.0152284263959 127 89 84 71 56 22 14 13 12 4 4 3 1 0 0 0 0 0 0 0
"173" 173 0.383966244726 169 90 68 41 41 27 19 18 13 4 3 2 2 2 1 0 0 0 0 0
"174" 174 0.558035714286 125 120 67 56 38 24 15 15 11 8 7 7 4 2 1 0 0 0 0 0
"175" 175 0.495535714286 163 44 42 41 40 36 36 21 19 13 12 12 7 7 3 2 2 0 0 0
"176" 176 0.345291479821 140 78 37 36 35 28 26 24 23 22 20 14 8 3 2 2 1 1 0 0
"177" 177 0.855721393035 167 55 48 41 36 29 28 21 19 17 10 7 7 6 5 4 0 0 0 0
