"site" "RSA" "aa1" "aa2" "aa3" "aa4" "aa5" "aa6" "aa7" "aa8" "aa9" "aa10" "aa11" "aa12" "aa13" "aa14" "aa15" "aa16" "aa17" "aa18" "aa19" "aa20"
"0" 0 0.353211009174 89 86 68 62 56 55 25 21 10 9 9 4 3 1 1 1 0 0 0 0
"1" 1 0.0 306 114 40 21 14 4 1 0 0 0 0 0 0 0 0 0 0 0 0 0
"2" 2 0.133720930233 248 87 52 28 27 20 10 10 8 4 3 1 1 1 0 0 0 0 0 0
"3" 3 0.00961538461538 500 0 0 0 0 0 0 0 0 0 0 0 0 0 0 0 0 0 0 0
"4" 4 0.462686567164 400 47 15 12 8 6 3 3 2 2 1 1 0 0 0 0 0 0 0 0
"5" 5 0.14367816092 239 109 85 33 16 10 3 2 1 1 1 0 0 0 0 0 0 0 0 0
"6" 6 0.383928571429 201 73 64 46 40 34 13 8 7 6 5 3 0 0 0 0 0 0 0 0
"7" 7 0.108527131783 388 43 31 28 5 2 1 1 1 0 0 0 0 0 0 0 0 0 0 0
"8" 8 0.304568527919 293 115 38 28 18 5 1 1 1 0 0 0 0 0 0 0 0 0 0 0
"9" 9 0.00961538461538 390 84 21 2 2 1 0 0 0 0 0 0 0 0 0 0 0 0 0 0
"10" 10 0.304597701149 137 61 60 48 48 37 35 30 20 16 3 3 2 0 0 0 0 0 0 0
"11" 11 0.0 114 93 83 65 45 25 19 14 14 12 6 5 2 1 1 1 0 0 0 0
"12" 12 0.350210970464 187 133 44 35 28 24 22 14 3 2 2 2 2 1 1 0 0 0 0 0
"13" 13 0.341968911917 142 116 90 36 23 16 14 13 12 9 8 7 5 4 3 2 0 0 0 0
"14" 14 0.195402298851 181 78 60 40 36 31 12 11 11 10 9 5 4 4 3 3 2 0 0 0
"15" 15 0.538116591928 157 101 53 39 38 30 20 19 8 6 6 6 5 4 4 3 1 0 0 0
"16" 16 0.519230769231 500 0 0 0 0 0 0 0 0 0 0 0 0 0 0 0 0 0 0 0
"17" 17 0.401162790698 180 121 65 42 16 15 10 9 9 9 9 5 4 2 2 2 0 0 0 0
"18" 18 0.451776649746 96 64 64 63 40 32 31 28 24 20 16 8 7 3 2 1 1 0 0 0
"19" 19 0.720207253886 123 114 69 57 45 37 29 17 4 2 1 1 1 0 0 0 0 0 0 0
"20" 20 0.712820512821 112 91 85 69 34 30 29 12 8 6 6 5 5 4 2 1 1 0 0 0
"21" 21 0.125 500 0 0 0 0 0 0 0 0 0 0 0 0 0 0 0 0 0 0 0
"22" 22 0.0962343096234 212 109 74 48 21 14 11 3 2 2 1 1 1 1 0 0 0 0 0 0
"23" 23 0.457364341085 194 82 52 41 34 30 26 16 9 8 4 2 2 0 0 0 0 0 0 0
"24" 24 0.0137614678899 122 106 68 48 43 40 20 14 11 10 10 6 2 0 0 0 0 0 0 0
"25" 25 0.337552742616 223 142 40 35 14 14 10 6 4 4 4 3 1 0 0 0 0 0 0 0
"26" 26 0.0 308 107 27 26 8 7 6 3 3 3 1 1 0 0 0 0 0 0 0 0
"27" 27 0.308035714286 272 62 53 45 16 15 10 9 7 5 3 2 1 0 0 0 0 0 0 0
"28" 28 0.0 440 29 16 12 1 1 1 0 0 0 0 0 0 0 0 0 0 0 0 0
"29" 29 0.295597484277 266 124 30 29 26 13 4 3 2 1 1 1 0 0 0 0 0 0 0 0
"30" 30 0.434977578475 187 149 92 20 13 11 8 8 3 3 3 1 1 1 0 0 0 0 0 0
"31" 31 0.0203045685279 124 112 60 57 38 29 27 27 10 8 5 1 1 1 0 0 0 0 0 0
"32" 32 0.0348258706468 253 163 24 20 8 7 6 4 4 3 3 2 2 1 0 0 0 0 0 0
"33" 33 0.658031088083 95 92 73 45 40 37 34 29 17 15 6 6 6 3 2 0 0 0 0 0
"34" 34 0.476683937824 225 97 88 49 16 11 8 3 2 1 0 0 0 0 0 0 0 0 0 0
"35" 35 0.101265822785 185 89 47 30 30 27 25 23 18 15 3 2 2 2 2 0 0 0 0 0
"36" 36 0.622009569378 129 85 80 64 59 31 22 11 4 4 3 3 2 1 1 1 0 0 0 0
"37" 37 0.459302325581 74 71 60 42 42 42 31 23 23 22 17 16 13 13 6 5 0 0 0 0
"38" 38 0.413461538462 500 0 0 0 0 0 0 0 0 0 0 0 0 0 0 0 0 0 0 0
"39" 39 0.310880829016 117 89 69 64 43 31 19 17 12 11 7 7 5 4 2 2 1 0 0 0
"40" 40 0.284768211921 177 91 65 30 27 20 18 15 13 11 10 8 7 3 3 2 0 0 0 0
"41" 41 0.0203045685279 166 128 58 47 26 19 16 15 8 5 4 4 2 2 0 0 0 0 0 0
"42" 42 0.031007751938 335 102 24 14 11 7 3 1 1 1 1 0 0 0 0 0 0 0 0 0
"43" 43 0.0 250 84 62 62 15 7 7 4 4 2 1 1 1 0 0 0 0 0 0 0
"44" 44 0.0307692307692 274 134 42 24 19 4 2 1 0 0 0 0 0 0 0 0 0 0 0 0
"45" 45 0.0384615384615 500 0 0 0 0 0 0 0 0 0 0 0 0 0 0 0 0 0 0 0
"46" 46 0.0348837209302 107 104 103 75 46 30 11 11 4 3 3 2 1 0 0 0 0 0 0 0
"47" 47 0.196202531646 158 113 67 51 38 25 18 11 9 5 3 1 1 0 0 0 0 0 0 0
"48" 48 0.0348258706468 230 90 58 39 20 19 15 8 6 6 5 2 1 1 0 0 0 0 0 0
"49" 49 0.447674418605 113 81 71 53 49 33 30 24 15 11 5 4 4 3 3 1 0 0 0 0
"50" 50 0.00574712643678 168 125 73 44 30 16 14 11 8 6 2 1 1 1 0 0 0 0 0 0
"51" 51 0.453488372093 103 77 71 69 58 47 24 20 12 6 3 3 3 2 1 1 0 0 0 0
"52" 52 0.512953367876 202 94 73 43 31 19 19 8 5 1 1 1 1 1 1 0 0 0 0 0
"53" 53 0.280334728033 260 106 80 26 13 8 6 1 0 0 0 0 0 0 0 0 0 0 0 0
"54" 54 0.40414507772 251 91 80 40 26 10 2 0 0 0 0 0 0 0 0 0 0 0 0 0
"55" 55 0.71897810219 234 175 55 9 9 5 4 4 2 2 1 0 0 0 0 0 0 0 0 0
"56" 56 0.475285171103 184 94 69 59 29 21 17 8 7 4 4 3 1 0 0 0 0 0 0 0
"57" 57 0.129186602871 156 110 59 58 38 34 22 12 5 3 2 1 0 0 0 0 0 0 0 0
"58" 58 0.0 274 125 61 15 10 6 3 3 1 1 1 0 0 0 0 0 0 0 0 0
"59" 59 0.232558139535 171 128 86 57 24 18 7 6 1 1 1 0 0 0 0 0 0 0 0 0
"60" 60 0.0114942528736 153 73 69 67 44 29 27 25 4 4 2 1 1 1 0 0 0 0 0 0
"61" 61 0.451923076923 236 71 68 36 24 20 13 10 10 3 3 3 1 1 1 0 0 0 0 0
"62" 62 0.0203045685279 182 127 79 38 23 16 14 12 2 2 1 1 1 1 1 0 0 0 0 0
"63" 63 0.403100775194 314 29 25 25 21 21 18 13 10 10 7 6 1 0 0 0 0 0 0 0
"64" 64 0.295597484277 122 82 77 60 51 32 25 7 7 7 6 5 5 5 4 3 1 1 0 0
"65" 65 0.424107142857 329 64 38 18 15 11 8 5 4 3 2 2 1 0 0 0 0 0 0 0
"66" 66 0.245033112583 104 82 79 63 60 37 30 10 9 8 6 5 3 2 1 1 0 0 0 0
"67" 67 0.0497512437811 324 124 10 8 8 6 5 4 4 4 2 1 0 0 0 0 0 0 0 0
"68" 68 0.496350364964 126 87 77 53 34 34 30 20 9 9 7 7 4 1 1 1 0 0 0 0
"69" 69 0.169154228856 241 213 17 6 6 4 4 3 1 1 1 1 1 1 0 0 0 0 0 0
"70" 70 0.0523255813953 276 217 4 2 1 0 0 0 0 0 0 0 0 0 0 0 0 0 0 0
"71" 71 0.0410256410256 255 93 67 60 17 3 3 2 0 0 0 0 0 0 0 0 0 0 0 0
"72" 72 0.0 117 98 87 65 38 31 30 27 2 1 1 1 1 1 0 0 0 0 0 0
"73" 73 0.134615384615 103 89 73 65 50 29 19 16 12 12 11 10 6 2 2 1 0 0 0 0
"74" 74 0.511210762332 195 58 54 38 36 31 20 18 16 13 13 5 2 1 0 0 0 0 0 0
"75" 75 0.0443037974684 218 64 52 48 24 18 18 14 13 7 7 5 4 3 2 2 1 0 0 0
"76" 76 0.556962025316 135 106 103 54 30 25 16 11 7 5 2 2 1 1 1 1 0 0 0 0
"77" 77 0.496124031008 147 120 90 28 23 20 14 13 11 10 7 6 5 2 2 2 0 0 0 0
"78" 78 0.519230769231 500 0 0 0 0 0 0 0 0 0 0 0 0 0 0 0 0 0 0 0
"79" 79 0.305699481865 132 96 80 33 29 25 22 20 13 11 10 8 7 6 6 1 1 0 0 0
"80" 80 0.396226415094 178 133 103 49 9 8 4 4 3 3 2 1 1 1 1 0 0 0 0 0
"81" 81 0.00574712643678 309 83 46 27 21 4 3 2 2 1 1 1 0 0 0 0 0 0 0 0
"82" 82 0.0102564102564 169 162 67 32 18 14 14 13 5 3 1 1 1 0 0 0 0 0 0 0
"83" 83 0.00497512437811 290 92 63 23 6 5 5 4 4 3 3 2 0 0 0 0 0 0 0 0
"84" 84 0.0535714285714 458 30 4 3 2 1 1 1 0 0 0 0 0 0 0 0 0 0 0 0
"85" 85 0.21897810219 104 98 90 76 41 24 17 13 12 5 5 4 4 3 2 1 1 0 0 0
"86" 86 0.341085271318 201 180 42 23 19 11 9 7 4 3 1 0 0 0 0 0 0 0 0 0
"87" 87 0.350574712644 108 78 65 44 43 42 36 26 19 12 10 8 5 3 1 0 0 0 0 0
"88" 88 0.800995024876 375 31 24 23 13 7 6 6 5 4 3 1 1 1 0 0 0 0 0 0
"89" 89 0.324503311258 172 93 49 28 26 22 19 16 16 16 11 10 9 4 3 3 2 1 0 0
"90" 90 0.748344370861 293 105 42 31 15 4 3 3 2 2 0 0 0 0 0 0 0 0 0 0
"91" 91 0.436046511628 156 111 88 40 23 17 16 13 12 9 6 4 2 2 1 0 0 0 0 0
"92" 92 0.142335766423 321 59 37 27 12 11 11 7 7 3 2 2 1 0 0 0 0 0 0 0
"93" 93 0.848623853211 286 85 53 27 12 10 8 7 4 3 3 1 1 0 0 0 0 0 0 0
"94" 94 0.317307692308 495 2 1 1 1 0 0 0 0 0 0 0 0 0 0 0 0 0 0 0
"95" 95 0.115384615385 500 0 0 0 0 0 0 0 0 0 0 0 0 0 0 0 0 0 0 0
"96" 96 0.0334928229665 150 131 66 49 43 43 8 7 2 1 0 0 0 0 0 0 0 0 0 0
"97" 97 0.384937238494 242 127 45 35 14 9 8 6 5 3 3 2 1 0 0 0 0 0 0 0
"98" 98 0.0114942528736 178 126 64 33 21 20 20 14 6 5 4 3 3 2 1 0 0 0 0 0
"99" 99 0.313901345291 102 94 83 68 44 43 30 10 8 7 5 3 2 1 0 0 0 0 0 0
"100" 100 0.0192307692308 500 0 0 0 0 0 0 0 0 0 0 0 0 0 0 0 0 0 0 0
"101" 101 0.516746411483 454 14 6 5 5 4 4 3 1 1 1 1 1 0 0 0 0 0 0 0
"102" 102 0.109195402299 289 85 42 32 26 12 9 3 2 0 0 0 0 0 0 0 0 0 0 0
"103" 103 0.186528497409 207 88 66 32 25 21 19 19 11 8 2 1 1 0 0 0 0 0 0 0
"104" 104 0.0 405 61 20 5 3 2 2 1 1 0 0 0 0 0 0 0 0 0 0 0
"105" 105 0.0114942528736 234 105 55 28 24 23 7 7 5 4 3 2 2 1 0 0 0 0 0 0
"106" 106 0.0 245 219 22 10 3 1 0 0 0 0 0 0 0 0 0 0 0 0 0 0
"107" 107 0.290178571429 208 71 68 47 36 28 17 11 6 6 1 1 0 0 0 0 0 0 0 0
"108" 108 0.0 191 83 83 62 60 9 6 2 2 1 1 0 0 0 0 0 0 0 0 0
"109" 109 0.189655172414 223 110 63 43 25 15 6 5 4 3 2 1 0 0 0 0 0 0 0 0
"110" 110 0.473214285714 156 90 79 43 40 35 12 9 7 7 5 5 4 3 3 2 0 0 0 0
"111" 111 0.282700421941 93 80 79 72 55 27 26 16 10 9 9 6 5 4 3 3 3 0 0 0
"112" 112 0.426160337553 172 88 47 43 33 33 21 18 17 7 5 5 3 3 3 2 0 0 0 0
"113" 113 0.52466367713 106 97 48 36 36 34 29 25 21 15 12 11 10 10 6 2 1 1 0 0
"114" 114 0.512953367876 339 58 27 20 17 11 7 7 5 4 3 2 0 0 0 0 0 0 0 0
"115" 115 0.605769230769 500 0 0 0 0 0 0 0 0 0 0 0 0 0 0 0 0 0 0 0
"116" 116 0.598214285714 147 92 88 54 38 20 19 12 8 8 6 4 2 2 0 0 0 0 0 0
"117" 117 0.131782945736 90 86 78 66 48 29 22 21 12 11 9 6 6 6 6 2 1 1 0 0
"118" 118 0.0609137055838 104 103 55 45 41 39 34 28 20 9 9 8 3 2 0 0 0 0 0 0
"119" 119 0.134715025907 97 93 83 59 37 34 27 23 15 15 11 3 2 1 0 0 0 0 0 0
"120" 120 0.0 297 78 47 31 13 10 7 7 6 1 1 1 1 0 0 0 0 0 0 0
"121" 121 0.0697674418605 169 124 41 41 36 34 20 12 9 5 3 2 2 1 1 0 0 0 0 0
"122" 122 0.0 369 68 57 3 1 1 1 0 0 0 0 0 0 0 0 0 0 0 0 0
"123" 123 0.434306569343 156 111 53 45 36 23 17 12 12 11 9 7 3 2 2 1 0 0 0 0
"124" 124 0.0251572327044 420 52 15 6 4 1 1 1 0 0 0 0 0 0 0 0 0 0 0 0
"125" 125 0.459854014599 115 76 58 54 54 44 36 21 15 11 6 3 2 2 1 1 1 0 0 0
"126" 126 0.259067357513 459 14 10 7 5 3 1 1 0 0 0 0 0 0 0 0 0 0 0 0
"127" 127 0.446540880503 266 48 46 27 26 20 19 17 11 10 7 1 1 1 0 0 0 0 0 0
"128" 128 0.489539748954 402 50 11 9 7 5 4 4 3 2 1 1 1 0 0 0 0 0 0 0
"129" 129 0.0172413793103 74 58 57 57 53 47 35 25 22 20 16 10 10 6 4 3 2 1 0 0
"130" 130 0.089552238806 452 15 12 4 4 4 2 2 2 1 1 1 0 0 0 0 0 0 0 0
"131" 131 0.540084388186 140 104 101 57 25 22 22 8 7 5 4 3 1 1 0 0 0 0 0 0
"132" 132 0.148288973384 302 77 39 37 19 6 4 4 3 3 2 2 1 1 0 0 0 0 0 0
"133" 133 0.0355329949239 314 113 27 18 10 6 5 2 2 2 1 0 0 0 0 0 0 0 0 0
"134" 134 0.522988505747 158 124 102 27 26 16 13 13 7 5 5 2 1 1 0 0 0 0 0 0
"135" 135 0.593155893536 136 121 70 54 53 15 12 10 7 6 5 5 3 3 0 0 0 0 0 0
"136" 136 0.586497890295 300 164 19 4 3 3 3 2 1 1 0 0 0 0 0 0 0 0 0 0
"137" 137 0.153846153846 231 195 39 8 7 6 5 3 2 2 1 1 0 0 0 0 0 0 0 0
"138" 138 0.414448669202 285 46 37 34 31 12 12 9 6 5 5 5 4 4 2 2 1 0 0 0
"139" 139 0.0 212 74 71 62 40 28 5 4 2 1 1 0 0 0 0 0 0 0 0 0
"140" 140 0.015503875969 148 115 98 77 40 5 5 3 3 3 2 1 0 0 0 0 0 0 0 0
"141" 141 0.0 207 163 46 30 15 13 13 5 3 2 1 1 1 0 0 0 0 0 0 0
"142" 142 0.0 302 159 20 6 5 4 3 1 0 0 0 0 0 0 0 0 0 0 0 0
"143" 143 0.0576923076923 500 0 0 0 0 0 0 0 0 0 0 0 0 0 0 0 0 0 0 0
"144" 144 0.0348837209302 133 73 62 60 45 37 25 25 14 11 4 3 2 2 2 1 1 0 0 0
"145" 145 0.145695364238 256 86 32 29 24 24 14 13 7 4 3 2 2 1 1 1 1 0 0 0
"146" 146 0.0597014925373 190 60 53 47 40 34 30 13 13 8 4 3 2 2 1 0 0 0 0 0
"147" 147 0.453488372093 220 96 46 35 29 25 14 14 6 5 4 3 2 1 0 0 0 0 0 0
"148" 148 0.00507614213198 296 142 26 16 6 5 4 2 2 1 0 0 0 0 0 0 0 0 0 0
"149" 149 0.28488372093 109 81 68 47 45 43 40 22 17 9 6 5 4 2 1 1 0 0 0 0
"150" 150 0.464114832536 122 79 78 69 35 29 29 18 17 11 6 3 2 2 0 0 0 0 0 0
"151" 151 0.241379310345 196 63 61 40 35 27 26 14 13 12 5 5 1 1 1 0 0 0 0 0
"152" 152 0.347150259067 209 107 73 65 43 3 0 0 0 0 0 0 0 0 0 0 0 0 0 0
"153" 153 0.740932642487 255 142 87 8 3 2 1 1 1 0 0 0 0 0 0 0 0 0 0 0
"154" 154 0.337748344371 116 85 84 64 43 35 21 12 11 9 7 6 5 1 1 0 0 0 0 0
"155" 155 0.104651162791 159 70 54 44 40 36 33 26 17 8 6 5 2 0 0 0 0 0 0 0
"156" 156 0.0 297 144 43 13 2 1 0 0 0 0 0 0 0 0 0 0 0 0 0 0
"157" 157 0.046357615894 186 140 74 49 25 10 6 6 4 0 0 0 0 0 0 0 0 0 0 0
"158" 158 0.0 188 131 87 41 13 13 11 6 3 3 3 1 0 0 0 0 0 0 0 0
"159" 159 0.261467889908 115 74 63 52 51 49 20 19 18 10 7 7 6 4 3 2 0 0 0 0
"160" 160 0.0045871559633 180 95 87 43 28 25 14 10 7 4 3 2 1 1 0 0 0 0 0 0
"161" 161 0.48730964467 112 85 47 40 33 32 30 26 23 21 20 18 9 4 0 0 0 0 0 0
"162" 162 0.370860927152 111 110 94 64 36 22 14 13 7 6 5 4 4 4 4 2 0 0 0 0
"163" 163 0.615969581749 255 92 60 21 17 15 13 8 8 5 4 1 1 0 0 0 0 0 0 0
"164" 164 0.168604651163 99 98 71 63 61 55 15 14 8 5 3 3 2 1 1 1 0 0 0 0
"165" 165 0.19730941704 85 82 56 47 39 34 33 31 25 21 17 11 9 4 3 2 1 0 0 0
"166" 166 0.576158940397 170 104 36 33 33 28 26 26 25 6 6 4 3 0 0 0 0 0 0 0
"167" 167 0.320675105485 273 152 15 14 11 11 9 5 5 2 1 1 1 0 0 0 0 0 0 0
"168" 168 0.0459770114943 294 88 61 19 17 9 6 3 1 1 1 0 0 0 0 0 0 0 0 0
"169" 169 0.0913705583756 303 66 32 28 24 15 13 10 4 2 2 1 0 0 0 0 0 0 0 0
"170" 170 0.0 124 93 92 42 41 36 35 20 13 2 1 1 0 0 0 0 0 0 0 0
"171" 171 0.108527131783 215 178 38 38 10 7 4 4 2 2 1 1 0 0 0 0 0 0 0 0
"172" 172 0.767932489451 137 92 80 59 49 33 15 13 11 4 3 2 2 0 0 0 0 0 0 0
"173" 173 0.126582278481 122 114 68 57 45 37 17 10 9 6 5 5 2 2 1 0 0 0 0 0
"174" 174 0.476923076923 374 29 23 20 13 13 8 6 6 5 2 1 0 0 0 0 0 0 0 0
"175" 175 0.494252873563 265 75 49 28 21 20 16 10 5 4 3 2 1 1 0 0 0 0 0 0
"176" 176 0.336538461538 500 0 0 0 0 0 0 0 0 0 0 0 0 0 0 0 0 0 0 0
"177" 177 0.336787564767 184 142 61 24 15 14 13 9 8 8 7 7 5 2 1 0 0 0 0 0
"178" 178 0.213930348259 199 124 75 42 22 17 11 5 2 1 1 1 0 0 0 0 0 0 0 0
"179" 179 0.0 197 123 111 52 5 4 3 2 2 1 0 0 0 0 0 0 0 0 0 0
"180" 180 0.00512820512821 312 77 49 25 23 6 5 2 1 0 0 0 0 0 0 0 0 0 0 0
"181" 181 0.0 147 111 92 52 50 24 18 3 1 1 1 0 0 0 0 0 0 0 0 0
"182" 182 0.0178571428571 265 170 20 19 12 7 3 2 1 1 0 0 0 0 0 0 0 0 0 0
"183" 183 0.00574712643678 323 101 20 16 13 10 8 6 2 1 0 0 0 0 0 0 0 0 0 0
"184" 184 0.176165803109 195 80 53 49 47 33 10 9 7 5 5 2 2 1 1 1 0 0 0 0
"185" 185 0.188340807175 121 90 59 59 43 26 23 22 16 10 6 6 6 4 4 3 1 1 0 0
"186" 186 0.502538071066 125 123 61 58 28 27 22 19 12 11 4 4 4 1 1 0 0 0 0 0
"187" 187 0.173076923077 136 74 65 34 28 27 26 26 22 15 11 10 9 9 6 1 1 0 0 0
"188" 188 0.299578059072 154 122 63 50 36 17 14 13 9 8 5 4 2 1 1 1 0 0 0 0
"189" 189 0.562737642586 151 137 104 25 20 13 12 11 7 5 5 3 2 2 2 1 0 0 0 0
"190" 190 0.372093023256 137 98 72 61 40 33 14 11 11 8 6 3 3 2 1 0 0 0 0 0
"191" 191 0.25 105 77 76 46 37 34 33 28 26 11 6 5 4 3 3 3 2 1 0 0
"192" 192 0.620253164557 117 113 106 51 35 20 16 14 13 7 3 2 1 1 1 0 0 0 0 0
"193" 193 0.373134328358 162 70 60 56 31 26 24 24 16 10 9 7 3 1 1 0 0 0 0 0
"194" 194 0.465517241379 127 117 98 56 35 21 17 11 7 4 3 2 1 1 0 0 0 0 0 0
"195" 195 0.455357142857 133 85 56 53 37 28 23 18 15 15 14 6 6 5 5 1 0 0 0 0
"196" 196 0.496124031008 117 106 54 42 38 33 32 27 13 13 10 9 3 2 1 0 0 0 0 0
"197" 197 0.535885167464 174 51 50 46 38 35 24 23 15 14 10 9 4 3 2 2 0 0 0 0
"198" 198 0.604060913706 116 101 98 83 53 14 7 7 6 6 5 2 2 0 0 0 0 0 0 0
"199" 199 0.627906976744 229 70 44 38 25 25 18 18 15 8 6 3 1 0 0 0 0 0 0 0
"200" 200 0.720207253886 226 73 51 29 28 22 21 15 12 8 7 6 1 1 0 0 0 0 0 0
"201" 201 0.815602836879 141 89 59 37 34 33 23 19 14 10 9 9 7 7 5 3 1 0 0 0
