"site" "RSA" "aa1" "aa2" "aa3" "aa4" "aa5" "aa6" "aa7" "aa8" "aa9" "aa10" "aa11" "aa12" "aa13" "aa14" "aa15" "aa16" "aa17" "aa18" "aa19" "aa20"
"0" 0 0.773255813953 150 90 60 50 44 40 22 21 16 4 3 0 0 0 0 0 0 0 0 0
"1" 1 0.313432835821 328 50 40 14 13 12 11 11 7 5 4 2 1 1 1 0 0 0 0 0
"2" 2 0.15611814346 213 182 34 27 20 12 5 4 1 1 1 0 0 0 0 0 0 0 0 0
"3" 3 0.0 225 131 72 51 8 5 4 1 1 1 1 0 0 0 0 0 0 0 0 0
"4" 4 0.0 324 175 1 0 0 0 0 0 0 0 0 0 0 0 0 0 0 0 0 0
"5" 5 0.0 255 116 35 20 19 16 13 12 8 3 2 1 0 0 0 0 0 0 0 0
"6" 6 0.046357615894 291 139 43 12 5 4 4 2 0 0 0 0 0 0 0 0 0 0 0 0
"7" 7 0.0 362 64 32 21 9 4 3 2 2 1 0 0 0 0 0 0 0 0 0 0
"8" 8 0.149253731343 190 150 57 27 19 13 11 11 10 5 3 2 1 1 0 0 0 0 0 0
"9" 9 0.31007751938 178 87 62 51 29 27 17 14 10 10 8 5 1 1 0 0 0 0 0 0
"10" 10 0.108527131783 293 103 71 12 11 4 3 2 1 0 0 0 0 0 0 0 0 0 0 0
"11" 11 0.383419689119 382 50 23 16 11 7 6 2 2 1 0 0 0 0 0 0 0 0 0 0
"12" 12 0.422053231939 83 81 77 52 45 35 34 31 27 21 5 4 2 2 1 0 0 0 0 0
"13" 13 0.635658914729 319 57 43 30 28 10 6 5 1 1 0 0 0 0 0 0 0 0 0 0
"14" 14 0.420512820513 195 105 56 49 33 23 10 7 7 6 5 4 0 0 0 0 0 0 0 0
"15" 15 0.1589958159 99 67 61 51 50 44 35 20 18 17 16 5 5 4 2 2 2 1 1 0
"16" 16 0.341085271318 199 105 86 36 17 11 10 10 7 6 3 3 2 2 1 1 1 0 0 0
"17" 17 0.370860927152 283 45 40 36 20 20 20 19 6 4 3 2 2 0 0 0 0 0 0 0
"18" 18 0.0580357142857 295 71 36 22 20 19 15 8 4 3 3 2 2 0 0 0 0 0 0 0
"19" 19 0.0 294 139 14 12 12 11 5 5 4 2 2 0 0 0 0 0 0 0 0 0
"20" 20 0.364341085271 125 96 69 57 53 39 28 13 8 4 2 2 1 1 1 1 0 0 0 0
"21" 21 0.215328467153 267 98 63 41 8 7 5 2 2 2 2 1 1 1 0 0 0 0 0 0
"22" 22 0.0 123 113 99 50 28 23 11 11 11 9 8 7 6 1 0 0 0 0 0 0
"23" 23 0.3125 217 127 65 30 26 15 5 3 3 3 3 1 1 1 0 0 0 0 0 0
"24" 24 0.620535714286 257 52 42 39 34 22 19 15 11 4 3 1 1 0 0 0 0 0 0 0
"25" 25 0.0988372093023 292 173 30 2 2 1 0 0 0 0 0 0 0 0 0 0 0 0 0 0
"26" 26 0.373056994819 261 58 58 31 25 17 16 7 6 6 5 4 3 3 0 0 0 0 0 0
"27" 27 0.0232558139535 338 94 30 15 8 6 3 3 2 1 0 0 0 0 0 0 0 0 0 0
"28" 28 0.272321428571 164 159 85 33 13 12 7 7 7 4 4 3 2 0 0 0 0 0 0 0
"29" 29 0.0456273764259 191 165 50 38 26 10 7 6 5 1 1 0 0 0 0 0 0 0 0 0
"30" 30 0.0 126 90 80 66 65 38 23 10 1 1 0 0 0 0 0 0 0 0 0 0
"31" 31 0.0 212 196 76 11 4 1 0 0 0 0 0 0 0 0 0 0 0 0 0 0
"32" 32 0.0 462 15 5 3 3 3 2 2 2 1 1 1 0 0 0 0 0 0 0 0
"33" 33 0.0310880829016 211 129 68 34 25 12 12 5 2 1 1 0 0 0 0 0 0 0 0 0
"34" 34 0.0406091370558 392 83 10 7 3 2 1 1 1 0 0 0 0 0 0 0 0 0 0 0
"35" 35 0.0366972477064 253 52 48 31 30 30 29 20 3 1 1 1 1 0 0 0 0 0 0 0
"36" 36 0.165803108808 482 7 6 2 1 1 1 0 0 0 0 0 0 0 0 0 0 0 0 0
"37" 37 0.211538461538 500 0 0 0 0 0 0 0 0 0 0 0 0 0 0 0 0 0 0 0
"38" 38 0.650224215247 270 85 39 33 27 19 9 6 5 2 2 1 1 1 0 0 0 0 0 0
"39" 39 0.171548117155 248 179 68 1 1 1 1 1 0 0 0 0 0 0 0 0 0 0 0 0
"40" 40 0.0459770114943 293 130 38 14 7 4 4 4 2 2 2 0 0 0 0 0 0 0 0 0
"41" 41 0.635220125786 299 83 68 24 23 2 1 0 0 0 0 0 0 0 0 0 0 0 0 0
"42" 42 0.45641025641 161 103 52 49 32 28 23 17 17 7 6 3 2 0 0 0 0 0 0 0
"43" 43 0.664974619289 191 103 70 53 44 10 8 7 7 5 2 0 0 0 0 0 0 0 0 0
"44" 44 0.198675496689 242 139 79 28 4 3 3 1 1 0 0 0 0 0 0 0 0 0 0 0
"45" 45 0.0962343096234 224 124 51 40 24 15 11 4 2 1 1 1 1 1 0 0 0 0 0 0
"46" 46 0.307692307692 193 143 59 55 24 10 6 3 2 2 1 1 1 0 0 0 0 0 0 0
"47" 47 0.131782945736 179 134 51 38 36 29 26 3 2 1 1 0 0 0 0 0 0 0 0 0
"48" 48 0.740932642487 114 85 75 61 59 42 29 12 8 8 3 1 1 1 1 0 0 0 0 0
"49" 49 0.252873563218 152 94 82 65 23 18 16 14 11 9 7 3 2 2 1 1 0 0 0 0
"50" 50 0.0 212 131 51 44 35 10 5 3 3 2 1 1 1 1 0 0 0 0 0 0
"51" 51 0.294573643411 190 125 69 33 29 18 11 10 5 4 2 2 1 1 0 0 0 0 0 0
"52" 52 0.483443708609 125 109 57 50 42 33 31 22 8 8 8 3 2 1 1 0 0 0 0 0
"53" 53 0.0137614678899 89 77 77 64 52 42 24 13 11 10 9 8 7 6 5 5 1 0 0 0
"54" 54 0.189781021898 251 53 33 28 27 25 23 20 17 9 5 4 3 1 1 0 0 0 0 0
"55" 55 0.675105485232 121 93 78 61 32 25 21 17 16 13 13 9 1 0 0 0 0 0 0 0
"56" 56 0.377990430622 195 146 55 38 18 15 9 9 7 3 2 1 1 1 0 0 0 0 0 0
"57" 57 0.0596026490066 394 25 21 19 18 10 5 3 2 1 1 1 0 0 0 0 0 0 0 0
"58" 58 0.759493670886 249 110 50 47 20 11 7 2 2 1 1 0 0 0 0 0 0 0 0 0
"59" 59 0.144278606965 377 76 34 7 3 1 1 1 0 0 0 0 0 0 0 0 0 0 0 0
"60" 60 0.224137931034 135 103 63 59 41 35 23 18 10 8 3 1 1 0 0 0 0 0 0 0
"61" 61 0.0 423 36 12 7 5 5 3 3 3 2 1 0 0 0 0 0 0 0 0 0
"62" 62 0.0 255 164 20 18 14 9 8 5 2 2 2 1 0 0 0 0 0 0 0 0
"63" 63 0.0 260 77 77 44 22 12 3 2 1 1 1 0 0 0 0 0 0 0 0 0
"64" 64 0.0 340 106 19 7 6 6 5 4 3 1 1 1 1 0 0 0 0 0 0 0
"65" 65 0.0 199 122 100 30 30 6 6 2 2 1 1 1 0 0 0 0 0 0 0 0
"66" 66 0.0137614678899 422 17 14 11 10 8 6 5 3 2 1 1 0 0 0 0 0 0 0 0
"67" 67 0.0114942528736 145 103 76 47 40 33 26 17 7 5 1 0 0 0 0 0 0 0 0 0
"68" 68 0.241379310345 226 152 33 29 16 11 11 9 4 3 3 1 1 1 0 0 0 0 0 0
"69" 69 0.414507772021 379 44 22 21 19 7 4 4 0 0 0 0 0 0 0 0 0 0 0 0
"70" 70 0.0062893081761 218 209 31 21 11 8 2 0 0 0 0 0 0 0 0 0 0 0 0 0
"71" 71 0.200892857143 247 98 44 35 33 8 8 5 5 5 4 3 2 1 1 1 0 0 0 0
"72" 72 0.481751824818 250 71 54 40 35 21 21 5 1 1 1 0 0 0 0 0 0 0 0 0
"73" 73 0.304182509506 209 190 24 17 12 10 8 8 7 5 4 2 2 2 0 0 0 0 0 0
"74" 74 0.0114942528736 157 113 59 50 38 38 21 10 10 2 1 1 0 0 0 0 0 0 0 0
"75" 75 0.464285714286 177 111 68 46 28 17 14 12 12 8 3 2 1 1 0 0 0 0 0 0
"76" 76 0.325581395349 107 66 50 50 49 45 39 33 26 17 6 4 4 2 2 0 0 0 0 0
"77" 77 0.00836820083682 200 165 73 25 16 15 2 1 1 1 1 0 0 0 0 0 0 0 0 0
"78" 78 0.22480620155 331 31 29 27 21 12 11 9 7 7 5 4 4 2 0 0 0 0 0 0
"79" 79 0.681614349776 137 74 70 60 41 40 31 12 12 12 5 3 1 1 1 0 0 0 0 0
"80" 80 0.0697674418605 435 50 15 0 0 0 0 0 0 0 0 0 0 0 0 0 0 0 0 0
"81" 81 0.182692307692 500 0 0 0 0 0 0 0 0 0 0 0 0 0 0 0 0 0 0 0
"82" 82 0.0542635658915 278 203 12 4 1 1 1 0 0 0 0 0 0 0 0 0 0 0 0 0
"83" 83 0.305699481865 451 42 3 2 1 1 0 0 0 0 0 0 0 0 0 0 0 0 0 0
"84" 84 0.0152284263959 122 103 96 59 33 28 20 12 8 6 4 3 3 2 1 0 0 0 0 0
"85" 85 0.0 140 118 86 43 42 32 26 6 4 2 1 0 0 0 0 0 0 0 0 0
"86" 86 0.0 241 71 71 49 32 32 2 1 1 0 0 0 0 0 0 0 0 0 0 0
"87" 87 0.010152284264 145 110 104 90 37 13 1 0 0 0 0 0 0 0 0 0 0 0 0 0
"88" 88 0.0 387 53 25 10 10 8 4 2 1 0 0 0 0 0 0 0 0 0 0 0
"89" 89 0.127906976744 199 82 50 47 21 21 15 15 15 15 5 5 4 3 2 1 0 0 0 0
"90" 90 0.272321428571 253 72 50 46 19 15 10 9 9 8 5 2 1 1 0 0 0 0 0 0
"91" 91 0.0529801324503 317 162 16 3 1 1 0 0 0 0 0 0 0 0 0 0 0 0 0 0
"92" 92 0.104651162791 392 73 13 5 5 4 4 2 1 1 0 0 0 0 0 0 0 0 0 0
"93" 93 0.850364963504 366 48 30 24 22 6 3 1 0 0 0 0 0 0 0 0 0 0 0 0
"94" 94 0.636363636364 236 78 70 37 32 24 7 5 3 3 3 2 0 0 0 0 0 0 0 0
"95" 95 0.147208121827 160 129 75 59 39 15 7 6 2 2 2 1 1 1 1 0 0 0 0 0
"96" 96 0.406698564593 112 109 82 57 40 30 23 15 11 9 4 3 2 2 1 0 0 0 0 0
"97" 97 0.317307692308 178 107 44 41 31 30 29 16 9 9 4 2 0 0 0 0 0 0 0 0
"98" 98 0.0232558139535 200 131 61 42 17 16 12 11 4 3 2 1 0 0 0 0 0 0 0 0
"99" 99 0.0 377 30 27 23 15 15 4 3 2 1 1 1 1 0 0 0 0 0 0 0
"100" 100 0.488789237668 201 76 62 61 37 22 14 12 5 3 3 2 1 1 0 0 0 0 0 0
"101" 101 0.430379746835 132 84 73 57 54 31 26 14 8 7 4 3 2 2 1 1 1 0 0 0
"102" 102 0.0 376 28 21 19 16 12 8 6 4 3 3 3 1 0 0 0 0 0 0 0
"103" 103 0.371308016878 116 112 79 63 53 16 15 11 9 5 5 5 4 2 2 1 1 1 0 0
"104" 104 0.705426356589 146 97 79 55 49 19 17 9 8 8 7 3 3 0 0 0 0 0 0 0
"105" 105 0.271317829457 324 57 23 19 17 13 10 9 7 7 5 4 3 2 0 0 0 0 0 0
"106" 106 0.673076923077 499 1 0 0 0 0 0 0 0 0 0 0 0 0 0 0 0 0 0 0
"107" 107 0.0733944954128 233 115 73 38 13 11 6 6 2 2 1 0 0 0 0 0 0 0 0 0
"108" 108 0.472573839662 125 123 107 63 37 34 4 2 2 1 1 1 0 0 0 0 0 0 0 0
"109" 109 0.0 388 64 33 13 1 1 0 0 0 0 0 0 0 0 0 0 0 0 0 0
"110" 110 0.0 419 68 13 0 0 0 0 0 0 0 0 0 0 0 0 0 0 0 0 0
"111" 111 0.0 130 124 94 70 44 24 7 4 2 1 0 0 0 0 0 0 0 0 0 0
"112" 112 0.0 413 40 29 8 5 2 1 1 1 0 0 0 0 0 0 0 0 0 0 0
"113" 113 0.0 239 130 63 18 18 10 6 5 4 4 1 1 1 0 0 0 0 0 0 0
"114" 114 0.153846153846 131 90 73 72 71 27 17 8 5 3 2 1 0 0 0 0 0 0 0 0
"115" 115 0.150943396226 126 74 56 51 40 29 24 19 16 13 12 11 10 8 5 4 2 0 0 0
"116" 116 0.692307692308 149 85 61 58 29 25 21 21 17 14 10 6 4 0 0 0 0 0 0 0
"117" 117 0.151162790698 165 135 72 32 26 20 14 11 10 6 3 3 2 1 0 0 0 0 0 0
"118" 118 0.465408805031 177 166 50 36 24 14 11 10 4 3 2 2 1 0 0 0 0 0 0 0
"119" 119 0.093023255814 111 91 82 66 28 28 24 14 14 12 11 4 4 3 3 2 2 1 0 0
"120" 120 0.470930232558 156 104 78 33 32 27 21 16 15 9 4 2 1 1 1 0 0 0 0 0
"121" 121 0.248062015504 95 80 67 53 50 38 25 22 20 11 10 8 7 5 4 3 2 0 0 0
"122" 122 0.0 209 59 40 39 36 28 26 16 14 12 8 6 5 1 1 0 0 0 0 0
"123" 123 0.388392857143 122 107 68 51 43 42 38 17 4 4 2 1 1 0 0 0 0 0 0 0
"124" 124 0.534591194969 188 106 59 35 21 20 17 11 10 9 8 8 7 1 0 0 0 0 0 0
"125" 125 0.00995024875622 244 104 73 59 5 4 4 3 1 1 1 1 0 0 0 0 0 0 0 0
"126" 126 0.00995024875622 321 63 45 25 18 8 7 3 3 2 1 1 1 1 1 0 0 0 0 0
"127" 127 0.616580310881 134 96 93 74 30 18 15 12 7 7 6 4 3 1 0 0 0 0 0 0
"128" 128 0.0796019900498 236 62 44 34 30 29 28 19 9 5 2 1 1 0 0 0 0 0 0 0
"129" 129 0.0574712643678 228 179 43 21 13 12 2 1 1 0 0 0 0 0 0 0 0 0 0 0
"130" 130 0.284974093264 390 45 24 14 9 5 4 3 3 2 1 0 0 0 0 0 0 0 0 0
"131" 131 0.00896860986547 156 131 82 20 15 14 14 13 12 11 11 9 8 3 1 0 0 0 0 0
"132" 132 0.0 239 60 48 41 37 23 19 18 7 3 2 1 1 1 0 0 0 0 0 0
"133" 133 0.0 105 89 76 71 64 33 22 16 14 7 3 0 0 0 0 0 0 0 0 0
"134" 134 0.0 178 170 119 10 10 6 2 2 1 1 1 0 0 0 0 0 0 0 0 0
"135" 135 0.0183486238532 133 126 89 78 25 22 13 6 5 3 0 0 0 0 0 0 0 0 0 0
"136" 136 0.0 352 87 49 3 3 3 1 1 1 0 0 0 0 0 0 0 0 0 0 0
"137" 137 0.0459770114943 176 146 44 41 38 24 8 4 4 3 3 2 2 2 2 1 0 0 0 0
"138" 138 0.441025641026 202 80 61 36 24 22 14 13 11 10 7 7 7 3 2 1 0 0 0 0
"139" 139 0.138364779874 253 142 50 24 12 4 3 3 3 2 2 1 1 0 0 0 0 0 0 0
"140" 140 0.0480769230769 500 0 0 0 0 0 0 0 0 0 0 0 0 0 0 0 0 0 0 0
"141" 141 0.464435146444 126 119 111 42 32 26 20 6 5 5 4 4 0 0 0 0 0 0 0 0
"142" 142 0.519230769231 118 111 63 58 44 34 16 15 11 11 10 5 4 0 0 0 0 0 0 0
"143" 143 0.586538461538 491 9 0 0 0 0 0 0 0 0 0 0 0 0 0 0 0 0 0 0
"144" 144 0.210762331839 205 83 67 35 33 17 15 12 9 8 5 4 3 3 1 0 0 0 0 0
"145" 145 0.651162790698 208 104 56 45 44 10 8 8 7 4 3 1 1 1 0 0 0 0 0 0
"146" 146 0.167364016736 252 216 20 4 2 2 1 1 1 1 0 0 0 0 0 0 0 0 0 0
"147" 147 0.187817258883 180 110 64 58 23 19 14 13 8 5 4 2 0 0 0 0 0 0 0 0
"148" 148 0.427672955975 197 112 89 28 22 18 15 6 5 3 2 2 1 0 0 0 0 0 0 0
"149" 149 0.513392857143 162 134 64 43 35 27 15 10 5 3 1 1 0 0 0 0 0 0 0 0
"150" 150 0.0253164556962 277 86 53 43 23 8 4 3 2 1 0 0 0 0 0 0 0 0 0 0
"151" 151 0.119402985075 273 66 35 32 19 17 16 12 10 7 5 3 3 2 0 0 0 0 0 0
"152" 152 0.611607142857 147 108 79 60 36 27 22 7 4 4 3 1 1 1 0 0 0 0 0 0
"153" 153 0.0970464135021 213 56 52 39 31 26 21 19 10 8 7 7 6 3 2 0 0 0 0 0
"154" 154 0.0 249 149 39 26 20 8 5 2 1 1 0 0 0 0 0 0 0 0 0 0
"155" 155 0.356589147287 237 61 44 42 33 25 14 14 12 9 6 2 1 0 0 0 0 0 0 0
"156" 156 0.296511627907 136 73 69 63 47 29 23 12 12 9 8 8 4 3 2 1 1 0 0 0
"157" 157 0.0 141 113 78 47 46 23 14 14 9 4 3 3 3 1 1 0 0 0 0 0
"158" 158 0.147286821705 116 74 61 59 52 40 35 26 22 9 3 2 1 0 0 0 0 0 0 0
"159" 159 0.510548523207 146 92 70 52 49 30 26 11 10 4 3 2 2 2 1 0 0 0 0 0
"160" 160 0.13829787234 277 53 40 28 26 17 15 10 8 7 5 5 4 4 1 0 0 0 0 0
"161" 161 0.222627737226 340 68 41 24 18 3 2 1 1 1 1 0 0 0 0 0 0 0 0 0
"162" 162 0.683937823834 209 83 60 51 50 15 12 8 7 2 1 1 1 0 0 0 0 0 0 0
"163" 163 0.46875 199 74 66 65 24 19 18 9 9 6 5 4 2 0 0 0 0 0 0 0
"164" 164 0.337552742616 295 73 59 25 11 10 9 8 5 2 2 1 0 0 0 0 0 0 0 0
"165" 165 0.692307692308 276 223 1 0 0 0 0 0 0 0 0 0 0 0 0 0 0 0 0 0
"166" 166 0.228855721393 414 44 18 7 5 4 3 1 1 1 1 1 0 0 0 0 0 0 0 0
"167" 167 0.761589403974 396 56 31 8 6 3 0 0 0 0 0 0 0 0 0 0 0 0 0 0
"168" 168 0.0334728033473 355 47 37 23 22 5 4 3 2 1 1 0 0 0 0 0 0 0 0 0
"169" 169 0.176165803109 185 100 41 40 37 23 19 15 15 11 8 2 2 1 1 0 0 0 0 0
"170" 170 0.0 357 58 34 30 10 6 3 1 1 0 0 0 0 0 0 0 0 0 0 0
"171" 171 0.0 230 161 39 30 15 11 8 4 2 0 0 0 0 0 0 0 0 0 0 0
"172" 172 0.0 184 177 72 61 4 1 1 0 0 0 0 0 0 0 0 0 0 0 0 0
"173" 173 0.0829015544041 152 150 141 16 15 14 5 4 1 1 1 0 0 0 0 0 0 0 0 0
"174" 174 0.0673076923077 500 0 0 0 0 0 0 0 0 0 0 0 0 0 0 0 0 0 0 0
"175" 175 0.259615384615 444 15 13 10 9 6 3 0 0 0 0 0 0 0 0 0 0 0 0 0
"176" 176 0.0344827586207 194 143 101 18 17 13 7 3 2 1 1 0 0 0 0 0 0 0 0 0
"177" 177 0.20725388601 340 84 39 14 10 6 3 2 1 1 0 0 0 0 0 0 0 0 0 0
"178" 178 0.312820512821 201 98 62 53 32 16 15 8 4 3 2 2 2 1 1 0 0 0 0 0
"179" 179 0.704641350211 162 118 59 54 38 25 15 9 9 8 3 0 0 0 0 0 0 0 0 0
"180" 180 0.139534883721 248 117 55 28 17 16 9 8 1 1 0 0 0 0 0 0 0 0 0 0
"181" 181 0.0 200 181 53 52 7 3 3 1 0 0 0 0 0 0 0 0 0 0 0 0
"182" 182 0.310218978102 167 76 68 42 35 31 26 18 13 10 6 4 3 1 0 0 0 0 0 0
"183" 183 0.325581395349 250 72 58 35 27 15 10 9 8 6 4 3 2 1 0 0 0 0 0 0
"184" 184 0.0 225 61 59 54 50 28 13 3 2 2 1 1 1 0 0 0 0 0 0 0
"185" 185 0.365019011407 239 96 53 41 37 16 7 4 3 2 1 1 0 0 0 0 0 0 0 0
"186" 186 0.575892857143 139 120 78 55 31 21 16 14 13 3 3 3 3 1 0 0 0 0 0 0
"187" 187 0.15503875969 474 8 6 5 3 1 1 1 1 0 0 0 0 0 0 0 0 0 0 0
"188" 188 0.201923076923 500 0 0 0 0 0 0 0 0 0 0 0 0 0 0 0 0 0 0 0
"189" 189 0.015503875969 363 103 14 11 4 2 1 1 1 0 0 0 0 0 0 0 0 0 0 0
"190" 190 0.102564102564 190 82 82 67 52 18 3 3 2 1 0 0 0 0 0 0 0 0 0 0
"191" 191 0.0 221 109 42 36 21 18 15 10 9 8 8 3 0 0 0 0 0 0 0 0
"192" 192 0.0 422 71 2 2 1 1 1 0 0 0 0 0 0 0 0 0 0 0 0 0
"193" 193 0.0 169 142 100 42 23 15 7 1 1 0 0 0 0 0 0 0 0 0 0 0
"194" 194 0.015503875969 412 37 24 11 9 2 2 1 1 1 0 0 0 0 0 0 0 0 0 0
"195" 195 0.163461538462 479 18 2 1 0 0 0 0 0 0 0 0 0 0 0 0 0 0 0 0
"196" 196 0.390728476821 126 69 68 53 40 36 26 26 17 11 11 7 3 3 2 1 1 0 0 0
"197" 197 0.0760456273764 86 85 77 50 48 38 25 25 17 16 13 10 6 2 2 0 0 0 0 0
"198" 198 0.0 146 90 73 60 56 34 20 9 5 2 2 1 1 1 0 0 0 0 0 0
"199" 199 0.100418410042 273 85 61 26 21 19 4 4 2 2 1 1 1 0 0 0 0 0 0 0
"200" 200 0.666666666667 306 90 26 24 22 21 7 2 1 1 0 0 0 0 0 0 0 0 0 0
"201" 201 0.139534883721 127 113 71 51 33 31 23 16 8 7 7 4 4 2 1 1 1 0 0 0
"202" 202 0.774834437086 252 123 42 34 23 14 8 3 1 0 0 0 0 0 0 0 0 0 0 0
"203" 203 0.40932642487 336 39 23 23 18 13 11 10 7 6 6 3 3 1 1 0 0 0 0 0
"204" 204 0.0149253731343 229 77 35 32 28 28 18 17 15 5 4 3 3 2 2 2 0 0 0 0
"205" 205 0.298850574713 162 75 61 49 44 27 22 19 11 8 7 6 3 3 2 1 0 0 0 0
"206" 206 0.377483443709 175 102 70 50 20 20 14 13 12 10 3 3 3 2 2 1 0 0 0 0
"207" 207 0.139013452915 222 123 95 28 21 4 4 2 1 0 0 0 0 0 0 0 0 0 0 0
"208" 208 0.0 113 95 82 80 39 27 25 15 13 7 2 1 1 0 0 0 0 0 0 0
"209" 209 0.399103139013 142 93 52 42 42 36 29 24 22 9 4 2 2 1 0 0 0 0 0 0
"210" 210 0.244186046512 139 121 103 43 20 19 19 12 11 5 4 1 1 1 1 0 0 0 0 0
"211" 211 0.0 208 170 58 17 10 8 7 4 4 4 3 2 2 2 1 0 0 0 0 0
"212" 212 0.175182481752 100 94 90 70 36 23 20 20 15 15 10 4 2 1 0 0 0 0 0 0
"213" 213 0.56976744186 188 92 71 40 22 21 21 16 13 11 3 1 1 0 0 0 0 0 0 0
"214" 214 0.201550387597 461 12 9 7 3 3 3 1 1 0 0 0 0 0 0 0 0 0 0 0
"215" 215 0.0348258706468 213 197 31 26 22 4 2 2 1 1 1 0 0 0 0 0 0 0 0 0
"216" 216 0.851282051282 173 164 54 42 33 13 7 5 4 3 1 1 0 0 0 0 0 0 0 0
