"site" "RSA" "aa1" "aa2" "aa3" "aa4" "aa5" "aa6" "aa7" "aa8" "aa9" "aa10" "aa11" "aa12" "aa13" "aa14" "aa15" "aa16" "aa17" "aa18" "aa19" "aa20"
"0" 0 1.17054263566 437 35 13 11 4 0 0 0 0 0 0 0 0 0 0 0 0 0 0 0
"1" 1 0.273722627737 130 130 97 52 52 13 11 6 5 4 0 0 0 0 0 0 0 0 0 0
"2" 2 0.395348837209 285 58 45 37 18 13 12 10 8 5 4 4 1 0 0 0 0 0 0 0
"3" 3 0.0794979079498 138 104 82 72 37 19 17 8 7 5 5 3 2 1 0 0 0 0 0 0
"4" 4 0.0 218 92 84 54 17 13 12 6 2 1 1 0 0 0 0 0 0 0 0 0
"5" 5 0.0 355 54 38 38 6 5 2 1 1 0 0 0 0 0 0 0 0 0 0 0
"6" 6 0.0 233 102 54 49 39 5 5 5 4 2 1 1 0 0 0 0 0 0 0 0
"7" 7 0.0 218 197 54 10 7 6 5 2 1 0 0 0 0 0 0 0 0 0 0 0
"8" 8 0.0205128205128 345 113 21 8 3 3 2 2 2 1 0 0 0 0 0 0 0 0 0 0
"9" 9 0.00418410041841 331 99 30 17 14 4 2 1 1 1 0 0 0 0 0 0 0 0 0 0
"10" 10 0.253164556962 495 4 1 0 0 0 0 0 0 0 0 0 0 0 0 0 0 0 0 0
"11" 11 0.805970149254 247 81 61 41 29 18 14 4 4 1 0 0 0 0 0 0 0 0 0 0
"12" 12 0.389743589744 170 138 64 47 33 19 12 8 6 2 1 0 0 0 0 0 0 0 0 0
"13" 13 0.317307692308 500 0 0 0 0 0 0 0 0 0 0 0 0 0 0 0 0 0 0 0
"14" 14 0.264900662252 414 50 19 12 2 2 1 0 0 0 0 0 0 0 0 0 0 0 0 0
"15" 15 0.540084388186 221 85 45 41 37 28 16 12 8 2 2 1 1 1 0 0 0 0 0 0
"16" 16 0.708520179372 177 98 91 59 35 14 13 5 2 2 2 1 1 0 0 0 0 0 0 0
"17" 17 0.218543046358 230 77 56 43 25 19 17 11 7 6 5 2 2 0 0 0 0 0 0 0
"18" 18 0.0 179 176 30 22 19 19 18 16 16 4 1 0 0 0 0 0 0 0 0 0
"19" 19 0.379746835443 119 84 83 77 65 40 30 2 0 0 0 0 0 0 0 0 0 0 0 0
"20" 20 0.491071428571 213 85 57 56 40 12 12 9 8 3 3 1 1 0 0 0 0 0 0 0
"21" 21 0.0304568527919 221 89 56 53 49 11 7 4 3 3 2 1 1 0 0 0 0 0 0 0
"22" 22 0.0 203 81 53 35 31 28 23 13 10 9 5 4 4 1 0 0 0 0 0 0
"23" 23 0.285714285714 168 81 47 40 34 31 21 18 16 15 8 8 7 6 0 0 0 0 0 0
"24" 24 0.222627737226 339 34 29 19 18 11 8 8 7 6 6 6 4 4 1 0 0 0 0 0
"25" 25 0.0149253731343 235 66 61 60 54 12 5 2 2 2 1 0 0 0 0 0 0 0 0 0
"26" 26 0.138461538462 500 0 0 0 0 0 0 0 0 0 0 0 0 0 0 0 0 0 0 0
"27" 27 0.645348837209 88 86 80 65 52 38 29 17 13 11 9 8 3 1 0 0 0 0 0 0
"28" 28 0.124031007752 200 196 27 23 18 8 6 6 4 3 3 3 1 1 1 0 0 0 0 0
"29" 29 0.682119205298 473 10 6 5 3 2 1 0 0 0 0 0 0 0 0 0 0 0 0 0
"30" 30 0.0862944162437 129 103 81 47 26 22 20 16 14 14 13 4 4 3 2 1 1 0 0 0
"31" 31 0.125786163522 137 124 110 48 45 14 9 5 4 2 1 1 0 0 0 0 0 0 0 0
"32" 32 0.65625 197 63 62 38 32 29 17 16 11 10 7 6 5 4 3 0 0 0 0 0
"33" 33 0.553846153846 404 35 23 11 7 6 5 4 3 1 1 0 0 0 0 0 0 0 0 0
"34" 34 0.0459770114943 161 138 54 37 21 18 16 14 12 9 9 8 1 1 1 0 0 0 0 0
"35" 35 0.241071428571 173 108 71 56 40 35 3 2 2 2 2 2 2 1 1 0 0 0 0 0
"36" 36 0.0 241 82 81 33 21 11 6 6 5 5 3 2 2 1 1 0 0 0 0 0
"37" 37 0.0 290 61 46 27 26 19 19 9 2 1 0 0 0 0 0 0 0 0 0 0
"38" 38 0.0 233 81 78 38 26 24 8 5 3 2 1 1 0 0 0 0 0 0 0 0
"39" 39 0.0 323 96 36 29 9 6 1 0 0 0 0 0 0 0 0 0 0 0 0 0
"40" 40 0.0 369 51 48 24 7 1 0 0 0 0 0 0 0 0 0 0 0 0 0 0
"41" 41 0.106918238994 171 160 66 41 28 14 10 5 3 2 0 0 0 0 0 0 0 0 0 0
"42" 42 0.356589147287 230 100 34 33 32 25 13 9 6 5 4 2 2 2 1 1 1 0 0 0
"43" 43 0.697674418605 115 107 105 89 50 15 14 3 1 1 0 0 0 0 0 0 0 0 0 0
"44" 44 0.186311787072 261 185 44 5 2 2 1 0 0 0 0 0 0 0 0 0 0 0 0 0
"45" 45 0.0547263681592 213 164 67 26 10 9 7 2 1 1 0 0 0 0 0 0 0 0 0 0
"46" 46 0.528497409326 167 136 134 32 12 7 4 2 2 2 1 1 0 0 0 0 0 0 0 0
"47" 47 0.216730038023 381 28 23 22 17 9 6 6 2 2 2 1 1 0 0 0 0 0 0 0
"48" 48 0.0 265 134 31 24 22 7 6 5 4 1 1 0 0 0 0 0 0 0 0 0
"49" 49 0.247126436782 175 122 86 40 32 15 14 6 5 3 1 1 0 0 0 0 0 0 0 0
"50" 50 0.53642384106 180 141 94 29 22 15 11 4 2 1 1 0 0 0 0 0 0 0 0 0
"51" 51 0.0796019900498 323 36 35 28 25 17 16 11 4 2 1 1 1 0 0 0 0 0 0 0
"52" 52 0.155172413793 227 93 34 31 30 22 15 12 8 7 6 5 5 4 1 0 0 0 0 0
"53" 53 0.53164556962 226 128 45 25 19 19 17 9 8 1 1 1 1 0 0 0 0 0 0 0
"54" 54 0.189873417722 183 126 54 31 23 21 13 12 12 6 5 5 5 3 1 0 0 0 0 0
"55" 55 0.77358490566 258 94 75 24 19 16 4 4 2 2 2 0 0 0 0 0 0 0 0 0
"56" 56 0.152466367713 165 94 65 55 24 17 16 15 14 8 6 6 5 4 3 2 1 0 0 0
"57" 57 0.0632183908046 164 111 62 36 34 27 23 18 7 6 4 3 2 2 1 0 0 0 0 0
"58" 58 0.186046511628 193 129 77 37 21 19 8 7 6 2 1 0 0 0 0 0 0 0 0 0
"59" 59 0.0287356321839 295 111 40 21 20 8 2 1 1 1 0 0 0 0 0 0 0 0 0 0
"60" 60 0.0 499 1 0 0 0 0 0 0 0 0 0 0 0 0 0 0 0 0 0 0
"61" 61 0.015503875969 453 17 9 7 6 3 3 1 1 0 0 0 0 0 0 0 0 0 0 0
"62" 62 0.206278026906 178 100 77 42 26 26 23 19 3 3 1 1 1 0 0 0 0 0 0 0
"63" 63 0.0666666666667 151 114 103 33 28 23 17 14 6 5 3 3 0 0 0 0 0 0 0 0
"64" 64 0.015503875969 368 76 27 17 7 4 1 0 0 0 0 0 0 0 0 0 0 0 0 0
"65" 65 0.197718631179 206 76 50 35 32 29 17 17 10 7 6 5 5 3 2 0 0 0 0 0
"66" 66 0.134328358209 203 66 60 48 30 28 24 13 6 5 5 4 3 3 2 0 0 0 0 0
"67" 67 0.459915611814 181 62 54 51 48 36 35 13 8 4 2 1 1 1 1 1 1 0 0 0
"68" 68 0.147286821705 107 70 56 53 53 40 35 26 23 14 7 5 4 3 2 1 1 0 0 0
"69" 69 0.596026490066 191 122 61 54 26 15 11 7 4 3 2 2 1 1 0 0 0 0 0 0
"70" 70 0.605769230769 500 0 0 0 0 0 0 0 0 0 0 0 0 0 0 0 0 0 0 0
"71" 71 0.736434108527 259 233 7 1 0 0 0 0 0 0 0 0 0 0 0 0 0 0 0 0
"72" 72 0.322175732218 283 145 28 24 14 3 1 1 1 0 0 0 0 0 0 0 0 0 0 0
"73" 73 0.895348837209 304 147 17 10 10 5 3 2 1 1 0 0 0 0 0 0 0 0 0 0
"74" 74 0.673076923077 492 8 0 0 0 0 0 0 0 0 0 0 0 0 0 0 0 0 0 0
"75" 75 0.330357142857 146 116 51 49 41 24 19 12 11 9 5 4 4 3 3 2 1 0 0 0
"76" 76 0.297435897436 106 83 68 51 48 33 30 22 16 13 13 11 2 2 2 0 0 0 0 0
"77" 77 0.0529801324503 170 103 51 43 41 37 20 6 6 4 4 4 3 3 2 2 1 0 0 0
"78" 78 0.0 194 70 54 49 40 26 19 13 7 6 5 3 3 3 3 3 2 0 0 0
"79" 79 0.331606217617 120 90 51 40 39 27 24 24 20 18 14 12 9 6 4 1 1 0 0 0
"80" 80 0.511210762332 149 69 65 60 52 33 23 14 13 6 4 3 3 3 2 1 0 0 0 0
"81" 81 0.0152284263959 84 79 73 68 51 37 33 27 21 12 7 4 3 1 0 0 0 0 0 0
"82" 82 0.405063291139 131 86 74 54 48 39 26 16 10 4 3 3 3 1 1 1 0 0 0 0
"83" 83 0.689119170984 215 95 73 48 15 13 11 10 9 4 3 2 2 0 0 0 0 0 0 0
"84" 84 0.195402298851 154 102 52 40 37 31 30 19 19 7 6 2 1 0 0 0 0 0 0 0
"85" 85 0.211538461538 499 1 0 0 0 0 0 0 0 0 0 0 0 0 0 0 0 0 0 0
"86" 86 0.0077519379845 363 96 17 17 3 2 1 1 0 0 0 0 0 0 0 0 0 0 0 0
"87" 87 0.455696202532 214 87 74 68 27 15 5 5 1 1 1 1 1 0 0 0 0 0 0 0
"88" 88 0.0780141843972 140 98 97 83 48 14 8 6 3 2 1 0 0 0 0 0 0 0 0 0
"89" 89 0.00574712643678 213 144 74 48 5 4 4 3 2 2 1 0 0 0 0 0 0 0 0 0
"90" 90 0.010152284264 144 134 92 53 38 19 9 6 2 2 1 0 0 0 0 0 0 0 0 0
"91" 91 0.00995024875622 149 125 108 38 24 23 16 15 1 1 0 0 0 0 0 0 0 0 0 0
"92" 92 0.0 495 5 0 0 0 0 0 0 0 0 0 0 0 0 0 0 0 0 0 0
"93" 93 0.0526315789474 494 5 1 0 0 0 0 0 0 0 0 0 0 0 0 0 0 0 0 0
"94" 94 0.158940397351 283 42 36 35 17 17 16 12 11 7 7 6 5 3 2 1 0 0 0 0
"95" 95 0.303571428571 190 105 78 48 33 21 21 2 2 0 0 0 0 0 0 0 0 0 0 0
"96" 96 0.21897810219 267 83 43 33 28 16 15 7 3 3 1 1 0 0 0 0 0 0 0 0
"97" 97 0.14598540146 360 35 33 18 12 9 7 6 6 4 4 4 1 1 0 0 0 0 0 0
"98" 98 0.470198675497 147 89 74 66 45 24 16 11 11 6 4 4 3 0 0 0 0 0 0 0
"99" 99 0.642585551331 156 105 75 63 49 22 12 9 3 3 2 1 0 0 0 0 0 0 0 0
"100" 100 0.485355648536 119 95 89 71 55 34 13 13 8 2 1 0 0 0 0 0 0 0 0 0
"101" 101 0.736842105263 306 166 11 9 3 2 2 1 0 0 0 0 0 0 0 0 0 0 0 0
"102" 102 0.0625 162 65 61 56 27 27 27 22 17 10 8 7 6 3 2 0 0 0 0 0
"103" 103 0.476683937824 339 66 45 16 11 10 4 2 1 1 1 1 1 1 1 0 0 0 0 0
"104" 104 0.165803108808 172 159 27 27 27 20 15 12 10 8 6 6 4 4 2 1 0 0 0 0
"105" 105 0.409282700422 234 81 49 31 27 21 19 15 11 6 4 2 0 0 0 0 0 0 0 0
"106" 106 0.217573221757 264 55 49 45 32 31 12 5 4 2 1 0 0 0 0 0 0 0 0 0
"107" 107 0.00507614213198 134 74 67 57 41 36 33 19 14 12 7 2 2 1 1 0 0 0 0 0
"108" 108 0.0 456 43 1 0 0 0 0 0 0 0 0 0 0 0 0 0 0 0 0 0
"109" 109 0.243523316062 184 114 103 56 17 13 4 4 2 2 1 0 0 0 0 0 0 0 0 0
"110" 110 0.0126582278481 181 93 69 59 30 15 13 13 11 7 2 2 2 1 1 1 0 0 0 0
"111" 111 0.0 249 109 58 23 19 15 10 5 5 3 2 1 1 0 0 0 0 0 0 0
"112" 112 0.476793248945 164 148 94 30 27 17 10 6 2 1 1 0 0 0 0 0 0 0 0 0
"113" 113 0.205020920502 189 123 53 48 18 13 13 11 9 9 9 2 2 1 0 0 0 0 0 0
"114" 114 0.0232558139535 101 86 79 52 47 46 45 28 9 4 2 1 0 0 0 0 0 0 0 0
"115" 115 0.203980099502 374 43 17 12 9 8 6 5 4 4 4 4 4 3 3 0 0 0 0 0
"116" 116 0.538461538462 200 111 92 42 23 16 9 5 1 1 0 0 0 0 0 0 0 0 0 0
"117" 117 0.255605381166 114 103 46 42 37 35 34 25 14 14 14 7 6 4 3 2 0 0 0 0
"118" 118 0.615384615385 498 2 0 0 0 0 0 0 0 0 0 0 0 0 0 0 0 0 0 0
"119" 119 0.0172413793103 277 82 63 17 13 12 12 8 8 4 3 1 0 0 0 0 0 0 0 0
"120" 120 0.0769230769231 125 73 53 47 43 40 26 24 22 21 14 8 4 0 0 0 0 0 0 0
"121" 121 0.0 418 41 18 16 7 0 0 0 0 0 0 0 0 0 0 0 0 0 0 0
"122" 122 0.0 161 104 91 69 49 7 6 5 5 3 0 0 0 0 0 0 0 0 0 0
"123" 123 0.00497512437811 190 138 71 32 22 18 14 11 2 1 1 0 0 0 0 0 0 0 0 0
"124" 124 0.0 245 93 92 33 20 8 4 2 1 1 1 0 0 0 0 0 0 0 0 0
"125" 125 0.010152284264 364 88 28 10 6 4 0 0 0 0 0 0 0 0 0 0 0 0 0 0
"126" 126 0.0961538461538 500 0 0 0 0 0 0 0 0 0 0 0 0 0 0 0 0 0 0 0
"127" 127 0.00446428571429 357 39 37 20 19 17 8 3 0 0 0 0 0 0 0 0 0 0 0 0
"128" 128 0.209302325581 314 81 48 24 11 7 4 3 3 3 2 0 0 0 0 0 0 0 0 0
"129" 129 0.18407960199 307 69 29 23 22 21 21 5 2 1 0 0 0 0 0 0 0 0 0 0
"130" 130 0.571428571429 228 144 31 25 23 19 10 7 5 3 2 2 1 0 0 0 0 0 0 0
"131" 131 0.285714285714 221 69 60 55 32 18 12 9 8 4 4 3 3 1 1 0 0 0 0 0
"132" 132 0.26582278481 128 110 94 74 31 20 15 10 10 3 3 2 0 0 0 0 0 0 0 0
"133" 133 0.679324894515 305 57 46 33 23 15 6 5 5 4 1 0 0 0 0 0 0 0 0 0
"134" 134 0.511627906977 146 145 63 38 29 24 16 15 10 4 4 3 2 1 0 0 0 0 0 0
"135" 135 0.5 300 195 4 1 0 0 0 0 0 0 0 0 0 0 0 0 0 0 0 0
"136" 136 0.438818565401 190 125 90 39 19 11 8 5 5 4 2 1 1 0 0 0 0 0 0 0
"137" 137 0.145348837209 212 88 88 26 20 12 12 10 7 7 5 4 3 2 2 2 0 0 0 0
"138" 138 0.353233830846 132 88 54 48 39 32 30 28 24 12 8 2 1 1 1 0 0 0 0 0
"139" 139 0.440414507772 119 95 85 68 41 39 21 14 10 6 1 1 0 0 0 0 0 0 0 0
"140" 140 0.0344827586207 172 121 40 36 35 32 13 9 7 7 7 6 6 4 2 2 1 0 0 0
"141" 141 0.0229885057471 172 99 64 39 36 28 17 16 10 8 5 3 2 1 0 0 0 0 0 0
"142" 142 0.348214285714 302 78 62 33 6 6 5 3 2 2 1 0 0 0 0 0 0 0 0 0
"143" 143 0.408759124088 184 122 69 52 31 20 6 5 5 4 1 1 0 0 0 0 0 0 0 0
"144" 144 0.0403587443946 203 196 24 24 13 11 8 7 5 3 2 2 1 1 0 0 0 0 0 0
"145" 145 0.0 410 60 10 7 3 3 2 2 1 1 1 0 0 0 0 0 0 0 0 0
"146" 146 0.205128205128 165 100 72 52 42 33 22 6 5 1 1 1 0 0 0 0 0 0 0 0
"147" 147 0.15503875969 232 88 65 30 18 17 16 11 10 7 3 2 1 0 0 0 0 0 0 0
"148" 148 0.0172413793103 281 61 59 30 19 13 12 8 8 4 2 2 1 0 0 0 0 0 0 0
"149" 149 0.119402985075 249 118 38 29 25 18 13 3 3 2 1 1 0 0 0 0 0 0 0 0
"150" 150 0.602678571429 173 103 70 69 28 15 12 10 6 4 4 2 2 1 1 0 0 0 0 0
"151" 151 0.321428571429 180 98 75 50 27 21 21 21 4 2 1 0 0 0 0 0 0 0 0 0
"152" 152 0.0574712643678 400 56 20 13 8 1 1 1 0 0 0 0 0 0 0 0 0 0 0 0
"153" 153 0.831223628692 227 179 41 28 11 6 6 1 1 0 0 0 0 0 0 0 0 0 0 0
"154" 154 0.538860103627 262 52 48 48 32 26 12 10 5 2 2 1 0 0 0 0 0 0 0 0
"155" 155 0.0425531914894 242 134 100 14 9 1 0 0 0 0 0 0 0 0 0 0 0 0 0 0
"156" 156 0.575581395349 84 76 73 67 47 47 28 26 20 15 9 6 1 1 0 0 0 0 0 0
"157" 157 0.523076923077 113 111 87 65 37 22 20 18 12 8 5 1 1 0 0 0 0 0 0 0
"158" 158 0.0172413793103 322 58 36 33 14 12 10 7 3 2 1 1 1 0 0 0 0 0 0 0
"159" 159 0.0 256 144 67 13 4 4 4 2 2 1 1 1 1 0 0 0 0 0 0 0
"160" 160 0.0 208 162 74 27 7 6 5 5 3 1 1 1 0 0 0 0 0 0 0 0
"161" 161 0.0 301 180 14 3 2 0 0 0 0 0 0 0 0 0 0 0 0 0 0 0
"162" 162 0.00760456273764 431 48 9 5 3 2 1 1 0 0 0 0 0 0 0 0 0 0 0 0
"163" 163 0.0669642857143 435 37 9 8 7 2 1 1 0 0 0 0 0 0 0 0 0 0 0 0
"164" 164 0.0062893081761 419 42 27 7 3 2 0 0 0 0 0 0 0 0 0 0 0 0 0 0
"165" 165 0.241379310345 121 97 74 51 42 20 16 13 12 12 12 9 9 6 3 2 1 0 0 0
"166" 166 0.031914893617 346 99 32 10 9 2 1 1 0 0 0 0 0 0 0 0 0 0 0 0
"167" 167 0.131782945736 298 115 59 16 5 4 1 1 1 0 0 0 0 0 0 0 0 0 0 0
"168" 168 0.46192893401 180 79 69 65 16 16 15 13 11 10 7 7 6 5 1 0 0 0 0 0
"169" 169 0.865384615385 340 157 2 1 0 0 0 0 0 0 0 0 0 0 0 0 0 0 0 0
"170" 170 0.302325581395 404 26 18 15 12 9 5 4 3 2 1 1 0 0 0 0 0 0 0 0
"171" 171 0.75 499 1 0 0 0 0 0 0 0 0 0 0 0 0 0 0 0 0 0 0
"172" 172 0.442786069652 275 81 75 19 18 15 9 3 1 1 1 1 1 0 0 0 0 0 0 0
"173" 173 0.627906976744 243 68 53 40 27 19 15 12 10 8 5 0 0 0 0 0 0 0 0 0
"174" 174 0.193798449612 350 53 43 20 15 7 6 3 1 1 1 0 0 0 0 0 0 0 0 0
"175" 175 0.296511627907 316 158 14 4 2 2 2 1 1 0 0 0 0 0 0 0 0 0 0 0
"176" 176 0.100628930818 220 72 60 37 35 22 16 14 11 6 4 2 1 0 0 0 0 0 0 0
"177" 177 0.517857142857 413 48 38 1 0 0 0 0 0 0 0 0 0 0 0 0 0 0 0 0
"178" 178 0.243523316062 372 50 31 17 12 5 4 3 2 2 1 1 0 0 0 0 0 0 0 0
"179" 179 0.0077519379845 316 81 40 25 19 12 4 2 1 0 0 0 0 0 0 0 0 0 0 0
"180" 180 0.192825112108 327 49 41 35 31 8 8 1 0 0 0 0 0 0 0 0 0 0 0 0
"181" 181 0.502590673575 228 114 91 28 10 8 5 5 4 3 2 1 1 0 0 0 0 0 0 0
"182" 182 0.0659898477157 277 121 38 28 11 8 5 4 2 2 2 1 1 0 0 0 0 0 0 0
"183" 183 0.0 468 25 5 2 0 0 0 0 0 0 0 0 0 0 0 0 0 0 0 0
"184" 184 0.271317829457 266 144 40 13 12 9 7 4 2 2 1 0 0 0 0 0 0 0 0 0
"185" 185 0.291390728477 168 147 69 24 22 15 15 15 14 5 3 2 1 0 0 0 0 0 0 0
"186" 186 0.00507614213198 162 150 84 55 16 11 7 5 5 3 2 0 0 0 0 0 0 0 0 0
"187" 187 0.0693430656934 177 147 92 33 19 8 6 5 5 3 3 2 0 0 0 0 0 0 0 0
"188" 188 0.675105485232 190 81 72 62 59 15 15 3 1 1 1 0 0 0 0 0 0 0 0 0
"189" 189 0.117154811715 414 39 20 10 9 4 1 1 1 1 0 0 0 0 0 0 0 0 0 0
"190" 190 0.0 380 27 21 19 18 16 15 1 1 1 1 0 0 0 0 0 0 0 0 0
"191" 191 0.232558139535 445 19 13 10 10 1 1 1 0 0 0 0 0 0 0 0 0 0 0 0
"192" 192 0.549668874172 162 136 54 50 39 24 15 11 5 1 1 1 1 0 0 0 0 0 0 0
"193" 193 0.46835443038 200 114 112 15 14 13 6 5 5 4 4 3 3 2 0 0 0 0 0 0
"194" 194 0.208955223881 449 24 9 6 4 4 3 1 0 0 0 0 0 0 0 0 0 0 0 0
"195" 195 0.278846153846 500 0 0 0 0 0 0 0 0 0 0 0 0 0 0 0 0 0 0 0
"196" 196 0.60621761658 171 130 58 39 31 25 21 7 6 5 3 2 1 1 0 0 0 0 0 0
"197" 197 0.535864978903 106 95 80 77 50 31 25 13 12 4 4 3 0 0 0 0 0 0 0 0
"198" 198 0.31007751938 106 83 66 63 44 39 30 30 10 6 5 5 4 3 3 3 0 0 0 0
"199" 199 0.0077519379845 482 10 6 1 1 0 0 0 0 0 0 0 0 0 0 0 0 0 0 0
"200" 200 0.225165562914 208 64 60 43 38 29 27 8 6 5 4 3 3 2 0 0 0 0 0 0
"201" 201 0.540178571429 149 122 69 46 44 30 23 6 3 2 2 1 1 1 1 0 0 0 0 0
"202" 202 0.0398009950249 281 82 64 19 18 12 8 5 5 4 1 1 0 0 0 0 0 0 0 0
"203" 203 0.105839416058 329 133 9 8 6 5 3 3 1 1 1 1 0 0 0 0 0 0 0 0
"204" 204 0.0 199 198 35 34 22 10 1 1 0 0 0 0 0 0 0 0 0 0 0 0
"205" 205 0.0 462 24 10 1 1 1 1 0 0 0 0 0 0 0 0 0 0 0 0 0
"206" 206 0.0342205323194 337 61 53 15 13 11 4 2 1 1 1 1 0 0 0 0 0 0 0 0
"207" 207 0.125 398 50 30 15 6 1 0 0 0 0 0 0 0 0 0 0 0 0 0 0
"208" 208 0.0865384615385 234 137 107 11 9 2 0 0 0 0 0 0 0 0 0 0 0 0 0 0
"209" 209 0.549668874172 424 22 16 12 10 5 3 3 2 1 1 1 0 0 0 0 0 0 0 0
"210" 210 0.046511627907 176 144 65 31 26 24 18 6 3 3 2 1 1 0 0 0 0 0 0 0
"211" 211 0.241025641026 287 108 45 31 24 3 1 1 0 0 0 0 0 0 0 0 0 0 0 0
"212" 212 0.201923076923 324 55 32 31 27 18 6 3 2 1 1 0 0 0 0 0 0 0 0 0
"213" 213 0.708609271523 312 90 44 30 13 6 2 2 1 0 0 0 0 0 0 0 0 0 0 0
"214" 214 0.2 102 94 67 55 43 38 34 23 16 8 7 5 5 3 0 0 0 0 0 0
"215" 215 0.0077519379845 406 94 0 0 0 0 0 0 0 0 0 0 0 0 0 0 0 0 0 0
"216" 216 0.379310344828 185 93 67 65 26 17 14 14 13 2 2 1 1 0 0 0 0 0 0 0
"217" 217 0.354651162791 145 144 96 41 25 17 10 9 5 3 1 1 1 1 1 0 0 0 0 0
"218" 218 0.0167364016736 212 62 60 56 28 24 22 9 5 5 4 4 4 3 2 0 0 0 0 0
"219" 219 0.345991561181 216 107 88 27 26 25 9 2 0 0 0 0 0 0 0 0 0 0 0 0
"220" 220 0.699481865285 405 28 25 23 8 6 5 0 0 0 0 0 0 0 0 0 0 0 0 0
"221" 221 0.160337552743 152 118 106 46 33 27 4 3 3 3 2 2 1 0 0 0 0 0 0 0
"222" 222 0.573643410853 217 159 50 27 24 14 6 2 1 0 0 0 0 0 0 0 0 0 0 0
"223" 223 0.145077720207 126 113 95 52 32 25 19 17 7 7 5 2 0 0 0 0 0 0 0 0
"224" 224 0.00574712643678 238 169 81 7 4 1 0 0 0 0 0 0 0 0 0 0 0 0 0 0
"225" 225 0.0414507772021 332 165 2 1 0 0 0 0 0 0 0 0 0 0 0 0 0 0 0 0
"226" 226 0.0 500 0 0 0 0 0 0 0 0 0 0 0 0 0 0 0 0 0 0 0
"227" 227 0.0 246 224 16 5 3 2 1 1 1 1 0 0 0 0 0 0 0 0 0 0
"228" 228 0.0398009950249 283 119 34 29 12 8 7 5 1 1 1 0 0 0 0 0 0 0 0 0
"229" 229 0.0114942528736 113 105 98 54 53 41 14 12 5 1 1 1 1 1 0 0 0 0 0 0
"230" 230 0.173076923077 344 106 28 16 3 1 1 1 0 0 0 0 0 0 0 0 0 0 0 0
"231" 231 0.5 219 151 26 24 18 17 16 11 6 6 3 2 1 0 0 0 0 0 0 0
"232" 232 0.0697674418605 238 100 47 18 17 14 11 10 9 8 7 6 5 3 3 3 1 0 0 0
"233" 233 0.0 398 82 20 0 0 0 0 0 0 0 0 0 0 0 0 0 0 0 0 0
"234" 234 0.243781094527 173 85 78 34 34 31 29 21 6 5 2 1 1 0 0 0 0 0 0 0
"235" 235 0.434599156118 203 123 56 31 30 22 12 11 8 2 2 0 0 0 0 0 0 0 0 0
"236" 236 0.48427672956 128 82 78 69 53 33 18 14 14 7 4 0 0 0 0 0 0 0 0 0
"237" 237 0.191964285714 186 121 75 46 38 19 9 2 2 2 0 0 0 0 0 0 0 0 0 0
"238" 238 0.0167364016736 417 20 19 13 13 6 4 3 3 1 1 0 0 0 0 0 0 0 0 0
"239" 239 0.149425287356 204 61 53 38 33 23 15 14 14 13 13 11 6 1 1 0 0 0 0 0
"240" 240 0.492227979275 310 51 43 31 22 11 10 7 6 4 2 1 1 1 0 0 0 0 0 0
"241" 241 0.0 361 45 31 29 16 5 5 3 2 1 1 1 0 0 0 0 0 0 0 0
"242" 242 0.00507614213198 188 86 54 36 31 24 22 18 13 12 7 3 1 1 1 1 1 1 0 0
"243" 243 0.235897435897 215 110 84 39 14 10 10 7 5 3 2 1 0 0 0 0 0 0 0 0
"244" 244 0.0927152317881 322 135 23 13 3 2 2 0 0 0 0 0 0 0 0 0 0 0 0 0
"245" 245 0.273722627737 147 74 57 44 34 32 29 19 19 17 12 7 6 2 1 0 0 0 0 0
"246" 246 0.907692307692 299 112 36 33 12 7 1 0 0 0 0 0 0 0 0 0 0 0 0 0
