"site" "RSA" "aa1" "aa2" "aa3" "aa4" "aa5" "aa6" "aa7" "aa8" "aa9" "aa10" "aa11" "aa12" "aa13" "aa14" "aa15" "aa16" "aa17" "aa18" "aa19" "aa20"
"0" 0 0.671794871795 225 83 47 34 33 31 14 13 10 5 3 1 1 0 0 0 0 0 0 0
"1" 1 0.154228855721 109 96 63 57 38 37 27 18 17 12 7 7 7 2 2 1 0 0 0 0
"2" 2 0.223628691983 141 54 53 41 40 38 34 23 22 17 14 12 4 4 2 1 0 0 0 0
"3" 3 0.0 155 125 49 45 34 32 18 15 13 5 3 3 2 1 0 0 0 0 0 0
"4" 4 0.00418410041841 259 80 48 37 20 14 11 7 6 3 3 3 3 2 2 1 1 0 0 0
"5" 5 0.12582781457 265 119 32 29 17 8 8 6 6 5 3 1 1 0 0 0 0 0 0 0
"6" 6 0.0149253731343 345 122 13 12 4 2 1 1 0 0 0 0 0 0 0 0 0 0 0 0
"7" 7 0.435897435897 139 107 103 69 27 26 7 5 5 4 3 2 2 1 0 0 0 0 0 0
"8" 8 0.0529801324503 467 16 8 7 1 1 0 0 0 0 0 0 0 0 0 0 0 0 0 0
"9" 9 0.0358974358974 267 171 20 19 12 8 2 1 0 0 0 0 0 0 0 0 0 0 0 0
"10" 10 0.283018867925 240 80 67 23 21 21 11 10 7 7 6 4 1 1 1 0 0 0 0 0
"11" 11 0.473214285714 277 138 27 11 10 9 9 7 4 4 1 1 1 1 0 0 0 0 0 0
"12" 12 0.0 179 172 44 43 21 9 8 6 5 4 3 2 1 1 1 1 0 0 0 0
"13" 13 0.0 255 163 64 14 2 1 1 0 0 0 0 0 0 0 0 0 0 0 0 0
"14" 14 0.316455696203 191 65 60 58 32 31 19 15 8 4 4 3 3 3 2 1 1 0 0 0
"15" 15 0.272321428571 122 118 95 61 37 23 18 7 4 3 2 2 2 2 2 1 1 0 0 0
"16" 16 0.0 279 49 46 33 31 22 14 11 8 2 2 2 1 0 0 0 0 0 0 0
"17" 17 0.0 237 87 52 25 23 20 16 13 10 5 4 2 2 2 1 1 0 0 0 0
"18" 18 0.512953367876 104 89 80 59 46 28 23 19 16 11 9 9 4 2 1 0 0 0 0 0
"19" 19 0.431472081218 106 99 92 73 69 15 15 10 7 5 4 3 2 0 0 0 0 0 0 0
"20" 20 0.195402298851 111 90 86 42 32 30 25 17 16 15 11 10 7 4 2 1 1 0 0 0
"21" 21 0.538461538462 499 1 0 0 0 0 0 0 0 0 0 0 0 0 0 0 0 0 0 0
"22" 22 0.281609195402 264 51 47 23 21 20 19 19 17 13 4 1 1 0 0 0 0 0 0 0
"23" 23 0.739910313901 254 105 48 38 37 6 4 2 2 2 1 1 0 0 0 0 0 0 0 0
"24" 24 0.228855721393 179 79 63 44 21 20 18 13 12 12 11 9 8 5 2 2 1 1 0 0
"25" 25 0.144230769231 211 103 77 29 21 21 18 4 4 3 2 2 2 1 1 1 0 0 0 0
"26" 26 0.451476793249 244 96 48 26 21 17 15 9 6 5 3 3 2 2 2 1 0 0 0 0
"27" 27 0.208860759494 174 165 51 27 21 18 15 13 5 4 3 2 1 1 0 0 0 0 0 0
"28" 28 0.205298013245 234 44 40 37 30 25 19 15 13 10 9 9 8 3 2 1 1 0 0 0
"29" 29 0.17816091954 241 85 73 29 11 10 10 9 8 8 7 3 3 3 0 0 0 0 0 0
"30" 30 0.43023255814 143 106 77 66 32 22 13 12 8 5 4 4 3 2 1 1 1 0 0 0
"31" 31 0.375912408759 110 95 48 42 36 28 27 21 19 18 16 16 14 6 3 1 0 0 0 0
"32" 32 0.410041841004 121 93 83 61 59 30 16 15 9 4 4 2 2 1 0 0 0 0 0 0
"33" 33 0.900662251656 170 100 98 66 38 10 8 8 1 1 0 0 0 0 0 0 0 0 0 0
"34" 34 0.544041450777 200 129 80 38 14 12 12 4 3 2 2 2 1 1 0 0 0 0 0 0
"35" 35 0.394230769231 208 101 68 41 32 16 11 9 6 3 3 2 0 0 0 0 0 0 0 0
"36" 36 0.544642857143 130 58 55 51 44 43 41 18 13 12 12 8 6 6 3 0 0 0 0 0
"37" 37 0.114942528736 131 102 80 50 37 28 23 9 9 8 7 7 5 2 1 1 0 0 0 0
"38" 38 0.421524663677 196 85 59 59 35 30 15 12 3 3 1 1 1 0 0 0 0 0 0 0
"39" 39 0.0761421319797 281 91 51 24 19 10 8 5 4 3 2 1 1 0 0 0 0 0 0 0
"40" 40 0.405128205128 399 22 15 11 10 8 8 7 6 5 3 2 2 2 0 0 0 0 0 0
"41" 41 0.167512690355 302 43 42 37 13 13 13 12 9 6 5 2 2 1 0 0 0 0 0 0
"42" 42 0.473214285714 179 60 55 55 34 33 24 17 14 10 5 3 3 2 2 2 1 1 0 0
"43" 43 0.325892857143 190 77 65 38 23 21 16 16 15 13 8 6 5 4 3 0 0 0 0 0
"44" 44 0.622516556291 130 109 89 48 44 31 21 9 7 7 2 1 1 1 0 0 0 0 0 0
"45" 45 0.0152284263959 180 100 50 34 31 19 18 15 11 11 10 8 7 2 2 1 1 0 0 0
"46" 46 0.649635036496 237 90 57 31 25 18 13 12 9 3 2 1 1 1 0 0 0 0 0 0
"47" 47 0.317307692308 432 57 6 2 1 1 1 0 0 0 0 0 0 0 0 0 0 0 0 0
"48" 48 0.0189873417722 150 146 81 44 28 27 5 5 3 3 3 2 2 1 0 0 0 0 0 0
"49" 49 0.108808290155 98 86 52 52 42 40 35 29 24 20 17 2 2 1 0 0 0 0 0 0
"50" 50 0.0 196 153 52 27 23 16 9 9 6 4 2 2 1 0 0 0 0 0 0 0
"51" 51 0.0228136882129 212 167 51 35 13 10 7 3 2 0 0 0 0 0 0 0 0 0 0 0
"52" 52 0.0 383 46 43 14 6 5 1 1 1 0 0 0 0 0 0 0 0 0 0 0
"53" 53 0.0152284263959 232 184 25 21 17 6 5 3 2 2 2 1 0 0 0 0 0 0 0 0
"54" 54 0.00448430493274 334 40 35 28 19 19 9 8 3 3 1 1 0 0 0 0 0 0 0 0
"55" 55 0.00662251655629 478 21 1 0 0 0 0 0 0 0 0 0 0 0 0 0 0 0 0 0
"56" 56 0.0 447 10 9 9 5 4 3 3 3 2 2 1 1 1 0 0 0 0 0 0
"57" 57 0.0529801324503 307 48 45 41 19 14 8 6 5 4 2 1 0 0 0 0 0 0 0 0
"58" 58 0.730569948187 112 112 110 59 31 31 22 7 5 5 3 2 1 0 0 0 0 0 0 0
"59" 59 0.364779874214 165 103 87 55 38 21 14 6 4 3 2 1 1 0 0 0 0 0 0 0
"60" 60 0.195402298851 141 115 76 55 51 15 13 10 8 4 3 3 2 1 1 1 1 0 0 0
"61" 61 0.507692307692 192 178 41 26 16 15 9 6 6 5 4 1 1 0 0 0 0 0 0 0
"62" 62 0.352678571429 200 125 64 30 30 25 19 3 1 1 1 1 0 0 0 0 0 0 0 0
"63" 63 0.0909090909091 381 56 28 10 9 6 3 3 3 1 0 0 0 0 0 0 0 0 0 0
"64" 64 0.0812182741117 196 119 60 27 26 22 16 8 8 5 4 3 3 2 1 0 0 0 0 0
"65" 65 0.435779816514 153 130 63 48 46 20 9 8 6 6 5 5 1 0 0 0 0 0 0 0
"66" 66 0.00892857142857 157 64 52 46 30 28 27 25 24 14 12 8 7 2 2 2 0 0 0 0
"67" 67 0.0 196 122 85 54 18 9 5 4 4 1 1 1 0 0 0 0 0 0 0 0
"68" 68 0.109452736318 97 96 66 62 40 34 26 24 21 16 5 5 4 2 1 1 0 0 0 0
"69" 69 0.263959390863 117 116 93 75 37 12 12 10 9 9 7 1 1 1 0 0 0 0 0 0
"70" 70 0.0 351 37 27 18 13 13 11 9 5 4 4 3 2 1 1 1 0 0 0 0
"71" 71 0.0 122 99 90 69 56 30 19 9 3 1 1 1 0 0 0 0 0 0 0 0
"72" 72 0.284974093264 153 105 103 102 14 6 6 4 3 2 1 1 0 0 0 0 0 0 0 0
"73" 73 0.193798449612 153 106 83 46 37 16 15 12 8 7 4 3 3 2 2 2 1 0 0 0
"74" 74 0.0 106 105 84 65 56 25 18 16 10 7 3 3 2 0 0 0 0 0 0 0
"75" 75 0.400843881857 126 112 103 45 31 28 13 12 8 7 6 5 2 1 1 0 0 0 0 0
"76" 76 0.624087591241 121 69 66 63 53 51 38 14 9 7 3 3 2 1 0 0 0 0 0 0
"77" 77 0.31007751938 140 93 54 53 51 30 25 22 10 7 6 5 2 1 1 0 0 0 0 0
"78" 78 0.364238410596 354 135 5 5 1 0 0 0 0 0 0 0 0 0 0 0 0 0 0 0
"79" 79 0.139534883721 308 149 16 14 8 2 2 1 0 0 0 0 0 0 0 0 0 0 0 0
"80" 80 0.590717299578 293 102 56 12 12 7 6 3 3 2 1 1 1 1 0 0 0 0 0 0
"81" 81 0.145348837209 173 127 82 37 26 12 9 9 6 6 4 2 2 2 2 1 0 0 0 0
"82" 82 0.0304568527919 304 81 37 36 19 13 4 3 1 1 1 0 0 0 0 0 0 0 0 0
"83" 83 0.0153846153846 251 77 76 32 24 9 8 6 6 3 3 2 2 1 0 0 0 0 0 0
"84" 84 0.0 254 129 38 28 21 6 6 6 5 4 2 1 0 0 0 0 0 0 0 0
"85" 85 0.00574712643678 160 151 105 46 13 12 8 2 2 1 0 0 0 0 0 0 0 0 0 0
"86" 86 0.0 336 78 31 20 18 10 4 2 1 0 0 0 0 0 0 0 0 0 0 0
"87" 87 0.0062893081761 179 104 75 54 20 19 17 12 9 5 5 1 0 0 0 0 0 0 0 0
"88" 88 0.0380228136882 209 103 81 43 38 20 4 1 1 0 0 0 0 0 0 0 0 0 0 0
"89" 89 0.0190114068441 295 70 59 32 25 7 3 2 2 2 2 1 0 0 0 0 0 0 0 0
"90" 90 0.00961538461538 489 9 1 1 0 0 0 0 0 0 0 0 0 0 0 0 0 0 0 0
"91" 91 0.300380228137 154 91 73 64 48 37 8 7 6 6 4 1 1 0 0 0 0 0 0 0
"92" 92 0.0232558139535 236 117 85 27 19 13 1 1 1 0 0 0 0 0 0 0 0 0 0 0
"93" 93 0.372262773723 118 69 61 58 57 44 40 18 14 11 2 2 2 2 2 0 0 0 0 0
"94" 94 0.233183856502 174 103 54 42 42 39 15 11 9 7 2 1 1 0 0 0 0 0 0 0
"95" 95 0.160621761658 179 126 52 36 33 26 13 11 7 7 4 3 2 1 0 0 0 0 0 0
"96" 96 0.656934306569 96 77 63 59 57 57 38 30 11 6 2 2 1 1 0 0 0 0 0 0
"97" 97 0.607594936709 311 70 53 15 15 13 13 7 2 1 0 0 0 0 0 0 0 0 0 0
"98" 98 0.880794701987 227 175 34 32 17 13 1 1 0 0 0 0 0 0 0 0 0 0 0 0
"99" 99 0.839416058394 268 165 30 30 3 1 1 1 1 0 0 0 0 0 0 0 0 0 0 0
"100" 100 0.441964285714 262 100 50 26 23 19 6 4 4 3 2 1 0 0 0 0 0 0 0 0
"101" 101 0.534591194969 294 143 15 14 10 8 7 5 3 1 0 0 0 0 0 0 0 0 0 0
"102" 102 0.319796954315 200 105 63 48 16 16 9 9 8 8 5 4 4 2 1 1 1 0 0 0
"103" 103 0.156976744186 134 124 84 79 19 14 13 9 8 7 4 3 1 1 0 0 0 0 0 0
"104" 104 0.0 336 69 52 11 10 5 5 4 3 3 1 1 0 0 0 0 0 0 0 0
"105" 105 0.316455696203 238 115 50 43 10 8 7 6 5 4 3 3 2 2 2 2 0 0 0 0
"106" 106 0.492537313433 198 65 62 53 46 24 17 12 9 5 4 4 1 0 0 0 0 0 0 0
"107" 107 0.0167364016736 167 162 81 23 17 8 7 6 5 5 5 4 3 3 3 1 0 0 0 0
"108" 108 0.0 366 65 27 17 8 5 4 4 2 1 1 0 0 0 0 0 0 0 0 0
"109" 109 0.323076923077 154 92 91 67 23 21 20 12 10 3 3 2 1 1 0 0 0 0 0 0
"110" 110 0.338308457711 166 98 96 60 17 17 16 9 6 5 4 3 1 1 1 0 0 0 0 0
"111" 111 0.0 226 94 54 42 28 20 11 6 5 5 4 3 1 1 0 0 0 0 0 0
"112" 112 0.209821428571 148 106 80 72 48 15 8 6 5 4 3 2 1 1 1 0 0 0 0 0
"113" 113 0.668604651163 128 97 94 48 37 26 25 18 9 7 4 4 3 0 0 0 0 0 0 0
"114" 114 0.108527131783 383 69 19 10 8 5 3 1 1 1 0 0 0 0 0 0 0 0 0 0
"115" 115 0.182692307692 500 0 0 0 0 0 0 0 0 0 0 0 0 0 0 0 0 0 0 0
"116" 116 0.077519379845 277 75 48 36 33 9 7 5 4 2 2 1 1 0 0 0 0 0 0 0
"117" 117 0.296511627907 208 161 94 14 6 5 4 2 2 2 1 1 0 0 0 0 0 0 0 0
"118" 118 0.222627737226 344 67 39 30 15 2 2 1 0 0 0 0 0 0 0 0 0 0 0 0
"119" 119 0.0 334 49 30 18 17 13 11 10 7 6 4 1 0 0 0 0 0 0 0 0
"120" 120 0.00507614213198 205 137 52 40 37 8 5 4 4 3 3 2 0 0 0 0 0 0 0 0
"121" 121 0.0 185 131 79 55 16 9 8 8 4 1 1 1 1 1 0 0 0 0 0 0
"122" 122 0.00497512437811 223 79 66 35 22 20 19 13 9 6 4 2 1 1 0 0 0 0 0 0
"123" 123 0.0621761658031 281 118 62 21 7 5 3 2 1 0 0 0 0 0 0 0 0 0 0 0
"124" 124 0.0248756218905 390 40 24 21 8 6 4 4 2 1 0 0 0 0 0 0 0 0 0 0
"125" 125 0.311004784689 116 92 66 46 44 31 28 22 15 15 11 5 4 2 2 1 0 0 0 0
"126" 126 0.046511627907 288 37 36 27 25 24 15 15 13 7 4 3 3 2 1 0 0 0 0 0
"127" 127 0.465408805031 147 140 128 30 27 11 6 4 3 1 1 1 1 0 0 0 0 0 0 0
"128" 128 0.587443946188 231 88 70 33 21 21 14 9 7 3 2 1 0 0 0 0 0 0 0 0
"129" 129 0.0 308 62 35 27 24 14 11 10 3 3 2 1 0 0 0 0 0 0 0 0
"130" 130 0.322869955157 126 100 64 33 31 30 23 23 20 15 10 8 6 3 3 3 2 0 0 0
"131" 131 0.567307692308 249 72 65 49 30 24 7 3 1 0 0 0 0 0 0 0 0 0 0 0
"132" 132 0.196652719665 208 154 43 31 26 10 10 8 3 2 2 1 1 1 0 0 0 0 0 0
"133" 133 0.0418410041841 196 147 38 38 37 14 7 6 5 5 5 1 1 0 0 0 0 0 0 0
"134" 134 0.777202072539 246 72 66 34 24 18 14 11 4 4 3 2 2 0 0 0 0 0 0 0
"135" 135 0.162436548223 107 74 68 62 50 33 29 23 17 16 8 5 3 2 2 1 0 0 0 0
"136" 136 0.421383647799 210 148 86 18 11 7 7 4 3 2 2 1 1 0 0 0 0 0 0 0
"137" 137 0.116751269036 200 74 63 47 39 23 21 15 10 3 3 1 1 0 0 0 0 0 0 0
"138" 138 0.238341968912 164 145 48 35 31 30 14 9 9 5 3 3 2 1 1 0 0 0 0 0
"139" 139 0.157894736842 476 8 6 4 4 2 0 0 0 0 0 0 0 0 0 0 0 0 0 0
"140" 140 0.0 275 68 59 23 21 12 10 8 4 4 4 3 3 2 2 1 1 0 0 0
"141" 141 0.298165137615 93 71 60 53 52 43 30 26 26 14 13 9 7 3 0 0 0 0 0 0
"142" 142 0.0 193 88 79 44 36 23 15 13 4 4 1 0 0 0 0 0 0 0 0 0
"143" 143 0.0632183908046 165 92 79 53 31 21 13 11 9 6 6 5 5 2 1 1 0 0 0 0
"144" 144 0.314465408805 230 85 44 38 32 26 21 10 4 3 2 2 1 1 1 0 0 0 0 0
"145" 145 0.218274111675 126 101 76 35 35 31 25 17 16 15 15 5 1 1 1 0 0 0 0 0
"146" 146 0.00497512437811 198 112 63 25 23 19 13 13 11 6 5 5 3 3 1 0 0 0 0 0
"147" 147 0.0 214 103 39 23 21 18 15 15 12 10 9 5 4 3 3 2 2 2 0 0
"148" 148 0.584821428571 147 120 109 56 21 11 9 8 5 5 3 2 2 1 1 0 0 0 0 0
"149" 149 0.148288973384 88 77 70 44 39 35 31 27 24 20 14 8 7 6 4 4 2 0 0 0
"150" 150 0.00418410041841 272 94 36 35 21 12 9 6 5 3 3 2 1 1 0 0 0 0 0 0
"151" 151 0.392857142857 185 74 64 58 34 33 24 12 4 3 3 2 1 1 1 1 0 0 0 0
"152" 152 0.490384615385 127 75 63 44 38 33 32 28 22 13 13 6 4 1 1 0 0 0 0 0
"153" 153 0.35864978903 159 67 50 47 30 27 25 19 18 17 11 10 8 8 3 1 0 0 0 0
"154" 154 0.723076923077 390 32 32 19 10 8 6 2 1 0 0 0 0 0 0 0 0 0 0 0
"155" 155 0.179104477612 333 41 21 15 15 14 12 9 8 7 7 6 4 3 3 2 0 0 0 0
"156" 156 0.65625 158 110 79 49 29 18 18 17 8 7 3 2 1 1 0 0 0 0 0 0
"157" 157 0.414507772021 226 90 40 33 32 25 17 12 9 5 4 3 3 1 0 0 0 0 0 0
"158" 158 0.116751269036 220 57 57 51 43 26 26 7 5 3 2 1 1 1 0 0 0 0 0 0
"159" 159 0.00574712643678 149 119 93 58 34 22 7 5 4 4 3 2 0 0 0 0 0 0 0 0
"160" 160 0.0 215 73 63 35 27 26 24 12 8 4 3 3 3 2 2 0 0 0 0 0
"161" 161 0.00574712643678 195 93 73 51 18 17 16 8 8 5 4 3 3 3 2 1 0 0 0 0
"162" 162 0.00662251655629 400 62 37 1 0 0 0 0 0 0 0 0 0 0 0 0 0 0 0 0
"163" 163 0.0125786163522 191 175 78 12 8 8 7 7 6 3 3 1 1 0 0 0 0 0 0 0
"164" 164 0.290155440415 210 101 68 48 31 14 10 7 5 2 1 1 1 1 0 0 0 0 0 0
"165" 165 0.521531100478 201 62 44 38 30 29 28 16 16 15 11 4 3 2 1 0 0 0 0 0
"166" 166 0.576923076923 153 85 84 48 40 22 18 14 12 10 6 4 3 1 0 0 0 0 0 0
"167" 167 0.0 132 116 45 36 34 30 26 23 22 10 9 9 4 2 1 1 0 0 0 0
"168" 168 0.304597701149 235 54 43 38 28 27 26 20 12 8 3 2 1 1 1 1 0 0 0 0
"169" 169 0.575581395349 243 81 45 40 34 17 12 9 7 6 3 3 0 0 0 0 0 0 0 0
"170" 170 0.138686131387 130 73 67 54 51 42 27 18 9 7 4 4 3 3 3 2 2 1 0 0
"171" 171 0.0077519379845 422 33 22 9 8 4 1 1 0 0 0 0 0 0 0 0 0 0 0 0
"172" 172 0.554744525547 138 99 93 76 24 15 14 9 9 8 8 2 2 1 1 1 0 0 0 0
"173" 173 0.443037974684 194 110 102 22 17 16 11 11 5 4 3 2 2 1 0 0 0 0 0 0
"174" 174 0.0 230 59 53 39 28 27 23 13 9 8 7 2 1 1 0 0 0 0 0 0
"175" 175 0.031007751938 462 29 9 0 0 0 0 0 0 0 0 0 0 0 0 0 0 0 0 0
"176" 176 0.466321243523 100 82 74 69 40 34 24 18 15 13 13 9 4 4 1 0 0 0 0 0
"177" 177 0.273722627737 72 69 50 45 35 35 32 27 27 25 23 12 11 11 10 9 5 2 0 0
"178" 178 0.124378109453 296 55 39 34 30 10 9 7 5 4 4 4 1 1 1 0 0 0 0 0
"179" 179 0.742616033755 461 35 2 1 1 0 0 0 0 0 0 0 0 0 0 0 0 0 0 0
"180" 180 0.139534883721 153 101 83 76 41 18 10 7 4 2 1 1 1 1 1 0 0 0 0 0
"181" 181 0.440251572327 196 121 69 48 32 19 9 4 1 1 0 0 0 0 0 0 0 0 0 0
"182" 182 0.365482233503 365 32 31 16 13 12 10 9 3 2 2 2 1 1 1 0 0 0 0 0
"183" 183 0.0232558139535 307 108 47 7 6 6 5 4 3 3 2 2 0 0 0 0 0 0 0 0
"184" 184 0.197969543147 200 115 49 29 29 27 16 8 7 7 4 4 3 2 0 0 0 0 0 0
"185" 185 0.00507614213198 219 85 39 25 23 16 15 15 14 13 11 7 6 6 3 2 1 0 0 0
"186" 186 0.150259067358 351 42 23 16 15 11 10 8 7 7 4 3 1 1 1 0 0 0 0 0
"187" 187 0.544303797468 384 22 16 14 12 11 7 6 6 4 4 4 3 3 2 1 1 0 0 0
"188" 188 0.810218978102 192 104 73 35 35 24 17 11 5 2 1 1 0 0 0 0 0 0 0 0
"189" 189 0.371559633028 165 162 46 38 19 16 15 15 6 5 5 4 1 1 1 1 0 0 0 0
"190" 190 0.512820512821 125 89 82 61 33 33 27 24 13 6 2 2 1 1 1 0 0 0 0 0
"191" 191 0.197969543147 147 74 73 64 30 22 21 19 16 12 6 6 5 3 2 0 0 0 0 0
"192" 192 0.419540229885 301 69 40 29 21 12 10 5 4 3 3 2 1 0 0 0 0 0 0 0
"193" 193 0.423076923077 500 0 0 0 0 0 0 0 0 0 0 0 0 0 0 0 0 0 0 0
"194" 194 0.574358974359 159 126 41 40 33 32 24 15 13 8 5 2 2 0 0 0 0 0 0 0
"195" 195 0.0406091370558 144 123 92 67 28 26 8 4 4 2 1 1 0 0 0 0 0 0 0 0
"196" 196 0.647321428571 183 118 50 23 20 19 18 16 13 11 10 7 5 4 3 0 0 0 0 0
"197" 197 0.346153846154 308 175 7 5 5 0 0 0 0 0 0 0 0 0 0 0 0 0 0 0
"198" 198 0.130801687764 147 107 95 43 38 28 12 12 5 4 4 3 2 0 0 0 0 0 0 0
"199" 199 0.0 276 128 37 11 11 10 7 6 5 4 2 1 1 1 0 0 0 0 0 0
"200" 200 0.0 163 129 86 35 27 26 13 9 5 4 1 1 1 0 0 0 0 0 0 0
"201" 201 0.0 302 69 45 40 19 16 7 1 1 0 0 0 0 0 0 0 0 0 0 0
"202" 202 0.0 211 105 65 40 17 16 14 13 5 4 3 3 2 1 1 0 0 0 0 0
"203" 203 0.00507614213198 397 26 18 15 12 12 10 6 2 1 1 0 0 0 0 0 0 0 0 0
"204" 204 0.113989637306 359 64 56 18 2 1 0 0 0 0 0 0 0 0 0 0 0 0 0 0
"205" 205 0.020725388601 131 113 99 40 30 29 21 14 7 7 4 2 1 1 1 0 0 0 0 0
"206" 206 0.0609137055838 133 98 81 55 34 27 17 17 13 10 8 2 2 2 1 0 0 0 0 0
"207" 207 0.0253807106599 232 131 104 12 10 6 3 1 1 0 0 0 0 0 0 0 0 0 0 0
"208" 208 0.227979274611 145 139 60 36 30 30 27 16 9 4 2 2 0 0 0 0 0 0 0 0
"209" 209 0.31976744186 146 90 85 71 27 17 17 16 10 9 6 3 1 1 1 0 0 0 0 0
"210" 210 0.031007751938 331 75 62 17 6 4 4 1 0 0 0 0 0 0 0 0 0 0 0 0
"211" 211 0.134615384615 147 126 90 42 23 17 13 11 9 6 6 4 4 2 0 0 0 0 0 0
"212" 212 0.441860465116 105 93 83 65 47 39 23 15 15 8 3 2 2 0 0 0 0 0 0 0
"213" 213 0.0253807106599 253 114 36 23 19 16 16 9 6 6 1 1 0 0 0 0 0 0 0 0
"214" 214 0.0348837209302 115 78 66 40 39 31 31 26 17 15 14 8 7 5 4 3 1 0 0 0
"215" 215 0.547263681592 164 141 55 45 29 28 13 10 7 3 2 1 1 1 0 0 0 0 0 0
"216" 216 0.0 190 109 58 47 43 13 8 7 7 6 4 3 2 2 1 0 0 0 0 0
"217" 217 0.0 178 120 116 46 9 9 7 6 6 2 1 0 0 0 0 0 0 0 0 0
"218" 218 0.379487179487 113 95 70 70 39 23 20 16 15 9 9 7 5 4 3 2 0 0 0 0
"219" 219 0.15503875969 100 68 67 51 49 44 32 23 20 14 8 8 7 6 1 1 1 0 0 0
"220" 220 0.00497512437811 181 84 74 55 43 38 9 7 3 2 1 1 1 1 0 0 0 0 0 0
"221" 221 0.379310344828 113 90 88 34 28 23 17 16 14 14 14 13 11 11 10 2 2 0 0 0
"222" 222 0.723214285714 98 93 90 63 53 30 22 19 13 5 5 5 4 0 0 0 0 0 0 0
"223" 223 0.394871794872 114 93 62 47 34 34 26 21 18 14 11 10 8 6 1 1 0 0 0 0
"224" 224 0.326923076923 353 139 7 1 0 0 0 0 0 0 0 0 0 0 0 0 0 0 0 0
"225" 225 0.108527131783 240 196 26 18 8 7 2 2 1 0 0 0 0 0 0 0 0 0 0 0
"226" 226 0.409282700422 202 162 40 31 21 19 9 5 3 3 2 2 1 0 0 0 0 0 0 0
"227" 227 0.214285714286 259 73 63 30 27 17 13 9 7 2 0 0 0 0 0 0 0 0 0 0
"228" 228 0.0172413793103 176 143 112 39 15 9 3 1 1 1 0 0 0 0 0 0 0 0 0 0
"229" 229 0.0342205323194 245 189 28 8 7 7 4 3 3 2 2 1 1 0 0 0 0 0 0 0
"230" 230 0.0 293 190 11 2 2 1 1 0 0 0 0 0 0 0 0 0 0 0 0 0
"231" 231 0.0 426 41 17 10 4 1 1 0 0 0 0 0 0 0 0 0 0 0 0 0
"232" 232 0.00632911392405 342 92 47 10 6 2 1 0 0 0 0 0 0 0 0 0 0 0 0 0
"233" 233 0.0116279069767 237 128 94 28 5 3 2 2 1 0 0 0 0 0 0 0 0 0 0 0
"234" 234 0.0143540669856 493 2 2 2 1 0 0 0 0 0 0 0 0 0 0 0 0 0 0 0
"235" 235 0.0188679245283 262 78 64 58 11 8 6 4 3 3 2 1 0 0 0 0 0 0 0 0
"236" 236 0.218390804598 170 71 43 40 39 33 25 22 22 14 7 5 4 2 2 1 0 0 0 0
"237" 237 0.0547263681592 375 28 27 25 24 6 5 3 2 2 2 1 0 0 0 0 0 0 0 0
"238" 238 0.304635761589 162 82 69 48 44 25 23 17 13 9 5 2 1 0 0 0 0 0 0 0
"239" 239 0.519230769231 500 0 0 0 0 0 0 0 0 0 0 0 0 0 0 0 0 0 0 0
"240" 240 0.314465408805 158 115 68 52 39 29 27 6 5 1 0 0 0 0 0 0 0 0 0 0
"241" 241 0.0 435 57 6 2 0 0 0 0 0 0 0 0 0 0 0 0 0 0 0 0
"242" 242 0.0172413793103 97 81 54 51 50 33 27 22 20 18 14 13 10 4 3 1 1 1 0 0
"243" 243 0.388392857143 106 100 63 63 44 39 31 20 13 10 5 5 1 0 0 0 0 0 0 0
"244" 244 0.386861313869 132 106 99 63 31 23 16 13 4 3 3 2 2 2 1 0 0 0 0 0
"245" 245 0.0152284263959 311 40 33 28 22 14 9 9 9 8 7 6 2 1 1 0 0 0 0 0
"246" 246 0.169230769231 109 78 74 48 47 31 25 24 13 13 8 8 6 6 5 3 2 0 0 0
"247" 247 0.707692307692 86 85 84 70 62 30 25 18 16 10 6 6 1 1 0 0 0 0 0 0
"248" 248 0.0662251655629 464 24 6 4 1 1 0 0 0 0 0 0 0 0 0 0 0 0 0 0
"249" 249 0.273255813953 153 131 74 27 26 21 20 16 14 5 5 3 3 1 1 0 0 0 0 0
"250" 250 0.010152284264 263 77 60 53 12 11 10 9 3 1 1 0 0 0 0 0 0 0 0 0
"251" 251 0.476793248945 222 94 69 22 19 18 17 16 5 5 3 3 3 1 1 1 1 0 0 0
"252" 252 0.147321428571 267 132 26 19 17 17 14 3 2 1 1 1 0 0 0 0 0 0 0 0
"253" 253 0.0 407 14 13 11 11 9 7 7 6 5 4 2 2 1 1 0 0 0 0 0
"254" 254 0.0 153 129 86 33 30 21 14 12 10 6 3 2 1 0 0 0 0 0 0 0
"255" 255 0.00574712643678 328 56 24 17 16 13 12 8 7 6 4 3 3 2 1 0 0 0 0 0
"256" 256 0.00581395348837 219 106 85 33 26 15 6 4 3 1 1 1 0 0 0 0 0 0 0 0
"257" 257 0.107692307692 290 74 30 25 23 10 10 9 7 5 5 5 3 2 2 0 0 0 0 0
"258" 258 0.0 275 75 65 62 8 7 5 2 1 0 0 0 0 0 0 0 0 0 0 0
"259" 259 0.0558375634518 233 95 94 34 13 10 7 6 3 2 2 1 0 0 0 0 0 0 0 0
"260" 260 0.261603375527 294 59 31 24 19 15 13 12 9 9 7 2 2 2 1 1 0 0 0 0
"261" 261 0.199004975124 216 59 54 38 31 19 18 15 10 9 7 6 5 4 3 2 2 2 0 0
"262" 262 0.245283018868 299 48 35 27 23 21 16 10 8 6 3 2 1 1 0 0 0 0 0 0
"263" 263 0.732142857143 152 134 60 53 31 25 17 13 7 2 2 2 1 1 0 0 0 0 0 0
"264" 264 0.6875 222 61 45 32 32 27 22 16 16 12 6 4 2 1 1 1 0 0 0 0
"265" 265 0.270042194093 103 99 57 40 28 26 21 21 20 18 15 15 14 13 6 2 2 0 0 0
"266" 266 0.658227848101 104 89 81 76 58 26 22 9 9 9 7 4 4 1 1 0 0 0 0 0
"267" 267 0.0355329949239 230 127 64 31 16 5 5 4 4 4 3 2 2 2 1 0 0 0 0 0
"268" 268 0.575892857143 149 131 59 41 34 30 18 10 9 8 5 4 1 1 0 0 0 0 0 0
"269" 269 0.302919708029 128 100 70 48 45 28 27 20 9 9 7 3 3 2 1 0 0 0 0 0
"270" 270 0.255230125523 306 80 27 20 17 12 10 9 6 4 4 3 2 0 0 0 0 0 0 0
"271" 271 0.413502109705 131 70 68 52 36 31 26 22 19 14 8 5 5 4 4 3 2 0 0 0
"272" 272 0.291479820628 152 76 52 50 34 31 23 14 12 12 10 8 8 6 5 5 2 0 0 0
"273" 273 0.114427860697 184 98 55 30 24 23 17 12 10 10 10 7 6 6 4 3 1 0 0 0
"274" 274 0.278145695364 261 40 39 32 29 28 19 18 12 12 5 2 1 1 1 0 0 0 0 0
"275" 275 0.00574712643678 209 142 54 27 23 19 13 5 4 2 1 1 0 0 0 0 0 0 0 0
"276" 276 0.0 224 177 57 13 12 7 6 2 1 1 0 0 0 0 0 0 0 0 0 0
"277" 277 0.440251572327 302 81 65 16 16 9 6 2 2 1 0 0 0 0 0 0 0 0 0 0
"278" 278 0.179104477612 119 108 96 46 34 25 16 14 11 10 6 5 4 3 2 1 0 0 0 0
"279" 279 0.00497512437811 162 111 52 43 34 27 22 18 11 10 5 2 2 1 0 0 0 0 0 0
"280" 280 0.0 437 20 17 9 8 3 2 1 1 1 1 0 0 0 0 0 0 0 0 0
"281" 281 0.290178571429 230 104 99 35 13 11 3 2 1 1 1 0 0 0 0 0 0 0 0 0
"282" 282 0.0077519379845 123 103 73 71 27 26 19 16 16 8 7 5 3 2 1 0 0 0 0 0
"283" 283 0.0 165 75 54 49 31 28 27 23 21 8 7 4 3 2 1 1 1 0 0 0
"284" 284 0.223350253807 155 99 78 78 34 23 8 7 7 2 2 2 2 1 1 1 0 0 0 0
"285" 285 0.164233576642 145 72 62 41 40 31 30 30 26 9 4 3 2 2 1 1 1 0 0 0
"286" 286 0.0919540229885 152 61 59 42 33 29 19 17 17 15 11 10 10 10 9 3 2 1 0 0
"287" 287 0.22009569378 152 98 57 34 27 26 18 17 16 15 13 12 7 4 3 1 0 0 0 0
"288" 288 0.473214285714 192 97 80 77 14 14 11 8 3 2 1 1 0 0 0 0 0 0 0 0
"289" 289 0.798206278027 393 37 23 23 10 7 3 1 1 1 1 0 0 0 0 0 0 0 0 0
"290" 290 0.340807174888 268 64 38 38 30 24 12 9 7 3 2 2 1 1 1 0 0 0 0 0
"291" 291 0.437086092715 128 111 100 86 19 16 12 8 5 5 4 2 1 1 1 1 0 0 0 0
"292" 292 0.114942528736 159 63 54 46 45 28 20 17 16 16 9 7 7 6 3 2 2 0 0 0
"293" 293 0.516556291391 90 76 75 65 56 46 28 20 15 12 5 5 3 3 1 0 0 0 0 0
"294" 294 0.631178707224 240 80 51 33 31 23 19 6 5 5 2 1 1 1 1 1 0 0 0 0
"295" 295 0.199004975124 185 95 85 41 23 21 20 13 9 6 1 1 0 0 0 0 0 0 0 0
"296" 296 0.573221757322 131 115 75 58 28 24 15 13 12 7 7 6 5 3 1 0 0 0 0 0
