"site" "RSA" "aa1" "aa2" "aa3" "aa4" "aa5" "aa6" "aa7" "aa8" "aa9" "aa10" "aa11" "aa12" "aa13" "aa14" "aa15" "aa16" "aa17" "aa18" "aa19" "aa20"
"0" 0 0.79274611399 127 124 106 58 29 25 13 9 6 2 1 0 0 0 0 0 0 0 0 0
"1" 1 0.593908629442 170 137 48 45 37 31 14 8 3 2 2 2 1 0 0 0 0 0 0 0
"2" 2 0.611398963731 183 135 54 50 20 17 14 12 11 3 1 0 0 0 0 0 0 0 0 0
"3" 3 0.43023255814 151 109 47 42 42 41 26 16 11 9 3 2 1 0 0 0 0 0 0 0
"4" 4 0.512437810945 156 90 62 45 43 41 19 15 10 7 7 4 1 0 0 0 0 0 0 0
"5" 5 0.548223350254 215 70 66 60 26 19 14 10 7 6 5 2 0 0 0 0 0 0 0 0
"6" 6 0.403973509934 224 55 48 43 29 28 25 12 11 11 7 7 0 0 0 0 0 0 0 0
"7" 7 0.410256410256 159 79 61 51 30 28 24 21 18 18 7 3 1 0 0 0 0 0 0 0
"8" 8 0.502564102564 157 118 57 53 29 23 12 11 11 10 9 5 4 1 0 0 0 0 0 0
"9" 9 0.410852713178 152 70 69 53 29 23 23 22 18 13 13 9 5 1 0 0 0 0 0 0
"10" 10 0.567164179104 109 90 86 74 63 32 11 10 8 6 4 4 1 1 1 0 0 0 0 0
"11" 11 0.418439716312 124 122 115 36 29 22 15 11 6 5 5 4 2 1 1 1 1 0 0 0
"12" 12 0.271523178808 106 79 76 76 55 46 20 16 10 9 5 1 1 0 0 0 0 0 0 0
"13" 13 0.497890295359 143 112 93 30 26 24 22 15 11 10 9 2 2 1 0 0 0 0 0 0
"14" 14 0.422018348624 137 103 63 49 39 33 25 15 13 10 7 4 2 0 0 0 0 0 0 0
"15" 15 0.10447761194 232 125 46 22 19 16 13 9 8 3 2 2 1 1 1 0 0 0 0 0
"16" 16 0.436781609195 159 120 99 41 22 20 16 8 5 3 3 3 1 0 0 0 0 0 0 0
"17" 17 0.549107142857 170 133 65 36 32 25 19 7 5 3 2 1 1 1 0 0 0 0 0 0
"18" 18 0.709821428571 127 108 83 52 28 24 21 20 13 11 7 3 2 1 0 0 0 0 0 0
"19" 19 0.450777202073 166 80 60 48 36 36 14 12 11 11 10 8 5 2 1 0 0 0 0 0
"20" 20 0.465408805031 448 18 16 6 4 2 2 2 1 1 0 0 0 0 0 0 0 0 0 0
"21" 21 0.125 113 101 83 70 45 20 19 16 10 9 5 4 4 1 0 0 0 0 0 0
"22" 22 0.26359832636 243 92 74 25 22 19 8 5 4 3 2 1 1 1 0 0 0 0 0 0
"23" 23 0.301255230126 348 70 31 18 10 5 4 4 3 2 1 1 1 1 1 0 0 0 0 0
"24" 24 0.526785714286 133 73 62 57 41 30 29 23 19 9 9 8 4 1 1 1 0 0 0 0
"25" 25 0.464135021097 133 129 62 34 29 26 24 18 17 11 7 4 2 2 1 1 0 0 0 0
"26" 26 0.402985074627 327 47 37 28 18 10 9 8 8 5 2 1 0 0 0 0 0 0 0 0
"27" 27 0.627906976744 193 119 51 36 20 16 13 13 11 11 8 5 4 0 0 0 0 0 0 0
"28" 28 0.497757847534 327 52 37 22 19 13 7 7 3 3 3 3 2 1 1 0 0 0 0 0
"29" 29 0.736434108527 276 75 30 29 23 18 15 14 8 7 4 1 0 0 0 0 0 0 0 0
"30" 30 0.618834080717 141 100 82 75 27 19 17 13 7 6 4 3 3 2 1 0 0 0 0 0
"31" 31 0.561181434599 180 76 73 40 34 27 22 17 7 7 4 3 3 2 2 1 1 1 0 0
"32" 32 0.132075471698 411 59 19 7 3 1 0 0 0 0 0 0 0 0 0 0 0 0 0 0
"33" 33 0.441605839416 256 67 46 45 30 26 12 8 6 2 1 1 0 0 0 0 0 0 0 0
"34" 34 0.175732217573 337 56 33 31 17 9 9 4 1 1 1 1 0 0 0 0 0 0 0 0
"35" 35 0.0 245 117 72 38 9 7 7 5 0 0 0 0 0 0 0 0 0 0 0 0
"36" 36 0.0141843971631 114 101 95 82 45 17 12 11 9 8 4 1 1 0 0 0 0 0 0 0
"37" 37 0.0 361 48 33 24 7 7 6 4 3 3 2 2 0 0 0 0 0 0 0 0
"38" 38 0.00961538461538 248 128 106 8 5 4 1 0 0 0 0 0 0 0 0 0 0 0 0 0
"39" 39 0.0189873417722 349 85 40 10 10 2 2 1 1 0 0 0 0 0 0 0 0 0 0 0
"40" 40 0.430463576159 230 116 53 29 22 18 12 6 5 4 2 2 1 0 0 0 0 0 0 0
"41" 41 0.40414507772 170 96 85 42 22 20 17 17 10 6 6 3 2 2 2 0 0 0 0 0
"42" 42 0.23178807947 162 78 77 69 39 37 20 12 2 2 1 1 0 0 0 0 0 0 0 0
"43" 43 0.551094890511 136 79 51 45 35 35 21 20 14 14 13 11 9 4 4 4 4 1 0 0
"44" 44 0.166666666667 161 62 58 41 34 30 29 26 21 20 8 4 3 2 1 0 0 0 0 0
"45" 45 0.364779874214 211 145 46 45 21 14 11 3 2 2 0 0 0 0 0 0 0 0 0 0
"46" 46 0.0 169 127 64 47 28 20 11 11 8 4 3 2 2 2 1 1 0 0 0 0
"47" 47 0.294642857143 99 94 57 56 51 45 25 21 14 14 12 6 5 1 0 0 0 0 0 0
"48" 48 0.748175182482 165 165 67 36 26 13 7 7 7 3 2 1 1 0 0 0 0 0 0 0
"49" 49 0.1592039801 423 51 10 4 4 2 2 2 1 1 0 0 0 0 0 0 0 0 0 0
"50" 50 0.28488372093 196 86 56 52 43 20 12 9 7 6 3 3 2 2 1 1 1 0 0 0
"51" 51 0.538461538462 496 4 0 0 0 0 0 0 0 0 0 0 0 0 0 0 0 0 0 0
"52" 52 0.124378109453 140 112 110 50 31 13 7 6 6 5 5 4 3 3 2 2 1 0 0 0
"53" 53 0.459821428571 197 106 89 24 15 15 14 8 7 7 7 6 4 1 0 0 0 0 0 0
"54" 54 0.534591194969 216 126 64 32 21 11 10 8 7 2 1 1 1 0 0 0 0 0 0 0
"55" 55 0.384615384615 500 0 0 0 0 0 0 0 0 0 0 0 0 0 0 0 0 0 0 0
"56" 56 0.290178571429 185 145 54 36 24 19 14 9 7 3 1 1 1 1 0 0 0 0 0 0
"57" 57 0.089552238806 150 111 67 66 34 27 23 12 10 0 0 0 0 0 0 0 0 0 0 0
"58" 58 0.255230125523 218 92 49 46 19 18 17 7 6 5 5 5 4 3 2 2 1 1 0 0
"59" 59 0.333333333333 170 129 83 53 21 14 8 7 4 4 3 2 2 0 0 0 0 0 0 0
"60" 60 0.0765550239234 258 94 61 44 21 4 4 4 3 3 2 1 1 0 0 0 0 0 0 0
"61" 61 0.251824817518 170 84 63 33 32 24 23 22 21 10 9 6 2 1 0 0 0 0 0 0
"62" 62 0.0769230769231 397 58 38 4 2 1 0 0 0 0 0 0 0 0 0 0 0 0 0 0
"63" 63 0.293103448276 155 80 65 47 37 30 25 13 12 11 5 5 3 3 3 3 2 1 0 0
"64" 64 0.0 438 30 19 11 1 1 0 0 0 0 0 0 0 0 0 0 0 0 0 0
"65" 65 0.0102564102564 136 124 121 49 41 26 2 1 0 0 0 0 0 0 0 0 0 0 0 0
"66" 66 0.0 107 96 71 44 44 40 36 34 14 5 4 3 1 1 0 0 0 0 0 0
"67" 67 0.0114942528736 188 138 48 45 19 19 9 8 7 6 5 3 3 2 0 0 0 0 0 0
"68" 68 0.0659898477157 150 98 67 56 32 21 15 14 12 10 9 6 5 4 1 0 0 0 0 0
"69" 69 0.622009569378 126 106 101 42 26 19 11 11 11 10 10 9 7 7 4 0 0 0 0 0
"70" 70 0.720930232558 289 94 29 24 23 12 11 6 4 4 2 1 1 0 0 0 0 0 0 0
"71" 71 0.150259067358 394 27 26 20 15 6 5 3 2 2 0 0 0 0 0 0 0 0 0 0
"72" 72 0.616915422886 162 131 96 30 27 24 21 4 3 1 1 0 0 0 0 0 0 0 0 0
"73" 73 0.517948717949 184 68 58 47 43 34 34 11 10 3 2 2 2 1 1 0 0 0 0 0
"74" 74 0.0 141 110 89 64 35 25 14 7 3 3 2 2 2 2 1 0 0 0 0 0
"75" 75 0.169154228856 123 102 71 68 47 28 16 15 11 8 6 3 1 1 0 0 0 0 0 0
"76" 76 0.403973509934 88 83 69 49 49 48 31 22 22 21 8 4 3 3 0 0 0 0 0 0
"77" 77 0.149425287356 140 122 57 33 32 25 18 16 16 15 11 7 4 1 1 1 1 0 0 0
"78" 78 0.0 228 95 82 22 20 13 9 9 7 6 5 2 1 1 0 0 0 0 0 0
"79" 79 0.345291479821 171 91 90 68 30 14 9 9 8 5 4 1 0 0 0 0 0 0 0 0
"80" 80 0.41825095057 214 92 46 34 31 27 22 21 8 2 2 1 0 0 0 0 0 0 0 0
"81" 81 0.0 269 162 31 28 4 2 2 1 1 0 0 0 0 0 0 0 0 0 0 0
"82" 82 0.0 172 71 64 49 33 31 21 15 14 10 6 5 3 3 2 1 0 0 0 0
"83" 83 0.295336787565 128 81 77 71 34 29 18 15 12 7 7 6 5 4 2 2 1 1 0 0
"84" 84 0.373563218391 234 81 70 42 27 26 5 5 4 2 2 1 1 0 0 0 0 0 0 0
"85" 85 0.0995024875622 354 62 31 20 12 7 6 2 2 2 1 1 0 0 0 0 0 0 0 0
"86" 86 0.513392857143 185 57 54 44 38 30 28 23 21 17 2 1 0 0 0 0 0 0 0 0
"87" 87 0.0 231 165 64 19 14 5 1 1 0 0 0 0 0 0 0 0 0 0 0 0
"88" 88 0.379464285714 182 155 38 29 24 18 17 16 12 5 3 1 0 0 0 0 0 0 0 0
"89" 89 0.200956937799 328 56 35 26 15 11 10 8 6 2 1 1 1 0 0 0 0 0 0 0
"90" 90 0.0 289 54 41 33 30 23 21 4 2 1 1 1 0 0 0 0 0 0 0 0
"91" 91 0.0355329949239 288 104 38 28 16 7 6 5 5 2 1 0 0 0 0 0 0 0 0 0
"92" 92 0.00507614213198 273 143 20 19 17 10 6 4 3 2 2 1 0 0 0 0 0 0 0 0
"93" 93 0.0253164556962 209 108 92 37 37 4 3 2 2 2 1 1 1 1 0 0 0 0 0 0
"94" 94 0.0 205 113 78 63 34 4 3 0 0 0 0 0 0 0 0 0 0 0 0 0
"95" 95 0.0478468899522 317 76 26 23 17 16 8 6 4 3 2 1 1 0 0 0 0 0 0 0
"96" 96 0.106463878327 103 90 85 71 66 25 16 9 8 7 6 6 3 2 2 1 0 0 0 0
"97" 97 0.557692307692 498 2 0 0 0 0 0 0 0 0 0 0 0 0 0 0 0 0 0 0
"98" 98 0.0189873417722 417 42 31 2 2 2 2 2 0 0 0 0 0 0 0 0 0 0 0 0
"99" 99 0.384615384615 133 128 117 62 14 13 12 11 6 1 1 1 1 0 0 0 0 0 0 0
"100" 100 0.0576923076923 182 83 81 66 41 23 6 4 4 3 2 1 1 1 1 1 0 0 0 0
"101" 101 0.0287356321839 241 107 66 26 25 11 11 3 3 3 2 1 1 0 0 0 0 0 0 0
"102" 102 0.363228699552 186 71 53 37 23 23 21 20 20 14 13 7 5 3 2 2 0 0 0 0
"103" 103 0.100775193798 93 81 62 56 56 29 22 21 20 18 15 12 6 4 3 1 1 0 0 0
"104" 104 0.0697674418605 367 96 18 9 6 1 1 1 1 0 0 0 0 0 0 0 0 0 0 0
"105" 105 0.229885057471 130 57 49 44 41 33 31 27 25 24 11 9 7 5 4 3 0 0 0 0
"106" 106 0.486607142857 105 97 56 47 46 44 30 29 28 8 6 2 1 1 0 0 0 0 0 0
"107" 107 0.476923076923 241 69 38 37 32 31 31 8 5 3 2 2 1 0 0 0 0 0 0 0
"108" 108 0.283018867925 86 83 80 76 43 34 30 24 22 8 6 4 2 1 1 0 0 0 0 0
"109" 109 0.857142857143 456 34 8 1 1 0 0 0 0 0 0 0 0 0 0 0 0 0 0 0
"110" 110 0.477611940299 95 80 60 54 53 36 28 22 20 11 7 6 6 6 6 5 4 1 0 0
"111" 111 0.442307692308 500 0 0 0 0 0 0 0 0 0 0 0 0 0 0 0 0 0 0 0
"112" 112 0.756218905473 226 108 50 44 25 23 14 4 4 1 1 0 0 0 0 0 0 0 0 0
"113" 113 0.269035532995 191 76 61 49 34 32 15 9 8 8 4 4 2 2 2 2 1 0 0 0
"114" 114 0.148717948718 148 144 96 26 21 10 10 9 8 8 7 4 3 3 2 1 0 0 0 0
"115" 115 0.523076923077 126 116 91 55 34 26 24 9 7 5 4 2 1 0 0 0 0 0 0 0
"116" 116 0.234042553191 252 80 51 31 30 22 10 7 5 4 4 2 1 1 0 0 0 0 0 0
"117" 117 0.0199004975124 155 118 65 46 26 24 16 14 11 7 6 5 5 2 0 0 0 0 0 0
"118" 118 0.393034825871 140 93 49 44 32 32 31 26 18 17 10 6 1 1 0 0 0 0 0 0
"119" 119 0.358851674641 99 75 64 50 41 35 32 29 27 20 17 8 1 1 1 0 0 0 0 0
"120" 120 0.0 298 47 36 32 22 21 17 10 5 4 3 1 1 1 1 1 0 0 0 0
"121" 121 0.375912408759 118 94 86 48 37 35 34 10 9 7 6 5 5 3 2 1 0 0 0 0
"122" 122 0.528497409326 93 90 57 47 44 41 38 27 20 19 15 9 0 0 0 0 0 0 0 0
"123" 123 0.0609137055838 219 148 42 18 15 13 13 12 9 3 2 2 2 1 1 0 0 0 0 0
"124" 124 0.205673758865 108 104 102 39 30 27 25 18 13 11 10 5 3 2 1 1 1 0 0 0
"125" 125 0.456066945607 197 99 78 43 43 15 9 6 4 3 3 0 0 0 0 0 0 0 0 0
"126" 126 0.497890295359 228 119 65 38 27 8 4 4 3 2 1 1 0 0 0 0 0 0 0 0
"127" 127 0.0622009569378 208 162 117 5 3 2 2 1 0 0 0 0 0 0 0 0 0 0 0 0
"128" 128 0.423841059603 132 112 55 55 38 32 19 13 12 11 7 5 5 3 1 0 0 0 0 0
"129" 129 0.615894039735 180 130 55 36 31 25 16 9 5 5 4 4 0 0 0 0 0 0 0 0
"130" 130 0.0398009950249 192 76 59 42 36 25 14 13 12 8 7 6 6 2 1 1 0 0 0 0
"131" 131 0.0199004975124 410 61 10 5 4 3 2 2 1 1 1 0 0 0 0 0 0 0 0 0
"132" 132 0.413461538462 260 78 44 27 17 15 12 12 10 9 9 4 3 0 0 0 0 0 0 0
"133" 133 0.59375 166 86 70 41 33 23 22 20 16 11 9 3 0 0 0 0 0 0 0 0
"134" 134 0.178899082569 143 138 108 46 44 10 4 3 2 2 0 0 0 0 0 0 0 0 0 0
"135" 135 0.433962264151 172 152 69 44 17 16 11 10 6 2 1 0 0 0 0 0 0 0 0 0
"136" 136 0.614349775785 260 108 78 28 6 5 5 4 2 1 1 1 1 0 0 0 0 0 0 0
"137" 137 0.607142857143 162 141 68 49 44 13 11 9 2 1 0 0 0 0 0 0 0 0 0 0
"138" 138 0.430656934307 126 93 83 49 43 39 30 22 6 6 2 1 0 0 0 0 0 0 0 0
"139" 139 0.20802919708 270 125 32 15 13 13 12 6 5 3 2 2 1 1 0 0 0 0 0 0
"140" 140 0.228855721393 115 110 84 33 32 25 25 19 15 9 8 8 7 6 3 1 0 0 0 0
"141" 141 0.212435233161 186 160 36 35 19 18 10 7 6 6 6 5 3 1 1 1 0 0 0 0
"142" 142 0.0988372093023 148 94 49 49 39 30 22 16 15 11 11 6 4 2 2 1 1 0 0 0
"143" 143 0.0 201 168 63 39 13 4 4 2 2 1 1 1 1 0 0 0 0 0 0 0
"144" 144 0.0253164556962 163 94 71 67 39 26 25 10 3 1 1 0 0 0 0 0 0 0 0 0
"145" 145 0.0892857142857 99 97 92 68 57 33 15 13 7 7 4 4 3 1 0 0 0 0 0 0
"146" 146 0.0 285 104 64 17 8 6 5 4 2 2 1 1 1 0 0 0 0 0 0 0
"147" 147 0.00512820512821 150 134 87 33 22 21 20 15 6 3 3 3 2 1 0 0 0 0 0 0
"148" 148 0.0 369 71 39 12 8 1 0 0 0 0 0 0 0 0 0 0 0 0 0 0
"149" 149 0.0137614678899 145 103 98 21 21 19 19 17 13 12 11 9 7 4 1 0 0 0 0 0
"150" 150 0.0535714285714 230 83 72 38 17 12 10 8 7 7 5 4 4 2 1 0 0 0 0 0
"151" 151 0.0179372197309 310 73 64 16 8 7 5 5 5 3 2 2 0 0 0 0 0 0 0 0
"152" 152 0.0172413793103 201 120 105 40 20 4 3 2 2 1 1 1 0 0 0 0 0 0 0 0
"153" 153 0.19391634981 161 136 95 34 24 18 8 8 7 6 3 0 0 0 0 0 0 0 0 0
"154" 154 0.133333333333 129 69 65 52 42 35 28 22 17 14 9 6 4 3 2 2 1 0 0 0
"155" 155 0.0 250 89 40 37 27 22 16 5 4 3 3 1 1 1 1 0 0 0 0 0
"156" 156 0.0 147 123 115 56 30 8 6 4 3 2 2 2 1 1 0 0 0 0 0 0
"157" 157 0.334928229665 92 86 71 59 46 32 30 25 20 14 9 6 4 3 2 1 0 0 0 0
"158" 158 0.105960264901 207 80 77 51 22 17 14 11 9 3 2 2 2 2 1 0 0 0 0 0
"159" 159 0.686046511628 172 91 87 46 36 31 9 7 6 5 4 4 2 0 0 0 0 0 0 0
"160" 160 0.0964467005076 134 71 58 44 41 35 34 16 16 14 9 9 8 7 3 1 0 0 0 0
"161" 161 0.0 122 74 62 60 51 27 23 22 20 19 17 2 1 0 0 0 0 0 0 0
"162" 162 0.233183856502 188 91 63 52 44 18 12 12 9 3 3 2 1 1 1 0 0 0 0 0
"163" 163 0.350993377483 135 125 94 67 16 16 12 12 7 6 6 3 1 0 0 0 0 0 0 0
"164" 164 0.0 189 100 72 36 30 22 15 12 9 7 3 3 1 1 0 0 0 0 0 0
"165" 165 0.0567375886525 365 54 24 22 7 6 5 4 3 3 3 2 1 1 0 0 0 0 0 0
"166" 166 0.662447257384 165 126 46 43 35 23 20 12 10 9 4 3 3 1 0 0 0 0 0 0
"167" 167 0.463503649635 146 72 70 49 43 31 29 13 11 10 10 10 5 1 0 0 0 0 0 0
"168" 168 0.423076923077 497 3 0 0 0 0 0 0 0 0 0 0 0 0 0 0 0 0 0 0
"169" 169 0.170403587444 130 95 78 58 36 27 23 14 10 8 6 4 4 2 2 2 1 0 0 0
"170" 170 0.725738396624 421 22 13 10 9 5 5 4 3 3 3 1 1 0 0 0 0 0 0 0
"171" 171 0.0114942528736 301 45 40 40 19 12 12 9 8 5 3 3 1 1 1 0 0 0 0 0
"172" 172 0.151162790698 132 118 73 48 44 26 21 11 8 6 4 4 2 2 1 0 0 0 0 0
"173" 173 0.0 150 107 88 85 39 13 7 3 2 2 1 1 1 1 0 0 0 0 0 0
"174" 174 0.124401913876 142 119 105 83 18 15 14 3 1 0 0 0 0 0 0 0 0 0 0 0
"175" 175 0.0 432 66 2 0 0 0 0 0 0 0 0 0 0 0 0 0 0 0 0 0
"176" 176 0.184397163121 249 71 62 51 31 11 9 5 4 4 1 1 1 0 0 0 0 0 0 0
"177" 177 0.0 234 88 43 41 29 20 13 12 8 5 3 2 1 1 0 0 0 0 0 0
"178" 178 0.0380228136882 314 148 25 7 3 2 1 0 0 0 0 0 0 0 0 0 0 0 0 0
"179" 179 0.125 138 92 66 59 55 22 17 13 12 7 7 4 2 2 2 1 1 0 0 0
"180" 180 0.38578680203 246 58 46 40 20 17 13 12 11 10 8 7 7 4 1 0 0 0 0 0
"181" 181 0.870813397129 184 70 53 51 37 31 29 26 12 3 2 1 1 0 0 0 0 0 0 0
"182" 182 0.59585492228 122 119 74 48 41 39 11 10 10 9 8 6 3 0 0 0 0 0 0 0
"183" 183 0.25 185 94 80 36 28 25 22 14 7 5 2 1 1 0 0 0 0 0 0 0
"184" 184 0.597014925373 127 117 64 41 39 36 35 14 14 6 4 1 1 1 0 0 0 0 0 0
"185" 185 0.238805970149 297 65 60 29 20 6 5 4 4 3 3 2 1 1 0 0 0 0 0 0
"186" 186 0.441605839416 240 80 59 38 25 21 19 7 4 3 3 1 0 0 0 0 0 0 0 0
"187" 187 0.430051813472 316 73 63 11 9 7 6 4 3 3 3 2 0 0 0 0 0 0 0 0
"188" 188 0.109452736318 162 117 83 49 36 19 17 7 6 2 1 1 0 0 0 0 0 0 0 0
"189" 189 0.414507772021 317 75 31 27 17 11 7 6 5 4 0 0 0 0 0 0 0 0 0 0
"190" 190 0.0229885057471 142 129 65 53 46 45 8 4 3 2 2 1 0 0 0 0 0 0 0 0
"191" 191 0.197674418605 220 69 62 36 30 16 15 14 12 11 7 6 1 1 0 0 0 0 0 0
"192" 192 0.0 249 187 39 9 7 2 2 2 1 1 1 0 0 0 0 0 0 0 0 0
"193" 193 0.43023255814 247 74 40 36 35 26 18 11 6 5 2 0 0 0 0 0 0 0 0 0
"194" 194 0.266666666667 194 165 68 26 24 14 5 2 2 0 0 0 0 0 0 0 0 0 0 0
"195" 195 0.321167883212 154 85 58 39 28 25 24 24 17 15 12 7 6 3 2 1 0 0 0 0
"196" 196 0.486607142857 203 88 57 52 47 19 10 9 5 5 4 1 0 0 0 0 0 0 0 0
"197" 197 0.191860465116 240 142 31 20 16 14 12 10 9 3 1 1 1 0 0 0 0 0 0 0
"198" 198 0.0199004975124 208 139 54 26 23 21 13 6 4 3 2 1 0 0 0 0 0 0 0 0
"199" 199 0.25 105 97 93 61 58 19 18 18 17 9 2 1 1 1 0 0 0 0 0 0
"200" 200 0.367713004484 165 163 47 36 25 20 15 13 5 5 4 1 1 0 0 0 0 0 0 0
"201" 201 0.175182481752 196 90 68 23 21 21 20 19 15 14 6 3 3 1 0 0 0 0 0 0
"202" 202 0.102661596958 177 141 76 45 15 13 10 7 6 5 2 1 1 1 0 0 0 0 0 0
"203" 203 0.521897810219 127 116 104 29 28 27 23 15 14 8 4 3 1 1 0 0 0 0 0 0
"204" 204 0.354066985646 142 141 66 49 24 21 19 19 6 5 2 1 1 1 1 1 1 0 0 0
"205" 205 0.0769230769231 224 157 59 24 15 8 6 3 2 1 1 0 0 0 0 0 0 0 0 0
"206" 206 0.0761421319797 198 92 51 51 26 24 13 12 10 8 4 3 3 2 1 1 1 0 0 0
"207" 207 0.311258278146 135 116 89 73 22 19 13 12 11 4 2 2 1 1 0 0 0 0 0 0
"208" 208 0.394871794872 101 83 74 54 52 39 27 23 22 9 7 6 2 1 0 0 0 0 0 0
"209" 209 0.149253731343 141 102 57 53 38 28 25 11 10 9 7 6 5 3 3 1 1 0 0 0
"210" 210 0.493670886076 259 54 37 34 24 22 20 16 13 7 6 4 3 1 0 0 0 0 0 0
"211" 211 0.716417910448 152 148 62 48 28 17 15 8 6 4 4 3 3 2 0 0 0 0 0 0
"212" 212 0.835443037975 176 85 82 41 36 33 25 5 5 3 3 2 2 1 1 0 0 0 0 0
