"site" "RSA" "aa1" "aa2" "aa3" "aa4" "aa5" "aa6" "aa7" "aa8" "aa9" "aa10" "aa11" "aa12" "aa13" "aa14" "aa15" "aa16" "aa17" "aa18" "aa19" "aa20"
"0" 0 1.05960264901 500 0 0 0 0 0 0 0 0 0 0 0 0 0 0 0 0 0 0 0
"1" 1 0.732142857143 452 28 16 2 2 0 0 0 0 0 0 0 0 0 0 0 0 0 0 0
"2" 2 0.0722433460076 500 0 0 0 0 0 0 0 0 0 0 0 0 0 0 0 0 0 0 0
"3" 3 0.357512953368 167 153 131 27 11 7 4 0 0 0 0 0 0 0 0 0 0 0 0 0
"4" 4 0.06463878327 309 102 33 29 19 7 1 0 0 0 0 0 0 0 0 0 0 0 0 0
"5" 5 0.273631840796 128 104 100 90 57 10 7 3 1 0 0 0 0 0 0 0 0 0 0 0
"6" 6 0.00418410041841 384 58 44 13 1 0 0 0 0 0 0 0 0 0 0 0 0 0 0 0
"7" 7 0.160337552743 202 149 77 38 21 6 5 2 0 0 0 0 0 0 0 0 0 0 0 0
"8" 8 0.0 465 22 7 3 2 1 0 0 0 0 0 0 0 0 0 0 0 0 0 0
"9" 9 0.0 360 71 46 8 7 6 1 1 0 0 0 0 0 0 0 0 0 0 0 0
"10" 10 0.0 499 1 0 0 0 0 0 0 0 0 0 0 0 0 0 0 0 0 0 0
"11" 11 0.0 311 81 43 23 18 13 7 2 2 0 0 0 0 0 0 0 0 0 0 0
"12" 12 0.0 500 0 0 0 0 0 0 0 0 0 0 0 0 0 0 0 0 0 0 0
"13" 13 0.14358974359 413 46 26 11 2 1 1 0 0 0 0 0 0 0 0 0 0 0 0 0
"14" 14 0.377483443709 199 169 68 53 4 3 2 1 1 0 0 0 0 0 0 0 0 0 0 0
"15" 15 0.538461538462 500 0 0 0 0 0 0 0 0 0 0 0 0 0 0 0 0 0 0 0
"16" 16 0.0114942528736 475 19 5 1 0 0 0 0 0 0 0 0 0 0 0 0 0 0 0 0
"17" 17 0.153846153846 500 0 0 0 0 0 0 0 0 0 0 0 0 0 0 0 0 0 0 0
"18" 18 0.0253164556962 274 181 41 3 1 0 0 0 0 0 0 0 0 0 0 0 0 0 0 0
"19" 19 0.192052980132 202 164 62 61 4 3 1 1 1 1 0 0 0 0 0 0 0 0 0 0
"20" 20 0.0886075949367 161 143 68 66 49 10 2 1 0 0 0 0 0 0 0 0 0 0 0 0
"21" 21 0.0199004975124 468 13 5 5 4 3 1 1 0 0 0 0 0 0 0 0 0 0 0 0
"22" 22 0.0 487 12 1 0 0 0 0 0 0 0 0 0 0 0 0 0 0 0 0 0
"23" 23 0.109452736318 184 133 67 37 35 34 6 3 1 0 0 0 0 0 0 0 0 0 0 0
"24" 24 0.153284671533 257 125 118 0 0 0 0 0 0 0 0 0 0 0 0 0 0 0 0 0
"25" 25 0.0167364016736 497 3 0 0 0 0 0 0 0 0 0 0 0 0 0 0 0 0 0 0
"26" 26 0.185430463576 500 0 0 0 0 0 0 0 0 0 0 0 0 0 0 0 0 0 0 0
"27" 27 0.40414507772 470 14 6 5 4 1 0 0 0 0 0 0 0 0 0 0 0 0 0 0
"28" 28 0.59585492228 480 17 3 0 0 0 0 0 0 0 0 0 0 0 0 0 0 0 0 0
"29" 29 0.377906976744 228 89 64 60 39 18 2 0 0 0 0 0 0 0 0 0 0 0 0 0
"30" 30 0.281368821293 330 124 28 14 4 0 0 0 0 0 0 0 0 0 0 0 0 0 0 0
"31" 31 0.470930232558 395 95 4 4 1 1 0 0 0 0 0 0 0 0 0 0 0 0 0 0
"32" 32 0.589743589744 467 16 12 5 0 0 0 0 0 0 0 0 0 0 0 0 0 0 0 0
"33" 33 0.787564766839 500 0 0 0 0 0 0 0 0 0 0 0 0 0 0 0 0 0 0 0
"34" 34 0.220532319392 148 108 73 72 57 19 6 6 3 3 2 2 1 0 0 0 0 0 0 0
"35" 35 0.802030456853 437 39 16 8 0 0 0 0 0 0 0 0 0 0 0 0 0 0 0 0
"36" 36 0.377483443709 141 91 70 61 45 22 22 19 13 7 6 1 1 1 0 0 0 0 0 0
"37" 37 0.802325581395 445 31 16 7 1 0 0 0 0 0 0 0 0 0 0 0 0 0 0 0
"38" 38 0.675126903553 403 96 1 0 0 0 0 0 0 0 0 0 0 0 0 0 0 0 0 0
"39" 39 0.451923076923 301 180 10 9 0 0 0 0 0 0 0 0 0 0 0 0 0 0 0 0
"40" 40 0.0919540229885 228 161 34 31 17 8 7 6 5 2 1 0 0 0 0 0 0 0 0 0
"41" 41 0.523316062176 243 192 58 7 0 0 0 0 0 0 0 0 0 0 0 0 0 0 0 0
"42" 42 0.292887029289 376 121 3 0 0 0 0 0 0 0 0 0 0 0 0 0 0 0 0 0
"43" 43 0.270042194093 465 9 9 7 4 3 3 0 0 0 0 0 0 0 0 0 0 0 0 0
"44" 44 0.446700507614 317 79 66 35 2 1 0 0 0 0 0 0 0 0 0 0 0 0 0 0
"45" 45 0.227848101266 429 48 11 8 3 1 0 0 0 0 0 0 0 0 0 0 0 0 0 0
"46" 46 0.424418604651 467 20 11 1 1 0 0 0 0 0 0 0 0 0 0 0 0 0 0 0
"47" 47 0.0689655172414 408 44 17 9 9 8 2 1 1 1 0 0 0 0 0 0 0 0 0 0
"48" 48 0.53125 500 0 0 0 0 0 0 0 0 0 0 0 0 0 0 0 0 0 0 0
"49" 49 0.0199004975124 386 52 40 20 1 1 0 0 0 0 0 0 0 0 0 0 0 0 0 0
"50" 50 0.549222797927 481 9 3 3 2 1 1 0 0 0 0 0 0 0 0 0 0 0 0 0
"51" 51 0.692307692308 294 206 0 0 0 0 0 0 0 0 0 0 0 0 0 0 0 0 0 0
"52" 52 0.303797468354 293 173 21 8 5 0 0 0 0 0 0 0 0 0 0 0 0 0 0 0
"53" 53 0.174418604651 480 17 3 0 0 0 0 0 0 0 0 0 0 0 0 0 0 0 0 0
"54" 54 0.0 421 31 29 18 1 0 0 0 0 0 0 0 0 0 0 0 0 0 0 0
"55" 55 0.244725738397 243 151 91 14 1 0 0 0 0 0 0 0 0 0 0 0 0 0 0 0
"56" 56 0.0 477 13 8 1 1 0 0 0 0 0 0 0 0 0 0 0 0 0 0 0
"57" 57 0.22869955157 239 163 50 39 8 1 0 0 0 0 0 0 0 0 0 0 0 0 0 0
"58" 58 0.00507614213198 459 40 1 0 0 0 0 0 0 0 0 0 0 0 0 0 0 0 0 0
"59" 59 0.195035460993 217 207 76 0 0 0 0 0 0 0 0 0 0 0 0 0 0 0 0 0
"60" 60 0.0259067357513 469 14 13 3 1 0 0 0 0 0 0 0 0 0 0 0 0 0 0 0
"61" 61 0.0116279069767 378 113 6 2 1 0 0 0 0 0 0 0 0 0 0 0 0 0 0 0
"62" 62 0.519379844961 359 77 45 19 0 0 0 0 0 0 0 0 0 0 0 0 0 0 0 0
"63" 63 0.403846153846 500 0 0 0 0 0 0 0 0 0 0 0 0 0 0 0 0 0 0 0
"64" 64 0.255605381166 181 168 87 34 27 2 1 0 0 0 0 0 0 0 0 0 0 0 0 0
"65" 65 0.0625 370 105 11 9 4 1 0 0 0 0 0 0 0 0 0 0 0 0 0 0
"66" 66 0.642335766423 299 187 7 2 2 2 1 0 0 0 0 0 0 0 0 0 0 0 0 0
"67" 67 0.602510460251 494 4 2 0 0 0 0 0 0 0 0 0 0 0 0 0 0 0 0 0
"68" 68 0.481751824818 164 121 74 52 46 19 16 3 2 2 1 0 0 0 0 0 0 0 0 0
"69" 69 0.5 496 4 0 0 0 0 0 0 0 0 0 0 0 0 0 0 0 0 0 0
"70" 70 0.106598984772 363 113 11 9 2 1 1 0 0 0 0 0 0 0 0 0 0 0 0 0
"71" 71 0.377906976744 147 78 69 63 56 55 21 11 0 0 0 0 0 0 0 0 0 0 0 0
"72" 72 0.324503311258 309 97 31 30 19 11 3 0 0 0 0 0 0 0 0 0 0 0 0 0
"73" 73 0.456953642384 345 55 25 24 21 18 8 2 1 1 0 0 0 0 0 0 0 0 0 0
"74" 74 0.06463878327 420 57 9 4 4 4 1 1 0 0 0 0 0 0 0 0 0 0 0 0
"75" 75 0.0114068441065 345 130 13 8 2 1 1 0 0 0 0 0 0 0 0 0 0 0 0 0
"76" 76 0.613138686131 335 50 46 24 23 16 4 1 1 0 0 0 0 0 0 0 0 0 0 0
"77" 77 0.528846153846 498 2 0 0 0 0 0 0 0 0 0 0 0 0 0 0 0 0 0 0
"78" 78 0.0331125827815 247 157 52 32 7 3 1 1 0 0 0 0 0 0 0 0 0 0 0 0
"79" 79 0.239234449761 445 53 2 0 0 0 0 0 0 0 0 0 0 0 0 0 0 0 0 0
"80" 80 0.0 384 54 43 19 0 0 0 0 0 0 0 0 0 0 0 0 0 0 0 0
"81" 81 0.0 196 123 86 72 20 2 1 0 0 0 0 0 0 0 0 0 0 0 0 0
"82" 82 0.0152284263959 498 2 0 0 0 0 0 0 0 0 0 0 0 0 0 0 0 0 0 0
"83" 83 0.0 333 73 51 22 11 7 2 1 0 0 0 0 0 0 0 0 0 0 0 0
"84" 84 0.00574712643678 318 182 0 0 0 0 0 0 0 0 0 0 0 0 0 0 0 0 0 0
"85" 85 0.0 438 22 19 10 8 2 1 0 0 0 0 0 0 0 0 0 0 0 0 0
"86" 86 0.0621761658031 253 239 8 0 0 0 0 0 0 0 0 0 0 0 0 0 0 0 0 0
"87" 87 0.00574712643678 482 8 8 1 1 0 0 0 0 0 0 0 0 0 0 0 0 0 0 0
"88" 88 0.209302325581 419 60 19 2 0 0 0 0 0 0 0 0 0 0 0 0 0 0 0 0
"89" 89 0.378238341969 485 8 5 2 0 0 0 0 0 0 0 0 0 0 0 0 0 0 0 0
"90" 90 0.381165919283 394 101 4 1 0 0 0 0 0 0 0 0 0 0 0 0 0 0 0 0
"91" 91 0.477678571429 330 96 43 15 12 2 1 1 0 0 0 0 0 0 0 0 0 0 0 0
"92" 92 0.0132450331126 483 7 6 3 1 0 0 0 0 0 0 0 0 0 0 0 0 0 0 0
"93" 93 0.0627615062762 493 4 3 0 0 0 0 0 0 0 0 0 0 0 0 0 0 0 0 0
"94" 94 0.394871794872 387 101 8 3 1 0 0 0 0 0 0 0 0 0 0 0 0 0 0 0
"95" 95 0.00961538461538 337 69 40 32 16 3 1 1 1 0 0 0 0 0 0 0 0 0 0 0
"96" 96 0.0 387 27 26 25 19 7 7 1 1 0 0 0 0 0 0 0 0 0 0 0
"97" 97 0.565400843882 399 47 26 17 3 2 2 2 2 0 0 0 0 0 0 0 0 0 0 0
"98" 98 0.155963302752 147 114 75 47 31 27 22 18 8 6 2 2 1 0 0 0 0 0 0 0
"99" 99 0.0141843971631 423 71 3 1 1 1 0 0 0 0 0 0 0 0 0 0 0 0 0 0
"100" 100 0.0796019900498 168 80 59 58 52 38 31 8 5 1 0 0 0 0 0 0 0 0 0 0
"101" 101 0.506726457399 371 62 60 2 2 2 1 0 0 0 0 0 0 0 0 0 0 0 0 0
"102" 102 0.200892857143 152 134 67 38 18 18 17 16 12 10 9 6 2 1 0 0 0 0 0 0
"103" 103 0.0203045685279 232 122 97 16 16 7 5 2 2 1 0 0 0 0 0 0 0 0 0 0
"104" 104 0.709844559585 133 94 70 60 56 41 22 14 9 1 0 0 0 0 0 0 0 0 0 0
"105" 105 0.653284671533 219 97 92 41 31 17 3 0 0 0 0 0 0 0 0 0 0 0 0 0
"106" 106 0.285171102662 247 164 37 30 17 3 1 1 0 0 0 0 0 0 0 0 0 0 0 0
"107" 107 0.116279069767 259 205 34 1 1 0 0 0 0 0 0 0 0 0 0 0 0 0 0 0
"108" 108 0.459302325581 192 152 56 28 24 19 18 11 0 0 0 0 0 0 0 0 0 0 0 0
"109" 109 0.788079470199 211 174 80 31 3 1 0 0 0 0 0 0 0 0 0 0 0 0 0 0
"110" 110 0.523255813953 175 113 80 76 29 15 9 1 1 1 0 0 0 0 0 0 0 0 0 0
"111" 111 0.109195402299 133 127 64 54 53 44 24 1 0 0 0 0 0 0 0 0 0 0 0 0
"112" 112 0.129353233831 213 188 95 2 1 1 0 0 0 0 0 0 0 0 0 0 0 0 0 0
"113" 113 0.198312236287 230 144 37 35 25 10 9 5 4 1 0 0 0 0 0 0 0 0 0 0
"114" 114 0.0 484 9 6 1 0 0 0 0 0 0 0 0 0 0 0 0 0 0 0 0
"115" 115 0.0 163 126 84 63 28 17 13 4 1 1 0 0 0 0 0 0 0 0 0 0
"116" 116 0.00574712643678 355 107 16 11 5 4 2 0 0 0 0 0 0 0 0 0 0 0 0 0
"117" 117 0.0 302 174 11 9 2 1 1 0 0 0 0 0 0 0 0 0 0 0 0 0
"118" 118 0.025641025641 408 91 1 0 0 0 0 0 0 0 0 0 0 0 0 0 0 0 0 0
"119" 119 0.244725738397 149 149 89 74 28 7 4 0 0 0 0 0 0 0 0 0 0 0 0 0
"120" 120 0.0759493670886 500 0 0 0 0 0 0 0 0 0 0 0 0 0 0 0 0 0 0 0
"121" 121 0.20725388601 365 120 14 1 0 0 0 0 0 0 0 0 0 0 0 0 0 0 0 0
"122" 122 0.363184079602 232 150 73 25 15 2 1 1 1 0 0 0 0 0 0 0 0 0 0 0
"123" 123 0.632911392405 249 208 36 7 0 0 0 0 0 0 0 0 0 0 0 0 0 0 0 0
"124" 124 0.875647668394 281 202 17 0 0 0 0 0 0 0 0 0 0 0 0 0 0 0 0 0
"125" 125 0.637130801688 457 19 12 9 2 1 0 0 0 0 0 0 0 0 0 0 0 0 0 0
"126" 126 0.255474452555 490 8 1 1 0 0 0 0 0 0 0 0 0 0 0 0 0 0 0 0
"127" 127 0.431034482759 500 0 0 0 0 0 0 0 0 0 0 0 0 0 0 0 0 0 0 0
"128" 128 0.0172413793103 494 3 2 1 0 0 0 0 0 0 0 0 0 0 0 0 0 0 0 0
"129" 129 0.526785714286 247 244 5 3 1 0 0 0 0 0 0 0 0 0 0 0 0 0 0 0
"130" 130 0.372623574144 203 113 65 52 22 15 15 5 5 4 1 0 0 0 0 0 0 0 0 0
"131" 131 0.549222797927 445 43 6 2 1 1 1 1 0 0 0 0 0 0 0 0 0 0 0 0
"132" 132 0.48275862069 378 96 20 3 2 1 0 0 0 0 0 0 0 0 0 0 0 0 0 0
"133" 133 0.0 482 13 3 1 1 0 0 0 0 0 0 0 0 0 0 0 0 0 0 0
"134" 134 0.303797468354 210 125 77 49 19 11 8 1 0 0 0 0 0 0 0 0 0 0 0 0
"135" 135 0.584821428571 260 78 75 27 26 22 6 6 0 0 0 0 0 0 0 0 0 0 0 0
"136" 136 0.213389121339 394 85 7 7 3 2 1 1 0 0 0 0 0 0 0 0 0 0 0 0
"137" 137 0.0 432 68 0 0 0 0 0 0 0 0 0 0 0 0 0 0 0 0 0 0
"138" 138 0.492227979275 192 136 85 31 21 18 13 4 0 0 0 0 0 0 0 0 0 0 0 0
"139" 139 0.635658914729 349 56 44 36 12 3 0 0 0 0 0 0 0 0 0 0 0 0 0 0
"140" 140 0.246153846154 249 90 83 23 22 21 7 3 1 1 0 0 0 0 0 0 0 0 0 0
"141" 141 0.789029535865 500 0 0 0 0 0 0 0 0 0 0 0 0 0 0 0 0 0 0 0
"142" 142 0.0321100917431 268 131 81 19 1 0 0 0 0 0 0 0 0 0 0 0 0 0 0 0
"143" 143 0.327044025157 432 49 8 4 2 2 1 1 1 0 0 0 0 0 0 0 0 0 0 0
"144" 144 0.0627615062762 251 185 40 21 2 1 0 0 0 0 0 0 0 0 0 0 0 0 0 0
"145" 145 0.174129353234 417 49 20 8 2 2 2 0 0 0 0 0 0 0 0 0 0 0 0 0
"146" 146 0.116071428571 161 137 134 34 33 1 0 0 0 0 0 0 0 0 0 0 0 0 0 0
"147" 147 0.0 486 9 5 0 0 0 0 0 0 0 0 0 0 0 0 0 0 0 0 0
"148" 148 0.0 500 0 0 0 0 0 0 0 0 0 0 0 0 0 0 0 0 0 0 0
"149" 149 0.015503875969 271 147 81 1 0 0 0 0 0 0 0 0 0 0 0 0 0 0 0 0
"150" 150 0.333333333333 191 119 114 62 13 1 0 0 0 0 0 0 0 0 0 0 0 0 0 0
"151" 151 0.347150259067 474 23 2 1 0 0 0 0 0 0 0 0 0 0 0 0 0 0 0 0
"152" 152 0.41059602649 500 0 0 0 0 0 0 0 0 0 0 0 0 0 0 0 0 0 0 0
"153" 153 0.308139534884 289 127 39 31 14 0 0 0 0 0 0 0 0 0 0 0 0 0 0 0
"154" 154 0.307692307692 493 7 0 0 0 0 0 0 0 0 0 0 0 0 0 0 0 0 0 0
"155" 155 0.0172413793103 490 10 0 0 0 0 0 0 0 0 0 0 0 0 0 0 0 0 0 0
"156" 156 0.397321428571 316 82 38 31 13 10 6 2 1 1 0 0 0 0 0 0 0 0 0 0
"157" 157 0.430051813472 281 162 23 15 10 5 3 1 0 0 0 0 0 0 0 0 0 0 0 0
"158" 158 0.031007751938 437 27 19 14 3 0 0 0 0 0 0 0 0 0 0 0 0 0 0 0
"159" 159 0.0125523012552 494 5 1 0 0 0 0 0 0 0 0 0 0 0 0 0 0 0 0 0
"160" 160 0.26368159204 283 133 27 23 17 6 3 3 2 2 1 0 0 0 0 0 0 0 0 0
"161" 161 0.261627906977 325 113 42 8 6 2 2 2 0 0 0 0 0 0 0 0 0 0 0 0
"162" 162 0.0 418 54 15 9 2 2 0 0 0 0 0 0 0 0 0 0 0 0 0 0
"163" 163 0.0 477 13 9 1 0 0 0 0 0 0 0 0 0 0 0 0 0 0 0 0
"164" 164 0.317518248175 434 41 19 4 1 1 0 0 0 0 0 0 0 0 0 0 0 0 0 0
"165" 165 0.134529147982 332 103 33 18 9 3 1 1 0 0 0 0 0 0 0 0 0 0 0 0
"166" 166 0.0 456 25 10 3 3 2 1 0 0 0 0 0 0 0 0 0 0 0 0 0
"167" 167 0.177215189873 339 59 42 28 23 3 2 1 1 1 1 0 0 0 0 0 0 0 0 0
"168" 168 0.651785714286 305 77 48 29 19 19 1 1 1 0 0 0 0 0 0 0 0 0 0 0
"169" 169 0.490066225166 406 94 0 0 0 0 0 0 0 0 0 0 0 0 0 0 0 0 0 0
"170" 170 0.160550458716 270 107 53 50 16 2 1 1 0 0 0 0 0 0 0 0 0 0 0 0
"171" 171 0.417218543046 277 155 52 12 4 0 0 0 0 0 0 0 0 0 0 0 0 0 0 0
"172" 172 0.547085201794 237 150 81 32 0 0 0 0 0 0 0 0 0 0 0 0 0 0 0 0
"173" 173 0.690582959641 280 119 98 3 0 0 0 0 0 0 0 0 0 0 0 0 0 0 0 0
"174" 174 0.323076923077 168 94 62 41 39 33 32 26 5 0 0 0 0 0 0 0 0 0 0 0
"175" 175 0.0845771144279 182 160 115 39 4 0 0 0 0 0 0 0 0 0 0 0 0 0 0 0
"176" 176 0.364102564103 184 153 75 42 25 19 2 0 0 0 0 0 0 0 0 0 0 0 0 0
"177" 177 0.441964285714 288 108 101 3 0 0 0 0 0 0 0 0 0 0 0 0 0 0 0 0
"178" 178 0.0523255813953 439 42 12 5 1 1 0 0 0 0 0 0 0 0 0 0 0 0 0 0
"179" 179 0.0523255813953 243 161 47 30 16 2 1 0 0 0 0 0 0 0 0 0 0 0 0 0
"180" 180 0.27802690583 468 28 2 2 0 0 0 0 0 0 0 0 0 0 0 0 0 0 0 0
"181" 181 0.654008438819 256 195 20 13 10 6 0 0 0 0 0 0 0 0 0 0 0 0 0 0
"182" 182 0.443037974684 467 27 6 0 0 0 0 0 0 0 0 0 0 0 0 0 0 0 0 0
"183" 183 0.504464285714 208 136 123 14 13 6 0 0 0 0 0 0 0 0 0 0 0 0 0 0
"184" 184 0.694300518135 500 0 0 0 0 0 0 0 0 0 0 0 0 0 0 0 0 0 0 0
"185" 185 0.459915611814 143 113 87 81 71 3 2 0 0 0 0 0 0 0 0 0 0 0 0 0
"186" 186 0.586538461538 500 0 0 0 0 0 0 0 0 0 0 0 0 0 0 0 0 0 0 0
"187" 187 0.692307692308 339 81 71 6 2 1 0 0 0 0 0 0 0 0 0 0 0 0 0 0
"188" 188 0.701149425287 433 67 0 0 0 0 0 0 0 0 0 0 0 0 0 0 0 0 0 0
"189" 189 0.579487179487 431 69 0 0 0 0 0 0 0 0 0 0 0 0 0 0 0 0 0 0
"190" 190 0.786069651741 433 67 0 0 0 0 0 0 0 0 0 0 0 0 0 0 0 0 0 0
"191" 191 0.835443037975 500 0 0 0 0 0 0 0 0 0 0 0 0 0 0 0 0 0 0 0
"192" 192 0.423076923077 500 0 0 0 0 0 0 0 0 0 0 0 0 0 0 0 0 0 0 0
"193" 193 1.05381165919 500 0 0 0 0 0 0 0 0 0 0 0 0 0 0 0 0 0 0 0
