"site" "RSA" "aa1" "aa2" "aa3" "aa4" "aa5" "aa6" "aa7" "aa8" "aa9" "aa10" "aa11" "aa12" "aa13" "aa14" "aa15" "aa16" "aa17" "aa18" "aa19" "aa20"
"0" 0 1.05128205128 262 68 66 36 34 15 6 5 4 2 1 1 0 0 0 0 0 0 0 0
"1" 1 0.651162790698 392 53 19 16 8 7 3 1 1 0 0 0 0 0 0 0 0 0 0 0
"2" 2 0.483443708609 133 114 67 36 33 23 18 16 15 14 11 10 5 2 2 1 0 0 0 0
"3" 3 0.53164556962 116 100 63 51 37 37 29 17 16 12 8 6 3 2 2 1 0 0 0 0
"4" 4 0.209302325581 127 108 78 78 45 17 12 10 6 5 4 4 4 2 0 0 0 0 0 0
"5" 5 0.403041825095 305 141 31 5 5 4 4 2 2 1 0 0 0 0 0 0 0 0 0 0
"6" 6 0.616352201258 104 92 83 74 46 29 21 16 15 12 7 1 0 0 0 0 0 0 0 0
"7" 7 0.37984496124 94 81 81 55 45 44 39 13 10 7 7 6 5 4 4 4 1 0 0 0
"8" 8 0.0077519379845 305 134 22 14 9 5 4 3 3 1 0 0 0 0 0 0 0 0 0 0
"9" 9 0.5 124 100 82 49 34 31 22 18 12 8 8 3 2 2 2 2 1 0 0 0
"10" 10 0.472868217054 96 81 73 51 36 35 26 25 25 15 13 11 7 3 2 1 0 0 0 0
"11" 11 0.0995024875622 313 33 31 27 25 18 16 15 8 4 3 2 2 1 1 1 0 0 0 0
"12" 12 0.670886075949 107 95 88 77 49 21 18 14 12 7 6 4 1 1 0 0 0 0 0 0
"13" 13 0.637130801688 90 88 72 55 55 31 23 16 15 11 8 8 7 7 5 5 4 0 0 0
"14" 14 0.365384615385 500 0 0 0 0 0 0 0 0 0 0 0 0 0 0 0 0 0 0 0
"15" 15 0.230769230769 304 71 45 25 17 11 10 8 3 2 2 1 1 0 0 0 0 0 0 0
"16" 16 0.266159695817 187 174 63 20 12 10 8 7 6 3 2 2 2 2 1 1 0 0 0 0
"17" 17 0.0 135 99 95 88 27 26 16 10 2 1 1 0 0 0 0 0 0 0 0 0
"18" 18 0.183544303797 102 84 59 52 49 42 35 19 16 14 14 7 4 2 1 0 0 0 0 0
"19" 19 0.010152284264 370 44 15 15 15 12 8 7 6 4 2 2 0 0 0 0 0 0 0 0
"20" 20 0.676923076923 358 129 6 4 1 1 1 0 0 0 0 0 0 0 0 0 0 0 0 0
"21" 21 0.701923076923 361 137 2 0 0 0 0 0 0 0 0 0 0 0 0 0 0 0 0 0
"22" 22 0.277372262774 164 110 69 40 26 23 20 16 12 6 5 2 2 2 2 1 0 0 0 0
"23" 23 0.0817610062893 191 144 93 37 13 7 5 4 2 1 1 1 1 0 0 0 0 0 0 0
"24" 24 0.0 262 137 32 22 17 10 6 5 3 2 1 1 1 1 0 0 0 0 0 0
"25" 25 0.379746835443 133 126 78 62 46 10 10 10 8 7 3 2 2 2 1 0 0 0 0 0
"26" 26 0.0114942528736 324 93 23 18 12 9 9 4 3 2 2 1 0 0 0 0 0 0 0 0
"27" 27 0.304568527919 102 68 68 44 43 42 36 29 21 18 16 7 5 1 0 0 0 0 0 0
"28" 28 0.383419689119 168 89 54 50 32 23 16 13 9 9 9 5 5 5 5 3 3 2 0 0
"29" 29 0.318407960199 171 97 45 44 22 20 17 17 13 13 11 11 11 4 3 1 0 0 0 0
"30" 30 0.476821192053 170 91 61 35 33 26 21 14 14 10 7 6 4 3 2 2 1 0 0 0
"31" 31 0.459770114943 109 54 49 46 44 43 31 28 22 20 14 13 13 6 5 3 0 0 0 0
"32" 32 0.350993377483 197 60 47 31 25 22 21 17 16 15 13 12 11 5 3 2 2 1 0 0
"33" 33 0.818565400844 162 153 52 34 28 26 17 8 6 5 3 3 2 1 0 0 0 0 0 0
"34" 34 0.558139534884 147 123 76 63 32 32 8 7 4 3 3 2 0 0 0 0 0 0 0 0
"35" 35 0.5 490 4 2 2 1 1 0 0 0 0 0 0 0 0 0 0 0 0 0 0
"36" 36 0.864978902954 214 110 67 38 20 11 10 8 5 5 5 5 1 1 0 0 0 0 0 0
"37" 37 0.789473684211 179 82 62 57 26 24 18 12 11 9 7 6 3 2 1 1 0 0 0 0
"38" 38 0.548076923077 426 73 1 0 0 0 0 0 0 0 0 0 0 0 0 0 0 0 0 0
"39" 39 0.473684210526 137 62 57 35 31 28 26 25 23 19 14 13 9 9 9 2 1 0 0 0
"40" 40 0.116279069767 119 104 55 37 33 27 27 18 18 11 11 10 10 6 5 4 4 1 0 0
"41" 41 0.413502109705 130 74 61 49 45 44 37 23 17 11 6 2 1 0 0 0 0 0 0 0
"42" 42 0.0229885057471 247 58 53 25 21 21 18 13 9 6 6 5 5 5 4 3 1 0 0 0
"43" 43 0.278145695364 164 65 59 34 33 24 24 24 19 16 16 9 5 4 3 1 0 0 0 0
"44" 44 0.010152284264 290 60 52 48 31 8 4 2 2 1 1 1 0 0 0 0 0 0 0 0
"45" 45 0.0977011494253 129 99 76 40 35 30 29 23 21 5 4 3 2 2 2 0 0 0 0 0
"46" 46 0.0 296 154 30 16 2 2 0 0 0 0 0 0 0 0 0 0 0 0 0 0
"47" 47 0.255813953488 149 95 56 45 44 26 25 18 15 12 7 7 1 0 0 0 0 0 0 0
"48" 48 0.020725388601 282 81 50 17 17 13 10 9 9 4 3 3 2 0 0 0 0 0 0 0
"49" 49 0.137055837563 98 88 72 57 47 37 21 20 13 13 12 6 5 4 3 2 2 0 0 0
"50" 50 0.0460251046025 225 134 40 34 15 12 10 9 6 5 4 4 1 1 0 0 0 0 0 0
"51" 51 0.406976744186 147 99 43 42 36 34 27 24 15 11 11 4 3 3 1 0 0 0 0 0
"52" 52 0.509615384615 473 14 4 3 3 1 1 1 0 0 0 0 0 0 0 0 0 0 0 0
"53" 53 0.507692307692 96 93 83 60 45 34 25 18 16 15 7 3 2 1 1 1 0 0 0 0
"54" 54 0.569343065693 92 76 59 58 54 47 38 21 17 12 8 6 4 3 3 1 1 0 0 0
"55" 55 0.174129353234 174 83 71 42 35 23 18 17 15 8 6 4 2 1 1 0 0 0 0 0
"56" 56 0.535714285714 112 71 63 61 50 37 22 21 19 15 14 6 4 3 2 0 0 0 0 0
"57" 57 0.248704663212 63 59 57 56 53 50 34 34 22 22 15 11 9 6 4 3 1 1 0 0
"58" 58 0.439461883408 127 62 51 49 49 31 30 27 22 17 12 10 5 3 2 1 1 1 0 0
"59" 59 0.0542635658915 207 149 27 21 17 14 13 12 11 9 9 4 3 1 1 1 1 0 0 0
"60" 60 0.433962264151 128 88 78 48 34 30 27 24 15 14 7 4 1 1 1 0 0 0 0 0
"61" 61 0.198675496689 130 85 79 78 33 26 23 14 6 5 4 4 4 3 2 2 1 1 0 0
"62" 62 0.511627906977 92 77 59 54 49 45 34 29 15 13 12 11 9 1 0 0 0 0 0 0
"63" 63 0.44976076555 153 53 43 38 36 26 23 22 22 19 17 16 9 8 7 3 3 2 0 0
"64" 64 0.487179487179 124 86 68 47 36 30 25 17 16 15 7 7 6 5 4 3 3 1 0 0
"65" 65 0.051724137931 117 101 94 57 30 28 25 15 13 5 4 4 3 2 2 0 0 0 0 0
"66" 66 0.339285714286 158 149 64 44 25 18 17 12 3 2 2 2 2 1 1 0 0 0 0 0
"67" 67 0.0977011494253 246 104 68 30 14 13 10 6 5 2 1 1 0 0 0 0 0 0 0 0
"68" 68 0.0566037735849 200 170 72 21 12 7 6 5 2 2 1 1 1 0 0 0 0 0 0 0
"69" 69 0.481171548117 238 102 86 28 15 14 7 4 2 2 1 1 0 0 0 0 0 0 0 0
"70" 70 0.201149425287 204 132 57 38 23 9 8 8 7 6 4 2 1 1 0 0 0 0 0 0
"71" 71 0.586497890295 231 84 70 47 19 14 11 8 8 2 2 2 1 1 0 0 0 0 0 0
"72" 72 0.482558139535 92 58 56 50 43 40 28 26 25 24 21 18 7 5 4 3 0 0 0 0
"73" 73 0.426778242678 265 103 56 16 12 11 11 8 7 3 3 2 1 1 1 0 0 0 0 0
"74" 74 0.337209302326 101 67 58 53 41 37 33 25 19 18 14 14 10 7 2 1 0 0 0 0
"75" 75 0.0798479087452 211 108 78 47 16 15 8 6 5 2 2 1 1 0 0 0 0 0 0 0
"76" 76 0.218543046358 109 50 50 48 47 37 28 25 25 23 20 13 9 6 6 4 0 0 0 0
"77" 77 0.0574712643678 245 113 82 30 10 4 4 3 2 2 1 1 1 1 1 0 0 0 0 0
"78" 78 0.502487562189 102 93 89 67 54 26 21 18 17 8 5 0 0 0 0 0 0 0 0 0
"79" 79 0.336787564767 116 81 67 62 41 21 20 17 16 13 12 10 10 7 4 2 1 0 0 0
"80" 80 0.111675126904 322 56 36 21 18 14 8 6 5 4 3 3 2 2 0 0 0 0 0 0
"81" 81 0.488789237668 118 114 66 56 37 32 31 15 11 6 5 5 3 1 0 0 0 0 0 0
"82" 82 0.572327044025 458 13 10 5 4 4 3 1 1 1 0 0 0 0 0 0 0 0 0 0
"83" 83 0.174358974359 296 138 27 15 11 3 2 2 1 1 1 1 1 1 0 0 0 0 0 0
"84" 84 0.816964285714 234 148 41 27 24 15 5 5 1 0 0 0 0 0 0 0 0 0 0 0
"85" 85 0.367875647668 392 77 11 6 5 4 2 1 1 1 0 0 0 0 0 0 0 0 0 0
"86" 86 0.754716981132 405 47 24 8 5 5 3 1 1 1 0 0 0 0 0 0 0 0 0 0
"87" 87 0.735099337748 245 106 65 30 22 8 6 6 4 4 2 1 1 0 0 0 0 0 0 0
"88" 88 0.437810945274 121 103 84 71 41 20 13 13 12 6 5 3 3 3 2 0 0 0 0 0
"89" 89 0.465408805031 339 52 24 16 15 12 12 10 7 6 3 3 1 0 0 0 0 0 0 0
"90" 90 0.350993377483 82 78 73 70 58 32 21 18 18 14 9 7 7 6 5 2 0 0 0 0
"91" 91 0.354066985646 111 74 72 61 38 36 25 21 16 13 8 7 6 5 3 2 1 1 0 0
"92" 92 0.0597014925373 211 116 44 29 18 17 14 14 13 11 6 2 2 2 1 0 0 0 0 0
"93" 93 0.12582781457 106 87 74 65 47 31 28 19 16 9 6 4 3 3 1 1 0 0 0 0
"94" 94 0.0149253731343 238 93 39 37 23 17 13 9 7 6 4 4 3 2 2 1 1 1 0 0
"95" 95 0.305699481865 210 115 84 30 16 14 6 6 5 3 3 2 2 2 1 1 0 0 0 0
"96" 96 0.818652849741 149 123 75 42 31 21 17 12 10 8 7 5 0 0 0 0 0 0 0 0
"97" 97 0.727678571429 150 71 67 52 39 28 27 24 21 15 3 1 1 1 0 0 0 0 0 0
"98" 98 0.663461538462 490 10 0 0 0 0 0 0 0 0 0 0 0 0 0 0 0 0 0 0
"99" 99 0.584821428571 126 63 57 55 30 30 28 23 21 16 14 11 10 10 3 3 0 0 0 0
"100" 100 0.496688741722 107 87 62 58 29 27 24 17 16 14 10 10 9 8 8 5 4 3 2 0
"101" 101 0.153284671533 81 48 46 45 40 38 38 33 27 24 18 16 15 13 12 4 1 1 0 0
"102" 102 0.459821428571 144 66 58 57 36 28 21 18 18 14 13 7 6 5 4 3 1 1 0 0
"103" 103 0.544041450777 88 86 72 38 36 34 33 31 27 20 16 14 2 2 1 0 0 0 0 0
"104" 104 0.0746268656716 154 63 36 35 34 33 28 21 20 19 13 11 10 9 6 4 3 1 0 0
"105" 105 0.367875647668 115 87 82 71 49 32 16 16 8 8 7 2 2 1 1 1 1 1 0 0
"106" 106 0.169811320755 273 93 56 28 18 9 8 5 4 3 2 1 0 0 0 0 0 0 0 0
"107" 107 0.641509433962 107 107 85 60 43 33 30 16 9 5 3 1 1 0 0 0 0 0 0 0
"108" 108 0.455958549223 225 59 45 35 34 23 14 13 10 10 7 7 4 4 4 3 2 1 0 0
"109" 109 0.581395348837 95 90 90 55 50 42 20 19 13 8 7 4 4 2 1 0 0 0 0 0
"110" 110 0.527131782946 147 89 82 43 35 34 25 14 13 9 4 4 1 0 0 0 0 0 0 0
"111" 111 0.124378109453 190 58 40 37 37 36 27 17 14 12 10 6 5 4 3 2 1 1 0 0
"112" 112 0.325581395349 89 72 68 57 51 32 28 25 18 13 11 10 10 5 4 3 2 2 0 0
"113" 113 0.406976744186 151 89 60 46 36 35 27 16 15 12 7 2 2 1 1 0 0 0 0 0
"114" 114 0.42600896861 132 111 88 49 23 15 14 13 13 12 10 9 3 2 2 2 2 0 0 0
"115" 115 0.0304568527919 188 69 40 36 30 21 21 20 17 16 15 13 5 3 2 2 1 1 0 0
"116" 116 0.451476793249 102 102 89 60 41 31 17 15 11 11 5 5 3 3 2 1 1 1 0 0
"117" 117 0.495535714286 119 117 82 39 39 26 17 16 11 10 8 6 4 3 2 1 0 0 0 0
"118" 118 0.188340807175 149 114 79 45 23 22 17 15 10 10 4 4 2 2 2 1 1 0 0 0
"119" 119 0.234309623431 205 114 113 31 14 6 6 3 2 2 2 1 1 0 0 0 0 0 0 0
"120" 120 0.523316062176 121 106 52 50 41 29 25 25 19 11 9 3 3 2 2 2 0 0 0 0
"121" 121 0.476821192053 101 85 67 56 46 41 21 20 16 15 8 8 7 5 3 1 0 0 0 0
"122" 122 0.644230769231 488 12 0 0 0 0 0 0 0 0 0 0 0 0 0 0 0 0 0 0
"123" 123 0.485232067511 183 81 45 36 35 27 21 19 14 10 9 9 5 3 1 1 1 0 0 0
"124" 124 0.455357142857 153 117 62 29 29 22 20 16 10 9 7 6 6 6 5 1 1 1 0 0
"125" 125 0.00574712643678 321 127 24 14 6 5 1 1 1 0 0 0 0 0 0 0 0 0 0 0
"126" 126 0.169154228856 88 88 73 60 59 49 32 22 10 8 4 2 2 2 1 0 0 0 0 0
"127" 127 0.0 188 146 38 36 35 21 13 9 7 3 1 1 1 1 0 0 0 0 0 0
"128" 128 0.0747126436782 125 97 86 34 33 26 23 19 17 13 10 7 5 2 2 1 0 0 0 0
"129" 129 0.0 143 124 57 44 27 19 15 14 13 12 9 8 8 6 1 0 0 0 0 0
"130" 130 0.0689655172414 125 101 72 36 34 30 25 24 11 8 6 6 6 6 5 5 0 0 0 0
"131" 131 0.225165562914 121 70 61 38 36 29 26 21 18 18 14 12 11 11 6 5 2 1 0 0
"132" 132 0.147286821705 186 136 52 43 25 24 19 4 3 3 2 2 1 0 0 0 0 0 0 0
"133" 133 0.730769230769 115 93 71 53 46 45 32 29 6 3 3 2 1 1 0 0 0 0 0 0
"134" 134 0.343023255814 114 89 70 55 46 33 19 18 17 9 8 7 6 4 3 1 1 0 0 0
"135" 135 0.339285714286 92 90 60 52 51 43 42 25 14 12 6 5 4 2 1 1 0 0 0 0
"136" 136 0.134529147982 237 50 36 34 28 22 21 18 17 9 8 6 5 4 4 1 0 0 0 0
"137" 137 0.0114942528736 127 115 103 55 41 21 15 7 6 4 2 2 1 1 0 0 0 0 0 0
"138" 138 0.28855721393 180 99 56 40 32 29 22 8 8 7 6 5 3 2 2 1 0 0 0 0
"139" 139 0.47533632287 192 89 54 33 33 27 24 11 9 8 6 3 3 2 2 2 1 1 0 0
"140" 140 0.197674418605 92 89 68 60 52 37 30 16 15 12 10 7 4 3 3 2 0 0 0 0
"141" 141 0.379746835443 232 83 44 33 32 26 13 11 10 6 5 2 2 1 0 0 0 0 0 0
"142" 142 0.282051282051 352 46 45 16 9 6 6 6 4 3 3 2 1 1 0 0 0 0 0 0
"143" 143 0.410852713178 133 130 91 66 34 10 10 7 6 5 4 2 1 1 0 0 0 0 0 0
"144" 144 1.23255813953 204 199 88 2 2 2 2 1 0 0 0 0 0 0 0 0 0 0 0 0
