"site" "RSA" "aa1" "aa2" "aa3" "aa4" "aa5" "aa6" "aa7" "aa8" "aa9" "aa10" "aa11" "aa12" "aa13" "aa14" "aa15" "aa16" "aa17" "aa18" "aa19" "aa20"
"0" 0 0.569037656904 160 60 49 46 27 26 25 21 20 16 16 13 10 6 5 0 0 0 0 0
"1" 1 0.343023255814 133 105 53 48 32 30 28 17 10 10 10 8 7 3 2 2 2 0 0 0
"2" 2 0.0 208 89 48 37 23 17 17 15 12 8 6 6 6 4 2 2 0 0 0 0
"3" 3 0.287179487179 156 67 55 40 33 27 24 18 18 13 13 11 10 8 5 2 0 0 0 0
"4" 4 0.526785714286 119 69 67 67 65 41 30 10 8 7 6 5 3 1 1 1 0 0 0 0
"5" 5 0.848101265823 102 89 81 67 61 59 14 9 8 4 3 2 1 0 0 0 0 0 0 0
"6" 6 0.282511210762 146 61 44 39 32 31 31 26 25 25 16 13 6 3 2 0 0 0 0 0
"7" 7 0.18407960199 277 52 43 27 23 18 15 12 10 5 4 4 4 3 2 1 0 0 0 0
"8" 8 0.226744186047 206 83 59 59 21 13 13 13 13 9 6 3 1 1 0 0 0 0 0 0
"9" 9 0.818652849741 144 125 76 63 32 14 14 13 5 5 4 2 2 1 0 0 0 0 0 0
"10" 10 0.357512953368 378 52 15 12 11 9 8 7 6 1 1 0 0 0 0 0 0 0 0 0
"11" 11 0.0 245 136 36 29 17 13 7 4 3 3 2 2 2 1 0 0 0 0 0 0
"12" 12 0.203045685279 166 153 45 34 22 21 10 7 7 6 6 6 6 5 3 2 1 0 0 0
"13" 13 0.424870466321 276 65 65 35 21 14 14 4 2 1 1 1 1 0 0 0 0 0 0 0
"14" 14 0.0149253731343 183 64 62 52 41 24 16 15 15 7 6 5 4 3 2 1 0 0 0 0
"15" 15 0.00836820083682 200 188 71 11 8 6 6 3 3 1 1 1 1 0 0 0 0 0 0 0
"16" 16 0.296511627907 124 87 76 55 43 26 26 20 14 10 9 4 3 1 1 1 0 0 0 0
"17" 17 0.409282700422 128 81 60 47 43 41 31 30 16 9 5 4 2 2 1 0 0 0 0 0
"18" 18 0.00354609929078 97 91 86 65 48 32 18 13 11 10 8 6 5 4 3 2 1 0 0 0
"19" 19 0.0543933054393 92 92 79 54 49 40 22 19 15 13 8 6 4 3 2 1 1 0 0 0
"20" 20 0.317948717949 132 89 67 59 43 28 19 18 15 15 9 4 2 0 0 0 0 0 0 0
"21" 21 0.28125 175 78 67 66 26 18 16 12 9 9 8 4 4 3 2 1 1 1 0 0
"22" 22 0.0 231 136 32 31 25 20 6 6 5 3 2 2 1 0 0 0 0 0 0 0
"23" 23 0.489451476793 117 113 80 56 22 22 22 15 10 10 8 5 5 4 3 3 3 2 0 0
"24" 24 0.678571428571 165 70 45 42 38 33 29 21 20 14 10 5 4 3 1 0 0 0 0 0
"25" 25 0.170984455959 182 89 64 33 28 23 14 10 10 10 9 7 6 6 3 3 2 1 0 0
"26" 26 0.723270440252 255 140 90 8 2 2 1 1 1 0 0 0 0 0 0 0 0 0 0 0
"27" 27 0.419708029197 114 99 54 41 41 35 31 25 18 13 9 6 5 3 3 2 1 0 0 0
"28" 28 0.107142857143 123 68 50 42 35 31 31 28 28 21 14 11 8 6 3 1 0 0 0 0
"29" 29 0.71511627907 152 93 75 62 36 29 18 16 5 4 4 3 2 1 0 0 0 0 0 0
"30" 30 0.432835820896 141 136 125 31 30 27 4 3 2 1 0 0 0 0 0 0 0 0 0 0
"31" 31 0.0566037735849 152 139 46 39 38 27 20 14 11 4 3 3 2 1 1 0 0 0 0 0
"32" 32 0.236607142857 106 104 62 39 38 35 29 21 17 15 14 9 4 4 2 1 0 0 0 0
"33" 33 0.232558139535 272 73 48 38 15 12 9 7 7 5 5 4 3 1 1 0 0 0 0 0
"34" 34 0.0152284263959 106 84 69 63 55 53 29 16 8 6 5 3 2 1 0 0 0 0 0 0
"35" 35 0.255813953488 121 79 73 39 37 31 30 26 20 19 11 5 4 3 2 0 0 0 0 0
"36" 36 0.0 133 92 85 60 36 35 9 9 9 7 7 6 5 4 2 1 0 0 0 0
"37" 37 0.218543046358 133 103 62 37 25 22 20 19 18 17 12 11 7 5 4 4 1 0 0 0
"38" 38 0.0331125827815 198 188 21 21 14 12 10 8 7 7 7 3 2 2 0 0 0 0 0 0
"39" 39 0.193798449612 89 76 64 55 41 38 36 34 29 10 6 6 5 4 4 2 1 0 0 0
"40" 40 0.290178571429 107 90 82 78 24 21 21 17 16 15 11 9 4 3 2 0 0 0 0 0
"41" 41 0.44776119403 104 88 80 50 41 28 22 21 17 14 12 8 8 4 2 1 0 0 0 0
"42" 42 0.698113207547 253 119 114 7 2 2 2 1 0 0 0 0 0 0 0 0 0 0 0 0
"43" 43 0.483443708609 153 126 60 55 55 17 9 8 6 5 3 2 1 0 0 0 0 0 0 0
"44" 44 0.471153846154 476 17 4 1 1 1 0 0 0 0 0 0 0 0 0 0 0 0 0 0
"45" 45 0.565693430657 99 91 79 50 39 39 33 15 11 10 10 10 6 5 2 1 0 0 0 0
"46" 46 0.614942528736 78 78 57 47 47 39 36 25 22 19 16 14 12 8 2 0 0 0 0 0
"47" 47 0.0860927152318 107 85 69 53 43 42 16 16 15 12 9 7 7 6 6 5 1 1 0 0
"48" 48 0.503311258278 101 88 69 50 39 37 33 22 20 14 11 6 4 4 1 1 0 0 0 0
"49" 49 0.186131386861 98 98 95 70 69 34 13 6 5 5 2 2 2 1 0 0 0 0 0 0
"50" 50 0.56345177665 174 61 61 60 46 39 18 10 9 5 5 3 3 2 2 2 0 0 0 0
"51" 51 0.134328358209 293 51 41 21 21 21 11 8 8 7 6 4 3 2 1 1 1 0 0 0
"52" 52 0.477611940299 110 73 64 63 59 42 27 22 16 13 5 4 1 1 0 0 0 0 0 0
"53" 53 0.0418410041841 245 169 41 34 4 3 2 1 1 0 0 0 0 0 0 0 0 0 0 0
"54" 54 0.400843881857 137 77 73 35 34 34 29 22 18 18 10 10 2 1 0 0 0 0 0 0
"55" 55 0.272321428571 153 133 91 43 25 24 10 8 5 3 3 2 0 0 0 0 0 0 0 0
"56" 56 0.233830845771 153 75 64 49 42 34 27 18 11 9 7 6 2 1 1 1 0 0 0 0
"57" 57 0.259067357513 261 101 52 48 36 2 0 0 0 0 0 0 0 0 0 0 0 0 0 0
"58" 58 0.760765550239 217 150 75 33 7 5 5 4 4 0 0 0 0 0 0 0 0 0 0 0
"59" 59 0.244525547445 131 90 54 53 46 30 28 22 9 8 7 6 6 5 4 1 0 0 0 0
"60" 60 0.0288461538462 499 1 0 0 0 0 0 0 0 0 0 0 0 0 0 0 0 0 0 0
"61" 61 0.0 211 108 51 39 37 34 5 5 3 3 1 1 1 1 0 0 0 0 0 0
"62" 62 0.00581395348837 126 81 67 61 48 35 34 10 10 7 7 6 3 3 1 1 0 0 0 0
"63" 63 0.00507614213198 123 72 65 56 55 50 42 10 9 5 5 4 2 2 0 0 0 0 0 0
"64" 64 0.136882129278 93 91 81 65 47 25 25 20 13 9 9 8 4 4 3 3 0 0 0 0
"65" 65 0.0728476821192 310 134 34 14 4 2 1 1 0 0 0 0 0 0 0 0 0 0 0 0
"66" 66 0.0410256410256 321 47 27 21 15 14 14 10 7 5 5 4 4 3 2 1 0 0 0 0
"67" 67 0.0602836879433 213 124 88 49 6 6 4 3 2 2 1 1 1 0 0 0 0 0 0 0
"68" 68 0.346153846154 399 43 19 11 9 6 5 4 3 1 0 0 0 0 0 0 0 0 0 0
"69" 69 0.18023255814 101 69 56 52 41 36 35 27 23 16 15 12 8 8 1 0 0 0 0 0
"70" 70 0.0 361 97 15 13 6 3 2 2 1 0 0 0 0 0 0 0 0 0 0 0
"71" 71 0.328467153285 121 72 57 56 47 42 32 24 11 11 6 6 5 5 2 1 1 1 0 0
"72" 72 0.0295358649789 154 89 58 34 26 23 19 18 17 16 12 11 7 6 5 3 2 0 0 0
"73" 73 0.0387596899225 319 135 35 5 2 1 1 1 1 0 0 0 0 0 0 0 0 0 0 0
"74" 74 0.516746411483 99 87 68 57 54 42 28 14 13 13 11 8 4 1 1 0 0 0 0 0
"75" 75 0.00518134715026 77 73 70 43 35 34 26 23 22 19 16 15 14 10 9 8 4 2 0 0
"76" 76 0.0355329949239 201 48 43 34 29 26 19 19 17 14 14 11 6 6 5 4 4 0 0 0
"77" 77 0.643410852713 121 76 61 45 40 38 26 22 17 16 11 9 7 6 2 2 1 0 0 0
"78" 78 0.313953488372 97 57 55 54 53 36 33 21 20 18 15 12 12 7 5 3 1 1 0 0
"79" 79 0.0666666666667 181 154 37 34 24 23 19 12 4 3 3 2 2 1 1 0 0 0 0 0
"80" 80 0.446540880503 124 90 62 47 39 35 34 23 12 11 9 9 4 1 0 0 0 0 0 0
"81" 81 0.379487179487 135 101 60 49 43 42 21 15 10 10 4 3 2 2 1 1 1 0 0 0
"82" 82 0.077519379845 252 178 48 16 3 1 1 1 0 0 0 0 0 0 0 0 0 0 0 0
"83" 83 0.170542635659 170 135 76 40 25 13 12 8 7 7 3 2 2 0 0 0 0 0 0 0
"84" 84 0.010152284264 136 86 68 55 52 36 23 18 14 4 4 2 1 1 0 0 0 0 0 0
"85" 85 0.212643678161 123 98 61 48 47 43 20 18 12 10 6 6 5 2 1 0 0 0 0 0
"86" 86 0.0 228 214 27 10 10 3 3 2 1 1 1 0 0 0 0 0 0 0 0 0
"87" 87 0.464435146444 138 136 53 52 42 26 15 11 10 8 4 2 1 1 1 0 0 0 0 0
"88" 88 0.00709219858156 204 128 43 41 29 11 11 9 7 6 3 2 2 2 1 1 0 0 0 0
"89" 89 0.611814345992 220 109 44 40 21 20 14 12 9 5 3 2 1 0 0 0 0 0 0 0
"90" 90 0.435233160622 99 67 66 64 40 39 25 18 18 18 15 10 7 6 4 2 1 1 0 0
"91" 91 0.0199004975124 159 66 50 46 37 31 28 21 20 17 12 4 3 3 2 1 0 0 0 0
"92" 92 0.322869955157 248 140 28 23 19 15 12 9 6 0 0 0 0 0 0 0 0 0 0 0
"93" 93 0.036496350365 116 107 64 50 38 34 19 14 12 11 11 9 6 4 3 1 1 0 0 0
"94" 94 0.22869955157 170 117 51 45 37 35 17 11 7 6 2 2 0 0 0 0 0 0 0 0
"95" 95 0.0 219 112 81 18 16 15 14 12 4 2 2 2 1 1 1 0 0 0 0 0
"96" 96 0.302919708029 150 146 86 24 20 16 15 12 10 8 7 3 1 1 1 0 0 0 0 0
"97" 97 0.0 200 91 78 64 30 20 5 4 3 3 1 1 0 0 0 0 0 0 0 0
"98" 98 0.28125 167 164 49 33 18 17 14 13 6 5 4 3 2 2 2 1 0 0 0 0
"99" 99 0.0480769230769 500 0 0 0 0 0 0 0 0 0 0 0 0 0 0 0 0 0 0 0
"100" 100 0.238578680203 176 68 65 39 32 30 24 22 16 13 5 4 4 1 1 0 0 0 0 0
"101" 101 0.0697674418605 138 98 77 76 24 21 14 12 10 10 7 5 3 2 2 1 0 0 0 0
"102" 102 0.25 90 74 70 63 42 34 31 25 25 24 14 2 2 2 2 0 0 0 0 0
"103" 103 0.564593301435 95 88 87 56 46 36 31 15 11 9 8 6 5 3 2 1 1 0 0 0
"104" 104 0.0574712643678 77 61 57 51 45 44 36 26 26 25 18 10 9 5 5 2 2 1 0 0
"105" 105 0.4 134 85 70 68 55 39 14 10 10 6 5 3 1 0 0 0 0 0 0 0
"106" 106 0.332116788321 83 72 71 54 43 34 26 25 25 20 13 11 9 9 3 2 0 0 0 0
"107" 107 0.459821428571 166 102 93 59 33 22 9 5 4 4 1 1 1 0 0 0 0 0 0 0
"108" 108 0.133720930233 175 129 57 39 26 16 15 10 8 8 6 5 4 2 0 0 0 0 0 0
"109" 109 0.00662251655629 200 172 72 18 12 7 5 4 3 2 2 1 1 1 0 0 0 0 0 0
"110" 110 0.34375 229 46 44 35 31 27 19 16 13 12 9 6 5 3 2 1 1 1 0 0
"111" 111 0.467153284672 185 139 73 22 19 12 12 12 8 7 5 3 2 1 0 0 0 0 0 0
"112" 112 0.266159695817 131 65 61 53 50 32 27 24 22 10 8 7 3 3 2 1 1 0 0 0
"113" 113 0.00418410041841 218 67 61 30 23 21 20 18 10 7 6 6 6 3 2 1 1 0 0 0
"114" 114 0.556962025316 122 76 54 48 38 34 31 28 18 15 9 8 7 6 2 2 2 0 0 0
"115" 115 0.622093023256 174 61 61 60 42 22 21 19 10 10 8 5 2 2 2 1 0 0 0 0
"116" 116 0.35401459854 137 85 69 43 29 27 25 21 17 13 11 10 6 3 2 1 1 0 0 0
"117" 117 0.534591194969 223 101 68 35 23 16 16 15 1 1 1 0 0 0 0 0 0 0 0 0
"118" 118 0.704379562044 182 81 74 39 35 27 16 14 13 7 3 3 2 2 2 0 0 0 0 0
"119" 119 0.605769230769 197 148 30 29 21 21 21 18 9 4 2 0 0 0 0 0 0 0 0 0
"120" 120 0.251655629139 115 84 80 62 43 25 24 21 16 12 7 6 2 2 1 0 0 0 0 0
"121" 121 0.0928270042194 191 108 67 32 31 27 19 15 5 4 1 0 0 0 0 0 0 0 0 0
"122" 122 0.10152284264 138 123 68 65 40 20 16 8 8 4 4 3 2 1 0 0 0 0 0 0
"123" 123 0.278846153846 129 107 73 53 39 30 16 15 12 10 7 5 2 2 0 0 0 0 0 0
"124" 124 0.093023255814 96 95 46 35 28 28 26 26 25 25 21 13 10 8 7 6 3 2 0 0
"125" 125 0.315602836879 252 61 46 26 22 19 19 15 10 8 5 4 4 3 3 2 1 0 0 0
"126" 126 0.031007751938 379 30 21 14 10 8 7 7 7 4 4 3 2 2 1 1 0 0 0 0
"127" 127 0.384105960265 124 58 49 48 45 42 35 28 25 15 8 7 5 4 3 3 1 0 0 0
"128" 128 0.627737226277 121 73 73 57 48 26 26 21 15 13 11 9 5 1 1 0 0 0 0 0
"129" 129 0.322869955157 67 63 56 54 53 39 33 27 22 21 20 15 8 7 6 3 3 2 1 0
"130" 130 0.529801324503 388 50 35 6 5 4 4 3 2 2 1 0 0 0 0 0 0 0 0 0
"131" 131 0.388601036269 99 77 57 46 45 31 25 24 21 20 15 14 8 8 5 3 1 1 0 0
"132" 132 0.810344827586 94 88 76 70 52 32 27 26 24 6 2 2 1 0 0 0 0 0 0 0
"133" 133 0.375634517766 138 86 63 46 34 30 27 18 15 13 8 6 4 4 3 2 2 1 0 0
"134" 134 0.759493670886 195 70 51 45 26 25 21 17 14 12 7 5 4 4 2 1 1 0 0 0
"135" 135 0.369230769231 94 93 92 74 52 36 22 9 9 8 6 4 1 0 0 0 0 0 0 0
"136" 136 0.569343065693 143 89 62 60 35 33 27 17 11 9 8 4 2 0 0 0 0 0 0 0
"137" 137 0.517857142857 220 75 65 31 23 21 21 17 14 4 4 4 1 0 0 0 0 0 0 0
"138" 138 0.214285714286 159 60 52 50 47 33 19 19 18 12 9 7 6 4 3 2 0 0 0 0
"139" 139 0.194029850746 113 101 83 60 36 23 18 17 14 9 7 4 3 3 3 2 2 2 0 0
"140" 140 0.357512953368 128 113 84 37 31 27 23 14 13 12 7 4 4 2 1 0 0 0 0 0
"141" 141 0.455357142857 174 88 56 51 37 26 12 10 9 9 8 7 7 2 2 1 1 0 0 0
"142" 142 0.213930348259 105 101 86 85 28 23 20 16 11 6 5 4 4 3 2 1 0 0 0 0
"143" 143 0.313953488372 182 84 72 49 33 19 16 14 8 7 5 3 3 3 1 1 0 0 0 0
"144" 144 0.641255605381 131 93 64 48 36 28 26 21 12 12 11 10 5 2 1 0 0 0 0 0
"145" 145 0.46835443038 120 100 55 43 39 39 28 23 12 11 9 7 7 4 3 0 0 0 0 0
"146" 146 0.184615384615 113 68 64 40 40 38 34 26 21 12 11 9 6 5 5 4 3 1 0 0
"147" 147 0.418604651163 129 113 65 36 31 30 23 20 17 8 6 5 5 5 4 2 1 0 0 0
"148" 148 0.3125 119 86 83 80 31 24 23 21 9 7 6 4 3 3 1 0 0 0 0 0
"149" 149 0.29197080292 175 65 52 48 35 34 28 24 10 10 7 4 2 2 2 1 1 0 0 0
"150" 150 0.117154811715 206 166 41 27 21 7 6 6 6 4 3 2 2 1 1 1 0 0 0 0
"151" 151 0.320675105485 221 66 43 37 34 29 22 16 9 8 8 3 2 1 1 0 0 0 0 0
"152" 152 0.528497409326 299 83 74 27 10 4 1 1 1 0 0 0 0 0 0 0 0 0 0 0
"153" 153 0.418604651163 142 70 58 38 36 34 26 22 15 13 12 8 6 6 5 4 3 2 0 0
"154" 154 0.424107142857 169 115 53 52 29 21 19 19 9 6 5 2 1 0 0 0 0 0 0 0
"155" 155 0.39896373057 98 95 74 54 41 29 27 23 21 14 11 4 3 2 2 1 1 0 0 0
"156" 156 0.0761421319797 242 54 54 49 47 18 10 6 6 3 3 3 2 1 1 1 0 0 0 0
"157" 157 0.503144654088 320 53 52 42 6 5 5 4 4 3 3 2 1 0 0 0 0 0 0 0
"158" 158 0.126582278481 113 92 88 53 48 34 16 11 10 9 6 6 4 3 3 2 1 1 0 0
"159" 159 0.0 133 88 79 62 41 30 17 15 14 8 6 3 2 2 0 0 0 0 0 0
"160" 160 0.746113989637 142 78 71 69 45 40 20 10 7 7 4 2 2 2 1 0 0 0 0 0
"161" 161 0.212927756654 116 79 78 43 36 28 25 21 16 15 14 13 7 5 3 1 0 0 0 0
"162" 162 0.0744680851064 240 89 41 27 24 18 17 10 9 7 6 5 3 1 1 1 1 0 0 0
"163" 163 0.0288461538462 498 1 1 0 0 0 0 0 0 0 0 0 0 0 0 0 0 0 0 0
"164" 164 0.0192307692308 246 108 48 39 17 12 10 7 6 4 2 1 0 0 0 0 0 0 0 0
"165" 165 0.0 150 76 73 54 37 23 17 12 11 10 10 9 8 6 4 0 0 0 0 0
"166" 166 0.0583941605839 135 109 95 40 35 23 22 17 9 5 3 3 3 1 0 0 0 0 0 0
"167" 167 0.0 281 103 30 28 27 10 8 7 4 2 0 0 0 0 0 0 0 0 0 0
"168" 168 0.0 292 42 37 37 31 17 15 9 8 4 3 2 1 1 1 0 0 0 0 0
"169" 169 0.0251572327044 182 109 90 30 28 26 18 8 3 1 1 1 1 1 1 0 0 0 0 0
"170" 170 0.208955223881 174 144 80 50 23 8 7 7 6 1 0 0 0 0 0 0 0 0 0 0
"171" 171 0.254464285714 171 130 58 54 18 18 9 9 8 7 6 5 4 2 1 0 0 0 0 0
"172" 172 0.0 151 97 63 50 34 28 27 25 6 5 5 4 2 2 1 0 0 0 0 0
"173" 173 0.0223214285714 141 138 85 52 25 20 15 10 9 2 1 1 1 0 0 0 0 0 0 0
"174" 174 0.0 252 161 21 15 15 11 8 5 3 3 2 2 1 1 0 0 0 0 0 0
"175" 175 0.124113475177 278 66 37 32 26 12 11 11 11 6 5 2 1 1 1 0 0 0 0 0
"176" 176 0.00448430493274 128 89 76 56 47 37 25 24 9 6 3 0 0 0 0 0 0 0 0 0
"177" 177 0.0480769230769 107 91 66 61 43 42 37 17 11 8 7 4 2 1 1 1 1 0 0 0
"178" 178 0.288321167883 162 86 62 39 30 20 19 19 18 13 10 9 6 3 2 1 1 0 0 0
"179" 179 0.761006289308 308 116 33 30 7 4 2 0 0 0 0 0 0 0 0 0 0 0 0 0
"180" 180 0.430463576159 171 95 66 57 45 23 16 16 4 2 2 1 1 1 0 0 0 0 0 0
"181" 181 0.748175182482 391 105 2 1 1 0 0 0 0 0 0 0 0 0 0 0 0 0 0 0
"182" 182 0.592039800995 162 128 83 38 35 27 10 7 4 4 2 0 0 0 0 0 0 0 0 0
"183" 183 0.200956937799 222 200 43 9 7 6 5 2 2 2 2 0 0 0 0 0 0 0 0 0
"184" 184 0.0518134715026 194 84 35 32 32 31 20 20 11 9 9 5 5 4 4 4 1 0 0 0
"185" 185 0.178832116788 227 169 32 28 13 10 6 4 3 3 2 1 1 1 0 0 0 0 0 0
"186" 186 0.0209205020921 180 166 70 18 16 10 9 8 5 5 4 3 2 2 1 1 0 0 0 0
"187" 187 0.0 194 78 67 45 28 24 17 16 14 7 4 2 2 1 1 0 0 0 0 0
"188" 188 0.0 191 107 56 50 32 27 12 9 4 3 2 2 2 1 1 1 0 0 0 0
"189" 189 0.372262773723 136 114 61 50 45 35 18 9 7 7 4 4 4 4 2 0 0 0 0 0
"190" 190 0.142335766423 270 59 57 44 36 22 3 3 2 1 1 1 1 0 0 0 0 0 0 0
"191" 191 0.721518987342 111 104 102 75 27 17 16 15 14 10 4 3 2 0 0 0 0 0 0 0
"192" 192 0.366279069767 102 88 80 74 43 39 21 13 11 9 6 6 3 2 2 1 0 0 0 0
"193" 193 0.290178571429 153 144 68 31 28 16 13 13 7 6 6 5 5 2 2 1 0 0 0 0
"194" 194 0.671794871795 251 56 51 50 39 21 12 5 5 4 2 2 1 1 0 0 0 0 0 0
"195" 195 0.295336787565 144 67 51 40 37 32 25 23 19 12 12 12 9 8 6 3 0 0 0 0
"196" 196 0.610062893082 439 16 10 8 8 8 4 2 2 1 1 1 0 0 0 0 0 0 0 0
"197" 197 0.173758865248 264 129 26 14 9 9 8 8 8 8 7 4 3 1 1 1 0 0 0 0
"198" 198 0.527426160338 104 96 60 49 47 40 23 19 16 12 11 10 7 3 2 1 0 0 0 0
"199" 199 0.367816091954 114 92 69 46 43 32 30 17 13 11 10 6 4 3 3 3 2 2 0 0
"200" 200 0.379310344828 130 78 77 46 40 34 32 19 11 10 7 5 4 3 2 2 0 0 0 0
"201" 201 0.379562043796 155 124 63 35 34 18 13 11 11 8 8 7 5 4 2 1 1 0 0 0
"202" 202 0.199004975124 168 80 58 49 44 39 12 11 9 9 7 5 4 2 1 1 1 0 0 0
"203" 203 0.581395348837 248 110 74 51 5 4 3 2 2 1 0 0 0 0 0 0 0 0 0 0
"204" 204 0.610062893082 262 59 46 41 25 20 17 9 6 5 5 4 1 0 0 0 0 0 0 0
