"site" "RSA" "aa1" "aa2" "aa3" "aa4" "aa5" "aa6" "aa7" "aa8" "aa9" "aa10" "aa11" "aa12" "aa13" "aa14" "aa15" "aa16" "aa17" "aa18" "aa19" "aa20"
"0" 0 0.283582089552 234 148 85 15 6 5 2 2 1 1 1 0 0 0 0 0 0 0 0 0
"1" 1 0.171532846715 192 107 84 47 32 22 10 3 3 0 0 0 0 0 0 0 0 0 0 0
"2" 2 0.0 403 58 30 3 3 2 1 0 0 0 0 0 0 0 0 0 0 0 0 0
"3" 3 0.0 497 3 0 0 0 0 0 0 0 0 0 0 0 0 0 0 0 0 0 0
"4" 4 0.0 392 107 1 0 0 0 0 0 0 0 0 0 0 0 0 0 0 0 0 0
"5" 5 0.100775193798 277 186 18 6 3 3 2 2 1 1 1 0 0 0 0 0 0 0 0 0
"6" 6 0.0287356321839 236 158 83 15 6 1 1 0 0 0 0 0 0 0 0 0 0 0 0 0
"7" 7 0.282700421941 126 118 103 28 23 19 18 15 13 12 8 8 8 1 0 0 0 0 0 0
"8" 8 0.244525547445 319 133 43 3 1 1 0 0 0 0 0 0 0 0 0 0 0 0 0 0
"9" 9 0.00574712643678 247 161 82 8 1 1 0 0 0 0 0 0 0 0 0 0 0 0 0 0
"10" 10 0.106598984772 286 123 41 26 11 7 3 2 1 0 0 0 0 0 0 0 0 0 0 0
"11" 11 0.124352331606 171 157 93 30 23 7 6 6 3 2 1 1 0 0 0 0 0 0 0 0
"12" 12 0.661596958175 158 119 119 68 20 11 4 1 0 0 0 0 0 0 0 0 0 0 0 0
"13" 13 0.573643410853 239 130 52 45 10 8 7 4 2 2 1 0 0 0 0 0 0 0 0 0
"14" 14 0.270114942529 185 94 79 76 34 18 8 4 1 1 0 0 0 0 0 0 0 0 0 0
"15" 15 0.814345991561 460 28 10 2 0 0 0 0 0 0 0 0 0 0 0 0 0 0 0 0
"16" 16 0.456852791878 260 136 41 13 12 12 8 5 3 2 2 2 2 1 1 0 0 0 0 0
"17" 17 0.580291970803 238 90 85 62 14 4 3 2 1 1 0 0 0 0 0 0 0 0 0 0
"18" 18 0.132183908046 273 180 40 5 1 1 0 0 0 0 0 0 0 0 0 0 0 0 0 0
"19" 19 0.286919831224 300 194 4 2 0 0 0 0 0 0 0 0 0 0 0 0 0 0 0 0
"20" 20 0.817610062893 134 92 89 88 72 17 8 0 0 0 0 0 0 0 0 0 0 0 0 0
"21" 21 0.502590673575 222 156 84 21 16 1 0 0 0 0 0 0 0 0 0 0 0 0 0 0
"22" 22 0.43795620438 177 152 127 35 8 1 0 0 0 0 0 0 0 0 0 0 0 0 0 0
"23" 23 0.424418604651 208 144 62 54 15 11 6 0 0 0 0 0 0 0 0 0 0 0 0 0
"24" 24 0.0480769230769 500 0 0 0 0 0 0 0 0 0 0 0 0 0 0 0 0 0 0 0
"25" 25 0.264367816092 257 94 44 43 20 18 11 8 3 1 1 0 0 0 0 0 0 0 0 0
"26" 26 0.16091954023 205 146 71 48 20 4 4 1 1 0 0 0 0 0 0 0 0 0 0 0
"27" 27 0.325581395349 305 111 47 12 8 6 4 3 3 1 0 0 0 0 0 0 0 0 0 0
"28" 28 0.730569948187 203 197 80 15 2 2 1 0 0 0 0 0 0 0 0 0 0 0 0 0
"29" 29 0.884615384615 465 35 0 0 0 0 0 0 0 0 0 0 0 0 0 0 0 0 0 0
"30" 30 0.166666666667 380 34 33 25 16 5 5 2 0 0 0 0 0 0 0 0 0 0 0 0
"31" 31 0.535864978903 263 135 43 22 12 9 4 4 2 2 2 2 0 0 0 0 0 0 0 0
"32" 32 0.191387559809 374 75 27 15 5 3 1 0 0 0 0 0 0 0 0 0 0 0 0 0
"33" 33 0.192052980132 229 154 109 6 1 1 0 0 0 0 0 0 0 0 0 0 0 0 0 0
"34" 34 0.0366972477064 210 157 86 24 17 3 2 1 0 0 0 0 0 0 0 0 0 0 0 0
"35" 35 0.00512820512821 397 87 15 1 0 0 0 0 0 0 0 0 0 0 0 0 0 0 0 0
"36" 36 0.182389937107 162 161 115 28 13 11 6 3 1 0 0 0 0 0 0 0 0 0 0 0
"37" 37 0.092050209205 228 92 63 50 25 21 17 3 1 0 0 0 0 0 0 0 0 0 0 0
"38" 38 0.0443037974684 464 16 11 9 0 0 0 0 0 0 0 0 0 0 0 0 0 0 0 0
"39" 39 0.303571428571 229 124 70 22 19 14 11 10 1 0 0 0 0 0 0 0 0 0 0 0
"40" 40 0.0304568527919 210 189 89 8 2 1 1 0 0 0 0 0 0 0 0 0 0 0 0 0
"41" 41 0.0 497 2 1 0 0 0 0 0 0 0 0 0 0 0 0 0 0 0 0 0
"42" 42 0.00574712643678 285 199 13 1 1 1 0 0 0 0 0 0 0 0 0 0 0 0 0 0
"43" 43 0.0178571428571 328 65 64 25 14 3 1 0 0 0 0 0 0 0 0 0 0 0 0 0
"44" 44 0.0267857142857 127 104 86 51 50 17 16 15 11 8 5 3 2 2 2 1 0 0 0 0
"45" 45 0.0 393 107 0 0 0 0 0 0 0 0 0 0 0 0 0 0 0 0 0 0
"46" 46 0.0172413793103 323 97 36 18 10 5 4 3 2 1 1 0 0 0 0 0 0 0 0 0
"47" 47 0.306569343066 241 122 37 28 25 17 12 9 4 3 1 1 0 0 0 0 0 0 0 0
"48" 48 0.00995024875622 287 78 47 35 29 13 4 3 2 2 0 0 0 0 0 0 0 0 0 0
"49" 49 0.206751054852 351 141 5 2 1 0 0 0 0 0 0 0 0 0 0 0 0 0 0 0
"50" 50 0.522321428571 167 151 99 54 15 4 4 3 2 1 0 0 0 0 0 0 0 0 0 0
"51" 51 0.493670886076 151 107 100 43 24 23 19 18 13 1 1 0 0 0 0 0 0 0 0 0
"52" 52 0.810126582278 459 41 0 0 0 0 0 0 0 0 0 0 0 0 0 0 0 0 0 0
"53" 53 0.358208955224 298 159 20 16 5 2 0 0 0 0 0 0 0 0 0 0 0 0 0 0
"54" 54 0.0402298850575 408 57 34 1 0 0 0 0 0 0 0 0 0 0 0 0 0 0 0 0
"55" 55 0.721518987342 170 167 80 78 4 1 0 0 0 0 0 0 0 0 0 0 0 0 0 0
"56" 56 0.205357142857 358 94 37 4 3 3 1 0 0 0 0 0 0 0 0 0 0 0 0 0
"57" 57 0.0 490 10 0 0 0 0 0 0 0 0 0 0 0 0 0 0 0 0 0 0
"58" 58 0.0 325 51 32 31 29 15 12 4 1 0 0 0 0 0 0 0 0 0 0 0
"59" 59 0.0077519379845 420 77 2 1 0 0 0 0 0 0 0 0 0 0 0 0 0 0 0 0
"60" 60 0.0114942528736 426 59 6 5 3 1 0 0 0 0 0 0 0 0 0 0 0 0 0 0
"61" 61 0.0198675496689 443 53 3 1 0 0 0 0 0 0 0 0 0 0 0 0 0 0 0 0
"62" 62 0.126582278481 341 93 35 27 3 1 0 0 0 0 0 0 0 0 0 0 0 0 0 0
"63" 63 0.0288461538462 500 0 0 0 0 0 0 0 0 0 0 0 0 0 0 0 0 0 0 0
"64" 64 0.138364779874 333 89 39 21 13 4 1 0 0 0 0 0 0 0 0 0 0 0 0 0
"65" 65 0.348837209302 142 106 106 57 43 14 10 10 5 4 3 0 0 0 0 0 0 0 0 0
"66" 66 0.412556053812 191 154 44 43 39 28 1 0 0 0 0 0 0 0 0 0 0 0 0 0
"67" 67 0.0253164556962 423 55 12 3 3 2 1 1 0 0 0 0 0 0 0 0 0 0 0 0
"68" 68 0.210762331839 153 102 97 56 33 29 13 11 4 1 1 0 0 0 0 0 0 0 0 0
"69" 69 0.53125 297 121 50 12 8 4 4 3 1 0 0 0 0 0 0 0 0 0 0 0
"70" 70 0.0406976744186 187 173 140 0 0 0 0 0 0 0 0 0 0 0 0 0 0 0 0 0
"71" 71 0.0 360 136 2 1 1 0 0 0 0 0 0 0 0 0 0 0 0 0 0 0
"72" 72 0.171532846715 241 103 66 63 16 6 2 2 1 0 0 0 0 0 0 0 0 0 0 0
"73" 73 0.372093023256 147 81 63 62 45 35 31 16 6 5 4 4 1 0 0 0 0 0 0 0
"74" 74 0.0 296 154 47 2 1 0 0 0 0 0 0 0 0 0 0 0 0 0 0 0
"75" 75 0.0 495 2 1 1 1 0 0 0 0 0 0 0 0 0 0 0 0 0 0 0
"76" 76 0.062015503876 495 3 2 0 0 0 0 0 0 0 0 0 0 0 0 0 0 0 0 0
"77" 77 0.0550458715596 334 98 18 15 11 10 8 3 1 1 1 0 0 0 0 0 0 0 0 0
"78" 78 0.144230769231 500 0 0 0 0 0 0 0 0 0 0 0 0 0 0 0 0 0 0 0
"79" 79 0.0077519379845 439 61 0 0 0 0 0 0 0 0 0 0 0 0 0 0 0 0 0 0
"80" 80 0.295336787565 357 76 31 16 14 5 1 0 0 0 0 0 0 0 0 0 0 0 0 0
"81" 81 0.211678832117 204 69 67 52 45 21 17 17 5 3 0 0 0 0 0 0 0 0 0 0
"82" 82 0.00961538461538 364 132 4 0 0 0 0 0 0 0 0 0 0 0 0 0 0 0 0 0
"83" 83 0.00507614213198 274 119 24 22 17 17 16 5 3 2 1 0 0 0 0 0 0 0 0 0
"84" 84 0.0 262 232 3 1 1 1 0 0 0 0 0 0 0 0 0 0 0 0 0 0
"85" 85 0.0 328 154 10 6 1 1 0 0 0 0 0 0 0 0 0 0 0 0 0 0
"86" 86 0.308035714286 317 99 35 28 12 4 3 2 0 0 0 0 0 0 0 0 0 0 0 0
"87" 87 0.0114942528736 327 143 20 9 1 0 0 0 0 0 0 0 0 0 0 0 0 0 0 0
"88" 88 0.389937106918 460 29 6 5 0 0 0 0 0 0 0 0 0 0 0 0 0 0 0 0
"89" 89 0.572327044025 246 226 21 3 1 1 1 1 0 0 0 0 0 0 0 0 0 0 0 0
"90" 90 0.511627906977 370 111 10 4 2 1 1 1 0 0 0 0 0 0 0 0 0 0 0 0
"91" 91 0.433035714286 240 158 64 23 5 5 3 1 1 0 0 0 0 0 0 0 0 0 0 0
"92" 92 0.162790697674 180 140 75 68 28 4 3 2 0 0 0 0 0 0 0 0 0 0 0 0
"93" 93 0.584821428571 255 127 54 26 18 9 5 2 2 1 1 0 0 0 0 0 0 0 0 0
"94" 94 0.576642335766 274 109 46 41 14 6 5 2 2 1 0 0 0 0 0 0 0 0 0 0
"95" 95 0.189054726368 455 17 7 6 5 3 2 1 1 1 1 1 0 0 0 0 0 0 0 0
"96" 96 0.163461538462 430 46 11 6 3 2 1 1 0 0 0 0 0 0 0 0 0 0 0 0
"97" 97 0.0754716981132 230 226 18 12 7 6 1 0 0 0 0 0 0 0 0 0 0 0 0 0
"98" 98 0.338308457711 330 89 38 14 7 7 4 4 4 3 0 0 0 0 0 0 0 0 0 0
"99" 99 0.0313901345291 320 137 16 11 9 2 2 2 1 0 0 0 0 0 0 0 0 0 0 0
"100" 100 0.172413793103 208 163 67 22 13 8 8 5 2 2 1 1 0 0 0 0 0 0 0 0
"101" 101 0.0 499 1 0 0 0 0 0 0 0 0 0 0 0 0 0 0 0 0 0 0
"102" 102 0.36496350365 427 45 15 12 1 0 0 0 0 0 0 0 0 0 0 0 0 0 0 0
"103" 103 0.0229885057471 474 8 7 7 3 1 0 0 0 0 0 0 0 0 0 0 0 0 0 0
"104" 104 0.00995024875622 400 40 16 13 10 9 4 3 2 1 1 1 0 0 0 0 0 0 0 0
"105" 105 0.031007751938 489 6 3 2 0 0 0 0 0 0 0 0 0 0 0 0 0 0 0 0
"106" 106 0.215189873418 273 84 54 38 35 12 2 1 1 0 0 0 0 0 0 0 0 0 0 0
"107" 107 0.0 421 28 25 13 5 4 3 1 0 0 0 0 0 0 0 0 0 0 0 0
"108" 108 0.0077519379845 406 37 36 14 3 3 1 0 0 0 0 0 0 0 0 0 0 0 0 0
"109" 109 0.59375 381 83 10 9 6 4 4 1 1 1 0 0 0 0 0 0 0 0 0 0
"110" 110 0.438818565401 138 116 101 87 15 8 8 7 6 5 4 4 1 0 0 0 0 0 0 0
"111" 111 0.0848214285714 319 71 44 17 15 14 11 2 2 2 1 1 1 0 0 0 0 0 0 0
"112" 112 0.645569620253 499 1 0 0 0 0 0 0 0 0 0 0 0 0 0 0 0 0 0 0
"113" 113 0.0344827586207 395 67 10 8 7 7 5 1 0 0 0 0 0 0 0 0 0 0 0 0
"114" 114 0.305699481865 312 74 35 25 21 13 7 6 4 2 1 0 0 0 0 0 0 0 0 0
"115" 115 0.00497512437811 360 64 31 20 13 5 3 1 1 1 1 0 0 0 0 0 0 0 0 0
"116" 116 0.0 378 52 30 25 8 4 3 0 0 0 0 0 0 0 0 0 0 0 0 0
"117" 117 0.00497512437811 365 87 18 13 6 3 3 2 2 1 0 0 0 0 0 0 0 0 0 0
"118" 118 0.0348258706468 300 70 59 36 30 2 1 1 1 0 0 0 0 0 0 0 0 0 0 0
"119" 119 0.125 500 0 0 0 0 0 0 0 0 0 0 0 0 0 0 0 0 0 0 0
"120" 120 0.206751054852 224 99 67 38 33 29 6 2 1 1 0 0 0 0 0 0 0 0 0 0
"121" 121 0.219730941704 352 75 43 24 2 2 1 1 0 0 0 0 0 0 0 0 0 0 0 0
"122" 122 0.100775193798 212 79 67 62 21 18 15 11 4 4 3 2 1 1 0 0 0 0 0 0
"123" 123 0.243654822335 263 148 32 22 12 9 4 3 2 2 2 1 0 0 0 0 0 0 0 0
"124" 124 0.39896373057 234 64 58 43 38 21 16 11 6 4 3 2 0 0 0 0 0 0 0 0
"125" 125 0.316062176166 118 118 89 45 34 32 26 20 7 5 3 2 1 0 0 0 0 0 0 0
"126" 126 0.497409326425 132 120 81 44 44 27 26 21 5 0 0 0 0 0 0 0 0 0 0 0
"127" 127 0.272151898734 164 88 81 58 46 30 18 9 2 2 1 1 0 0 0 0 0 0 0 0
"128" 128 0.194871794872 238 155 79 12 8 6 1 1 0 0 0 0 0 0 0 0 0 0 0 0
"129" 129 0.390134529148 450 30 12 7 1 0 0 0 0 0 0 0 0 0 0 0 0 0 0 0
"130" 130 0.197674418605 281 96 42 33 26 8 5 4 4 1 0 0 0 0 0 0 0 0 0 0
"131" 131 0.0288461538462 292 158 28 22 0 0 0 0 0 0 0 0 0 0 0 0 0 0 0 0
"132" 132 0.215246636771 341 45 43 23 18 8 6 5 4 3 2 1 1 0 0 0 0 0 0 0
"133" 133 0.275229357798 425 45 12 5 5 2 1 1 1 1 1 1 0 0 0 0 0 0 0 0
"134" 134 0.0 338 67 45 30 19 1 0 0 0 0 0 0 0 0 0 0 0 0 0 0
"135" 135 0.0 480 20 0 0 0 0 0 0 0 0 0 0 0 0 0 0 0 0 0 0
"136" 136 0.423076923077 327 54 42 32 25 10 3 2 2 2 1 0 0 0 0 0 0 0 0 0
"137" 137 0.330543933054 478 14 8 0 0 0 0 0 0 0 0 0 0 0 0 0 0 0 0 0
"138" 138 0.109452736318 473 8 7 6 4 1 1 0 0 0 0 0 0 0 0 0 0 0 0 0
"139" 139 0.772020725389 446 48 5 1 0 0 0 0 0 0 0 0 0 0 0 0 0 0 0 0
"140" 140 0.170212765957 421 54 11 9 2 2 1 0 0 0 0 0 0 0 0 0 0 0 0 0
"141" 141 0.301886792453 287 66 53 27 25 18 16 5 2 1 0 0 0 0 0 0 0 0 0 0
"142" 142 0.367713004484 151 109 89 34 32 21 17 16 9 9 7 2 2 1 1 0 0 0 0 0
"143" 143 0.0 299 158 33 4 4 2 0 0 0 0 0 0 0 0 0 0 0 0 0 0
"144" 144 0.0348837209302 163 131 115 21 18 15 14 11 6 3 3 0 0 0 0 0 0 0 0 0
"145" 145 0.192468619247 227 146 101 19 5 1 1 0 0 0 0 0 0 0 0 0 0 0 0 0
"146" 146 0.0 201 142 104 28 23 2 0 0 0 0 0 0 0 0 0 0 0 0 0 0
"147" 147 0.0860927152318 207 155 110 12 10 2 2 1 1 0 0 0 0 0 0 0 0 0 0 0
"148" 148 0.367713004484 167 80 77 70 30 25 22 19 4 4 2 0 0 0 0 0 0 0 0 0
"149" 149 0.0229885057471 211 75 52 46 41 31 11 10 9 4 3 3 3 1 0 0 0 0 0 0
"150" 150 0.226744186047 215 138 54 30 17 13 10 9 6 3 2 1 1 1 0 0 0 0 0 0
"151" 151 0.114427860697 206 179 64 35 9 3 2 1 1 0 0 0 0 0 0 0 0 0 0 0
"152" 152 0.433035714286 257 125 38 34 21 16 5 3 1 0 0 0 0 0 0 0 0 0 0 0
"153" 153 0.625 500 0 0 0 0 0 0 0 0 0 0 0 0 0 0 0 0 0 0 0
"154" 154 0.528497409326 374 113 4 4 2 2 1 0 0 0 0 0 0 0 0 0 0 0 0 0
"155" 155 0.244725738397 235 187 25 20 10 10 5 5 1 1 1 0 0 0 0 0 0 0 0 0
"156" 156 0.0 150 127 43 38 35 34 24 13 12 9 5 5 2 1 1 1 0 0 0 0
"157" 157 0.35864978903 247 107 69 24 23 21 4 4 1 0 0 0 0 0 0 0 0 0 0 0
"158" 158 0.0 378 46 45 17 11 2 1 0 0 0 0 0 0 0 0 0 0 0 0 0
"159" 159 0.290178571429 183 113 60 56 35 23 10 8 6 5 1 0 0 0 0 0 0 0 0 0
"160" 160 0.131386861314 181 149 61 54 21 16 13 3 2 0 0 0 0 0 0 0 0 0 0 0
"161" 161 0.254464285714 160 139 60 39 37 24 15 13 5 5 3 0 0 0 0 0 0 0 0 0
"162" 162 0.319796954315 466 14 10 7 2 1 0 0 0 0 0 0 0 0 0 0 0 0 0 0
"163" 163 0.943005181347 267 137 59 15 12 6 4 0 0 0 0 0 0 0 0 0 0 0 0 0
"164" 164 0.817307692308 399 78 14 5 2 1 1 0 0 0 0 0 0 0 0 0 0 0 0 0
"165" 165 0.326923076923 500 0 0 0 0 0 0 0 0 0 0 0 0 0 0 0 0 0 0 0
"166" 166 0.437810945274 313 71 64 37 9 2 2 2 0 0 0 0 0 0 0 0 0 0 0 0
"167" 167 0.321428571429 168 78 50 50 49 32 31 14 10 9 7 2 0 0 0 0 0 0 0 0
"168" 168 0.459302325581 165 142 113 27 24 10 6 5 3 2 1 1 1 0 0 0 0 0 0 0
"169" 169 0.28855721393 205 57 45 39 37 29 26 23 18 9 6 3 2 1 0 0 0 0 0 0
"170" 170 0.64598540146 398 39 33 13 4 4 3 3 2 1 0 0 0 0 0 0 0 0 0 0
"171" 171 0.0796019900498 387 70 16 9 6 4 3 2 1 1 1 0 0 0 0 0 0 0 0 0
"172" 172 0.582278481013 105 80 75 68 65 60 35 4 4 2 1 1 0 0 0 0 0 0 0 0
"173" 173 0.174129353234 336 114 13 12 8 6 5 2 2 1 1 0 0 0 0 0 0 0 0 0
"174" 174 0.276729559748 386 89 14 11 0 0 0 0 0 0 0 0 0 0 0 0 0 0 0 0
"175" 175 0.0 426 25 14 14 10 9 1 1 0 0 0 0 0 0 0 0 0 0 0 0
"176" 176 0.0 488 9 2 1 0 0 0 0 0 0 0 0 0 0 0 0 0 0 0 0
"177" 177 0.0 267 120 50 34 17 5 3 2 1 1 0 0 0 0 0 0 0 0 0 0
"178" 178 0.00581395348837 399 97 3 1 0 0 0 0 0 0 0 0 0 0 0 0 0 0 0 0
"179" 179 0.0 315 145 18 17 2 1 1 1 0 0 0 0 0 0 0 0 0 0 0 0
"180" 180 0.0777202072539 441 33 17 5 3 1 0 0 0 0 0 0 0 0 0 0 0 0 0 0
"181" 181 0.492537313433 182 141 44 41 37 20 16 9 5 4 1 0 0 0 0 0 0 0 0 0
"182" 182 0.664233576642 279 110 54 29 14 4 4 4 1 1 0 0 0 0 0 0 0 0 0 0
"183" 183 0.0597014925373 207 83 40 37 36 25 23 22 20 5 1 1 0 0 0 0 0 0 0 0
"184" 184 0.0871794871795 342 132 22 3 1 0 0 0 0 0 0 0 0 0 0 0 0 0 0 0
"185" 185 0.741071428571 247 235 9 6 1 1 1 0 0 0 0 0 0 0 0 0 0 0 0 0
"186" 186 0.201257861635 364 91 37 5 1 1 1 0 0 0 0 0 0 0 0 0 0 0 0 0
"187" 187 0.273722627737 304 123 48 16 5 2 1 1 0 0 0 0 0 0 0 0 0 0 0 0
"188" 188 0.817490494297 224 137 64 32 22 10 6 2 1 1 1 0 0 0 0 0 0 0 0 0
"189" 189 0.232558139535 365 105 7 6 5 4 2 2 1 1 1 1 0 0 0 0 0 0 0 0
"190" 190 0.424418604651 202 93 62 57 42 21 13 5 3 1 1 0 0 0 0 0 0 0 0 0
"191" 191 0.666666666667 161 152 130 36 10 5 3 1 1 1 0 0 0 0 0 0 0 0 0 0
"192" 192 0.440251572327 263 115 76 21 10 9 5 1 0 0 0 0 0 0 0 0 0 0 0 0
"193" 193 0.333333333333 231 174 33 29 15 11 7 0 0 0 0 0 0 0 0 0 0 0 0 0
"194" 194 0.375634517766 270 97 72 25 17 7 7 2 2 1 0 0 0 0 0 0 0 0 0 0
"195" 195 0.467889908257 159 115 81 74 54 8 5 2 1 1 0 0 0 0 0 0 0 0 0 0
"196" 196 0.556962025316 256 143 32 26 20 12 5 4 2 0 0 0 0 0 0 0 0 0 0 0
"197" 197 0.015503875969 500 0 0 0 0 0 0 0 0 0 0 0 0 0 0 0 0 0 0 0
"198" 198 0.518987341772 207 83 74 73 18 18 11 6 4 3 2 1 0 0 0 0 0 0 0 0
"199" 199 0.696202531646 306 121 70 2 1 0 0 0 0 0 0 0 0 0 0 0 0 0 0 0
"200" 200 0.274261603376 209 179 77 35 0 0 0 0 0 0 0 0 0 0 0 0 0 0 0 0
"201" 201 0.620253164557 174 172 125 18 11 0 0 0 0 0 0 0 0 0 0 0 0 0 0 0
"202" 202 0.0456852791878 400 93 6 1 0 0 0 0 0 0 0 0 0 0 0 0 0 0 0 0
"203" 203 0.379464285714 242 80 65 46 14 12 11 11 11 5 3 0 0 0 0 0 0 0 0 0
"204" 204 0.367816091954 339 88 28 27 10 6 1 1 0 0 0 0 0 0 0 0 0 0 0 0
"205" 205 0.0964467005076 229 70 57 38 37 22 16 14 6 4 3 3 1 0 0 0 0 0 0 0
"206" 206 0.464135021097 213 113 62 61 34 11 6 0 0 0 0 0 0 0 0 0 0 0 0 0
"207" 207 0.0817610062893 469 25 2 2 1 1 0 0 0 0 0 0 0 0 0 0 0 0 0 0
"208" 208 0.528846153846 224 98 62 58 25 19 10 4 0 0 0 0 0 0 0 0 0 0 0 0
"209" 209 0.580310880829 176 133 83 38 32 14 12 7 3 2 0 0 0 0 0 0 0 0 0 0
"210" 210 0.134328358209 412 67 9 4 3 2 1 1 1 0 0 0 0 0 0 0 0 0 0 0
"211" 211 0.653846153846 500 0 0 0 0 0 0 0 0 0 0 0 0 0 0 0 0 0 0 0
"212" 212 0.051724137931 391 106 2 1 0 0 0 0 0 0 0 0 0 0 0 0 0 0 0 0
"213" 213 0.549222797927 252 186 24 18 15 1 1 1 1 1 0 0 0 0 0 0 0 0 0 0
"214" 214 0.199004975124 347 96 24 17 9 2 2 2 1 0 0 0 0 0 0 0 0 0 0 0
"215" 215 0.453488372093 312 94 46 10 8 6 6 6 3 3 3 2 1 0 0 0 0 0 0 0
"216" 216 0.284768211921 271 168 24 12 9 8 2 2 2 1 1 0 0 0 0 0 0 0 0 0
"217" 217 0.818565400844 246 112 85 37 15 3 2 0 0 0 0 0 0 0 0 0 0 0 0 0
"218" 218 0.731343283582 152 109 76 54 35 31 22 7 6 4 2 2 0 0 0 0 0 0 0 0
"219" 219 0.708609271523 381 79 20 11 3 3 2 1 0 0 0 0 0 0 0 0 0 0 0 0
"220" 220 0.632183908046 105 95 87 84 34 33 31 10 6 3 3 3 2 1 1 1 1 0 0 0
"221" 221 0.781725888325 267 87 86 23 20 14 3 0 0 0 0 0 0 0 0 0 0 0 0 0
"222" 222 0.291390728477 239 86 54 36 29 18 16 9 8 5 0 0 0 0 0 0 0 0 0 0
"223" 223 0.235632183908 265 52 51 47 35 12 9 9 7 4 4 4 1 0 0 0 0 0 0 0
"224" 224 0.504464285714 315 51 35 34 29 12 8 4 3 3 2 2 2 0 0 0 0 0 0 0
"225" 225 0.580310880829 206 117 90 36 35 6 4 3 2 1 0 0 0 0 0 0 0 0 0 0
"226" 226 0.666666666667 423 76 1 0 0 0 0 0 0 0 0 0 0 0 0 0 0 0 0 0
"227" 227 0.823899371069 464 17 15 3 1 0 0 0 0 0 0 0 0 0 0 0 0 0 0 0
"228" 228 0.85201793722 227 122 97 26 17 6 5 0 0 0 0 0 0 0 0 0 0 0 0 0
"229" 229 0.875912408759 307 119 47 20 5 1 1 0 0 0 0 0 0 0 0 0 0 0 0 0
"230" 230 0.755813953488 226 115 67 39 27 17 5 2 1 1 0 0 0 0 0 0 0 0 0 0
"231" 231 0.744186046512 228 111 109 39 6 3 2 1 1 0 0 0 0 0 0 0 0 0 0 0
"232" 232 0.759615384615 383 102 10 5 0 0 0 0 0 0 0 0 0 0 0 0 0 0 0 0
"233" 233 0.701149425287 137 131 105 44 28 27 12 9 4 2 1 0 0 0 0 0 0 0 0 0
"234" 234 0.835443037975 202 183 71 26 13 3 1 1 0 0 0 0 0 0 0 0 0 0 0 0
"235" 235 0.258620689655 252 110 47 27 26 14 14 6 2 1 1 0 0 0 0 0 0 0 0 0
"236" 236 0.611607142857 202 97 79 34 32 30 10 9 5 2 0 0 0 0 0 0 0 0 0 0
"237" 237 0.383720930233 258 143 43 24 19 7 6 0 0 0 0 0 0 0 0 0 0 0 0 0
"238" 238 0.656976744186 195 134 116 33 9 8 4 1 0 0 0 0 0 0 0 0 0 0 0 0
"239" 239 0.696428571429 242 124 97 30 6 1 0 0 0 0 0 0 0 0 0 0 0 0 0 0
"240" 240 0.259067357513 180 105 79 50 25 14 11 9 7 7 6 4 2 1 0 0 0 0 0 0
"241" 241 0.398009950249 192 168 99 16 11 4 4 4 1 1 0 0 0 0 0 0 0 0 0 0
"242" 242 0.333333333333 277 190 9 8 5 4 4 1 1 1 0 0 0 0 0 0 0 0 0 0
"243" 243 0.317829457364 151 113 91 72 37 21 8 4 2 1 0 0 0 0 0 0 0 0 0 0
"244" 244 0.303797468354 231 60 49 42 42 20 15 13 12 5 2 2 2 2 2 1 0 0 0 0
"245" 245 0.298507462687 211 173 38 33 26 7 6 5 1 0 0 0 0 0 0 0 0 0 0 0
"246" 246 0.518987341772 460 31 4 2 2 1 0 0 0 0 0 0 0 0 0 0 0 0 0 0
"247" 247 0.651785714286 252 66 58 52 38 20 11 1 1 1 0 0 0 0 0 0 0 0 0 0
"248" 248 0.51269035533 329 68 48 31 13 6 3 2 0 0 0 0 0 0 0 0 0 0 0 0
"249" 249 0.5 500 0 0 0 0 0 0 0 0 0 0 0 0 0 0 0 0 0 0 0
"250" 250 0.660583941606 187 142 70 27 21 17 12 11 7 3 3 0 0 0 0 0 0 0 0 0
"251" 251 0.664974619289 491 5 2 1 1 0 0 0 0 0 0 0 0 0 0 0 0 0 0 0
