"site" "RSA" "aa1" "aa2" "aa3" "aa4" "aa5" "aa6" "aa7" "aa8" "aa9" "aa10" "aa11" "aa12" "aa13" "aa14" "aa15" "aa16" "aa17" "aa18" "aa19" "aa20"
"0" 0 1.05128205128 253 69 61 38 35 14 12 6 4 3 2 2 1 0 0 0 0 0 0 0
"1" 1 0.651162790698 328 72 41 20 16 12 6 3 1 1 0 0 0 0 0 0 0 0 0 0
"2" 2 0.483443708609 119 96 67 39 34 26 25 24 20 12 10 9 6 4 3 3 2 1 0 0
"3" 3 0.53164556962 112 102 54 51 49 35 24 23 15 13 6 6 4 3 2 1 0 0 0 0
"4" 4 0.209302325581 122 94 91 73 38 25 16 13 10 5 4 3 3 2 1 0 0 0 0 0
"5" 5 0.403041825095 287 150 20 11 7 6 6 5 4 3 1 0 0 0 0 0 0 0 0 0
"6" 6 0.616352201258 133 93 86 69 31 27 18 14 10 7 7 4 1 0 0 0 0 0 0 0
"7" 7 0.37984496124 87 82 72 49 44 42 22 20 16 16 13 9 9 8 6 3 1 1 0 0
"8" 8 0.0077519379845 228 129 32 28 18 12 10 8 8 8 7 6 3 1 1 1 0 0 0 0
"9" 9 0.5 111 65 52 51 40 37 29 23 22 20 17 10 9 5 4 3 2 0 0 0
"10" 10 0.472868217054 75 66 60 59 50 46 30 26 24 22 15 11 8 3 2 2 1 0 0 0
"11" 11 0.0995024875622 222 57 33 32 28 26 25 23 14 12 9 6 4 3 2 2 1 1 0 0
"12" 12 0.670886075949 95 91 85 62 47 45 20 17 11 9 7 6 2 1 1 1 0 0 0 0
"13" 13 0.637130801688 102 70 62 59 40 27 26 26 18 15 12 12 10 7 6 6 1 1 0 0
"14" 14 0.365384615385 498 2 0 0 0 0 0 0 0 0 0 0 0 0 0 0 0 0 0 0
"15" 15 0.230769230769 290 102 34 16 14 13 9 7 6 2 2 1 1 1 1 1 0 0 0 0
"16" 16 0.266159695817 153 145 82 25 23 17 10 9 9 8 5 5 3 2 2 1 1 0 0 0
"17" 17 0.0 150 101 80 65 32 25 19 9 7 5 3 2 1 1 0 0 0 0 0 0
"18" 18 0.183544303797 84 80 54 54 52 31 30 29 23 23 18 8 7 4 1 1 1 0 0 0
"19" 19 0.010152284264 300 44 26 26 25 20 19 18 9 4 4 2 2 1 0 0 0 0 0 0
"20" 20 0.676923076923 336 140 9 4 3 2 2 2 1 1 0 0 0 0 0 0 0 0 0 0
"21" 21 0.701923076923 372 121 5 2 0 0 0 0 0 0 0 0 0 0 0 0 0 0 0 0
"22" 22 0.277372262774 152 114 61 29 27 25 23 18 14 11 10 5 4 2 2 1 1 1 0 0
"23" 23 0.0817610062893 184 122 99 50 16 9 7 6 3 1 1 1 1 0 0 0 0 0 0 0
"24" 24 0.0 264 108 39 24 17 14 14 5 4 3 3 2 1 1 1 0 0 0 0 0
"25" 25 0.379746835443 118 94 78 49 41 25 22 17 17 15 8 7 6 1 1 1 0 0 0 0
"26" 26 0.0114942528736 252 103 38 28 19 14 13 11 10 2 2 2 2 2 1 1 0 0 0 0
"27" 27 0.304568527919 106 65 54 49 37 36 34 33 25 25 19 7 6 3 1 0 0 0 0 0
"28" 28 0.383419689119 164 65 51 41 37 23 22 19 18 11 10 9 9 9 4 4 3 1 0 0
"29" 29 0.318407960199 132 78 41 39 36 24 23 21 20 18 18 17 10 9 6 6 2 0 0 0
"30" 30 0.476821192053 174 74 42 41 37 28 17 16 14 14 13 10 7 4 3 3 2 1 0 0
"31" 31 0.459770114943 73 72 57 45 43 32 31 29 27 18 17 13 12 11 11 8 1 0 0 0
"32" 32 0.350993377483 172 70 45 27 24 21 19 18 16 14 14 14 14 9 9 7 4 3 0 0
"33" 33 0.818565400844 154 146 67 38 33 29 13 7 5 4 3 1 0 0 0 0 0 0 0 0
"34" 34 0.558139534884 130 104 91 71 38 35 8 5 4 4 3 3 2 1 1 0 0 0 0 0
"35" 35 0.5 483 5 4 3 2 2 1 0 0 0 0 0 0 0 0 0 0 0 0 0
"36" 36 0.864978902954 180 105 66 49 26 24 10 9 9 7 6 5 2 2 0 0 0 0 0 0
"37" 37 0.789473684211 165 88 67 47 31 22 21 18 17 9 7 6 2 0 0 0 0 0 0 0
"38" 38 0.548076923077 418 79 1 1 1 0 0 0 0 0 0 0 0 0 0 0 0 0 0 0
"39" 39 0.473684210526 162 70 41 33 26 25 21 21 19 19 17 15 10 9 7 3 2 0 0 0
"40" 40 0.116279069767 120 68 48 45 33 29 25 22 19 18 13 13 13 12 7 6 5 3 1 0
"41" 41 0.413502109705 123 64 54 52 49 45 26 16 15 15 14 13 7 3 3 1 0 0 0 0
"42" 42 0.0229885057471 184 63 38 34 23 23 20 19 17 17 14 13 10 10 6 5 2 2 0 0
"43" 43 0.278145695364 156 64 54 39 30 27 24 23 22 21 12 12 6 4 4 1 1 0 0 0
"44" 44 0.010152284264 227 71 52 47 45 20 12 7 7 3 3 2 1 1 1 1 0 0 0 0
"45" 45 0.0977011494253 118 86 78 36 35 31 31 30 28 10 4 4 3 2 2 1 1 0 0 0
"46" 46 0.0 243 181 41 24 6 2 1 1 1 0 0 0 0 0 0 0 0 0 0 0
"47" 47 0.255813953488 101 88 61 55 55 34 30 21 19 11 11 11 1 1 1 0 0 0 0 0
"48" 48 0.020725388601 229 96 60 27 18 15 14 10 7 7 5 4 4 2 1 1 0 0 0 0
"49" 49 0.137055837563 94 93 73 62 34 34 28 17 14 13 7 7 6 6 4 4 4 0 0 0
"50" 50 0.0460251046025 178 137 44 35 19 13 13 11 10 9 8 7 4 4 4 3 1 0 0 0
"51" 51 0.406976744186 130 105 52 44 34 31 31 28 10 10 8 7 5 2 2 1 0 0 0 0
"52" 52 0.509615384615 459 17 12 6 4 1 1 0 0 0 0 0 0 0 0 0 0 0 0 0
"53" 53 0.507692307692 93 84 78 55 51 44 26 21 18 17 6 3 2 1 1 0 0 0 0 0
"54" 54 0.569343065693 117 71 59 52 51 41 27 24 16 13 10 7 6 3 2 1 0 0 0 0
"55" 55 0.174129353234 146 70 69 42 40 34 26 20 15 12 9 7 4 4 1 1 0 0 0 0
"56" 56 0.535714285714 99 80 66 54 45 32 30 22 21 19 10 10 4 3 2 2 1 0 0 0
"57" 57 0.248704663212 72 67 57 48 43 38 32 31 24 22 19 12 12 10 4 4 3 2 0 0
"58" 58 0.439461883408 112 65 59 52 32 30 28 25 22 19 15 14 9 6 5 3 3 1 0 0
"59" 59 0.0542635658915 158 146 60 21 19 17 16 15 9 9 8 7 6 4 2 1 1 1 0 0
"60" 60 0.433962264151 177 103 52 34 32 22 18 17 14 12 6 4 4 3 1 1 0 0 0 0
"61" 61 0.198675496689 146 71 68 46 33 29 22 17 14 11 10 9 7 5 4 3 3 2 0 0
"62" 62 0.511627906977 95 82 59 59 48 43 33 22 17 10 10 10 7 4 1 0 0 0 0 0
"63" 63 0.44976076555 120 75 42 35 35 33 26 24 20 18 16 14 14 11 9 4 4 0 0 0
"64" 64 0.487179487179 87 70 58 44 42 34 32 28 26 21 13 13 9 7 6 5 3 2 0 0
"65" 65 0.051724137931 116 103 75 55 41 32 17 15 14 10 8 5 4 2 2 1 0 0 0 0
"66" 66 0.339285714286 176 134 51 46 24 23 9 8 7 4 4 3 3 3 2 1 1 1 0 0
"67" 67 0.0977011494253 193 87 86 39 24 23 15 12 8 6 4 2 1 0 0 0 0 0 0 0
"68" 68 0.0566037735849 182 179 65 13 12 11 7 7 6 4 3 3 2 2 2 1 1 0 0 0
"69" 69 0.481171548117 203 90 48 41 33 27 24 9 9 6 4 2 2 1 1 0 0 0 0 0
"70" 70 0.201149425287 178 136 53 52 29 12 11 7 5 4 3 3 3 1 1 1 1 0 0 0
"71" 71 0.586497890295 190 103 90 40 16 15 12 8 6 5 4 4 4 3 0 0 0 0 0 0
"72" 72 0.482558139535 72 61 56 49 40 37 34 31 29 27 18 13 12 8 6 6 1 0 0 0
"73" 73 0.426778242678 238 101 69 25 10 9 9 8 7 7 5 4 3 3 1 1 0 0 0 0
"74" 74 0.337209302326 95 84 55 40 38 33 28 24 21 18 18 16 14 12 2 1 1 0 0 0
"75" 75 0.0798479087452 200 106 80 28 24 22 11 9 6 5 3 3 2 1 0 0 0 0 0 0
"76" 76 0.218543046358 121 72 53 50 40 34 31 23 15 14 12 11 8 5 4 4 2 1 0 0
"77" 77 0.0574712643678 174 137 106 28 11 11 7 7 6 3 3 2 2 2 1 0 0 0 0 0
"78" 78 0.502487562189 99 79 76 64 56 36 32 17 17 11 4 4 2 1 1 1 0 0 0 0
"79" 79 0.336787564767 117 72 66 60 36 27 24 22 14 14 11 11 10 7 5 2 1 1 0 0
"80" 80 0.111675126904 224 74 36 36 29 18 16 15 12 10 9 8 6 5 1 1 0 0 0 0
"81" 81 0.488789237668 142 99 64 53 29 28 24 23 10 9 7 3 3 2 2 1 1 0 0 0
"82" 82 0.572327044025 448 10 9 8 7 4 4 4 4 2 0 0 0 0 0 0 0 0 0 0
"83" 83 0.174358974359 260 137 46 21 12 7 5 3 2 2 2 1 1 1 0 0 0 0 0 0
"84" 84 0.816964285714 179 138 48 47 36 30 8 6 6 1 1 0 0 0 0 0 0 0 0 0
"85" 85 0.367875647668 353 87 21 11 11 9 4 2 1 1 0 0 0 0 0 0 0 0 0 0
"86" 86 0.754716981132 404 54 16 8 5 5 4 2 1 1 0 0 0 0 0 0 0 0 0 0
"87" 87 0.735099337748 216 80 79 55 24 15 9 8 6 4 3 1 0 0 0 0 0 0 0 0
"88" 88 0.437810945274 117 113 70 65 44 19 16 10 9 8 6 6 6 4 4 2 1 0 0 0
"89" 89 0.465408805031 317 48 33 26 17 13 13 11 5 4 4 4 1 1 1 1 1 0 0 0
"90" 90 0.350993377483 99 66 62 60 51 27 26 24 18 15 11 11 10 9 4 3 3 1 0 0
"91" 91 0.354066985646 121 90 65 48 39 30 28 18 17 14 8 6 6 4 4 2 0 0 0 0
"92" 92 0.0597014925373 170 105 54 40 24 24 22 17 11 9 7 6 4 4 1 1 1 0 0 0
"93" 93 0.12582781457 106 69 56 56 47 44 38 23 16 14 9 7 4 3 3 2 2 1 0 0
"94" 94 0.0149253731343 183 96 60 44 33 18 14 11 9 8 7 4 3 3 3 2 1 1 0 0
"95" 95 0.305699481865 154 147 93 22 20 16 16 12 7 6 4 1 1 1 0 0 0 0 0 0
"96" 96 0.818652849741 147 122 74 37 32 29 24 11 10 6 5 2 1 0 0 0 0 0 0 0
"97" 97 0.727678571429 128 77 63 52 47 42 23 23 20 18 3 2 1 1 0 0 0 0 0 0
"98" 98 0.663461538462 492 8 0 0 0 0 0 0 0 0 0 0 0 0 0 0 0 0 0 0
"99" 99 0.584821428571 119 76 51 46 38 29 28 26 21 21 14 10 7 6 6 2 0 0 0 0
"100" 100 0.496688741722 113 100 51 48 33 26 20 19 13 13 12 11 10 10 8 7 2 2 2 0
"101" 101 0.153284671533 75 63 52 49 41 38 29 27 26 24 17 16 14 13 12 2 1 1 0 0
"102" 102 0.459821428571 125 82 62 60 31 26 23 21 17 13 11 9 8 4 4 2 1 1 0 0
"103" 103 0.544041450777 86 79 69 43 39 38 35 28 21 19 19 12 6 3 2 1 0 0 0 0
"104" 104 0.0746268656716 121 73 46 41 28 28 28 26 24 23 18 15 10 8 6 3 2 0 0 0
"105" 105 0.367875647668 123 114 84 61 29 24 22 18 8 4 3 3 2 2 1 1 1 0 0 0
"106" 106 0.169811320755 249 93 70 32 15 11 8 7 5 4 2 2 1 1 0 0 0 0 0 0
"107" 107 0.641509433962 104 100 74 60 43 42 35 21 8 6 4 2 1 0 0 0 0 0 0 0
"108" 108 0.455958549223 198 54 41 36 35 32 23 16 12 11 10 7 7 7 4 3 2 2 0 0
"109" 109 0.581395348837 95 85 83 54 48 43 22 18 16 15 12 3 2 1 1 1 1 0 0 0
"110" 110 0.527131782946 141 79 69 51 47 34 24 17 12 10 6 6 1 1 1 1 0 0 0 0
"111" 111 0.124378109453 163 50 47 45 44 34 28 14 13 12 10 10 9 8 6 4 3 0 0 0
"112" 112 0.325581395349 95 71 53 42 40 35 33 26 25 16 14 13 11 11 8 3 3 1 0 0
"113" 113 0.406976744186 140 68 66 48 41 29 24 23 18 13 12 6 5 3 2 1 1 0 0 0
"114" 114 0.42600896861 103 100 84 56 25 23 19 17 16 11 11 9 9 8 5 2 1 1 0 0
"115" 115 0.0304568527919 117 72 42 32 32 29 28 27 25 25 21 21 11 7 4 4 3 0 0 0
"116" 116 0.451476793249 102 101 93 54 35 25 23 13 11 10 8 6 5 5 4 2 2 1 0 0
"117" 117 0.495535714286 117 115 51 50 36 24 23 17 16 14 13 10 7 4 2 1 0 0 0 0
"118" 118 0.188340807175 141 114 68 45 35 27 12 11 10 9 8 6 5 3 3 2 1 0 0 0
"119" 119 0.234309623431 160 119 94 51 18 16 10 9 6 4 4 3 3 2 1 0 0 0 0 0
"120" 120 0.523316062176 113 104 52 43 35 33 30 29 17 16 10 9 5 4 0 0 0 0 0 0
"121" 121 0.476821192053 93 83 58 55 42 40 30 22 16 16 14 11 8 7 3 2 0 0 0 0
"122" 122 0.644230769231 496 4 0 0 0 0 0 0 0 0 0 0 0 0 0 0 0 0 0 0
"123" 123 0.485232067511 163 102 47 37 27 19 17 16 14 13 12 11 6 6 5 3 1 1 0 0
"124" 124 0.455357142857 156 109 81 32 22 21 14 12 9 8 7 7 6 6 4 3 3 0 0 0
"125" 125 0.00574712643678 280 129 40 24 7 7 4 2 2 2 1 1 1 0 0 0 0 0 0 0
"126" 126 0.169154228856 92 82 67 61 56 49 30 23 10 10 8 4 3 2 2 1 0 0 0 0
"127" 127 0.0 183 86 54 48 39 37 18 12 7 7 5 2 1 1 0 0 0 0 0 0
"128" 128 0.0747126436782 124 89 74 44 42 29 24 19 17 14 7 5 5 4 2 1 0 0 0 0
"129" 129 0.0 130 88 59 55 36 30 22 18 16 13 10 9 9 3 2 0 0 0 0 0
"130" 130 0.0689655172414 134 88 63 51 42 23 18 17 15 9 8 8 7 6 5 5 1 0 0 0
"131" 131 0.225165562914 100 58 46 39 34 31 27 26 26 25 21 20 18 10 10 5 3 1 0 0
"132" 132 0.147286821705 148 122 52 49 36 34 27 8 5 4 4 2 2 2 2 1 1 1 0 0
"133" 133 0.730769230769 112 85 69 61 55 39 37 21 6 5 4 2 1 1 1 1 0 0 0 0
"134" 134 0.343023255814 103 83 68 66 37 24 24 22 19 17 9 9 6 5 4 3 1 0 0 0
"135" 135 0.339285714286 73 73 73 57 52 36 32 26 23 15 10 10 7 5 3 2 2 1 0 0
"136" 136 0.134529147982 218 50 46 35 32 26 21 17 14 9 9 7 6 4 4 2 0 0 0 0
"137" 137 0.0114942528736 109 102 92 58 54 21 19 16 9 8 5 4 2 1 0 0 0 0 0 0
"138" 138 0.28855721393 179 89 52 45 34 25 20 12 9 8 8 4 4 4 3 2 1 1 0 0
"139" 139 0.47533632287 140 95 41 41 41 34 30 22 14 13 8 5 4 4 3 2 2 1 0 0
"140" 140 0.197674418605 91 84 69 53 44 42 38 23 17 14 10 6 4 4 1 0 0 0 0 0
"141" 141 0.379746835443 195 81 53 49 31 30 15 13 9 7 6 3 3 3 2 0 0 0 0 0
"142" 142 0.282051282051 309 55 37 22 16 12 9 8 7 5 5 5 5 2 2 1 0 0 0 0
"143" 143 0.410852713178 120 120 92 88 36 10 9 7 4 3 3 2 2 2 1 1 0 0 0 0
"144" 144 1.23255813953 195 176 109 9 6 2 2 1 0 0 0 0 0 0 0 0 0 0 0 0
