"site" "RSA" "aa1" "aa2" "aa3" "aa4" "aa5" "aa6" "aa7" "aa8" "aa9" "aa10" "aa11" "aa12" "aa13" "aa14" "aa15" "aa16" "aa17" "aa18" "aa19" "aa20"
"0" 0 0.652849740933 214 54 45 44 43 25 20 18 11 10 7 5 2 2 0 0 0 0 0 0
"1" 1 0.28102189781 165 96 90 40 37 18 13 11 10 6 4 4 2 2 1 1 0 0 0 0
"2" 2 0.450892857143 233 143 41 37 24 6 4 4 3 2 2 1 0 0 0 0 0 0 0 0
"3" 3 0.487046632124 168 79 73 54 38 28 17 17 8 6 6 2 2 1 1 0 0 0 0 0
"4" 4 0.0348258706468 141 120 79 57 49 17 13 6 5 4 3 3 2 1 0 0 0 0 0 0
"5" 5 0.051724137931 185 109 92 22 20 19 12 8 8 6 4 4 3 3 3 2 0 0 0 0
"6" 6 0.562737642586 134 123 80 38 36 25 25 13 7 5 5 4 3 2 0 0 0 0 0 0
"7" 7 0.385650224215 190 107 97 33 15 14 13 8 7 6 4 3 1 1 1 0 0 0 0 0
"8" 8 0.0 278 55 42 35 24 16 11 9 7 6 6 4 2 2 1 1 1 0 0 0
"9" 9 0.316455696203 171 109 72 53 38 16 11 8 6 4 4 2 2 2 1 1 0 0 0 0
"10" 10 0.44776119403 160 130 51 51 25 24 20 15 5 5 4 3 3 2 1 1 0 0 0 0
"11" 11 0.062015503876 317 45 28 28 18 15 15 14 8 4 3 3 1 1 0 0 0 0 0 0
"12" 12 0.258928571429 172 97 43 34 32 25 19 14 13 12 10 10 8 7 2 1 1 0 0 0
"13" 13 0.690582959641 164 106 60 40 38 36 20 16 9 6 3 1 1 0 0 0 0 0 0 0
"14" 14 0.503875968992 116 90 60 45 45 43 38 27 20 9 5 1 1 0 0 0 0 0 0 0
"15" 15 0.620535714286 271 87 65 34 17 12 6 4 2 1 1 0 0 0 0 0 0 0 0 0
"16" 16 0.507299270073 105 101 77 70 35 26 22 21 14 12 9 7 1 0 0 0 0 0 0 0
"17" 17 0.201520912548 102 101 95 75 43 23 15 9 9 8 7 5 3 2 2 1 0 0 0 0
"18" 18 0.487046632124 212 81 37 35 32 31 25 14 11 10 7 3 2 0 0 0 0 0 0 0
"19" 19 0.308035714286 138 124 76 57 44 21 9 7 6 5 4 3 3 2 1 0 0 0 0 0
"20" 20 0.0 140 126 39 39 37 30 23 22 14 13 8 4 3 1 1 0 0 0 0 0
"21" 21 0.0632183908046 119 73 56 47 30 29 27 26 21 18 15 14 10 8 5 1 1 0 0 0
"22" 22 0.495535714286 200 86 75 56 19 14 13 11 7 4 4 3 3 2 2 1 0 0 0 0
"23" 23 0.0662251655629 145 73 64 50 24 21 21 17 17 16 16 11 11 8 3 2 1 0 0 0
"24" 24 0.0 152 73 60 57 46 39 23 14 11 9 9 4 1 1 1 0 0 0 0 0
"25" 25 0.286919831224 122 92 89 55 42 31 14 10 9 8 8 5 4 3 3 3 1 1 0 0
"26" 26 0.527426160338 150 115 77 47 42 33 11 5 5 4 3 3 2 2 1 0 0 0 0 0
"27" 27 0.0 169 85 72 53 39 28 16 11 9 5 4 3 2 2 1 1 0 0 0 0
"28" 28 0.015503875969 279 65 38 23 22 16 12 10 8 6 6 6 5 3 1 0 0 0 0 0
"29" 29 0.326923076923 118 68 52 48 46 35 31 24 20 19 14 9 9 3 2 2 0 0 0 0
"30" 30 0.311926605505 153 99 57 41 37 29 17 15 13 12 10 6 5 3 2 1 0 0 0 0
"31" 31 0.461139896373 150 124 86 52 27 24 17 5 5 4 3 1 1 1 0 0 0 0 0 0
"32" 32 0.327586206897 139 77 62 51 47 46 33 14 10 6 6 3 3 2 1 0 0 0 0 0
"33" 33 0.254464285714 141 68 51 38 28 27 21 20 20 19 17 11 10 10 10 4 3 1 1 0
"34" 34 0.0348258706468 377 41 17 14 10 9 7 6 5 4 3 3 3 1 0 0 0 0 0 0
"35" 35 0.372093023256 335 68 21 19 14 14 14 7 3 3 1 1 0 0 0 0 0 0 0 0
"36" 36 0.459770114943 208 102 95 23 17 16 15 5 5 4 4 4 2 0 0 0 0 0 0 0
"37" 37 0.4375 277 103 28 26 22 13 12 9 4 2 2 1 1 0 0 0 0 0 0 0
"38" 38 0.0401785714286 177 149 72 21 19 18 13 10 8 3 3 2 2 2 1 0 0 0 0 0
"39" 39 0.029197080292 127 115 73 32 32 21 19 16 16 12 11 7 6 4 4 2 2 1 0 0
"40" 40 0.384615384615 255 98 60 31 14 12 9 8 6 3 2 2 0 0 0 0 0 0 0 0
"41" 41 0.0696517412935 117 99 65 60 35 26 23 23 14 11 9 5 4 4 2 2 1 0 0 0
"42" 42 0.0 155 97 66 51 28 17 16 13 10 9 8 8 8 5 4 2 2 1 0 0
"43" 43 0.211920529801 237 74 40 36 31 16 13 11 11 10 5 5 4 3 2 2 0 0 0 0
"44" 44 0.252873563218 184 138 85 22 17 17 10 8 6 4 4 3 1 1 0 0 0 0 0 0
"45" 45 0.0 386 68 11 10 9 5 4 4 3 0 0 0 0 0 0 0 0 0 0 0
"46" 46 0.00380228136882 167 80 76 39 31 31 21 15 14 9 6 4 3 2 2 0 0 0 0 0
"47" 47 0.350210970464 199 108 46 27 25 23 12 12 11 10 9 8 6 2 2 0 0 0 0 0
"48" 48 0.302564102564 112 110 57 48 44 27 27 22 21 13 7 4 3 2 2 1 0 0 0 0
"49" 49 0.0689655172414 78 77 57 56 41 41 29 20 19 16 14 12 12 10 9 6 2 1 0 0
"50" 50 0.00507614213198 144 55 47 47 39 38 33 31 24 22 7 4 4 2 1 1 1 0 0 0
"51" 51 0.221153846154 284 71 44 30 17 16 12 10 7 5 3 1 0 0 0 0 0 0 0 0
"52" 52 0.418604651163 169 50 44 42 36 31 29 26 20 15 13 10 6 4 3 2 0 0 0 0
"53" 53 0.211678832117 119 83 41 39 32 32 32 30 28 21 17 7 7 6 3 2 1 0 0 0
"54" 54 0.138686131387 169 104 78 45 31 16 13 9 7 6 5 4 3 3 3 2 2 0 0 0
"55" 55 0.294573643411 116 85 80 76 48 46 15 9 6 5 5 4 2 1 1 1 0 0 0 0
"56" 56 0.35761589404 154 111 74 58 22 19 14 13 9 8 5 5 3 2 2 1 0 0 0 0
"57" 57 0.177304964539 140 115 64 42 32 24 23 19 19 10 4 3 2 1 1 1 0 0 0 0
"58" 58 0.412408759124 148 120 112 35 26 23 12 8 6 3 2 2 1 1 1 0 0 0 0 0
"59" 59 0.543147208122 144 126 40 38 33 31 28 23 17 14 4 1 1 0 0 0 0 0 0 0
"60" 60 0.0710659898477 150 60 54 39 33 26 26 21 18 15 14 13 9 8 6 6 1 1 0 0
"61" 61 0.165562913907 162 58 51 48 44 24 21 19 19 14 9 8 7 5 3 3 3 2 0 0
"62" 62 0.503311258278 121 89 55 48 38 34 26 25 21 16 14 10 2 1 0 0 0 0 0 0
"63" 63 0.375634517766 165 117 90 49 18 15 10 8 8 6 4 4 3 2 1 0 0 0 0 0
"64" 64 0.0714285714286 119 111 51 44 42 32 26 22 11 9 7 7 6 6 3 3 1 0 0 0
"65" 65 0.591928251121 163 84 69 62 34 30 16 15 9 6 5 5 2 0 0 0 0 0 0 0
"66" 66 0.472573839662 143 136 40 34 26 24 21 16 16 15 14 6 4 3 1 1 0 0 0 0
"67" 67 0.0401785714286 136 66 55 53 45 25 24 22 21 17 11 8 5 4 3 3 1 1 0 0
"68" 68 0.446428571429 121 116 83 68 52 11 10 8 6 5 5 4 4 3 2 1 1 0 0 0
"69" 69 0.671794871795 158 109 56 42 24 24 22 15 15 9 9 8 5 3 1 0 0 0 0 0
"70" 70 0.518987341772 135 90 52 48 48 37 21 20 15 14 13 3 2 1 1 0 0 0 0 0
"71" 71 0.567307692308 458 40 1 1 0 0 0 0 0 0 0 0 0 0 0 0 0 0 0 0
"72" 72 0.144230769231 103 96 49 48 44 30 25 24 21 16 14 11 9 7 2 1 0 0 0 0
"73" 73 0.272321428571 170 92 84 51 24 23 21 12 9 5 3 3 2 1 0 0 0 0 0 0
"74" 74 0.642487046632 125 102 72 59 41 27 25 18 17 5 5 3 1 0 0 0 0 0 0 0
"75" 75 0.476793248945 95 78 60 58 45 33 32 28 25 12 7 7 6 4 4 3 2 1 0 0
"76" 76 0.0646766169154 286 57 48 26 15 13 11 8 7 7 4 4 4 4 2 2 1 1 0 0
"77" 77 0.590717299578 138 136 73 58 29 19 11 10 9 5 4 2 2 2 1 1 0 0 0 0
"78" 78 0.587155963303 156 134 52 33 28 26 21 14 10 8 7 7 4 0 0 0 0 0 0 0
"79" 79 0.116751269036 149 66 61 48 39 26 18 18 17 16 14 11 9 3 3 1 1 0 0 0
"80" 80 0.346715328467 176 85 57 52 31 29 15 13 12 10 9 5 5 1 0 0 0 0 0 0
"81" 81 0.620535714286 161 82 67 47 35 35 23 15 10 9 6 4 3 2 1 0 0 0 0 0
"82" 82 0.505703422053 157 156 55 47 26 20 11 7 7 6 4 2 1 1 0 0 0 0 0 0
"83" 83 0.127737226277 132 91 81 71 39 29 15 10 7 6 3 3 3 3 2 2 2 1 0 0
"84" 84 0.452914798206 94 87 68 61 52 36 29 24 21 12 10 3 3 0 0 0 0 0 0 0
"85" 85 0.495412844037 142 137 42 40 34 23 19 19 17 8 8 4 3 3 1 0 0 0 0 0
"86" 86 0.0574712643678 106 81 63 56 41 37 25 20 19 13 11 9 8 6 2 1 1 1 0 0
"87" 87 0.147321428571 124 109 105 49 33 25 12 12 10 7 6 3 3 1 1 0 0 0 0 0
"88" 88 0.517441860465 106 88 84 59 51 36 28 16 15 5 5 4 2 1 0 0 0 0 0 0
"89" 89 0.34375 144 112 60 50 36 27 17 15 11 10 9 3 2 2 1 1 0 0 0 0
"90" 90 0.0149253731343 348 35 34 19 17 16 11 11 3 2 1 1 1 1 0 0 0 0 0 0
"91" 91 0.130801687764 235 113 40 28 20 17 17 7 7 4 3 3 2 2 2 0 0 0 0 0
"92" 92 0.582089552239 113 109 62 60 42 40 25 17 10 9 6 4 1 1 1 0 0 0 0 0
"93" 93 0.111675126904 92 76 66 60 52 35 30 20 14 11 10 9 9 7 4 2 2 1 0 0
"94" 94 0.0 156 111 78 61 36 16 13 9 7 6 3 2 1 1 0 0 0 0 0 0
"95" 95 0.462025316456 139 93 73 64 48 21 14 11 11 9 7 5 2 1 1 1 0 0 0 0
"96" 96 0.269430051813 174 156 57 19 18 17 17 13 9 5 4 3 3 3 1 1 0 0 0 0
"97" 97 0.0 175 70 60 48 28 25 24 15 13 13 9 5 4 3 3 2 2 1 0 0
"98" 98 0.089552238806 285 53 38 32 28 15 15 7 7 4 4 4 3 3 2 0 0 0 0 0
"99" 99 0.440414507772 158 100 68 39 33 21 19 18 16 10 8 7 1 1 1 0 0 0 0 0
"100" 100 0.0632183908046 128 98 43 42 40 37 26 19 17 16 14 9 7 3 1 0 0 0 0 0
"101" 101 0.0 316 85 36 30 7 5 5 4 4 3 3 2 0 0 0 0 0 0 0 0
"102" 102 0.445595854922 246 85 46 40 37 14 6 6 5 5 4 2 1 1 1 1 0 0 0 0
"103" 103 0.548523206751 120 104 92 66 49 29 12 11 5 5 4 1 1 1 0 0 0 0 0 0
"104" 104 0.253588516746 191 138 56 49 28 20 7 4 2 2 2 1 0 0 0 0 0 0 0 0
"105" 105 0.0248756218905 330 43 41 19 14 13 12 8 6 5 3 2 2 1 1 0 0 0 0 0
"106" 106 0.137055837563 266 145 27 14 12 10 6 6 4 2 2 1 1 1 1 1 1 0 0 0
"107" 107 0.559748427673 277 86 44 20 16 16 15 15 7 3 1 0 0 0 0 0 0 0 0 0
"108" 108 0.201550387597 156 111 107 27 16 14 12 11 8 8 7 6 6 5 5 1 0 0 0 0
"109" 109 0.108527131783 420 51 12 9 5 2 1 0 0 0 0 0 0 0 0 0 0 0 0 0
"110" 110 0.738461538462 196 125 57 37 36 13 11 11 6 5 2 1 0 0 0 0 0 0 0 0
"111" 111 0.383720930233 154 117 66 38 34 33 19 16 13 6 3 1 0 0 0 0 0 0 0 0
"112" 112 0.0865384615385 301 104 24 12 10 8 8 7 6 5 5 3 3 2 1 1 0 0 0 0
"113" 113 0.3125 360 57 34 23 13 3 3 3 2 1 1 0 0 0 0 0 0 0 0 0
"114" 114 0.00662251655629 86 79 60 54 50 42 36 31 22 14 8 7 5 3 1 1 1 0 0 0
"115" 115 0.168776371308 235 91 62 25 20 14 13 12 7 7 6 5 2 1 0 0 0 0 0 0
"116" 116 0.0 372 64 41 18 3 1 1 0 0 0 0 0 0 0 0 0 0 0 0 0
"117" 117 0.0753138075314 152 131 75 33 28 21 17 14 9 6 5 4 3 1 1 0 0 0 0 0
"118" 118 0.0114068441065 262 114 35 27 23 12 10 5 4 4 2 2 0 0 0 0 0 0 0 0
"119" 119 0.243346007605 118 117 103 85 22 21 17 5 5 4 1 1 1 0 0 0 0 0 0 0
"120" 120 0.130801687764 181 81 45 43 37 34 33 10 8 7 7 4 4 2 2 1 1 0 0 0
"121" 121 0.0183486238532 183 61 56 52 34 34 23 23 11 6 5 4 3 2 1 1 1 0 0 0
"122" 122 0.168776371308 190 70 65 59 40 25 14 9 5 5 5 3 3 3 2 1 1 0 0 0
"123" 123 0.0 274 155 39 23 6 1 1 1 0 0 0 0 0 0 0 0 0 0 0 0
"124" 124 0.0362694300518 189 109 56 45 24 16 14 14 14 7 4 3 2 1 1 1 0 0 0 0
"125" 125 0.0228136882129 287 97 29 22 13 13 13 8 5 5 3 2 1 1 1 0 0 0 0 0
"126" 126 0.11961722488 95 92 91 84 26 24 23 19 18 18 4 2 2 2 0 0 0 0 0 0
"127" 127 0.036496350365 128 89 88 42 29 26 22 21 18 12 11 4 4 3 1 1 1 0 0 0
"128" 128 0.0836501901141 160 98 63 43 31 27 21 17 15 6 5 3 3 2 2 2 2 0 0 0
"129" 129 0.154228855721 141 137 71 45 20 16 13 12 12 6 5 4 4 4 3 3 3 1 0 0
"130" 130 0.0 413 69 10 3 1 1 1 1 1 0 0 0 0 0 0 0 0 0 0 0
"131" 131 0.147321428571 175 114 89 27 19 15 13 9 7 7 7 6 6 3 2 1 0 0 0 0
"132" 132 0.121338912134 225 200 24 23 6 5 4 3 3 2 1 1 1 1 1 0 0 0 0 0
"133" 133 0.116279069767 384 49 23 14 8 6 4 3 2 2 2 1 1 1 0 0 0 0 0 0
"134" 134 0.610465116279 133 108 104 50 28 20 15 11 10 7 7 2 2 2 1 0 0 0 0 0
"135" 135 0.596153846154 500 0 0 0 0 0 0 0 0 0 0 0 0 0 0 0 0 0 0 0
"136" 136 0.584615384615 139 80 69 59 44 36 31 23 8 5 3 2 1 0 0 0 0 0 0 0
"137" 137 0.569948186528 195 73 59 48 46 31 27 6 3 3 2 2 2 2 1 0 0 0 0 0
"138" 138 0.295620437956 167 92 53 47 30 29 23 21 14 8 8 4 2 1 1 0 0 0 0 0
"139" 139 0.616033755274 121 109 99 66 25 23 21 8 8 7 6 2 2 2 1 0 0 0 0 0
"140" 140 0.174107142857 198 96 60 40 26 18 15 12 12 9 4 3 3 2 1 1 0 0 0 0
"141" 141 0.062015503876 238 46 39 32 31 22 19 18 16 13 9 5 5 3 2 2 0 0 0 0
"142" 142 0.0852713178295 162 128 72 37 24 20 16 11 10 7 7 2 2 1 1 0 0 0 0 0
"143" 143 0.223214285714 152 101 74 50 39 23 18 14 6 5 5 4 4 2 2 1 0 0 0 0
"144" 144 0.415384615385 162 130 105 24 20 14 12 10 6 6 4 2 2 1 1 1 0 0 0 0
"145" 145 0.0 411 50 32 5 2 0 0 0 0 0 0 0 0 0 0 0 0 0 0 0
"146" 146 0.194029850746 164 163 76 30 21 6 6 5 5 5 5 4 3 3 2 2 0 0 0 0
"147" 147 0.563218390805 266 70 50 33 27 17 15 7 6 5 2 1 1 0 0 0 0 0 0 0
"148" 148 0.0077519379845 370 28 19 19 17 12 10 8 6 4 3 2 1 1 0 0 0 0 0 0
"149" 149 0.0 164 105 66 65 27 24 22 17 6 2 1 1 0 0 0 0 0 0 0 0
"150" 150 0.502109704641 183 139 56 33 27 20 10 9 9 4 3 3 2 1 1 0 0 0 0 0
"151" 151 0.248062015504 154 141 57 34 23 17 16 14 13 12 7 7 3 1 1 0 0 0 0 0
"152" 152 0.0 440 35 20 2 1 1 1 0 0 0 0 0 0 0 0 0 0 0 0 0
"153" 153 0.172185430464 146 93 54 40 35 34 32 18 14 8 8 6 4 4 2 2 0 0 0 0
"154" 154 0.564766839378 111 99 82 69 27 25 22 18 11 9 9 7 5 3 3 0 0 0 0 0
"155" 155 0.126903553299 163 94 74 38 27 21 19 18 14 10 9 4 4 3 1 1 0 0 0 0
"156" 156 0.0077519379845 439 26 25 3 2 2 1 1 1 0 0 0 0 0 0 0 0 0 0 0
"157" 157 0.596330275229 200 100 68 48 27 19 12 8 7 3 3 2 1 1 1 0 0 0 0 0
"158" 158 0.598837209302 134 75 70 50 40 39 32 18 10 9 8 7 4 2 1 1 0 0 0 0
"159" 159 0.491071428571 114 102 71 43 34 30 27 23 10 9 9 8 7 6 3 3 1 0 0 0
"160" 160 0.0646766169154 478 12 5 2 1 1 1 0 0 0 0 0 0 0 0 0 0 0 0 0
"161" 161 0.289308176101 285 85 32 31 22 15 11 6 6 2 2 1 1 1 0 0 0 0 0 0
"162" 162 0.0503144654088 102 85 73 61 53 28 27 20 17 16 6 5 4 2 1 0 0 0 0 0
"163" 163 0.00581395348837 181 137 85 34 24 10 9 9 3 2 1 1 1 1 1 1 0 0 0 0
"164" 164 0.114832535885 478 10 4 2 2 1 1 1 1 0 0 0 0 0 0 0 0 0 0 0
"165" 165 0.163522012579 168 78 66 60 58 29 12 11 9 5 2 1 1 0 0 0 0 0 0 0
"166" 166 0.10152284264 169 85 62 33 33 28 21 21 14 13 9 4 4 3 1 0 0 0 0 0
"167" 167 0.156934306569 236 105 70 29 24 16 6 6 5 1 1 1 0 0 0 0 0 0 0 0
"168" 168 0.00497512437811 324 40 36 29 24 15 13 10 6 2 1 0 0 0 0 0 0 0 0 0
"169" 169 0.0769230769231 178 174 44 40 31 11 7 7 3 2 2 1 0 0 0 0 0 0 0 0
"170" 170 0.0149253731343 248 80 50 45 21 19 8 8 6 4 4 3 2 2 0 0 0 0 0 0
"171" 171 0.0697674418605 137 103 78 34 28 25 15 12 12 12 8 8 7 7 7 6 1 0 0 0
"172" 172 0.0696517412935 164 94 59 43 39 29 24 17 17 3 3 3 2 2 1 0 0 0 0 0
"173" 173 0.148717948718 162 63 63 53 40 37 33 20 12 5 4 3 2 1 1 1 0 0 0 0
"174" 174 0.0418410041841 164 77 48 44 33 25 24 23 20 10 10 6 5 4 4 3 0 0 0 0
"175" 175 0.0 404 49 40 3 2 2 0 0 0 0 0 0 0 0 0 0 0 0 0 0
"176" 176 0.120689655172 211 165 41 34 24 8 6 4 2 2 1 1 1 0 0 0 0 0 0 0
"177" 177 0.0 290 160 8 8 7 7 6 5 3 2 1 1 1 1 0 0 0 0 0 0
"178" 178 0.117870722433 157 72 66 46 43 39 32 22 15 5 2 1 0 0 0 0 0 0 0 0
"179" 179 0.342205323194 235 96 43 42 39 15 14 6 3 2 2 1 1 1 0 0 0 0 0 0
"180" 180 0.46875 225 94 57 52 17 15 12 12 6 3 3 2 1 1 0 0 0 0 0 0
"181" 181 0.0761421319797 190 86 76 53 39 17 12 10 4 4 3 2 2 1 1 0 0 0 0 0
"182" 182 0.233830845771 147 111 69 63 18 16 16 15 15 14 7 5 3 1 0 0 0 0 0 0
"183" 183 0.692307692308 322 83 43 39 5 3 2 2 1 0 0 0 0 0 0 0 0 0 0 0
"184" 184 0.12582781457 128 83 59 58 55 45 21 16 15 11 4 3 1 1 0 0 0 0 0 0
"185" 185 0.396226415094 131 80 77 53 49 29 24 17 11 9 7 6 4 2 1 0 0 0 0 0
"186" 186 0.414507772021 172 97 84 26 25 24 23 18 16 10 3 2 0 0 0 0 0 0 0 0
"187" 187 0.434306569343 140 107 73 53 51 19 17 8 7 6 6 4 4 1 1 1 1 1 0 0
"188" 188 0.0 457 38 3 2 0 0 0 0 0 0 0 0 0 0 0 0 0 0 0 0
"189" 189 0.158227848101 106 94 93 51 41 36 20 17 10 8 6 6 4 4 2 1 1 0 0 0
"190" 190 0.222627737226 158 91 73 50 41 25 22 13 9 6 4 3 2 1 1 1 0 0 0 0
"191" 191 0.238805970149 149 142 60 40 27 26 15 10 8 7 6 4 3 2 1 0 0 0 0 0
"192" 192 0.0 265 115 44 28 22 6 5 5 4 3 2 1 0 0 0 0 0 0 0 0
"193" 193 0.430379746835 178 148 65 47 25 5 5 5 5 5 4 2 2 2 1 1 0 0 0 0
"194" 194 0.341085271318 227 117 65 19 13 11 11 7 7 6 4 4 4 3 2 0 0 0 0 0
"195" 195 0.108527131783 215 69 62 46 26 24 15 9 9 8 7 3 2 2 2 1 0 0 0 0
"196" 196 0.146443514644 130 81 71 55 52 32 22 16 10 8 7 6 3 3 2 1 1 0 0 0
"197" 197 0.341968911917 135 87 74 73 30 26 24 11 9 8 8 3 3 3 3 2 1 0 0 0
"198" 198 0.383419689119 136 124 98 27 23 19 18 13 10 7 6 6 4 4 3 1 1 0 0 0
"199" 199 0.0 279 67 28 19 17 17 15 14 12 8 6 5 4 4 3 2 0 0 0 0
"200" 200 0.41116751269 184 77 60 52 48 21 11 7 6 6 6 6 5 4 3 2 2 0 0 0
"201" 201 0.612403100775 170 76 54 37 37 33 26 26 14 12 4 4 3 2 1 1 0 0 0 0
"202" 202 0.392857142857 182 131 89 25 22 18 11 9 6 3 2 1 1 0 0 0 0 0 0 0
"203" 203 0.378109452736 125 95 82 65 59 23 13 12 10 8 4 2 1 1 0 0 0 0 0 0
"204" 204 0.751295336788 130 101 66 51 32 28 26 25 11 10 9 6 5 0 0 0 0 0 0 0
"205" 205 0.238372093023 86 85 68 66 47 32 31 29 16 13 11 8 4 2 1 1 0 0 0 0
"206" 206 0.283582089552 143 103 98 35 33 20 20 12 9 9 7 3 3 2 1 1 1 0 0 0
"207" 207 0.238410596026 93 68 59 54 47 39 33 26 21 19 17 12 5 4 3 0 0 0 0 0
"208" 208 0.665178571429 141 83 63 57 50 46 25 25 6 2 2 0 0 0 0 0 0 0 0 0
"209" 209 0.709821428571 201 111 61 30 28 20 18 13 9 4 3 2 0 0 0 0 0 0 0 0
"210" 210 0.105960264901 148 123 63 42 36 24 23 10 9 8 5 3 3 2 1 0 0 0 0 0
"211" 211 0.486692015209 231 36 35 30 29 29 26 26 25 14 7 5 4 2 1 0 0 0 0 0
"212" 212 0.341772151899 118 117 58 48 41 25 23 23 18 12 10 5 1 1 0 0 0 0 0 0
"213" 213 0.455958549223 173 148 92 20 19 10 10 7 6 4 4 2 2 1 1 1 0 0 0 0
"214" 214 0.00662251655629 156 56 53 43 39 31 22 22 15 14 13 9 8 6 6 5 2 0 0 0
"215" 215 0.488372093023 174 102 59 34 31 30 14 14 9 8 8 7 4 3 2 1 0 0 0 0
"216" 216 0.502487562189 176 95 58 33 26 25 23 20 10 9 7 7 7 2 1 1 0 0 0 0
"217" 217 0.131979695431 98 89 74 55 40 38 30 24 21 11 9 3 2 2 2 1 1 0 0 0
"218" 218 0.0779816513761 141 92 82 69 25 22 19 14 9 7 5 5 4 2 2 1 1 0 0 0
"219" 219 0.412556053812 132 80 76 65 39 30 28 21 10 8 5 3 2 1 0 0 0 0 0 0
"220" 220 0.298507462687 146 105 99 57 29 21 10 8 7 6 6 3 1 1 1 0 0 0 0 0
"221" 221 0.0 252 107 42 36 34 8 5 3 3 2 2 2 2 1 1 0 0 0 0 0
"222" 222 0.521897810219 173 103 79 66 21 12 10 7 7 6 4 3 3 2 1 1 1 1 0 0
"223" 223 0.378238341969 115 113 65 58 56 19 17 16 11 9 8 6 6 1 0 0 0 0 0 0
"224" 224 0.2 148 96 61 53 39 29 16 15 12 11 9 4 2 2 2 1 0 0 0 0
"225" 225 0.124378109453 256 39 31 31 30 28 22 14 9 8 8 7 5 5 4 3 0 0 0 0
"226" 226 0.546511627907 149 73 47 43 42 38 35 21 20 15 8 4 2 1 1 1 0 0 0 0
"227" 227 0.676616915423 209 116 41 37 33 24 14 10 5 4 3 1 1 1 1 0 0 0 0 0
"228" 228 0.120567375887 365 43 23 10 9 9 9 9 8 5 4 2 2 1 1 0 0 0 0 0
"229" 229 0.767441860465 148 70 62 60 51 20 16 14 12 10 7 7 7 6 5 5 0 0 0 0
