"site" "RSA" "aa1" "aa2" "aa3" "aa4" "aa5" "aa6" "aa7" "aa8" "aa9" "aa10" "aa11" "aa12" "aa13" "aa14" "aa15" "aa16" "aa17" "aa18" "aa19" "aa20"
"0" 0 0.802325581395 7 6 2 0 0 0 0 0 0 0 0 0 0 0 0 0 0 0 0 0
"1" 1 0.482587064677 19 1 1 0 0 0 0 0 0 0 0 0 0 0 0 0 0 0 0 0
"2" 2 0.233830845771 18 1 1 1 1 0 0 0 0 0 0 0 0 0 0 0 0 0 0 0
"3" 3 0.456953642384 10 5 3 2 1 1 1 0 0 0 0 0 0 0 0 0 0 0 0 0
"4" 4 0.483443708609 6 4 4 2 2 2 2 1 1 0 0 0 0 0 0 0 0 0 0 0
"5" 5 0.100418410042 20 4 1 1 0 0 0 0 0 0 0 0 0 0 0 0 0 0 0 0
"6" 6 0.134615384615 23 2 1 1 1 1 0 0 0 0 0 0 0 0 0 0 0 0 0 0
"7" 7 0.383720930233 17 5 5 4 2 2 1 1 0 0 0 0 0 0 0 0 0 0 0 0
"8" 8 0.339622641509 25 11 3 3 2 1 1 1 1 1 1 0 0 0 0 0 0 0 0 0
"9" 9 0.326359832636 23 22 7 4 3 2 1 1 1 1 1 1 0 0 0 0 0 0 0 0
"10" 10 0.446428571429 15 12 11 8 7 5 5 3 1 1 1 0 0 0 0 0 0 0 0 0
"11" 11 0.0729927007299 32 20 10 5 4 2 1 1 0 0 0 0 0 0 0 0 0 0 0 0
"12" 12 0.0 48 38 3 3 3 2 0 0 0 0 0 0 0 0 0 0 0 0 0 0
"13" 13 0.397321428571 66 8 7 5 4 3 2 2 1 1 1 1 0 0 0 0 0 0 0 0
"14" 14 0.389743589744 46 15 9 7 6 6 4 4 4 1 0 0 0 0 0 0 0 0 0 0
"15" 15 0.0 60 27 9 3 3 0 0 0 0 0 0 0 0 0 0 0 0 0 0 0
"16" 16 0.0149253731343 64 29 8 1 0 0 0 0 0 0 0 0 0 0 0 0 0 0 0 0
"17" 17 0.209302325581 47 24 12 7 4 3 3 1 1 0 0 0 0 0 0 0 0 0 0 0
"18" 18 0.0 45 34 15 4 2 1 1 0 0 0 0 0 0 0 0 0 0 0 0 0
"19" 19 0.0 44 35 11 5 5 3 2 0 0 0 0 0 0 0 0 0 0 0 0 0
"20" 20 0.478102189781 76 15 7 5 2 1 0 0 0 0 0 0 0 0 0 0 0 0 0 0
"21" 21 0.540178571429 33 28 15 8 7 4 3 3 1 1 1 1 1 0 0 0 0 0 0 0
"22" 22 0.173076923077 106 0 0 0 0 0 0 0 0 0 0 0 0 0 0 0 0 0 0 0
"23" 23 0.295620437956 48 34 6 5 4 4 3 1 1 0 0 0 0 0 0 0 0 0 0 0
"24" 24 0.0192307692308 59 24 7 5 4 3 2 2 0 0 0 0 0 0 0 0 0 0 0 0
"25" 25 0.0 67 23 10 2 2 2 0 0 0 0 0 0 0 0 0 0 0 0 0 0
"26" 26 0.0 65 22 16 3 0 0 0 0 0 0 0 0 0 0 0 0 0 0 0 0
"27" 27 0.00574712643678 59 43 3 1 0 0 0 0 0 0 0 0 0 0 0 0 0 0 0 0
"28" 28 0.0497512437811 64 17 12 7 2 2 1 1 0 0 0 0 0 0 0 0 0 0 0 0
"29" 29 0.512953367876 106 0 0 0 0 0 0 0 0 0 0 0 0 0 0 0 0 0 0 0
"30" 30 0.487179487179 105 1 0 0 0 0 0 0 0 0 0 0 0 0 0 0 0 0 0 0
"31" 31 0.294642857143 106 0 0 0 0 0 0 0 0 0 0 0 0 0 0 0 0 0 0 0
"32" 32 0.00961538461538 100 5 1 0 0 0 0 0 0 0 0 0 0 0 0 0 0 0 0 0
"33" 33 0.0155440414508 106 0 0 0 0 0 0 0 0 0 0 0 0 0 0 0 0 0 0 0
"34" 34 0.0 85 8 7 5 1 0 0 0 0 0 0 0 0 0 0 0 0 0 0 0
"35" 35 0.0 60 32 5 3 3 2 1 0 0 0 0 0 0 0 0 0 0 0 0 0
"36" 36 0.0167364016736 30 24 23 11 6 6 4 1 1 0 0 0 0 0 0 0 0 0 0 0
"37" 37 0.0 77 19 8 1 1 0 0 0 0 0 0 0 0 0 0 0 0 0 0 0
"38" 38 0.0 102 2 2 0 0 0 0 0 0 0 0 0 0 0 0 0 0 0 0 0
"39" 39 0.357142857143 60 21 14 5 4 1 1 0 0 0 0 0 0 0 0 0 0 0 0 0
"40" 40 0.261627906977 21 19 18 12 11 6 6 5 3 2 1 1 1 0 0 0 0 0 0 0
"41" 41 0.0 41 22 15 14 10 4 0 0 0 0 0 0 0 0 0 0 0 0 0 0
"42" 42 0.273255813953 95 6 3 1 1 0 0 0 0 0 0 0 0 0 0 0 0 0 0 0
"43" 43 0.281609195402 70 10 7 5 3 3 3 1 1 1 1 1 0 0 0 0 0 0 0 0
"44" 44 0.638392857143 65 15 9 9 2 2 1 1 1 1 0 0 0 0 0 0 0 0 0 0
"45" 45 0.161434977578 42 26 9 5 5 4 3 3 3 2 2 1 1 0 0 0 0 0 0 0
"46" 46 0.0045871559633 60 32 13 1 0 0 0 0 0 0 0 0 0 0 0 0 0 0 0 0
"47" 47 0.271317829457 68 36 1 1 0 0 0 0 0 0 0 0 0 0 0 0 0 0 0 0
"48" 48 0.0696517412935 77 12 11 2 1 1 1 1 0 0 0 0 0 0 0 0 0 0 0 0
"49" 49 0.00581395348837 81 14 5 3 1 1 1 0 0 0 0 0 0 0 0 0 0 0 0 0
"50" 50 0.263959390863 52 36 10 4 2 1 1 0 0 0 0 0 0 0 0 0 0 0 0 0
"51" 51 0.532846715328 51 28 18 3 2 1 1 1 1 0 0 0 0 0 0 0 0 0 0 0
"52" 52 0.22966507177 44 25 21 8 2 2 1 1 1 1 0 0 0 0 0 0 0 0 0 0
"53" 53 0.0769230769231 58 21 21 4 2 0 0 0 0 0 0 0 0 0 0 0 0 0 0 0
"54" 54 0.278145695364 68 31 4 2 1 0 0 0 0 0 0 0 0 0 0 0 0 0 0 0
"55" 55 0.163461538462 106 0 0 0 0 0 0 0 0 0 0 0 0 0 0 0 0 0 0 0
"56" 56 0.401015228426 71 33 1 1 0 0 0 0 0 0 0 0 0 0 0 0 0 0 0 0
"57" 57 0.0229885057471 53 48 4 1 0 0 0 0 0 0 0 0 0 0 0 0 0 0 0 0
"58" 58 0.0253164556962 106 0 0 0 0 0 0 0 0 0 0 0 0 0 0 0 0 0 0 0
"59" 59 0.00995024875622 84 9 4 3 2 2 1 1 0 0 0 0 0 0 0 0 0 0 0 0
"60" 60 0.0 32 28 20 19 6 1 0 0 0 0 0 0 0 0 0 0 0 0 0 0
"61" 61 0.010152284264 67 29 9 1 0 0 0 0 0 0 0 0 0 0 0 0 0 0 0 0
"62" 62 0.186046511628 75 6 6 5 2 2 2 2 2 2 1 1 0 0 0 0 0 0 0 0
"63" 63 0.303571428571 31 14 13 12 9 8 6 5 4 1 1 1 1 0 0 0 0 0 0 0
"64" 64 0.59067357513 66 13 6 6 5 5 2 1 1 1 0 0 0 0 0 0 0 0 0 0
"65" 65 0.14598540146 66 15 5 4 4 3 3 2 2 1 1 0 0 0 0 0 0 0 0 0
"66" 66 0.149635036496 38 19 18 13 8 4 3 1 1 1 0 0 0 0 0 0 0 0 0 0
"67" 67 0.476793248945 30 25 18 18 7 3 2 1 1 1 0 0 0 0 0 0 0 0 0 0
"68" 68 0.349775784753 44 19 9 8 8 6 3 3 2 2 1 1 0 0 0 0 0 0 0 0
"69" 69 0.00497512437811 105 1 0 0 0 0 0 0 0 0 0 0 0 0 0 0 0 0 0 0
"70" 70 0.569948186528 25 21 18 12 11 8 6 3 1 1 0 0 0 0 0 0 0 0 0 0
"71" 71 0.00497512437811 101 5 0 0 0 0 0 0 0 0 0 0 0 0 0 0 0 0 0 0
"72" 72 0.421383647799 84 5 3 2 2 2 2 1 1 1 1 1 1 0 0 0 0 0 0 0
"73" 73 0.229357798165 38 34 24 6 1 1 1 1 0 0 0 0 0 0 0 0 0 0 0 0
"74" 74 0.435779816514 104 1 1 0 0 0 0 0 0 0 0 0 0 0 0 0 0 0 0 0
"75" 75 0.655172413793 80 11 8 4 2 1 0 0 0 0 0 0 0 0 0 0 0 0 0 0
"76" 76 1.10714285714 21 18 17 17 9 8 5 4 3 3 1 0 0 0 0 0 0 0 0 0
"77" 77 0.471153846154 55 37 10 2 1 1 0 0 0 0 0 0 0 0 0 0 0 0 0 0
"78" 78 0.397489539749 104 2 0 0 0 0 0 0 0 0 0 0 0 0 0 0 0 0 0 0
"79" 79 0.0 104 1 1 0 0 0 0 0 0 0 0 0 0 0 0 0 0 0 0 0
"80" 80 0.224137931034 84 13 4 3 1 1 0 0 0 0 0 0 0 0 0 0 0 0 0 0
"81" 81 0.093023255814 91 15 0 0 0 0 0 0 0 0 0 0 0 0 0 0 0 0 0 0
"82" 82 0.0 88 18 0 0 0 0 0 0 0 0 0 0 0 0 0 0 0 0 0 0
"83" 83 0.09375 82 24 0 0 0 0 0 0 0 0 0 0 0 0 0 0 0 0 0 0
"84" 84 0.0232558139535 94 4 2 1 1 1 1 1 1 0 0 0 0 0 0 0 0 0 0 0
"85" 85 0.217054263566 48 27 18 6 3 1 1 1 1 0 0 0 0 0 0 0 0 0 0 0
"86" 86 0.732142857143 41 11 10 7 6 5 5 4 4 3 3 2 1 0 0 0 0 0 0 0
"87" 87 0.625 100 4 1 1 0 0 0 0 0 0 0 0 0 0 0 0 0 0 0 0
"88" 88 0.201149425287 79 11 10 3 1 1 1 0 0 0 0 0 0 0 0 0 0 0 0 0
"89" 89 0.691860465116 85 15 3 2 1 0 0 0 0 0 0 0 0 0 0 0 0 0 0 0
"90" 90 0.552325581395 105 1 0 0 0 0 0 0 0 0 0 0 0 0 0 0 0 0 0 0
"91" 91 0.0 106 0 0 0 0 0 0 0 0 0 0 0 0 0 0 0 0 0 0 0
"92" 92 0.316091954023 76 30 0 0 0 0 0 0 0 0 0 0 0 0 0 0 0 0 0 0
"93" 93 0.370860927152 106 0 0 0 0 0 0 0 0 0 0 0 0 0 0 0 0 0 0 0
"94" 94 0.147286821705 104 2 0 0 0 0 0 0 0 0 0 0 0 0 0 0 0 0 0 0
"95" 95 0.325581395349 64 9 6 5 5 4 4 3 2 1 1 1 1 0 0 0 0 0 0 0
"96" 96 0.0725388601036 97 7 2 0 0 0 0 0 0 0 0 0 0 0 0 0 0 0 0 0
"97" 97 0.0875912408759 106 0 0 0 0 0 0 0 0 0 0 0 0 0 0 0 0 0 0 0
"98" 98 0.00507614213198 64 15 10 9 4 2 2 0 0 0 0 0 0 0 0 0 0 0 0 0
"99" 99 0.255813953488 33 31 11 7 5 4 4 4 2 2 1 1 1 0 0 0 0 0 0 0
"100" 100 0.0 106 0 0 0 0 0 0 0 0 0 0 0 0 0 0 0 0 0 0 0
"101" 101 0.0114942528736 70 34 1 1 0 0 0 0 0 0 0 0 0 0 0 0 0 0 0 0
"102" 102 0.408759124088 36 30 20 7 5 4 2 1 1 0 0 0 0 0 0 0 0 0 0 0
"103" 103 0.201550387597 52 23 20 3 2 2 1 1 1 1 0 0 0 0 0 0 0 0 0 0
"104" 104 0.0077519379845 87 17 1 1 0 0 0 0 0 0 0 0 0 0 0 0 0 0 0 0
"105" 105 0.0507614213198 46 38 13 3 3 1 1 1 0 0 0 0 0 0 0 0 0 0 0 0
"106" 106 0.279069767442 49 25 16 7 3 3 1 1 1 0 0 0 0 0 0 0 0 0 0 0
"107" 107 0.715025906736 37 30 10 9 7 4 3 3 1 1 1 0 0 0 0 0 0 0 0 0
"108" 108 0.567307692308 25 20 20 9 8 7 5 4 3 2 1 1 0 0 0 0 0 0 0 0
"109" 109 0.031007751938 58 14 12 8 5 3 2 2 1 1 0 0 0 0 0 0 0 0 0 0
"110" 110 0.544303797468 38 19 16 7 7 5 5 3 2 1 1 1 0 0 0 0 0 0 0 0
"111" 111 0.314465408805 70 17 4 3 3 3 1 1 1 1 1 0 0 0 0 0 0 0 0 0
"112" 112 0.602649006623 27 22 17 11 6 5 5 3 2 2 1 1 1 1 1 0 0 0 0 0
"113" 113 0.326424870466 90 4 4 4 1 1 1 1 0 0 0 0 0 0 0 0 0 0 0 0
"114" 114 0.0149253731343 55 34 12 5 0 0 0 0 0 0 0 0 0 0 0 0 0 0 0 0
"115" 115 0.466666666667 55 11 11 11 5 4 4 2 1 1 1 0 0 0 0 0 0 0 0 0
"116" 116 0.306569343066 44 23 19 9 4 3 2 1 1 0 0 0 0 0 0 0 0 0 0 0
"117" 117 0.685534591195 106 0 0 0 0 0 0 0 0 0 0 0 0 0 0 0 0 0 0 0
"118" 118 0.115384615385 106 0 0 0 0 0 0 0 0 0 0 0 0 0 0 0 0 0 0 0
"119" 119 0.354066985646 106 0 0 0 0 0 0 0 0 0 0 0 0 0 0 0 0 0 0 0
"120" 120 0.0172413793103 54 50 2 0 0 0 0 0 0 0 0 0 0 0 0 0 0 0 0 0
"121" 121 0.192468619247 105 1 0 0 0 0 0 0 0 0 0 0 0 0 0 0 0 0 0 0
"122" 122 0.0062893081761 105 1 0 0 0 0 0 0 0 0 0 0 0 0 0 0 0 0 0 0
"123" 123 0.0597014925373 99 6 1 0 0 0 0 0 0 0 0 0 0 0 0 0 0 0 0 0
"124" 124 0.167883211679 49 15 12 9 6 5 4 3 2 1 0 0 0 0 0 0 0 0 0 0
"125" 125 0.0697674418605 100 3 1 1 1 0 0 0 0 0 0 0 0 0 0 0 0 0 0 0
"126" 126 0.385650224215 43 25 23 5 4 3 1 1 1 0 0 0 0 0 0 0 0 0 0 0
"127" 127 0.666666666667 30 24 20 14 5 5 4 3 1 0 0 0 0 0 0 0 0 0 0 0
"128" 128 0.413461538462 97 3 2 2 1 1 0 0 0 0 0 0 0 0 0 0 0 0 0 0
"129" 129 0.0480769230769 106 0 0 0 0 0 0 0 0 0 0 0 0 0 0 0 0 0 0 0
"130" 130 0.0344827586207 98 4 3 1 0 0 0 0 0 0 0 0 0 0 0 0 0 0 0 0
"131" 131 0.412935323383 103 1 1 1 0 0 0 0 0 0 0 0 0 0 0 0 0 0 0 0
"132" 132 0.46511627907 25 17 14 12 7 6 6 5 4 4 3 1 1 1 0 0 0 0 0 0
"133" 133 0.412408759124 106 0 0 0 0 0 0 0 0 0 0 0 0 0 0 0 0 0 0 0
"134" 134 0.394230769231 57 19 7 6 5 4 3 2 1 1 1 0 0 0 0 0 0 0 0 0
"135" 135 0.105769230769 106 0 0 0 0 0 0 0 0 0 0 0 0 0 0 0 0 0 0 0
"136" 136 0.0956937799043 96 10 0 0 0 0 0 0 0 0 0 0 0 0 0 0 0 0 0 0
"137" 137 0.0755813953488 106 0 0 0 0 0 0 0 0 0 0 0 0 0 0 0 0 0 0 0
"138" 138 0.0133928571429 106 0 0 0 0 0 0 0 0 0 0 0 0 0 0 0 0 0 0 0
"139" 139 0.0 85 20 1 0 0 0 0 0 0 0 0 0 0 0 0 0 0 0 0 0
"140" 140 0.0 31 30 29 16 0 0 0 0 0 0 0 0 0 0 0 0 0 0 0 0
"141" 141 0.0710659898477 61 27 14 2 2 0 0 0 0 0 0 0 0 0 0 0 0 0 0 0
"142" 142 0.0725388601036 104 2 0 0 0 0 0 0 0 0 0 0 0 0 0 0 0 0 0 0
"143" 143 0.00497512437811 83 11 6 3 3 0 0 0 0 0 0 0 0 0 0 0 0 0 0 0
"144" 144 0.0 63 17 7 7 6 2 2 1 1 0 0 0 0 0 0 0 0 0 0 0
"145" 145 0.436046511628 72 8 7 7 4 2 2 2 1 1 0 0 0 0 0 0 0 0 0 0
"146" 146 0.323383084577 87 17 1 1 0 0 0 0 0 0 0 0 0 0 0 0 0 0 0 0
"147" 147 0.0542635658915 99 7 0 0 0 0 0 0 0 0 0 0 0 0 0 0 0 0 0 0
"148" 148 0.644230769231 104 2 0 0 0 0 0 0 0 0 0 0 0 0 0 0 0 0 0 0
"149" 149 0.163179916318 77 12 6 3 2 2 2 1 1 0 0 0 0 0 0 0 0 0 0 0
"150" 150 0.253164556962 24 21 11 10 8 6 6 6 5 3 2 2 1 1 0 0 0 0 0 0
"151" 151 0.333333333333 100 2 2 2 0 0 0 0 0 0 0 0 0 0 0 0 0 0 0 0
"152" 152 0.0542635658915 69 14 10 5 3 2 1 1 1 0 0 0 0 0 0 0 0 0 0 0
"153" 153 0.0 66 25 14 1 0 0 0 0 0 0 0 0 0 0 0 0 0 0 0 0
"154" 154 0.00574712643678 93 5 4 2 1 1 0 0 0 0 0 0 0 0 0 0 0 0 0 0
"155" 155 0.0298507462687 72 34 0 0 0 0 0 0 0 0 0 0 0 0 0 0 0 0 0 0
"156" 156 0.0 82 20 3 1 0 0 0 0 0 0 0 0 0 0 0 0 0 0 0 0
"157" 157 0.183035714286 106 0 0 0 0 0 0 0 0 0 0 0 0 0 0 0 0 0 0 0
"158" 158 0.0398009950249 66 24 16 0 0 0 0 0 0 0 0 0 0 0 0 0 0 0 0 0
"159" 159 0.156976744186 47 22 20 6 5 4 2 0 0 0 0 0 0 0 0 0 0 0 0 0
"160" 160 0.179487179487 79 21 3 1 1 1 0 0 0 0 0 0 0 0 0 0 0 0 0 0
"161" 161 0.80310880829 51 30 17 3 3 1 1 0 0 0 0 0 0 0 0 0 0 0 0 0
"162" 162 0.611398963731 102 4 0 0 0 0 0 0 0 0 0 0 0 0 0 0 0 0 0 0
"163" 163 0.519230769231 106 0 0 0 0 0 0 0 0 0 0 0 0 0 0 0 0 0 0 0
"164" 164 0.267441860465 72 30 3 1 0 0 0 0 0 0 0 0 0 0 0 0 0 0 0 0
"165" 165 0.344036697248 103 3 0 0 0 0 0 0 0 0 0 0 0 0 0 0 0 0 0 0
"166" 166 0.0077519379845 97 4 3 1 1 0 0 0 0 0 0 0 0 0 0 0 0 0 0 0
"167" 167 0.452554744526 100 2 2 1 1 0 0 0 0 0 0 0 0 0 0 0 0 0 0 0
"168" 168 0.271317829457 54 20 16 6 4 4 1 1 0 0 0 0 0 0 0 0 0 0 0 0
"169" 169 0.477987421384 90 10 2 2 2 0 0 0 0 0 0 0 0 0 0 0 0 0 0 0
"170" 170 0.254464285714 47 36 18 1 1 1 1 1 0 0 0 0 0 0 0 0 0 0 0 0
"171" 171 0.0 80 11 11 3 1 0 0 0 0 0 0 0 0 0 0 0 0 0 0 0
"172" 172 0.0507614213198 27 20 20 8 7 6 5 4 4 4 1 0 0 0 0 0 0 0 0 0
"173" 173 0.526785714286 24 17 14 13 7 7 6 5 4 2 2 2 2 1 0 0 0 0 0 0
"174" 174 0.0753138075314 92 8 4 1 1 0 0 0 0 0 0 0 0 0 0 0 0 0 0 0
"175" 175 0.0 83 11 6 3 2 1 0 0 0 0 0 0 0 0 0 0 0 0 0 0
"176" 176 0.471794871795 26 22 21 15 12 3 2 2 1 1 1 0 0 0 0 0 0 0 0 0
"177" 177 0.548523206751 36 28 11 11 7 5 3 2 1 1 1 0 0 0 0 0 0 0 0 0
"178" 178 0.296650717703 85 8 5 2 2 1 1 1 1 0 0 0 0 0 0 0 0 0 0 0
"179" 179 0.569230769231 42 23 22 8 2 2 2 2 1 1 1 0 0 0 0 0 0 0 0 0
"180" 180 0.0366972477064 63 20 16 4 2 1 0 0 0 0 0 0 0 0 0 0 0 0 0 0
"181" 181 0.062015503876 62 27 5 4 3 2 1 1 1 0 0 0 0 0 0 0 0 0 0 0
"182" 182 0.00497512437811 53 25 23 2 1 1 1 0 0 0 0 0 0 0 0 0 0 0 0 0
"183" 183 0.00574712643678 42 25 17 15 3 3 1 0 0 0 0 0 0 0 0 0 0 0 0 0
"184" 184 0.116279069767 72 28 4 1 1 0 0 0 0 0 0 0 0 0 0 0 0 0 0 0
"185" 185 0.0253807106599 91 15 0 0 0 0 0 0 0 0 0 0 0 0 0 0 0 0 0 0
"186" 186 0.700892857143 56 27 7 7 3 3 2 1 0 0 0 0 0 0 0 0 0 0 0 0
"187" 187 0.0362694300518 96 6 1 1 1 1 0 0 0 0 0 0 0 0 0 0 0 0 0 0
"188" 188 0.00995024875622 93 9 3 1 0 0 0 0 0 0 0 0 0 0 0 0 0 0 0 0
"189" 189 0.183908045977 72 22 9 1 1 1 0 0 0 0 0 0 0 0 0 0 0 0 0 0
"190" 190 0.286821705426 33 18 13 11 9 8 4 4 2 1 1 1 1 0 0 0 0 0 0 0
"191" 191 0.0798479087452 90 9 3 3 1 0 0 0 0 0 0 0 0 0 0 0 0 0 0 0
"192" 192 0.251824817518 93 3 3 1 1 1 0 0 0 0 0 0 0 0 0 0 0 0 0 0
"193" 193 0.600896860987 20 9 8 7 4 4 4 3 3 2 2 1 1 0 0 0 0 0 0 0
"194" 194 0.503875968992 15 6 6 5 4 4 2 1 0 0 0 0 0 0 0 0 0 0 0 0
"195" 195 0.684210526316 19 6 3 3 2 2 0 0 0 0 0 0 0 0 0 0 0 0 0 0
