"site" "RSA" "aa1" "aa2" "aa3" "aa4" "aa5" "aa6" "aa7" "aa8" "aa9" "aa10" "aa11" "aa12" "aa13" "aa14" "aa15" "aa16" "aa17" "aa18" "aa19" "aa20"
"0" 0 0.279816513761 207 130 51 48 13 12 10 9 6 4 4 2 2 1 1 0 0 0 0 0
"1" 1 0.42194092827 148 68 59 46 29 24 23 22 22 21 10 9 8 5 4 2 0 0 0 0
"2" 2 0.385057471264 183 116 55 51 40 25 9 7 7 2 2 1 1 1 0 0 0 0 0 0
"3" 3 0.511494252874 140 105 75 53 35 25 23 20 8 8 4 3 1 0 0 0 0 0 0 0
"4" 4 0.476793248945 220 101 46 42 33 28 11 6 4 3 2 1 1 1 1 0 0 0 0 0
"5" 5 0.383928571429 127 85 84 78 51 17 11 10 9 8 4 4 4 3 3 1 1 0 0 0
"6" 6 0.317991631799 131 99 74 50 40 20 19 19 15 10 8 8 3 2 1 1 0 0 0 0
"7" 7 0.675496688742 90 72 57 47 39 35 32 30 28 21 19 11 8 6 3 2 0 0 0 0
"8" 8 0.258620689655 86 82 65 50 39 34 23 22 21 21 15 11 9 8 7 6 1 0 0 0
"9" 9 0.481012658228 487 6 4 3 0 0 0 0 0 0 0 0 0 0 0 0 0 0 0 0
"10" 10 0.423076923077 167 108 74 54 38 20 17 9 6 4 3 0 0 0 0 0 0 0 0 0
"11" 11 0.0288461538462 500 0 0 0 0 0 0 0 0 0 0 0 0 0 0 0 0 0 0 0
"12" 12 0.35401459854 178 168 80 22 13 8 8 6 5 5 4 1 1 1 0 0 0 0 0 0
"13" 13 0.0646766169154 194 69 46 36 26 22 21 20 18 15 8 7 7 5 3 2 1 0 0 0
"14" 14 0.0304568527919 209 75 50 47 43 30 16 11 7 4 3 2 2 1 0 0 0 0 0 0
"15" 15 0.177215189873 188 97 73 51 18 17 13 13 11 9 6 2 2 0 0 0 0 0 0 0
"16" 16 0.00497512437811 132 116 112 46 33 11 11 10 9 8 6 5 1 0 0 0 0 0 0 0
"17" 17 0.0728476821192 176 53 45 43 40 33 29 24 11 11 9 8 6 5 4 3 0 0 0 0
"18" 18 0.0239234449761 243 147 67 14 7 7 4 4 3 2 1 1 0 0 0 0 0 0 0 0
"19" 19 0.635897435897 170 166 91 48 5 5 4 3 2 2 2 1 1 0 0 0 0 0 0 0
"20" 20 0.0529801324503 407 63 17 8 3 1 1 0 0 0 0 0 0 0 0 0 0 0 0 0
"21" 21 0.569230769231 291 86 31 27 23 19 6 5 4 3 3 2 0 0 0 0 0 0 0 0
"22" 22 0.0993377483444 108 99 71 42 35 26 25 24 21 21 13 5 3 2 2 2 1 0 0 0
"23" 23 0.0 238 119 49 43 27 11 7 3 3 0 0 0 0 0 0 0 0 0 0 0
"24" 24 0.510548523207 203 127 50 38 23 16 14 13 11 3 2 0 0 0 0 0 0 0 0 0
"25" 25 0.0639534883721 194 181 49 23 20 13 7 3 2 2 2 2 1 1 0 0 0 0 0 0
"26" 26 0.377483443709 194 70 57 45 35 31 16 12 8 8 7 7 4 3 2 1 0 0 0 0
"27" 27 0.00917431192661 147 129 75 34 30 26 21 11 9 6 4 4 3 1 0 0 0 0 0 0
"28" 28 0.405128205128 150 92 74 43 38 29 26 21 8 7 5 3 3 1 0 0 0 0 0 0
"29" 29 0.0 229 121 65 54 10 6 3 3 3 3 1 1 1 0 0 0 0 0 0 0
"30" 30 0.0205128205128 145 62 48 33 29 27 24 22 21 19 19 14 14 12 8 2 1 0 0 0
"31" 31 0.0 144 143 106 29 22 15 15 9 8 3 2 2 1 1 0 0 0 0 0 0
"32" 32 0.0 359 91 32 8 4 3 2 1 0 0 0 0 0 0 0 0 0 0 0 0
"33" 33 0.00497512437811 227 104 78 45 17 16 5 3 2 2 1 0 0 0 0 0 0 0 0 0
"34" 34 0.0 340 149 9 2 0 0 0 0 0 0 0 0 0 0 0 0 0 0 0 0
"35" 35 0.451476793249 146 132 106 39 22 20 14 8 5 4 3 1 0 0 0 0 0 0 0 0
"36" 36 0.33971291866 195 103 67 26 22 15 12 12 10 8 8 7 7 6 2 0 0 0 0 0
"37" 37 0.190114068441 183 116 90 35 34 11 11 4 4 3 2 2 2 2 1 0 0 0 0 0
"38" 38 0.311787072243 316 68 40 38 9 9 9 8 3 0 0 0 0 0 0 0 0 0 0 0
"39" 39 0.302325581395 448 22 7 5 4 4 4 2 2 1 1 0 0 0 0 0 0 0 0 0
"40" 40 0.596412556054 189 132 118 53 4 3 1 0 0 0 0 0 0 0 0 0 0 0 0 0
"41" 41 0.730569948187 315 65 56 25 17 13 4 2 1 1 1 0 0 0 0 0 0 0 0 0
"42" 42 0.502092050209 424 20 20 18 8 6 3 1 0 0 0 0 0 0 0 0 0 0 0 0
"43" 43 0.899371069182 201 182 117 0 0 0 0 0 0 0 0 0 0 0 0 0 0 0 0 0
"44" 44 0.649635036496 291 63 36 29 28 17 12 12 4 3 2 2 1 0 0 0 0 0 0 0
"45" 45 0.138461538462 171 98 96 39 31 26 19 10 4 3 2 1 0 0 0 0 0 0 0 0
"46" 46 0.53164556962 134 133 72 56 39 30 25 8 2 1 0 0 0 0 0 0 0 0 0 0
"47" 47 0.21897810219 132 127 64 52 40 25 17 10 8 7 7 5 4 1 1 0 0 0 0 0
"48" 48 0.0710659898477 267 87 32 28 26 18 13 9 9 5 2 2 1 1 0 0 0 0 0 0
"49" 49 0.0062893081761 306 135 42 17 0 0 0 0 0 0 0 0 0 0 0 0 0 0 0 0
"50" 50 0.0 322 121 45 7 2 2 1 0 0 0 0 0 0 0 0 0 0 0 0 0
"51" 51 0.0 190 69 60 48 45 28 23 18 6 6 3 2 2 0 0 0 0 0 0 0
"52" 52 0.0 206 172 28 28 25 13 13 5 3 2 2 2 1 0 0 0 0 0 0 0
"53" 53 0.0 270 109 75 22 6 6 5 3 1 1 1 1 0 0 0 0 0 0 0 0
"54" 54 0.0 336 78 30 15 15 13 4 3 2 2 1 1 0 0 0 0 0 0 0 0
"55" 55 0.0 156 125 109 53 29 7 6 5 5 3 1 1 0 0 0 0 0 0 0 0
"56" 56 0.0288461538462 257 214 21 5 3 0 0 0 0 0 0 0 0 0 0 0 0 0 0 0
"57" 57 0.089552238806 96 78 55 39 33 32 31 27 24 18 12 12 11 8 6 5 5 4 4 0
"58" 58 0.470930232558 300 165 10 7 4 4 4 3 2 1 0 0 0 0 0 0 0 0 0 0
"59" 59 0.0822784810127 335 37 37 30 27 9 8 5 2 2 2 2 2 1 1 0 0 0 0 0
"60" 60 0.273255813953 173 82 71 67 26 24 15 13 7 7 6 6 3 0 0 0 0 0 0 0
"61" 61 0.0062893081761 327 80 30 27 11 9 7 2 2 2 1 1 1 0 0 0 0 0 0 0
"62" 62 0.222797927461 237 139 41 30 14 11 8 6 6 4 3 1 0 0 0 0 0 0 0 0
"63" 63 0.215384615385 212 72 59 55 24 24 19 12 8 6 3 3 2 1 0 0 0 0 0 0
"64" 64 0.0 268 96 65 27 7 6 5 5 5 5 5 3 2 1 0 0 0 0 0 0
"65" 65 0.0596026490066 333 86 24 11 9 9 7 6 5 3 3 2 1 1 0 0 0 0 0 0
"66" 66 0.611607142857 134 66 54 54 52 38 32 31 17 11 5 5 1 0 0 0 0 0 0 0
"67" 67 0.396624472574 126 121 68 52 51 37 9 8 8 6 4 4 3 2 1 0 0 0 0 0
"68" 68 0.0 227 85 51 49 31 26 10 4 4 4 3 2 2 1 1 0 0 0 0 0
"69" 69 0.493723849372 284 94 33 28 26 11 8 7 4 3 2 0 0 0 0 0 0 0 0 0
"70" 70 0.0 124 110 109 47 30 20 16 10 7 7 6 5 4 3 1 1 0 0 0 0
"71" 71 0.0717488789238 158 140 55 42 28 21 16 15 12 4 3 2 1 1 1 1 0 0 0 0
"72" 72 0.564853556485 104 90 68 64 63 41 40 9 7 5 4 4 1 0 0 0 0 0 0 0
"73" 73 0.0582959641256 106 94 89 75 55 35 9 8 8 5 4 3 3 3 2 1 0 0 0 0
"74" 74 0.0 393 51 43 10 2 1 0 0 0 0 0 0 0 0 0 0 0 0 0 0
"75" 75 0.0621761658031 222 148 21 20 14 12 11 10 8 7 7 6 5 4 2 2 1 0 0 0
"76" 76 0.535864978903 388 67 12 8 7 6 3 2 2 1 1 1 1 1 0 0 0 0 0 0
"77" 77 0.125475285171 382 103 9 5 1 0 0 0 0 0 0 0 0 0 0 0 0 0 0 0
"78" 78 0.0384615384615 500 0 0 0 0 0 0 0 0 0 0 0 0 0 0 0 0 0 0 0
"79" 79 0.0 365 64 34 13 12 4 2 2 2 1 1 0 0 0 0 0 0 0 0 0
"80" 80 0.0 175 103 85 58 28 18 15 7 5 2 1 1 1 1 0 0 0 0 0 0
"81" 81 0.0 246 108 94 23 20 4 2 1 1 1 0 0 0 0 0 0 0 0 0 0
"82" 82 0.0 164 128 66 63 29 18 10 8 6 5 2 1 0 0 0 0 0 0 0 0
"83" 83 0.0 415 35 32 18 0 0 0 0 0 0 0 0 0 0 0 0 0 0 0 0
"84" 84 0.0 358 47 42 26 14 8 4 1 0 0 0 0 0 0 0 0 0 0 0 0
"85" 85 0.020725388601 235 131 106 19 4 2 2 1 0 0 0 0 0 0 0 0 0 0 0 0
"86" 86 0.0 152 138 93 44 25 22 11 6 3 2 2 1 1 0 0 0 0 0 0 0
"87" 87 0.0 276 97 78 40 7 2 0 0 0 0 0 0 0 0 0 0 0 0 0 0
"88" 88 0.0 217 146 108 21 5 2 1 0 0 0 0 0 0 0 0 0 0 0 0 0
"89" 89 0.259124087591 256 69 51 44 23 20 13 10 8 3 2 1 0 0 0 0 0 0 0 0
"90" 90 0.240384615385 488 7 3 2 0 0 0 0 0 0 0 0 0 0 0 0 0 0 0 0
"91" 91 0.891191709845 184 137 100 52 15 5 2 2 2 1 0 0 0 0 0 0 0 0 0 0
"92" 92 0.522321428571 268 92 49 31 21 13 8 6 5 3 2 1 1 0 0 0 0 0 0 0
"93" 93 0.0459770114943 291 48 42 33 26 22 13 6 5 4 3 3 2 2 0 0 0 0 0 0
"94" 94 0.209302325581 100 76 57 54 51 36 34 27 14 12 11 8 8 4 3 3 2 0 0 0
"95" 95 0.384615384615 169 102 57 54 45 17 15 15 14 5 4 3 0 0 0 0 0 0 0 0
"96" 96 0.0518134715026 231 162 33 14 12 12 8 7 6 3 3 2 2 2 2 1 0 0 0 0
"97" 97 0.685534591195 196 88 68 63 57 14 9 2 1 1 1 0 0 0 0 0 0 0 0 0
"98" 98 0.71875 164 78 74 46 45 40 19 19 10 3 1 1 0 0 0 0 0 0 0 0
"99" 99 0.625 454 42 4 0 0 0 0 0 0 0 0 0 0 0 0 0 0 0 0 0
"100" 100 0.238410596026 237 75 62 53 19 17 11 11 5 5 3 2 0 0 0 0 0 0 0 0
"101" 101 0.521276595745 155 143 70 48 27 21 11 9 8 3 3 1 1 0 0 0 0 0 0 0
"102" 102 0.129533678756 161 92 55 49 40 33 28 18 10 6 4 2 2 0 0 0 0 0 0 0
"103" 103 0.0251046025105 167 124 54 41 33 17 15 11 11 9 5 5 4 2 1 1 0 0 0 0
"104" 104 0.0 441 25 17 6 5 2 1 1 1 1 0 0 0 0 0 0 0 0 0 0
"105" 105 0.188340807175 160 142 46 41 38 19 13 10 9 8 5 4 3 1 1 0 0 0 0 0
"106" 106 0.0 489 7 1 1 1 1 0 0 0 0 0 0 0 0 0 0 0 0 0 0
"107" 107 0.0 174 141 64 52 33 24 6 2 2 1 1 0 0 0 0 0 0 0 0 0
"108" 108 0.00961538461538 411 79 10 0 0 0 0 0 0 0 0 0 0 0 0 0 0 0 0 0
"109" 109 0.00418410041841 123 113 57 56 52 49 35 6 4 3 2 0 0 0 0 0 0 0 0 0
"110" 110 0.0114068441065 225 135 50 24 23 21 15 4 2 1 0 0 0 0 0 0 0 0 0 0
"111" 111 0.00995024875622 241 117 50 20 19 12 11 9 6 6 4 3 1 1 0 0 0 0 0 0
"112" 112 0.128205128205 208 115 81 19 13 11 11 9 9 7 4 4 4 2 2 1 0 0 0 0
"113" 113 0.0232558139535 466 29 4 1 0 0 0 0 0 0 0 0 0 0 0 0 0 0 0 0
"114" 114 0.529069767442 118 88 78 51 40 34 24 17 17 16 9 8 0 0 0 0 0 0 0 0
"115" 115 0.32735426009 131 72 63 53 47 47 30 24 17 6 4 3 2 1 0 0 0 0 0 0
"116" 116 0.6875 405 52 25 8 6 2 1 1 0 0 0 0 0 0 0 0 0 0 0 0
"117" 117 0.490566037736 110 110 74 72 46 41 15 7 6 5 4 3 3 2 2 0 0 0 0 0
"118" 118 0.0950570342205 148 126 97 26 23 22 17 12 9 8 7 3 1 1 0 0 0 0 0 0
"119" 119 0.15503875969 274 76 73 33 15 14 6 6 2 1 0 0 0 0 0 0 0 0 0 0
"120" 120 0.533632286996 271 104 44 31 12 9 8 6 4 4 3 2 1 1 0 0 0 0 0 0
"121" 121 0.0430622009569 342 81 34 31 7 2 1 1 1 0 0 0 0 0 0 0 0 0 0 0
"122" 122 0.00380228136882 291 109 54 28 4 3 3 2 2 1 1 1 1 0 0 0 0 0 0 0
"123" 123 0.206278026906 305 99 49 25 8 4 4 2 2 1 1 0 0 0 0 0 0 0 0 0
"124" 124 0.0 179 116 58 54 35 14 12 12 9 6 2 1 1 1 0 0 0 0 0 0
"125" 125 0.125475285171 185 90 86 67 27 23 10 6 2 2 1 1 0 0 0 0 0 0 0 0
"126" 126 0.295336787565 167 95 76 45 22 18 18 17 13 9 7 5 5 2 1 0 0 0 0 0
"127" 127 0.0 365 60 35 24 5 3 3 2 2 1 0 0 0 0 0 0 0 0 0 0
"128" 128 0.0 217 159 60 23 14 9 8 4 3 1 1 1 0 0 0 0 0 0 0 0
"129" 129 0.0430622009569 219 54 54 52 36 29 18 16 13 3 3 2 1 0 0 0 0 0 0 0
"130" 130 0.447257383966 247 118 68 29 13 8 7 4 3 2 1 0 0 0 0 0 0 0 0 0
"131" 131 0.138392857143 199 176 47 21 15 10 9 7 7 3 2 1 1 1 1 0 0 0 0 0
"132" 132 0.0 208 110 71 54 18 12 9 7 3 3 2 1 1 1 0 0 0 0 0 0
"133" 133 0.0 139 123 56 50 36 26 19 13 9 9 6 4 4 3 3 0 0 0 0 0
"134" 134 0.547085201794 208 131 36 32 26 22 19 9 5 5 3 3 1 0 0 0 0 0 0 0
"135" 135 0.209302325581 135 122 95 48 26 23 14 8 7 5 5 5 3 2 1 1 0 0 0 0
"136" 136 0.0 205 94 82 57 12 11 10 7 6 5 5 4 1 1 0 0 0 0 0 0
"137" 137 0.274611398964 235 96 62 34 19 14 12 9 6 4 3 2 2 1 1 0 0 0 0 0
"138" 138 0.602649006623 134 106 60 49 45 40 21 17 9 8 6 3 2 0 0 0 0 0 0 0
"139" 139 0.363636363636 149 99 70 51 47 45 18 9 3 3 2 2 1 1 0 0 0 0 0 0
"140" 140 0.167364016736 164 100 83 74 28 15 11 9 4 4 3 2 1 1 1 0 0 0 0 0
"141" 141 0.512820512821 272 136 47 22 8 8 3 2 1 1 0 0 0 0 0 0 0 0 0 0
"142" 142 0.392405063291 396 68 17 8 5 4 1 1 0 0 0 0 0 0 0 0 0 0 0 0
"143" 143 0.0248756218905 223 104 75 46 12 9 9 5 4 4 3 3 2 1 0 0 0 0 0 0
"144" 144 0.0673575129534 455 21 11 5 3 2 2 1 0 0 0 0 0 0 0 0 0 0 0 0
"145" 145 0.0 205 182 98 6 3 2 1 1 1 1 0 0 0 0 0 0 0 0 0 0
"146" 146 0.318407960199 168 106 56 41 36 31 30 11 10 8 2 1 0 0 0 0 0 0 0 0
"147" 147 0.518134715026 90 70 65 56 53 53 41 17 17 9 8 7 6 5 3 0 0 0 0 0
"148" 148 0.112820512821 104 87 75 54 51 35 21 20 20 11 10 9 2 1 0 0 0 0 0 0
"149" 149 0.0 178 120 81 68 19 18 6 4 4 2 0 0 0 0 0 0 0 0 0 0
"150" 150 0.0 289 179 17 5 5 3 2 0 0 0 0 0 0 0 0 0 0 0 0 0
"151" 151 0.0 271 120 59 13 10 10 7 5 2 1 1 1 0 0 0 0 0 0 0 0
"152" 152 0.0 211 200 27 22 8 8 8 7 6 2 1 0 0 0 0 0 0 0 0 0
"153" 153 0.0 500 0 0 0 0 0 0 0 0 0 0 0 0 0 0 0 0 0 0 0
"154" 154 0.0430622009569 317 33 31 22 19 17 15 12 11 8 7 3 2 2 1 0 0 0 0 0
"155" 155 0.0264900662252 418 32 16 14 8 5 3 2 2 0 0 0 0 0 0 0 0 0 0 0
"156" 156 0.0 204 105 56 35 26 20 19 13 8 7 6 1 0 0 0 0 0 0 0 0
"157" 157 0.0 500 0 0 0 0 0 0 0 0 0 0 0 0 0 0 0 0 0 0 0
"158" 158 0.0 500 0 0 0 0 0 0 0 0 0 0 0 0 0 0 0 0 0 0 0
"159" 159 0.00380228136882 327 63 32 14 12 9 8 7 6 6 5 4 3 2 1 1 0 0 0 0
"160" 160 0.0192307692308 182 179 52 46 18 14 4 2 1 1 1 0 0 0 0 0 0 0 0 0
"161" 161 0.0 327 158 15 0 0 0 0 0 0 0 0 0 0 0 0 0 0 0 0 0
"162" 162 0.010152284264 150 91 64 50 43 33 28 10 10 6 4 4 3 2 1 1 0 0 0 0
"163" 163 0.0189873417722 148 95 93 36 23 20 15 15 14 12 11 6 5 2 2 2 1 0 0 0
"164" 164 0.00961538461538 164 153 66 35 24 15 10 10 9 6 3 2 2 1 0 0 0 0 0 0
"165" 165 0.0152091254753 240 110 47 41 28 27 5 1 1 0 0 0 0 0 0 0 0 0 0 0
"166" 166 0.00995024875622 243 78 47 23 19 18 17 15 8 8 7 6 6 3 2 0 0 0 0 0
"167" 167 0.291139240506 162 150 50 27 26 24 16 10 8 7 7 6 2 2 2 1 0 0 0 0
"168" 168 0.125 174 167 58 29 20 17 12 12 6 2 2 1 0 0 0 0 0 0 0 0
"169" 169 0.041825095057 210 165 36 27 15 11 8 7 7 5 4 3 2 0 0 0 0 0 0 0
"170" 170 0.794701986755 169 61 56 50 45 38 24 13 12 9 6 5 5 4 1 1 1 0 0 0
"171" 171 0.567307692308 137 117 97 37 36 20 14 13 8 8 8 3 1 1 0 0 0 0 0 0
"172" 172 0.518987341772 291 55 40 33 18 17 14 13 8 6 4 1 0 0 0 0 0 0 0 0
"173" 173 0.189781021898 255 79 55 27 23 20 14 10 6 5 2 2 1 1 0 0 0 0 0 0
"174" 174 0.0380228136882 265 180 34 8 7 4 2 0 0 0 0 0 0 0 0 0 0 0 0 0
"175" 175 0.447257383966 171 88 66 50 38 18 18 16 14 9 3 3 2 1 1 1 1 0 0 0
"176" 176 0.00662251655629 433 21 13 10 9 7 6 1 0 0 0 0 0 0 0 0 0 0 0 0
"177" 177 0.0 468 22 5 3 2 0 0 0 0 0 0 0 0 0 0 0 0 0 0 0
"178" 178 0.0 490 4 3 1 1 1 0 0 0 0 0 0 0 0 0 0 0 0 0 0
"179" 179 0.0 440 55 4 1 0 0 0 0 0 0 0 0 0 0 0 0 0 0 0 0
"180" 180 0.0 365 50 41 16 8 6 6 6 1 1 0 0 0 0 0 0 0 0 0 0
"181" 181 0.0 339 63 61 25 8 1 1 1 1 0 0 0 0 0 0 0 0 0 0 0
"182" 182 0.0 384 51 49 14 2 0 0 0 0 0 0 0 0 0 0 0 0 0 0 0
"183" 183 0.0 218 175 34 23 21 9 4 4 4 2 2 2 2 0 0 0 0 0 0 0
"184" 184 0.00574712643678 160 139 109 23 22 20 12 9 3 2 1 0 0 0 0 0 0 0 0 0
"185" 185 0.0820512820513 405 29 26 10 10 10 3 3 2 1 1 0 0 0 0 0 0 0 0 0
"186" 186 0.0062893081761 117 103 99 54 35 26 19 12 9 8 8 7 2 1 0 0 0 0 0 0
"187" 187 0.0993377483444 249 47 45 30 28 25 25 20 19 4 3 3 1 1 0 0 0 0 0 0
"188" 188 0.564102564103 436 62 1 1 0 0 0 0 0 0 0 0 0 0 0 0 0 0 0 0
"189" 189 0.00574712643678 195 162 79 22 18 17 3 2 1 1 0 0 0 0 0 0 0 0 0 0
"190" 190 0.389937106918 439 36 24 1 0 0 0 0 0 0 0 0 0 0 0 0 0 0 0 0
"191" 191 0.0602836879433 201 110 65 57 29 16 5 5 5 3 2 2 0 0 0 0 0 0 0 0
"192" 192 0.0 491 4 2 2 1 0 0 0 0 0 0 0 0 0 0 0 0 0 0 0
"193" 193 0.313901345291 272 104 36 30 19 14 7 6 5 2 2 1 1 1 0 0 0 0 0 0
"194" 194 0.26582278481 323 90 74 4 4 3 1 1 0 0 0 0 0 0 0 0 0 0 0 0
"195" 195 0.0 194 96 72 46 20 15 13 12 10 10 4 3 3 1 1 0 0 0 0 0
"196" 196 0.00418410041841 181 85 56 45 29 27 23 17 11 7 7 6 3 2 1 0 0 0 0 0
"197" 197 0.544303797468 133 102 78 52 45 29 27 12 7 5 4 4 1 1 0 0 0 0 0 0
"198" 198 0.201923076923 122 98 66 45 27 26 23 22 18 16 10 9 5 5 4 2 1 1 0 0
"199" 199 0.0 184 165 132 11 3 2 2 1 0 0 0 0 0 0 0 0 0 0 0 0
"200" 200 0.0746268656716 257 136 38 19 12 11 8 5 4 3 3 2 1 1 0 0 0 0 0 0
"201" 201 0.346153846154 489 5 2 2 1 1 0 0 0 0 0 0 0 0 0 0 0 0 0 0
"202" 202 0.803571428571 432 27 20 16 3 2 0 0 0 0 0 0 0 0 0 0 0 0 0 0
"203" 203 0.152482269504 499 1 0 0 0 0 0 0 0 0 0 0 0 0 0 0 0 0 0 0
"204" 204 0.544642857143 177 73 69 63 50 26 15 13 5 4 2 1 1 1 0 0 0 0 0 0
"205" 205 0.410852713178 94 86 80 69 50 46 37 22 8 6 1 1 0 0 0 0 0 0 0 0
"206" 206 0.110266159696 275 91 44 43 34 5 3 3 1 1 0 0 0 0 0 0 0 0 0 0
"207" 207 0.0 240 78 60 40 31 15 13 9 6 2 2 2 1 1 0 0 0 0 0 0
"208" 208 0.0 253 129 33 31 11 10 9 8 7 4 2 1 1 1 0 0 0 0 0 0
"209" 209 0.0696202531646 200 89 84 51 35 10 10 9 6 4 1 1 0 0 0 0 0 0 0 0
"210" 210 0.293532338308 130 120 113 33 25 24 21 10 6 6 4 3 3 1 1 0 0 0 0 0
"211" 211 0.124378109453 297 43 38 32 27 15 9 9 9 5 4 4 3 2 2 1 0 0 0 0
"212" 212 0.00507614213198 154 104 58 53 38 25 15 15 13 10 10 4 1 0 0 0 0 0 0 0
"213" 213 0.42194092827 95 84 69 68 65 53 14 13 11 9 8 5 4 1 1 0 0 0 0 0
"214" 214 0.738461538462 168 157 94 42 19 12 5 2 1 0 0 0 0 0 0 0 0 0 0 0
"215" 215 0.182741116751 271 93 35 30 23 11 10 8 8 5 2 2 1 1 0 0 0 0 0 0
"216" 216 0.777372262774 356 52 35 13 11 9 8 6 6 2 2 0 0 0 0 0 0 0 0 0
"217" 217 0.143540669856 400 38 26 18 5 3 3 3 1 1 1 1 0 0 0 0 0 0 0 0
"218" 218 0.402298850575 153 58 43 41 34 29 27 22 20 20 19 11 10 10 1 1 1 0 0 0
"219" 219 0.576923076923 500 0 0 0 0 0 0 0 0 0 0 0 0 0 0 0 0 0 0 0
"220" 220 0.699481865285 186 161 112 21 10 3 3 2 1 1 0 0 0 0 0 0 0 0 0 0
"221" 221 0.238341968912 102 92 63 46 39 35 19 19 16 14 14 12 11 7 6 4 1 0 0 0
"222" 222 0.310218978102 129 103 78 45 33 17 17 17 13 13 9 9 5 5 3 3 1 0 0 0
"223" 223 0.010152284264 328 92 20 10 9 8 7 7 6 6 3 2 1 1 0 0 0 0 0 0
"224" 224 0.0248756218905 194 77 52 47 41 26 17 13 8 8 6 4 4 2 1 0 0 0 0 0
"225" 225 0.00507614213198 133 130 80 54 42 19 17 8 4 4 4 3 2 0 0 0 0 0 0 0
"226" 226 0.0143540669856 313 68 66 34 10 3 2 2 1 1 0 0 0 0 0 0 0 0 0 0
"227" 227 0.00574712643678 254 118 74 47 2 2 1 1 1 0 0 0 0 0 0 0 0 0 0 0
"228" 228 0.0 494 4 2 0 0 0 0 0 0 0 0 0 0 0 0 0 0 0 0 0
"229" 229 0.295336787565 123 114 66 38 37 36 25 20 11 9 8 5 4 4 0 0 0 0 0 0
"230" 230 0.41059602649 284 38 33 30 25 21 14 12 10 9 7 6 5 4 2 0 0 0 0 0
"231" 231 0.0310880829016 387 52 28 22 6 1 1 1 1 1 0 0 0 0 0 0 0 0 0 0
"232" 232 0.566037735849 422 43 16 9 4 3 1 1 1 0 0 0 0 0 0 0 0 0 0 0
"233" 233 0.255230125523 152 118 54 51 48 36 19 10 4 3 2 2 1 0 0 0 0 0 0 0
"234" 234 0.0746268656716 132 127 96 53 29 22 18 7 6 5 3 1 1 0 0 0 0 0 0 0
"235" 235 0.75 122 73 60 58 46 43 26 26 22 20 3 1 0 0 0 0 0 0 0 0
"236" 236 0.482142857143 158 132 41 40 34 26 19 12 11 10 8 3 2 2 1 1 0 0 0 0
"237" 237 0.0430622009569 193 113 89 45 36 12 4 2 2 1 1 1 1 0 0 0 0 0 0 0
"238" 238 0.0 406 37 16 14 13 8 3 2 1 0 0 0 0 0 0 0 0 0 0 0
"239" 239 0.291139240506 148 111 94 57 35 16 12 12 8 3 3 1 0 0 0 0 0 0 0 0
"240" 240 0.0062893081761 147 118 111 46 24 16 6 5 4 4 4 4 3 3 1 1 1 1 1 0
"241" 241 0.379464285714 155 101 62 55 42 25 13 12 12 11 7 4 1 0 0 0 0 0 0 0
"242" 242 0.203980099502 233 58 47 44 37 22 19 13 11 6 5 2 2 1 0 0 0 0 0 0
"243" 243 0.0149253731343 190 168 66 31 18 6 4 4 3 2 2 2 2 1 1 0 0 0 0 0
"244" 244 0.388059701493 187 74 70 36 26 25 18 14 9 9 9 9 6 2 2 2 1 1 0 0
"245" 245 0.526785714286 141 139 57 50 42 19 12 10 9 7 6 3 3 1 1 0 0 0 0 0
"246" 246 0.062015503876 169 161 33 27 24 21 19 12 10 8 7 4 2 1 1 1 0 0 0 0
"247" 247 0.0172413793103 169 109 78 71 21 17 7 6 6 6 5 2 2 1 0 0 0 0 0 0
"248" 248 0.544303797468 102 85 61 59 57 45 33 25 10 8 5 4 3 1 1 1 0 0 0 0
"249" 249 0.798449612403 401 99 0 0 0 0 0 0 0 0 0 0 0 0 0 0 0 0 0 0
"250" 250 0.191860465116 156 86 61 44 43 36 25 10 9 8 7 6 4 3 1 1 0 0 0 0
"251" 251 0.350993377483 186 125 57 46 42 21 7 4 3 3 2 1 1 1 1 0 0 0 0 0
"252" 252 0.0 214 207 26 23 11 8 2 2 2 1 1 1 1 1 0 0 0 0 0 0
"253" 253 0.340807174888 166 99 43 41 40 37 34 9 9 6 6 3 2 2 1 1 1 0 0 0
"254" 254 0.632124352332 440 60 0 0 0 0 0 0 0 0 0 0 0 0 0 0 0 0 0 0
"255" 255 0.247148288973 350 57 51 34 3 2 2 1 0 0 0 0 0 0 0 0 0 0 0 0
"256" 256 0.051724137931 235 65 59 28 27 21 15 13 13 10 5 4 2 2 1 0 0 0 0 0
"257" 257 0.236607142857 258 97 43 30 24 12 10 6 6 4 4 4 2 0 0 0 0 0 0 0
"258" 258 0.233502538071 187 88 80 36 33 32 21 11 7 2 1 1 1 0 0 0 0 0 0 0
"259" 259 0.299578059072 222 100 41 32 26 24 19 13 7 4 4 3 2 2 1 0 0 0 0 0
"260" 260 0.409282700422 189 87 62 49 38 29 15 10 7 4 3 3 2 1 1 0 0 0 0 0
"261" 261 0.166666666667 337 49 23 21 20 13 8 7 7 7 5 2 1 0 0 0 0 0 0 0
"262" 262 0.751196172249 99 99 54 51 47 31 29 28 25 12 9 5 4 2 2 2 1 0 0 0
"263" 263 0.413461538462 499 1 0 0 0 0 0 0 0 0 0 0 0 0 0 0 0 0 0 0
"264" 264 0.251046025105 235 123 76 19 11 8 7 6 6 2 2 2 2 1 0 0 0 0 0 0
"265" 265 0.424870466321 299 115 41 25 5 5 4 2 2 1 1 0 0 0 0 0 0 0 0 0
"266" 266 0.124401913876 167 158 115 43 6 4 3 2 1 1 0 0 0 0 0 0 0 0 0 0
"267" 267 0.251655629139 402 37 18 13 6 5 4 4 3 3 2 2 1 0 0 0 0 0 0 0
"268" 268 0.0760456273764 204 197 27 15 13 10 9 8 7 4 4 1 1 0 0 0 0 0 0 0
"269" 269 0.726235741445 215 57 43 42 40 39 18 17 15 5 4 3 1 1 0 0 0 0 0 0
"270" 270 0.00418410041841 222 198 27 23 22 4 2 1 1 0 0 0 0 0 0 0 0 0 0 0
"271" 271 0.0 266 74 70 27 23 9 9 7 5 4 3 2 1 0 0 0 0 0 0 0
"272" 272 0.0728476821192 216 83 83 58 34 17 4 2 1 1 1 0 0 0 0 0 0 0 0 0
"273" 273 0.395348837209 171 118 60 30 27 25 15 15 14 8 5 4 3 3 1 1 0 0 0 0
"274" 274 0.125523012552 212 128 101 49 6 2 1 1 0 0 0 0 0 0 0 0 0 0 0 0
"275" 275 0.00574712643678 152 114 112 46 23 17 16 10 3 3 3 1 0 0 0 0 0 0 0 0
"276" 276 0.333333333333 339 49 40 20 15 11 10 7 6 2 1 0 0 0 0 0 0 0 0 0
"277" 277 0.325892857143 170 85 80 53 23 22 21 15 13 11 2 2 2 1 0 0 0 0 0 0
"278" 278 0.0 174 166 46 35 27 12 11 9 7 6 3 2 1 1 0 0 0 0 0 0
"279" 279 0.0 277 207 11 1 1 1 1 1 0 0 0 0 0 0 0 0 0 0 0 0
"280" 280 0.428571428571 202 151 36 32 25 21 8 7 6 5 4 1 1 1 0 0 0 0 0 0
"281" 281 0.10460251046 338 61 59 18 13 4 2 2 2 1 0 0 0 0 0 0 0 0 0 0
"282" 282 0.0 396 66 21 8 4 2 1 1 1 0 0 0 0 0 0 0 0 0 0 0
"283" 283 0.0 490 7 2 1 0 0 0 0 0 0 0 0 0 0 0 0 0 0 0 0
"284" 284 0.503649635036 164 111 80 60 26 16 15 12 7 5 2 1 1 0 0 0 0 0 0 0
"285" 285 0.292307692308 91 56 54 48 41 39 37 27 27 26 23 18 7 5 1 0 0 0 0 0
"286" 286 0.0398009950249 317 63 52 19 17 11 10 6 5 0 0 0 0 0 0 0 0 0 0 0
"287" 287 0.596153846154 396 88 7 4 2 2 1 0 0 0 0 0 0 0 0 0 0 0 0 0
"288" 288 0.238805970149 401 32 29 13 12 8 3 2 0 0 0 0 0 0 0 0 0 0 0 0
"289" 289 0.609137055838 318 66 42 38 18 6 4 3 2 2 1 0 0 0 0 0 0 0 0 0
