"site" "RSA" "aa1" "aa2" "aa3" "aa4" "aa5" "aa6" "aa7" "aa8" "aa9" "aa10" "aa11" "aa12" "aa13" "aa14" "aa15" "aa16" "aa17" "aa18" "aa19" "aa20"
"0" 0 0.773255813953 153 132 53 50 34 22 22 17 8 5 4 0 0 0 0 0 0 0 0 0
"1" 1 0.313432835821 373 31 26 14 13 8 7 6 6 6 6 3 1 0 0 0 0 0 0 0
"2" 2 0.15611814346 248 143 41 32 15 7 4 4 3 1 1 1 0 0 0 0 0 0 0 0
"3" 3 0.0 264 102 72 50 6 5 1 0 0 0 0 0 0 0 0 0 0 0 0 0
"4" 4 0.0 353 147 0 0 0 0 0 0 0 0 0 0 0 0 0 0 0 0 0 0
"5" 5 0.0 284 116 25 21 14 14 11 9 5 1 0 0 0 0 0 0 0 0 0 0
"6" 6 0.046357615894 316 123 36 14 4 3 2 1 1 0 0 0 0 0 0 0 0 0 0 0
"7" 7 0.0 414 28 20 15 15 3 2 2 1 0 0 0 0 0 0 0 0 0 0 0
"8" 8 0.149253731343 213 148 45 25 21 18 12 11 2 1 1 1 1 1 0 0 0 0 0 0
"9" 9 0.31007751938 213 116 44 28 27 25 22 8 7 5 4 1 0 0 0 0 0 0 0 0
"10" 10 0.108527131783 353 94 34 8 6 3 2 0 0 0 0 0 0 0 0 0 0 0 0 0
"11" 11 0.383419689119 436 28 17 11 2 2 1 1 1 1 0 0 0 0 0 0 0 0 0 0
"12" 12 0.422053231939 116 73 71 57 42 42 36 22 20 18 1 1 1 0 0 0 0 0 0 0
"13" 13 0.635658914729 383 60 17 15 14 7 4 0 0 0 0 0 0 0 0 0 0 0 0 0
"14" 14 0.420512820513 279 109 30 30 22 8 8 8 3 2 1 0 0 0 0 0 0 0 0 0
"15" 15 0.1589958159 112 102 75 68 37 29 28 15 8 8 5 5 2 2 1 1 1 1 0 0
"16" 16 0.341085271318 204 153 86 24 13 4 3 3 2 2 2 1 1 1 1 0 0 0 0 0
"17" 17 0.370860927152 319 77 40 27 9 7 6 6 3 2 2 1 1 0 0 0 0 0 0 0
"18" 18 0.0580357142857 367 46 36 17 15 7 5 4 1 1 1 0 0 0 0 0 0 0 0 0
"19" 19 0.0 386 75 13 7 6 6 6 1 0 0 0 0 0 0 0 0 0 0 0 0
"20" 20 0.364341085271 145 117 74 53 39 28 22 12 5 4 1 0 0 0 0 0 0 0 0 0
"21" 21 0.215328467153 349 73 42 15 6 4 2 2 2 2 2 1 0 0 0 0 0 0 0 0
"22" 22 0.0 147 120 52 46 35 25 23 12 12 12 9 4 2 1 0 0 0 0 0 0
"23" 23 0.3125 265 85 57 57 18 7 7 2 1 1 0 0 0 0 0 0 0 0 0 0
"24" 24 0.620535714286 316 44 34 26 22 15 14 13 8 4 2 2 0 0 0 0 0 0 0 0
"25" 25 0.0988372093023 284 193 22 1 0 0 0 0 0 0 0 0 0 0 0 0 0 0 0 0
"26" 26 0.373056994819 237 86 47 29 23 23 20 10 8 7 5 3 2 0 0 0 0 0 0 0
"27" 27 0.0232558139535 372 97 21 7 1 1 1 0 0 0 0 0 0 0 0 0 0 0 0 0
"28" 28 0.272321428571 223 156 58 22 10 8 6 6 5 5 1 0 0 0 0 0 0 0 0 0
"29" 29 0.0456273764259 231 144 54 33 13 8 7 6 4 0 0 0 0 0 0 0 0 0 0 0
"30" 30 0.0 157 124 70 69 37 29 7 5 1 1 0 0 0 0 0 0 0 0 0 0
"31" 31 0.0 219 187 82 9 1 1 1 0 0 0 0 0 0 0 0 0 0 0 0 0
"32" 32 0.0 479 6 5 4 2 2 1 1 0 0 0 0 0 0 0 0 0 0 0 0
"33" 33 0.0310880829016 177 144 86 42 29 9 5 3 2 1 1 1 0 0 0 0 0 0 0 0
"34" 34 0.0406091370558 398 65 27 6 1 1 1 1 0 0 0 0 0 0 0 0 0 0 0 0
"35" 35 0.0366972477064 301 79 33 23 23 14 13 13 1 0 0 0 0 0 0 0 0 0 0 0
"36" 36 0.165803108808 499 1 0 0 0 0 0 0 0 0 0 0 0 0 0 0 0 0 0 0
"37" 37 0.211538461538 500 0 0 0 0 0 0 0 0 0 0 0 0 0 0 0 0 0 0 0
"38" 38 0.650224215247 255 115 43 33 21 18 7 2 2 2 1 1 0 0 0 0 0 0 0 0
"39" 39 0.171548117155 264 197 36 1 1 1 0 0 0 0 0 0 0 0 0 0 0 0 0 0
"40" 40 0.0459770114943 340 133 21 2 2 1 1 0 0 0 0 0 0 0 0 0 0 0 0 0
"41" 41 0.635220125786 343 68 49 22 18 0 0 0 0 0 0 0 0 0 0 0 0 0 0 0
"42" 42 0.45641025641 168 132 53 53 52 14 10 7 4 4 2 1 0 0 0 0 0 0 0 0
"43" 43 0.664974619289 218 107 82 47 36 4 2 2 1 1 0 0 0 0 0 0 0 0 0 0
"44" 44 0.198675496689 396 66 35 3 0 0 0 0 0 0 0 0 0 0 0 0 0 0 0 0
"45" 45 0.0962343096234 210 156 89 19 11 10 4 1 0 0 0 0 0 0 0 0 0 0 0 0
"46" 46 0.307692307692 238 124 49 44 29 5 4 2 2 1 1 1 0 0 0 0 0 0 0 0
"47" 47 0.131782945736 211 165 38 28 24 21 12 1 0 0 0 0 0 0 0 0 0 0 0 0
"48" 48 0.740932642487 110 95 79 77 65 21 20 19 8 2 1 1 1 1 0 0 0 0 0 0
"49" 49 0.252873563218 137 132 76 67 27 23 15 9 7 3 1 1 1 1 0 0 0 0 0 0
"50" 50 0.0 218 153 42 30 18 14 10 9 6 0 0 0 0 0 0 0 0 0 0 0
"51" 51 0.294573643411 200 120 76 33 24 16 16 7 3 2 2 1 0 0 0 0 0 0 0 0
"52" 52 0.483443708609 155 80 63 56 43 41 27 25 4 2 2 2 0 0 0 0 0 0 0 0
"53" 53 0.0137614678899 99 96 74 66 41 38 23 22 10 8 7 5 4 4 2 1 0 0 0 0
"54" 54 0.189781021898 300 72 28 24 15 13 13 10 10 9 6 0 0 0 0 0 0 0 0 0
"55" 55 0.675105485232 197 88 73 54 20 18 14 12 9 6 5 3 1 0 0 0 0 0 0 0
"56" 56 0.377990430622 236 163 46 25 10 10 4 3 2 1 0 0 0 0 0 0 0 0 0 0
"57" 57 0.0596026490066 457 13 8 8 7 5 1 1 0 0 0 0 0 0 0 0 0 0 0 0
"58" 58 0.759493670886 259 92 55 45 23 20 6 0 0 0 0 0 0 0 0 0 0 0 0 0
"59" 59 0.144278606965 398 72 24 2 1 1 1 1 0 0 0 0 0 0 0 0 0 0 0 0
"60" 60 0.224137931034 176 87 54 44 41 40 23 14 12 5 4 0 0 0 0 0 0 0 0 0
"61" 61 0.0 465 16 6 4 3 3 1 1 1 0 0 0 0 0 0 0 0 0 0 0
"62" 62 0.0 254 184 21 13 7 6 6 3 2 2 1 1 0 0 0 0 0 0 0 0
"63" 63 0.0 278 104 46 31 25 10 4 2 0 0 0 0 0 0 0 0 0 0 0 0
"64" 64 0.0 322 137 16 10 5 5 3 1 1 0 0 0 0 0 0 0 0 0 0 0
"65" 65 0.0 166 120 116 31 31 12 11 7 4 2 0 0 0 0 0 0 0 0 0 0
"66" 66 0.0137614678899 428 19 15 9 8 8 5 5 1 1 1 0 0 0 0 0 0 0 0 0
"67" 67 0.0114942528736 122 112 92 43 42 37 28 14 9 1 0 0 0 0 0 0 0 0 0 0
"68" 68 0.241379310345 238 189 24 19 8 7 5 3 2 2 2 1 0 0 0 0 0 0 0 0
"69" 69 0.414507772021 431 29 13 12 8 6 1 0 0 0 0 0 0 0 0 0 0 0 0 0
"70" 70 0.0062893081761 241 186 36 24 11 1 1 0 0 0 0 0 0 0 0 0 0 0 0 0
"71" 71 0.200892857143 309 73 38 31 21 10 4 4 4 3 2 1 0 0 0 0 0 0 0 0
"72" 72 0.481751824818 314 93 32 22 20 8 7 2 1 1 0 0 0 0 0 0 0 0 0 0
"73" 73 0.304182509506 216 212 20 15 10 8 5 5 4 2 1 1 1 0 0 0 0 0 0 0
"74" 74 0.0114942528736 247 79 58 41 35 28 7 5 0 0 0 0 0 0 0 0 0 0 0 0
"75" 75 0.464285714286 180 136 81 32 20 13 11 10 8 5 3 1 0 0 0 0 0 0 0 0
"76" 76 0.325581395349 126 66 55 45 42 41 37 35 33 12 4 2 1 1 0 0 0 0 0 0
"77" 77 0.00836820083682 196 175 70 27 18 5 5 2 1 1 0 0 0 0 0 0 0 0 0 0
"78" 78 0.22480620155 374 32 26 22 17 8 4 3 3 3 3 2 2 1 0 0 0 0 0 0
"79" 79 0.681614349776 152 82 73 55 52 41 26 5 4 4 3 2 1 0 0 0 0 0 0 0
"80" 80 0.0697674418605 475 22 3 0 0 0 0 0 0 0 0 0 0 0 0 0 0 0 0 0
"81" 81 0.182692307692 500 0 0 0 0 0 0 0 0 0 0 0 0 0 0 0 0 0 0 0
"82" 82 0.0542635658915 281 214 3 2 0 0 0 0 0 0 0 0 0 0 0 0 0 0 0 0
"83" 83 0.305699481865 457 41 1 1 0 0 0 0 0 0 0 0 0 0 0 0 0 0 0 0
"84" 84 0.0152284263959 171 134 74 61 23 17 8 5 2 2 2 1 0 0 0 0 0 0 0 0
"85" 85 0.0 139 133 96 39 38 29 14 6 2 2 2 0 0 0 0 0 0 0 0 0
"86" 86 0.0 274 69 55 44 39 18 1 0 0 0 0 0 0 0 0 0 0 0 0 0
"87" 87 0.010152284264 189 113 101 78 13 6 0 0 0 0 0 0 0 0 0 0 0 0 0 0
"88" 88 0.0 382 56 41 9 4 4 3 1 0 0 0 0 0 0 0 0 0 0 0 0
"89" 89 0.127906976744 272 58 44 29 23 22 13 12 10 10 3 2 1 1 0 0 0 0 0 0
"90" 90 0.272321428571 279 69 48 39 32 15 8 4 3 2 1 0 0 0 0 0 0 0 0 0
"91" 91 0.0529801324503 315 185 0 0 0 0 0 0 0 0 0 0 0 0 0 0 0 0 0 0
"92" 92 0.104651162791 469 26 4 1 0 0 0 0 0 0 0 0 0 0 0 0 0 0 0 0
"93" 93 0.850364963504 430 22 18 17 7 6 0 0 0 0 0 0 0 0 0 0 0 0 0 0
"94" 94 0.636363636364 198 110 107 38 30 8 3 3 1 1 1 0 0 0 0 0 0 0 0 0
"95" 95 0.147208121827 164 144 86 53 30 12 5 2 1 1 1 1 0 0 0 0 0 0 0 0
"96" 96 0.406698564593 167 82 80 48 30 29 20 15 11 11 3 2 1 1 0 0 0 0 0 0
"97" 97 0.317307692308 178 163 36 34 28 24 15 8 6 4 2 1 1 0 0 0 0 0 0 0
"98" 98 0.0232558139535 276 143 35 24 10 8 2 1 1 0 0 0 0 0 0 0 0 0 0 0
"99" 99 0.0 452 14 9 8 7 3 3 1 1 1 1 0 0 0 0 0 0 0 0 0
"100" 100 0.488789237668 278 52 51 42 42 9 9 7 4 2 2 1 1 0 0 0 0 0 0 0
"101" 101 0.430379746835 101 96 85 63 43 42 42 11 10 2 2 1 1 1 0 0 0 0 0 0
"102" 102 0.0 418 17 15 14 13 11 3 2 2 2 1 1 1 0 0 0 0 0 0 0
"103" 103 0.371308016878 208 76 72 68 44 6 6 6 4 3 3 3 1 0 0 0 0 0 0 0
"104" 104 0.705426356589 212 78 64 50 46 14 12 10 7 5 1 1 0 0 0 0 0 0 0 0
"105" 105 0.271317829457 365 53 30 23 20 2 2 2 2 1 0 0 0 0 0 0 0 0 0 0
"106" 106 0.673076923077 499 1 0 0 0 0 0 0 0 0 0 0 0 0 0 0 0 0 0 0
"107" 107 0.0733944954128 266 101 90 23 8 6 3 2 1 0 0 0 0 0 0 0 0 0 0 0
"108" 108 0.472573839662 173 165 79 39 28 9 3 2 1 1 0 0 0 0 0 0 0 0 0 0
"109" 109 0.0 448 34 13 5 0 0 0 0 0 0 0 0 0 0 0 0 0 0 0 0
"110" 110 0.0 424 72 4 0 0 0 0 0 0 0 0 0 0 0 0 0 0 0 0 0
"111" 111 0.0 152 111 105 97 23 8 2 1 1 0 0 0 0 0 0 0 0 0 0 0
"112" 112 0.0 447 18 15 14 3 2 1 0 0 0 0 0 0 0 0 0 0 0 0 0
"113" 113 0.0 267 130 61 15 7 7 7 4 2 0 0 0 0 0 0 0 0 0 0 0
"114" 114 0.153846153846 112 100 84 74 47 29 21 12 7 7 3 2 2 0 0 0 0 0 0 0
"115" 115 0.150943396226 114 93 85 66 36 28 26 17 10 7 6 6 5 1 0 0 0 0 0 0
"116" 116 0.692307692308 179 68 67 46 35 30 20 16 12 10 9 4 2 1 1 0 0 0 0 0
"117" 117 0.151162790698 180 144 89 25 15 13 12 5 5 5 3 2 2 0 0 0 0 0 0 0
"118" 118 0.465408805031 190 128 73 41 39 13 7 4 3 1 1 0 0 0 0 0 0 0 0 0
"119" 119 0.093023255814 115 98 76 66 50 29 26 22 7 6 2 2 1 0 0 0 0 0 0 0
"120" 120 0.470930232558 215 89 53 52 33 22 22 6 4 3 1 0 0 0 0 0 0 0 0 0
"121" 121 0.248062015504 118 107 85 39 35 25 20 19 19 9 8 7 6 1 1 1 0 0 0 0
"122" 122 0.0 251 67 41 41 22 22 15 14 9 6 6 3 3 0 0 0 0 0 0 0
"123" 123 0.388392857143 114 113 69 64 51 35 22 18 6 5 2 1 0 0 0 0 0 0 0 0
"124" 124 0.534591194969 190 186 31 31 15 11 9 7 6 5 4 3 2 0 0 0 0 0 0 0
"125" 125 0.00995024875622 260 103 82 51 2 1 1 0 0 0 0 0 0 0 0 0 0 0 0 0
"126" 126 0.00995024875622 380 48 48 8 8 5 2 1 0 0 0 0 0 0 0 0 0 0 0 0
"127" 127 0.616580310881 193 116 92 49 12 11 10 6 4 3 1 1 1 1 0 0 0 0 0 0
"128" 128 0.0796019900498 238 121 43 29 22 14 14 8 5 2 1 1 1 1 0 0 0 0 0 0
"129" 129 0.0574712643678 248 214 16 11 5 4 1 1 0 0 0 0 0 0 0 0 0 0 0 0
"130" 130 0.284974093264 445 23 19 3 3 3 2 1 1 0 0 0 0 0 0 0 0 0 0 0
"131" 131 0.00896860986547 149 123 106 35 19 17 11 11 9 7 6 3 2 1 1 0 0 0 0 0
"132" 132 0.0 254 59 58 29 28 21 18 16 16 1 0 0 0 0 0 0 0 0 0 0
"133" 133 0.0 96 86 84 71 49 46 42 13 6 6 1 0 0 0 0 0 0 0 0 0
"134" 134 0.0 252 152 85 4 3 2 1 1 0 0 0 0 0 0 0 0 0 0 0 0
"135" 135 0.0183486238532 136 130 123 34 32 32 6 4 3 0 0 0 0 0 0 0 0 0 0 0
"136" 136 0.0 412 49 35 2 1 1 0 0 0 0 0 0 0 0 0 0 0 0 0 0
"137" 137 0.0459770114943 200 169 34 31 30 18 6 5 3 3 1 0 0 0 0 0 0 0 0 0
"138" 138 0.441025641026 207 109 66 28 24 21 10 10 8 5 3 3 3 2 1 0 0 0 0 0
"139" 139 0.138364779874 334 84 57 5 5 5 2 2 2 2 1 1 0 0 0 0 0 0 0 0
"140" 140 0.0480769230769 500 0 0 0 0 0 0 0 0 0 0 0 0 0 0 0 0 0 0 0
"141" 141 0.464435146444 146 128 109 30 24 24 15 8 7 4 2 2 1 0 0 0 0 0 0 0
"142" 142 0.519230769231 126 121 76 55 48 20 13 13 11 7 6 3 1 0 0 0 0 0 0 0
"143" 143 0.586538461538 495 4 1 0 0 0 0 0 0 0 0 0 0 0 0 0 0 0 0 0
"144" 144 0.210762331839 232 68 55 51 43 14 6 6 6 5 5 4 4 1 0 0 0 0 0 0
"145" 145 0.651162790698 286 83 42 30 20 18 7 6 2 2 2 1 1 0 0 0 0 0 0 0
"146" 146 0.167364016736 313 181 2 2 1 1 0 0 0 0 0 0 0 0 0 0 0 0 0 0
"147" 147 0.187817258883 262 94 56 33 22 17 7 3 2 2 2 0 0 0 0 0 0 0 0 0
"148" 148 0.427672955975 222 91 71 35 27 23 11 7 7 3 2 1 0 0 0 0 0 0 0 0
"149" 149 0.513392857143 124 116 104 45 43 32 21 9 3 2 1 0 0 0 0 0 0 0 0 0
"150" 150 0.0253164556962 349 80 42 13 10 2 2 2 0 0 0 0 0 0 0 0 0 0 0 0
"151" 151 0.119402985075 372 39 34 23 11 11 3 3 2 1 1 0 0 0 0 0 0 0 0 0
"152" 152 0.611607142857 136 117 105 81 28 14 12 4 2 1 0 0 0 0 0 0 0 0 0 0
"153" 153 0.0970464135021 145 89 86 51 43 43 14 10 8 4 4 1 1 1 0 0 0 0 0 0
"154" 154 0.0 376 100 12 9 2 1 0 0 0 0 0 0 0 0 0 0 0 0 0 0
"155" 155 0.356589147287 261 73 48 34 32 22 13 8 5 3 1 0 0 0 0 0 0 0 0 0
"156" 156 0.296511627907 152 87 71 52 33 23 18 17 15 13 7 6 4 1 1 0 0 0 0 0
"157" 157 0.0 156 132 90 58 28 13 8 5 4 3 2 1 0 0 0 0 0 0 0 0
"158" 158 0.147286821705 114 83 79 57 54 37 28 21 14 10 2 1 0 0 0 0 0 0 0 0
"159" 159 0.510548523207 158 100 65 53 42 30 30 11 6 3 1 1 0 0 0 0 0 0 0 0
"160" 160 0.13829787234 275 81 41 29 21 19 11 8 4 4 3 3 1 0 0 0 0 0 0 0
"161" 161 0.222627737226 341 92 27 23 14 1 1 1 0 0 0 0 0 0 0 0 0 0 0 0
"162" 162 0.683937823834 197 89 74 52 51 14 9 9 3 2 0 0 0 0 0 0 0 0 0 0
"163" 163 0.46875 235 71 68 63 24 12 8 7 4 3 3 1 1 0 0 0 0 0 0 0
"164" 164 0.337552742616 340 89 48 9 5 5 2 2 0 0 0 0 0 0 0 0 0 0 0 0
"165" 165 0.692307692308 302 198 0 0 0 0 0 0 0 0 0 0 0 0 0 0 0 0 0 0
"166" 166 0.228855721393 437 37 12 10 2 1 1 0 0 0 0 0 0 0 0 0 0 0 0 0
"167" 167 0.761589403974 418 49 28 4 1 0 0 0 0 0 0 0 0 0 0 0 0 0 0 0
"168" 168 0.0334728033473 382 41 34 26 16 1 0 0 0 0 0 0 0 0 0 0 0 0 0 0
"169" 169 0.176165803109 150 137 68 32 31 28 14 11 10 9 3 3 2 1 1 0 0 0 0 0
"170" 170 0.0 389 63 18 16 12 1 1 0 0 0 0 0 0 0 0 0 0 0 0 0
"171" 171 0.0 231 166 42 28 16 8 4 3 2 0 0 0 0 0 0 0 0 0 0 0
"172" 172 0.0 290 98 67 41 4 0 0 0 0 0 0 0 0 0 0 0 0 0 0 0
"173" 173 0.0829015544041 195 135 108 17 14 13 13 2 1 1 1 0 0 0 0 0 0 0 0 0
"174" 174 0.0673076923077 500 0 0 0 0 0 0 0 0 0 0 0 0 0 0 0 0 0 0 0
"175" 175 0.259615384615 480 11 3 3 2 1 0 0 0 0 0 0 0 0 0 0 0 0 0 0
"176" 176 0.0344827586207 303 90 78 11 11 3 2 2 0 0 0 0 0 0 0 0 0 0 0 0
"177" 177 0.20725388601 372 99 20 4 4 1 0 0 0 0 0 0 0 0 0 0 0 0 0 0
"178" 178 0.312820512821 266 90 55 36 24 13 5 5 2 1 1 1 1 0 0 0 0 0 0 0
"179" 179 0.704641350211 184 162 46 45 22 17 12 6 3 2 1 0 0 0 0 0 0 0 0 0
"180" 180 0.139534883721 382 46 29 19 11 5 4 3 1 0 0 0 0 0 0 0 0 0 0 0
"181" 181 0.0 227 174 56 35 3 3 2 0 0 0 0 0 0 0 0 0 0 0 0 0
"182" 182 0.310218978102 169 122 61 44 30 21 15 9 9 9 4 4 2 1 0 0 0 0 0 0
"183" 183 0.325581395349 287 70 58 25 25 9 9 9 3 2 1 1 1 0 0 0 0 0 0 0
"184" 184 0.0 312 54 51 27 17 13 13 11 2 0 0 0 0 0 0 0 0 0 0 0
"185" 185 0.365019011407 286 108 45 22 20 11 3 2 1 1 1 0 0 0 0 0 0 0 0 0
"186" 186 0.575892857143 167 132 86 48 22 14 14 8 4 2 1 1 1 0 0 0 0 0 0 0
"187" 187 0.15503875969 499 1 0 0 0 0 0 0 0 0 0 0 0 0 0 0 0 0 0 0
"188" 188 0.201923076923 500 0 0 0 0 0 0 0 0 0 0 0 0 0 0 0 0 0 0 0
"189" 189 0.015503875969 433 60 5 1 1 0 0 0 0 0 0 0 0 0 0 0 0 0 0 0
"190" 190 0.102564102564 168 141 72 61 41 6 4 3 2 1 1 0 0 0 0 0 0 0 0 0
"191" 191 0.0 227 120 28 27 26 15 13 12 10 10 7 5 0 0 0 0 0 0 0 0
"192" 192 0.0 440 59 1 0 0 0 0 0 0 0 0 0 0 0 0 0 0 0 0 0
"193" 193 0.0 184 137 109 35 18 9 5 3 0 0 0 0 0 0 0 0 0 0 0 0
"194" 194 0.015503875969 469 20 7 3 1 0 0 0 0 0 0 0 0 0 0 0 0 0 0 0
"195" 195 0.163461538462 495 5 0 0 0 0 0 0 0 0 0 0 0 0 0 0 0 0 0 0
"196" 196 0.390728476821 155 73 54 43 40 33 32 18 18 14 8 5 4 2 1 0 0 0 0 0
"197" 197 0.0760456273764 101 85 68 67 52 27 26 20 18 12 10 8 6 0 0 0 0 0 0 0
"198" 198 0.0 152 87 81 55 55 31 25 7 3 3 1 0 0 0 0 0 0 0 0 0
"199" 199 0.100418410042 278 100 46 36 22 12 4 1 1 0 0 0 0 0 0 0 0 0 0 0
"200" 200 0.666666666667 327 105 26 15 14 7 2 1 1 1 1 0 0 0 0 0 0 0 0 0
"201" 201 0.139534883721 136 127 76 44 37 30 22 12 4 4 4 2 1 1 0 0 0 0 0 0
"202" 202 0.774834437086 295 111 39 26 14 9 4 1 1 0 0 0 0 0 0 0 0 0 0 0
"203" 203 0.40932642487 390 45 15 13 8 7 7 5 4 3 1 1 1 0 0 0 0 0 0 0
"204" 204 0.0149253731343 275 89 23 23 23 22 22 12 6 2 2 1 0 0 0 0 0 0 0 0
"205" 205 0.298850574713 183 95 65 42 28 25 21 20 13 4 2 1 1 0 0 0 0 0 0 0
"206" 206 0.377483443709 218 131 63 21 19 17 12 5 5 4 3 2 0 0 0 0 0 0 0 0
"207" 207 0.139013452915 241 133 93 20 10 2 1 0 0 0 0 0 0 0 0 0 0 0 0 0
"208" 208 0.0 126 119 93 61 34 22 18 10 8 7 1 1 0 0 0 0 0 0 0 0
"209" 209 0.399103139013 155 78 73 62 38 32 23 20 11 3 2 1 1 1 0 0 0 0 0 0
"210" 210 0.244186046512 150 136 101 35 24 14 13 10 10 5 2 0 0 0 0 0 0 0 0 0
"211" 211 0.0 277 151 30 10 8 5 5 4 4 3 2 1 0 0 0 0 0 0 0 0
"212" 212 0.175182481752 122 111 75 68 44 24 18 12 11 8 4 2 1 0 0 0 0 0 0 0
"213" 213 0.56976744186 208 140 64 23 21 10 9 9 7 5 4 0 0 0 0 0 0 0 0 0
"214" 214 0.201550387597 492 4 2 1 1 0 0 0 0 0 0 0 0 0 0 0 0 0 0 0
"215" 215 0.0348258706468 245 197 23 18 10 3 1 1 1 1 0 0 0 0 0 0 0 0 0 0
"216" 216 0.851282051282 222 140 53 46 22 8 5 1 1 1 1 0 0 0 0 0 0 0 0 0
