"site" "RSA" "aa1" "aa2" "aa3" "aa4" "aa5" "aa6" "aa7" "aa8" "aa9" "aa10" "aa11" "aa12" "aa13" "aa14" "aa15" "aa16" "aa17" "aa18" "aa19" "aa20"
"0" 0 0.842767295597 266 85 40 36 31 11 7 5 5 5 5 2 1 1 0 0 0 0 0 0
"1" 1 0.122093023256 129 92 90 53 42 27 17 14 10 9 8 5 2 1 1 0 0 0 0 0
"2" 2 0.360465116279 373 33 22 17 14 12 12 11 2 1 1 1 1 0 0 0 0 0 0 0
"3" 3 0.147208121827 301 57 44 33 21 11 6 5 5 5 4 2 2 2 1 1 0 0 0 0
"4" 4 0.556291390728 235 138 66 21 13 12 7 5 1 1 1 0 0 0 0 0 0 0 0 0
"5" 5 0.223880597015 194 79 74 69 33 19 10 4 4 4 3 2 2 2 1 0 0 0 0 0
"6" 6 0.00995024875622 352 61 40 13 9 8 5 4 3 2 1 1 1 0 0 0 0 0 0 0
"7" 7 0.322869955157 190 98 65 41 35 34 15 13 4 2 2 1 0 0 0 0 0 0 0 0
"8" 8 0.409282700422 121 104 84 82 53 33 8 6 4 3 2 0 0 0 0 0 0 0 0 0
"9" 9 0.197718631179 126 126 92 56 27 23 22 20 5 2 1 0 0 0 0 0 0 0 0 0
"10" 10 0.101265822785 162 85 85 38 34 30 26 13 6 6 5 3 3 3 1 0 0 0 0 0
"11" 11 0.632286995516 240 83 56 33 31 24 22 8 2 1 0 0 0 0 0 0 0 0 0 0
"12" 12 0.34375 203 122 77 49 14 12 11 5 3 2 2 0 0 0 0 0 0 0 0 0
"13" 13 0.742616033755 388 64 13 12 12 5 3 1 1 1 0 0 0 0 0 0 0 0 0 0
"14" 14 0.286919831224 254 54 43 38 38 38 15 12 6 2 0 0 0 0 0 0 0 0 0 0
"15" 15 0.266423357664 144 70 62 54 45 39 30 21 11 10 3 3 3 2 2 1 0 0 0 0
"16" 16 0.0627615062762 244 135 38 24 20 11 9 5 4 4 3 2 1 0 0 0 0 0 0 0
"17" 17 0.100775193798 152 142 115 48 17 10 7 3 2 1 1 1 1 0 0 0 0 0 0 0
"18" 18 0.0174418604651 309 133 51 5 1 1 0 0 0 0 0 0 0 0 0 0 0 0 0 0
"19" 19 0.00507614213198 405 44 14 10 9 6 6 3 2 1 0 0 0 0 0 0 0 0 0 0
"20" 20 0.0174418604651 407 31 24 16 15 3 3 1 0 0 0 0 0 0 0 0 0 0 0 0
"21" 21 0.0 261 199 26 5 4 3 1 1 0 0 0 0 0 0 0 0 0 0 0 0
"22" 22 0.0114068441065 276 136 21 20 19 12 10 5 1 0 0 0 0 0 0 0 0 0 0 0
"23" 23 0.274611398964 312 86 36 22 16 11 8 5 3 1 0 0 0 0 0 0 0 0 0 0
"24" 24 0.441064638783 124 106 86 80 47 41 9 3 1 1 1 1 0 0 0 0 0 0 0 0
"25" 25 0.53642384106 283 109 45 27 17 5 5 3 3 2 1 0 0 0 0 0 0 0 0 0
"26" 26 0.188284518828 332 96 22 22 7 6 4 3 3 2 2 1 0 0 0 0 0 0 0 0
"27" 27 0.0 436 60 4 0 0 0 0 0 0 0 0 0 0 0 0 0 0 0 0 0
"28" 28 0.337552742616 160 135 68 59 31 25 8 6 3 2 1 1 1 0 0 0 0 0 0 0
"29" 29 0.0547263681592 190 181 82 14 11 9 7 5 1 0 0 0 0 0 0 0 0 0 0 0
"30" 30 0.0 229 90 39 36 35 23 17 10 9 8 2 1 1 0 0 0 0 0 0 0
"31" 31 0.217054263566 215 81 59 58 29 12 11 9 8 7 4 3 3 1 0 0 0 0 0 0
"32" 32 0.461139896373 161 77 60 49 48 34 33 22 7 4 3 1 1 0 0 0 0 0 0 0
"33" 33 0.196428571429 119 101 61 54 46 38 28 14 13 8 6 5 4 2 1 0 0 0 0 0
"34" 34 0.317307692308 491 9 0 0 0 0 0 0 0 0 0 0 0 0 0 0 0 0 0 0
"35" 35 0.0149253731343 192 123 82 31 26 18 14 7 5 1 1 0 0 0 0 0 0 0 0 0
"36" 36 0.287179487179 123 116 109 93 24 15 7 6 4 2 1 0 0 0 0 0 0 0 0 0
"37" 37 0.0574712643678 341 52 37 28 16 7 5 4 4 2 2 1 1 0 0 0 0 0 0 0
"38" 38 0.0045871559633 336 81 34 19 16 9 3 1 1 0 0 0 0 0 0 0 0 0 0 0
"39" 39 0.0646766169154 417 39 7 6 5 5 5 5 5 4 2 0 0 0 0 0 0 0 0 0
"40" 40 0.0 233 215 23 14 8 6 1 0 0 0 0 0 0 0 0 0 0 0 0 0
"41" 41 0.00961538461538 202 80 72 72 36 34 3 1 0 0 0 0 0 0 0 0 0 0 0 0
"42" 42 0.0259067357513 286 98 74 33 6 1 1 1 0 0 0 0 0 0 0 0 0 0 0 0
"43" 43 0.158940397351 189 95 84 57 56 12 2 2 1 1 1 0 0 0 0 0 0 0 0 0
"44" 44 0.0 230 151 65 10 8 7 7 7 6 5 1 1 1 1 0 0 0 0 0 0
"45" 45 0.0 259 189 21 16 12 3 0 0 0 0 0 0 0 0 0 0 0 0 0 0
"46" 46 0.325688073394 165 141 84 45 39 8 6 3 2 2 2 1 1 1 0 0 0 0 0 0
"47" 47 0.273255813953 307 76 48 28 10 10 7 5 3 2 1 1 1 1 0 0 0 0 0 0
"48" 48 0.367816091954 264 108 38 24 23 16 9 9 4 1 1 1 1 1 0 0 0 0 0 0
"49" 49 0.27802690583 143 71 71 50 41 35 32 18 16 15 4 4 0 0 0 0 0 0 0 0
"50" 50 0.596153846154 484 11 2 1 1 1 0 0 0 0 0 0 0 0 0 0 0 0 0 0
"51" 51 0.401913875598 180 89 68 62 33 19 17 16 5 4 3 2 1 1 0 0 0 0 0 0
"52" 52 0.725388601036 227 176 44 29 13 5 4 1 1 0 0 0 0 0 0 0 0 0 0 0
"53" 53 0.105960264901 126 92 78 56 54 39 18 9 9 6 5 3 2 2 1 0 0 0 0 0
"54" 54 0.0232558139535 172 111 62 53 43 14 9 8 6 6 5 5 2 2 2 0 0 0 0 0
"55" 55 0.174129353234 102 98 73 37 33 30 29 28 27 20 8 6 4 3 2 0 0 0 0 0
"56" 56 0.37106918239 200 57 46 41 40 39 29 14 12 9 4 3 3 2 1 0 0 0 0 0
"57" 57 0.0229885057471 114 111 104 54 31 23 14 10 8 7 6 5 4 3 3 1 1 1 0 0
"58" 58 0.372093023256 229 194 46 10 9 7 2 2 1 0 0 0 0 0 0 0 0 0 0 0
"59" 59 0.120689655172 169 95 60 47 32 32 15 14 13 12 4 3 2 1 1 0 0 0 0 0
"60" 60 0.53488372093 206 114 95 31 20 8 7 6 5 4 3 1 0 0 0 0 0 0 0 0
"61" 61 0.238341968912 121 109 103 51 43 35 14 8 7 4 3 1 1 0 0 0 0 0 0 0
"62" 62 0.0 85 67 65 59 53 44 42 41 21 9 6 5 3 0 0 0 0 0 0 0
"63" 63 0.131782945736 274 75 63 28 26 11 10 5 5 2 1 0 0 0 0 0 0 0 0 0
"64" 64 0.631178707224 148 145 40 37 32 30 17 13 11 8 6 6 4 3 0 0 0 0 0 0
"65" 65 0.11004784689 400 28 18 12 10 9 6 6 4 2 2 1 1 1 0 0 0 0 0 0
"66" 66 0.0 356 97 41 3 2 1 0 0 0 0 0 0 0 0 0 0 0 0 0 0
"67" 67 0.162790697674 212 103 50 46 39 13 10 10 7 5 2 1 1 1 0 0 0 0 0 0
"68" 68 0.139534883721 174 87 80 66 49 23 5 5 4 3 2 2 0 0 0 0 0 0 0 0
"69" 69 0.0 250 108 59 43 30 4 4 1 1 0 0 0 0 0 0 0 0 0 0 0
"70" 70 0.171532846715 194 152 115 22 6 5 2 2 1 1 0 0 0 0 0 0 0 0 0 0
"71" 71 0.620437956204 144 111 94 44 36 31 12 10 7 5 5 1 0 0 0 0 0 0 0 0
"72" 72 0.0384615384615 498 2 0 0 0 0 0 0 0 0 0 0 0 0 0 0 0 0 0 0
"73" 73 0.0077519379845 443 50 5 2 0 0 0 0 0 0 0 0 0 0 0 0 0 0 0 0
"74" 74 0.51572327044 185 104 98 53 34 12 5 4 3 2 0 0 0 0 0 0 0 0 0 0
"75" 75 0.538461538462 295 40 36 29 27 19 17 12 8 5 5 3 2 2 0 0 0 0 0 0
"76" 76 0.0316455696203 299 181 13 5 1 1 0 0 0 0 0 0 0 0 0 0 0 0 0 0
"77" 77 0.0298507462687 377 40 33 30 8 7 5 0 0 0 0 0 0 0 0 0 0 0 0 0
"78" 78 0.0 357 77 41 13 6 3 2 1 0 0 0 0 0 0 0 0 0 0 0 0
"79" 79 0.0348258706468 188 164 43 35 33 15 12 6 3 1 0 0 0 0 0 0 0 0 0 0
"80" 80 0.0 247 148 61 43 1 0 0 0 0 0 0 0 0 0 0 0 0 0 0 0
"81" 81 0.020725388601 190 105 60 49 37 34 16 3 2 2 1 1 0 0 0 0 0 0 0 0
"82" 82 0.0 466 12 6 5 5 3 2 1 0 0 0 0 0 0 0 0 0 0 0 0
"83" 83 0.0062893081761 317 91 70 21 1 0 0 0 0 0 0 0 0 0 0 0 0 0 0 0
"84" 84 0.380753138075 213 171 57 23 22 8 2 1 1 1 1 0 0 0 0 0 0 0 0 0
"85" 85 0.545871559633 225 168 37 29 14 12 6 4 2 2 1 0 0 0 0 0 0 0 0 0
"86" 86 0.031007751938 127 85 80 76 69 17 17 14 10 4 1 0 0 0 0 0 0 0 0 0
"87" 87 0.041825095057 331 148 4 3 3 3 3 2 2 1 0 0 0 0 0 0 0 0 0 0
"88" 88 0.341085271318 151 115 113 29 26 19 13 11 9 5 3 3 3 0 0 0 0 0 0 0
"89" 89 0.267441860465 138 129 66 58 43 34 16 6 6 3 1 0 0 0 0 0 0 0 0 0
"90" 90 0.0943396226415 143 128 42 33 26 22 22 20 18 15 13 9 3 3 2 1 0 0 0 0
"91" 91 0.544642857143 243 140 40 23 17 11 8 7 4 3 2 1 1 0 0 0 0 0 0 0
"92" 92 0.408071748879 126 103 77 54 47 24 17 16 15 10 4 2 1 1 1 1 1 0 0 0
"93" 93 0.0 467 15 6 5 4 2 1 0 0 0 0 0 0 0 0 0 0 0 0 0
"94" 94 0.192468619247 201 61 53 45 44 37 31 23 3 1 1 0 0 0 0 0 0 0 0 0
"95" 95 0.540178571429 160 99 64 49 35 21 16 14 13 10 6 5 2 2 2 2 0 0 0 0
"96" 96 0.174358974359 130 122 48 41 38 30 25 21 18 14 9 2 2 0 0 0 0 0 0 0
"97" 97 0.0 470 18 8 2 1 1 0 0 0 0 0 0 0 0 0 0 0 0 0 0
"98" 98 0.162790697674 131 92 86 68 41 40 13 6 5 5 5 4 2 2 0 0 0 0 0 0
"99" 99 0.267441860465 147 77 57 52 25 24 23 21 19 15 14 12 4 4 4 2 0 0 0 0
"100" 100 0.0 171 160 59 36 26 20 9 6 6 3 2 2 0 0 0 0 0 0 0 0
"101" 101 0.197247706422 221 88 81 31 18 15 13 10 6 5 5 3 2 1 1 0 0 0 0 0
"102" 102 0.689781021898 106 105 79 69 51 25 19 14 11 11 6 3 1 0 0 0 0 0 0 0
"103" 103 0.217054263566 421 64 10 2 1 1 1 0 0 0 0 0 0 0 0 0 0 0 0 0
"104" 104 0.134615384615 500 0 0 0 0 0 0 0 0 0 0 0 0 0 0 0 0 0 0 0
"105" 105 0.0387596899225 386 92 22 0 0 0 0 0 0 0 0 0 0 0 0 0 0 0 0 0
"106" 106 0.302564102564 227 139 73 20 18 7 7 6 2 1 0 0 0 0 0 0 0 0 0 0
"107" 107 0.0137614678899 395 43 33 19 4 3 3 0 0 0 0 0 0 0 0 0 0 0 0 0
"108" 108 0.0 403 60 15 12 3 3 3 1 0 0 0 0 0 0 0 0 0 0 0 0
"109" 109 0.0295358649789 198 190 58 19 11 8 5 5 3 2 1 0 0 0 0 0 0 0 0 0
"110" 110 0.010152284264 295 111 36 17 15 12 7 3 2 1 1 0 0 0 0 0 0 0 0 0
"111" 111 0.0357142857143 226 182 37 23 9 7 6 4 2 2 1 1 0 0 0 0 0 0 0 0
"112" 112 0.115384615385 500 0 0 0 0 0 0 0 0 0 0 0 0 0 0 0 0 0 0 0
"113" 113 0.0769230769231 492 7 1 0 0 0 0 0 0 0 0 0 0 0 0 0 0 0 0 0
"114" 114 0.495535714286 182 89 80 40 26 22 19 18 16 5 2 1 0 0 0 0 0 0 0 0
"115" 115 0.556737588652 263 91 64 38 21 8 7 4 3 1 0 0 0 0 0 0 0 0 0 0
"116" 116 0.00497512437811 277 87 48 29 15 14 10 9 6 3 2 0 0 0 0 0 0 0 0 0
"117" 117 0.195402298851 223 81 42 36 31 22 18 13 12 11 5 3 2 1 0 0 0 0 0 0
"118" 118 0.513392857143 174 138 35 33 30 29 18 17 9 8 5 4 0 0 0 0 0 0 0 0
"119" 119 0.0348837209302 154 125 47 40 24 22 17 16 13 12 10 8 6 2 2 1 1 0 0 0
"120" 120 0.00574712643678 315 136 22 12 7 3 2 1 1 1 0 0 0 0 0 0 0 0 0 0
"121" 121 0.421524663677 191 157 57 23 19 14 12 10 9 4 2 1 1 0 0 0 0 0 0 0
"122" 122 0.178899082569 176 112 62 49 21 19 16 15 7 7 5 4 3 2 1 1 0 0 0 0
"123" 123 0.0 472 9 6 5 5 2 1 0 0 0 0 0 0 0 0 0 0 0 0 0
"124" 124 0.261627906977 105 102 102 33 25 24 22 20 19 15 12 10 8 1 1 1 0 0 0 0
"125" 125 0.633928571429 182 109 66 46 37 26 11 8 8 3 2 1 1 0 0 0 0 0 0 0
"126" 126 0.419708029197 120 111 82 51 39 36 21 15 10 10 3 2 0 0 0 0 0 0 0 0
"127" 127 0.643410852713 417 83 0 0 0 0 0 0 0 0 0 0 0 0 0 0 0 0 0 0
"128" 128 0.0804597701149 339 64 40 34 13 4 3 2 1 0 0 0 0 0 0 0 0 0 0 0
"129" 129 0.182389937107 145 93 74 43 34 32 23 11 9 9 9 8 7 2 1 0 0 0 0 0
"130" 130 0.0 479 10 3 3 2 2 1 0 0 0 0 0 0 0 0 0 0 0 0 0
"131" 131 0.0 217 70 52 38 36 26 20 20 13 8 0 0 0 0 0 0 0 0 0 0
"132" 132 0.0192307692308 240 228 29 2 1 0 0 0 0 0 0 0 0 0 0 0 0 0 0 0
"133" 133 0.0239234449761 430 27 24 12 2 2 1 1 1 0 0 0 0 0 0 0 0 0 0 0
"134" 134 0.0199004975124 272 100 93 23 6 3 2 1 0 0 0 0 0 0 0 0 0 0 0 0
"135" 135 0.0673076923077 500 0 0 0 0 0 0 0 0 0 0 0 0 0 0 0 0 0 0 0
"136" 136 0.0348258706468 229 58 52 41 41 34 25 5 5 5 3 2 0 0 0 0 0 0 0 0
"137" 137 0.0697674418605 266 75 68 45 19 10 10 3 2 1 1 0 0 0 0 0 0 0 0 0
"138" 138 0.100628930818 139 110 109 72 39 20 5 2 2 1 1 0 0 0 0 0 0 0 0 0
"139" 139 0.0627802690583 282 55 43 36 25 20 16 8 8 3 2 1 1 0 0 0 0 0 0 0
"140" 140 0.291390728477 193 72 70 67 59 16 12 6 2 1 1 1 0 0 0 0 0 0 0 0
"141" 141 0.0804597701149 231 92 64 62 19 14 7 3 2 1 1 1 1 1 1 0 0 0 0 0
"142" 142 0.610256410256 116 113 60 45 38 29 23 16 16 13 12 10 6 3 0 0 0 0 0 0
"143" 143 0.705583756345 172 93 88 46 34 19 16 13 7 6 3 2 1 0 0 0 0 0 0 0
"144" 144 0.225941422594 378 34 26 12 8 8 8 5 4 4 3 2 2 2 2 2 0 0 0 0
"145" 145 0.538461538462 455 44 1 0 0 0 0 0 0 0 0 0 0 0 0 0 0 0 0 0
"146" 146 0.153846153846 499 1 0 0 0 0 0 0 0 0 0 0 0 0 0 0 0 0 0 0
"147" 147 0.399239543726 177 101 97 54 21 19 10 9 5 3 2 1 1 0 0 0 0 0 0 0
"148" 148 0.464135021097 116 81 69 49 45 43 35 29 7 7 6 5 5 2 1 0 0 0 0 0
"149" 149 0.183908045977 234 93 48 40 36 14 8 8 5 4 3 3 3 1 0 0 0 0 0 0
"150" 150 0.224215246637 329 52 40 20 14 12 11 7 4 3 3 2 2 1 0 0 0 0 0 0
"151" 151 0.0865384615385 497 2 1 0 0 0 0 0 0 0 0 0 0 0 0 0 0 0 0 0
"152" 152 0.492700729927 236 114 39 37 31 13 7 5 5 4 3 2 2 1 1 0 0 0 0 0
"153" 153 0.471153846154 500 0 0 0 0 0 0 0 0 0 0 0 0 0 0 0 0 0 0 0
"154" 154 0.611398963731 176 137 72 44 23 21 12 8 3 1 1 1 1 0 0 0 0 0 0 0
"155" 155 0.75 176 137 73 25 24 22 11 11 9 5 4 3 0 0 0 0 0 0 0 0
"156" 156 0.317829457364 232 73 58 36 32 18 18 9 5 4 4 3 3 2 1 1 1 0 0 0
"157" 157 0.0288461538462 209 94 70 48 30 29 11 3 1 1 1 1 1 1 0 0 0 0 0 0
"158" 158 0.414507772021 185 131 67 32 29 26 7 7 4 4 3 2 2 1 0 0 0 0 0 0
"159" 159 0.42600896861 147 102 102 59 28 26 19 4 4 3 3 2 1 0 0 0 0 0 0 0
"160" 160 0.109452736318 249 104 54 35 25 14 12 4 1 1 1 0 0 0 0 0 0 0 0 0
"161" 161 0.144278606965 185 146 58 43 32 11 9 6 5 2 1 1 1 0 0 0 0 0 0 0
"162" 162 0.364238410596 137 97 83 49 47 20 20 18 7 7 6 3 2 2 2 0 0 0 0 0
"163" 163 0.0880829015544 108 99 90 68 51 26 25 22 8 3 0 0 0 0 0 0 0 0 0 0
"164" 164 0.0077519379845 418 26 14 9 6 4 4 4 4 4 3 1 1 1 1 0 0 0 0 0
"165" 165 0.348258706468 221 110 75 46 10 8 6 6 5 4 4 2 1 1 1 0 0 0 0 0
"166" 166 0.116279069767 99 83 82 70 64 37 15 11 10 9 4 4 4 3 2 2 1 0 0 0
"167" 167 0.0149253731343 201 118 62 62 16 14 12 9 2 2 1 1 0 0 0 0 0 0 0 0
"168" 168 0.191964285714 259 129 24 24 15 13 9 6 6 6 3 3 3 0 0 0 0 0 0 0
"169" 169 0.674418604651 194 79 67 64 33 21 18 11 8 3 1 1 0 0 0 0 0 0 0 0
"170" 170 0.046511627907 482 15 3 0 0 0 0 0 0 0 0 0 0 0 0 0 0 0 0 0
"171" 171 0.259615384615 500 0 0 0 0 0 0 0 0 0 0 0 0 0 0 0 0 0 0 0
"172" 172 0.031007751938 445 51 2 2 0 0 0 0 0 0 0 0 0 0 0 0 0 0 0 0
"173" 173 0.313901345291 196 88 41 38 37 22 18 17 15 9 6 5 4 2 1 1 0 0 0 0
"174" 174 0.0 409 48 25 7 5 4 1 1 0 0 0 0 0 0 0 0 0 0 0 0
"175" 175 0.0149253731343 254 108 55 35 16 12 12 4 3 1 0 0 0 0 0 0 0 0 0 0
"176" 176 0.0229885057471 451 14 8 8 6 5 3 2 1 1 1 0 0 0 0 0 0 0 0 0
"177" 177 0.0 287 86 51 25 20 18 5 4 2 1 1 0 0 0 0 0 0 0 0 0
"178" 178 0.120535714286 169 144 141 26 8 4 2 2 2 2 0 0 0 0 0 0 0 0 0 0
"179" 179 0.0316455696203 168 167 97 22 17 15 4 4 3 2 1 0 0 0 0 0 0 0 0 0
"180" 180 0.0 165 165 89 49 19 5 5 2 1 0 0 0 0 0 0 0 0 0 0 0
"181" 181 0.0566037735849 447 23 15 6 5 2 1 1 0 0 0 0 0 0 0 0 0 0 0 0
"182" 182 0.0919540229885 266 79 56 43 18 12 9 6 6 1 1 1 1 1 0 0 0 0 0 0
"183" 183 0.441964285714 225 165 34 24 18 8 7 7 6 4 1 1 0 0 0 0 0 0 0 0
"184" 184 0.0497512437811 228 97 75 39 19 12 6 5 4 4 3 3 2 1 1 1 0 0 0 0
"185" 185 0.0 339 134 16 8 3 0 0 0 0 0 0 0 0 0 0 0 0 0 0 0
"186" 186 0.430379746835 177 176 93 17 14 7 5 3 3 2 1 1 1 0 0 0 0 0 0 0
"187" 187 0.357664233577 239 107 53 46 13 11 10 8 5 5 2 1 0 0 0 0 0 0 0 0
"188" 188 0.0 409 23 20 14 12 4 4 4 4 3 2 1 0 0 0 0 0 0 0 0
"189" 189 0.0639534883721 190 171 74 36 18 5 4 1 1 0 0 0 0 0 0 0 0 0 0 0
"190" 190 0.607142857143 198 110 70 41 33 28 11 4 2 1 1 1 0 0 0 0 0 0 0 0
"191" 191 0.364341085271 128 91 62 54 37 32 29 17 11 11 9 9 4 4 1 1 0 0 0 0
"192" 192 0.0298507462687 405 64 15 8 5 3 0 0 0 0 0 0 0 0 0 0 0 0 0 0
"193" 193 0.496124031008 145 122 75 71 47 24 9 4 3 0 0 0 0 0 0 0 0 0 0 0
"194" 194 0.0812182741117 366 34 24 23 15 13 7 5 5 3 2 1 1 1 0 0 0 0 0 0
"195" 195 0.0 198 174 107 13 3 2 2 1 0 0 0 0 0 0 0 0 0 0 0 0
"196" 196 0.0 259 184 26 23 2 2 2 1 1 0 0 0 0 0 0 0 0 0 0 0
"197" 197 0.0152284263959 215 145 43 26 20 20 18 7 4 1 1 0 0 0 0 0 0 0 0 0
"198" 198 0.0 420 53 24 2 1 0 0 0 0 0 0 0 0 0 0 0 0 0 0 0
"199" 199 0.0710659898477 240 211 24 18 4 2 1 0 0 0 0 0 0 0 0 0 0 0 0 0
"200" 200 0.0288461538462 495 2 1 1 1 0 0 0 0 0 0 0 0 0 0 0 0 0 0 0
"201" 201 0.0 354 85 51 9 1 0 0 0 0 0 0 0 0 0 0 0 0 0 0 0
"202" 202 0.0 500 0 0 0 0 0 0 0 0 0 0 0 0 0 0 0 0 0 0 0
"203" 203 0.282051282051 241 223 28 5 3 0 0 0 0 0 0 0 0 0 0 0 0 0 0 0
"204" 204 0.235632183908 115 95 87 31 31 29 28 26 25 15 7 6 4 1 0 0 0 0 0 0
"205" 205 0.0116279069767 372 58 57 12 1 0 0 0 0 0 0 0 0 0 0 0 0 0 0 0
"206" 206 0.0880829015544 161 157 58 37 25 19 15 12 8 4 2 2 0 0 0 0 0 0 0 0
"207" 207 0.0 472 24 3 1 0 0 0 0 0 0 0 0 0 0 0 0 0 0 0 0
"208" 208 0.0134529147982 312 54 35 30 23 11 11 6 6 5 4 1 1 1 0 0 0 0 0 0
"209" 209 0.0659898477157 370 50 46 19 6 5 2 1 1 0 0 0 0 0 0 0 0 0 0 0
"210" 210 0.00497512437811 193 179 56 38 13 9 5 2 2 2 1 0 0 0 0 0 0 0 0 0
"211" 211 0.120689655172 265 158 18 18 11 8 8 5 5 3 1 0 0 0 0 0 0 0 0 0
"212" 212 0.0 262 89 61 52 9 8 8 5 3 2 1 0 0 0 0 0 0 0 0 0
"213" 213 0.129186602871 297 60 40 32 26 19 8 7 5 3 1 1 1 0 0 0 0 0 0 0
"214" 214 0.0880829015544 246 62 49 32 28 26 15 14 8 7 5 4 2 1 1 0 0 0 0 0
"215" 215 0.0077519379845 228 67 55 43 23 21 20 14 12 8 5 3 1 0 0 0 0 0 0 0
"216" 216 0.0418410041841 293 76 37 25 21 20 18 4 3 2 1 0 0 0 0 0 0 0 0 0
"217" 217 0.307692307692 490 7 2 1 0 0 0 0 0 0 0 0 0 0 0 0 0 0 0 0
"218" 218 0.446700507614 371 59 37 10 8 6 5 2 1 1 0 0 0 0 0 0 0 0 0 0
"219" 219 0.313953488372 155 116 49 45 45 16 14 11 11 9 8 8 5 4 2 2 0 0 0 0
"220" 220 0.625 156 99 66 63 63 34 10 5 3 1 0 0 0 0 0 0 0 0 0 0
"221" 221 0.673076923077 500 0 0 0 0 0 0 0 0 0 0 0 0 0 0 0 0 0 0 0
"222" 222 0.928229665072 245 114 38 35 33 19 10 2 2 1 1 0 0 0 0 0 0 0 0 0
"223" 223 0.253807106599 269 58 35 33 25 22 21 15 7 6 4 2 2 1 0 0 0 0 0 0
"224" 224 0.295597484277 199 117 111 21 19 17 7 3 3 2 1 0 0 0 0 0 0 0 0 0
"225" 225 0.476793248945 151 104 73 56 30 24 15 15 11 10 3 2 2 2 1 1 0 0 0 0
"226" 226 0.108786610879 236 119 76 44 10 4 3 3 2 1 1 1 0 0 0 0 0 0 0 0
"227" 227 0.0387596899225 161 139 134 21 19 14 4 3 2 1 1 1 0 0 0 0 0 0 0 0
"228" 228 0.143459915612 175 149 61 48 28 16 12 10 1 0 0 0 0 0 0 0 0 0 0 0
"229" 229 0.25641025641 368 61 26 11 8 6 6 4 4 4 2 0 0 0 0 0 0 0 0 0
"230" 230 0.00418410041841 269 225 3 3 0 0 0 0 0 0 0 0 0 0 0 0 0 0 0 0
"231" 231 0.218905472637 249 118 63 36 12 8 8 3 2 1 0 0 0 0 0 0 0 0 0 0
"232" 232 0.612403100775 192 168 85 19 16 10 6 1 1 1 1 0 0 0 0 0 0 0 0 0
"233" 233 0.651785714286 118 113 74 56 31 29 26 19 12 11 6 3 1 1 0 0 0 0 0 0
"234" 234 0.174418604651 130 88 73 66 55 46 29 6 3 2 1 1 0 0 0 0 0 0 0 0
"235" 235 0.663461538462 500 0 0 0 0 0 0 0 0 0 0 0 0 0 0 0 0 0 0 0
"236" 236 0.419689119171 161 84 71 44 36 30 27 13 10 9 8 6 1 0 0 0 0 0 0 0
"237" 237 0.269035532995 385 34 25 17 8 7 6 6 5 2 2 1 1 1 0 0 0 0 0 0
"238" 238 0.412408759124 118 102 75 56 45 25 25 15 11 8 8 5 4 2 1 0 0 0 0 0
"239" 239 0.116279069767 149 129 56 52 48 42 17 3 2 1 1 0 0 0 0 0 0 0 0 0
"240" 240 0.0 494 3 3 0 0 0 0 0 0 0 0 0 0 0 0 0 0 0 0 0
"241" 241 0.00574712643678 189 76 75 31 29 19 18 17 12 11 7 4 4 3 2 2 1 0 0 0
"242" 242 0.441605839416 196 100 84 54 40 13 3 3 3 1 1 1 1 0 0 0 0 0 0 0
"243" 243 0.22869955157 198 70 61 47 36 35 16 12 8 6 5 2 1 1 1 1 0 0 0 0
"244" 244 0.0114068441065 235 107 80 24 18 13 7 5 3 2 2 1 1 1 1 0 0 0 0 0
"245" 245 0.229357798165 89 74 66 63 62 40 21 21 19 17 13 9 4 1 1 0 0 0 0 0
"246" 246 0.46511627907 172 102 83 47 34 33 10 10 4 3 1 1 0 0 0 0 0 0 0 0
"247" 247 0.142857142857 292 99 28 28 22 7 5 5 5 3 2 1 1 1 1 0 0 0 0 0
"248" 248 0.00574712643678 256 94 71 31 20 16 9 2 1 0 0 0 0 0 0 0 0 0 0 0
"249" 249 0.504464285714 192 79 64 36 22 19 19 17 13 11 9 6 5 4 3 1 0 0 0 0
"250" 250 0.483443708609 206 110 50 48 24 20 19 7 6 4 3 2 1 0 0 0 0 0 0 0
"251" 251 0.0961538461538 469 14 12 2 1 1 1 0 0 0 0 0 0 0 0 0 0 0 0 0
"252" 252 0.505747126437 282 59 57 41 19 15 8 7 5 2 2 1 1 1 0 0 0 0 0 0
"253" 253 0.0114068441065 344 63 59 20 6 4 2 1 1 0 0 0 0 0 0 0 0 0 0 0
"254" 254 0.0188679245283 206 205 32 20 12 8 5 5 3 1 1 1 1 0 0 0 0 0 0 0
"255" 255 0.182692307692 347 66 31 25 10 7 5 5 2 1 1 0 0 0 0 0 0 0 0 0
"256" 256 0.584821428571 335 45 39 30 14 10 10 7 6 4 0 0 0 0 0 0 0 0 0 0
"257" 257 0.669642857143 203 114 85 40 39 10 5 3 1 0 0 0 0 0 0 0 0 0 0 0
"258" 258 0.0717703349282 469 7 6 4 3 3 2 2 1 1 1 1 0 0 0 0 0 0 0 0
"259" 259 0.0331125827815 217 156 37 30 16 11 9 6 6 6 4 2 0 0 0 0 0 0 0 0
"260" 260 0.112970711297 312 59 45 18 14 13 7 7 6 5 5 4 3 2 0 0 0 0 0 0
"261" 261 0.535885167464 265 72 47 44 26 13 11 9 8 4 1 0 0 0 0 0 0 0 0 0
