"site" "RSA" "aa1" "aa2" "aa3" "aa4" "aa5" "aa6" "aa7" "aa8" "aa9" "aa10" "aa11" "aa12" "aa13" "aa14" "aa15" "aa16" "aa17" "aa18" "aa19" "aa20"
"0" 0 0.821705426357 214 94 54 48 35 31 23 1 0 0 0 0 0 0 0 0 0 0 0 0
"1" 1 0.789743589744 153 105 100 59 34 20 7 6 4 3 3 3 2 1 0 0 0 0 0 0
"2" 2 0.197674418605 89 73 66 64 62 48 21 18 13 13 12 8 4 3 3 2 1 0 0 0
"3" 3 0.0384615384615 499 1 0 0 0 0 0 0 0 0 0 0 0 0 0 0 0 0 0 0
"4" 4 0.211920529801 225 57 40 38 24 22 21 16 11 9 8 7 7 6 4 2 2 1 0 0
"5" 5 0.0 402 32 30 11 6 4 4 3 2 2 2 2 0 0 0 0 0 0 0 0
"6" 6 0.0114942528736 192 137 71 36 26 12 11 5 4 3 2 1 0 0 0 0 0 0 0 0
"7" 7 0.0298507462687 346 96 11 10 8 8 5 5 4 2 2 2 1 0 0 0 0 0 0 0
"8" 8 0.0 354 44 37 20 10 8 8 7 6 3 2 1 0 0 0 0 0 0 0 0
"9" 9 0.211678832117 202 105 75 36 22 16 14 11 9 6 2 2 0 0 0 0 0 0 0 0
"10" 10 0.0574162679426 406 48 33 5 2 2 2 1 1 0 0 0 0 0 0 0 0 0 0 0
"11" 11 0.0192307692308 480 20 0 0 0 0 0 0 0 0 0 0 0 0 0 0 0 0 0 0
"12" 12 0.321428571429 131 82 81 76 40 27 22 9 8 7 5 5 4 1 1 1 0 0 0 0
"13" 13 0.0 229 155 66 21 9 5 5 4 3 2 1 0 0 0 0 0 0 0 0 0
"14" 14 0.388601036269 129 72 63 59 41 26 22 21 18 14 13 11 6 3 2 0 0 0 0 0
"15" 15 0.13829787234 218 120 50 27 19 13 13 10 8 6 5 4 3 2 1 1 0 0 0 0
"16" 16 0.34358974359 156 114 106 57 27 14 10 4 4 4 3 1 0 0 0 0 0 0 0 0
"17" 17 0.441860465116 135 95 58 47 34 31 25 16 13 11 7 6 6 5 3 3 3 2 0 0
"18" 18 0.532338308458 173 66 55 52 44 38 37 22 7 3 1 1 1 0 0 0 0 0 0 0
"19" 19 0.307692307692 239 136 51 38 28 3 2 2 1 0 0 0 0 0 0 0 0 0 0 0
"20" 20 0.174129353234 160 145 69 57 14 11 10 9 9 6 5 3 2 0 0 0 0 0 0 0
"21" 21 0.00836820083682 207 121 85 30 16 14 11 7 3 3 2 1 0 0 0 0 0 0 0 0
"22" 22 0.0697674418605 194 128 80 44 17 14 14 7 1 1 0 0 0 0 0 0 0 0 0 0
"23" 23 0.00961538461538 500 0 0 0 0 0 0 0 0 0 0 0 0 0 0 0 0 0 0 0
"24" 24 0.00709219858156 226 185 41 25 11 8 3 1 0 0 0 0 0 0 0 0 0 0 0 0
"25" 25 0.114942528736 134 98 77 71 24 17 15 12 11 10 7 7 5 5 4 2 1 0 0 0
"26" 26 0.186528497409 357 62 21 17 14 6 6 3 3 2 2 2 2 1 1 1 0 0 0 0
"27" 27 0.0804597701149 134 100 95 90 20 19 12 10 6 4 3 2 1 1 1 1 1 0 0 0
"28" 28 0.163461538462 120 80 76 73 68 25 21 18 12 4 1 1 1 0 0 0 0 0 0 0
"29" 29 0.109452736318 440 22 16 12 3 3 2 1 1 0 0 0 0 0 0 0 0 0 0 0
"30" 30 0.104651162791 251 174 47 11 4 4 2 2 1 1 1 1 1 0 0 0 0 0 0 0
"31" 31 0.683937823834 248 84 64 34 29 17 12 6 2 2 1 1 0 0 0 0 0 0 0 0
"32" 32 0.502109704641 168 134 59 35 27 21 20 13 9 5 4 3 1 1 0 0 0 0 0 0
"33" 33 0.0 481 16 3 0 0 0 0 0 0 0 0 0 0 0 0 0 0 0 0 0
"34" 34 0.349775784753 248 111 61 15 14 13 9 8 7 7 2 2 2 1 0 0 0 0 0 0
"35" 35 0.418604651163 157 111 66 55 31 24 23 14 9 6 2 1 1 0 0 0 0 0 0 0
"36" 36 0.142857142857 147 92 79 68 48 15 12 9 8 7 4 4 3 3 1 0 0 0 0 0
"37" 37 0.0077519379845 328 138 12 9 5 5 2 1 0 0 0 0 0 0 0 0 0 0 0 0
"38" 38 0.310344827586 160 146 87 37 25 16 11 10 5 1 1 1 0 0 0 0 0 0 0 0
"39" 39 0.35401459854 202 134 84 28 14 13 9 6 4 2 2 1 1 0 0 0 0 0 0 0
"40" 40 0.0 280 161 39 10 4 3 1 1 1 0 0 0 0 0 0 0 0 0 0 0
"41" 41 0.0 499 1 0 0 0 0 0 0 0 0 0 0 0 0 0 0 0 0 0 0
"42" 42 0.339285714286 173 119 102 43 19 16 6 5 5 3 3 3 2 1 0 0 0 0 0 0
"43" 43 0.0547263681592 118 101 58 55 36 35 25 15 15 11 9 8 6 6 1 1 0 0 0 0
"44" 44 0.0152284263959 250 97 59 43 16 9 7 6 4 3 2 2 1 1 0 0 0 0 0 0
"45" 45 0.248062015504 208 96 61 44 28 16 15 8 7 4 4 3 2 2 1 1 0 0 0 0
"46" 46 0.526785714286 139 80 79 50 41 20 18 16 16 15 11 9 4 2 0 0 0 0 0 0
"47" 47 0.435406698565 148 96 75 72 50 25 11 7 6 4 2 1 1 1 1 0 0 0 0 0
"48" 48 0.683937823834 438 30 12 12 2 2 2 1 1 0 0 0 0 0 0 0 0 0 0 0
"49" 49 0.0646766169154 172 146 89 24 17 11 10 10 6 4 4 3 1 1 1 1 0 0 0 0
"50" 50 0.248756218905 153 134 41 31 25 23 22 20 16 15 7 6 4 2 1 0 0 0 0 0
"51" 51 0.0125786163522 245 121 87 30 6 4 3 2 1 1 0 0 0 0 0 0 0 0 0 0
"52" 52 0.316062176166 316 101 29 14 12 9 9 5 4 1 0 0 0 0 0 0 0 0 0 0
"53" 53 0.0287356321839 143 116 69 54 36 24 15 14 11 9 3 3 2 1 0 0 0 0 0 0
"54" 54 0.0248756218905 172 163 68 30 19 17 9 7 5 4 3 2 1 0 0 0 0 0 0 0
"55" 55 0.0304182509506 356 70 28 18 12 6 4 2 2 1 1 0 0 0 0 0 0 0 0 0
"56" 56 0.0 467 28 2 2 1 0 0 0 0 0 0 0 0 0 0 0 0 0 0 0
"57" 57 0.0 497 3 0 0 0 0 0 0 0 0 0 0 0 0 0 0 0 0 0 0
"58" 58 0.169154228856 148 78 72 67 67 42 7 7 5 3 2 2 0 0 0 0 0 0 0 0
"59" 59 0.0 211 121 88 49 10 10 6 2 1 1 1 0 0 0 0 0 0 0 0 0
"60" 60 0.467153284672 248 63 53 43 31 20 13 9 5 4 4 3 2 1 1 0 0 0 0 0
"61" 61 0.0182481751825 364 76 21 14 10 9 3 3 0 0 0 0 0 0 0 0 0 0 0 0
"62" 62 0.0 290 162 34 6 4 2 2 0 0 0 0 0 0 0 0 0 0 0 0 0
"63" 63 0.213197969543 139 115 82 79 16 14 13 13 7 6 5 3 2 2 2 2 0 0 0 0
"64" 64 0.279069767442 153 96 70 66 31 20 19 11 9 6 6 5 3 2 1 1 1 0 0 0
"65" 65 0.00581395348837 260 125 47 45 8 5 5 3 1 1 0 0 0 0 0 0 0 0 0 0
"66" 66 0.0 444 16 15 8 6 4 4 1 1 1 0 0 0 0 0 0 0 0 0 0
"67" 67 0.459330143541 148 67 67 52 44 42 27 23 10 9 6 2 2 1 0 0 0 0 0 0
"68" 68 0.1592039801 208 123 34 33 22 22 14 14 12 8 7 1 1 1 0 0 0 0 0 0
"69" 69 0.0077519379845 411 51 8 7 6 5 5 3 2 1 1 0 0 0 0 0 0 0 0 0
"70" 70 0.0348258706468 232 88 47 43 31 18 14 12 8 5 1 1 0 0 0 0 0 0 0 0
"71" 71 0.440414507772 166 138 94 25 22 14 12 9 6 3 3 2 2 1 1 1 1 0 0 0
"72" 72 0.271523178808 169 121 71 67 37 8 7 7 4 3 1 1 1 1 1 1 0 0 0 0
"73" 73 0.062015503876 312 64 57 24 20 8 6 5 1 1 1 1 0 0 0 0 0 0 0 0
"74" 74 0.632124352332 328 134 19 15 3 1 0 0 0 0 0 0 0 0 0 0 0 0 0 0
"75" 75 0.186131386861 318 56 50 28 11 9 8 7 4 3 3 2 1 0 0 0 0 0 0 0
"76" 76 0.34328358209 177 89 56 47 32 23 21 20 13 7 6 5 3 1 0 0 0 0 0 0
"77" 77 0.631205673759 172 83 79 51 25 24 20 19 9 8 6 4 0 0 0 0 0 0 0 0
"78" 78 0.0355329949239 184 76 76 45 37 22 17 14 8 8 6 3 1 1 1 1 0 0 0 0
"79" 79 0.408805031447 155 124 82 61 53 8 8 4 2 1 1 1 0 0 0 0 0 0 0 0
"80" 80 0.270114942529 98 89 77 76 54 25 22 15 10 10 10 5 5 4 0 0 0 0 0 0
"81" 81 0.514598540146 306 91 29 14 11 10 9 9 7 5 4 3 1 1 0 0 0 0 0 0
"82" 82 0.416058394161 248 63 44 28 26 20 19 16 15 13 6 1 1 0 0 0 0 0 0 0
"83" 83 0.0860927152318 326 98 33 21 10 5 3 2 1 1 0 0 0 0 0 0 0 0 0 0
"84" 84 0.156028368794 315 52 47 40 19 10 5 4 3 3 1 1 0 0 0 0 0 0 0 0
"85" 85 0.266423357664 245 110 88 15 10 10 4 4 3 3 3 2 1 1 1 0 0 0 0 0
"86" 86 0.00497512437811 301 107 23 17 15 12 7 6 6 3 2 1 0 0 0 0 0 0 0 0
"87" 87 0.0 277 140 45 18 9 8 1 1 1 0 0 0 0 0 0 0 0 0 0 0
"88" 88 0.0982142857143 137 133 101 69 58 1 1 0 0 0 0 0 0 0 0 0 0 0 0 0
"89" 89 0.0182481751825 360 105 12 8 7 4 3 1 0 0 0 0 0 0 0 0 0 0 0 0
"90" 90 0.00956937799043 475 7 4 3 3 3 2 1 1 1 0 0 0 0 0 0 0 0 0 0
"91" 91 0.06463878327 247 91 54 27 25 16 13 12 10 2 2 1 0 0 0 0 0 0 0 0
"92" 92 0.0 500 0 0 0 0 0 0 0 0 0 0 0 0 0 0 0 0 0 0 0
"93" 93 0.302325581395 206 128 33 29 25 20 20 18 9 5 4 3 0 0 0 0 0 0 0 0
"94" 94 0.0298507462687 191 117 107 21 17 14 11 7 6 4 2 2 1 0 0 0 0 0 0 0
"95" 95 0.00896860986547 410 62 12 4 3 3 2 1 1 1 1 0 0 0 0 0 0 0 0 0
"96" 96 0.144230769231 500 0 0 0 0 0 0 0 0 0 0 0 0 0 0 0 0 0 0 0
"97" 97 0.313432835821 125 111 102 42 35 32 28 7 5 3 3 2 2 1 1 1 0 0 0 0
"98" 98 0.227979274611 125 121 58 58 48 17 15 13 12 7 7 6 6 5 1 1 0 0 0 0
"99" 99 0.160337552743 234 108 85 25 25 11 5 3 2 1 1 0 0 0 0 0 0 0 0 0
"100" 100 0.434108527132 230 143 38 27 20 13 11 6 2 2 2 2 2 1 1 0 0 0 0 0
"101" 101 0.678571428571 205 93 73 45 31 15 7 6 6 6 5 5 3 0 0 0 0 0 0 0
"102" 102 0.046511627907 107 101 47 35 35 31 30 22 16 14 12 11 11 8 8 8 3 1 0 0
"103" 103 0.42194092827 367 63 39 6 5 5 5 4 2 2 1 1 0 0 0 0 0 0 0 0
"104" 104 0.682170542636 217 68 57 53 23 16 15 15 13 13 3 3 2 2 0 0 0 0 0 0
"105" 105 0.693430656934 193 113 68 41 32 23 14 5 3 2 2 2 1 1 0 0 0 0 0 0
"106" 106 0.38783269962 136 92 62 55 45 42 23 21 6 5 5 3 2 2 1 0 0 0 0 0
"107" 107 0.269230769231 500 0 0 0 0 0 0 0 0 0 0 0 0 0 0 0 0 0 0 0
"108" 108 0.625 307 73 31 24 17 12 12 10 6 2 2 2 1 1 0 0 0 0 0 0
"109" 109 0.6875 177 100 80 37 31 22 18 16 7 6 5 1 0 0 0 0 0 0 0 0
"110" 110 0.345291479821 136 82 61 51 46 32 21 17 16 9 7 5 5 5 5 2 0 0 0 0
"111" 111 0.108786610879 308 89 36 21 20 9 8 4 2 2 1 0 0 0 0 0 0 0 0 0
"112" 112 0.426605504587 172 131 47 30 28 20 19 19 15 14 3 1 1 0 0 0 0 0 0 0
"113" 113 0.31007751938 227 65 52 36 27 19 18 13 13 7 6 5 4 4 2 2 0 0 0 0
"114" 114 0.0709219858156 131 123 108 35 32 25 9 7 7 6 6 5 5 1 0 0 0 0 0 0
"115" 115 0.153284671533 232 87 50 47 21 19 19 9 5 5 2 2 1 1 0 0 0 0 0 0
"116" 116 0.120437956204 160 88 73 65 40 36 9 8 7 5 4 3 1 1 0 0 0 0 0 0
"117" 117 0.23178807947 163 109 90 89 13 13 11 9 3 0 0 0 0 0 0 0 0 0 0 0
"118" 118 0.106463878327 182 75 57 48 31 30 13 11 10 10 10 7 6 5 4 1 0 0 0 0
"119" 119 0.538860103627 132 79 53 41 39 33 33 30 25 23 12 0 0 0 0 0 0 0 0 0
"120" 120 0.529069767442 279 61 58 42 13 9 8 7 7 6 5 4 1 0 0 0 0 0 0 0
"121" 121 0.276729559748 440 56 2 1 1 0 0 0 0 0 0 0 0 0 0 0 0 0 0 0
"122" 122 0.0125786163522 340 85 34 12 10 8 7 2 2 0 0 0 0 0 0 0 0 0 0 0
"123" 123 0.345911949686 207 141 64 45 20 16 4 2 1 0 0 0 0 0 0 0 0 0 0 0
"124" 124 0.534591194969 220 95 70 36 29 21 17 7 2 2 1 0 0 0 0 0 0 0 0 0
"125" 125 0.0456852791878 121 103 103 64 30 28 23 7 6 4 4 3 2 1 1 0 0 0 0 0
"126" 126 0.65625 208 126 44 38 33 17 8 6 5 4 3 2 2 2 1 1 0 0 0 0
"127" 127 0.518248175182 115 92 83 37 35 24 21 18 18 16 11 7 6 6 5 3 2 1 0 0
"128" 128 0.615384615385 498 2 0 0 0 0 0 0 0 0 0 0 0 0 0 0 0 0 0 0
"129" 129 0.198675496689 278 73 66 39 12 12 7 5 3 2 2 1 0 0 0 0 0 0 0 0
"130" 130 0.744394618834 118 104 66 66 63 32 18 11 10 8 3 1 0 0 0 0 0 0 0 0
"131" 131 0.255230125523 240 94 42 25 24 21 18 11 11 8 2 2 1 1 0 0 0 0 0 0
"132" 132 0.0993377483444 312 72 69 10 9 8 6 6 4 2 1 1 0 0 0 0 0 0 0 0
"133" 133 0.0582959641256 97 79 79 75 75 18 14 12 11 10 7 7 5 5 4 2 0 0 0 0
"134" 134 0.181347150259 133 69 65 43 35 33 24 20 19 17 16 8 4 4 4 2 2 2 0 0
"135" 135 0.62015503876 105 103 64 60 52 26 24 23 18 9 8 6 1 1 0 0 0 0 0 0
"136" 136 0.284974093264 194 74 57 32 28 26 25 17 13 9 9 8 6 2 0 0 0 0 0 0
"137" 137 0.704402515723 222 96 83 81 9 8 1 0 0 0 0 0 0 0 0 0 0 0 0 0
"138" 138 0.419708029197 218 95 77 52 26 20 4 3 3 2 0 0 0 0 0 0 0 0 0 0
"139" 139 0.00760456273764 192 119 107 30 17 10 6 6 6 3 2 1 1 0 0 0 0 0 0 0
"140" 140 0.472868217054 189 147 70 19 16 13 13 11 8 5 5 4 0 0 0 0 0 0 0 0
"141" 141 0.870466321244 136 89 61 52 49 42 17 13 13 9 8 6 3 1 1 0 0 0 0 0
"142" 142 0.284263959391 311 51 32 27 27 20 8 8 6 4 3 2 1 0 0 0 0 0 0 0
"143" 143 0.586538461538 475 25 0 0 0 0 0 0 0 0 0 0 0 0 0 0 0 0 0 0
"144" 144 0.0384615384615 500 0 0 0 0 0 0 0 0 0 0 0 0 0 0 0 0 0 0 0
"145" 145 0.153846153846 500 0 0 0 0 0 0 0 0 0 0 0 0 0 0 0 0 0 0 0
"146" 146 0.245283018868 225 55 49 42 38 30 20 14 8 8 6 5 0 0 0 0 0 0 0 0
"147" 147 0.174129353234 319 41 35 28 20 13 12 9 7 5 3 2 2 2 2 0 0 0 0 0
"148" 148 0.145348837209 356 103 15 8 7 5 5 1 0 0 0 0 0 0 0 0 0 0 0 0
"149" 149 0.0223214285714 200 147 68 58 17 10 0 0 0 0 0 0 0 0 0 0 0 0 0 0
"150" 150 0.0126582278481 463 25 6 4 1 1 0 0 0 0 0 0 0 0 0 0 0 0 0 0
"151" 151 0.0199004975124 213 75 60 57 25 19 11 9 9 8 5 4 3 1 1 0 0 0 0 0
"152" 152 0.147286821705 218 84 62 28 23 19 18 13 12 12 7 2 1 1 0 0 0 0 0 0
"153" 153 0.336787564767 387 45 17 8 8 7 6 5 5 3 3 3 2 1 0 0 0 0 0 0
"154" 154 0.0 268 61 45 36 22 19 17 14 14 3 1 0 0 0 0 0 0 0 0 0
"155" 155 0.183908045977 116 94 72 62 37 31 19 17 16 10 9 7 4 2 2 2 0 0 0 0
"156" 156 0.550387596899 142 118 85 44 34 31 25 10 4 3 2 2 0 0 0 0 0 0 0 0
"157" 157 0.0547445255474 86 85 84 52 49 45 30 21 18 10 7 5 4 2 2 0 0 0 0 0
"158" 158 0.0167364016736 302 85 59 14 12 11 7 3 2 2 1 1 1 0 0 0 0 0 0 0
"159" 159 0.238805970149 247 89 42 26 22 17 17 11 9 7 6 3 1 1 1 1 0 0 0 0
"160" 160 0.352201257862 323 72 39 26 10 9 7 6 4 2 2 0 0 0 0 0 0 0 0 0
"161" 161 0.121673003802 282 100 31 19 18 14 9 8 6 4 4 1 1 1 1 1 0 0 0 0
"162" 162 0.00836820083682 327 71 32 25 11 9 8 7 5 1 1 1 1 1 0 0 0 0 0 0
"163" 163 0.348837209302 118 113 54 40 34 26 25 23 15 11 10 10 9 6 5 1 0 0 0 0
"164" 164 0.694300518135 245 95 48 42 29 14 11 9 3 1 1 1 1 0 0 0 0 0 0 0
"165" 165 0.316091954023 210 114 99 42 13 9 4 4 2 2 1 0 0 0 0 0 0 0 0 0
"166" 166 0.0 398 44 32 6 6 5 3 2 1 1 1 1 0 0 0 0 0 0 0 0
"167" 167 0.103448275862 136 67 64 59 56 48 25 16 6 5 5 4 3 3 1 1 1 0 0 0
"168" 168 0.375 179 86 62 37 26 17 17 14 14 14 13 10 5 2 1 1 1 1 0 0
"169" 169 0.139896373057 139 78 74 60 55 24 19 13 11 8 8 6 5 0 0 0 0 0 0 0
"170" 170 0.0 442 15 10 9 8 5 3 3 2 2 1 0 0 0 0 0 0 0 0 0
"171" 171 0.405109489051 112 111 68 65 43 25 20 17 10 7 7 5 5 4 1 0 0 0 0 0
"172" 172 0.494252873563 136 84 63 62 59 30 29 11 9 7 3 2 2 1 1 1 0 0 0 0
"173" 173 0.278846153846 500 0 0 0 0 0 0 0 0 0 0 0 0 0 0 0 0 0 0 0
"174" 174 0.345991561181 119 105 94 84 34 32 15 5 3 3 2 1 1 1 1 0 0 0 0 0
"175" 175 0.133720930233 295 68 40 33 19 14 8 7 5 4 3 2 1 1 0 0 0 0 0 0
"176" 176 0.0 387 71 17 11 9 2 1 1 1 0 0 0 0 0 0 0 0 0 0 0
"177" 177 0.00497512437811 419 24 21 8 6 5 5 4 4 2 1 1 0 0 0 0 0 0 0 0
"178" 178 0.0 395 57 25 7 6 4 3 2 1 0 0 0 0 0 0 0 0 0 0 0
"179" 179 0.0 430 24 20 10 6 5 3 1 1 0 0 0 0 0 0 0 0 0 0 0
"180" 180 0.0077519379845 381 112 4 3 0 0 0 0 0 0 0 0 0 0 0 0 0 0 0 0
"181" 181 0.0 455 38 6 1 0 0 0 0 0 0 0 0 0 0 0 0 0 0 0 0
"182" 182 0.0288461538462 205 74 70 59 46 18 11 8 4 3 2 0 0 0 0 0 0 0 0 0
"183" 183 0.0615384615385 158 118 67 58 39 23 16 12 6 1 1 1 0 0 0 0 0 0 0 0
"184" 184 0.00662251655629 371 72 34 13 4 2 2 2 0 0 0 0 0 0 0 0 0 0 0 0
"185" 185 0.0248756218905 386 73 16 12 3 3 3 2 1 1 0 0 0 0 0 0 0 0 0 0
"186" 186 0.014598540146 117 110 77 56 44 35 13 13 11 10 5 4 4 1 0 0 0 0 0 0
"187" 187 0.0077519379845 457 40 2 1 0 0 0 0 0 0 0 0 0 0 0 0 0 0 0 0
"188" 188 0.0 346 70 40 15 6 5 5 4 3 3 1 1 1 0 0 0 0 0 0 0
"189" 189 0.0172413793103 114 109 59 45 31 24 23 21 20 16 13 12 5 4 3 1 0 0 0 0
"190" 190 0.118143459916 138 86 77 57 34 25 23 20 12 10 5 5 4 1 1 1 1 0 0 0
"191" 191 0.296650717703 137 113 42 42 40 39 24 14 9 9 9 5 5 5 4 2 1 0 0 0
"192" 192 0.0547263681592 296 86 82 13 7 7 2 2 2 2 1 0 0 0 0 0 0 0 0 0
"193" 193 0.0414507772021 122 109 59 53 45 32 30 13 11 6 6 5 5 2 1 1 0 0 0 0
"194" 194 0.636771300448 265 87 79 20 16 14 11 4 3 1 0 0 0 0 0 0 0 0 0 0
"195" 195 0.0871559633028 315 56 52 25 19 12 11 3 2 1 1 1 1 1 0 0 0 0 0 0
"196" 196 0.390728476821 313 45 31 27 26 21 10 9 6 5 4 2 1 0 0 0 0 0 0 0
"197" 197 0.326424870466 137 125 55 43 28 26 23 17 16 11 10 3 2 1 1 1 1 0 0 0
"198" 198 0.766839378238 230 98 69 26 24 21 14 6 5 3 3 1 0 0 0 0 0 0 0 0
"199" 199 0.441964285714 131 130 65 54 32 24 16 11 11 9 6 5 2 1 1 1 1 0 0 0
"200" 200 0.0 187 114 113 26 17 13 10 6 5 4 3 1 1 0 0 0 0 0 0 0
"201" 201 0.275862068966 128 96 67 51 39 26 25 20 15 14 5 4 3 3 3 1 0 0 0 0
"202" 202 0.509615384615 176 90 85 37 33 24 21 11 8 6 3 3 1 1 1 0 0 0 0 0
"203" 203 0.203980099502 110 90 78 60 33 31 21 18 15 12 8 6 6 5 4 3 0 0 0 0
"204" 204 0.292307692308 122 104 92 52 29 20 15 14 12 11 11 7 6 5 0 0 0 0 0 0
"205" 205 0.0507614213198 260 91 57 44 28 9 4 4 3 0 0 0 0 0 0 0 0 0 0 0
"206" 206 0.0062893081761 166 163 148 23 0 0 0 0 0 0 0 0 0 0 0 0 0 0 0 0
"207" 207 0.273255813953 157 101 88 59 41 12 10 9 9 4 3 2 2 2 1 0 0 0 0 0
"208" 208 0.0480769230769 499 1 0 0 0 0 0 0 0 0 0 0 0 0 0 0 0 0 0 0
"209" 209 0.0812182741117 307 109 19 16 15 14 6 4 3 2 2 2 1 0 0 0 0 0 0 0
"210" 210 0.0 450 17 9 7 6 6 2 2 1 0 0 0 0 0 0 0 0 0 0 0
"211" 211 0.0248756218905 300 47 40 27 21 16 15 12 11 7 4 0 0 0 0 0 0 0 0 0
"212" 212 0.197080291971 159 87 84 37 34 32 20 18 12 7 3 2 2 1 1 1 0 0 0 0
"213" 213 0.00380228136882 209 140 57 51 15 10 9 6 3 0 0 0 0 0 0 0 0 0 0 0
"214" 214 0.227979274611 131 121 82 35 31 30 19 19 12 9 8 2 1 0 0 0 0 0 0 0
"215" 215 0.0646766169154 365 82 34 5 4 3 3 2 1 1 0 0 0 0 0 0 0 0 0 0
"216" 216 0.217616580311 438 25 22 12 1 1 1 0 0 0 0 0 0 0 0 0 0 0 0 0
"217" 217 0.543046357616 138 106 86 81 43 15 8 7 5 5 4 1 1 0 0 0 0 0 0 0
"218" 218 0.372093023256 429 28 11 8 8 7 5 4 0 0 0 0 0 0 0 0 0 0 0 0
"219" 219 0.0963302752294 131 124 116 43 31 15 12 8 8 6 5 1 0 0 0 0 0 0 0 0
"220" 220 0.558394160584 137 87 73 53 38 37 18 16 15 9 8 4 4 1 0 0 0 0 0 0
"221" 221 0.163522012579 369 97 9 9 5 5 2 2 1 1 0 0 0 0 0 0 0 0 0 0
"222" 222 0.567164179104 204 197 42 19 9 6 6 4 4 4 2 1 1 1 0 0 0 0 0 0
"223" 223 0.344827586207 149 118 96 53 33 16 16 4 4 3 3 2 2 1 0 0 0 0 0 0
"224" 224 0.518248175182 99 94 68 49 36 33 25 21 20 18 11 8 6 6 5 1 0 0 0 0
"225" 225 0.278846153846 486 7 3 2 1 1 0 0 0 0 0 0 0 0 0 0 0 0 0 0
"226" 226 0.125 500 0 0 0 0 0 0 0 0 0 0 0 0 0 0 0 0 0 0 0
"227" 227 0.273255813953 85 74 70 44 43 43 36 25 24 23 21 4 3 2 2 1 0 0 0 0
"228" 228 0.167300380228 235 101 91 32 26 7 4 1 1 1 1 0 0 0 0 0 0 0 0 0
"229" 229 0.0547263681592 292 91 26 22 17 10 10 9 8 5 5 2 2 1 0 0 0 0 0 0
"230" 230 0.295336787565 188 125 71 47 20 14 12 7 6 4 3 1 1 1 0 0 0 0 0 0
"231" 231 0.547169811321 121 100 65 64 54 29 24 14 12 6 3 3 2 1 1 1 0 0 0 0
"232" 232 0.325892857143 147 85 73 52 44 30 23 16 15 8 4 3 0 0 0 0 0 0 0 0
"233" 233 0.271317829457 124 107 67 57 57 23 20 17 14 7 2 2 1 1 1 0 0 0 0 0
"234" 234 0.0387596899225 349 75 18 16 16 9 7 5 4 1 0 0 0 0 0 0 0 0 0 0
"235" 235 0.542635658915 115 81 51 50 44 37 26 26 25 21 17 4 2 1 0 0 0 0 0 0
"236" 236 0.480620155039 114 87 80 63 60 25 24 22 9 7 4 3 1 1 0 0 0 0 0 0
"237" 237 0.125 239 47 43 40 27 14 13 12 12 11 10 10 10 7 5 0 0 0 0 0
"238" 238 0.240310077519 104 97 90 60 44 21 17 12 11 10 9 6 6 5 3 2 2 1 0 0
"239" 239 0.558139534884 162 124 58 31 26 25 17 15 13 9 6 5 3 3 1 1 1 0 0 0
"240" 240 0.635658914729 137 128 57 47 35 23 23 18 15 8 4 2 2 1 0 0 0 0 0 0
"241" 241 0.298850574713 108 58 54 51 41 36 32 29 27 20 17 10 8 4 2 1 1 1 0 0
"242" 242 0.899224806202 209 108 62 61 53 3 2 1 1 0 0 0 0 0 0 0 0 0 0 0
