"site" "RSA" "aa1" "aa2" "aa3" "aa4" "aa5" "aa6" "aa7" "aa8" "aa9" "aa10" "aa11" "aa12" "aa13" "aa14" "aa15" "aa16" "aa17" "aa18" "aa19" "aa20"
"0" 0 0.766423357664 108 91 54 54 49 46 32 20 17 14 7 2 2 2 1 1 0 0 0 0
"1" 1 0.426395939086 118 73 72 70 50 46 24 20 8 6 6 3 2 1 1 0 0 0 0 0
"2" 2 0.197674418605 157 77 62 57 54 26 22 12 7 6 5 5 5 3 1 1 0 0 0 0
"3" 3 0.497512437811 110 83 66 65 35 35 33 27 16 12 9 4 3 1 1 0 0 0 0 0
"4" 4 0.155172413793 171 72 66 47 39 24 16 11 8 7 7 7 7 6 6 5 1 0 0 0
"5" 5 0.663212435233 231 119 45 20 18 14 12 9 8 6 4 4 4 4 1 1 0 0 0 0
"6" 6 0.387559808612 265 49 28 25 21 20 14 14 13 11 10 10 7 5 4 4 0 0 0 0
"7" 7 0.584905660377 231 112 86 36 22 11 2 0 0 0 0 0 0 0 0 0 0 0 0 0
"8" 8 0.422885572139 234 73 64 49 22 17 15 9 8 5 3 1 0 0 0 0 0 0 0 0
"9" 9 0.0172413793103 106 84 54 47 41 38 27 23 20 12 12 10 10 7 6 2 1 0 0 0
"10" 10 0.511210762332 147 66 45 44 42 41 38 24 18 14 12 5 2 1 1 0 0 0 0 0
"11" 11 0.516746411483 169 116 74 42 37 20 8 7 7 7 4 3 3 2 1 0 0 0 0 0
"12" 12 0.160337552743 164 109 59 43 33 29 19 19 13 5 4 1 1 1 0 0 0 0 0 0
"13" 13 0.0547263681592 180 68 46 37 36 31 24 18 12 12 9 6 6 4 4 3 2 2 0 0
"14" 14 0.449612403101 95 69 64 51 42 37 36 34 25 22 13 10 2 0 0 0 0 0 0 0
"15" 15 0.377990430622 174 150 40 38 35 20 13 12 5 5 4 3 1 0 0 0 0 0 0 0
"16" 16 0.0 337 28 27 26 25 17 8 6 6 6 5 3 2 2 2 0 0 0 0 0
"17" 17 0.251824817518 79 77 69 55 45 40 30 25 24 22 14 5 5 4 4 1 1 0 0 0
"18" 18 0.233160621762 187 101 63 53 40 20 13 7 7 4 3 1 1 0 0 0 0 0 0 0
"19" 19 0.801687763713 233 114 31 25 25 21 19 15 7 5 2 2 1 0 0 0 0 0 0 0
"20" 20 0.740875912409 206 69 44 42 33 32 30 24 10 7 1 1 1 0 0 0 0 0 0 0
"21" 21 0.116279069767 305 46 31 26 25 22 19 7 6 6 3 2 1 1 0 0 0 0 0 0
"22" 22 0.336538461538 127 115 107 75 30 18 10 6 6 3 1 1 1 0 0 0 0 0 0 0
"23" 23 0.339622641509 272 147 29 18 16 5 5 3 2 2 1 0 0 0 0 0 0 0 0 0
"24" 24 0.518987341772 126 121 84 59 26 22 15 14 14 13 5 1 0 0 0 0 0 0 0 0
"25" 25 0.455958549223 171 84 52 50 47 33 23 17 10 4 4 2 1 1 1 0 0 0 0 0
"26" 26 0.0209205020921 234 168 56 9 8 7 4 3 3 2 2 1 1 1 1 0 0 0 0 0
"27" 27 0.288321167883 194 136 109 20 8 7 6 6 5 2 2 2 1 1 1 0 0 0 0 0
"28" 28 0.303571428571 208 103 89 26 23 20 13 5 4 3 3 1 1 1 0 0 0 0 0 0
"29" 29 0.10447761194 229 102 49 32 18 13 12 10 9 8 6 4 3 3 1 1 0 0 0 0
"30" 30 0.0232558139535 183 86 52 39 36 31 22 16 9 8 8 4 2 2 1 1 0 0 0 0
"31" 31 0.178571428571 195 150 110 15 9 7 3 3 2 2 2 1 1 0 0 0 0 0 0 0
"32" 32 0.357142857143 127 118 66 59 39 38 16 11 9 8 5 4 0 0 0 0 0 0 0 0
"33" 33 0.0574712643678 100 73 72 70 45 43 41 28 13 9 5 1 0 0 0 0 0 0 0 0
"34" 34 0.232558139535 88 77 68 67 49 45 30 21 18 12 10 6 4 3 2 0 0 0 0 0
"35" 35 0.308457711443 173 73 55 48 40 32 28 24 9 8 4 2 2 1 1 0 0 0 0 0
"36" 36 0.31007751938 75 66 58 49 43 29 28 24 24 18 17 16 13 11 10 10 8 1 0 0
"37" 37 0.619771863118 136 89 76 48 24 22 20 16 14 11 10 8 8 5 5 3 3 2 0 0
"38" 38 0.316964285714 67 52 49 48 46 42 38 35 32 22 18 15 11 10 8 4 3 0 0 0
"39" 39 0.139534883721 114 111 70 41 34 25 20 18 12 10 9 9 9 8 8 1 1 0 0 0
"40" 40 0.591240875912 333 128 23 7 4 2 1 1 1 0 0 0 0 0 0 0 0 0 0 0
"41" 41 0.414507772021 183 178 62 17 16 12 11 8 6 2 2 2 1 0 0 0 0 0 0 0
"42" 42 0.273631840796 100 86 80 43 35 31 25 24 21 15 13 9 9 4 2 2 1 0 0 0
"43" 43 0.638392857143 196 53 49 33 32 31 27 23 18 11 9 5 4 4 2 1 1 1 0 0
"44" 44 0.437810945274 184 170 55 42 12 11 10 9 2 2 1 1 1 0 0 0 0 0 0 0
"45" 45 0.459821428571 162 77 54 41 37 22 19 18 17 13 12 9 8 5 3 2 1 0 0 0
"46" 46 0.598214285714 70 59 55 49 49 40 39 33 28 21 18 10 9 6 6 4 3 1 0 0
"47" 47 0.343023255814 353 42 17 16 15 12 9 8 7 6 5 4 3 1 1 1 0 0 0 0
"48" 48 0.43023255814 91 68 60 59 51 29 25 24 23 21 15 15 15 2 1 1 0 0 0 0
"49" 49 0.390804597701 115 100 83 48 40 33 28 13 9 7 5 5 5 3 3 2 1 0 0 0
"50" 50 0.8125 177 111 85 31 22 19 16 12 11 4 4 3 2 2 1 0 0 0 0 0
"51" 51 0.354651162791 148 135 76 44 32 29 16 11 4 2 2 1 0 0 0 0 0 0 0 0
"52" 52 0.849056603774 256 211 18 6 4 3 2 0 0 0 0 0 0 0 0 0 0 0 0 0
"53" 53 0.771573604061 168 156 93 41 28 7 6 1 0 0 0 0 0 0 0 0 0 0 0 0
"54" 54 0.364341085271 197 135 73 30 20 18 10 9 5 2 1 0 0 0 0 0 0 0 0 0
"55" 55 0.685534591195 207 106 50 48 30 23 22 5 3 2 2 1 1 0 0 0 0 0 0 0
"56" 56 0.22480620155 97 76 63 39 36 35 30 25 23 19 14 12 10 9 6 5 1 0 0 0
"57" 57 0.64598540146 97 92 54 53 45 33 26 25 20 16 14 13 6 3 1 1 1 0 0 0
"58" 58 0.270114942529 284 62 38 21 21 13 12 12 11 9 5 5 4 2 1 0 0 0 0 0
"59" 59 0.565400843882 144 97 93 58 30 29 14 9 7 5 5 4 3 2 0 0 0 0 0 0
"60" 60 0.362068965517 188 135 55 23 21 21 16 12 9 6 5 3 3 2 1 0 0 0 0 0
"61" 61 0.502487562189 128 101 96 45 32 20 17 13 12 10 6 5 4 4 3 2 2 0 0 0
"62" 62 0.198675496689 135 119 61 30 27 19 17 16 15 13 10 10 10 6 5 4 2 1 0 0
"63" 63 0.711538461538 500 0 0 0 0 0 0 0 0 0 0 0 0 0 0 0 0 0 0 0
"64" 64 0.396624472574 164 70 62 55 47 36 21 12 10 10 7 3 2 1 0 0 0 0 0 0
"65" 65 0.405063291139 157 126 66 29 27 20 13 12 10 9 8 8 7 3 2 1 1 1 0 0
"66" 66 0.114427860697 101 81 45 42 36 34 34 29 20 18 15 13 12 8 7 2 1 1 1 0
"67" 67 0.0 152 88 79 62 32 25 25 15 8 8 4 2 0 0 0 0 0 0 0 0
"68" 68 0.0149253731343 101 98 79 68 49 31 24 16 15 7 6 2 2 1 1 0 0 0 0 0
"69" 69 0.0 155 76 75 60 53 40 9 8 6 5 5 4 3 1 0 0 0 0 0 0
"70" 70 0.0 223 182 22 21 9 9 8 6 5 4 3 3 2 2 1 0 0 0 0 0
"71" 71 0.0152284263959 189 153 33 30 24 16 16 15 15 3 3 1 1 1 0 0 0 0 0 0
"72" 72 0.154228855721 126 113 62 43 34 28 21 19 18 17 5 5 4 2 1 1 1 0 0 0
"73" 73 0.335766423358 179 122 39 34 28 25 22 21 11 9 4 4 1 1 0 0 0 0 0 0
"74" 74 0.062015503876 159 122 71 65 31 18 15 14 2 2 1 0 0 0 0 0 0 0 0 0
"75" 75 0.0288461538462 497 3 0 0 0 0 0 0 0 0 0 0 0 0 0 0 0 0 0 0
"76" 76 0.228855721393 172 90 77 57 20 20 14 12 10 6 5 5 4 3 2 2 1 0 0 0
"77" 77 0.0459770114943 207 62 47 42 39 31 30 11 7 6 5 4 3 3 3 0 0 0 0 0
"78" 78 0.0287356321839 105 93 91 71 70 26 16 10 9 4 2 1 1 1 0 0 0 0 0 0
"79" 79 0.464285714286 220 91 72 36 24 13 12 10 8 3 2 2 2 2 2 1 0 0 0 0
"80" 80 0.0865384615385 473 16 6 2 1 1 1 0 0 0 0 0 0 0 0 0 0 0 0 0
"81" 81 0.0812182741117 85 61 49 47 47 46 37 31 21 19 14 13 12 6 5 4 2 1 0 0
"82" 82 0.169154228856 164 128 51 51 37 18 14 11 10 4 4 3 2 2 1 0 0 0 0 0
"83" 83 0.670886075949 131 122 62 54 50 17 16 15 8 8 8 4 3 1 1 0 0 0 0 0
"84" 84 0.582089552239 153 78 62 35 26 19 19 18 15 15 14 14 11 8 6 5 2 0 0 0
"85" 85 0.229885057471 176 160 67 44 30 9 4 4 3 2 1 0 0 0 0 0 0 0 0 0
"86" 86 0.578616352201 299 151 34 11 2 1 1 1 0 0 0 0 0 0 0 0 0 0 0 0
"87" 87 0.612440191388 290 49 41 30 28 27 17 9 6 2 1 0 0 0 0 0 0 0 0 0
"88" 88 0.077519379845 252 175 15 13 12 7 6 5 4 3 3 2 1 1 1 0 0 0 0 0
"89" 89 0.357664233577 125 97 70 58 56 31 17 14 11 8 4 3 3 2 1 0 0 0 0 0
"90" 90 0.287356321839 109 105 59 57 57 29 22 21 9 7 7 6 6 5 1 0 0 0 0 0
"91" 91 0.00961538461538 348 109 27 4 4 4 3 1 0 0 0 0 0 0 0 0 0 0 0 0
"92" 92 0.287081339713 194 61 56 54 33 17 17 16 14 10 7 5 5 4 4 3 0 0 0 0
"93" 93 0.0 160 143 89 36 19 17 14 8 7 3 2 2 0 0 0 0 0 0 0 0
"94" 94 0.0 145 96 65 39 33 29 27 15 11 11 11 10 2 2 2 1 1 0 0 0
"95" 95 0.0348258706468 221 101 34 31 28 25 20 16 12 2 2 2 2 1 1 1 1 0 0 0
"96" 96 0.509505703422 94 76 66 61 47 45 39 23 12 12 10 7 5 2 1 0 0 0 0 0
"97" 97 0.251824817518 105 103 65 62 47 38 36 13 13 7 5 2 2 1 1 0 0 0 0 0
"98" 98 0.274611398964 142 107 86 57 51 42 5 4 3 2 1 0 0 0 0 0 0 0 0 0
"99" 99 0.698113207547 252 134 38 36 20 9 7 2 1 1 0 0 0 0 0 0 0 0 0 0
"100" 100 0.763392857143 209 125 87 27 20 10 9 5 5 1 1 1 0 0 0 0 0 0 0 0
"101" 101 0.397350993377 167 117 85 34 32 18 17 11 5 5 4 2 1 1 1 0 0 0 0 0
"102" 102 0.199004975124 136 127 65 57 51 20 19 9 6 3 3 3 1 0 0 0 0 0 0 0
"103" 103 0.435897435897 195 81 50 40 38 22 20 15 13 8 7 6 3 2 0 0 0 0 0 0
"104" 104 0.207547169811 345 71 44 8 7 6 4 4 3 2 2 2 1 1 0 0 0 0 0 0
"105" 105 0.270114942529 168 114 77 38 22 18 18 17 8 7 6 4 2 1 0 0 0 0 0 0
"106" 106 0.394618834081 100 78 54 48 28 27 27 27 19 19 17 16 11 11 7 5 5 1 0 0
"107" 107 0.437262357414 92 84 70 61 53 41 26 22 15 12 8 7 6 2 1 0 0 0 0 0
"108" 108 0.422053231939 179 108 71 64 25 20 17 6 4 3 2 1 0 0 0 0 0 0 0 0
"109" 109 0.167512690355 148 91 75 38 25 23 16 14 14 13 13 9 8 6 5 1 1 0 0 0
"110" 110 0.523206751055 134 93 86 49 36 23 18 15 10 9 9 8 8 2 0 0 0 0 0 0
"111" 111 0.134328358209 103 103 95 51 50 28 17 17 15 5 5 5 3 1 1 1 0 0 0 0
"112" 112 0.0817610062893 409 34 19 12 5 5 4 4 3 2 2 1 0 0 0 0 0 0 0 0
"113" 113 0.559748427673 500 0 0 0 0 0 0 0 0 0 0 0 0 0 0 0 0 0 0 0
"114" 114 0.367875647668 454 15 13 7 5 4 2 0 0 0 0 0 0 0 0 0 0 0 0 0
"115" 115 0.0609137055838 330 33 27 27 24 15 10 9 8 5 4 4 3 1 0 0 0 0 0 0
"116" 116 0.441860465116 255 74 36 32 28 20 15 13 11 7 2 2 2 1 1 1 0 0 0 0
"117" 117 0.526785714286 157 144 113 27 9 9 9 7 6 5 5 5 4 0 0 0 0 0 0 0
"118" 118 0.109489051095 172 167 34 32 31 19 15 9 5 5 4 3 3 1 0 0 0 0 0 0
"119" 119 0.273722627737 81 73 70 60 41 40 31 24 24 19 13 8 5 5 4 1 1 0 0 0
"120" 120 0.0077519379845 135 131 113 25 20 17 16 14 13 7 4 4 1 0 0 0 0 0 0 0
"121" 121 0.092050209205 214 142 87 18 9 6 5 5 3 3 2 2 2 1 1 0 0 0 0 0
"122" 122 0.0 217 154 29 24 21 20 12 8 4 4 2 2 1 1 1 0 0 0 0 0
"123" 123 0.1592039801 161 108 74 37 30 26 21 16 8 8 3 3 2 2 1 0 0 0 0 0
"124" 124 0.186528497409 153 80 74 67 63 53 4 3 1 1 1 0 0 0 0 0 0 0 0 0
"125" 125 0.207547169811 290 111 45 23 23 3 2 1 1 1 0 0 0 0 0 0 0 0 0 0
"126" 126 0.0995024875622 283 91 64 32 18 4 3 3 2 0 0 0 0 0 0 0 0 0 0 0
"127" 127 0.147286821705 145 83 77 51 24 24 22 22 21 8 8 7 6 1 1 0 0 0 0 0
"128" 128 0.0872093023256 115 70 56 53 49 37 33 27 22 11 11 10 2 2 2 0 0 0 0 0
"129" 129 0.0192307692308 499 1 0 0 0 0 0 0 0 0 0 0 0 0 0 0 0 0 0 0
"130" 130 0.0192307692308 103 62 58 56 45 27 27 25 25 22 12 12 9 8 8 1 0 0 0 0
"131" 131 0.205298013245 116 70 61 58 37 28 25 23 20 19 13 10 8 4 3 2 2 1 0 0
"132" 132 0.031007751938 121 65 63 52 48 38 37 32 16 11 8 4 3 1 1 0 0 0 0 0
"133" 133 0.0397350993377 132 76 63 55 33 31 22 20 16 12 11 8 6 5 3 3 3 1 0 0
"134" 134 0.233830845771 113 66 66 60 54 30 29 18 12 11 10 10 6 6 5 2 2 0 0 0
"135" 135 0.0 240 127 47 28 27 18 7 2 2 1 1 0 0 0 0 0 0 0 0 0
"136" 136 0.0298507462687 181 122 45 28 24 19 17 16 14 7 6 5 5 3 3 2 2 1 0 0
"137" 137 0.298013245033 148 85 72 49 32 31 21 14 12 11 8 5 5 4 2 1 0 0 0 0
"138" 138 0.0497512437811 106 103 73 61 36 19 18 15 13 13 12 11 9 6 4 1 0 0 0 0
"139" 139 0.0 257 113 32 24 18 16 13 10 8 6 2 1 0 0 0 0 0 0 0 0
"140" 140 0.565400843882 68 55 53 52 48 47 40 36 35 32 11 8 6 3 3 2 1 0 0 0
"141" 141 0.59375 136 69 56 54 45 38 27 24 20 17 4 4 3 1 1 1 0 0 0 0
"142" 142 0.397810218978 120 82 70 34 31 30 29 24 19 15 13 9 9 7 4 3 1 0 0 0
"143" 143 0.288461538462 498 2 0 0 0 0 0 0 0 0 0 0 0 0 0 0 0 0 0 0
"144" 144 0.046511627907 198 97 45 42 34 29 21 10 10 6 3 2 1 1 1 0 0 0 0 0
"145" 145 0.581395348837 100 92 66 53 51 48 34 21 10 7 7 5 3 2 1 0 0 0 0 0
"146" 146 0.5 338 147 5 3 3 2 1 1 0 0 0 0 0 0 0 0 0 0 0 0
"147" 147 0.0804597701149 159 151 50 43 36 29 13 12 4 1 1 1 0 0 0 0 0 0 0 0
"148" 148 0.0548523206751 156 104 76 42 38 26 15 12 10 8 6 3 2 1 1 0 0 0 0 0
"149" 149 0.0398009950249 202 95 92 59 28 11 4 3 3 2 1 0 0 0 0 0 0 0 0 0
"150" 150 0.186046511628 446 53 1 0 0 0 0 0 0 0 0 0 0 0 0 0 0 0 0 0
"151" 151 0.0964467005076 126 109 83 64 26 20 16 14 13 10 7 7 5 0 0 0 0 0 0 0
"152" 152 0.0298507462687 177 109 50 46 42 20 16 15 10 5 4 3 1 1 1 0 0 0 0 0
"153" 153 0.0 286 101 68 14 7 5 5 5 4 3 1 1 0 0 0 0 0 0 0 0
"154" 154 0.0 264 88 66 64 9 4 2 2 1 0 0 0 0 0 0 0 0 0 0 0
"155" 155 0.295597484277 227 83 60 51 35 15 10 9 5 4 1 0 0 0 0 0 0 0 0 0
"156" 156 0.424107142857 72 68 59 51 47 45 39 38 32 17 14 5 4 4 3 1 1 0 0 0
"157" 157 0.0 450 32 18 0 0 0 0 0 0 0 0 0 0 0 0 0 0 0 0 0
"158" 158 0.109452736318 165 121 48 33 24 20 18 16 12 10 8 7 6 4 4 3 1 0 0 0
"159" 159 0.589285714286 124 102 87 66 43 17 15 13 10 10 4 3 3 2 1 0 0 0 0 0
"160" 160 0.313868613139 66 59 54 53 50 41 37 33 22 22 19 13 10 8 5 4 3 1 0 0
"161" 161 0.0203045685279 180 83 64 42 33 28 27 18 13 5 2 2 1 1 1 0 0 0 0 0
"162" 162 0.480620155039 153 70 58 55 27 27 26 19 13 12 11 11 10 4 2 2 0 0 0 0
"163" 163 0.68776371308 166 87 53 51 32 22 15 14 13 13 8 8 6 5 4 2 1 0 0 0
"164" 164 0.253886010363 100 82 66 56 50 28 24 23 17 16 16 9 6 3 2 1 1 0 0 0
"165" 165 0.0909090909091 199 174 45 31 25 12 4 3 3 2 1 1 0 0 0 0 0 0 0 0
"166" 166 0.528301886792 218 104 60 47 34 18 11 6 2 0 0 0 0 0 0 0 0 0 0 0
"167" 167 0.777202072539 195 63 40 37 37 30 25 24 23 22 2 1 1 0 0 0 0 0 0 0
"168" 168 0.0813953488372 93 74 65 50 50 38 30 25 23 18 16 8 5 2 1 1 1 0 0 0
"169" 169 0.129464285714 119 86 85 82 40 24 16 9 8 7 5 5 5 4 3 2 0 0 0 0
"170" 170 0.0344827586207 304 72 27 27 23 20 7 6 5 3 2 2 1 1 0 0 0 0 0 0
"171" 171 0.114942528736 123 68 66 48 48 41 18 17 12 12 10 9 8 8 7 3 2 0 0 0
"172" 172 0.0114942528736 180 138 59 41 22 19 11 9 4 4 4 3 2 2 2 0 0 0 0 0
"173" 173 0.139534883721 122 53 44 43 41 39 37 34 28 14 11 8 7 6 5 4 4 0 0 0
"174" 174 0.124031007752 113 92 69 50 40 31 25 21 21 10 9 7 5 2 2 2 1 0 0 0
"175" 175 0.38578680203 132 80 74 71 35 31 16 12 10 9 8 7 7 4 2 1 1 0 0 0
"176" 176 0.0984455958549 115 96 69 54 50 34 22 14 11 9 8 8 6 2 1 1 0 0 0 0
"177" 177 0.589285714286 225 88 65 51 31 25 4 4 2 2 1 1 1 0 0 0 0 0 0 0
"178" 178 0.496350364964 247 99 52 47 32 12 5 3 2 1 0 0 0 0 0 0 0 0 0 0
"179" 179 0.0796019900498 319 61 27 19 17 16 14 8 7 3 2 2 2 2 1 0 0 0 0 0
"180" 180 0.251282051282 392 34 28 17 15 11 2 1 0 0 0 0 0 0 0 0 0 0 0 0
"181" 181 0.689119170984 191 154 102 22 10 9 5 4 2 1 0 0 0 0 0 0 0 0 0 0
"182" 182 0.598086124402 260 64 42 39 26 16 16 13 10 9 3 2 0 0 0 0 0 0 0 0
"183" 183 0.00961538461538 494 2 2 2 0 0 0 0 0 0 0 0 0 0 0 0 0 0 0 0
"184" 184 0.304182509506 113 99 72 47 38 27 19 17 16 14 9 8 6 6 5 3 1 0 0 0
"185" 185 0.147208121827 110 78 63 55 45 42 39 33 11 9 6 6 1 1 1 0 0 0 0 0
"186" 186 0.195402298851 205 121 58 39 30 14 10 10 5 3 2 2 1 0 0 0 0 0 0 0
"187" 187 0.51572327044 102 96 81 72 59 26 17 12 10 9 7 5 4 0 0 0 0 0 0 0
"188" 188 0.0288461538462 500 0 0 0 0 0 0 0 0 0 0 0 0 0 0 0 0 0 0 0
"189" 189 0.134328358209 200 119 94 35 24 18 5 2 1 1 1 0 0 0 0 0 0 0 0 0
"190" 190 0.442307692308 500 0 0 0 0 0 0 0 0 0 0 0 0 0 0 0 0 0 0 0
"191" 191 0.259067357513 190 114 52 34 31 23 21 10 5 5 5 5 4 1 0 0 0 0 0 0
"192" 192 0.170542635659 341 64 29 20 18 11 5 4 3 2 1 1 1 0 0 0 0 0 0 0
"193" 193 0.0576923076923 307 46 34 31 29 29 6 6 4 3 2 2 1 0 0 0 0 0 0 0
"194" 194 0.145077720207 109 99 94 51 35 25 21 20 17 12 7 6 2 1 1 0 0 0 0 0
"195" 195 0.142335766423 340 61 27 22 18 14 9 5 1 1 1 1 0 0 0 0 0 0 0 0
"196" 196 0.00507614213198 147 87 64 55 44 42 20 14 7 5 5 4 4 2 0 0 0 0 0 0
"197" 197 0.357414448669 210 71 54 49 42 37 13 9 7 5 2 1 0 0 0 0 0 0 0 0
"198" 198 0.461538461538 355 144 1 0 0 0 0 0 0 0 0 0 0 0 0 0 0 0 0 0
"199" 199 0.290697674419 197 77 60 54 50 19 14 12 7 5 3 1 1 0 0 0 0 0 0 0
"200" 200 1.05485232068 289 75 60 26 19 12 10 4 4 1 0 0 0 0 0 0 0 0 0 0
