"site" "RSA" "aa1" "aa2" "aa3" "aa4" "aa5" "aa6" "aa7" "aa8" "aa9" "aa10" "aa11" "aa12" "aa13" "aa14" "aa15" "aa16" "aa17" "aa18" "aa19" "aa20"
"0" 0 0.802325581395 146 84 71 68 52 50 17 11 1 0 0 0 0 0 0 0 0 0 0 0
"1" 1 0.482587064677 214 172 36 34 20 19 3 1 1 0 0 0 0 0 0 0 0 0 0 0
"2" 2 0.233830845771 204 122 76 62 18 6 4 4 3 1 0 0 0 0 0 0 0 0 0 0
"3" 3 0.456953642384 299 99 54 25 17 3 1 1 1 0 0 0 0 0 0 0 0 0 0 0
"4" 4 0.483443708609 456 31 13 0 0 0 0 0 0 0 0 0 0 0 0 0 0 0 0 0
"5" 5 0.100418410042 473 24 3 0 0 0 0 0 0 0 0 0 0 0 0 0 0 0 0 0
"6" 6 0.134615384615 500 0 0 0 0 0 0 0 0 0 0 0 0 0 0 0 0 0 0 0
"7" 7 0.383720930233 491 7 2 0 0 0 0 0 0 0 0 0 0 0 0 0 0 0 0 0
"8" 8 0.339622641509 389 57 46 5 2 1 0 0 0 0 0 0 0 0 0 0 0 0 0 0
"9" 9 0.326359832636 208 206 57 4 4 4 4 4 4 2 1 1 1 0 0 0 0 0 0 0
"10" 10 0.446428571429 318 164 17 1 0 0 0 0 0 0 0 0 0 0 0 0 0 0 0 0
"11" 11 0.0729927007299 493 4 1 1 1 0 0 0 0 0 0 0 0 0 0 0 0 0 0 0
"12" 12 0.0 391 88 7 6 3 3 1 1 0 0 0 0 0 0 0 0 0 0 0 0
"13" 13 0.397321428571 165 135 130 57 6 6 1 0 0 0 0 0 0 0 0 0 0 0 0 0
"14" 14 0.389743589744 135 135 99 63 26 13 6 6 6 6 5 0 0 0 0 0 0 0 0 0
"15" 15 0.0 477 23 0 0 0 0 0 0 0 0 0 0 0 0 0 0 0 0 0 0
"16" 16 0.0149253731343 477 10 9 1 1 1 1 0 0 0 0 0 0 0 0 0 0 0 0 0
"17" 17 0.209302325581 178 133 102 53 10 10 8 3 2 1 0 0 0 0 0 0 0 0 0 0
"18" 18 0.0 322 96 43 18 12 5 4 0 0 0 0 0 0 0 0 0 0 0 0 0
"19" 19 0.0 489 9 1 1 0 0 0 0 0 0 0 0 0 0 0 0 0 0 0 0
"20" 20 0.478102189781 497 3 0 0 0 0 0 0 0 0 0 0 0 0 0 0 0 0 0 0
"21" 21 0.540178571429 184 132 69 42 36 24 13 0 0 0 0 0 0 0 0 0 0 0 0 0
"22" 22 0.173076923077 500 0 0 0 0 0 0 0 0 0 0 0 0 0 0 0 0 0 0 0
"23" 23 0.295620437956 188 151 61 46 45 9 0 0 0 0 0 0 0 0 0 0 0 0 0 0
"24" 24 0.0192307692308 282 156 62 0 0 0 0 0 0 0 0 0 0 0 0 0 0 0 0 0
"25" 25 0.0 476 13 11 0 0 0 0 0 0 0 0 0 0 0 0 0 0 0 0 0
"26" 26 0.0 348 79 35 23 6 5 3 1 0 0 0 0 0 0 0 0 0 0 0 0
"27" 27 0.00574712643678 278 200 8 7 6 1 0 0 0 0 0 0 0 0 0 0 0 0 0 0
"28" 28 0.0497512437811 452 35 7 5 1 0 0 0 0 0 0 0 0 0 0 0 0 0 0 0
"29" 29 0.512953367876 310 97 88 3 2 0 0 0 0 0 0 0 0 0 0 0 0 0 0 0
"30" 30 0.487179487179 382 79 12 8 5 4 4 3 2 1 0 0 0 0 0 0 0 0 0 0
"31" 31 0.294642857143 301 74 71 16 12 12 7 5 1 1 0 0 0 0 0 0 0 0 0 0
"32" 32 0.00961538461538 421 38 37 4 0 0 0 0 0 0 0 0 0 0 0 0 0 0 0 0
"33" 33 0.0155440414508 217 83 50 38 37 36 14 10 8 4 2 1 0 0 0 0 0 0 0 0
"34" 34 0.0 165 156 62 38 19 18 11 10 9 4 3 3 1 1 0 0 0 0 0 0
"35" 35 0.0 211 209 31 30 14 4 1 0 0 0 0 0 0 0 0 0 0 0 0 0
"36" 36 0.0167364016736 377 70 39 12 1 1 0 0 0 0 0 0 0 0 0 0 0 0 0 0
"37" 37 0.0 471 13 13 3 0 0 0 0 0 0 0 0 0 0 0 0 0 0 0 0
"38" 38 0.0 486 14 0 0 0 0 0 0 0 0 0 0 0 0 0 0 0 0 0 0
"39" 39 0.357142857143 440 20 14 12 8 4 1 1 0 0 0 0 0 0 0 0 0 0 0 0
"40" 40 0.261627906977 344 105 30 21 0 0 0 0 0 0 0 0 0 0 0 0 0 0 0 0
"41" 41 0.0 183 159 109 22 12 12 1 1 1 0 0 0 0 0 0 0 0 0 0 0
"42" 42 0.273255813953 315 185 0 0 0 0 0 0 0 0 0 0 0 0 0 0 0 0 0 0
"43" 43 0.281609195402 230 82 72 53 38 10 7 6 2 0 0 0 0 0 0 0 0 0 0 0
"44" 44 0.638392857143 292 126 60 11 10 1 0 0 0 0 0 0 0 0 0 0 0 0 0 0
"45" 45 0.161434977578 252 48 48 33 31 29 22 20 17 0 0 0 0 0 0 0 0 0 0 0
"46" 46 0.0045871559633 279 140 35 30 8 5 2 1 0 0 0 0 0 0 0 0 0 0 0 0
"47" 47 0.271317829457 260 158 47 20 10 3 1 1 0 0 0 0 0 0 0 0 0 0 0 0
"48" 48 0.0696517412935 339 81 26 16 13 8 7 6 4 0 0 0 0 0 0 0 0 0 0 0
"49" 49 0.00581395348837 169 153 87 55 18 14 2 2 0 0 0 0 0 0 0 0 0 0 0 0
"50" 50 0.263959390863 305 158 13 7 5 5 4 1 1 1 0 0 0 0 0 0 0 0 0 0
"51" 51 0.532846715328 208 191 54 23 10 9 4 1 0 0 0 0 0 0 0 0 0 0 0 0
"52" 52 0.22966507177 261 102 58 39 17 10 6 4 2 1 0 0 0 0 0 0 0 0 0 0
"53" 53 0.0769230769231 500 0 0 0 0 0 0 0 0 0 0 0 0 0 0 0 0 0 0 0
"54" 54 0.278145695364 451 48 1 0 0 0 0 0 0 0 0 0 0 0 0 0 0 0 0 0
"55" 55 0.163461538462 500 0 0 0 0 0 0 0 0 0 0 0 0 0 0 0 0 0 0 0
"56" 56 0.401015228426 463 27 8 1 1 0 0 0 0 0 0 0 0 0 0 0 0 0 0 0
"57" 57 0.0229885057471 291 110 56 35 5 3 0 0 0 0 0 0 0 0 0 0 0 0 0 0
"58" 58 0.0253164556962 317 69 45 29 25 4 4 2 2 1 1 1 0 0 0 0 0 0 0 0
"59" 59 0.00995024875622 444 54 1 1 0 0 0 0 0 0 0 0 0 0 0 0 0 0 0 0
"60" 60 0.0 211 183 58 39 8 1 0 0 0 0 0 0 0 0 0 0 0 0 0 0
"61" 61 0.010152284264 471 19 6 4 0 0 0 0 0 0 0 0 0 0 0 0 0 0 0 0
"62" 62 0.186046511628 424 60 16 0 0 0 0 0 0 0 0 0 0 0 0 0 0 0 0 0
"63" 63 0.303571428571 389 52 49 8 2 0 0 0 0 0 0 0 0 0 0 0 0 0 0 0
"64" 64 0.59067357513 309 111 69 8 2 1 0 0 0 0 0 0 0 0 0 0 0 0 0 0
"65" 65 0.14598540146 477 8 6 5 2 1 1 0 0 0 0 0 0 0 0 0 0 0 0 0
"66" 66 0.149635036496 477 17 4 1 1 0 0 0 0 0 0 0 0 0 0 0 0 0 0 0
"67" 67 0.476793248945 386 51 46 15 1 1 0 0 0 0 0 0 0 0 0 0 0 0 0 0
"68" 68 0.349775784753 329 82 77 8 3 1 0 0 0 0 0 0 0 0 0 0 0 0 0 0
"69" 69 0.00497512437811 487 8 4 1 0 0 0 0 0 0 0 0 0 0 0 0 0 0 0 0
"70" 70 0.569948186528 499 1 0 0 0 0 0 0 0 0 0 0 0 0 0 0 0 0 0 0
"71" 71 0.00497512437811 338 142 12 4 3 1 0 0 0 0 0 0 0 0 0 0 0 0 0 0
"72" 72 0.421383647799 374 93 27 4 2 0 0 0 0 0 0 0 0 0 0 0 0 0 0 0
"73" 73 0.229357798165 498 2 0 0 0 0 0 0 0 0 0 0 0 0 0 0 0 0 0 0
"74" 74 0.435779816514 399 53 25 23 0 0 0 0 0 0 0 0 0 0 0 0 0 0 0 0
"75" 75 0.655172413793 263 235 2 0 0 0 0 0 0 0 0 0 0 0 0 0 0 0 0 0
"76" 76 1.10714285714 500 0 0 0 0 0 0 0 0 0 0 0 0 0 0 0 0 0 0 0
"77" 77 0.471153846154 443 42 11 2 2 0 0 0 0 0 0 0 0 0 0 0 0 0 0 0
"78" 78 0.397489539749 474 9 8 4 3 2 0 0 0 0 0 0 0 0 0 0 0 0 0 0
"79" 79 0.0 312 142 38 8 0 0 0 0 0 0 0 0 0 0 0 0 0 0 0 0
"80" 80 0.224137931034 440 48 4 2 2 2 1 1 0 0 0 0 0 0 0 0 0 0 0 0
"81" 81 0.093023255814 433 56 9 1 1 0 0 0 0 0 0 0 0 0 0 0 0 0 0 0
"82" 82 0.0 417 63 10 7 3 0 0 0 0 0 0 0 0 0 0 0 0 0 0 0
"83" 83 0.09375 441 40 14 5 0 0 0 0 0 0 0 0 0 0 0 0 0 0 0 0
"84" 84 0.0232558139535 483 17 0 0 0 0 0 0 0 0 0 0 0 0 0 0 0 0 0 0
"85" 85 0.217054263566 488 12 0 0 0 0 0 0 0 0 0 0 0 0 0 0 0 0 0 0
"86" 86 0.732142857143 460 20 12 5 3 0 0 0 0 0 0 0 0 0 0 0 0 0 0 0
"87" 87 0.625 500 0 0 0 0 0 0 0 0 0 0 0 0 0 0 0 0 0 0 0
"88" 88 0.201149425287 443 52 5 0 0 0 0 0 0 0 0 0 0 0 0 0 0 0 0 0
"89" 89 0.691860465116 277 223 0 0 0 0 0 0 0 0 0 0 0 0 0 0 0 0 0 0
"90" 90 0.552325581395 495 3 2 0 0 0 0 0 0 0 0 0 0 0 0 0 0 0 0 0
"91" 91 0.0 500 0 0 0 0 0 0 0 0 0 0 0 0 0 0 0 0 0 0 0
"92" 92 0.316091954023 334 85 41 22 13 5 0 0 0 0 0 0 0 0 0 0 0 0 0 0
"93" 93 0.370860927152 272 217 6 3 2 0 0 0 0 0 0 0 0 0 0 0 0 0 0 0
"94" 94 0.147286821705 497 2 1 0 0 0 0 0 0 0 0 0 0 0 0 0 0 0 0 0
"95" 95 0.325581395349 245 109 87 42 6 5 4 1 1 0 0 0 0 0 0 0 0 0 0 0
"96" 96 0.0725388601036 277 221 2 0 0 0 0 0 0 0 0 0 0 0 0 0 0 0 0 0
"97" 97 0.0875912408759 240 222 13 9 7 4 2 2 1 0 0 0 0 0 0 0 0 0 0 0
"98" 98 0.00507614213198 128 86 67 54 52 51 37 19 2 2 2 0 0 0 0 0 0 0 0 0
"99" 99 0.255813953488 436 23 17 13 5 3 2 1 0 0 0 0 0 0 0 0 0 0 0 0
"100" 100 0.0 440 60 0 0 0 0 0 0 0 0 0 0 0 0 0 0 0 0 0 0
"101" 101 0.0114942528736 389 40 35 21 7 3 2 2 1 0 0 0 0 0 0 0 0 0 0 0
"102" 102 0.408759124088 250 156 44 24 15 8 3 0 0 0 0 0 0 0 0 0 0 0 0 0
"103" 103 0.201550387597 483 16 1 0 0 0 0 0 0 0 0 0 0 0 0 0 0 0 0 0
"104" 104 0.0077519379845 373 55 42 19 7 4 0 0 0 0 0 0 0 0 0 0 0 0 0 0
"105" 105 0.0507614213198 285 167 48 0 0 0 0 0 0 0 0 0 0 0 0 0 0 0 0 0
"106" 106 0.279069767442 486 14 0 0 0 0 0 0 0 0 0 0 0 0 0 0 0 0 0 0
"107" 107 0.715025906736 473 14 10 2 1 0 0 0 0 0 0 0 0 0 0 0 0 0 0 0
"108" 108 0.567307692308 500 0 0 0 0 0 0 0 0 0 0 0 0 0 0 0 0 0 0 0
"109" 109 0.031007751938 491 9 0 0 0 0 0 0 0 0 0 0 0 0 0 0 0 0 0 0
"110" 110 0.544303797468 494 3 2 1 0 0 0 0 0 0 0 0 0 0 0 0 0 0 0 0
"111" 111 0.314465408805 480 19 1 0 0 0 0 0 0 0 0 0 0 0 0 0 0 0 0 0
"112" 112 0.602649006623 497 2 1 0 0 0 0 0 0 0 0 0 0 0 0 0 0 0 0 0
"113" 113 0.326424870466 496 3 1 0 0 0 0 0 0 0 0 0 0 0 0 0 0 0 0 0
"114" 114 0.0149253731343 426 42 26 6 0 0 0 0 0 0 0 0 0 0 0 0 0 0 0 0
"115" 115 0.466666666667 472 23 5 0 0 0 0 0 0 0 0 0 0 0 0 0 0 0 0 0
"116" 116 0.306569343066 493 7 0 0 0 0 0 0 0 0 0 0 0 0 0 0 0 0 0 0
"117" 117 0.685534591195 462 23 7 3 2 2 1 0 0 0 0 0 0 0 0 0 0 0 0 0
"118" 118 0.115384615385 500 0 0 0 0 0 0 0 0 0 0 0 0 0 0 0 0 0 0 0
"119" 119 0.354066985646 331 119 41 5 4 0 0 0 0 0 0 0 0 0 0 0 0 0 0 0
"120" 120 0.0172413793103 481 7 7 5 0 0 0 0 0 0 0 0 0 0 0 0 0 0 0 0
"121" 121 0.192468619247 455 14 9 9 7 3 1 1 1 0 0 0 0 0 0 0 0 0 0 0
"122" 122 0.0062893081761 308 150 22 11 4 3 2 0 0 0 0 0 0 0 0 0 0 0 0 0
"123" 123 0.0597014925373 346 71 39 28 8 4 3 1 0 0 0 0 0 0 0 0 0 0 0 0
"124" 124 0.167883211679 475 8 7 5 4 1 0 0 0 0 0 0 0 0 0 0 0 0 0 0
"125" 125 0.0697674418605 484 9 7 0 0 0 0 0 0 0 0 0 0 0 0 0 0 0 0 0
"126" 126 0.385650224215 319 76 64 32 2 2 2 2 1 0 0 0 0 0 0 0 0 0 0 0
"127" 127 0.666666666667 361 80 39 9 8 2 1 0 0 0 0 0 0 0 0 0 0 0 0 0
"128" 128 0.413461538462 500 0 0 0 0 0 0 0 0 0 0 0 0 0 0 0 0 0 0 0
"129" 129 0.0480769230769 500 0 0 0 0 0 0 0 0 0 0 0 0 0 0 0 0 0 0 0
"130" 130 0.0344827586207 323 146 23 6 1 1 0 0 0 0 0 0 0 0 0 0 0 0 0 0
"131" 131 0.412935323383 372 54 40 14 12 8 0 0 0 0 0 0 0 0 0 0 0 0 0 0
"132" 132 0.46511627907 400 56 44 0 0 0 0 0 0 0 0 0 0 0 0 0 0 0 0 0
"133" 133 0.412408759124 258 96 66 59 12 6 2 1 0 0 0 0 0 0 0 0 0 0 0 0
"134" 134 0.394230769231 356 68 19 18 13 7 6 6 3 2 2 0 0 0 0 0 0 0 0 0
"135" 135 0.105769230769 389 91 10 9 1 0 0 0 0 0 0 0 0 0 0 0 0 0 0 0
"136" 136 0.0956937799043 377 50 34 25 8 4 1 1 0 0 0 0 0 0 0 0 0 0 0 0
"137" 137 0.0755813953488 298 139 50 6 3 3 1 0 0 0 0 0 0 0 0 0 0 0 0 0
"138" 138 0.0133928571429 399 73 24 4 0 0 0 0 0 0 0 0 0 0 0 0 0 0 0 0
"139" 139 0.0 423 44 28 4 1 0 0 0 0 0 0 0 0 0 0 0 0 0 0 0
"140" 140 0.0 224 182 64 21 9 0 0 0 0 0 0 0 0 0 0 0 0 0 0 0
"141" 141 0.0710659898477 206 147 72 30 29 9 4 2 1 0 0 0 0 0 0 0 0 0 0 0
"142" 142 0.0725388601036 488 6 2 1 1 1 1 0 0 0 0 0 0 0 0 0 0 0 0 0
"143" 143 0.00497512437811 404 38 26 11 10 7 2 2 0 0 0 0 0 0 0 0 0 0 0 0
"144" 144 0.0 475 13 12 0 0 0 0 0 0 0 0 0 0 0 0 0 0 0 0 0
"145" 145 0.436046511628 217 102 64 35 32 30 10 9 1 0 0 0 0 0 0 0 0 0 0 0
"146" 146 0.323383084577 286 83 59 33 9 9 7 5 4 2 1 1 1 0 0 0 0 0 0 0
"147" 147 0.0542635658915 464 36 0 0 0 0 0 0 0 0 0 0 0 0 0 0 0 0 0 0
"148" 148 0.644230769231 500 0 0 0 0 0 0 0 0 0 0 0 0 0 0 0 0 0 0 0
"149" 149 0.163179916318 424 67 7 2 0 0 0 0 0 0 0 0 0 0 0 0 0 0 0 0
"150" 150 0.253164556962 473 14 8 4 1 0 0 0 0 0 0 0 0 0 0 0 0 0 0 0
"151" 151 0.333333333333 251 92 61 56 35 4 1 0 0 0 0 0 0 0 0 0 0 0 0 0
"152" 152 0.0542635658915 491 9 0 0 0 0 0 0 0 0 0 0 0 0 0 0 0 0 0 0
"153" 153 0.0 414 65 21 0 0 0 0 0 0 0 0 0 0 0 0 0 0 0 0 0
"154" 154 0.00574712643678 253 87 58 38 20 16 16 10 1 1 0 0 0 0 0 0 0 0 0 0
"155" 155 0.0298507462687 266 126 25 23 20 13 10 9 3 3 1 1 0 0 0 0 0 0 0 0
"156" 156 0.0 242 184 64 10 0 0 0 0 0 0 0 0 0 0 0 0 0 0 0 0
"157" 157 0.183035714286 261 78 66 47 15 10 6 6 4 3 2 1 1 0 0 0 0 0 0 0
"158" 158 0.0398009950249 457 24 11 3 2 2 1 0 0 0 0 0 0 0 0 0 0 0 0 0
"159" 159 0.156976744186 276 69 64 59 17 14 1 0 0 0 0 0 0 0 0 0 0 0 0 0
"160" 160 0.179487179487 148 148 87 64 28 20 2 2 1 0 0 0 0 0 0 0 0 0 0 0
"161" 161 0.80310880829 193 149 129 23 3 2 1 0 0 0 0 0 0 0 0 0 0 0 0 0
"162" 162 0.611398963731 244 184 70 2 0 0 0 0 0 0 0 0 0 0 0 0 0 0 0 0
"163" 163 0.519230769231 500 0 0 0 0 0 0 0 0 0 0 0 0 0 0 0 0 0 0 0
"164" 164 0.267441860465 236 145 70 21 19 7 2 0 0 0 0 0 0 0 0 0 0 0 0 0
"165" 165 0.344036697248 352 41 30 20 17 16 13 4 3 2 1 1 0 0 0 0 0 0 0 0
"166" 166 0.0077519379845 362 103 24 9 2 0 0 0 0 0 0 0 0 0 0 0 0 0 0 0
"167" 167 0.452554744526 353 111 23 5 4 3 1 0 0 0 0 0 0 0 0 0 0 0 0 0
"168" 168 0.271317829457 211 181 44 38 10 7 6 3 0 0 0 0 0 0 0 0 0 0 0 0
"169" 169 0.477987421384 190 188 48 44 10 6 4 4 2 1 1 1 1 0 0 0 0 0 0 0
"170" 170 0.254464285714 172 159 72 60 32 4 1 0 0 0 0 0 0 0 0 0 0 0 0 0
"171" 171 0.0 451 46 3 0 0 0 0 0 0 0 0 0 0 0 0 0 0 0 0 0
"172" 172 0.0507614213198 263 93 88 35 20 1 0 0 0 0 0 0 0 0 0 0 0 0 0 0
"173" 173 0.526785714286 196 149 75 36 24 10 3 2 2 2 1 0 0 0 0 0 0 0 0 0
"174" 174 0.0753138075314 140 123 70 55 44 17 15 11 9 5 3 3 2 2 1 0 0 0 0 0
"175" 175 0.0 500 0 0 0 0 0 0 0 0 0 0 0 0 0 0 0 0 0 0 0
"176" 176 0.471794871795 435 31 15 9 6 4 0 0 0 0 0 0 0 0 0 0 0 0 0 0
"177" 177 0.548523206751 235 117 72 42 21 13 0 0 0 0 0 0 0 0 0 0 0 0 0 0
"178" 178 0.296650717703 335 42 39 33 26 19 3 2 1 0 0 0 0 0 0 0 0 0 0 0
"179" 179 0.569230769231 485 15 0 0 0 0 0 0 0 0 0 0 0 0 0 0 0 0 0 0
"180" 180 0.0366972477064 227 206 31 11 9 6 5 2 1 1 1 0 0 0 0 0 0 0 0 0
"181" 181 0.062015503876 309 174 17 0 0 0 0 0 0 0 0 0 0 0 0 0 0 0 0 0
"182" 182 0.00497512437811 304 178 16 2 0 0 0 0 0 0 0 0 0 0 0 0 0 0 0 0
"183" 183 0.00574712643678 437 29 10 10 7 4 2 1 0 0 0 0 0 0 0 0 0 0 0 0
"184" 184 0.116279069767 158 123 53 53 50 50 8 4 1 0 0 0 0 0 0 0 0 0 0 0
"185" 185 0.0253807106599 333 99 24 23 15 4 2 0 0 0 0 0 0 0 0 0 0 0 0 0
"186" 186 0.700892857143 180 93 89 70 52 8 7 1 0 0 0 0 0 0 0 0 0 0 0 0
"187" 187 0.0362694300518 491 5 4 0 0 0 0 0 0 0 0 0 0 0 0 0 0 0 0 0
"188" 188 0.00995024875622 364 65 31 25 9 4 1 1 0 0 0 0 0 0 0 0 0 0 0 0
"189" 189 0.183908045977 307 53 44 23 22 18 8 8 7 5 3 1 1 0 0 0 0 0 0 0
"190" 190 0.286821705426 152 108 103 72 59 4 1 1 0 0 0 0 0 0 0 0 0 0 0 0
"191" 191 0.0798479087452 347 135 11 4 2 1 0 0 0 0 0 0 0 0 0 0 0 0 0 0
"192" 192 0.251824817518 177 111 98 48 15 12 11 10 8 6 2 1 1 0 0 0 0 0 0 0
"193" 193 0.600896860987 243 63 54 50 47 24 13 3 2 1 0 0 0 0 0 0 0 0 0 0
"194" 194 0.503875968992 259 130 75 13 7 7 5 2 1 1 0 0 0 0 0 0 0 0 0 0
"195" 195 0.684210526316 327 133 12 9 8 5 3 2 1 0 0 0 0 0 0 0 0 0 0 0
