"site" "RSA" "aa1" "aa2" "aa3" "aa4" "aa5" "aa6" "aa7" "aa8" "aa9" "aa10" "aa11" "aa12" "aa13" "aa14" "aa15" "aa16" "aa17" "aa18" "aa19" "aa20"
"0" 0 0.704641350211 471 14 4 4 2 2 1 1 1 0 0 0 0 0 0 0 0 0 0 0
"1" 1 0.0288461538462 500 0 0 0 0 0 0 0 0 0 0 0 0 0 0 0 0 0 0 0
"2" 2 0.105769230769 328 86 33 18 8 7 7 5 5 2 1 0 0 0 0 0 0 0 0 0
"3" 3 0.00574712643678 247 193 33 9 9 4 4 1 0 0 0 0 0 0 0 0 0 0 0 0
"4" 4 0.0203045685279 195 129 55 49 15 15 13 13 6 5 2 2 1 0 0 0 0 0 0 0
"5" 5 0.0 271 174 15 13 9 8 4 4 2 0 0 0 0 0 0 0 0 0 0 0
"6" 6 0.139896373057 202 101 65 51 19 19 18 14 6 4 1 0 0 0 0 0 0 0 0 0
"7" 7 0.0 481 19 0 0 0 0 0 0 0 0 0 0 0 0 0 0 0 0 0 0
"8" 8 0.333333333333 357 80 36 9 9 5 4 0 0 0 0 0 0 0 0 0 0 0 0 0
"9" 9 0.287179487179 197 154 124 24 1 0 0 0 0 0 0 0 0 0 0 0 0 0 0 0
"10" 10 0.201550387597 425 31 29 5 5 3 1 1 0 0 0 0 0 0 0 0 0 0 0 0
"11" 11 0.629464285714 217 185 39 30 13 8 5 2 1 0 0 0 0 0 0 0 0 0 0 0
"12" 12 0.143497757848 356 75 36 13 11 8 1 0 0 0 0 0 0 0 0 0 0 0 0 0
"13" 13 0.0 480 17 3 0 0 0 0 0 0 0 0 0 0 0 0 0 0 0 0 0
"14" 14 0.476793248945 418 41 21 15 5 0 0 0 0 0 0 0 0 0 0 0 0 0 0 0
"15" 15 0.152284263959 194 97 89 63 28 13 6 4 3 1 1 1 0 0 0 0 0 0 0 0
"16" 16 0.0 493 7 0 0 0 0 0 0 0 0 0 0 0 0 0 0 0 0 0 0
"17" 17 0.276785714286 222 217 22 12 8 8 7 2 2 0 0 0 0 0 0 0 0 0 0 0
"18" 18 0.410852713178 278 102 62 28 18 7 2 2 1 0 0 0 0 0 0 0 0 0 0 0
"19" 19 0.0387596899225 487 11 2 0 0 0 0 0 0 0 0 0 0 0 0 0 0 0 0 0
"20" 20 0.384615384615 500 0 0 0 0 0 0 0 0 0 0 0 0 0 0 0 0 0 0 0
"21" 21 0.0387596899225 485 9 6 0 0 0 0 0 0 0 0 0 0 0 0 0 0 0 0 0
"22" 22 0.413793103448 235 116 58 31 26 17 4 4 3 2 2 1 1 0 0 0 0 0 0 0
"23" 23 0.031007751938 231 208 29 25 7 0 0 0 0 0 0 0 0 0 0 0 0 0 0 0
"24" 24 0.0 407 70 22 1 0 0 0 0 0 0 0 0 0 0 0 0 0 0 0 0
"25" 25 0.0 257 76 51 34 31 23 13 11 2 1 1 0 0 0 0 0 0 0 0 0
"26" 26 0.015503875969 316 172 12 0 0 0 0 0 0 0 0 0 0 0 0 0 0 0 0 0
"27" 27 0.149253731343 173 102 61 43 30 21 20 14 11 10 9 4 1 1 0 0 0 0 0 0
"28" 28 0.647321428571 291 100 95 5 4 4 1 0 0 0 0 0 0 0 0 0 0 0 0 0
"29" 29 1.29807692308 230 198 29 18 15 7 2 1 0 0 0 0 0 0 0 0 0 0 0 0
"30" 30 0.653846153846 473 13 13 1 0 0 0 0 0 0 0 0 0 0 0 0 0 0 0 0
"31" 31 0.396551724138 185 101 62 53 31 27 23 14 2 2 0 0 0 0 0 0 0 0 0 0
"32" 32 0.302325581395 182 122 60 36 27 26 22 15 6 2 2 0 0 0 0 0 0 0 0 0
"33" 33 0.536496350365 494 3 2 1 0 0 0 0 0 0 0 0 0 0 0 0 0 0 0 0
"34" 34 0.224770642202 142 130 73 54 35 30 24 4 3 2 1 1 1 0 0 0 0 0 0 0
"35" 35 0.093023255814 147 127 106 67 34 14 2 2 1 0 0 0 0 0 0 0 0 0 0 0
"36" 36 0.378238341969 180 143 66 33 29 29 15 3 2 0 0 0 0 0 0 0 0 0 0 0
"37" 37 0.295597484277 115 68 60 59 36 36 33 21 20 20 17 10 3 2 0 0 0 0 0 0
"38" 38 0.540697674419 223 111 98 20 19 16 6 4 1 1 1 0 0 0 0 0 0 0 0 0
"39" 39 0.14367816092 205 78 53 51 40 35 11 10 9 4 2 1 1 0 0 0 0 0 0 0
"40" 40 0.0 319 56 38 28 26 13 10 4 1 1 1 1 1 1 0 0 0 0 0 0
"41" 41 0.415178571429 130 125 92 53 44 26 17 6 3 2 1 1 0 0 0 0 0 0 0 0
"42" 42 0.375 295 120 40 31 9 3 1 1 0 0 0 0 0 0 0 0 0 0 0 0
"43" 43 0.0 296 119 39 39 6 1 0 0 0 0 0 0 0 0 0 0 0 0 0 0
"44" 44 0.197247706422 284 128 35 27 13 9 2 1 1 0 0 0 0 0 0 0 0 0 0 0
"45" 45 0.723076923077 160 150 71 58 19 17 8 7 4 3 3 0 0 0 0 0 0 0 0 0
"46" 46 0.077519379845 482 18 0 0 0 0 0 0 0 0 0 0 0 0 0 0 0 0 0 0
"47" 47 0.0862068965517 435 35 28 1 1 0 0 0 0 0 0 0 0 0 0 0 0 0 0 0
"48" 48 0.788079470199 275 78 70 59 7 4 3 2 1 1 0 0 0 0 0 0 0 0 0 0
"49" 49 0.172588832487 421 22 19 10 6 5 4 3 3 2 2 2 1 0 0 0 0 0 0 0
"50" 50 0.364779874214 468 25 5 1 1 0 0 0 0 0 0 0 0 0 0 0 0 0 0 0
"51" 51 0.0172413793103 444 53 2 1 0 0 0 0 0 0 0 0 0 0 0 0 0 0 0 0
"52" 52 0.0275229357798 305 79 50 20 18 10 8 4 3 2 1 0 0 0 0 0 0 0 0 0
"53" 53 0.0077519379845 296 157 25 21 1 0 0 0 0 0 0 0 0 0 0 0 0 0 0 0
"54" 54 0.147679324895 232 189 29 22 14 3 2 2 2 2 1 1 1 0 0 0 0 0 0 0
"55" 55 0.0 417 35 34 9 4 1 0 0 0 0 0 0 0 0 0 0 0 0 0 0
"56" 56 0.142335766423 339 103 42 14 2 0 0 0 0 0 0 0 0 0 0 0 0 0 0 0
"57" 57 0.0913705583756 183 78 64 62 59 16 13 6 5 5 3 2 1 1 1 1 0 0 0 0
"58" 58 0.153846153846 500 0 0 0 0 0 0 0 0 0 0 0 0 0 0 0 0 0 0 0
"59" 59 0.234449760766 279 96 79 39 4 2 1 0 0 0 0 0 0 0 0 0 0 0 0 0
"60" 60 0.399239543726 437 52 7 3 1 0 0 0 0 0 0 0 0 0 0 0 0 0 0 0
"61" 61 0.505747126437 296 131 35 14 9 9 3 2 1 0 0 0 0 0 0 0 0 0 0 0
"62" 62 0.0401785714286 252 220 12 7 7 1 1 0 0 0 0 0 0 0 0 0 0 0 0 0
"63" 63 0.0 410 46 28 9 3 2 2 0 0 0 0 0 0 0 0 0 0 0 0 0
"64" 64 0.244525547445 281 148 42 17 5 3 1 1 1 1 0 0 0 0 0 0 0 0 0 0
"65" 65 0.310344827586 214 143 60 27 23 12 11 8 1 1 0 0 0 0 0 0 0 0 0 0
"66" 66 0.0 315 54 53 24 22 14 10 5 3 0 0 0 0 0 0 0 0 0 0 0
"67" 67 0.169642857143 241 51 50 43 28 23 22 21 14 2 2 1 1 1 0 0 0 0 0 0
"68" 68 0.68992248062 108 98 96 79 46 37 20 5 4 3 2 2 0 0 0 0 0 0 0 0
"69" 69 0.218905472637 149 82 69 65 54 28 15 13 10 4 4 3 3 1 0 0 0 0 0 0
"70" 70 0.403846153846 500 0 0 0 0 0 0 0 0 0 0 0 0 0 0 0 0 0 0 0
"71" 71 0.0459770114943 231 187 55 18 6 1 1 1 0 0 0 0 0 0 0 0 0 0 0 0
"72" 72 0.388601036269 268 173 17 16 8 6 5 3 2 1 1 0 0 0 0 0 0 0 0 0
"73" 73 0.178707224335 379 24 23 20 16 11 7 6 6 4 3 1 0 0 0 0 0 0 0 0
"74" 74 0.0 484 11 3 1 1 0 0 0 0 0 0 0 0 0 0 0 0 0 0 0
"75" 75 0.0103626943005 233 148 41 25 23 23 4 1 1 1 0 0 0 0 0 0 0 0 0 0
"76" 76 0.0133928571429 481 10 3 2 1 1 1 1 0 0 0 0 0 0 0 0 0 0 0 0
"77" 77 0.0 402 86 9 1 1 1 0 0 0 0 0 0 0 0 0 0 0 0 0 0
"78" 78 0.214285714286 129 120 101 82 30 15 7 7 3 2 2 1 1 0 0 0 0 0 0 0
"79" 79 0.385057471264 156 113 72 57 40 23 16 9 7 4 2 1 0 0 0 0 0 0 0 0
"80" 80 0.0995024875622 214 139 51 45 13 13 9 6 4 4 2 0 0 0 0 0 0 0 0 0
"81" 81 0.302325581395 239 228 12 5 5 3 2 2 2 1 1 0 0 0 0 0 0 0 0 0
"82" 82 0.314465408805 189 105 77 76 27 12 12 1 1 0 0 0 0 0 0 0 0 0 0 0
"83" 83 0.418604651163 170 134 93 53 15 14 10 6 3 2 0 0 0 0 0 0 0 0 0 0
"84" 84 0.274611398964 482 9 6 1 1 1 0 0 0 0 0 0 0 0 0 0 0 0 0 0
"85" 85 0.785714285714 209 161 44 37 26 14 5 2 1 1 0 0 0 0 0 0 0 0 0 0
"86" 86 0.678571428571 194 133 70 45 23 12 9 8 2 1 1 1 1 0 0 0 0 0 0 0
"87" 87 0.556485355649 132 113 65 64 60 25 12 10 7 5 4 2 1 0 0 0 0 0 0 0
"88" 88 0.248803827751 278 84 38 25 18 15 9 7 7 6 4 3 2 2 1 1 0 0 0 0
"89" 89 0.0253807106599 423 37 24 7 2 2 2 1 1 1 0 0 0 0 0 0 0 0 0 0
"90" 90 0.284974093264 481 6 4 3 2 1 1 1 1 0 0 0 0 0 0 0 0 0 0 0
"91" 91 0.0210970464135 132 124 100 59 48 13 8 7 5 3 1 0 0 0 0 0 0 0 0 0
"92" 92 0.587591240876 371 46 33 19 12 8 7 2 1 1 0 0 0 0 0 0 0 0 0 0
"93" 93 0.457399103139 302 80 57 34 13 11 2 1 0 0 0 0 0 0 0 0 0 0 0 0
"94" 94 0.0753138075314 491 6 1 1 1 0 0 0 0 0 0 0 0 0 0 0 0 0 0 0
"95" 95 0.761627906977 341 63 45 29 9 6 5 1 1 0 0 0 0 0 0 0 0 0 0 0
"96" 96 0.0689655172414 237 126 83 28 11 7 4 3 1 0 0 0 0 0 0 0 0 0 0 0
"97" 97 0.251572327044 271 151 29 13 11 10 4 3 3 2 2 1 0 0 0 0 0 0 0 0
"98" 98 0.00418410041841 361 125 13 1 0 0 0 0 0 0 0 0 0 0 0 0 0 0 0 0
"99" 99 0.0 231 179 24 20 16 11 10 8 1 0 0 0 0 0 0 0 0 0 0 0
"100" 100 0.0126582278481 314 83 64 21 14 2 2 0 0 0 0 0 0 0 0 0 0 0 0 0
"101" 101 0.0384615384615 306 108 44 9 9 7 7 4 3 2 1 0 0 0 0 0 0 0 0 0
"102" 102 0.00632911392405 277 195 11 10 4 3 0 0 0 0 0 0 0 0 0 0 0 0 0 0
"103" 103 0.441605839416 262 78 68 25 24 24 10 3 3 2 1 0 0 0 0 0 0 0 0 0
"104" 104 0.269430051813 246 223 12 6 5 4 2 2 0 0 0 0 0 0 0 0 0 0 0 0
"105" 105 0.0 393 45 36 14 9 3 0 0 0 0 0 0 0 0 0 0 0 0 0 0
"106" 106 0.0 484 15 1 0 0 0 0 0 0 0 0 0 0 0 0 0 0 0 0 0
"107" 107 0.0401785714286 330 75 40 24 16 9 4 1 1 0 0 0 0 0 0 0 0 0 0 0
"108" 108 0.0 165 146 72 60 36 7 6 5 1 1 1 0 0 0 0 0 0 0 0 0
"109" 109 0.0 429 39 17 15 0 0 0 0 0 0 0 0 0 0 0 0 0 0 0 0
"110" 110 0.332116788321 259 237 3 1 0 0 0 0 0 0 0 0 0 0 0 0 0 0 0 0
"111" 111 0.0620437956204 200 116 60 53 37 16 9 4 3 2 0 0 0 0 0 0 0 0 0 0
"112" 112 0.142131979695 234 73 55 52 30 20 15 14 5 1 1 0 0 0 0 0 0 0 0 0
"113" 113 0.387596899225 198 131 76 40 22 18 13 2 0 0 0 0 0 0 0 0 0 0 0 0
"114" 114 0.178571428571 216 139 35 21 20 19 15 12 11 4 3 3 1 1 0 0 0 0 0 0
"115" 115 0.192307692308 500 0 0 0 0 0 0 0 0 0 0 0 0 0 0 0 0 0 0 0
"116" 116 0.046511627907 300 200 0 0 0 0 0 0 0 0 0 0 0 0 0 0 0 0 0 0
"117" 117 0.370860927152 247 203 13 12 11 6 5 3 0 0 0 0 0 0 0 0 0 0 0 0
"118" 118 0.0366972477064 202 157 69 51 13 3 2 2 1 0 0 0 0 0 0 0 0 0 0 0
"119" 119 0.0 470 20 7 2 1 0 0 0 0 0 0 0 0 0 0 0 0 0 0 0
"120" 120 0.0474452554745 267 175 37 12 6 2 1 0 0 0 0 0 0 0 0 0 0 0 0 0
"121" 121 0.00581395348837 260 240 0 0 0 0 0 0 0 0 0 0 0 0 0 0 0 0 0 0
"122" 122 0.160337552743 303 88 48 25 11 9 7 6 2 1 0 0 0 0 0 0 0 0 0 0
"123" 123 0.115384615385 500 0 0 0 0 0 0 0 0 0 0 0 0 0 0 0 0 0 0 0
"124" 124 0.375 366 62 56 13 2 1 0 0 0 0 0 0 0 0 0 0 0 0 0 0
"125" 125 0.459119496855 238 76 53 49 35 25 7 5 4 3 2 2 1 0 0 0 0 0 0 0
"126" 126 0.836538461538 500 0 0 0 0 0 0 0 0 0 0 0 0 0 0 0 0 0 0 0
"127" 127 0.406976744186 375 58 20 16 16 7 7 1 0 0 0 0 0 0 0 0 0 0 0 0
"128" 128 0.442307692308 244 206 31 7 6 3 2 1 0 0 0 0 0 0 0 0 0 0 0 0
"129" 129 0.389743589744 447 24 21 4 3 1 0 0 0 0 0 0 0 0 0 0 0 0 0 0
"130" 130 0.126903553299 396 50 27 23 2 1 1 0 0 0 0 0 0 0 0 0 0 0 0 0
"131" 131 0.362068965517 328 96 39 17 16 2 1 1 0 0 0 0 0 0 0 0 0 0 0 0
"132" 132 0.21875 251 91 70 46 16 12 6 4 2 2 0 0 0 0 0 0 0 0 0 0
"133" 133 0.0 418 82 0 0 0 0 0 0 0 0 0 0 0 0 0 0 0 0 0 0
"134" 134 0.172413793103 245 180 28 13 8 8 6 5 2 2 1 1 1 0 0 0 0 0 0 0
"135" 135 0.503649635036 220 112 90 39 17 10 8 3 1 0 0 0 0 0 0 0 0 0 0 0
"136" 136 0.0574162679426 495 3 1 1 0 0 0 0 0 0 0 0 0 0 0 0 0 0 0 0
"137" 137 0.0 180 130 64 59 27 16 10 7 6 1 0 0 0 0 0 0 0 0 0 0
"138" 138 0.547445255474 266 142 54 14 11 5 3 2 1 1 1 0 0 0 0 0 0 0 0 0
"139" 139 0.438818565401 140 128 107 69 27 18 6 2 2 1 0 0 0 0 0 0 0 0 0 0
"140" 140 0.00574712643678 200 173 83 16 12 9 6 1 0 0 0 0 0 0 0 0 0 0 0 0
"141" 141 0.102564102564 223 100 75 37 30 17 7 5 3 2 1 0 0 0 0 0 0 0 0 0
"142" 142 0.403100775194 93 79 73 69 69 47 28 23 17 2 0 0 0 0 0 0 0 0 0 0
"143" 143 0.112107623318 314 40 32 32 28 22 11 9 8 3 1 0 0 0 0 0 0 0 0 0
"144" 144 0.0609137055838 313 63 33 19 18 17 15 11 5 2 1 1 1 1 0 0 0 0 0 0
"145" 145 0.532846715328 237 81 68 66 17 11 9 9 1 1 0 0 0 0 0 0 0 0 0 0
"146" 146 0.455696202532 135 111 80 53 48 32 14 9 7 5 3 2 1 0 0 0 0 0 0 0
"147" 147 0.0 236 103 83 42 20 8 7 1 0 0 0 0 0 0 0 0 0 0 0 0
"148" 148 0.281609195402 150 115 83 42 38 29 20 16 5 2 0 0 0 0 0 0 0 0 0 0
"149" 149 0.748717948718 301 76 72 29 14 3 2 2 1 0 0 0 0 0 0 0 0 0 0 0
"150" 150 0.0871559633028 281 102 42 27 21 17 6 2 1 1 0 0 0 0 0 0 0 0 0 0
"151" 151 0.384105960265 223 128 82 43 19 4 1 0 0 0 0 0 0 0 0 0 0 0 0 0
"152" 152 0.446428571429 418 33 13 10 8 6 6 2 2 1 1 0 0 0 0 0 0 0 0 0
"153" 153 0.704663212435 139 127 107 61 45 13 4 4 0 0 0 0 0 0 0 0 0 0 0 0
"154" 154 0.477678571429 262 135 43 28 26 3 2 1 0 0 0 0 0 0 0 0 0 0 0 0
"155" 155 0.0 474 15 7 2 1 1 0 0 0 0 0 0 0 0 0 0 0 0 0 0
"156" 156 0.48275862069 400 18 15 13 11 11 9 6 6 6 5 0 0 0 0 0 0 0 0 0
"157" 157 0.53488372093 367 66 26 17 9 6 4 4 1 0 0 0 0 0 0 0 0 0 0 0
"158" 158 0.116071428571 175 116 56 43 39 16 16 11 8 7 6 4 2 1 0 0 0 0 0 0
"159" 159 0.0387596899225 497 2 1 0 0 0 0 0 0 0 0 0 0 0 0 0 0 0 0 0
"160" 160 0.776371308017 414 26 18 14 11 7 4 3 3 0 0 0 0 0 0 0 0 0 0 0
"161" 161 0.717488789238 303 81 39 36 26 13 1 1 0 0 0 0 0 0 0 0 0 0 0 0
"162" 162 0.129353233831 420 37 25 12 2 1 1 1 1 0 0 0 0 0 0 0 0 0 0 0
"163" 163 0.365384615385 267 231 2 0 0 0 0 0 0 0 0 0 0 0 0 0 0 0 0 0
"164" 164 0.100775193798 473 27 0 0 0 0 0 0 0 0 0 0 0 0 0 0 0 0 0 0
"165" 165 0.276729559748 167 140 104 24 22 21 8 5 5 3 1 0 0 0 0 0 0 0 0 0
"166" 166 0.206896551724 208 100 47 41 33 30 22 8 7 2 1 1 0 0 0 0 0 0 0 0
"167" 167 0.549107142857 349 75 30 16 13 8 6 3 0 0 0 0 0 0 0 0 0 0 0 0
"168" 168 0.0804597701149 256 67 60 42 18 17 15 14 5 2 2 2 0 0 0 0 0 0 0 0
"169" 169 0.0 438 20 18 10 4 4 2 2 1 1 0 0 0 0 0 0 0 0 0 0
"170" 170 0.328467153285 273 108 67 24 14 4 4 3 2 1 0 0 0 0 0 0 0 0 0 0
"171" 171 0.299107142857 304 120 56 13 6 1 0 0 0 0 0 0 0 0 0 0 0 0 0 0
"172" 172 0.0 316 63 37 34 25 11 7 5 2 0 0 0 0 0 0 0 0 0 0 0
"173" 173 0.20253164557 411 24 18 13 13 11 6 2 1 1 0 0 0 0 0 0 0 0 0 0
"174" 174 0.605839416058 236 82 65 46 20 19 17 8 3 2 2 0 0 0 0 0 0 0 0 0
"175" 175 0.358208955224 213 170 92 12 4 2 2 2 1 1 1 0 0 0 0 0 0 0 0 0
"176" 176 0.375 500 0 0 0 0 0 0 0 0 0 0 0 0 0 0 0 0 0 0 0
"177" 177 0.357664233577 360 85 49 4 1 1 0 0 0 0 0 0 0 0 0 0 0 0 0 0
"178" 178 0.0199004975124 221 153 92 27 3 2 1 1 0 0 0 0 0 0 0 0 0 0 0 0
"179" 179 0.295597484277 267 144 63 11 5 4 2 2 1 1 0 0 0 0 0 0 0 0 0 0
"180" 180 0.126436781609 247 208 16 10 9 7 2 1 0 0 0 0 0 0 0 0 0 0 0 0
"181" 181 0.35632183908 452 18 15 7 4 4 0 0 0 0 0 0 0 0 0 0 0 0 0 0
"182" 182 0.0153846153846 159 101 85 58 46 26 11 4 4 3 3 0 0 0 0 0 0 0 0 0
"183" 183 0.071129707113 267 211 13 7 2 0 0 0 0 0 0 0 0 0 0 0 0 0 0 0
"184" 184 0.0 391 107 2 0 0 0 0 0 0 0 0 0 0 0 0 0 0 0 0 0
"185" 185 0.0697674418605 248 94 86 62 7 2 1 0 0 0 0 0 0 0 0 0 0 0 0 0
"186" 186 0.105769230769 500 0 0 0 0 0 0 0 0 0 0 0 0 0 0 0 0 0 0 0
"187" 187 0.125 500 0 0 0 0 0 0 0 0 0 0 0 0 0 0 0 0 0 0 0
"188" 188 0.0804597701149 153 137 83 64 31 19 10 2 1 0 0 0 0 0 0 0 0 0 0 0
"189" 189 0.273255813953 461 19 10 4 3 2 1 0 0 0 0 0 0 0 0 0 0 0 0 0
"190" 190 0.331395348837 351 99 13 9 9 7 5 2 2 2 1 0 0 0 0 0 0 0 0 0
"191" 191 0.0377358490566 341 91 56 7 2 2 1 0 0 0 0 0 0 0 0 0 0 0 0 0
"192" 192 0.37984496124 260 94 49 45 16 14 8 7 2 2 2 1 0 0 0 0 0 0 0 0
"193" 193 0.150259067358 315 175 6 2 1 1 0 0 0 0 0 0 0 0 0 0 0 0 0 0
"194" 194 0.0 276 186 34 3 1 0 0 0 0 0 0 0 0 0 0 0 0 0 0 0
"195" 195 0.0542635658915 494 4 1 1 0 0 0 0 0 0 0 0 0 0 0 0 0 0 0 0
"196" 196 0.318407960199 196 178 85 16 13 9 2 1 0 0 0 0 0 0 0 0 0 0 0 0
"197" 197 0.0 321 87 70 9 8 5 0 0 0 0 0 0 0 0 0 0 0 0 0 0
"198" 198 0.0183486238532 496 4 0 0 0 0 0 0 0 0 0 0 0 0 0 0 0 0 0 0
"199" 199 0.526315789474 188 171 78 33 17 5 3 2 1 1 1 0 0 0 0 0 0 0 0 0
"200" 200 0.044776119403 366 29 24 20 20 12 8 7 6 6 1 1 0 0 0 0 0 0 0 0
"201" 201 0.336538461538 500 0 0 0 0 0 0 0 0 0 0 0 0 0 0 0 0 0 0 0
"202" 202 0.0 344 156 0 0 0 0 0 0 0 0 0 0 0 0 0 0 0 0 0 0
"203" 203 0.0880829015544 497 2 1 0 0 0 0 0 0 0 0 0 0 0 0 0 0 0 0 0
"204" 204 0.0 500 0 0 0 0 0 0 0 0 0 0 0 0 0 0 0 0 0 0 0
"205" 205 0.0 228 199 37 21 8 7 0 0 0 0 0 0 0 0 0 0 0 0 0 0
"206" 206 0.0585774058577 352 77 26 22 13 8 1 1 0 0 0 0 0 0 0 0 0 0 0 0
"207" 207 0.0344827586207 166 119 71 61 33 32 17 1 0 0 0 0 0 0 0 0 0 0 0 0
"208" 208 0.269230769231 207 180 43 40 18 12 0 0 0 0 0 0 0 0 0 0 0 0 0 0
"209" 209 0.298013245033 211 128 67 66 14 4 4 4 2 0 0 0 0 0 0 0 0 0 0 0
"210" 210 0.307692307692 108 83 82 71 50 40 37 14 10 4 1 0 0 0 0 0 0 0 0 0
"211" 211 0.0253807106599 247 72 64 33 23 17 15 12 10 3 2 1 1 0 0 0 0 0 0 0
"212" 212 0.146443514644 251 92 60 58 20 10 4 2 2 1 0 0 0 0 0 0 0 0 0 0
"213" 213 0.679324894515 319 101 39 18 8 6 5 2 2 0 0 0 0 0 0 0 0 0 0 0
"214" 214 0.172185430464 158 107 102 26 25 25 22 10 8 6 6 5 0 0 0 0 0 0 0 0
"215" 215 0.821428571429 193 120 68 61 42 9 4 3 0 0 0 0 0 0 0 0 0 0 0 0
"216" 216 0.415384615385 195 162 68 19 18 18 17 2 1 0 0 0 0 0 0 0 0 0 0 0
"217" 217 0.176100628931 377 101 8 6 5 3 0 0 0 0 0 0 0 0 0 0 0 0 0 0
"218" 218 0.290178571429 285 163 21 17 6 6 1 1 0 0 0 0 0 0 0 0 0 0 0 0
"219" 219 0.438818565401 143 91 49 47 45 43 33 28 11 10 0 0 0 0 0 0 0 0 0 0
"220" 220 0.148288973384 233 59 51 47 26 17 16 11 11 8 8 5 4 3 1 0 0 0 0 0
"221" 221 0.0 204 163 46 37 23 16 6 2 1 1 1 0 0 0 0 0 0 0 0 0
"222" 222 0.481751824818 303 85 76 24 10 1 1 0 0 0 0 0 0 0 0 0 0 0 0 0
"223" 223 0.0542635658915 378 72 39 8 2 1 0 0 0 0 0 0 0 0 0 0 0 0 0 0
"224" 224 0.00507614213198 202 142 49 42 19 13 8 7 6 4 2 2 2 1 1 0 0 0 0 0
"225" 225 0.0977011494253 296 114 67 12 5 2 2 2 0 0 0 0 0 0 0 0 0 0 0 0
"226" 226 0.433035714286 289 182 9 9 6 4 1 0 0 0 0 0 0 0 0 0 0 0 0 0
"227" 227 0.0 484 16 0 0 0 0 0 0 0 0 0 0 0 0 0 0 0 0 0 0
"228" 228 0.0 340 144 14 2 0 0 0 0 0 0 0 0 0 0 0 0 0 0 0 0
"229" 229 0.354651162791 176 107 94 60 41 13 8 1 0 0 0 0 0 0 0 0 0 0 0 0
"230" 230 0.282296650718 418 53 23 4 2 0 0 0 0 0 0 0 0 0 0 0 0 0 0 0
"231" 231 0.19391634981 426 74 0 0 0 0 0 0 0 0 0 0 0 0 0 0 0 0 0 0
"232" 232 0.553571428571 335 74 57 30 1 1 1 1 0 0 0 0 0 0 0 0 0 0 0 0
"233" 233 0.388601036269 430 51 6 5 3 2 1 1 1 0 0 0 0 0 0 0 0 0 0 0
"234" 234 0.543726235741 258 67 51 46 40 15 8 6 5 2 2 0 0 0 0 0 0 0 0 0
"235" 235 0.714285714286 248 144 50 37 10 5 4 1 1 0 0 0 0 0 0 0 0 0 0 0
"236" 236 0.223880597015 461 19 7 4 3 3 2 1 0 0 0 0 0 0 0 0 0 0 0 0
"237" 237 0.0609137055838 464 30 2 2 1 1 0 0 0 0 0 0 0 0 0 0 0 0 0 0
"238" 238 0.410852713178 117 102 59 58 54 35 35 25 11 3 1 0 0 0 0 0 0 0 0 0
"239" 239 0.583732057416 328 79 52 21 9 5 4 2 0 0 0 0 0 0 0 0 0 0 0 0
"240" 240 0.164179104478 475 23 1 1 0 0 0 0 0 0 0 0 0 0 0 0 0 0 0 0
"241" 241 0.403973509934 266 96 61 51 15 4 3 2 1 1 0 0 0 0 0 0 0 0 0 0
"242" 242 0.607594936709 414 44 37 3 2 0 0 0 0 0 0 0 0 0 0 0 0 0 0 0
"243" 243 0.596153846154 456 44 0 0 0 0 0 0 0 0 0 0 0 0 0 0 0 0 0 0
"244" 244 0.691542288557 169 158 108 19 16 15 6 6 2 1 0 0 0 0 0 0 0 0 0 0
