"site" "RSA" "aa1" "aa2" "aa3" "aa4" "aa5" "aa6" "aa7" "aa8" "aa9" "aa10" "aa11" "aa12" "aa13" "aa14" "aa15" "aa16" "aa17" "aa18" "aa19" "aa20"
"0" 0 0.646788990826 222 194 40 13 11 7 5 4 2 1 1 0 0 0 0 0 0 0 0 0
"1" 1 0.515695067265 194 57 54 45 41 34 33 8 7 7 5 5 5 2 2 1 0 0 0 0
"2" 2 0.53488372093 169 76 65 51 44 38 24 15 10 3 2 1 1 1 0 0 0 0 0 0
"3" 3 0.0203045685279 389 49 24 20 6 4 3 2 1 1 1 0 0 0 0 0 0 0 0 0
"4" 4 0.130801687764 144 102 60 60 46 31 19 16 13 7 2 0 0 0 0 0 0 0 0 0
"5" 5 0.0 321 87 49 20 8 5 2 2 2 2 2 0 0 0 0 0 0 0 0 0
"6" 6 0.0 342 68 43 24 13 4 2 1 1 1 1 0 0 0 0 0 0 0 0 0
"7" 7 0.0 273 82 38 37 25 16 11 9 7 1 1 0 0 0 0 0 0 0 0 0
"8" 8 0.0 136 84 82 67 30 29 20 14 12 8 7 5 4 2 0 0 0 0 0 0
"9" 9 0.0 499 1 0 0 0 0 0 0 0 0 0 0 0 0 0 0 0 0 0 0
"10" 10 0.129533678756 166 106 60 52 24 23 20 15 12 9 8 3 1 1 0 0 0 0 0 0
"11" 11 0.317307692308 171 61 59 49 27 26 25 19 18 13 8 6 5 5 3 3 2 0 0 0
"12" 12 0.643410852713 266 232 1 1 0 0 0 0 0 0 0 0 0 0 0 0 0 0 0 0
"13" 13 0.0114942528736 241 90 73 61 20 4 3 3 2 1 1 1 0 0 0 0 0 0 0 0
"14" 14 0.221153846154 499 1 0 0 0 0 0 0 0 0 0 0 0 0 0 0 0 0 0 0
"15" 15 0.0632911392405 326 53 34 30 15 13 9 7 6 4 2 1 0 0 0 0 0 0 0 0
"16" 16 0.122093023256 65 61 53 46 44 39 37 35 31 21 14 13 12 12 11 5 1 0 0 0
"17" 17 0.0886075949367 148 82 61 48 40 34 33 16 12 11 4 4 3 2 1 1 0 0 0 0
"18" 18 0.00497512437811 205 120 53 50 35 22 6 4 3 2 0 0 0 0 0 0 0 0 0 0
"19" 19 0.0 126 124 103 52 34 19 17 11 6 5 2 1 0 0 0 0 0 0 0 0
"20" 20 0.10152284264 106 73 53 51 47 45 44 18 15 14 13 9 5 3 3 1 0 0 0 0
"21" 21 0.00662251655629 261 231 4 1 1 1 1 0 0 0 0 0 0 0 0 0 0 0 0 0
"22" 22 0.155893536122 405 66 18 7 2 1 1 0 0 0 0 0 0 0 0 0 0 0 0 0
"23" 23 0.232558139535 319 118 21 18 17 3 2 1 1 0 0 0 0 0 0 0 0 0 0 0
"24" 24 0.482558139535 99 81 64 60 54 40 39 32 14 13 2 1 1 0 0 0 0 0 0 0
"25" 25 0.615384615385 227 187 53 11 7 6 5 4 0 0 0 0 0 0 0 0 0 0 0 0
"26" 26 0.387596899225 303 71 48 32 19 8 5 3 3 3 2 1 1 1 0 0 0 0 0 0
"27" 27 0.334728033473 264 64 57 41 27 24 4 4 4 3 2 2 2 1 1 0 0 0 0 0
"28" 28 0.138364779874 291 89 55 27 10 10 5 5 3 3 2 0 0 0 0 0 0 0 0 0
"29" 29 0.644230769231 474 18 5 2 1 0 0 0 0 0 0 0 0 0 0 0 0 0 0 0
"30" 30 0.580357142857 208 193 25 24 18 18 7 6 1 0 0 0 0 0 0 0 0 0 0 0
"31" 31 0.285171102662 196 126 65 51 17 17 12 4 3 3 2 2 1 1 0 0 0 0 0 0
"32" 32 0.472081218274 166 68 63 52 47 36 22 13 11 10 7 2 1 1 1 0 0 0 0 0
"33" 33 0.301886792453 160 132 60 40 24 23 23 23 4 3 3 2 1 1 1 0 0 0 0 0
"34" 34 0.744186046512 179 169 58 37 36 8 5 5 1 1 1 0 0 0 0 0 0 0 0 0
"35" 35 0.454022988506 136 122 74 40 38 35 19 14 7 6 5 2 1 1 0 0 0 0 0 0
"36" 36 0.326359832636 174 71 69 67 42 26 19 10 9 4 3 2 1 1 1 1 0 0 0 0
"37" 37 0.39896373057 159 148 93 39 38 8 6 5 3 1 0 0 0 0 0 0 0 0 0 0
"38" 38 0.4 164 138 120 28 14 13 12 4 2 2 2 1 0 0 0 0 0 0 0 0
"39" 39 0.121673003802 175 88 80 31 28 25 23 19 9 9 4 4 3 2 0 0 0 0 0 0
"40" 40 0.490066225166 122 81 50 47 43 40 26 25 19 17 9 7 7 4 3 0 0 0 0 0
"41" 41 0.0697674418605 290 67 62 32 17 17 5 5 2 1 1 1 0 0 0 0 0 0 0 0
"42" 42 0.533333333333 185 66 51 47 42 41 40 10 8 7 2 1 0 0 0 0 0 0 0 0
"43" 43 0.17816091954 152 87 67 45 45 38 15 14 13 7 6 5 2 2 1 1 0 0 0 0
"44" 44 0.610091743119 115 106 66 63 46 22 19 15 12 12 9 8 5 2 0 0 0 0 0 0
"45" 45 0.258620689655 195 93 75 65 31 20 11 3 2 2 1 1 1 0 0 0 0 0 0 0
"46" 46 0.554404145078 306 100 45 27 12 10 0 0 0 0 0 0 0 0 0 0 0 0 0 0
"47" 47 0.634615384615 378 122 0 0 0 0 0 0 0 0 0 0 0 0 0 0 0 0 0 0
"48" 48 0.20253164557 176 132 89 36 21 11 9 8 4 4 3 3 3 1 0 0 0 0 0 0
"49" 49 0.452830188679 161 152 65 48 21 17 12 6 5 5 4 2 1 1 0 0 0 0 0 0
"50" 50 0.0344827586207 363 98 11 10 5 4 4 3 1 1 0 0 0 0 0 0 0 0 0 0
"51" 51 0.241025641026 269 58 52 39 31 21 14 5 3 3 3 1 1 0 0 0 0 0 0 0
"52" 52 0.00497512437811 338 93 39 13 8 4 3 2 0 0 0 0 0 0 0 0 0 0 0 0
"53" 53 0.134615384615 93 86 78 60 44 34 32 22 17 13 11 7 2 1 0 0 0 0 0 0
"54" 54 0.0 205 150 124 7 6 3 2 2 1 0 0 0 0 0 0 0 0 0 0 0
"55" 55 0.237588652482 241 86 54 52 19 19 13 5 4 4 2 1 0 0 0 0 0 0 0 0
"56" 56 0.0310880829016 165 90 74 50 35 26 18 11 9 7 5 4 2 2 1 1 0 0 0 0
"57" 57 0.0290697674419 386 79 19 8 6 1 1 0 0 0 0 0 0 0 0 0 0 0 0 0
"58" 58 0.0387596899225 136 85 73 67 63 35 15 8 6 6 4 2 0 0 0 0 0 0 0 0
"59" 59 0.0576923076923 448 32 11 5 2 1 1 0 0 0 0 0 0 0 0 0 0 0 0 0
"60" 60 0.358744394619 122 106 85 55 38 22 18 16 14 11 7 5 1 0 0 0 0 0 0 0
"61" 61 0.691964285714 178 101 91 44 28 23 12 10 6 4 2 1 0 0 0 0 0 0 0 0
"62" 62 0.647668393782 101 98 95 63 56 30 28 12 5 4 3 3 2 0 0 0 0 0 0 0
"63" 63 0.326996197719 233 121 67 45 11 8 4 4 3 2 1 1 0 0 0 0 0 0 0 0
"64" 64 0.310880829016 245 139 44 29 17 9 7 3 2 2 2 1 0 0 0 0 0 0 0 0
"65" 65 0.835766423358 240 99 91 23 20 6 6 5 2 2 2 2 1 1 0 0 0 0 0 0
"66" 66 0.52736318408 246 71 46 36 36 18 18 11 9 4 2 2 1 0 0 0 0 0 0 0
"67" 67 0.029197080292 228 95 37 31 22 17 17 13 12 5 5 4 4 4 3 2 1 0 0 0
"68" 68 0.0817610062893 325 57 30 17 14 12 11 10 6 5 3 3 3 2 2 0 0 0 0 0
"69" 69 0.621890547264 248 118 68 37 23 3 2 1 0 0 0 0 0 0 0 0 0 0 0 0
"70" 70 0.245033112583 277 88 68 18 15 8 7 5 4 3 2 2 2 1 0 0 0 0 0 0
"71" 71 0.0190114068441 239 67 62 36 26 24 12 10 8 6 5 3 1 1 0 0 0 0 0 0
"72" 72 0.51572327044 291 129 57 9 6 5 3 0 0 0 0 0 0 0 0 0 0 0 0 0
"73" 73 0.385650224215 330 168 1 1 0 0 0 0 0 0 0 0 0 0 0 0 0 0 0 0
"74" 74 0.0639534883721 211 208 32 29 16 3 1 0 0 0 0 0 0 0 0 0 0 0 0 0
"75" 75 0.310880829016 456 36 3 2 2 1 0 0 0 0 0 0 0 0 0 0 0 0 0 0
"76" 76 0.0 302 92 78 13 10 3 2 0 0 0 0 0 0 0 0 0 0 0 0 0
"77" 77 0.0 366 55 22 20 18 8 6 2 1 1 1 0 0 0 0 0 0 0 0 0
"78" 78 0.0 155 154 61 41 24 19 15 13 6 5 3 2 2 0 0 0 0 0 0 0
"79" 79 0.0 215 182 32 16 13 11 8 8 7 3 3 1 1 0 0 0 0 0 0 0
"80" 80 0.0 271 121 25 24 23 21 5 3 3 2 1 1 0 0 0 0 0 0 0 0
"81" 81 0.0 349 68 47 11 11 10 1 1 1 1 0 0 0 0 0 0 0 0 0 0
"82" 82 0.0198675496689 276 208 8 6 1 1 0 0 0 0 0 0 0 0 0 0 0 0 0 0
"83" 83 0.0 270 113 40 26 20 18 8 2 1 1 1 0 0 0 0 0 0 0 0 0
"84" 84 0.0459770114943 427 30 21 10 9 2 1 0 0 0 0 0 0 0 0 0 0 0 0 0
"85" 85 0.291390728477 290 180 11 9 6 2 2 0 0 0 0 0 0 0 0 0 0 0 0 0
"86" 86 0.14465408805 186 132 119 47 7 5 2 1 1 0 0 0 0 0 0 0 0 0 0 0
"87" 87 0.488372093023 308 123 34 11 7 7 5 3 1 1 0 0 0 0 0 0 0 0 0 0
"88" 88 0.0198675496689 398 39 34 12 8 4 2 1 1 1 0 0 0 0 0 0 0 0 0 0
"89" 89 0.108786610879 337 67 26 20 15 12 7 5 4 3 2 1 1 0 0 0 0 0 0 0
"90" 90 0.397321428571 218 84 69 59 24 17 14 7 7 1 0 0 0 0 0 0 0 0 0 0
"91" 91 0.25641025641 235 113 31 23 23 18 17 17 10 6 5 1 1 0 0 0 0 0 0 0
"92" 92 0.0 313 99 27 23 14 8 5 4 3 2 1 1 0 0 0 0 0 0 0 0
"93" 93 0.332116788321 115 72 56 40 35 33 31 29 26 19 17 15 5 3 2 2 0 0 0 0
"94" 94 0.46511627907 194 121 55 53 40 22 4 3 3 2 2 1 0 0 0 0 0 0 0 0
"95" 95 0.194092827004 90 89 66 58 51 49 41 41 8 5 2 0 0 0 0 0 0 0 0 0
"96" 96 0.0 196 107 50 42 33 26 21 13 7 5 0 0 0 0 0 0 0 0 0 0
"97" 97 0.300380228137 228 94 86 63 10 6 3 2 2 2 2 1 1 0 0 0 0 0 0 0
"98" 98 0.389937106918 190 114 92 31 23 21 15 14 0 0 0 0 0 0 0 0 0 0 0 0
"99" 99 0.116071428571 195 68 41 41 39 32 28 27 11 11 7 0 0 0 0 0 0 0 0 0
"100" 100 0.0 183 91 71 46 24 16 15 13 12 9 7 5 4 3 1 0 0 0 0 0
"101" 101 0.20802919708 165 92 68 50 40 33 17 14 8 6 3 2 1 1 0 0 0 0 0 0
"102" 102 0.712918660287 137 92 67 53 42 28 27 20 14 14 4 1 1 0 0 0 0 0 0 0
"103" 103 0.416267942584 110 105 93 43 34 34 27 15 14 6 5 3 3 3 2 2 1 0 0 0
"104" 104 0.0949367088608 181 120 96 35 23 13 9 8 6 5 1 1 1 1 0 0 0 0 0 0
"105" 105 0.471698113208 169 136 82 21 20 18 16 15 13 4 3 2 1 0 0 0 0 0 0 0
"106" 106 0.846889952153 249 194 19 17 16 2 1 1 1 0 0 0 0 0 0 0 0 0 0 0
"107" 107 0.133720930233 344 73 59 7 4 3 2 2 2 1 1 1 1 0 0 0 0 0 0 0
"108" 108 0.207547169811 216 113 62 29 28 17 14 12 4 2 1 1 1 0 0 0 0 0 0 0
"109" 109 0.0 232 180 49 17 12 3 3 1 1 1 1 0 0 0 0 0 0 0 0 0
"110" 110 0.0 184 97 80 43 27 17 16 9 8 7 6 5 1 0 0 0 0 0 0 0
"111" 111 0.0 443 16 14 12 6 4 2 1 1 1 0 0 0 0 0 0 0 0 0 0
"112" 112 0.0 182 75 55 44 41 37 36 15 7 4 4 0 0 0 0 0 0 0 0 0
"113" 113 0.0 202 145 110 18 6 5 4 4 3 1 1 1 0 0 0 0 0 0 0 0
"114" 114 0.0290697674419 240 225 17 7 6 3 2 0 0 0 0 0 0 0 0 0 0 0 0 0
"115" 115 0.295358649789 236 128 53 39 20 19 3 2 0 0 0 0 0 0 0 0 0 0 0 0
"116" 116 0.223880597015 235 85 49 46 34 19 11 7 7 2 2 1 1 1 0 0 0 0 0 0
"117" 117 0.227979274611 389 71 17 7 6 2 2 1 1 1 1 1 1 0 0 0 0 0 0 0
"118" 118 0.26368159204 142 139 68 57 35 28 16 5 5 2 1 1 1 0 0 0 0 0 0 0
"119" 119 0.21897810219 142 69 64 58 46 39 34 23 13 7 2 2 1 0 0 0 0 0 0 0
"120" 120 0.678756476684 175 106 81 57 38 18 9 8 5 2 1 0 0 0 0 0 0 0 0 0
"121" 121 0.326424870466 189 147 109 18 15 14 6 1 1 0 0 0 0 0 0 0 0 0 0 0
"122" 122 0.514767932489 154 152 79 51 48 6 5 3 1 1 0 0 0 0 0 0 0 0 0 0
"123" 123 0.575129533679 300 64 51 37 22 12 7 4 2 1 0 0 0 0 0 0 0 0 0 0
"124" 124 0.0813953488372 172 113 111 37 21 12 10 9 8 4 3 0 0 0 0 0 0 0 0 0
"125" 125 0.279187817259 135 131 89 63 49 29 3 1 0 0 0 0 0 0 0 0 0 0 0 0
"126" 126 0.294642857143 188 111 90 31 19 19 18 10 7 4 3 0 0 0 0 0 0 0 0 0
"127" 127 0.492700729927 209 114 102 22 18 18 7 6 2 1 1 0 0 0 0 0 0 0 0 0
"128" 128 0.0298507462687 489 7 2 1 1 0 0 0 0 0 0 0 0 0 0 0 0 0 0 0
"129" 129 0.532846715328 118 106 92 67 55 23 18 10 6 3 2 0 0 0 0 0 0 0 0 0
"130" 130 0.709844559585 272 88 34 24 23 22 14 7 5 5 3 2 1 0 0 0 0 0 0 0
"131" 131 0.37552742616 132 130 76 72 41 31 15 2 1 0 0 0 0 0 0 0 0 0 0 0
"132" 132 0.620253164557 392 108 0 0 0 0 0 0 0 0 0 0 0 0 0 0 0 0 0 0
"133" 133 0.417910447761 309 100 58 24 7 1 1 0 0 0 0 0 0 0 0 0 0 0 0 0
"134" 134 0.441860465116 195 109 94 34 18 17 10 8 5 4 2 2 1 1 0 0 0 0 0 0
"135" 135 0.0943396226415 415 61 8 6 4 3 2 1 0 0 0 0 0 0 0 0 0 0 0 0
"136" 136 0.0406091370558 287 147 35 12 7 4 3 2 1 1 1 0 0 0 0 0 0 0 0 0
"137" 137 0.331395348837 206 160 48 21 17 13 12 10 9 4 0 0 0 0 0 0 0 0 0 0
"138" 138 0.425855513308 142 132 57 35 27 27 25 17 13 9 5 5 4 1 1 0 0 0 0 0
"139" 139 0.559748427673 259 108 66 26 17 8 7 5 4 0 0 0 0 0 0 0 0 0 0 0
"140" 140 0.421524663677 197 123 41 36 29 29 19 12 9 2 1 1 1 0 0 0 0 0 0 0
"141" 141 0.0 237 161 47 29 8 6 6 2 2 1 1 0 0 0 0 0 0 0 0 0
"142" 142 0.213930348259 252 71 67 43 26 13 11 10 3 2 1 1 0 0 0 0 0 0 0 0
"143" 143 0.426356589147 110 103 82 73 38 34 20 13 9 7 6 4 1 0 0 0 0 0 0 0
"144" 144 0.0183486238532 176 101 62 61 34 11 10 10 9 9 5 4 3 2 1 1 1 0 0 0
"145" 145 0.0387596899225 373 120 4 3 0 0 0 0 0 0 0 0 0 0 0 0 0 0 0 0
"146" 146 0.656934306569 181 73 64 59 48 39 15 12 4 4 1 0 0 0 0 0 0 0 0 0
"147" 147 0.415178571429 154 90 65 61 49 23 16 11 9 9 8 5 0 0 0 0 0 0 0 0
"148" 148 0.010152284264 417 25 18 18 8 5 3 2 2 1 1 0 0 0 0 0 0 0 0 0
"149" 149 0.480769230769 261 239 0 0 0 0 0 0 0 0 0 0 0 0 0 0 0 0 0 0
"150" 150 0.132450331126 391 96 4 3 3 1 1 1 0 0 0 0 0 0 0 0 0 0 0 0
"151" 151 0.48275862069 106 104 77 60 35 24 21 20 16 13 10 8 3 1 1 1 0 0 0 0
"152" 152 0.367088607595 141 88 83 70 54 35 16 5 3 2 1 1 1 0 0 0 0 0 0 0
"153" 153 0.041825095057 193 64 57 36 33 32 31 14 14 9 6 5 3 2 1 0 0 0 0 0
"154" 154 0.10447761194 86 83 76 50 47 41 36 34 29 7 5 4 1 1 0 0 0 0 0 0
"155" 155 0.116071428571 123 78 63 46 35 34 33 19 18 11 11 9 7 7 5 1 0 0 0 0
"156" 156 0.00632911392405 209 198 22 17 12 10 9 8 7 5 1 1 1 0 0 0 0 0 0 0
"157" 157 0.0 493 3 2 2 0 0 0 0 0 0 0 0 0 0 0 0 0 0 0 0
"158" 158 0.100775193798 311 72 48 20 10 10 10 8 5 4 1 1 0 0 0 0 0 0 0 0
"159" 159 0.482587064677 186 84 57 56 46 24 20 11 8 6 2 0 0 0 0 0 0 0 0 0
"160" 160 0.31976744186 331 110 23 9 9 7 4 3 2 1 1 0 0 0 0 0 0 0 0 0
"161" 161 0.318385650224 157 153 97 46 21 7 5 5 4 3 2 0 0 0 0 0 0 0 0 0
"162" 162 0.624087591241 141 137 68 55 53 19 12 8 6 1 0 0 0 0 0 0 0 0 0 0
"163" 163 0.317307692308 484 11 2 1 1 1 0 0 0 0 0 0 0 0 0 0 0 0 0 0
"164" 164 0.0248756218905 453 18 12 5 5 3 1 1 1 1 0 0 0 0 0 0 0 0 0 0
"165" 165 0.548523206751 168 102 72 53 40 26 16 6 6 5 2 2 1 1 0 0 0 0 0 0
"166" 166 0.372093023256 127 84 79 78 45 34 25 17 8 1 1 1 0 0 0 0 0 0 0 0
"167" 167 0.0 127 100 77 71 35 33 31 17 8 1 0 0 0 0 0 0 0 0 0 0
"168" 168 0.0 310 148 35 4 1 1 1 0 0 0 0 0 0 0 0 0 0 0 0 0
"169" 169 0.170984455959 155 99 64 55 37 28 26 18 9 4 3 2 0 0 0 0 0 0 0 0
"170" 170 0.165178571429 141 129 69 58 44 20 10 9 6 4 3 3 2 1 1 0 0 0 0 0
"171" 171 0.0 242 85 84 30 29 16 6 3 2 1 1 1 0 0 0 0 0 0 0 0
"172" 172 0.0507614213198 135 120 73 53 48 39 13 6 5 4 2 2 0 0 0 0 0 0 0 0
"173" 173 0.419708029197 124 122 97 57 52 15 8 8 5 5 3 2 1 1 0 0 0 0 0 0
"174" 174 0.255813953488 221 85 85 73 21 11 2 1 1 0 0 0 0 0 0 0 0 0 0 0
"175" 175 0.258620689655 419 32 29 5 4 4 3 1 1 1 1 0 0 0 0 0 0 0 0 0
"176" 176 0.303482587065 345 68 56 11 4 4 3 3 2 2 1 1 0 0 0 0 0 0 0 0
"177" 177 1.05769230769 500 0 0 0 0 0 0 0 0 0 0 0 0 0 0 0 0 0 0 0
