"site" "RSA" "aa1" "aa2" "aa3" "aa4" "aa5" "aa6" "aa7" "aa8" "aa9" "aa10" "aa11" "aa12" "aa13" "aa14" "aa15" "aa16" "aa17" "aa18" "aa19" "aa20"
"0" 0 0.736040609137 114 112 75 58 42 24 21 12 11 9 7 6 3 3 2 1 0 0 0 0
"1" 1 0.157232704403 198 119 57 39 33 19 16 12 7 0 0 0 0 0 0 0 0 0 0 0
"2" 2 0.527131782946 133 112 74 35 30 29 17 16 15 15 13 8 1 1 1 0 0 0 0 0
"3" 3 0.154811715481 471 17 9 1 1 1 0 0 0 0 0 0 0 0 0 0 0 0 0 0
"4" 4 0.488038277512 163 148 55 37 31 21 20 14 8 2 1 0 0 0 0 0 0 0 0 0
"5" 5 0.553459119497 338 37 26 26 21 19 10 6 5 3 3 3 2 1 0 0 0 0 0 0
"6" 6 0.644230769231 410 82 8 0 0 0 0 0 0 0 0 0 0 0 0 0 0 0 0 0
"7" 7 0.482142857143 154 136 74 34 23 21 17 12 10 7 7 4 1 0 0 0 0 0 0 0
"8" 8 0.174129353234 436 16 12 10 10 4 4 3 2 2 1 0 0 0 0 0 0 0 0 0
"9" 9 0.0512820512821 273 84 58 30 27 6 4 4 3 3 3 2 1 1 1 0 0 0 0 0
"10" 10 0.373563218391 223 177 32 29 15 9 9 3 1 1 1 0 0 0 0 0 0 0 0 0
"11" 11 0.0570342205323 254 165 27 24 12 6 3 3 2 2 1 1 0 0 0 0 0 0 0 0
"12" 12 0.35761589404 214 80 75 47 19 19 18 10 6 5 3 2 2 0 0 0 0 0 0 0
"13" 13 0.325581395349 179 84 80 34 32 31 20 13 10 7 6 2 2 0 0 0 0 0 0 0
"14" 14 0.213836477987 379 32 28 14 14 11 10 4 3 1 1 1 1 1 0 0 0 0 0 0
"15" 15 0.384615384615 264 80 54 34 22 13 11 11 8 1 1 1 0 0 0 0 0 0 0 0
"16" 16 0.321243523316 267 99 73 36 15 4 3 1 1 1 0 0 0 0 0 0 0 0 0 0
"17" 17 0.0 193 124 91 44 34 6 4 2 1 1 0 0 0 0 0 0 0 0 0 0
"18" 18 0.0697674418605 176 90 82 27 24 24 22 16 12 12 11 3 1 0 0 0 0 0 0 0
"19" 19 0.326424870466 179 91 86 50 30 21 16 12 4 4 3 2 1 1 0 0 0 0 0 0
"20" 20 0.00574712643678 365 56 29 26 11 8 2 2 1 0 0 0 0 0 0 0 0 0 0 0
"21" 21 0.0132450331126 308 135 21 15 7 5 4 3 2 0 0 0 0 0 0 0 0 0 0 0
"22" 22 0.459854014599 286 49 47 39 31 16 10 5 4 4 4 3 1 1 0 0 0 0 0 0
"23" 23 0.302325581395 121 92 88 57 35 28 27 23 14 6 2 2 2 2 1 0 0 0 0 0
"24" 24 0.0845771144279 435 19 18 12 7 5 2 1 1 0 0 0 0 0 0 0 0 0 0 0
"25" 25 0.350364963504 97 91 78 68 43 38 33 18 16 10 3 2 1 1 1 0 0 0 0 0
"26" 26 0.73631840796 281 73 42 28 25 20 10 8 7 2 2 1 1 0 0 0 0 0 0 0
"27" 27 0.563953488372 292 71 26 26 24 19 12 12 8 4 2 2 1 1 0 0 0 0 0 0
"28" 28 0.480769230769 500 0 0 0 0 0 0 0 0 0 0 0 0 0 0 0 0 0 0 0
"29" 29 0.215328467153 155 76 62 55 45 42 38 13 5 3 3 1 1 1 0 0 0 0 0 0
"30" 30 0.284671532847 131 80 65 62 47 36 32 17 12 6 5 3 1 1 1 1 0 0 0 0
"31" 31 0.00574712643678 242 183 34 27 7 4 1 1 1 0 0 0 0 0 0 0 0 0 0 0
"32" 32 0.0 114 111 106 39 35 27 25 23 9 7 2 2 0 0 0 0 0 0 0 0
"33" 33 0.0 309 138 36 13 1 1 1 1 0 0 0 0 0 0 0 0 0 0 0 0
"34" 34 0.0 492 2 2 1 1 1 1 0 0 0 0 0 0 0 0 0 0 0 0 0
"35" 35 0.157232704403 163 89 79 48 26 23 22 13 10 8 7 6 3 2 1 0 0 0 0 0
"36" 36 0.0872093023256 327 160 3 3 2 2 1 1 1 0 0 0 0 0 0 0 0 0 0 0
"37" 37 0.587155963303 149 109 65 37 35 22 20 20 18 14 7 3 1 0 0 0 0 0 0 0
"38" 38 0.0192307692308 500 0 0 0 0 0 0 0 0 0 0 0 0 0 0 0 0 0 0 0
"39" 39 0.341085271318 426 18 14 12 7 7 5 5 4 2 0 0 0 0 0 0 0 0 0 0
"40" 40 0.0149253731343 317 78 49 22 15 6 5 3 2 2 1 0 0 0 0 0 0 0 0 0
"41" 41 0.11961722488 124 101 86 66 56 49 5 5 3 2 1 1 1 0 0 0 0 0 0 0
"42" 42 0.379464285714 211 172 32 22 20 14 13 12 2 1 1 0 0 0 0 0 0 0 0 0
"43" 43 0.115384615385 145 119 63 50 30 28 19 14 10 8 4 3 2 2 2 1 0 0 0 0
"44" 44 0.143540669856 160 79 70 52 34 20 20 17 13 11 6 5 4 3 2 2 2 0 0 0
"45" 45 0.0149253731343 132 112 111 59 29 18 14 7 5 4 3 3 2 1 0 0 0 0 0 0
"46" 46 0.15503875969 94 92 75 71 67 53 27 6 5 3 2 2 1 1 1 0 0 0 0 0
"47" 47 0.089552238806 277 136 47 13 6 6 4 3 2 2 1 1 1 1 0 0 0 0 0 0
"48" 48 0.0114942528736 293 141 17 16 7 6 5 5 4 4 2 0 0 0 0 0 0 0 0 0
"49" 49 0.317518248175 192 129 54 48 24 21 9 7 7 4 3 2 0 0 0 0 0 0 0 0
"50" 50 0.0852713178295 148 140 135 45 10 6 4 3 3 2 1 1 1 1 0 0 0 0 0 0
"51" 51 0.0 494 6 0 0 0 0 0 0 0 0 0 0 0 0 0 0 0 0 0 0
"52" 52 0.333333333333 285 71 51 22 18 11 11 9 5 5 4 3 3 1 1 0 0 0 0 0
"53" 53 0.649635036496 168 85 77 57 43 28 23 6 6 3 2 1 1 0 0 0 0 0 0 0
"54" 54 0.051724137931 243 71 53 42 38 13 11 7 5 5 5 2 2 2 1 0 0 0 0 0
"55" 55 0.610062893082 389 80 16 13 2 0 0 0 0 0 0 0 0 0 0 0 0 0 0 0
"56" 56 0.461538461538 364 136 0 0 0 0 0 0 0 0 0 0 0 0 0 0 0 0 0 0
"57" 57 0.0331125827815 318 164 15 2 1 0 0 0 0 0 0 0 0 0 0 0 0 0 0 0
"58" 58 0.0 238 181 49 14 9 5 3 1 0 0 0 0 0 0 0 0 0 0 0 0
"59" 59 0.0 372 70 53 4 1 0 0 0 0 0 0 0 0 0 0 0 0 0 0 0
"60" 60 0.0 361 91 18 14 10 4 2 0 0 0 0 0 0 0 0 0 0 0 0 0
"61" 61 0.0 465 15 14 4 1 1 0 0 0 0 0 0 0 0 0 0 0 0 0 0
"62" 62 0.00662251655629 141 132 99 91 12 9 8 3 3 1 1 0 0 0 0 0 0 0 0 0
"63" 63 0.152284263959 291 68 38 29 26 18 14 10 2 2 1 1 0 0 0 0 0 0 0 0
"64" 64 0.071129707113 439 34 26 1 0 0 0 0 0 0 0 0 0 0 0 0 0 0 0 0
"65" 65 0.551724137931 132 128 117 38 36 20 12 6 4 3 2 1 1 0 0 0 0 0 0 0
"66" 66 0.205128205128 145 110 68 57 47 17 16 14 12 4 4 3 2 1 0 0 0 0 0 0
"67" 67 0.358490566038 214 98 59 43 14 13 12 11 11 8 6 5 3 2 1 0 0 0 0 0
"68" 68 0.646788990826 229 54 54 47 32 24 20 13 7 6 5 3 2 2 1 1 0 0 0 0
"69" 69 0.22869955157 220 79 51 39 21 19 12 11 9 7 7 5 5 5 3 3 2 1 1 0
"70" 70 0.857740585774 210 178 31 25 23 15 10 8 0 0 0 0 0 0 0 0 0 0 0 0
"71" 71 0.730769230769 474 26 0 0 0 0 0 0 0 0 0 0 0 0 0 0 0 0 0 0
"72" 72 0.503875968992 275 60 53 35 31 22 5 5 4 3 2 2 1 1 1 0 0 0 0 0
"73" 73 1.18238993711 495 3 2 0 0 0 0 0 0 0 0 0 0 0 0 0 0 0 0 0
"74" 74 0.60621761658 310 79 70 23 8 6 3 1 0 0 0 0 0 0 0 0 0 0 0 0
"75" 75 0.497409326425 274 163 19 14 7 5 5 4 4 2 2 1 0 0 0 0 0 0 0 0
"76" 76 0.0362694300518 480 8 6 2 1 1 1 1 0 0 0 0 0 0 0 0 0 0 0 0
"77" 77 0.318407960199 103 66 58 58 54 42 38 22 14 11 11 8 8 4 2 1 0 0 0 0
"78" 78 0.472868217054 161 144 55 50 31 20 14 12 10 1 1 1 0 0 0 0 0 0 0 0
"79" 79 0.215246636771 100 98 94 91 24 21 17 17 12 9 8 3 3 2 1 0 0 0 0 0
"80" 80 0.00497512437811 323 59 46 25 24 8 4 4 3 3 1 0 0 0 0 0 0 0 0 0
"81" 81 0.63503649635 326 47 44 31 24 12 7 3 3 3 0 0 0 0 0 0 0 0 0 0
"82" 82 0.674418604651 136 86 71 57 39 37 23 22 13 12 3 1 0 0 0 0 0 0 0 0
"83" 83 0.183035714286 149 136 63 39 35 26 18 12 5 4 3 3 3 2 1 1 0 0 0 0
"84" 84 0.278846153846 487 13 0 0 0 0 0 0 0 0 0 0 0 0 0 0 0 0 0 0
"85" 85 0.00574712643678 471 12 9 7 1 0 0 0 0 0 0 0 0 0 0 0 0 0 0 0
"86" 86 0.0357142857143 132 100 70 54 40 27 27 14 13 10 7 4 1 1 0 0 0 0 0 0
"87" 87 0.0 400 45 29 13 8 3 2 0 0 0 0 0 0 0 0 0 0 0 0 0
"88" 88 0.0 162 64 58 51 41 33 28 26 14 10 5 4 2 2 0 0 0 0 0 0
"89" 89 0.0 406 74 6 5 3 2 2 2 0 0 0 0 0 0 0 0 0 0 0 0
"90" 90 0.197674418605 175 128 117 23 15 14 9 4 4 4 4 2 1 0 0 0 0 0 0 0
"91" 91 0.062893081761 476 9 4 3 2 2 1 1 1 1 0 0 0 0 0 0 0 0 0 0
"92" 92 0.482558139535 251 54 54 36 33 30 11 10 9 4 4 3 1 0 0 0 0 0 0 0
"93" 93 0.389534883721 96 88 74 72 70 34 12 12 12 9 8 6 3 2 2 0 0 0 0 0
"94" 94 0.542635658915 101 100 87 54 52 43 25 21 6 6 5 0 0 0 0 0 0 0 0 0
"95" 95 0.240310077519 81 75 73 48 40 37 36 20 18 15 14 13 10 6 6 5 2 1 0 0
"96" 96 0.0045871559633 361 46 32 19 11 9 9 5 3 2 1 1 1 0 0 0 0 0 0 0
"97" 97 0.117870722433 314 80 72 14 7 4 3 2 2 1 1 0 0 0 0 0 0 0 0 0
"98" 98 0.591194968553 175 152 56 25 24 21 17 12 10 3 2 2 1 0 0 0 0 0 0 0
"99" 99 0.533678756477 233 111 44 42 34 26 4 2 2 1 1 0 0 0 0 0 0 0 0 0
"100" 100 0.384615384615 500 0 0 0 0 0 0 0 0 0 0 0 0 0 0 0 0 0 0 0
"101" 101 0.492537313433 95 95 81 75 66 31 12 8 8 8 7 6 4 3 1 0 0 0 0 0
"102" 102 0.63503649635 137 79 53 42 41 40 30 22 18 13 11 6 4 2 1 1 0 0 0 0
"103" 103 0.738372093023 100 78 73 48 45 40 39 25 19 12 9 4 3 3 2 0 0 0 0 0
"104" 104 0.412790697674 198 75 54 22 21 19 19 19 17 16 12 8 7 6 4 3 0 0 0 0
"105" 105 0.0632183908046 210 121 67 27 25 11 11 9 6 4 3 2 2 1 1 0 0 0 0 0
"106" 106 0.775784753363 404 29 12 11 10 8 7 5 4 3 2 2 1 1 1 0 0 0 0 0
"107" 107 0.150943396226 224 109 58 41 24 22 12 5 4 1 0 0 0 0 0 0 0 0 0 0
"108" 108 0.269230769231 245 165 47 9 6 6 4 3 3 3 3 2 2 1 1 0 0 0 0 0
"109" 109 0.710691823899 305 110 55 12 9 5 2 1 1 0 0 0 0 0 0 0 0 0 0 0
"110" 110 0.0497512437811 147 89 74 43 40 29 26 23 11 10 7 1 0 0 0 0 0 0 0 0
"111" 111 0.0697674418605 254 93 57 44 22 9 9 3 3 2 2 1 1 0 0 0 0 0 0 0
"112" 112 0.511627906977 193 87 62 60 18 17 16 13 13 12 3 3 2 1 0 0 0 0 0 0
"113" 113 0.325892857143 138 124 96 46 37 25 16 7 6 3 1 1 0 0 0 0 0 0 0 0
"114" 114 0.0597014925373 348 90 46 8 3 2 2 1 0 0 0 0 0 0 0 0 0 0 0 0
"115" 115 0.107142857143 127 73 68 65 62 58 19 6 6 5 5 3 2 1 0 0 0 0 0 0
"116" 116 0.00961538461538 499 1 0 0 0 0 0 0 0 0 0 0 0 0 0 0 0 0 0 0
"117" 117 0.471153846154 169 152 88 72 10 3 3 2 1 0 0 0 0 0 0 0 0 0 0 0
"118" 118 0.459119496855 220 84 63 53 34 17 10 10 5 2 2 0 0 0 0 0 0 0 0 0
"119" 119 0.445255474453 221 149 60 43 17 5 1 1 1 1 1 0 0 0 0 0 0 0 0 0
"120" 120 0.59748427673 207 172 73 20 13 4 4 3 1 1 1 1 0 0 0 0 0 0 0 0
"121" 121 0.273255813953 116 68 67 60 47 39 31 28 28 9 5 1 1 0 0 0 0 0 0 0
"122" 122 0.363636363636 244 53 48 41 40 34 15 14 8 3 0 0 0 0 0 0 0 0 0 0
"123" 123 0.0251046025105 232 214 24 6 4 4 4 3 3 2 1 1 1 1 0 0 0 0 0 0
"124" 124 0.116279069767 173 134 46 43 37 20 20 9 8 5 4 1 0 0 0 0 0 0 0 0
"125" 125 0.0384615384615 105 81 78 51 48 31 24 21 14 11 10 8 7 5 3 3 0 0 0 0
"126" 126 0.114942528736 122 88 86 61 35 26 25 16 13 10 9 3 3 2 1 0 0 0 0 0
"127" 127 0.0248756218905 383 31 19 19 14 13 5 4 3 2 2 2 2 1 0 0 0 0 0 0
"128" 128 0.046511627907 213 115 57 29 22 14 13 10 7 6 4 3 2 2 2 1 0 0 0 0
"129" 129 0.0804597701149 159 95 92 34 26 17 17 17 10 9 8 6 3 3 3 1 0 0 0 0
"130" 130 0.0344827586207 144 60 57 41 40 39 35 28 12 11 9 8 8 4 4 0 0 0 0 0
"131" 131 0.194029850746 127 104 86 70 67 18 14 8 3 2 1 0 0 0 0 0 0 0 0 0
"132" 132 0.274261603376 259 53 47 31 28 22 19 19 10 7 3 2 0 0 0 0 0 0 0 0
"133" 133 0.0199004975124 175 138 69 43 32 14 11 6 4 3 2 1 1 1 0 0 0 0 0 0
"134" 134 0.0398009950249 218 77 59 31 26 20 15 11 11 10 9 3 3 3 3 1 0 0 0 0
"135" 135 0.443946188341 166 148 108 18 16 12 8 8 5 4 3 2 1 1 0 0 0 0 0 0
"136" 136 0.10152284264 328 62 39 22 18 11 6 5 4 2 2 1 0 0 0 0 0 0 0 0
"137" 137 0.0 202 124 100 41 24 9 0 0 0 0 0 0 0 0 0 0 0 0 0 0
"138" 138 0.379562043796 186 164 57 41 33 8 4 3 2 2 0 0 0 0 0 0 0 0 0 0
"139" 139 0.0377358490566 366 85 48 1 0 0 0 0 0 0 0 0 0 0 0 0 0 0 0 0
"140" 140 0.238341968912 185 81 67 46 40 25 23 10 7 7 6 1 1 1 0 0 0 0 0 0
"141" 141 0.324817518248 198 79 47 45 36 34 20 17 14 7 3 0 0 0 0 0 0 0 0 0
"142" 142 0.0 134 133 74 58 28 23 18 18 7 3 2 1 1 0 0 0 0 0 0 0
"143" 143 0.0209205020921 406 68 21 5 0 0 0 0 0 0 0 0 0 0 0 0 0 0 0 0
"144" 144 0.0376569037657 169 150 46 32 30 23 14 7 6 5 5 4 4 4 1 0 0 0 0 0
"145" 145 0.144230769231 349 75 22 17 17 4 3 3 3 2 2 2 1 0 0 0 0 0 0 0
"146" 146 0.223214285714 255 138 39 26 18 9 8 3 2 1 1 0 0 0 0 0 0 0 0 0
"147" 147 0.135021097046 224 121 51 36 33 12 9 4 2 2 1 1 1 1 1 1 0 0 0 0
"148" 148 0.248704663212 281 68 54 37 18 17 9 8 4 1 1 1 1 0 0 0 0 0 0 0
"149" 149 0.0988593155894 129 94 76 63 48 25 23 13 7 5 5 5 4 1 1 1 0 0 0 0
"150" 150 0.0224215246637 187 166 71 26 14 11 6 6 5 3 3 2 0 0 0 0 0 0 0 0
"151" 151 0.170403587444 140 102 98 76 23 17 11 10 6 6 4 2 2 1 1 1 0 0 0 0
"152" 152 0.0199004975124 232 63 50 43 38 20 20 14 7 5 4 2 1 1 0 0 0 0 0 0
"153" 153 0.0862068965517 90 80 73 72 40 33 33 32 13 10 7 6 5 4 2 0 0 0 0 0
"154" 154 0.0 376 54 34 16 5 5 4 2 1 1 1 1 0 0 0 0 0 0 0 0
"155" 155 0.0 100 74 71 67 42 35 27 25 16 14 11 6 5 4 1 1 1 0 0 0
"156" 156 0.430656934307 115 100 90 71 44 14 12 11 11 10 9 5 3 3 1 1 0 0 0 0
"157" 157 0.273542600897 138 134 63 51 33 29 16 15 8 5 3 2 2 1 0 0 0 0 0 0
"158" 158 0.0248756218905 409 32 30 10 8 5 3 1 1 1 0 0 0 0 0 0 0 0 0 0
"159" 159 0.103448275862 119 100 81 76 24 23 22 21 9 9 5 4 3 3 1 0 0 0 0 0
"160" 160 0.503875968992 170 103 100 50 28 14 11 6 6 4 3 3 1 1 0 0 0 0 0 0
"161" 161 0.564766839378 103 73 67 52 41 31 31 22 20 15 15 13 7 6 2 2 0 0 0 0
"162" 162 0.422594142259 142 135 121 44 26 12 6 4 4 2 2 1 1 0 0 0 0 0 0 0
"163" 163 0.74358974359 444 50 3 2 1 0 0 0 0 0 0 0 0 0 0 0 0 0 0 0
"164" 164 0.139303482587 307 122 17 14 11 6 5 4 4 2 2 2 2 1 1 0 0 0 0 0
"165" 165 0.839378238342 418 72 5 3 1 1 0 0 0 0 0 0 0 0 0 0 0 0 0 0
"166" 166 0.114942528736 271 76 67 31 23 12 6 5 3 3 1 1 1 0 0 0 0 0 0 0
"167" 167 0.356589147287 101 79 69 62 61 51 20 16 16 13 10 2 0 0 0 0 0 0 0 0
"168" 168 0.103448275862 131 120 98 96 17 16 11 6 4 1 0 0 0 0 0 0 0 0 0 0
"169" 169 0.247126436782 349 75 28 24 9 5 3 3 2 2 0 0 0 0 0 0 0 0 0 0
"170" 170 0.201923076923 102 89 62 60 45 43 26 22 20 12 10 7 2 0 0 0 0 0 0 0
"171" 171 0.0689655172414 472 10 5 3 3 2 2 1 1 1 0 0 0 0 0 0 0 0 0 0
"172" 172 0.559748427673 277 191 18 12 1 1 0 0 0 0 0 0 0 0 0 0 0 0 0 0
"173" 173 0.156976744186 189 175 58 30 19 10 6 4 3 2 1 1 1 1 0 0 0 0 0 0
"174" 174 0.235632183908 97 85 82 46 42 35 22 19 19 17 13 9 6 5 2 1 0 0 0 0
"175" 175 0.273722627737 144 103 80 61 36 20 13 10 9 8 6 5 3 1 1 0 0 0 0 0
"176" 176 0.339285714286 314 35 32 27 23 21 14 12 8 5 4 2 2 1 0 0 0 0 0 0
"177" 177 0.875968992248 309 81 74 12 10 10 4 0 0 0 0 0 0 0 0 0 0 0 0 0
"178" 178 0.357512953368 237 92 32 25 25 23 20 11 9 8 5 4 3 3 2 1 0 0 0 0
"179" 179 0.144230769231 500 0 0 0 0 0 0 0 0 0 0 0 0 0 0 0 0 0 0 0
"180" 180 0.044776119403 139 135 69 44 26 24 21 11 11 6 4 4 3 1 1 1 0 0 0 0
"181" 181 0.0387596899225 265 67 49 49 40 12 3 3 3 3 2 2 1 1 0 0 0 0 0 0
"182" 182 0.128440366972 120 117 67 48 31 30 17 11 11 10 10 8 7 4 4 3 2 0 0 0
"183" 183 0.105960264901 235 191 56 7 4 3 3 1 0 0 0 0 0 0 0 0 0 0 0 0
"184" 184 0.245033112583 227 78 67 35 20 20 18 7 6 6 5 5 3 1 1 1 0 0 0 0
"185" 185 0.299270072993 248 198 12 12 7 7 5 4 2 1 1 1 1 1 0 0 0 0 0 0
"186" 186 0.123076923077 175 116 93 37 31 17 13 5 3 3 3 2 1 1 0 0 0 0 0 0
"187" 187 0.551094890511 129 123 116 27 27 22 21 16 11 3 2 1 1 1 0 0 0 0 0 0
"188" 188 0.673003802281 282 56 41 35 29 24 11 9 4 3 2 2 1 1 0 0 0 0 0 0
"189" 189 0.089552238806 471 8 5 4 3 3 3 2 1 0 0 0 0 0 0 0 0 0 0 0
"190" 190 0.39378238342 210 133 63 25 21 12 12 11 6 5 1 1 0 0 0 0 0 0 0 0
"191" 191 0.716981132075 315 116 25 12 9 7 6 6 2 2 0 0 0 0 0 0 0 0 0 0
"192" 192 0.565891472868 106 97 86 84 41 39 13 8 8 6 5 3 3 1 0 0 0 0 0 0
"193" 193 0.219730941704 232 69 67 59 45 8 8 4 3 3 1 1 0 0 0 0 0 0 0 0
"194" 194 0.262773722628 191 147 42 29 29 26 9 8 8 6 3 2 0 0 0 0 0 0 0 0
"195" 195 0.46511627907 160 103 59 43 40 31 27 11 9 8 7 1 1 0 0 0 0 0 0 0
"196" 196 0.263565891473 108 84 81 59 33 28 19 17 16 11 11 11 9 8 3 1 1 0 0 0
"197" 197 0.0 238 201 20 14 11 9 2 1 1 1 1 1 0 0 0 0 0 0 0 0
"198" 198 0.252873563218 126 86 49 43 41 37 32 27 25 10 7 6 4 3 3 1 0 0 0 0
"199" 199 0.0542635658915 311 92 33 20 11 7 6 3 3 3 3 2 2 2 1 1 0 0 0 0
"200" 200 0.0199004975124 117 103 61 44 44 42 31 30 7 6 6 5 2 2 0 0 0 0 0 0
"201" 201 0.0198675496689 185 74 48 46 38 27 25 23 22 4 3 2 2 1 0 0 0 0 0 0
"202" 202 0.333333333333 106 97 57 52 50 48 37 24 11 9 4 2 2 1 0 0 0 0 0 0
"203" 203 0.0077519379845 389 104 7 0 0 0 0 0 0 0 0 0 0 0 0 0 0 0 0 0
"204" 204 0.0 290 183 9 8 4 4 1 1 0 0 0 0 0 0 0 0 0 0 0 0
"205" 205 0.337209302326 111 103 62 48 44 32 27 18 11 9 9 7 6 5 5 2 1 0 0 0
"206" 206 0.286821705426 111 111 95 62 40 27 20 17 8 4 3 1 1 0 0 0 0 0 0 0
"207" 207 0.0 408 55 33 2 2 0 0 0 0 0 0 0 0 0 0 0 0 0 0 0
"208" 208 0.232558139535 142 56 52 51 39 30 30 24 20 18 10 10 9 7 1 1 0 0 0 0
"209" 209 0.66985645933 125 62 56 51 42 42 41 35 23 7 6 5 2 2 1 0 0 0 0 0
"210" 210 0.201550387597 301 77 37 25 20 19 8 6 4 1 1 1 0 0 0 0 0 0 0 0
"211" 211 0.0077519379845 280 156 35 16 5 4 1 1 1 1 0 0 0 0 0 0 0 0 0 0
"212" 212 0.691860465116 103 87 63 58 53 42 26 18 17 15 11 5 1 1 0 0 0 0 0 0
"213" 213 0.596899224806 103 94 80 75 72 37 27 4 4 2 1 1 0 0 0 0 0 0 0 0
"214" 214 0.201923076923 497 2 1 0 0 0 0 0 0 0 0 0 0 0 0 0 0 0 0 0
"215" 215 0.263565891473 159 76 59 48 27 20 20 20 18 14 11 9 6 6 2 2 1 1 1 0
"216" 216 0.547085201794 139 105 94 46 30 21 15 14 12 11 10 2 1 0 0 0 0 0 0 0
"217" 217 0.263565891473 145 138 83 32 18 13 13 13 10 8 6 5 4 4 3 2 2 1 0 0
"218" 218 0.0077519379845 447 37 10 3 2 1 0 0 0 0 0 0 0 0 0 0 0 0 0 0
"219" 219 0.199004975124 171 84 44 43 41 36 22 21 15 10 7 6 0 0 0 0 0 0 0 0
"220" 220 0.466321243523 125 98 62 59 43 42 35 22 6 4 1 1 1 1 0 0 0 0 0 0
"221" 221 0.209302325581 165 98 85 49 39 25 21 11 2 2 1 1 1 0 0 0 0 0 0 0
"222" 222 0.0 352 97 29 15 2 2 1 1 1 0 0 0 0 0 0 0 0 0 0 0
"223" 223 0.350364963504 118 110 88 65 37 33 18 9 7 5 3 3 2 1 1 0 0 0 0 0
"224" 224 0.449612403101 172 105 58 48 25 21 14 14 13 12 11 3 2 1 1 0 0 0 0 0
"225" 225 0.235632183908 106 105 103 86 32 16 12 11 9 5 4 3 2 2 2 1 1 0 0 0
"226" 226 0.00995024875622 284 67 31 22 20 19 16 12 9 9 4 3 3 1 0 0 0 0 0 0
"227" 227 0.59585492228 108 98 92 55 44 33 19 14 10 7 6 6 6 2 0 0 0 0 0 0
"228" 228 0.604651162791 178 67 64 49 42 26 17 13 12 10 9 5 4 3 1 0 0 0 0 0
"229" 229 0.131782945736 184 167 41 27 16 14 13 8 7 6 5 5 4 3 0 0 0 0 0 0
"230" 230 0.830188679245 308 68 46 28 28 12 4 3 2 1 0 0 0 0 0 0 0 0 0 0
"231" 231 0.509615384615 138 65 65 56 33 30 30 28 16 14 10 7 4 4 0 0 0 0 0 0
"232" 232 0.0804597701149 169 143 66 26 25 23 14 10 8 7 3 2 2 1 1 0 0 0 0 0
"233" 233 0.286821705426 214 69 67 55 55 12 11 11 2 2 2 0 0 0 0 0 0 0 0 0
"234" 234 0.201149425287 227 150 45 36 16 6 6 5 3 2 2 2 0 0 0 0 0 0 0 0
"235" 235 0.336787564767 109 82 59 58 57 56 27 23 23 3 3 0 0 0 0 0 0 0 0 0
"236" 236 0.0988593155894 289 145 26 19 6 5 3 2 2 1 1 1 0 0 0 0 0 0 0 0
"237" 237 0.089552238806 217 71 65 50 37 22 12 11 6 4 3 1 1 0 0 0 0 0 0 0
"238" 238 0.294642857143 374 56 37 8 7 5 4 4 2 2 1 0 0 0 0 0 0 0 0 0
"239" 239 0.134328358209 255 85 62 36 20 14 12 6 5 2 2 1 0 0 0 0 0 0 0 0
"240" 240 0.0985401459854 456 16 10 9 4 2 1 1 1 0 0 0 0 0 0 0 0 0 0 0
"241" 241 0.243523316062 302 178 7 5 4 2 2 0 0 0 0 0 0 0 0 0 0 0 0 0
"242" 242 0.492385786802 119 115 111 56 42 27 10 8 5 3 2 2 0 0 0 0 0 0 0 0
"243" 243 0.365384615385 140 114 65 54 51 24 18 17 9 3 2 2 1 0 0 0 0 0 0 0
"244" 244 0.0199004975124 146 95 93 75 31 19 16 15 5 3 1 1 0 0 0 0 0 0 0 0
"245" 245 0.230769230769 233 175 31 21 12 10 7 5 4 2 0 0 0 0 0 0 0 0 0 0
"246" 246 0.723270440252 240 186 64 4 2 2 1 1 0 0 0 0 0 0 0 0 0 0 0 0
"247" 247 0.178899082569 227 137 45 30 24 17 8 6 4 1 1 0 0 0 0 0 0 0 0 0
"248" 248 0.37106918239 314 135 24 17 4 2 1 1 1 1 0 0 0 0 0 0 0 0 0 0
"249" 249 0.786069651741 191 85 57 51 43 37 28 8 0 0 0 0 0 0 0 0 0 0 0 0
"250" 250 0.6 101 90 73 65 52 36 30 26 18 6 1 1 1 0 0 0 0 0 0 0
"251" 251 0.230769230769 500 0 0 0 0 0 0 0 0 0 0 0 0 0 0 0 0 0 0 0
"252" 252 0.344370860927 135 77 47 38 36 35 30 26 26 14 10 8 7 6 2 2 1 0 0 0
"253" 253 0.00961538461538 475 13 5 5 1 1 0 0 0 0 0 0 0 0 0 0 0 0 0 0
"254" 254 0.0839416058394 168 157 77 32 20 18 7 7 6 4 1 1 1 1 0 0 0 0 0 0
"255" 255 0.00497512437811 206 94 49 43 35 28 17 10 8 4 2 2 2 0 0 0 0 0 0 0
"256" 256 0.0348258706468 172 103 56 49 23 22 21 15 11 11 7 5 4 1 0 0 0 0 0 0
"257" 257 0.00574712643678 144 117 94 68 21 15 13 13 9 4 2 0 0 0 0 0 0 0 0 0
"258" 258 0.0 141 109 109 83 22 16 12 3 2 2 1 0 0 0 0 0 0 0 0 0
"259" 259 0.0 306 132 14 13 12 6 5 5 4 1 1 1 0 0 0 0 0 0 0 0
"260" 260 0.416058394161 103 95 61 50 43 42 37 21 14 11 10 7 4 1 1 0 0 0 0 0
"261" 261 0.00497512437811 187 96 62 53 46 19 8 7 6 5 5 3 1 1 1 0 0 0 0 0
"262" 262 0.490384615385 500 0 0 0 0 0 0 0 0 0 0 0 0 0 0 0 0 0 0 0
"263" 263 0.848837209302 203 159 107 15 6 3 3 2 2 0 0 0 0 0 0 0 0 0 0 0
"264" 264 0.0581395348837 279 140 29 15 7 6 6 5 4 3 2 2 2 0 0 0 0 0 0 0
"265" 265 0.171532846715 114 64 63 59 50 46 23 23 13 13 10 8 6 4 3 1 0 0 0 0
"266" 266 0.0248756218905 239 133 60 17 15 7 7 6 3 3 3 3 2 2 0 0 0 0 0 0
"267" 267 0.124378109453 209 108 64 28 20 16 13 10 9 9 5 3 3 2 1 0 0 0 0 0
"268" 268 0.0362694300518 326 149 7 7 5 3 1 1 1 0 0 0 0 0 0 0 0 0 0 0
"269" 269 0.0153846153846 265 216 13 3 2 1 0 0 0 0 0 0 0 0 0 0 0 0 0 0
"270" 270 0.157360406091 227 171 44 24 9 8 5 5 4 2 1 0 0 0 0 0 0 0 0 0
"271" 271 0.333333333333 184 87 70 35 31 27 20 17 13 5 2 2 2 2 1 1 1 0 0 0
"272" 272 0.010152284264 160 113 84 45 32 29 14 9 8 4 2 0 0 0 0 0 0 0 0 0
"273" 273 0.392857142857 117 79 66 57 53 42 26 23 17 14 5 1 0 0 0 0 0 0 0 0
"274" 274 0.0558375634518 143 100 85 54 42 37 25 8 2 2 1 1 0 0 0 0 0 0 0 0
"275" 275 0.519230769231 496 4 0 0 0 0 0 0 0 0 0 0 0 0 0 0 0 0 0 0
"276" 276 0.761627906977 136 134 49 39 34 31 23 20 11 10 5 3 3 1 1 0 0 0 0 0
