"site" "RSA" "aa1" "aa2" "aa3" "aa4" "aa5" "aa6" "aa7" "aa8" "aa9" "aa10" "aa11" "aa12" "aa13" "aa14" "aa15" "aa16" "aa17" "aa18" "aa19" "aa20"
"0" 0 0.720207253886 236 174 28 25 22 8 4 3 0 0 0 0 0 0 0 0 0 0 0 0
"1" 1 0.600896860987 123 101 64 60 50 42 37 16 5 1 1 0 0 0 0 0 0 0 0 0
"2" 2 0.627906976744 108 102 97 88 39 29 19 8 5 4 1 0 0 0 0 0 0 0 0 0
"3" 3 0.562189054726 172 90 65 46 44 32 14 12 10 10 3 2 0 0 0 0 0 0 0 0
"4" 4 0.291390728477 145 108 66 42 41 34 19 19 9 8 6 1 1 1 0 0 0 0 0 0
"5" 5 0.389121338912 186 121 61 39 36 16 13 8 8 6 5 1 0 0 0 0 0 0 0 0
"6" 6 0.393034825871 136 131 63 48 44 29 13 10 10 8 3 3 2 0 0 0 0 0 0 0
"7" 7 0.548523206751 174 74 66 60 39 24 18 12 10 9 8 3 2 1 0 0 0 0 0 0
"8" 8 0.569948186528 154 108 77 65 35 22 19 9 5 4 2 0 0 0 0 0 0 0 0 0
"9" 9 0.175732217573 292 53 41 34 33 21 8 7 4 4 2 1 0 0 0 0 0 0 0 0
"10" 10 0.407960199005 133 111 69 54 34 27 22 21 19 6 2 1 1 0 0 0 0 0 0 0
"11" 11 0.410852713178 119 85 80 57 53 35 20 19 12 10 4 3 2 1 0 0 0 0 0 0
"12" 12 0.240384615385 135 111 96 47 37 24 14 10 8 6 4 3 3 1 1 0 0 0 0 0
"13" 13 0.00961538461538 137 80 63 58 53 24 20 16 11 10 9 5 4 4 3 2 1 0 0 0
"14" 14 0.373563218391 172 95 42 40 34 30 27 24 24 7 2 1 1 1 0 0 0 0 0 0
"15" 15 0.124031007752 144 101 92 79 24 17 9 8 6 6 6 3 3 2 0 0 0 0 0 0
"16" 16 0.15503875969 193 114 57 30 20 13 12 11 10 10 10 8 7 3 1 1 0 0 0 0
"17" 17 0.170542635659 427 29 13 12 7 5 3 2 1 1 0 0 0 0 0 0 0 0 0 0
"18" 18 0.340101522843 104 70 68 66 46 40 30 27 19 9 6 5 3 3 2 2 0 0 0 0
"19" 19 0.0596026490066 423 25 21 11 5 4 3 3 3 1 1 0 0 0 0 0 0 0 0 0
"20" 20 0.236286919831 357 28 22 21 16 15 10 10 6 4 4 4 2 1 0 0 0 0 0 0
"21" 21 0.267441860465 181 67 63 56 41 26 24 14 8 6 4 2 2 2 2 1 1 0 0 0
"22" 22 0.395348837209 145 76 65 49 31 24 19 18 18 18 12 10 7 6 2 0 0 0 0 0
"23" 23 0.0862068965517 127 123 107 77 50 5 5 4 2 0 0 0 0 0 0 0 0 0 0 0
"24" 24 0.0 316 95 38 19 16 5 4 4 2 1 0 0 0 0 0 0 0 0 0 0
"25" 25 0.169811320755 161 121 82 30 23 21 18 17 12 5 4 2 2 1 1 0 0 0 0 0
"26" 26 0.182741116751 87 67 60 43 42 35 29 29 27 18 17 16 14 9 3 2 2 0 0 0
"27" 27 0.116071428571 168 110 40 38 34 29 19 17 14 12 8 5 3 2 1 0 0 0 0 0
"28" 28 0.014598540146 187 142 46 45 24 21 9 7 6 6 4 2 1 0 0 0 0 0 0 0
"29" 29 0.0114942528736 170 100 82 50 32 24 19 15 3 3 1 1 0 0 0 0 0 0 0 0
"30" 30 0.0168776371308 203 69 69 45 39 38 16 9 5 4 1 1 1 0 0 0 0 0 0 0
"31" 31 0.0 147 92 78 54 37 24 21 15 9 6 6 5 4 1 1 0 0 0 0 0
"32" 32 0.00995024875622 162 118 116 42 18 14 10 7 4 3 2 2 1 1 0 0 0 0 0 0
"33" 33 0.089552238806 432 23 19 10 6 6 2 1 1 0 0 0 0 0 0 0 0 0 0 0
"34" 34 0.0 106 104 87 74 69 37 12 7 2 2 0 0 0 0 0 0 0 0 0 0
"35" 35 0.00574712643678 323 136 13 10 8 4 4 2 0 0 0 0 0 0 0 0 0 0 0 0
"36" 36 0.0493273542601 191 116 110 28 20 19 8 2 2 2 1 1 0 0 0 0 0 0 0 0
"37" 37 0.267942583732 115 85 58 56 53 32 31 28 18 9 4 4 4 2 1 0 0 0 0 0
"38" 38 0.0077519379845 238 74 74 37 28 19 8 8 6 3 2 1 1 1 0 0 0 0 0 0
"39" 39 0.0794701986755 200 138 31 27 27 22 16 12 11 7 4 2 2 1 0 0 0 0 0 0
"40" 40 0.548523206751 155 112 62 53 30 30 28 11 5 4 3 3 3 1 0 0 0 0 0 0
"41" 41 0.291479820628 125 67 66 48 46 34 29 24 19 19 13 4 2 2 1 1 0 0 0 0
"42" 42 0.0862944162437 176 65 56 56 52 45 16 16 9 4 3 2 0 0 0 0 0 0 0 0
"43" 43 0.311258278146 210 87 79 63 28 12 9 4 3 2 1 1 1 0 0 0 0 0 0 0
"44" 44 0.53488372093 145 116 90 87 16 14 10 9 7 3 2 1 0 0 0 0 0 0 0 0
"45" 45 0.714285714286 183 100 88 73 27 16 5 3 2 1 1 1 0 0 0 0 0 0 0 0
"46" 46 0.53164556962 97 87 86 83 66 21 13 13 12 12 6 4 0 0 0 0 0 0 0 0
"47" 47 0.219730941704 159 91 48 41 41 41 40 12 10 6 4 3 2 1 1 0 0 0 0 0
"48" 48 0.0380228136882 253 193 27 7 6 5 4 2 2 1 0 0 0 0 0 0 0 0 0 0
"49" 49 0.738396624473 94 91 89 61 50 48 24 9 9 9 8 3 3 2 0 0 0 0 0 0
"50" 50 0.192307692308 464 14 10 5 5 2 0 0 0 0 0 0 0 0 0 0 0 0 0 0
"51" 51 0.238578680203 143 101 49 39 38 36 33 12 11 8 7 6 6 6 3 1 1 0 0 0
"52" 52 0.675126903553 189 116 52 37 26 23 22 19 8 6 2 0 0 0 0 0 0 0 0 0
"53" 53 0.20725388601 102 101 87 80 38 34 24 18 7 4 3 1 1 0 0 0 0 0 0 0
"54" 54 0.00632911392405 278 106 83 12 7 3 3 2 2 2 1 1 0 0 0 0 0 0 0 0
"55" 55 0.293103448276 116 115 88 36 28 27 27 21 13 9 6 5 4 4 1 0 0 0 0 0
"56" 56 0.528735632184 245 110 93 14 13 11 6 3 2 2 1 0 0 0 0 0 0 0 0 0
"57" 57 0.167883211679 286 87 55 30 19 9 3 3 2 2 1 1 1 1 0 0 0 0 0 0
"58" 58 0.010152284264 180 113 69 33 31 15 14 13 8 7 6 5 4 1 1 0 0 0 0 0
"59" 59 0.232704402516 198 185 54 32 16 7 4 1 1 1 1 0 0 0 0 0 0 0 0 0
"60" 60 0.755274261603 338 44 35 34 20 14 8 7 0 0 0 0 0 0 0 0 0 0 0 0
"61" 61 0.160714285714 227 113 57 49 23 8 7 5 3 3 2 2 1 0 0 0 0 0 0 0
"62" 62 0.0762331838565 315 67 25 25 17 15 14 9 6 3 2 1 1 0 0 0 0 0 0 0
"63" 63 0.298076923077 500 0 0 0 0 0 0 0 0 0 0 0 0 0 0 0 0 0 0 0
"64" 64 0.55230125523 198 195 25 23 18 12 7 7 5 3 3 2 2 0 0 0 0 0 0 0
"65" 65 0.701492537313 180 143 76 25 24 23 13 8 3 3 2 0 0 0 0 0 0 0 0 0
"66" 66 0.0397350993377 169 142 94 37 16 14 9 8 5 3 1 1 1 0 0 0 0 0 0 0
"67" 67 0.0794979079498 121 118 97 38 30 25 23 15 13 11 4 3 1 1 0 0 0 0 0 0
"68" 68 0.269503546099 253 100 54 41 19 9 8 6 4 2 2 1 1 0 0 0 0 0 0 0
"69" 69 0.0839416058394 161 91 63 53 51 31 20 9 7 7 4 2 1 0 0 0 0 0 0 0
"70" 70 0.0865384615385 500 0 0 0 0 0 0 0 0 0 0 0 0 0 0 0 0 0 0 0
"71" 71 0.0769230769231 246 211 10 9 9 5 4 3 1 1 1 0 0 0 0 0 0 0 0 0
"72" 72 0.457711442786 167 107 87 37 30 17 16 11 9 8 6 3 2 0 0 0 0 0 0 0
"73" 73 0.0232558139535 318 76 52 25 12 11 2 1 1 1 1 0 0 0 0 0 0 0 0 0
"74" 74 0.0564102564103 131 104 87 76 27 19 19 18 11 4 2 1 1 0 0 0 0 0 0 0
"75" 75 0.212643678161 109 96 77 50 49 37 36 20 13 3 3 3 2 1 1 0 0 0 0 0
"76" 76 0.309644670051 157 100 84 48 47 21 19 12 6 3 2 1 0 0 0 0 0 0 0 0
"77" 77 0.251824817518 283 115 46 19 15 7 7 5 3 0 0 0 0 0 0 0 0 0 0 0
"78" 78 0.140684410646 299 51 41 20 19 17 12 11 9 8 6 4 2 1 0 0 0 0 0 0
"79" 79 0.305439330544 201 142 53 42 25 19 8 4 2 1 1 1 1 0 0 0 0 0 0 0
"80" 80 0.270440251572 229 95 74 34 25 14 12 11 4 2 0 0 0 0 0 0 0 0 0 0
"81" 81 0.093023255814 205 203 55 14 4 4 4 3 3 3 1 1 0 0 0 0 0 0 0 0
"82" 82 0.331838565022 149 135 54 40 25 24 22 20 14 9 3 2 1 1 1 0 0 0 0 0
"83" 83 0.410852713178 141 98 83 76 37 26 21 7 4 3 1 1 1 1 0 0 0 0 0 0
"84" 84 0.134328358209 242 105 56 37 23 14 9 7 3 2 1 1 0 0 0 0 0 0 0 0
"85" 85 0.138461538462 146 144 66 54 49 12 8 6 6 4 4 1 0 0 0 0 0 0 0 0
"86" 86 0.648535564854 67 64 64 41 38 38 37 34 31 28 24 23 7 2 1 1 0 0 0 0
"87" 87 0.46511627907 135 92 85 44 34 22 20 19 15 14 13 4 1 1 1 0 0 0 0 0
"88" 88 0.309623430962 228 71 68 60 22 13 9 8 7 6 3 2 1 1 1 0 0 0 0 0
"89" 89 0.383966244726 182 177 103 13 10 4 4 4 3 0 0 0 0 0 0 0 0 0 0 0
"90" 90 0.492227979275 166 144 57 47 20 19 16 11 10 6 3 1 0 0 0 0 0 0 0 0
"91" 91 0.523206751055 172 64 49 44 31 31 30 30 16 15 8 4 3 2 1 0 0 0 0 0
"92" 92 0.186311787072 171 170 48 37 24 11 9 7 5 5 5 3 2 1 1 1 0 0 0 0
"93" 93 0.337552742616 131 121 105 57 20 18 12 12 9 6 5 3 1 0 0 0 0 0 0 0
"94" 94 0.466367713004 197 111 47 44 32 22 16 10 8 4 4 4 1 0 0 0 0 0 0 0
"95" 95 0.578680203046 150 101 59 56 44 43 33 13 1 0 0 0 0 0 0 0 0 0 0 0
"96" 96 0.284518828452 209 180 74 8 6 6 6 4 4 2 1 0 0 0 0 0 0 0 0 0
"97" 97 0.109452736318 368 25 21 20 19 17 16 5 3 2 2 1 1 0 0 0 0 0 0 0
"98" 98 0.480769230769 421 30 10 10 9 5 4 4 3 2 1 1 0 0 0 0 0 0 0 0
"99" 99 0.846153846154 483 16 1 0 0 0 0 0 0 0 0 0 0 0 0 0 0 0 0 0
"100" 100 0.126436781609 331 126 13 12 6 3 2 2 2 1 1 1 0 0 0 0 0 0 0 0
"101" 101 0.383419689119 273 136 36 19 11 6 5 5 5 3 1 0 0 0 0 0 0 0 0 0
"102" 102 0.481751824818 354 50 35 22 12 7 6 4 3 2 2 1 1 1 0 0 0 0 0 0
"103" 103 0.602870813397 192 126 58 46 31 14 11 8 5 4 2 1 1 1 0 0 0 0 0 0
"104" 104 0.696202531646 144 118 102 59 46 11 10 5 3 2 0 0 0 0 0 0 0 0 0 0
"105" 105 0.37668161435 158 125 93 47 42 10 10 9 2 2 1 1 0 0 0 0 0 0 0 0
"106" 106 0.36820083682 199 110 61 39 29 24 19 12 3 1 1 1 1 0 0 0 0 0 0 0
"107" 107 0.663120567376 122 118 104 51 31 21 19 13 11 6 3 1 0 0 0 0 0 0 0 0
"108" 108 0.408759124088 119 98 83 81 63 37 7 7 4 1 0 0 0 0 0 0 0 0 0 0
"109" 109 0.269961977186 262 142 63 10 6 5 4 3 3 1 1 0 0 0 0 0 0 0 0 0
"110" 110 0.171548117155 242 102 58 31 25 19 13 3 3 2 1 1 0 0 0 0 0 0 0 0
"111" 111 0.418604651163 240 91 44 39 31 21 17 9 4 3 1 0 0 0 0 0 0 0 0 0
"112" 112 0.0192307692308 410 77 3 3 2 2 2 1 0 0 0 0 0 0 0 0 0 0 0 0
"113" 113 0.0923076923077 113 83 65 44 41 39 29 22 17 16 10 9 4 2 2 2 1 1 0 0
"114" 114 0.139303482587 272 84 39 21 20 16 15 12 10 6 3 1 1 0 0 0 0 0 0 0
"115" 115 0.279069767442 209 84 82 34 30 24 19 8 5 3 1 1 0 0 0 0 0 0 0 0
"116" 116 0.0132450331126 439 22 11 7 7 4 4 3 1 1 1 0 0 0 0 0 0 0 0 0
"117" 117 0.105769230769 103 75 65 58 40 27 22 22 21 18 14 13 11 3 3 3 2 0 0 0
"118" 118 0.0673076923077 134 119 83 43 38 19 18 18 10 7 3 3 2 1 1 1 0 0 0 0
"119" 119 0.162790697674 124 96 83 72 32 32 11 11 9 9 5 4 4 3 3 2 0 0 0 0
"120" 120 0.062015503876 311 53 44 22 19 19 12 10 4 2 2 1 1 0 0 0 0 0 0 0
"121" 121 0.163461538462 151 98 64 53 31 24 18 18 14 13 7 4 3 1 1 0 0 0 0 0
"122" 122 0.170542635659 167 127 81 32 29 27 10 6 4 4 4 3 3 3 0 0 0 0 0 0
"123" 123 0.116279069767 145 81 61 40 38 27 20 15 14 13 12 10 10 4 3 3 2 2 0 0
"124" 124 0.0529801324503 208 109 74 50 15 13 10 7 4 2 2 2 1 1 1 1 0 0 0 0
"125" 125 0.0696517412935 159 87 55 48 37 33 27 25 15 5 4 4 1 0 0 0 0 0 0 0
"126" 126 0.411392405063 145 129 76 34 28 25 24 18 10 5 4 1 1 0 0 0 0 0 0 0
"127" 127 0.55230125523 413 51 12 11 4 2 2 2 2 1 0 0 0 0 0 0 0 0 0 0
"128" 128 0.0172413793103 320 110 56 7 6 1 0 0 0 0 0 0 0 0 0 0 0 0 0 0
"129" 129 0.0 448 21 14 5 4 4 3 1 0 0 0 0 0 0 0 0 0 0 0 0
"130" 130 0.100628930818 266 66 54 26 26 18 13 11 7 7 2 2 2 0 0 0 0 0 0 0
"131" 131 0.129353233831 286 88 31 24 21 11 9 8 8 5 4 2 1 1 1 0 0 0 0 0
"132" 132 0.0621761658031 146 146 112 59 11 9 6 4 2 1 1 1 1 1 0 0 0 0 0 0
"133" 133 0.0 281 130 58 13 7 7 3 1 0 0 0 0 0 0 0 0 0 0 0 0
"134" 134 0.0 274 106 74 19 18 3 3 1 1 1 0 0 0 0 0 0 0 0 0 0
"135" 135 0.0109489051095 194 149 54 52 28 8 6 4 3 1 1 0 0 0 0 0 0 0 0 0
"136" 136 0.0 214 90 74 50 17 16 12 6 5 5 3 3 3 1 1 0 0 0 0 0
"137" 137 0.043795620438 178 129 85 48 44 3 3 3 2 2 1 1 1 0 0 0 0 0 0 0
"138" 138 0.0248756218905 394 42 28 22 5 3 2 2 2 0 0 0 0 0 0 0 0 0 0 0
"139" 139 0.0 172 141 42 39 38 12 12 10 9 7 6 5 3 2 1 1 0 0 0 0
"140" 140 0.015503875969 269 70 37 28 27 16 13 13 10 7 4 4 1 1 0 0 0 0 0 0
"141" 141 0.0 494 3 1 1 1 0 0 0 0 0 0 0 0 0 0 0 0 0 0 0
"142" 142 0.103448275862 295 74 37 17 15 12 11 10 9 8 5 3 2 1 1 0 0 0 0 0
"143" 143 0.0384615384615 499 1 0 0 0 0 0 0 0 0 0 0 0 0 0 0 0 0 0 0
"144" 144 0.518987341772 135 121 70 54 41 26 22 9 7 4 3 3 2 2 1 0 0 0 0 0
"145" 145 0.211538461538 114 110 106 51 38 24 22 14 8 5 3 2 2 1 0 0 0 0 0 0
"146" 146 0.658914728682 236 122 30 29 21 18 14 12 7 4 3 2 1 1 0 0 0 0 0 0
"147" 147 0.736434108527 129 117 112 55 43 19 10 7 3 2 1 1 1 0 0 0 0 0 0 0
"148" 148 0.434977578475 178 87 48 40 40 33 28 25 9 8 1 1 1 1 0 0 0 0 0 0
"149" 149 0.222627737226 222 109 54 32 27 16 14 9 8 6 3 0 0 0 0 0 0 0 0 0
"150" 150 0.151785714286 178 125 59 38 30 20 14 11 11 11 3 0 0 0 0 0 0 0 0 0
"151" 151 0.00836820083682 203 182 100 5 4 3 2 1 0 0 0 0 0 0 0 0 0 0 0 0
"152" 152 0.5 147 66 56 44 43 40 29 26 18 12 11 4 3 1 0 0 0 0 0 0
"153" 153 0.211538461538 374 50 22 20 17 8 6 2 1 0 0 0 0 0 0 0 0 0 0 0
"154" 154 0.124378109453 209 63 53 45 32 21 16 16 13 9 7 7 4 2 1 1 1 0 0 0
"155" 155 0.451923076923 177 163 43 27 27 21 14 12 7 4 3 2 0 0 0 0 0 0 0 0
"156" 156 0.292307692308 139 121 89 30 21 21 21 20 10 8 7 5 4 2 2 0 0 0 0 0
"157" 157 0.0 362 64 42 13 13 2 2 2 0 0 0 0 0 0 0 0 0 0 0 0
"158" 158 0.223350253807 139 121 62 47 39 20 19 15 12 7 7 4 4 2 1 1 0 0 0 0
"159" 159 0.406976744186 119 90 89 70 47 28 23 15 7 6 2 2 1 1 0 0 0 0 0 0
"160" 160 0.409282700422 188 66 64 50 47 24 22 17 12 4 3 1 1 1 0 0 0 0 0 0
"161" 161 0.0203045685279 147 79 74 66 54 53 14 4 4 2 1 1 1 0 0 0 0 0 0 0
"162" 162 0.44769874477 234 122 45 35 32 24 5 1 1 1 0 0 0 0 0 0 0 0 0 0
"163" 163 0.763713080169 135 117 68 49 42 23 20 17 12 8 4 2 1 1 1 0 0 0 0 0
"164" 164 0.370860927152 147 91 88 65 43 13 12 10 7 7 6 3 2 2 2 2 0 0 0 0
"165" 165 0.238341968912 175 98 64 50 47 24 16 7 5 5 3 3 1 1 1 0 0 0 0 0
"166" 166 0.230769230769 500 0 0 0 0 0 0 0 0 0 0 0 0 0 0 0 0 0 0 0
"167" 167 0.52736318408 212 88 74 62 28 12 11 6 3 2 1 1 0 0 0 0 0 0 0 0
"168" 168 0.270072992701 270 94 58 28 23 12 6 6 1 1 1 0 0 0 0 0 0 0 0 0
"169" 169 0.0192307692308 494 3 3 0 0 0 0 0 0 0 0 0 0 0 0 0 0 0 0 0
"170" 170 0.044776119403 462 16 7 5 5 2 2 1 0 0 0 0 0 0 0 0 0 0 0 0
"171" 171 0.235741444867 364 76 36 13 4 2 2 1 1 1 0 0 0 0 0 0 0 0 0 0
"172" 172 0.2466367713 144 85 78 59 42 25 21 21 17 4 1 1 1 1 0 0 0 0 0 0
"173" 173 0.0673076923077 500 0 0 0 0 0 0 0 0 0 0 0 0 0 0 0 0 0 0 0
"174" 174 0.171548117155 217 180 45 16 13 10 6 5 3 2 2 1 0 0 0 0 0 0 0 0
"175" 175 0.589743589744 163 139 61 61 21 14 13 11 7 4 4 2 0 0 0 0 0 0 0 0
"176" 176 0.0 172 57 53 51 37 35 23 19 16 12 8 6 5 5 1 0 0 0 0 0
"177" 177 0.0662251655629 179 95 63 47 39 29 15 13 10 3 3 2 1 1 0 0 0 0 0 0
"178" 178 0.155172413793 112 112 96 35 32 23 22 21 14 13 8 3 2 2 2 1 1 1 0 0
"179" 179 0.394618834081 218 86 83 41 26 25 7 7 6 1 0 0 0 0 0 0 0 0 0 0
"180" 180 0.0961538461538 204 107 71 49 20 19 10 6 5 5 2 2 0 0 0 0 0 0 0 0
"181" 181 0.248730964467 165 57 53 53 46 43 42 8 8 7 4 3 3 2 2 2 2 0 0 0
"182" 182 0.319796954315 224 114 68 19 18 15 11 10 8 4 4 2 2 1 0 0 0 0 0 0
"183" 183 0.299492385787 132 78 54 50 38 34 26 19 18 15 10 7 7 6 6 0 0 0 0 0
"184" 184 0.326996197719 194 157 43 36 35 32 1 1 1 0 0 0 0 0 0 0 0 0 0 0
"185" 185 0.200729927007 215 59 49 34 31 24 14 14 13 12 10 9 5 5 3 2 1 0 0 0
"186" 186 0.201550387597 204 97 84 32 29 24 12 6 4 3 2 2 1 0 0 0 0 0 0 0
"187" 187 0.124031007752 222 65 49 37 29 25 22 17 10 8 5 4 3 2 2 0 0 0 0 0
"188" 188 0.235741444867 195 169 39 36 23 23 10 4 1 0 0 0 0 0 0 0 0 0 0 0
"189" 189 0.326359832636 114 83 81 53 41 29 24 21 20 16 10 2 2 2 1 1 0 0 0 0
"190" 190 0.240384615385 198 111 62 46 42 16 8 8 4 3 2 0 0 0 0 0 0 0 0 0
"191" 191 0.287356321839 116 82 76 53 42 38 32 28 14 7 5 3 3 1 0 0 0 0 0 0
"192" 192 0.266159695817 260 94 61 38 20 6 6 4 3 2 2 1 1 1 1 0 0 0 0 0
"193" 193 0.305699481865 237 56 52 42 35 31 27 12 2 2 1 1 1 1 0 0 0 0 0 0
"194" 194 0.610465116279 106 104 77 70 49 40 21 21 4 3 2 1 1 1 0 0 0 0 0 0
"195" 195 0.193798449612 87 73 63 44 39 39 37 22 18 17 16 9 8 8 8 7 3 2 0 0
"196" 196 0.53164556962 172 72 61 57 49 35 14 12 9 8 6 5 0 0 0 0 0 0 0 0
"197" 197 0.605769230769 255 49 43 42 38 33 14 9 8 4 2 1 1 1 0 0 0 0 0 0
"198" 198 0.733944954128 126 118 113 57 53 16 8 3 2 2 1 1 0 0 0 0 0 0 0 0
"199" 199 0.81592039801 500 0 0 0 0 0 0 0 0 0 0 0 0 0 0 0 0 0 0 0
"200" 200 0.276729559748 86 77 76 57 51 36 26 22 17 15 10 9 7 6 3 2 0 0 0 0
"201" 201 0.621761658031 203 77 60 55 48 28 12 8 5 2 1 1 0 0 0 0 0 0 0 0
"202" 202 0.723270440252 482 15 1 1 1 0 0 0 0 0 0 0 0 0 0 0 0 0 0 0
"203" 203 0.329113924051 112 74 71 64 49 36 19 17 15 13 12 11 3 2 1 1 0 0 0 0
"204" 204 0.733333333333 161 63 58 47 40 39 28 27 22 11 1 1 1 1 0 0 0 0 0 0
"205" 205 0.350574712644 116 64 57 54 38 37 36 17 14 12 12 10 9 7 6 6 4 1 0 0
"206" 206 0.631578947368 225 88 65 28 26 17 10 10 9 7 7 6 1 1 0 0 0 0 0 0
"207" 207 0.756345177665 152 139 61 55 34 20 13 12 5 3 3 3 0 0 0 0 0 0 0 0
"208" 208 0.568527918782 198 76 74 53 37 20 14 12 11 5 0 0 0 0 0 0 0 0 0 0
"209" 209 0.270114942529 81 74 69 48 46 45 41 35 25 22 5 3 3 2 1 0 0 0 0 0
"210" 210 0.350993377483 196 53 39 28 27 25 24 18 16 16 15 13 9 8 7 4 1 1 0 0
"211" 211 0.265957446809 195 83 53 45 36 23 21 21 7 5 4 3 2 1 1 0 0 0 0 0
"212" 212 0.408256880734 176 90 70 55 41 29 21 7 6 3 2 0 0 0 0 0 0 0 0 0
"213" 213 0.238578680203 66 60 53 51 46 42 38 34 32 24 17 11 7 6 5 4 2 2 0 0
"214" 214 0.170542635659 229 64 52 46 45 20 13 8 7 7 6 2 1 0 0 0 0 0 0 0
"215" 215 0.0896860986547 150 89 60 60 31 24 19 14 12 7 7 5 5 5 5 4 3 0 0 0
"216" 216 0.488372093023 206 80 60 43 40 23 15 8 8 8 3 3 2 1 0 0 0 0 0 0
"217" 217 0.0114942528736 215 134 48 21 19 17 15 7 6 6 5 3 3 1 0 0 0 0 0 0
"218" 218 0.226744186047 142 95 60 60 33 23 17 15 12 11 9 8 5 3 3 2 1 1 0 0
"219" 219 0.193798449612 125 104 80 59 34 30 25 20 10 5 4 2 1 1 0 0 0 0 0 0
"220" 220 0.310344827586 149 115 65 53 35 32 19 13 9 4 3 2 1 0 0 0 0 0 0 0
"221" 221 0.0 493 5 1 1 0 0 0 0 0 0 0 0 0 0 0 0 0 0 0 0
"222" 222 0.115384615385 85 84 60 55 55 45 20 19 18 16 11 11 8 4 4 3 2 0 0 0
"223" 223 0.323383084577 159 65 53 48 32 32 25 21 17 16 11 8 4 3 3 2 1 0 0 0
"224" 224 0.442528735632 95 63 60 59 54 27 24 22 20 18 13 12 10 9 9 4 1 0 0 0
"225" 225 0.0927152317881 392 107 1 0 0 0 0 0 0 0 0 0 0 0 0 0 0 0 0 0
"226" 226 0.0114068441065 276 109 80 21 4 4 2 1 1 1 1 0 0 0 0 0 0 0 0 0
"227" 227 0.119496855346 189 153 79 28 28 9 7 3 1 1 1 1 0 0 0 0 0 0 0 0
"228" 228 0.171548117155 95 80 69 49 46 42 26 24 20 17 13 8 4 4 2 1 0 0 0 0
"229" 229 0.165803108808 126 70 68 64 57 54 24 9 9 8 3 2 2 2 1 1 0 0 0 0
"230" 230 0.0 366 65 43 12 6 3 2 1 1 1 0 0 0 0 0 0 0 0 0 0
"231" 231 0.0 189 114 44 33 26 26 24 19 10 6 4 4 1 0 0 0 0 0 0 0
"232" 232 0.0802919708029 186 77 72 42 38 29 24 10 7 6 4 2 2 1 0 0 0 0 0 0
"233" 233 0.0948905109489 191 73 66 41 31 21 18 14 13 7 6 4 4 4 4 2 1 0 0 0
"234" 234 0.0 253 161 47 18 7 3 2 2 2 1 1 1 1 1 0 0 0 0 0 0
"235" 235 0.0275229357798 154 133 78 33 25 25 15 11 11 6 5 2 1 1 0 0 0 0 0 0
"236" 236 0.0 123 110 78 77 34 30 21 12 8 3 3 1 0 0 0 0 0 0 0 0
"237" 237 0.0137614678899 162 151 66 46 45 21 4 2 2 1 0 0 0 0 0 0 0 0 0 0
"238" 238 0.0179372197309 326 95 17 16 15 12 9 6 2 1 1 0 0 0 0 0 0 0 0 0
"239" 239 0.0 237 235 22 3 2 1 0 0 0 0 0 0 0 0 0 0 0 0 0 0
"240" 240 0.346153846154 500 0 0 0 0 0 0 0 0 0 0 0 0 0 0 0 0 0 0 0
"241" 241 0.109489051095 187 148 76 60 9 6 3 3 3 2 2 1 0 0 0 0 0 0 0 0
"242" 242 0.430379746835 111 77 75 74 59 40 28 13 13 6 2 2 0 0 0 0 0 0 0 0
"243" 243 0.567307692308 500 0 0 0 0 0 0 0 0 0 0 0 0 0 0 0 0 0 0 0
"244" 244 0.852713178295 214 135 71 53 17 4 2 2 1 1 0 0 0 0 0 0 0 0 0 0
"245" 245 0.367875647668 146 131 78 44 38 25 15 12 7 1 1 1 1 0 0 0 0 0 0 0
"246" 246 0.370558375635 214 114 95 25 20 17 7 3 3 1 1 0 0 0 0 0 0 0 0 0
"247" 247 0.211009174312 128 100 69 64 58 20 16 13 9 7 5 5 4 1 1 0 0 0 0 0
"248" 248 0.0228136882129 423 23 18 12 8 4 2 2 2 2 2 1 1 0 0 0 0 0 0 0
"249" 249 0.709302325581 145 117 62 42 38 24 23 17 17 6 3 3 2 1 0 0 0 0 0 0
"250" 250 0.221153846154 242 151 40 39 9 8 5 5 1 0 0 0 0 0 0 0 0 0 0 0
"251" 251 0.21511627907 114 59 56 48 43 41 37 30 28 13 10 6 5 3 2 2 2 1 0 0
"252" 252 0.568965517241 314 91 19 19 14 14 11 9 6 3 0 0 0 0 0 0 0 0 0 0
"253" 253 0.165803108808 114 77 73 63 50 28 27 14 14 12 12 5 3 3 2 2 1 0 0 0
"254" 254 0.0 253 122 95 10 8 6 4 1 1 0 0 0 0 0 0 0 0 0 0 0
"255" 255 0.251773049645 193 73 58 44 44 24 21 20 15 7 1 0 0 0 0 0 0 0 0 0
"256" 256 0.529197080292 137 135 62 43 34 25 24 22 13 3 2 0 0 0 0 0 0 0 0 0
"257" 257 0.320675105485 277 77 31 28 26 19 18 8 5 3 2 2 2 2 0 0 0 0 0 0
"258" 258 0.0 341 58 43 16 16 12 6 3 2 1 1 1 0 0 0 0 0 0 0 0
"259" 259 0.294573643411 125 125 123 34 23 20 20 13 6 4 3 2 2 0 0 0 0 0 0 0
"260" 260 0.654008438819 161 107 102 36 30 24 23 8 3 2 2 1 1 0 0 0 0 0 0 0
"261" 261 0.60103626943 128 120 70 65 39 17 16 11 10 7 6 4 3 3 1 0 0 0 0 0
"262" 262 0.178571428571 200 175 66 19 16 7 5 5 3 2 1 1 0 0 0 0 0 0 0 0
"263" 263 0.201923076923 500 0 0 0 0 0 0 0 0 0 0 0 0 0 0 0 0 0 0 0
"264" 264 0.635220125786 196 73 52 45 35 30 21 18 16 5 4 4 1 0 0 0 0 0 0 0
"265" 265 0.341772151899 212 119 51 42 34 31 5 4 2 0 0 0 0 0 0 0 0 0 0 0
"266" 266 0.031007751938 202 123 104 39 15 5 4 3 3 1 1 0 0 0 0 0 0 0 0 0
"267" 267 0.0753138075314 245 142 33 29 20 13 6 3 3 2 1 1 1 1 0 0 0 0 0 0
"268" 268 0.393305439331 347 91 36 8 7 3 3 3 2 0 0 0 0 0 0 0 0 0 0 0
"269" 269 0.291139240506 138 91 87 42 37 31 19 14 13 8 6 5 3 2 2 1 1 0 0 0
"270" 270 0.0961538461538 500 0 0 0 0 0 0 0 0 0 0 0 0 0 0 0 0 0 0 0
"271" 271 0.0387596899225 286 78 73 15 14 9 8 6 5 3 2 1 0 0 0 0 0 0 0 0
"272" 272 0.570921985816 195 132 58 20 20 17 16 12 11 10 8 1 0 0 0 0 0 0 0 0
"273" 273 0.00662251655629 323 55 35 30 18 10 8 7 5 3 2 2 1 1 0 0 0 0 0 0
"274" 274 0.117948717949 99 95 76 57 36 34 20 20 19 16 7 7 7 3 2 1 1 0 0 0
"275" 275 0.0919540229885 143 110 74 66 32 21 17 10 8 8 5 2 2 1 1 0 0 0 0 0
"276" 276 0.308457711443 161 104 65 61 41 30 12 9 8 5 2 1 1 0 0 0 0 0 0 0
"277" 277 0.29197080292 90 85 73 62 48 47 31 21 11 9 8 6 4 3 2 0 0 0 0 0
"278" 278 0.125 132 87 59 48 43 39 17 17 11 8 8 8 7 6 4 4 1 1 0 0
"279" 279 0.366972477064 211 114 83 19 18 16 10 7 7 7 3 2 2 1 0 0 0 0 0 0
"280" 280 0.240384615385 137 112 83 66 39 10 9 8 7 7 7 6 5 1 1 1 1 0 0 0
"281" 281 0.105769230769 178 137 60 27 18 18 18 11 9 8 4 4 3 2 2 1 0 0 0 0
"282" 282 0.15503875969 188 55 46 39 37 32 26 17 15 11 11 10 4 3 2 2 1 1 0 0
"283" 283 0.481171548117 170 122 75 38 32 26 18 6 5 4 2 2 0 0 0 0 0 0 0 0
"284" 284 0.14367816092 116 81 52 49 48 45 35 19 15 14 11 6 6 1 1 1 0 0 0 0
"285" 285 0.313432835821 176 134 115 39 9 8 5 4 3 3 2 1 1 0 0 0 0 0 0 0
"286" 286 0.367816091954 150 139 45 33 32 27 24 23 8 6 6 3 1 1 1 1 0 0 0 0
"287" 287 0.517412935323 132 105 82 62 32 18 14 12 12 12 8 4 3 2 2 0 0 0 0 0
"288" 288 0.32319391635 135 127 81 35 31 29 17 13 6 6 6 6 4 2 1 1 0 0 0 0
"289" 289 0.626943005181 130 127 96 58 30 18 16 6 5 3 3 3 1 1 1 1 1 0 0 0
"290" 290 0.71875 154 86 54 38 36 35 31 26 17 9 8 6 0 0 0 0 0 0 0 0
"291" 291 0.659898477157 171 132 72 58 22 15 9 7 4 4 3 2 1 0 0 0 0 0 0 0
