"site" "RSA" "aa1" "aa2" "aa3" "aa4" "aa5" "aa6" "aa7" "aa8" "aa9" "aa10" "aa11" "aa12" "aa13" "aa14" "aa15" "aa16" "aa17" "aa18" "aa19" "aa20"
"0" 0 0.848623853211 400 56 19 10 6 3 2 2 1 1 0 0 0 0 0 0 0 0 0 0
"1" 1 0.517948717949 409 64 22 4 1 0 0 0 0 0 0 0 0 0 0 0 0 0 0 0
"2" 2 0.0583941605839 277 90 56 29 14 8 6 5 5 3 2 2 1 1 1 0 0 0 0 0
"3" 3 0.383647798742 206 67 56 52 51 42 7 6 6 4 2 1 0 0 0 0 0 0 0 0
"4" 4 0.443708609272 154 105 88 41 29 27 21 17 14 1 1 1 1 0 0 0 0 0 0 0
"5" 5 0.644230769231 479 21 0 0 0 0 0 0 0 0 0 0 0 0 0 0 0 0 0 0
"6" 6 0.0766423357664 269 141 33 20 10 8 6 5 3 2 2 1 0 0 0 0 0 0 0 0
"7" 7 0.317829457364 329 45 39 36 16 11 7 5 5 3 2 1 1 0 0 0 0 0 0 0
"8" 8 0.294573643411 85 84 76 58 55 39 33 31 16 11 7 2 1 1 1 0 0 0 0 0
"9" 9 0.424870466321 106 82 63 47 43 37 32 25 21 16 10 8 7 3 0 0 0 0 0 0
"10" 10 0.430493273543 287 167 19 8 7 6 3 3 0 0 0 0 0 0 0 0 0 0 0 0
"11" 11 0.0348258706468 327 61 39 24 20 11 10 5 2 1 0 0 0 0 0 0 0 0 0 0
"12" 12 0.043795620438 482 15 3 0 0 0 0 0 0 0 0 0 0 0 0 0 0 0 0 0
"13" 13 0.704402515723 215 196 39 12 10 10 8 7 1 1 1 0 0 0 0 0 0 0 0 0
"14" 14 0.137055837563 272 57 53 46 16 13 12 8 6 5 5 3 3 1 0 0 0 0 0 0
"15" 15 0.565693430657 274 182 24 8 7 3 1 1 0 0 0 0 0 0 0 0 0 0 0 0
"16" 16 0.126903553299 207 116 82 51 28 4 4 3 2 2 1 0 0 0 0 0 0 0 0 0
"17" 17 0.313953488372 207 187 81 11 5 4 2 2 1 0 0 0 0 0 0 0 0 0 0 0
"18" 18 0.142335766423 252 125 78 19 15 4 2 2 1 1 1 0 0 0 0 0 0 0 0 0
"19" 19 0.622009569378 334 68 49 21 12 6 5 2 2 1 0 0 0 0 0 0 0 0 0 0
"20" 20 0.414448669202 189 184 51 23 23 15 7 3 3 2 0 0 0 0 0 0 0 0 0 0
"21" 21 0.360465116279 125 100 97 50 34 25 19 14 11 5 5 4 4 4 3 0 0 0 0 0
"22" 22 0.789029535865 137 115 86 46 42 37 14 9 7 4 2 1 0 0 0 0 0 0 0 0
"23" 23 0.77033492823 149 128 66 55 38 17 14 12 6 5 4 4 2 0 0 0 0 0 0 0
"24" 24 0.178294573643 397 58 38 3 3 1 0 0 0 0 0 0 0 0 0 0 0 0 0 0
"25" 25 0.174107142857 369 32 23 18 15 15 12 7 2 2 2 1 1 1 0 0 0 0 0 0
"26" 26 0.00961538461538 500 0 0 0 0 0 0 0 0 0 0 0 0 0 0 0 0 0 0 0
"27" 27 0.00662251655629 485 15 0 0 0 0 0 0 0 0 0 0 0 0 0 0 0 0 0 0
"28" 28 0.0 417 72 7 3 1 0 0 0 0 0 0 0 0 0 0 0 0 0 0 0
"29" 29 0.0696517412935 415 24 23 20 11 4 1 1 1 0 0 0 0 0 0 0 0 0 0 0
"30" 30 0.0 138 134 129 77 10 8 2 1 1 0 0 0 0 0 0 0 0 0 0 0
"31" 31 0.0982142857143 224 145 59 38 19 7 7 1 0 0 0 0 0 0 0 0 0 0 0 0
"32" 32 0.0 249 153 83 8 4 1 1 1 0 0 0 0 0 0 0 0 0 0 0 0
"33" 33 0.182692307692 500 0 0 0 0 0 0 0 0 0 0 0 0 0 0 0 0 0 0 0
"34" 34 0.492227979275 335 85 68 8 3 1 0 0 0 0 0 0 0 0 0 0 0 0 0 0
"35" 35 0.0 303 133 34 20 10 0 0 0 0 0 0 0 0 0 0 0 0 0 0 0
"36" 36 0.295358649789 216 88 70 50 33 24 8 5 2 2 1 1 0 0 0 0 0 0 0 0
"37" 37 0.0 438 37 21 4 0 0 0 0 0 0 0 0 0 0 0 0 0 0 0 0
"38" 38 0.106598984772 173 134 116 34 22 12 4 3 2 0 0 0 0 0 0 0 0 0 0 0
"39" 39 0.0 222 129 58 49 42 0 0 0 0 0 0 0 0 0 0 0 0 0 0 0
"40" 40 0.122093023256 147 115 83 74 30 11 10 9 8 5 3 3 2 0 0 0 0 0 0 0
"41" 41 0.0 408 62 22 4 3 1 0 0 0 0 0 0 0 0 0 0 0 0 0 0
"42" 42 0.245033112583 273 76 52 51 15 8 7 6 4 4 4 0 0 0 0 0 0 0 0 0
"43" 43 0.131782945736 216 64 53 52 45 41 18 8 1 1 1 0 0 0 0 0 0 0 0 0
"44" 44 0.477678571429 134 96 71 64 33 23 22 22 17 7 6 3 1 1 0 0 0 0 0 0
"45" 45 0.695364238411 144 106 86 56 49 14 11 8 8 5 5 4 2 1 1 0 0 0 0 0
"46" 46 0.192307692308 500 0 0 0 0 0 0 0 0 0 0 0 0 0 0 0 0 0 0 0
"47" 47 0.241379310345 360 48 34 26 9 9 5 4 2 1 1 1 0 0 0 0 0 0 0 0
"48" 48 0.396226415094 251 131 117 1 0 0 0 0 0 0 0 0 0 0 0 0 0 0 0 0
"49" 49 0.605839416058 443 28 24 5 0 0 0 0 0 0 0 0 0 0 0 0 0 0 0 0
"50" 50 0.125523012552 184 109 106 40 33 17 6 2 2 1 0 0 0 0 0 0 0 0 0 0
"51" 51 0.771144278607 169 99 72 63 42 22 15 5 4 4 2 2 1 0 0 0 0 0 0 0
"52" 52 0.561181434599 323 86 56 15 13 5 2 0 0 0 0 0 0 0 0 0 0 0 0 0
"53" 53 0.242152466368 500 0 0 0 0 0 0 0 0 0 0 0 0 0 0 0 0 0 0 0
"54" 54 0.0 500 0 0 0 0 0 0 0 0 0 0 0 0 0 0 0 0 0 0 0
"55" 55 0.152482269504 241 89 54 51 25 13 12 9 4 1 1 0 0 0 0 0 0 0 0 0
"56" 56 0.0 268 161 26 12 12 7 6 5 2 1 0 0 0 0 0 0 0 0 0 0
"57" 57 0.308139534884 115 63 50 49 48 46 46 42 13 9 9 5 3 1 1 0 0 0 0 0
"58" 58 0.062015503876 458 31 8 3 0 0 0 0 0 0 0 0 0 0 0 0 0 0 0 0
"59" 59 0.455357142857 264 166 28 15 11 7 2 2 2 1 1 1 0 0 0 0 0 0 0 0
"60" 60 0.0228136882129 312 112 58 17 1 0 0 0 0 0 0 0 0 0 0 0 0 0 0 0
"61" 61 0.105769230769 221 150 57 29 18 11 7 5 1 1 0 0 0 0 0 0 0 0 0 0
"62" 62 0.174311926606 362 36 20 16 14 11 10 10 5 5 4 4 2 1 0 0 0 0 0 0
"63" 63 0.388059701493 243 170 40 27 11 6 1 1 1 0 0 0 0 0 0 0 0 0 0 0
"64" 64 0.062893081761 218 125 102 31 12 6 2 2 1 1 0 0 0 0 0 0 0 0 0 0
"65" 65 0.605839416058 128 109 69 53 45 39 20 14 10 6 4 3 0 0 0 0 0 0 0 0
"66" 66 0.0331125827815 481 19 0 0 0 0 0 0 0 0 0 0 0 0 0 0 0 0 0 0
"67" 67 0.197674418605 260 130 26 25 15 14 9 9 5 4 1 1 1 0 0 0 0 0 0 0
"68" 68 0.5 176 144 105 55 6 5 5 2 1 1 0 0 0 0 0 0 0 0 0 0
"69" 69 0.642857142857 135 108 78 56 41 35 21 16 4 2 2 2 0 0 0 0 0 0 0 0
"70" 70 0.551094890511 299 91 30 25 18 17 11 4 3 1 1 0 0 0 0 0 0 0 0 0
"71" 71 0.215384615385 169 119 96 42 37 12 7 7 5 2 2 1 1 0 0 0 0 0 0 0
"72" 72 0.497757847534 160 92 91 66 22 21 15 11 9 6 2 2 2 1 0 0 0 0 0 0
"73" 73 0.448905109489 131 123 110 74 29 18 6 4 2 2 1 0 0 0 0 0 0 0 0 0
"74" 74 0.209821428571 259 98 56 33 14 9 8 6 6 4 2 2 1 1 1 0 0 0 0 0
"75" 75 0.674418604651 209 83 83 74 21 12 9 3 3 2 1 0 0 0 0 0 0 0 0 0
"76" 76 0.576158940397 233 97 90 38 17 16 5 2 2 0 0 0 0 0 0 0 0 0 0 0
"77" 77 0.412408759124 157 154 68 41 30 21 11 9 4 2 2 1 0 0 0 0 0 0 0 0
"78" 78 0.615384615385 300 194 6 0 0 0 0 0 0 0 0 0 0 0 0 0 0 0 0 0
"79" 79 0.493670886076 248 145 34 21 20 10 8 8 2 2 1 1 0 0 0 0 0 0 0 0
"80" 80 0.295964125561 120 97 80 70 48 26 22 10 10 5 4 3 3 1 1 0 0 0 0 0
"81" 81 0.201923076923 427 40 19 4 3 3 2 1 1 0 0 0 0 0 0 0 0 0 0 0
"82" 82 0.519230769231 270 73 60 29 27 16 11 7 4 3 0 0 0 0 0 0 0 0 0 0
"83" 83 0.394160583942 429 37 9 7 7 5 3 1 1 1 0 0 0 0 0 0 0 0 0 0
"84" 84 0.046511627907 303 64 48 31 16 13 8 4 4 4 3 1 1 0 0 0 0 0 0 0
"85" 85 0.383084577114 125 107 100 62 56 34 12 3 1 0 0 0 0 0 0 0 0 0 0 0
"86" 86 0.352678571429 205 74 65 32 29 27 23 16 13 8 4 3 1 0 0 0 0 0 0 0
"87" 87 0.0 229 95 57 29 22 21 16 13 11 3 2 1 1 0 0 0 0 0 0 0
"88" 88 0.0896860986547 246 221 10 9 6 5 2 1 0 0 0 0 0 0 0 0 0 0 0 0
"89" 89 0.627737226277 127 87 73 64 49 48 26 21 4 1 0 0 0 0 0 0 0 0 0 0
"90" 90 0.0398009950249 147 132 54 37 28 23 20 17 14 14 6 3 2 1 1 1 0 0 0 0
"91" 91 0.0 220 149 44 19 18 17 16 11 5 1 0 0 0 0 0 0 0 0 0 0
"92" 92 0.0192307692308 205 76 61 54 45 37 20 2 0 0 0 0 0 0 0 0 0 0 0 0
"93" 93 0.339416058394 92 86 85 68 61 51 24 19 7 5 2 0 0 0 0 0 0 0 0 0
"94" 94 0.0 425 41 23 4 3 2 1 1 0 0 0 0 0 0 0 0 0 0 0 0
"95" 95 0.0 422 28 18 15 7 4 3 1 1 1 0 0 0 0 0 0 0 0 0 0
"96" 96 0.21897810219 171 115 97 69 25 9 7 4 2 1 0 0 0 0 0 0 0 0 0 0
"97" 97 0.271317829457 78 67 61 48 46 33 33 31 29 24 17 14 10 9 0 0 0 0 0 0
"98" 98 0.0232558139535 271 228 1 0 0 0 0 0 0 0 0 0 0 0 0 0 0 0 0 0
"99" 99 0.0149253731343 434 43 9 4 4 1 1 1 1 1 1 0 0 0 0 0 0 0 0 0
"100" 100 0.19170984456 471 24 2 1 1 1 0 0 0 0 0 0 0 0 0 0 0 0 0 0
"101" 101 0.114427860697 228 213 21 9 8 8 7 4 1 1 0 0 0 0 0 0 0 0 0 0
"102" 102 0.443708609272 459 23 10 4 2 1 1 0 0 0 0 0 0 0 0 0 0 0 0 0
"103" 103 0.350210970464 466 21 13 0 0 0 0 0 0 0 0 0 0 0 0 0 0 0 0 0
"104" 104 0.0 403 38 20 17 9 4 3 3 3 0 0 0 0 0 0 0 0 0 0 0
"105" 105 0.0480769230769 500 0 0 0 0 0 0 0 0 0 0 0 0 0 0 0 0 0 0 0
"106" 106 0.584821428571 115 96 65 62 43 43 37 18 13 7 1 0 0 0 0 0 0 0 0 0
"107" 107 0.0923076923077 130 97 91 62 58 18 9 7 7 6 5 4 3 2 1 0 0 0 0 0
"108" 108 0.0290697674419 258 78 45 31 30 19 17 5 5 4 3 3 2 0 0 0 0 0 0 0
"109" 109 0.0 399 47 22 14 7 4 3 2 1 1 0 0 0 0 0 0 0 0 0 0
"110" 110 0.368821292776 113 96 70 64 41 38 35 18 17 6 2 0 0 0 0 0 0 0 0 0
"111" 111 0.00507614213198 366 73 38 8 6 5 2 1 1 0 0 0 0 0 0 0 0 0 0 0
"112" 112 0.20207253886 116 91 71 63 57 46 34 10 10 1 1 0 0 0 0 0 0 0 0 0
"113" 113 0.0 356 76 20 18 18 7 4 1 0 0 0 0 0 0 0 0 0 0 0 0
"114" 114 0.310880829016 165 88 86 81 24 21 17 12 4 1 1 0 0 0 0 0 0 0 0 0
"115" 115 0.0 310 174 11 2 2 1 0 0 0 0 0 0 0 0 0 0 0 0 0 0
"116" 116 0.38578680203 194 143 67 46 20 13 4 4 3 2 1 1 1 1 0 0 0 0 0 0
"117" 117 0.340807174888 194 92 79 54 43 19 17 1 1 0 0 0 0 0 0 0 0 0 0 0
"118" 118 0.178294573643 298 40 35 30 24 22 19 9 8 7 2 2 2 1 1 0 0 0 0 0
"119" 119 0.20207253886 472 16 6 4 2 0 0 0 0 0 0 0 0 0 0 0 0 0 0 0
"120" 120 0.105769230769 500 0 0 0 0 0 0 0 0 0 0 0 0 0 0 0 0 0 0 0
"121" 121 0.173076923077 450 44 4 2 0 0 0 0 0 0 0 0 0 0 0 0 0 0 0 0
"122" 122 0.0348837209302 304 85 49 39 19 3 1 0 0 0 0 0 0 0 0 0 0 0 0 0
"123" 123 0.120437956204 225 88 53 34 27 20 15 14 8 6 6 3 1 0 0 0 0 0 0 0
"124" 124 0.00581395348837 261 201 26 8 2 1 1 0 0 0 0 0 0 0 0 0 0 0 0 0
"125" 125 0.0 265 117 94 12 11 1 0 0 0 0 0 0 0 0 0 0 0 0 0 0
"126" 126 0.0 433 59 8 0 0 0 0 0 0 0 0 0 0 0 0 0 0 0 0 0
"127" 127 0.00507614213198 407 35 28 13 12 3 1 1 0 0 0 0 0 0 0 0 0 0 0 0
"128" 128 0.0 241 199 39 8 8 4 1 0 0 0 0 0 0 0 0 0 0 0 0 0
"129" 129 0.0 366 96 38 0 0 0 0 0 0 0 0 0 0 0 0 0 0 0 0 0
"130" 130 0.0 393 99 7 1 0 0 0 0 0 0 0 0 0 0 0 0 0 0 0 0
"131" 131 0.00581395348837 330 125 32 6 3 3 1 0 0 0 0 0 0 0 0 0 0 0 0 0
"132" 132 0.0 205 122 107 22 18 12 12 1 1 0 0 0 0 0 0 0 0 0 0 0
"133" 133 0.0 460 40 0 0 0 0 0 0 0 0 0 0 0 0 0 0 0 0 0 0
"134" 134 0.00995024875622 438 19 14 7 6 5 5 4 1 1 0 0 0 0 0 0 0 0 0 0
"135" 135 0.162436548223 146 130 73 61 23 20 10 8 8 8 6 5 1 1 0 0 0 0 0 0
"136" 136 0.0673575129534 145 118 89 85 18 9 9 8 8 4 2 2 2 1 0 0 0 0 0 0
"137" 137 0.0 488 12 0 0 0 0 0 0 0 0 0 0 0 0 0 0 0 0 0 0
"138" 138 0.0646766169154 442 20 15 10 4 4 4 1 0 0 0 0 0 0 0 0 0 0 0 0
"139" 139 0.457364341085 273 67 38 31 31 30 27 2 1 0 0 0 0 0 0 0 0 0 0 0
"140" 140 0.252873563218 351 55 28 24 23 10 5 1 1 1 1 0 0 0 0 0 0 0 0 0
"141" 141 0.0199004975124 221 176 47 32 15 8 1 0 0 0 0 0 0 0 0 0 0 0 0 0
"142" 142 0.514767932489 306 108 36 26 14 4 3 2 1 0 0 0 0 0 0 0 0 0 0 0
"143" 143 0.827004219409 239 188 32 15 14 8 4 0 0 0 0 0 0 0 0 0 0 0 0 0
"144" 144 0.540145985401 296 67 31 20 17 16 13 13 12 7 4 4 0 0 0 0 0 0 0 0
"145" 145 0.615384615385 327 173 0 0 0 0 0 0 0 0 0 0 0 0 0 0 0 0 0 0
"146" 146 0.170542635659 193 96 80 40 35 18 15 7 5 5 2 1 1 1 1 0 0 0 0 0
"147" 147 0.124378109453 479 9 8 2 1 1 0 0 0 0 0 0 0 0 0 0 0 0 0 0
"148" 148 0.497890295359 421 50 15 5 5 2 2 0 0 0 0 0 0 0 0 0 0 0 0 0
"149" 149 0.384615384615 500 0 0 0 0 0 0 0 0 0 0 0 0 0 0 0 0 0 0 0
"150" 150 0.502564102564 483 12 4 1 0 0 0 0 0 0 0 0 0 0 0 0 0 0 0 0
"151" 151 0.0125786163522 363 106 18 9 2 1 1 0 0 0 0 0 0 0 0 0 0 0 0 0
"152" 152 0.323383084577 184 175 58 23 20 12 11 8 3 2 1 1 1 1 0 0 0 0 0 0
"153" 153 0.523206751055 164 130 82 60 28 21 7 5 1 1 1 0 0 0 0 0 0 0 0 0
"154" 154 0.291479820628 209 124 57 29 26 17 15 9 8 2 2 1 1 0 0 0 0 0 0 0
"155" 155 0.0963302752294 162 127 87 45 29 14 11 7 6 4 4 3 1 0 0 0 0 0 0 0
"156" 156 0.0 269 135 93 3 0 0 0 0 0 0 0 0 0 0 0 0 0 0 0 0
"157" 157 0.0 265 113 89 32 1 0 0 0 0 0 0 0 0 0 0 0 0 0 0 0
"158" 158 0.0077519379845 254 246 0 0 0 0 0 0 0 0 0 0 0 0 0 0 0 0 0 0
"159" 159 0.0 251 142 102 3 1 1 0 0 0 0 0 0 0 0 0 0 0 0 0 0
"160" 160 0.0331125827815 357 114 9 6 5 5 4 0 0 0 0 0 0 0 0 0 0 0 0 0
"161" 161 0.00574712643678 194 145 116 45 0 0 0 0 0 0 0 0 0 0 0 0 0 0 0 0
"162" 162 0.0 394 84 13 7 1 1 0 0 0 0 0 0 0 0 0 0 0 0 0 0
"163" 163 0.126903553299 214 78 60 50 39 16 15 13 12 1 1 1 0 0 0 0 0 0 0 0
"164" 164 0.144486692015 152 131 115 37 14 10 10 8 7 6 6 4 0 0 0 0 0 0 0 0
"165" 165 0.417040358744 173 146 120 19 9 9 6 5 4 4 2 2 1 0 0 0 0 0 0 0
"166" 166 0.615384615385 496 4 0 0 0 0 0 0 0 0 0 0 0 0 0 0 0 0 0 0
"167" 167 0.33908045977 106 101 89 85 73 15 15 7 4 2 2 1 0 0 0 0 0 0 0 0
"168" 168 0.251572327044 150 120 78 68 32 20 10 7 6 5 3 1 0 0 0 0 0 0 0 0
"169" 169 0.0229885057471 255 59 58 54 36 25 7 6 0 0 0 0 0 0 0 0 0 0 0 0
"170" 170 0.00497512437811 370 71 20 14 11 6 3 2 2 1 0 0 0 0 0 0 0 0 0 0
"171" 171 0.0 492 5 2 1 0 0 0 0 0 0 0 0 0 0 0 0 0 0 0 0
"172" 172 0.00995024875622 406 67 13 7 5 1 1 0 0 0 0 0 0 0 0 0 0 0 0 0
"173" 173 0.0569948186528 491 9 0 0 0 0 0 0 0 0 0 0 0 0 0 0 0 0 0 0
"174" 174 0.490494296578 197 149 88 25 14 12 5 3 2 2 2 1 0 0 0 0 0 0 0 0
"175" 175 0.492537313433 121 81 67 64 55 34 23 16 14 14 5 4 2 0 0 0 0 0 0 0
"176" 176 0.0 199 80 77 45 30 27 16 14 10 2 0 0 0 0 0 0 0 0 0 0
"177" 177 0.362694300518 129 128 99 56 25 22 17 11 6 6 1 0 0 0 0 0 0 0 0 0
"178" 178 0.443708609272 153 133 86 62 45 15 3 2 1 0 0 0 0 0 0 0 0 0 0 0
"179" 179 0.441860465116 155 81 73 59 26 22 20 15 13 11 10 7 3 3 2 0 0 0 0 0
"180" 180 0.046511627907 255 236 4 3 2 0 0 0 0 0 0 0 0 0 0 0 0 0 0 0
"181" 181 0.473214285714 163 143 86 53 27 8 5 4 4 3 2 2 0 0 0 0 0 0 0 0
"182" 182 0.0581395348837 113 105 101 71 26 16 15 14 10 9 9 7 3 1 0 0 0 0 0 0
"183" 183 0.129533678756 259 84 36 33 23 19 17 15 8 3 1 1 1 0 0 0 0 0 0 0
"184" 184 0.00497512437811 201 196 24 23 16 12 11 10 3 2 1 1 0 0 0 0 0 0 0 0
"185" 185 0.0923076923077 150 101 90 56 42 13 10 9 8 6 5 4 3 3 0 0 0 0 0 0
"186" 186 0.00574712643678 109 97 97 66 34 33 27 15 7 7 3 2 1 1 1 0 0 0 0 0
"187" 187 0.0172413793103 313 161 16 3 3 2 2 0 0 0 0 0 0 0 0 0 0 0 0 0
"188" 188 0.00917431192661 178 128 109 42 29 4 4 2 2 1 1 0 0 0 0 0 0 0 0 0
"189" 189 0.0581395348837 205 194 29 25 16 11 7 5 2 2 2 1 1 0 0 0 0 0 0 0
"190" 190 0.279792746114 280 81 61 20 15 12 12 7 4 3 2 2 1 0 0 0 0 0 0 0
"191" 191 0.713178294574 215 73 63 42 23 20 15 14 10 8 6 4 4 3 0 0 0 0 0 0
"192" 192 0.307692307692 500 0 0 0 0 0 0 0 0 0 0 0 0 0 0 0 0 0 0 0
"193" 193 0.317307692308 229 83 63 50 22 15 13 10 6 5 2 1 1 0 0 0 0 0 0 0
"194" 194 0.364016736402 129 121 102 55 33 30 11 7 5 3 2 1 1 0 0 0 0 0 0 0
"195" 195 0.258883248731 353 36 35 15 13 11 8 7 6 4 3 3 3 2 1 0 0 0 0 0
"196" 196 0.1875 214 139 64 29 18 13 4 4 3 3 3 3 3 0 0 0 0 0 0 0
"197" 197 0.362068965517 116 116 62 39 37 27 20 18 16 13 11 11 9 4 1 0 0 0 0 0
"198" 198 0.313901345291 173 79 56 45 43 34 18 13 10 9 9 5 2 2 1 1 0 0 0 0
"199" 199 0.298076923077 136 88 80 63 59 37 13 7 5 3 2 2 2 1 1 1 0 0 0 0
"200" 200 0.372093023256 128 63 48 47 43 39 38 19 17 15 14 9 8 7 5 0 0 0 0 0
"201" 201 0.31007751938 289 163 13 10 8 6 4 3 2 1 1 0 0 0 0 0 0 0 0 0
"202" 202 0.625 278 48 34 34 29 23 15 9 7 4 4 4 3 3 3 1 1 0 0 0
"203" 203 0.269230769231 491 5 2 1 1 0 0 0 0 0 0 0 0 0 0 0 0 0 0 0
"204" 204 0.596899224806 181 137 75 54 14 14 8 6 5 3 2 1 0 0 0 0 0 0 0 0
"205" 205 0.635220125786 182 102 74 35 27 24 16 14 8 5 4 3 3 2 1 0 0 0 0 0
"206" 206 0.225941422594 112 93 61 51 40 32 30 24 18 10 9 8 4 3 2 2 1 0 0 0
"207" 207 0.63503649635 138 131 66 52 45 26 17 11 7 2 2 2 1 0 0 0 0 0 0 0
"208" 208 0.572327044025 235 183 47 13 13 3 3 3 0 0 0 0 0 0 0 0 0 0 0 0
"209" 209 0.604651162791 272 131 40 14 12 9 8 8 3 2 1 0 0 0 0 0 0 0 0 0
"210" 210 0.294642857143 99 85 73 69 67 33 28 12 9 7 7 4 4 3 0 0 0 0 0 0
"211" 211 0.243781094527 222 92 58 57 14 14 11 8 6 5 4 4 3 1 1 0 0 0 0 0
"212" 212 0.461538461538 137 111 106 58 41 27 10 4 2 1 1 1 1 0 0 0 0 0 0 0
"213" 213 0.302325581395 208 106 55 50 34 20 11 11 3 2 0 0 0 0 0 0 0 0 0 0
"214" 214 0.0045871559633 307 98 36 20 11 9 9 6 2 1 1 0 0 0 0 0 0 0 0 0
"215" 215 0.10447761194 170 100 86 40 33 21 17 10 5 4 4 4 3 2 1 0 0 0 0 0
"216" 216 0.5625 185 116 59 41 39 33 14 5 5 2 1 0 0 0 0 0 0 0 0 0
"217" 217 0.109452736318 103 93 66 57 33 28 20 18 15 13 13 12 9 8 7 4 1 0 0 0
"218" 218 0.0 267 171 20 15 13 10 2 1 1 0 0 0 0 0 0 0 0 0 0 0
"219" 219 0.304932735426 252 97 76 17 15 12 11 5 5 4 2 2 1 1 0 0 0 0 0 0
"220" 220 0.479820627803 165 135 56 51 33 23 13 9 7 5 3 0 0 0 0 0 0 0 0 0
"221" 221 0.0384615384615 294 128 34 21 19 2 1 1 0 0 0 0 0 0 0 0 0 0 0 0
"222" 222 0.0 197 134 67 54 21 16 8 2 1 0 0 0 0 0 0 0 0 0 0 0
"223" 223 0.403587443946 134 132 119 63 29 13 5 2 1 1 1 0 0 0 0 0 0 0 0 0
"224" 224 0.428571428571 147 108 89 41 38 35 23 9 6 2 1 1 0 0 0 0 0 0 0 0
"225" 225 0.0 161 107 91 81 31 17 4 3 2 1 1 1 0 0 0 0 0 0 0 0
"226" 226 0.00418410041841 262 187 47 2 1 1 0 0 0 0 0 0 0 0 0 0 0 0 0 0
"227" 227 0.553571428571 126 113 63 62 59 44 20 5 5 3 0 0 0 0 0 0 0 0 0 0
"228" 228 0.243781094527 138 94 84 72 39 31 14 12 10 4 1 1 0 0 0 0 0 0 0 0
"229" 229 0.0 105 73 67 61 53 38 31 28 20 12 7 3 2 0 0 0 0 0 0 0
"230" 230 0.456204379562 152 144 94 44 25 14 10 8 5 2 1 1 0 0 0 0 0 0 0 0
"231" 231 0.457364341085 175 89 59 59 43 29 17 10 9 8 1 1 0 0 0 0 0 0 0 0
"232" 232 0.131782945736 487 10 2 1 0 0 0 0 0 0 0 0 0 0 0 0 0 0 0 0
"233" 233 0.189054726368 236 111 52 21 20 19 19 7 6 5 3 1 0 0 0 0 0 0 0 0
"234" 234 0.558139534884 316 104 49 15 12 4 0 0 0 0 0 0 0 0 0 0 0 0 0 0
"235" 235 0.808035714286 416 74 4 3 1 1 1 0 0 0 0 0 0 0 0 0 0 0 0 0
