"site" "RSA" "aa1" "aa2" "aa3" "aa4" "aa5" "aa6" "aa7" "aa8" "aa9" "aa10" "aa11" "aa12" "aa13" "aa14" "aa15" "aa16" "aa17" "aa18" "aa19" "aa20"
"0" 0 0.740384615385 452 10 9 6 3 3 3 3 3 2 2 2 1 1 0 0 0 0 0 0
"1" 1 0.424870466321 277 52 34 29 26 20 16 15 10 7 4 4 4 1 1 0 0 0 0 0
"2" 2 0.124031007752 94 82 62 55 50 47 31 18 14 10 10 8 4 4 4 3 2 1 1 0
"3" 3 0.441964285714 95 77 77 72 60 55 31 12 8 7 3 3 0 0 0 0 0 0 0 0
"4" 4 0.209302325581 111 107 85 52 42 37 15 10 8 7 5 5 4 4 3 2 2 1 0 0
"5" 5 0.0 490 8 1 1 0 0 0 0 0 0 0 0 0 0 0 0 0 0 0 0
"6" 6 0.341772151899 253 81 55 23 21 16 16 9 9 7 3 3 3 1 0 0 0 0 0 0
"7" 7 0.573839662447 120 111 69 42 30 28 26 21 19 13 12 7 1 1 0 0 0 0 0 0
"8" 8 0.0964467005076 161 74 59 47 25 25 21 21 18 15 9 8 6 5 4 2 0 0 0 0
"9" 9 0.0543933054393 215 119 88 28 11 9 6 6 5 3 2 2 2 2 1 1 0 0 0 0
"10" 10 0.574712643678 122 95 66 49 45 31 30 25 12 8 5 4 3 2 2 1 0 0 0 0
"11" 11 0.659192825112 177 85 78 55 28 13 12 10 9 7 6 6 5 4 2 1 1 1 0 0
"12" 12 0.240506329114 144 69 54 43 32 29 26 23 17 14 12 11 10 7 6 3 0 0 0 0
"13" 13 0.139240506329 145 82 75 49 38 32 21 16 14 8 6 3 3 3 2 2 1 0 0 0
"14" 14 0.217054263566 126 76 71 68 30 27 26 18 15 11 10 9 5 4 4 0 0 0 0 0
"15" 15 0.677130044843 107 59 57 48 41 39 37 31 29 13 13 8 6 6 5 1 0 0 0 0
"16" 16 0.215189873418 159 57 51 46 36 28 27 22 14 14 13 13 8 3 3 3 3 0 0 0
"17" 17 0.124401913876 95 77 66 53 52 31 28 19 15 13 12 11 9 7 6 4 2 0 0 0
"18" 18 0.0639534883721 150 45 45 39 38 31 28 26 23 21 18 8 7 6 4 4 3 2 2 0
"19" 19 0.0344827586207 124 80 58 33 31 30 28 25 23 22 12 10 7 6 5 2 2 2 0 0
"20" 20 0.4375 74 61 58 53 45 39 30 27 25 22 20 15 13 6 6 3 2 1 0 0
"21" 21 0.590717299578 198 71 53 41 23 21 17 16 12 11 10 10 5 5 3 2 1 1 0 0
"22" 22 0.740384615385 428 71 1 0 0 0 0 0 0 0 0 0 0 0 0 0 0 0 0 0
"23" 23 0.115384615385 302 76 76 10 6 4 4 4 3 3 3 3 2 2 1 1 0 0 0 0
"24" 24 0.662447257384 123 80 76 65 44 34 16 13 13 10 8 6 4 3 2 1 1 1 0 0
"25" 25 0.33971291866 110 61 44 43 40 40 30 26 22 18 15 12 10 9 7 6 3 2 2 0
"26" 26 0.481012658228 308 52 43 24 17 15 13 13 8 2 1 1 1 1 1 0 0 0 0 0
"27" 27 0.633720930233 114 70 69 59 51 45 29 14 13 9 6 5 5 4 3 2 1 1 0 0
"28" 28 0.0673076923077 218 39 35 32 28 26 22 16 16 15 14 12 11 8 6 2 0 0 0 0
"29" 29 0.0817610062893 205 86 57 53 27 23 12 9 9 6 4 3 2 1 1 1 1 0 0 0
"30" 30 0.0820512820513 104 68 55 45 42 30 29 26 21 14 13 9 8 8 7 6 6 6 3 0
"31" 31 0.109452736318 116 97 72 52 25 25 24 20 19 14 10 7 7 6 3 2 1 0 0 0
"32" 32 0.294326241135 140 54 52 44 40 37 27 24 15 15 14 9 7 7 6 4 3 2 0 0
"33" 33 0.25 437 55 2 2 2 1 1 0 0 0 0 0 0 0 0 0 0 0 0 0
"34" 34 0.0497512437811 108 76 70 61 32 31 27 25 14 12 12 11 8 8 4 1 0 0 0 0
"35" 35 0.188284518828 252 37 31 30 28 23 16 15 13 13 12 8 7 6 4 2 2 1 0 0
"36" 36 0.586538461538 455 43 1 1 0 0 0 0 0 0 0 0 0 0 0 0 0 0 0 0
"37" 37 0.153284671533 99 97 52 52 52 40 35 20 16 11 7 6 6 2 2 2 1 0 0 0
"38" 38 0.438818565401 77 72 50 46 41 33 29 27 27 22 20 15 12 10 9 5 3 1 1 0
"39" 39 0.0116279069767 106 77 51 39 34 31 30 25 24 18 14 12 12 9 7 5 3 3 0 0
"40" 40 0.125 460 12 12 4 4 2 2 2 1 1 0 0 0 0 0 0 0 0 0 0
"41" 41 0.470852017937 132 91 89 58 51 30 14 10 8 4 4 3 2 1 1 1 1 0 0 0
"42" 42 0.046511627907 107 86 36 32 32 31 28 28 28 23 22 13 12 9 5 4 3 1 0 0
"43" 43 0.666666666667 297 111 70 19 1 1 1 0 0 0 0 0 0 0 0 0 0 0 0 0
"44" 44 0.721153846154 411 88 1 0 0 0 0 0 0 0 0 0 0 0 0 0 0 0 0 0
"45" 45 0.150627615063 151 132 70 44 26 22 11 11 7 6 5 5 4 3 2 1 0 0 0 0
"46" 46 0.622516556291 422 45 13 9 2 2 2 2 1 1 1 0 0 0 0 0 0 0 0 0
"47" 47 0.110266159696 323 36 35 22 22 18 17 7 6 4 3 2 2 2 1 0 0 0 0 0
"48" 48 0.174418604651 250 71 56 32 24 20 13 7 7 5 5 5 2 1 1 1 0 0 0 0
"49" 49 0.544041450777 120 99 82 63 38 37 26 13 11 3 3 2 2 1 0 0 0 0 0 0
"50" 50 0.22480620155 153 98 34 32 31 28 20 20 20 13 11 10 9 9 6 3 2 1 0 0
"51" 51 0.102564102564 126 105 70 44 39 38 17 15 12 9 6 6 5 5 3 0 0 0 0 0
"52" 52 0.371308016878 195 74 60 44 29 29 24 10 9 9 4 4 3 2 2 1 1 0 0 0
"53" 53 0.635897435897 91 79 73 58 40 38 38 17 15 14 12 9 7 7 1 1 0 0 0 0
"54" 54 0.333333333333 73 59 59 47 38 35 35 29 25 21 18 15 13 10 7 7 6 3 0 0
"55" 55 0.365384615385 486 11 1 1 1 0 0 0 0 0 0 0 0 0 0 0 0 0 0 0
"56" 56 0.224137931034 63 62 52 50 45 45 42 30 24 23 17 15 11 9 4 4 3 1 0 0
"57" 57 0.446700507614 101 71 59 57 36 34 24 24 18 17 15 14 14 12 4 0 0 0 0 0
"58" 58 0.0390070921986 112 73 55 39 35 34 27 23 20 19 13 13 11 9 7 5 3 2 0 0
"59" 59 0.291390728477 241 62 57 57 32 15 12 10 7 2 2 1 1 1 0 0 0 0 0 0
"60" 60 0.410714285714 166 68 50 48 45 29 27 22 20 13 4 3 3 2 0 0 0 0 0 0
"61" 61 0.665178571429 119 102 66 39 39 31 28 28 17 14 9 4 3 1 0 0 0 0 0 0
"62" 62 0.093023255814 69 63 62 56 50 48 35 25 20 19 17 16 6 6 6 2 0 0 0 0
"63" 63 0.0298507462687 140 98 45 43 35 35 30 17 13 12 11 8 5 3 2 1 1 1 0 0
"64" 64 0.155963302752 109 108 66 61 53 23 20 20 9 7 6 6 5 5 1 1 0 0 0 0
"65" 65 0.508928571429 159 93 61 57 34 31 20 13 9 6 4 3 3 3 2 2 0 0 0 0
"66" 66 0.0608365019011 190 66 59 49 44 42 17 13 5 5 4 2 2 1 1 0 0 0 0 0
"67" 67 0.0746268656716 163 81 74 65 32 28 16 10 9 9 4 2 2 2 1 1 1 0 0 0
"68" 68 0.34375 153 152 48 38 35 22 19 7 6 6 6 4 1 1 1 1 0 0 0 0
"69" 69 0.287179487179 372 36 23 21 14 10 8 6 4 3 2 1 0 0 0 0 0 0 0 0
"70" 70 0.0 88 87 85 40 36 35 25 22 20 19 19 8 6 5 3 2 0 0 0 0
"71" 71 0.632911392405 127 100 58 37 29 27 25 20 17 16 16 9 6 6 4 2 1 0 0 0
"72" 72 0.666666666667 237 64 38 36 30 30 21 15 12 6 4 3 2 1 1 0 0 0 0 0
"73" 73 0.06463878327 137 91 57 47 42 42 29 18 8 8 7 6 5 2 1 0 0 0 0 0
"74" 74 0.010152284264 136 131 68 30 25 20 20 17 14 9 8 6 5 5 4 2 0 0 0 0
"75" 75 0.591194968553 225 151 50 24 24 9 7 7 2 1 0 0 0 0 0 0 0 0 0 0
"76" 76 0.596153846154 496 4 0 0 0 0 0 0 0 0 0 0 0 0 0 0 0 0 0 0
"77" 77 0.0813953488372 205 59 45 41 38 34 21 13 10 9 7 4 3 3 3 2 2 1 0 0
"78" 78 0.46835443038 130 109 83 50 49 19 17 15 10 6 5 3 2 1 1 0 0 0 0 0
"79" 79 0.220183486239 170 72 53 48 36 25 20 17 16 9 9 8 8 4 2 2 1 0 0 0
"80" 80 0.756345177665 293 51 34 32 22 15 14 14 6 5 5 4 2 1 1 1 0 0 0 0
"81" 81 0.259414225941 113 94 54 51 41 35 22 19 17 13 9 8 6 6 5 4 3 0 0 0
"82" 82 0.666666666667 106 100 99 40 40 36 22 19 11 8 6 3 3 2 1 1 1 1 1 0
"83" 83 0.163461538462 500 0 0 0 0 0 0 0 0 0 0 0 0 0 0 0 0 0 0 0
"84" 84 0.010152284264 185 63 59 41 30 24 23 22 18 17 6 6 2 2 1 1 0 0 0 0
"85" 85 0.700421940928 126 101 59 51 41 39 27 12 11 11 10 5 3 2 1 1 0 0 0 0
"86" 86 0.556962025316 152 58 55 52 43 29 23 21 19 12 12 9 6 4 3 1 1 0 0 0
"87" 87 0.552742616034 248 76 31 29 28 23 20 19 10 5 4 3 2 1 1 0 0 0 0 0
"88" 88 0.403973509934 144 140 76 37 30 29 12 12 6 4 3 3 2 2 0 0 0 0 0 0
"89" 89 0.183035714286 236 74 59 52 27 19 6 5 5 4 4 4 2 1 1 1 0 0 0 0
"90" 90 0.113138686131 221 83 66 48 27 17 14 9 6 5 3 1 0 0 0 0 0 0 0 0
"91" 91 0.352678571429 290 77 56 15 13 12 9 9 9 5 2 1 1 1 0 0 0 0 0 0
"92" 92 0.165803108808 121 86 68 64 46 43 25 19 9 9 2 2 2 1 1 1 1 0 0 0
"93" 93 0.00497512437811 199 64 56 50 24 19 18 15 14 11 9 9 6 3 2 1 0 0 0 0
"94" 94 0.0203045685279 204 79 37 24 23 21 20 17 14 13 12 11 9 8 8 0 0 0 0 0
"95" 95 0.278481012658 111 100 92 63 42 34 29 13 5 4 3 2 1 1 0 0 0 0 0 0
"96" 96 0.110266159696 216 123 64 41 33 7 6 4 3 3 0 0 0 0 0 0 0 0 0 0
"97" 97 0.044776119403 144 95 66 39 29 28 22 20 17 16 12 8 2 1 1 0 0 0 0 0
"98" 98 0.354430379747 208 88 62 39 18 17 15 13 11 8 7 5 3 2 2 1 1 0 0 0
"99" 99 0.448430493274 91 86 63 63 50 33 27 19 15 14 11 9 8 8 2 1 0 0 0 0
"100" 100 0.131782945736 158 97 40 37 32 28 24 19 17 14 8 5 4 4 4 4 3 2 0 0
"101" 101 0.0 159 91 78 39 29 19 17 15 13 11 7 7 4 4 4 2 1 0 0 0
"102" 102 0.46357615894 93 87 83 82 44 39 18 15 12 10 6 5 2 1 1 1 1 0 0 0
"103" 103 0.801324503311 158 74 73 54 46 36 20 14 13 10 2 0 0 0 0 0 0 0 0 0
