"site" "RSA" "aa1" "aa2" "aa3" "aa4" "aa5" "aa6" "aa7" "aa8" "aa9" "aa10" "aa11" "aa12" "aa13" "aa14" "aa15" "aa16" "aa17" "aa18" "aa19" "aa20"
"0" 0 1.08609271523 489 4 3 2 2 0 0 0 0 0 0 0 0 0 0 0 0 0 0 0
"1" 1 0.669642857143 278 155 27 23 8 7 2 0 0 0 0 0 0 0 0 0 0 0 0 0
"2" 2 0.114427860697 499 1 0 0 0 0 0 0 0 0 0 0 0 0 0 0 0 0 0 0
"3" 3 0.517412935323 322 50 31 28 20 17 14 10 4 2 2 0 0 0 0 0 0 0 0 0
"4" 4 0.5625 223 127 94 27 25 1 1 1 1 0 0 0 0 0 0 0 0 0 0 0
"5" 5 0.575892857143 226 225 25 11 5 4 3 1 0 0 0 0 0 0 0 0 0 0 0 0
"6" 6 0.183856502242 140 130 107 65 24 12 9 5 3 2 2 1 0 0 0 0 0 0 0 0
"7" 7 0.257383966245 440 52 3 3 2 0 0 0 0 0 0 0 0 0 0 0 0 0 0 0
"8" 8 0.412556053812 200 137 78 34 23 13 5 3 3 3 1 0 0 0 0 0 0 0 0 0
"9" 9 0.294642857143 353 101 21 14 5 2 2 1 1 0 0 0 0 0 0 0 0 0 0 0
"10" 10 0.010152284264 304 196 0 0 0 0 0 0 0 0 0 0 0 0 0 0 0 0 0 0
"11" 11 0.475285171103 126 100 92 63 49 40 10 7 5 4 3 1 0 0 0 0 0 0 0 0
"12" 12 0.53125 185 133 56 36 28 21 17 13 9 1 1 0 0 0 0 0 0 0 0 0
"13" 13 0.062015503876 130 129 91 46 29 23 21 20 5 5 1 0 0 0 0 0 0 0 0 0
"14" 14 0.0376569037657 362 55 32 21 12 10 6 1 1 0 0 0 0 0 0 0 0 0 0 0
"15" 15 0.317880794702 159 69 67 61 41 31 24 22 14 9 3 0 0 0 0 0 0 0 0 0
"16" 16 0.651741293532 182 115 70 63 21 19 9 8 4 3 2 2 1 1 0 0 0 0 0 0
"17" 17 0.246861924686 394 63 11 9 7 5 4 3 2 1 1 0 0 0 0 0 0 0 0 0
"18" 18 0.150259067358 372 43 27 16 12 10 7 6 4 2 1 0 0 0 0 0 0 0 0 0
"19" 19 0.651282051282 297 118 24 15 13 12 11 10 0 0 0 0 0 0 0 0 0 0 0 0
"20" 20 0.728205128205 322 172 4 2 0 0 0 0 0 0 0 0 0 0 0 0 0 0 0 0
"21" 21 0.331606217617 439 15 12 8 8 6 4 3 2 2 1 0 0 0 0 0 0 0 0 0
"22" 22 0.278846153846 429 71 0 0 0 0 0 0 0 0 0 0 0 0 0 0 0 0 0 0
"23" 23 0.188284518828 309 70 55 42 20 2 1 1 0 0 0 0 0 0 0 0 0 0 0 0
"24" 24 0.044776119403 470 17 5 2 2 1 1 1 1 0 0 0 0 0 0 0 0 0 0 0
"25" 25 0.290155440415 486 9 3 2 0 0 0 0 0 0 0 0 0 0 0 0 0 0 0 0
"26" 26 0.0988593155894 455 34 7 2 1 1 0 0 0 0 0 0 0 0 0 0 0 0 0 0
"27" 27 0.607655502392 189 114 78 54 52 5 5 2 1 0 0 0 0 0 0 0 0 0 0 0
"28" 28 0.1875 389 36 23 21 15 15 1 0 0 0 0 0 0 0 0 0 0 0 0 0
"29" 29 0.194029850746 280 85 32 28 27 12 11 8 7 7 2 1 0 0 0 0 0 0 0 0
"30" 30 0.388185654008 472 15 11 1 1 0 0 0 0 0 0 0 0 0 0 0 0 0 0 0
"31" 31 0.35632183908 215 155 35 26 23 15 12 9 8 2 0 0 0 0 0 0 0 0 0 0
"32" 32 0.046511627907 478 12 4 2 1 1 1 1 0 0 0 0 0 0 0 0 0 0 0 0
"33" 33 0.540084388186 260 187 44 9 0 0 0 0 0 0 0 0 0 0 0 0 0 0 0 0
"34" 34 0.449612403101 197 131 70 38 17 13 12 11 5 3 2 1 0 0 0 0 0 0 0 0
"35" 35 0.10447761194 154 127 68 44 32 23 21 17 9 3 2 0 0 0 0 0 0 0 0 0
"36" 36 0.413461538462 500 0 0 0 0 0 0 0 0 0 0 0 0 0 0 0 0 0 0 0
"37" 37 0.259414225941 394 35 26 16 15 8 2 2 1 1 0 0 0 0 0 0 0 0 0 0
"38" 38 0.629464285714 258 63 61 48 46 9 6 6 2 1 0 0 0 0 0 0 0 0 0 0
"39" 39 0.218905472637 281 72 67 29 29 11 5 5 1 0 0 0 0 0 0 0 0 0 0 0
"40" 40 0.446540880503 490 4 3 1 1 1 0 0 0 0 0 0 0 0 0 0 0 0 0 0
"41" 41 0.586497890295 416 50 34 0 0 0 0 0 0 0 0 0 0 0 0 0 0 0 0 0
"42" 42 0.667883211679 437 30 24 4 2 2 1 0 0 0 0 0 0 0 0 0 0 0 0 0
"43" 43 0.410714285714 214 171 98 7 4 2 1 1 1 1 0 0 0 0 0 0 0 0 0 0
"44" 44 0.0507614213198 324 112 63 1 0 0 0 0 0 0 0 0 0 0 0 0 0 0 0 0
"45" 45 0.238805970149 348 85 49 9 3 3 2 1 0 0 0 0 0 0 0 0 0 0 0 0
"46" 46 0.507772020725 175 136 71 28 27 22 19 9 8 5 0 0 0 0 0 0 0 0 0 0
"47" 47 0.18407960199 192 111 73 32 27 23 19 14 3 2 2 1 1 0 0 0 0 0 0 0
"48" 48 0.0507614213198 444 53 3 0 0 0 0 0 0 0 0 0 0 0 0 0 0 0 0 0
"49" 49 0.507772020725 197 188 36 31 26 12 6 4 0 0 0 0 0 0 0 0 0 0 0 0
"50" 50 0.598214285714 412 26 17 11 10 8 7 5 3 1 0 0 0 0 0 0 0 0 0 0
"51" 51 0.269961977186 210 188 35 32 10 8 5 3 2 2 2 2 1 0 0 0 0 0 0 0
"52" 52 0.217616580311 306 149 19 12 4 4 3 2 1 0 0 0 0 0 0 0 0 0 0 0
"53" 53 0.741721854305 177 125 96 61 20 10 4 3 3 1 0 0 0 0 0 0 0 0 0 0
"54" 54 0.46875 236 69 65 53 33 13 11 8 4 4 3 1 0 0 0 0 0 0 0 0
"55" 55 0.875 478 11 11 0 0 0 0 0 0 0 0 0 0 0 0 0 0 0 0 0
"56" 56 0.412408759124 205 76 70 48 36 16 16 11 5 4 3 3 3 3 1 0 0 0 0 0
"57" 57 0.55023923445 188 136 56 51 31 19 6 6 4 2 1 0 0 0 0 0 0 0 0 0
"58" 58 0.248756218905 178 154 55 39 35 27 11 1 0 0 0 0 0 0 0 0 0 0 0 0
"59" 59 0.443037974684 229 116 104 31 11 5 3 1 0 0 0 0 0 0 0 0 0 0 0 0
"60" 60 0.209125475285 149 133 65 54 33 22 15 10 9 4 2 1 1 1 1 0 0 0 0 0
"61" 61 0.507772020725 285 59 56 40 27 12 8 7 4 1 1 0 0 0 0 0 0 0 0 0
"62" 62 0.165803108808 189 97 51 44 37 33 27 11 5 3 1 1 1 0 0 0 0 0 0 0
"63" 63 0.150627615063 348 51 28 26 23 11 5 4 3 1 0 0 0 0 0 0 0 0 0 0
"64" 64 0.247148288973 361 96 18 13 6 2 1 1 1 1 0 0 0 0 0 0 0 0 0 0
"65" 65 0.43654822335 159 139 48 41 36 22 21 21 7 3 3 0 0 0 0 0 0 0 0 0
"66" 66 0.137931034483 164 69 68 62 48 29 20 14 6 6 5 3 3 2 1 0 0 0 0 0
"67" 67 0.105769230769 500 0 0 0 0 0 0 0 0 0 0 0 0 0 0 0 0 0 0 0
"68" 68 0.433035714286 287 91 64 41 8 4 2 2 1 0 0 0 0 0 0 0 0 0 0 0
"69" 69 0.295358649789 288 70 59 45 20 12 4 1 1 0 0 0 0 0 0 0 0 0 0 0
"70" 70 0.0152284263959 132 102 88 72 36 31 18 13 3 3 2 0 0 0 0 0 0 0 0 0
"71" 71 0.402985074627 419 81 0 0 0 0 0 0 0 0 0 0 0 0 0 0 0 0 0 0
"72" 72 0.746835443038 311 95 69 18 5 2 0 0 0 0 0 0 0 0 0 0 0 0 0 0
"73" 73 0.299270072993 286 88 79 13 10 6 6 6 4 2 0 0 0 0 0 0 0 0 0 0
"74" 74 0.40414507772 377 101 9 4 3 3 3 0 0 0 0 0 0 0 0 0 0 0 0 0
"75" 75 0.622641509434 129 122 90 47 32 31 22 18 5 2 1 1 0 0 0 0 0 0 0 0
"76" 76 0.303482587065 255 97 41 33 32 31 4 3 2 1 1 0 0 0 0 0 0 0 0 0
"77" 77 0.362694300518 248 124 51 40 28 8 1 0 0 0 0 0 0 0 0 0 0 0 0 0
"78" 78 0.629464285714 390 29 28 15 12 11 5 3 3 3 1 0 0 0 0 0 0 0 0 0
"79" 79 0.192893401015 249 124 116 5 2 2 2 0 0 0 0 0 0 0 0 0 0 0 0 0
"80" 80 0.341772151899 253 159 33 18 11 10 6 4 3 2 1 0 0 0 0 0 0 0 0 0
"81" 81 0.514598540146 171 132 96 35 21 20 9 9 7 0 0 0 0 0 0 0 0 0 0 0
"82" 82 0.232558139535 209 187 48 22 14 10 8 1 1 0 0 0 0 0 0 0 0 0 0 0
"83" 83 0.0125523012552 499 1 0 0 0 0 0 0 0 0 0 0 0 0 0 0 0 0 0 0
"84" 84 0.502242152466 291 96 65 12 11 10 7 3 3 2 0 0 0 0 0 0 0 0 0 0
"85" 85 0.626865671642 249 137 54 18 15 12 10 4 1 0 0 0 0 0 0 0 0 0 0 0
"86" 86 0.230125523013 342 72 39 27 6 4 3 3 2 1 1 0 0 0 0 0 0 0 0 0
"87" 87 0.0310880829016 500 0 0 0 0 0 0 0 0 0 0 0 0 0 0 0 0 0 0 0
"88" 88 0.357512953368 182 103 49 43 26 24 23 19 14 6 5 3 1 1 1 0 0 0 0 0
"89" 89 0.336787564767 378 50 15 15 12 9 6 5 5 3 2 0 0 0 0 0 0 0 0 0
"90" 90 0.722488038278 431 55 13 1 0 0 0 0 0 0 0 0 0 0 0 0 0 0 0 0
"91" 91 0.436046511628 282 180 17 10 5 2 1 1 1 1 0 0 0 0 0 0 0 0 0 0
"92" 92 0.384615384615 500 0 0 0 0 0 0 0 0 0 0 0 0 0 0 0 0 0 0 0
"93" 93 0.308016877637 305 89 44 27 14 9 4 2 2 2 1 1 0 0 0 0 0 0 0 0
"94" 94 0.0253807106599 500 0 0 0 0 0 0 0 0 0 0 0 0 0 0 0 0 0 0 0
"95" 95 0.0596026490066 281 201 15 2 1 0 0 0 0 0 0 0 0 0 0 0 0 0 0 0
"96" 96 0.167512690355 125 100 63 62 40 25 18 15 14 13 8 7 6 3 1 0 0 0 0 0
"97" 97 0.548523206751 313 161 18 5 1 1 1 0 0 0 0 0 0 0 0 0 0 0 0 0
"98" 98 0.0153846153846 486 14 0 0 0 0 0 0 0 0 0 0 0 0 0 0 0 0 0 0
"99" 99 0.203980099502 363 51 25 24 14 12 9 1 1 0 0 0 0 0 0 0 0 0 0 0
"100" 100 0.313868613139 375 85 17 9 9 2 2 1 0 0 0 0 0 0 0 0 0 0 0 0
"101" 101 0.251824817518 154 112 84 40 40 36 18 13 2 1 0 0 0 0 0 0 0 0 0 0
"102" 102 0.0862068965517 370 41 27 17 10 9 6 5 4 4 3 2 1 1 0 0 0 0 0 0
"103" 103 0.093023255814 343 59 50 25 8 8 4 1 1 1 0 0 0 0 0 0 0 0 0 0
"104" 104 0.666666666667 283 76 48 41 19 11 9 8 5 0 0 0 0 0 0 0 0 0 0 0
"105" 105 0.625 103 85 55 55 52 47 39 29 18 8 4 3 1 1 0 0 0 0 0 0
"106" 106 0.641791044776 282 57 49 35 33 21 11 5 3 2 1 1 0 0 0 0 0 0 0 0
"107" 107 0.557692307692 500 0 0 0 0 0 0 0 0 0 0 0 0 0 0 0 0 0 0 0
"108" 108 0.535714285714 347 43 34 31 29 8 5 2 1 0 0 0 0 0 0 0 0 0 0 0
"109" 109 0.790697674419 419 77 4 0 0 0 0 0 0 0 0 0 0 0 0 0 0 0 0 0
"110" 110 0.378109452736 292 121 55 9 8 6 4 3 2 0 0 0 0 0 0 0 0 0 0 0
"111" 111 0.401162790698 350 87 14 13 12 8 6 5 3 1 1 0 0 0 0 0 0 0 0 0
"112" 112 0.341968911917 359 66 21 20 16 5 4 3 3 2 1 0 0 0 0 0 0 0 0 0
"113" 113 0.616071428571 338 134 14 9 2 2 1 0 0 0 0 0 0 0 0 0 0 0 0 0
"114" 114 0.473214285714 180 131 56 43 38 27 10 4 4 2 1 1 1 1 1 0 0 0 0 0
"115" 115 0.0398009950249 331 140 10 8 7 4 0 0 0 0 0 0 0 0 0 0 0 0 0 0
"116" 116 0.361313868613 269 75 34 29 28 27 16 13 4 3 1 1 0 0 0 0 0 0 0 0
"117" 117 0.550387596899 334 104 22 21 8 5 4 1 1 0 0 0 0 0 0 0 0 0 0 0
"118" 118 0.0862944162437 240 132 81 21 16 5 2 1 1 1 0 0 0 0 0 0 0 0 0 0
"119" 119 0.566964285714 111 104 81 66 58 39 18 15 8 0 0 0 0 0 0 0 0 0 0 0
"120" 120 0.611607142857 380 74 20 11 9 3 2 1 0 0 0 0 0 0 0 0 0 0 0 0
"121" 121 0.430962343096 481 18 1 0 0 0 0 0 0 0 0 0 0 0 0 0 0 0 0 0
"122" 122 0.119170984456 500 0 0 0 0 0 0 0 0 0 0 0 0 0 0 0 0 0 0 0
"123" 123 0.691542288557 159 136 95 45 18 17 11 10 4 3 2 0 0 0 0 0 0 0 0 0
"124" 124 0.512953367876 196 78 76 70 48 14 13 5 0 0 0 0 0 0 0 0 0 0 0 0
"125" 125 0.528846153846 500 0 0 0 0 0 0 0 0 0 0 0 0 0 0 0 0 0 0 0
"126" 126 0.341968911917 350 50 45 21 12 7 7 3 2 1 1 1 0 0 0 0 0 0 0 0
"127" 127 0.182692307692 500 0 0 0 0 0 0 0 0 0 0 0 0 0 0 0 0 0 0 0
"128" 128 0.267857142857 270 70 61 36 26 12 10 9 2 2 1 1 0 0 0 0 0 0 0 0
"129" 129 0.0355329949239 467 31 1 1 0 0 0 0 0 0 0 0 0 0 0 0 0 0 0 0
"130" 130 0.174358974359 384 35 30 21 8 7 3 3 3 2 2 1 1 0 0 0 0 0 0 0
"131" 131 0.263392857143 379 59 46 8 6 1 1 0 0 0 0 0 0 0 0 0 0 0 0 0
"132" 132 0.625641025641 238 193 42 11 9 5 2 0 0 0 0 0 0 0 0 0 0 0 0 0
"133" 133 0.0401785714286 487 4 4 4 1 0 0 0 0 0 0 0 0 0 0 0 0 0 0 0
"134" 134 0.0753138075314 475 14 9 1 1 0 0 0 0 0 0 0 0 0 0 0 0 0 0 0
"135" 135 0.116751269036 244 85 55 45 39 10 8 5 5 3 1 0 0 0 0 0 0 0 0 0
"136" 136 0.46511627907 264 79 51 45 23 18 9 8 1 1 1 0 0 0 0 0 0 0 0 0
"137" 137 0.355329949239 465 11 10 10 4 0 0 0 0 0 0 0 0 0 0 0 0 0 0 0
"138" 138 0.335443037975 218 192 57 14 10 5 2 1 1 0 0 0 0 0 0 0 0 0 0 0
"139" 139 0.383720930233 260 235 5 0 0 0 0 0 0 0 0 0 0 0 0 0 0 0 0 0
"140" 140 0.891191709845 244 177 76 3 0 0 0 0 0 0 0 0 0 0 0 0 0 0 0 0
"141" 141 1.04635761589 331 65 62 41 1 0 0 0 0 0 0 0 0 0 0 0 0 0 0 0
