"site" "RSA" "aa1" "aa2" "aa3" "aa4" "aa5" "aa6" "aa7" "aa8" "aa9" "aa10" "aa11" "aa12" "aa13" "aa14" "aa15" "aa16" "aa17" "aa18" "aa19" "aa20"
"0" 0 0.317880794702 1 0 0 0 0 0 0 0 0 0 0 0 0 0 0 0 0 0 0 0
"1" 1 0.00507614213198 1 0 0 0 0 0 0 0 0 0 0 0 0 0 0 0 0 0 0 0
"2" 2 0.0 1 0 0 0 0 0 0 0 0 0 0 0 0 0 0 0 0 0 0 0
"3" 3 0.10460251046 1 1 0 0 0 0 0 0 0 0 0 0 0 0 0 0 0 0 0 0
"4" 4 0.269035532995 2 1 0 0 0 0 0 0 0 0 0 0 0 0 0 0 0 0 0 0
"5" 5 0.709844559585 3 1 0 0 0 0 0 0 0 0 0 0 0 0 0 0 0 0 0 0
"6" 6 0.5 1 1 1 1 1 1 0 0 0 0 0 0 0 0 0 0 0 0 0 0
"7" 7 0.421524663677 2 1 1 1 1 0 0 0 0 0 0 0 0 0 0 0 0 0 0 0
"8" 8 0.0348258706468 3 1 1 1 1 0 0 0 0 0 0 0 0 0 0 0 0 0 0 0
"9" 9 0.403846153846 2 2 1 1 1 0 0 0 0 0 0 0 0 0 0 0 0 0 0 0
"10" 10 0.0174418604651 6 2 1 1 1 0 0 0 0 0 0 0 0 0 0 0 0 0 0 0
"11" 11 0.574358974359 4 3 2 2 2 1 1 0 0 0 0 0 0 0 0 0 0 0 0 0
"12" 12 0.459119496855 15 3 2 2 1 0 0 0 0 0 0 0 0 0 0 0 0 0 0 0
"13" 13 0.0232558139535 8 5 4 2 2 1 1 1 0 0 0 0 0 0 0 0 0 0 0 0
"14" 14 0.629464285714 22 11 10 7 3 2 1 1 0 0 0 0 0 0 0 0 0 0 0 0
"15" 15 0.28855721393 79 3 1 1 0 0 0 0 0 0 0 0 0 0 0 0 0 0 0 0
"16" 16 0.119496855346 74 2 1 1 1 1 1 1 1 1 0 0 0 0 0 0 0 0 0 0
"17" 17 0.704402515723 29 17 14 7 7 5 3 1 1 1 0 0 0 0 0 0 0 0 0 0
"18" 18 0.119402985075 84 2 0 0 0 0 0 0 0 0 0 0 0 0 0 0 0 0 0 0
"19" 19 0.522012578616 69 6 3 3 2 2 1 1 0 0 0 0 0 0 0 0 0 0 0 0
"20" 20 0.133079847909 84 3 0 0 0 0 0 0 0 0 0 0 0 0 0 0 0 0 0 0
"21" 21 0.355769230769 52 14 6 5 4 2 1 1 1 1 0 0 0 0 0 0 0 0 0 0
"22" 22 0.281368821293 65 6 5 3 3 3 2 1 1 0 0 0 0 0 0 0 0 0 0 0
"23" 23 0.559585492228 56 15 8 3 2 2 1 1 1 1 0 0 0 0 0 0 0 0 0 0
"24" 24 0.248062015504 85 2 1 1 1 0 0 0 0 0 0 0 0 0 0 0 0 0 0 0
"25" 25 0.0 90 1 0 0 0 0 0 0 0 0 0 0 0 0 0 0 0 0 0 0
"26" 26 0.352678571429 85 3 1 1 1 0 0 0 0 0 0 0 0 0 0 0 0 0 0 0
"27" 27 0.476793248945 84 5 1 1 0 0 0 0 0 0 0 0 0 0 0 0 0 0 0 0
"28" 28 0.0 41 22 9 5 5 4 3 2 0 0 0 0 0 0 0 0 0 0 0 0
"29" 29 0.0253807106599 73 15 2 1 0 0 0 0 0 0 0 0 0 0 0 0 0 0 0 0
"30" 30 0.0829015544041 86 3 2 0 0 0 0 0 0 0 0 0 0 0 0 0 0 0 0 0
"31" 31 0.0697674418605 57 13 7 6 3 3 1 1 0 0 0 0 0 0 0 0 0 0 0 0
"32" 32 0.495535714286 25 20 16 16 5 3 3 1 1 1 0 0 0 0 0 0 0 0 0 0
"33" 33 0.0116279069767 87 4 0 0 0 0 0 0 0 0 0 0 0 0 0 0 0 0 0 0
"34" 34 0.0045871559633 89 1 1 0 0 0 0 0 0 0 0 0 0 0 0 0 0 0 0 0
"35" 35 0.434599156118 54 8 7 6 5 4 4 2 1 0 0 0 0 0 0 0 0 0 0 0
"36" 36 0.407960199005 64 16 7 3 1 0 0 0 0 0 0 0 0 0 0 0 0 0 0 0
"37" 37 0.0191387559809 91 0 0 0 0 0 0 0 0 0 0 0 0 0 0 0 0 0 0 0
"38" 38 0.0334928229665 74 17 0 0 0 0 0 0 0 0 0 0 0 0 0 0 0 0 0 0
"39" 39 0.326424870466 25 24 19 18 2 1 1 1 0 0 0 0 0 0 0 0 0 0 0 0
"40" 40 0.599156118143 78 7 4 1 1 0 0 0 0 0 0 0 0 0 0 0 0 0 0 0
"41" 41 0.311004784689 91 0 0 0 0 0 0 0 0 0 0 0 0 0 0 0 0 0 0 0
"42" 42 0.0 90 1 0 0 0 0 0 0 0 0 0 0 0 0 0 0 0 0 0 0
"43" 43 0.124031007752 33 26 21 5 5 1 0 0 0 0 0 0 0 0 0 0 0 0 0 0
"44" 44 0.294573643411 41 37 11 1 1 0 0 0 0 0 0 0 0 0 0 0 0 0 0 0
"45" 45 0.102661596958 91 0 0 0 0 0 0 0 0 0 0 0 0 0 0 0 0 0 0 0
"46" 46 0.0229885057471 66 12 9 2 1 1 0 0 0 0 0 0 0 0 0 0 0 0 0 0
"47" 47 0.471794871795 34 30 10 4 4 4 3 2 0 0 0 0 0 0 0 0 0 0 0 0
"48" 48 0.369230769231 69 17 2 1 1 1 0 0 0 0 0 0 0 0 0 0 0 0 0 0
"49" 49 0.00497512437811 68 8 5 4 2 2 1 1 0 0 0 0 0 0 0 0 0 0 0 0
"50" 50 0.14358974359 88 1 1 1 0 0 0 0 0 0 0 0 0 0 0 0 0 0 0 0
"51" 51 0.441025641026 40 14 13 7 6 4 3 2 1 1 0 0 0 0 0 0 0 0 0 0
"52" 52 0.0232558139535 77 5 3 3 2 1 0 0 0 0 0 0 0 0 0 0 0 0 0 0
"53" 53 0.00995024875622 55 23 7 4 2 0 0 0 0 0 0 0 0 0 0 0 0 0 0 0
"54" 54 0.599156118143 44 23 11 5 2 2 2 1 1 0 0 0 0 0 0 0 0 0 0 0
"55" 55 0.603375527426 34 26 5 5 5 4 4 3 2 1 1 1 0 0 0 0 0 0 0 0
"56" 56 0.167464114833 22 12 6 6 4 4 3 2 2 2 1 1 0 0 0 0 0 0 0 0
"57" 57 0.471698113208 44 16 13 9 3 2 2 1 1 0 0 0 0 0 0 0 0 0 0 0
"58" 58 0.549107142857 34 22 9 8 5 4 4 2 1 1 1 0 0 0 0 0 0 0 0 0
"59" 59 0.114427860697 58 5 5 5 4 3 3 1 1 0 0 0 0 0 0 0 0 0 0 0
"60" 60 0.224215246637 22 20 13 8 6 4 4 3 3 3 2 1 1 1 0 0 0 0 0 0
"61" 61 0.815384615385 21 15 11 10 10 6 4 3 3 2 2 1 1 1 1 0 0 0 0 0
"62" 62 0.271523178808 35 16 8 4 4 3 3 3 2 2 2 2 1 1 1 0 0 0 0 0
"63" 63 0.0529801324503 48 14 12 8 3 3 2 1 0 0 0 0 0 0 0 0 0 0 0 0
"64" 64 0.00574712643678 28 25 21 10 6 1 0 0 0 0 0 0 0 0 0 0 0 0 0 0
"65" 65 0.0 64 8 3 3 2 2 2 2 1 1 1 1 1 0 0 0 0 0 0 0
"66" 66 0.325581395349 39 15 11 9 5 4 3 3 1 1 0 0 0 0 0 0 0 0 0 0
"67" 67 0.0298507462687 60 19 8 3 1 0 0 0 0 0 0 0 0 0 0 0 0 0 0 0
"68" 68 0.0149253731343 43 24 9 4 4 4 2 1 0 0 0 0 0 0 0 0 0 0 0 0
"69" 69 0.43795620438 24 17 13 10 9 7 4 3 1 1 1 1 0 0 0 0 0 0 0 0
"70" 70 0.419689119171 33 20 7 6 5 4 4 4 3 3 1 0 0 0 0 0 0 0 0 0
"71" 71 0.129353233831 54 20 8 3 1 1 0 0 0 0 0 0 0 0 0 0 0 0 0 0
"72" 72 0.682051282051 25 18 17 8 5 4 3 2 2 1 1 1 0 0 0 0 0 0 0 0
"73" 73 0.509933774834 19 12 11 10 6 6 5 4 3 3 3 2 2 1 0 0 0 0 0 0
"74" 74 0.0 33 28 9 3 3 2 2 1 0 0 0 0 0 0 0 0 0 0 0 0
"75" 75 0.220125786164 73 5 1 1 1 0 0 0 0 0 0 0 0 0 0 0 0 0 0 0
"76" 76 0.709821428571 32 14 7 4 3 2 2 2 1 1 0 0 0 0 0 0 0 0 0 0
"77" 77 0.549222797927 31 10 8 7 6 3 1 1 0 0 0 0 0 0 0 0 0 0 0 0
"78" 78 0.0152284263959 38 11 6 5 4 3 3 2 1 0 0 0 0 0 0 0 0 0 0 0
"79" 79 0.259124087591 42 18 8 6 1 1 1 0 0 0 0 0 0 0 0 0 0 0 0 0
"80" 80 0.517441860465 43 14 9 4 4 2 2 2 2 2 2 1 1 1 0 0 0 0 0 0
"81" 81 0.308139534884 64 6 6 5 4 2 2 1 1 0 0 0 0 0 0 0 0 0 0 0
"82" 82 0.0 73 8 8 1 1 0 0 0 0 0 0 0 0 0 0 0 0 0 0 0
"83" 83 0.332116788321 79 3 3 2 2 1 1 0 0 0 0 0 0 0 0 0 0 0 0 0
"84" 84 0.317948717949 81 6 3 1 0 0 0 0 0 0 0 0 0 0 0 0 0 0 0 0
"85" 85 0.0871794871795 86 3 1 1 0 0 0 0 0 0 0 0 0 0 0 0 0 0 0 0
"86" 86 0.00961538461538 73 11 3 3 1 0 0 0 0 0 0 0 0 0 0 0 0 0 0 0
"87" 87 0.00961538461538 91 0 0 0 0 0 0 0 0 0 0 0 0 0 0 0 0 0 0 0
"88" 88 0.0 90 1 0 0 0 0 0 0 0 0 0 0 0 0 0 0 0 0 0 0
"89" 89 0.00478468899522 73 8 8 1 1 0 0 0 0 0 0 0 0 0 0 0 0 0 0 0
"90" 90 0.0 26 15 14 10 10 9 3 2 2 0 0 0 0 0 0 0 0 0 0 0
"91" 91 0.0 90 1 0 0 0 0 0 0 0 0 0 0 0 0 0 0 0 0 0 0
"92" 92 0.0 91 0 0 0 0 0 0 0 0 0 0 0 0 0 0 0 0 0 0 0
"93" 93 0.0116279069767 49 21 6 5 4 2 2 1 1 0 0 0 0 0 0 0 0 0 0 0
"94" 94 0.00507614213198 49 18 12 9 2 1 0 0 0 0 0 0 0 0 0 0 0 0 0 0
"95" 95 0.00836820083682 87 4 0 0 0 0 0 0 0 0 0 0 0 0 0 0 0 0 0 0
"96" 96 0.0141843971631 90 1 0 0 0 0 0 0 0 0 0 0 0 0 0 0 0 0 0 0
"97" 97 0.152466367713 18 18 16 15 8 7 3 2 2 1 1 0 0 0 0 0 0 0 0 0
"98" 98 0.0 34 21 14 6 6 4 2 2 1 1 0 0 0 0 0 0 0 0 0 0
"99" 99 0.00917431192661 51 37 2 1 0 0 0 0 0 0 0 0 0 0 0 0 0 0 0 0
"100" 100 0.119205298013 35 18 18 10 9 1 0 0 0 0 0 0 0 0 0 0 0 0 0 0
"101" 101 0.308176100629 70 6 5 3 1 1 1 1 1 1 1 0 0 0 0 0 0 0 0 0
"102" 102 0.787564766839 41 14 9 7 4 4 2 2 2 2 1 1 0 0 0 0 0 0 0 0
"103" 103 0.153846153846 55 12 8 3 2 2 2 2 1 1 0 0 0 0 0 0 0 0 0 0
"104" 104 0.163461538462 63 8 6 5 3 2 2 1 1 0 0 0 0 0 0 0 0 0 0 0
"105" 105 0.548076923077 64 9 5 3 3 2 1 1 1 1 0 0 0 0 0 0 0 0 0 0
"106" 106 0.556053811659 29 14 13 13 7 3 3 3 2 2 1 1 0 0 0 0 0 0 0 0
"107" 107 0.11320754717 79 1 1 0 0 0 0 0 0 0 0 0 0 0 0 0 0 0 0 0
"108" 108 0.453488372093 30 18 8 6 4 4 3 3 3 2 0 0 0 0 0 0 0 0 0 0
"109" 109 0.423076923077 79 5 2 2 1 1 1 0 0 0 0 0 0 0 0 0 0 0 0 0
"110" 110 0.512953367876 38 18 14 11 3 2 2 1 1 1 0 0 0 0 0 0 0 0 0 0
"111" 111 0.0 68 11 11 0 0 0 0 0 0 0 0 0 0 0 0 0 0 0 0 0
"112" 112 0.108527131783 53 14 7 7 3 3 1 1 1 0 0 0 0 0 0 0 0 0 0 0
"113" 113 0.542600896861 23 19 18 8 7 6 3 2 1 1 1 1 0 0 0 0 0 0 0 0
"114" 114 0.196428571429 68 5 5 4 3 2 1 1 1 1 0 0 0 0 0 0 0 0 0 0
"115" 115 0.0 88 2 1 0 0 0 0 0 0 0 0 0 0 0 0 0 0 0 0 0
"116" 116 0.410256410256 24 24 13 7 5 5 4 2 2 2 1 1 1 0 0 0 0 0 0 0
"117" 117 0.704035874439 19 19 15 10 9 7 6 3 1 1 1 0 0 0 0 0 0 0 0 0
"118" 118 0.389534883721 22 17 15 12 7 5 5 3 1 1 1 1 1 0 0 0 0 0 0 0
"119" 119 0.117154811715 78 9 2 1 1 0 0 0 0 0 0 0 0 0 0 0 0 0 0 0
"120" 120 0.538461538462 87 2 1 1 0 0 0 0 0 0 0 0 0 0 0 0 0 0 0 0
"121" 121 0.238410596026 72 9 4 3 2 1 0 0 0 0 0 0 0 0 0 0 0 0 0 0
"122" 122 0.0627615062762 60 14 9 3 2 2 1 0 0 0 0 0 0 0 0 0 0 0 0 0
"123" 123 0.424107142857 38 34 7 2 2 2 1 1 1 1 1 1 0 0 0 0 0 0 0 0
"124" 124 0.316964285714 44 8 8 8 6 5 5 3 3 1 0 0 0 0 0 0 0 0 0 0
"125" 125 0.0 79 7 5 0 0 0 0 0 0 0 0 0 0 0 0 0 0 0 0 0
"126" 126 0.240506329114 68 16 6 1 0 0 0 0 0 0 0 0 0 0 0 0 0 0 0 0
"127" 127 0.556962025316 40 15 11 9 5 5 3 2 1 0 0 0 0 0 0 0 0 0 0 0
"128" 128 0.300448430493 22 20 20 15 5 3 3 2 1 0 0 0 0 0 0 0 0 0 0 0
"129" 129 0.0 83 6 1 1 0 0 0 0 0 0 0 0 0 0 0 0 0 0 0 0
"130" 130 0.14358974359 24 17 16 14 12 3 2 1 1 1 0 0 0 0 0 0 0 0 0 0
"131" 131 0.551569506726 27 23 12 8 7 7 4 2 1 0 0 0 0 0 0 0 0 0 0 0
"132" 132 0.15503875969 83 3 2 2 1 0 0 0 0 0 0 0 0 0 0 0 0 0 0 0
"133" 133 0.0 52 33 5 1 0 0 0 0 0 0 0 0 0 0 0 0 0 0 0 0
"134" 134 0.394230769231 39 14 12 6 6 4 4 2 1 1 1 1 0 0 0 0 0 0 0 0
"135" 135 0.626943005181 33 21 11 11 6 2 2 2 1 1 1 0 0 0 0 0 0 0 0 0
"136" 136 0.211678832117 66 10 5 5 2 2 1 0 0 0 0 0 0 0 0 0 0 0 0 0
"137" 137 0.832635983264 85 6 0 0 0 0 0 0 0 0 0 0 0 0 0 0 0 0 0 0
"138" 138 0.394230769231 91 0 0 0 0 0 0 0 0 0 0 0 0 0 0 0 0 0 0 0
"139" 139 0.258278145695 91 0 0 0 0 0 0 0 0 0 0 0 0 0 0 0 0 0 0 0
"140" 140 0.0 91 0 0 0 0 0 0 0 0 0 0 0 0 0 0 0 0 0 0 0
"141" 141 0.00354609929078 89 2 0 0 0 0 0 0 0 0 0 0 0 0 0 0 0 0 0 0
"142" 142 0.0 65 16 8 1 1 0 0 0 0 0 0 0 0 0 0 0 0 0 0 0
"143" 143 0.00354609929078 87 3 1 0 0 0 0 0 0 0 0 0 0 0 0 0 0 0 0 0
"144" 144 0.0 88 3 0 0 0 0 0 0 0 0 0 0 0 0 0 0 0 0 0 0
"145" 145 0.0 49 17 7 5 5 4 1 1 1 1 0 0 0 0 0 0 0 0 0 0
"146" 146 0.127737226277 48 16 7 5 2 2 2 1 1 1 1 1 0 0 0 0 0 0 0 0
"147" 147 0.0923076923077 17 17 13 9 5 4 3 3 2 1 1 1 0 0 0 0 0 0 0 0
"148" 148 0.62893081761 21 18 9 9 8 6 5 3 2 2 1 1 1 0 0 0 0 0 0 0
"149" 149 0.708520179372 28 19 14 12 7 4 4 2 1 0 0 0 0 0 0 0 0 0 0 0
"150" 150 0.355769230769 75 7 3 2 2 1 0 0 0 0 0 0 0 0 0 0 0 0 0 0
"151" 151 0.47533632287 57 9 6 5 4 4 2 2 2 0 0 0 0 0 0 0 0 0 0 0
"152" 152 0.044776119403 81 7 3 0 0 0 0 0 0 0 0 0 0 0 0 0 0 0 0 0
"153" 153 0.367713004484 28 23 9 9 5 4 3 3 2 2 1 1 1 0 0 0 0 0 0 0
"154" 154 0.172413793103 55 33 2 1 0 0 0 0 0 0 0 0 0 0 0 0 0 0 0 0
"155" 155 0.137931034483 31 22 10 6 5 4 3 3 2 2 2 1 0 0 0 0 0 0 0 0
"156" 156 0.238410596026 69 14 3 2 1 1 1 0 0 0 0 0 0 0 0 0 0 0 0 0
"157" 157 0.0232558139535 74 7 4 3 2 1 0 0 0 0 0 0 0 0 0 0 0 0 0 0
"158" 158 0.276729559748 45 34 4 3 3 1 1 0 0 0 0 0 0 0 0 0 0 0 0 0
"159" 159 0.405128205128 89 1 1 0 0 0 0 0 0 0 0 0 0 0 0 0 0 0 0 0
"160" 160 0.0179372197309 90 1 0 0 0 0 0 0 0 0 0 0 0 0 0 0 0 0 0 0
"161" 161 0.0932642487047 87 2 1 1 0 0 0 0 0 0 0 0 0 0 0 0 0 0 0 0
"162" 162 0.0102564102564 39 38 9 1 0 0 0 0 0 0 0 0 0 0 0 0 0 0 0 0
"163" 163 0.0 90 1 0 0 0 0 0 0 0 0 0 0 0 0 0 0 0 0 0 0
"164" 164 0.0152284263959 63 15 3 3 2 1 1 1 1 1 0 0 0 0 0 0 0 0 0 0
"165" 165 0.275229357798 65 10 6 4 2 1 1 1 1 0 0 0 0 0 0 0 0 0 0 0
"166" 166 0.5 27 25 8 6 4 4 4 3 3 2 1 1 1 1 0 0 0 0 0 0
"167" 167 0.451923076923 64 7 4 4 4 2 2 1 1 1 1 0 0 0 0 0 0 0 0 0
"168" 168 0.0529801324503 25 22 10 8 8 3 2 2 2 1 1 1 1 1 0 0 0 0 0 0
"169" 169 0.110266159696 43 18 5 4 3 3 3 3 3 2 2 1 0 0 0 0 0 0 0 0
"170" 170 0.0 85 3 2 1 0 0 0 0 0 0 0 0 0 0 0 0 0 0 0 0
"171" 171 0.0 58 23 9 1 0 0 0 0 0 0 0 0 0 0 0 0 0 0 0 0
"172" 172 0.0 71 8 7 4 1 0 0 0 0 0 0 0 0 0 0 0 0 0 0 0
"173" 173 0.00961538461538 81 6 2 1 1 0 0 0 0 0 0 0 0 0 0 0 0 0 0 0
"174" 174 0.0 54 16 9 5 3 2 1 1 0 0 0 0 0 0 0 0 0 0 0 0
"175" 175 0.0 90 1 0 0 0 0 0 0 0 0 0 0 0 0 0 0 0 0 0 0
"176" 176 0.0 88 2 1 0 0 0 0 0 0 0 0 0 0 0 0 0 0 0 0 0
"177" 177 0.191489361702 91 0 0 0 0 0 0 0 0 0 0 0 0 0 0 0 0 0 0 0
"178" 178 0.504464285714 91 0 0 0 0 0 0 0 0 0 0 0 0 0 0 0 0 0 0 0
"179" 179 0.186602870813 91 0 0 0 0 0 0 0 0 0 0 0 0 0 0 0 0 0 0 0
"180" 180 0.0232558139535 88 2 0 0 0 0 0 0 0 0 0 0 0 0 0 0 0 0 0 0
"181" 181 0.0190114068441 89 0 0 0 0 0 0 0 0 0 0 0 0 0 0 0 0 0 0 0
"182" 182 0.410646387833 89 0 0 0 0 0 0 0 0 0 0 0 0 0 0 0 0 0 0 0
"183" 183 0.477611940299 85 2 1 0 0 0 0 0 0 0 0 0 0 0 0 0 0 0 0 0
"184" 184 0.28102189781 42 21 8 6 5 4 2 0 0 0 0 0 0 0 0 0 0 0 0 0
"185" 185 0.0228136882129 83 4 1 0 0 0 0 0 0 0 0 0 0 0 0 0 0 0 0 0
"186" 186 0.304932735426 77 6 5 0 0 0 0 0 0 0 0 0 0 0 0 0 0 0 0 0
"187" 187 0.610256410256 85 1 1 1 0 0 0 0 0 0 0 0 0 0 0 0 0 0 0 0
"188" 188 0.295620437956 62 13 4 3 2 1 1 1 1 0 0 0 0 0 0 0 0 0 0 0
"189" 189 0.113138686131 88 0 0 0 0 0 0 0 0 0 0 0 0 0 0 0 0 0 0 0
"190" 190 0.584905660377 64 11 7 2 1 1 1 1 0 0 0 0 0 0 0 0 0 0 0 0
"191" 191 0.397321428571 60 18 3 3 3 1 0 0 0 0 0 0 0 0 0 0 0 0 0 0
"192" 192 0.00380228136882 86 1 1 0 0 0 0 0 0 0 0 0 0 0 0 0 0 0 0 0
"193" 193 0.00995024875622 49 24 13 2 0 0 0 0 0 0 0 0 0 0 0 0 0 0 0 0
"194" 194 0.425641025641 26 13 10 9 9 8 7 4 2 0 0 0 0 0 0 0 0 0 0 0
"195" 195 0.251282051282 71 6 4 3 2 1 1 0 0 0 0 0 0 0 0 0 0 0 0 0
"196" 196 0.0 48 34 6 0 0 0 0 0 0 0 0 0 0 0 0 0 0 0 0 0
"197" 197 0.0248226950355 63 19 5 1 0 0 0 0 0 0 0 0 0 0 0 0 0 0 0 0
"198" 198 0.379487179487 58 11 7 4 3 3 1 1 0 0 0 0 0 0 0 0 0 0 0 0
"199" 199 0.0 72 10 4 1 1 0 0 0 0 0 0 0 0 0 0 0 0 0 0 0
"200" 200 0.0 60 25 3 0 0 0 0 0 0 0 0 0 0 0 0 0 0 0 0 0
"201" 201 0.148717948718 72 14 1 1 0 0 0 0 0 0 0 0 0 0 0 0 0 0 0 0
"202" 202 0.0425531914894 87 1 0 0 0 0 0 0 0 0 0 0 0 0 0 0 0 0 0 0
"203" 203 0.450331125828 37 11 10 6 6 6 3 2 2 2 1 1 0 0 0 0 0 0 0 0
"204" 204 0.0982142857143 37 18 14 4 3 2 2 2 1 1 1 1 1 0 0 0 0 0 0 0
"205" 205 0.0 68 13 6 0 0 0 0 0 0 0 0 0 0 0 0 0 0 0 0 0
"206" 206 0.0923076923077 23 22 13 10 4 3 2 1 0 0 0 0 0 0 0 0 0 0 0 0
"207" 207 0.456204379562 20 19 18 6 5 4 3 2 1 0 0 0 0 0 0 0 0 0 0 0
"208" 208 0.0 55 8 6 1 0 0 0 0 0 0 0 0 0 0 0 0 0 0 0 0
"209" 209 0.046511627907 27 15 3 2 1 0 0 0 0 0 0 0 0 0 0 0 0 0 0 0
"210" 210 0.569506726457 12 11 11 7 2 2 1 1 0 0 0 0 0 0 0 0 0 0 0 0
"211" 211 0.410852713178 28 3 3 3 3 1 1 0 0 0 0 0 0 0 0 0 0 0 0 0
"212" 212 0.271523178808 33 2 0 0 0 0 0 0 0 0 0 0 0 0 0 0 0 0 0 0
