"site" "RSA" "aa1" "aa2" "aa3" "aa4" "aa5" "aa6" "aa7" "aa8" "aa9" "aa10" "aa11" "aa12" "aa13" "aa14" "aa15" "aa16" "aa17" "aa18" "aa19" "aa20"
"0" 0 0.79274611399 128 117 102 45 36 28 12 9 8 5 4 4 1 1 0 0 0 0 0 0
"1" 1 0.593908629442 132 118 60 42 40 37 32 17 7 4 3 3 2 2 1 0 0 0 0 0
"2" 2 0.611398963731 140 112 66 65 31 27 18 18 12 3 3 2 2 1 0 0 0 0 0 0
"3" 3 0.43023255814 117 96 66 57 39 34 23 17 13 12 11 7 5 1 1 1 0 0 0 0
"4" 4 0.512437810945 160 99 51 44 36 31 24 17 14 9 6 3 3 2 1 0 0 0 0 0
"5" 5 0.548223350254 179 79 63 40 39 29 22 19 12 8 4 4 2 0 0 0 0 0 0 0
"6" 6 0.403973509934 180 66 46 41 39 30 26 17 16 15 11 8 3 1 1 0 0 0 0 0
"7" 7 0.410256410256 140 63 56 54 39 32 27 25 23 14 13 9 4 1 0 0 0 0 0 0
"8" 8 0.502564102564 129 94 73 63 31 22 19 16 13 13 11 8 5 2 1 0 0 0 0 0
"9" 9 0.410852713178 125 77 51 40 40 36 21 20 20 19 16 15 15 2 2 1 0 0 0 0
"10" 10 0.567164179104 116 101 78 62 54 25 16 13 11 10 8 2 2 1 1 0 0 0 0 0
"11" 11 0.418439716312 134 81 68 54 34 32 23 20 18 17 9 3 3 3 1 0 0 0 0 0
"12" 12 0.271523178808 110 98 76 55 36 33 32 14 14 13 6 5 2 2 2 1 1 0 0 0
"13" 13 0.497890295359 141 136 58 31 28 20 19 18 13 13 9 8 6 0 0 0 0 0 0 0
"14" 14 0.422018348624 109 106 72 45 34 29 29 23 14 12 11 9 7 0 0 0 0 0 0 0
"15" 15 0.10447761194 153 140 38 37 32 25 21 14 12 10 6 4 3 2 1 1 1 0 0 0
"16" 16 0.436781609195 143 106 88 43 33 20 17 13 10 6 5 5 5 4 1 1 0 0 0 0
"17" 17 0.549107142857 163 109 71 55 27 22 18 10 8 7 6 3 1 0 0 0 0 0 0 0
"18" 18 0.709821428571 164 105 66 52 29 24 18 12 8 5 4 3 3 3 3 1 0 0 0 0
"19" 19 0.450777202073 183 58 52 51 28 27 26 17 15 14 10 8 4 3 3 1 0 0 0 0
"20" 20 0.465408805031 382 37 29 13 11 8 7 6 5 2 0 0 0 0 0 0 0 0 0 0
"21" 21 0.125 105 85 83 78 34 29 24 24 11 9 9 3 3 2 1 0 0 0 0 0
"22" 22 0.26359832636 152 86 78 52 39 25 21 9 8 7 6 5 5 3 2 1 1 0 0 0
"23" 23 0.301255230126 212 82 72 48 28 18 14 9 6 6 3 1 1 0 0 0 0 0 0 0
"24" 24 0.526785714286 112 86 65 58 38 34 30 21 12 11 10 9 7 3 2 2 0 0 0 0
"25" 25 0.464135021097 134 128 45 34 30 26 25 17 14 12 11 8 7 3 3 2 1 0 0 0
"26" 26 0.402985074627 201 77 54 36 32 29 19 16 7 6 6 5 4 3 2 2 1 0 0 0
"27" 27 0.627906976744 136 114 42 40 38 29 28 23 15 10 8 7 6 2 1 1 0 0 0 0
"28" 28 0.497757847534 282 42 37 31 27 14 13 12 10 10 8 6 5 3 0 0 0 0 0 0
"29" 29 0.736434108527 276 66 33 31 26 17 16 15 7 5 3 3 2 0 0 0 0 0 0 0
"30" 30 0.618834080717 120 92 74 63 39 31 26 15 12 8 6 5 4 2 2 1 0 0 0 0
"31" 31 0.561181434599 170 52 51 42 41 39 19 18 16 12 8 8 6 6 5 4 2 1 0 0
"32" 32 0.132075471698 355 60 56 13 9 4 1 1 1 0 0 0 0 0 0 0 0 0 0 0
"33" 33 0.441605839416 220 76 51 43 34 21 12 12 10 9 7 1 1 1 1 1 0 0 0 0
"34" 34 0.175732217573 225 67 64 35 27 22 20 15 7 5 5 3 2 2 1 0 0 0 0 0
"35" 35 0.0 215 153 59 34 18 7 3 3 3 2 2 1 0 0 0 0 0 0 0 0
"36" 36 0.0141843971631 117 111 59 50 48 25 23 19 18 10 6 5 3 3 1 1 1 0 0 0
"37" 37 0.0 380 49 16 13 6 6 6 6 6 5 3 2 1 1 0 0 0 0 0 0
"38" 38 0.00961538461538 222 120 119 19 8 5 3 2 1 1 0 0 0 0 0 0 0 0 0 0
"39" 39 0.0189873417722 268 102 74 28 12 10 1 1 1 1 1 1 0 0 0 0 0 0 0 0
"40" 40 0.430463576159 186 90 61 48 34 19 15 14 10 7 6 4 2 1 1 1 1 0 0 0
"41" 41 0.40414507772 113 113 70 51 47 23 20 19 13 9 8 5 4 3 2 0 0 0 0 0
"42" 42 0.23178807947 214 92 43 40 37 24 21 15 8 3 2 1 0 0 0 0 0 0 0 0
"43" 43 0.551094890511 141 75 33 33 28 27 26 25 23 21 18 11 10 9 7 5 4 3 1 0
"44" 44 0.166666666667 144 64 55 47 44 30 22 22 20 14 12 9 9 5 3 0 0 0 0 0
"45" 45 0.364779874214 237 103 40 29 26 22 16 12 5 2 2 2 1 1 1 1 0 0 0 0
"46" 46 0.0 103 91 68 63 48 26 22 16 15 11 7 7 6 4 4 4 3 2 0 0
"47" 47 0.294642857143 72 68 62 51 46 46 41 33 18 18 15 12 9 4 2 2 1 0 0 0
"48" 48 0.748175182482 160 129 77 24 21 21 18 17 13 8 6 2 2 1 1 0 0 0 0 0
"49" 49 0.1592039801 325 55 29 15 14 12 10 10 9 8 5 3 2 1 1 1 0 0 0 0
"50" 50 0.28488372093 134 82 72 40 40 28 28 18 13 12 10 9 6 5 2 1 0 0 0 0
"51" 51 0.538461538462 486 14 0 0 0 0 0 0 0 0 0 0 0 0 0 0 0 0 0 0
"52" 52 0.124378109453 146 93 71 26 25 24 18 18 16 13 12 11 10 6 5 3 2 1 0 0
"53" 53 0.459821428571 163 107 80 25 23 22 17 15 13 10 9 7 5 2 2 0 0 0 0 0
"54" 54 0.534591194969 211 151 48 25 16 12 9 7 6 6 5 3 1 0 0 0 0 0 0 0
"55" 55 0.384615384615 500 0 0 0 0 0 0 0 0 0 0 0 0 0 0 0 0 0 0 0
"56" 56 0.290178571429 180 101 54 46 39 32 25 6 4 3 3 2 2 2 1 0 0 0 0 0
"57" 57 0.089552238806 118 110 79 45 44 27 23 23 12 4 4 3 3 2 1 1 1 0 0 0
"58" 58 0.255230125523 134 86 73 40 26 23 20 15 15 14 12 11 10 9 8 3 1 0 0 0
"59" 59 0.333333333333 110 93 88 53 39 37 13 12 10 9 8 7 6 6 4 3 2 0 0 0
"60" 60 0.0765550239234 225 93 49 40 25 14 13 10 10 8 4 3 2 2 1 1 0 0 0 0
"61" 61 0.251824817518 173 67 58 47 35 26 25 20 12 11 10 5 4 3 2 1 1 0 0 0
"62" 62 0.0769230769231 303 60 60 45 11 11 2 2 2 2 1 1 0 0 0 0 0 0 0 0
"63" 63 0.293103448276 157 81 61 36 36 30 22 19 14 11 7 7 7 7 3 2 0 0 0 0
"64" 64 0.0 415 34 20 17 13 1 0 0 0 0 0 0 0 0 0 0 0 0 0 0
"65" 65 0.0102564102564 162 132 70 60 51 24 1 0 0 0 0 0 0 0 0 0 0 0 0 0
"66" 66 0.0 115 85 57 52 50 36 35 26 16 10 9 2 2 2 1 1 1 0 0 0
"67" 67 0.0114942528736 243 124 27 24 19 15 8 8 8 6 6 5 4 3 0 0 0 0 0 0
"68" 68 0.0659898477157 150 61 50 49 46 42 32 17 12 12 8 7 7 6 1 0 0 0 0 0
"69" 69 0.622009569378 114 99 89 55 37 25 15 15 12 11 10 7 6 4 1 0 0 0 0 0
"70" 70 0.720930232558 191 104 44 36 29 28 17 13 10 10 8 5 5 0 0 0 0 0 0 0
"71" 71 0.150259067358 354 34 30 27 25 9 6 4 4 3 2 1 1 0 0 0 0 0 0 0
"72" 72 0.616915422886 142 104 87 50 37 29 24 9 5 5 2 2 1 1 1 1 0 0 0 0
"73" 73 0.517948717949 123 78 57 56 55 50 29 16 10 8 8 7 2 1 0 0 0 0 0 0
"74" 74 0.0 124 113 92 38 36 36 20 8 7 6 6 5 3 2 2 1 1 0 0 0
"75" 75 0.169154228856 121 81 70 50 41 36 26 22 15 11 8 6 5 3 3 1 1 0 0 0
"76" 76 0.403973509934 71 67 58 51 45 45 44 40 27 24 9 8 7 3 1 0 0 0 0 0
"77" 77 0.149425287356 122 90 42 41 36 33 32 25 25 21 13 8 3 3 2 2 1 1 0 0
"78" 78 0.0 285 91 55 16 15 9 6 6 6 4 2 2 2 1 0 0 0 0 0 0
"79" 79 0.345291479821 168 99 90 38 28 17 14 9 9 8 5 4 4 3 2 2 0 0 0 0
"80" 80 0.41825095057 134 69 64 52 48 44 28 21 12 9 7 3 3 3 3 0 0 0 0 0
"81" 81 0.0 176 146 78 45 20 10 8 4 4 3 2 2 2 0 0 0 0 0 0 0
"82" 82 0.0 211 57 35 31 29 27 19 17 15 14 12 10 8 6 4 2 2 1 0 0
"83" 83 0.295336787565 130 71 70 59 42 25 22 15 15 10 7 7 7 5 5 4 3 3 0 0
"84" 84 0.373563218391 148 93 71 61 54 33 9 8 7 5 4 3 2 2 0 0 0 0 0 0
"85" 85 0.0995024875622 237 52 45 42 30 23 18 12 9 9 6 5 3 3 2 2 1 1 0 0
"86" 86 0.513392857143 139 108 43 42 32 32 31 24 22 16 8 2 1 0 0 0 0 0 0 0
"87" 87 0.0 153 142 99 42 36 16 6 2 2 1 1 0 0 0 0 0 0 0 0 0
"88" 88 0.379464285714 157 126 47 40 33 30 20 15 14 9 4 3 2 0 0 0 0 0 0 0
"89" 89 0.200956937799 237 61 59 37 27 27 12 10 7 5 4 4 3 3 3 1 0 0 0 0
"90" 90 0.0 305 45 39 37 21 16 13 10 7 3 2 1 1 0 0 0 0 0 0 0
"91" 91 0.0355329949239 208 131 37 34 31 16 12 9 6 4 3 3 2 2 1 1 0 0 0 0
"92" 92 0.00507614213198 277 99 34 27 23 18 8 5 4 2 1 1 1 0 0 0 0 0 0 0
"93" 93 0.0253164556962 137 100 89 43 32 32 20 12 11 8 6 5 3 2 0 0 0 0 0 0
"94" 94 0.0 229 96 79 54 32 4 3 1 1 1 0 0 0 0 0 0 0 0 0 0
"95" 95 0.0478468899522 282 76 33 29 23 13 11 9 8 7 3 2 2 1 1 0 0 0 0 0
"96" 96 0.106463878327 110 85 73 65 35 33 20 15 14 12 10 8 8 7 5 0 0 0 0 0
"97" 97 0.557692307692 482 16 2 0 0 0 0 0 0 0 0 0 0 0 0 0 0 0 0 0
"98" 98 0.0189873417722 354 84 26 13 9 6 4 2 1 1 0 0 0 0 0 0 0 0 0 0
"99" 99 0.384615384615 154 107 103 58 23 20 9 9 8 3 3 1 1 1 0 0 0 0 0 0
"100" 100 0.0576923076923 152 95 71 64 57 13 12 7 6 6 4 3 3 2 2 2 1 0 0 0
"101" 101 0.0287356321839 193 89 72 62 25 15 12 10 6 5 4 2 2 1 1 1 0 0 0 0
"102" 102 0.363228699552 159 82 47 46 25 25 24 22 21 18 10 10 5 4 1 1 0 0 0 0
"103" 103 0.100775193798 75 71 66 62 58 34 33 28 20 16 14 10 8 5 0 0 0 0 0 0
"104" 104 0.0697674418605 250 108 35 33 19 17 10 9 5 5 3 2 1 1 1 1 0 0 0 0
"105" 105 0.229885057471 79 66 64 57 56 36 31 20 17 16 15 11 11 10 6 3 2 0 0 0
"106" 106 0.486607142857 93 69 64 59 53 51 42 22 22 13 7 2 1 1 1 0 0 0 0 0
"107" 107 0.476923076923 251 69 46 32 25 25 20 13 7 4 3 3 1 1 0 0 0 0 0 0
"108" 108 0.283018867925 92 73 63 57 54 48 44 26 23 10 7 2 1 0 0 0 0 0 0 0
"109" 109 0.857142857143 437 33 17 6 5 1 1 0 0 0 0 0 0 0 0 0 0 0 0 0
"110" 110 0.477611940299 85 81 68 52 48 39 28 22 19 15 11 8 8 7 5 3 1 0 0 0
"111" 111 0.442307692308 499 1 0 0 0 0 0 0 0 0 0 0 0 0 0 0 0 0 0 0
"112" 112 0.756218905473 172 129 70 37 35 25 22 5 3 1 1 0 0 0 0 0 0 0 0 0
"113" 113 0.269035532995 135 112 63 51 49 28 14 11 8 8 7 4 3 2 2 2 1 0 0 0
"114" 114 0.148717948718 106 103 83 40 34 23 23 20 16 11 8 8 7 6 5 4 3 0 0 0
"115" 115 0.523076923077 128 111 80 43 41 34 18 14 13 9 3 2 2 1 1 0 0 0 0 0
"116" 116 0.234042553191 242 74 36 28 27 22 16 14 11 10 5 5 5 2 2 1 0 0 0 0
"117" 117 0.0199004975124 119 111 52 46 43 30 30 22 18 7 6 5 4 4 3 0 0 0 0 0
"118" 118 0.393034825871 139 70 70 55 34 31 24 18 16 15 12 7 4 2 2 1 0 0 0 0
"119" 119 0.358851674641 94 59 57 48 43 39 35 33 29 24 18 14 3 3 1 0 0 0 0 0
"120" 120 0.0 254 50 43 33 28 21 18 17 10 6 6 4 3 2 2 2 1 0 0 0
"121" 121 0.375912408759 118 72 62 62 57 36 21 15 12 12 10 9 7 3 3 1 0 0 0 0
"122" 122 0.528497409326 125 93 68 41 30 25 24 21 21 20 15 11 4 1 1 0 0 0 0 0
"123" 123 0.0609137055838 167 100 45 38 26 25 19 17 17 14 8 7 6 6 2 2 1 0 0 0
"124" 124 0.205673758865 79 78 76 67 35 34 31 28 27 16 12 4 4 3 3 3 0 0 0 0
"125" 125 0.456066945607 165 96 90 51 26 18 17 15 10 4 3 2 1 1 1 0 0 0 0 0
"126" 126 0.497890295359 192 134 61 29 29 15 8 7 5 4 3 3 3 3 2 1 1 0 0 0
"127" 127 0.0622009569378 160 157 145 13 12 4 3 3 2 1 0 0 0 0 0 0 0 0 0 0
"128" 128 0.423841059603 135 85 55 51 44 35 19 17 16 15 10 5 4 3 3 2 1 0 0 0
"129" 129 0.615894039735 139 110 82 52 22 21 21 17 11 10 5 4 3 1 1 1 0 0 0 0
"130" 130 0.0398009950249 122 68 60 59 34 31 29 25 20 18 10 9 7 3 3 1 1 0 0 0
"131" 131 0.0199004975124 333 72 32 21 13 7 6 4 3 2 2 2 2 1 0 0 0 0 0 0
"132" 132 0.413461538462 214 62 47 30 28 26 26 26 15 14 5 3 2 1 1 0 0 0 0 0
"133" 133 0.59375 195 59 57 44 34 32 19 18 16 13 7 5 1 0 0 0 0 0 0 0
"134" 134 0.178899082569 153 124 105 49 37 8 6 5 4 3 3 1 1 1 0 0 0 0 0 0
"135" 135 0.433962264151 184 115 83 44 17 16 12 10 10 5 1 1 1 1 0 0 0 0 0 0
"136" 136 0.614349775785 226 104 103 24 18 8 8 3 2 1 1 1 1 0 0 0 0 0 0 0
"137" 137 0.607142857143 123 120 106 54 51 16 16 7 6 1 0 0 0 0 0 0 0 0 0 0
"138" 138 0.430656934307 111 81 63 58 49 38 37 34 10 9 3 3 2 1 1 0 0 0 0 0
"139" 139 0.20802919708 238 110 64 18 17 10 7 7 7 6 6 5 4 1 0 0 0 0 0 0
"140" 140 0.228855721393 112 100 75 52 46 25 19 19 16 9 8 7 6 2 2 1 1 0 0 0
"141" 141 0.212435233161 181 161 36 20 19 17 14 13 13 7 7 6 3 2 1 0 0 0 0 0
"142" 142 0.0988372093023 104 89 70 61 41 33 22 17 13 11 9 7 6 4 4 4 3 2 0 0
"143" 143 0.0 174 136 61 47 30 10 9 7 7 5 4 3 2 2 2 1 0 0 0 0
"144" 144 0.0253164556962 147 83 68 65 56 25 21 14 7 6 4 2 1 1 0 0 0 0 0 0
"145" 145 0.0892857142857 136 91 73 62 44 33 16 10 7 6 6 4 4 4 2 1 1 0 0 0
"146" 146 0.0 171 118 76 42 19 15 15 10 8 8 6 3 3 3 2 1 0 0 0 0
"147" 147 0.00512820512821 170 93 78 36 29 27 21 17 5 5 5 4 3 2 2 2 1 0 0 0
"148" 148 0.0 297 87 48 41 22 3 1 1 0 0 0 0 0 0 0 0 0 0 0 0
"149" 149 0.0137614678899 111 77 55 39 39 39 31 25 25 20 15 9 6 3 2 2 2 0 0 0
"150" 150 0.0535714285714 179 126 41 26 24 20 19 14 12 11 10 8 5 3 1 1 0 0 0 0
"151" 151 0.0179372197309 257 83 62 20 18 15 13 7 7 7 7 2 1 1 0 0 0 0 0 0
"152" 152 0.0172413793103 135 127 111 48 27 20 10 8 6 4 2 1 1 0 0 0 0 0 0 0
"153" 153 0.19391634981 138 94 73 41 39 27 26 23 17 12 8 1 1 0 0 0 0 0 0 0
"154" 154 0.133333333333 132 71 63 48 42 40 34 17 11 10 9 8 7 3 2 2 1 0 0 0
"155" 155 0.0 271 82 45 29 24 19 11 6 3 3 3 3 1 0 0 0 0 0 0 0
"156" 156 0.0 150 101 89 50 33 17 12 12 11 10 6 4 2 2 1 0 0 0 0 0
"157" 157 0.334928229665 84 73 50 49 41 37 33 30 24 24 21 12 7 6 6 2 1 0 0 0
"158" 158 0.105960264901 172 93 87 48 16 15 14 13 10 10 6 5 4 4 3 0 0 0 0 0
"159" 159 0.686046511628 128 115 96 43 34 33 10 10 10 8 5 4 3 1 0 0 0 0 0 0
"160" 160 0.0964467005076 93 81 73 53 40 36 25 21 15 15 13 12 7 6 3 3 3 1 0 0
"161" 161 0.0 161 62 50 42 40 38 34 22 17 12 8 7 3 2 2 0 0 0 0 0
"162" 162 0.233183856502 131 72 69 63 48 33 27 12 12 11 6 5 3 3 3 2 0 0 0 0
"163" 163 0.350993377483 132 118 61 59 21 18 17 17 15 13 10 7 5 3 3 1 0 0 0 0
"164" 164 0.0 131 76 66 57 48 23 22 12 11 11 10 10 10 6 3 3 1 0 0 0
"165" 165 0.0567375886525 285 59 42 36 19 17 12 9 5 5 4 2 2 1 1 1 0 0 0 0
"166" 166 0.662447257384 147 88 64 41 34 32 27 14 14 14 8 8 4 3 2 0 0 0 0 0
"167" 167 0.463503649635 131 89 47 45 39 36 25 23 19 14 12 12 5 1 1 1 0 0 0 0
"168" 168 0.423076923077 490 10 0 0 0 0 0 0 0 0 0 0 0 0 0 0 0 0 0 0
"169" 169 0.170403587444 97 91 60 57 39 32 25 17 16 14 12 11 9 6 6 4 3 1 0 0
"170" 170 0.725738396624 337 39 21 20 17 15 13 11 10 5 5 4 1 1 1 0 0 0 0 0
"171" 171 0.0114942528736 241 61 55 24 23 22 19 13 9 8 7 6 5 4 3 0 0 0 0 0
"172" 172 0.151162790698 111 68 57 48 44 41 38 27 20 20 7 6 5 5 2 1 0 0 0 0
"173" 173 0.0 217 71 53 49 46 28 10 7 5 5 5 2 2 0 0 0 0 0 0 0
"174" 174 0.124401913876 172 83 67 63 52 43 7 5 4 2 1 1 0 0 0 0 0 0 0 0
"175" 175 0.0 407 64 14 9 2 2 1 1 0 0 0 0 0 0 0 0 0 0 0 0
"176" 176 0.184397163121 225 85 50 45 36 17 11 9 8 5 3 2 2 1 1 0 0 0 0 0
"177" 177 0.0 221 76 54 35 33 22 15 12 11 5 5 5 4 2 0 0 0 0 0 0
"178" 178 0.0380228136882 276 100 53 24 17 9 5 5 4 2 2 1 1 1 0 0 0 0 0 0
"179" 179 0.125 125 75 66 57 54 31 23 17 10 10 7 5 5 5 4 4 1 1 0 0
"180" 180 0.38578680203 172 65 61 44 36 18 15 14 11 11 10 10 9 8 7 7 1 1 0 0
"181" 181 0.870813397129 174 72 43 40 39 35 33 28 13 9 8 2 2 1 1 0 0 0 0 0
"182" 182 0.59585492228 113 65 59 54 54 29 25 23 21 20 19 7 4 4 2 1 0 0 0 0
"183" 183 0.25 225 63 58 41 31 29 21 9 8 6 5 3 1 0 0 0 0 0 0 0
"184" 184 0.597014925373 118 90 53 53 52 35 34 24 14 10 9 3 2 2 1 0 0 0 0 0
"185" 185 0.238805970149 198 53 53 50 22 22 20 18 14 9 8 7 7 5 5 4 4 1 0 0
"186" 186 0.441605839416 152 64 59 58 53 45 26 21 5 4 3 3 3 3 1 0 0 0 0 0
"187" 187 0.430051813472 293 80 40 21 15 10 10 10 9 6 4 2 0 0 0 0 0 0 0 0
"188" 188 0.109452736318 166 107 67 60 43 22 13 11 7 2 2 0 0 0 0 0 0 0 0 0
"189" 189 0.414507772021 308 102 38 22 7 7 6 6 2 1 1 0 0 0 0 0 0 0 0 0
"190" 190 0.0229885057471 134 99 74 56 48 35 13 13 10 7 3 3 2 1 1 1 0 0 0 0
"191" 191 0.197674418605 184 49 47 47 42 38 27 22 17 8 8 7 3 1 0 0 0 0 0 0
"192" 192 0.0 249 134 32 21 19 16 10 5 4 3 2 2 1 1 1 0 0 0 0 0
"193" 193 0.43023255814 168 74 62 46 40 31 30 20 16 8 1 1 1 1 1 0 0 0 0 0
"194" 194 0.266666666667 157 97 75 58 35 34 28 4 4 3 3 2 0 0 0 0 0 0 0 0
"195" 195 0.321167883212 134 92 60 44 41 24 18 17 14 13 10 9 9 9 3 1 1 1 0 0
"196" 196 0.486607142857 165 74 66 65 44 25 16 12 10 10 8 5 0 0 0 0 0 0 0 0
"197" 197 0.191860465116 177 115 44 33 25 23 22 19 11 9 9 4 3 2 2 1 1 0 0 0
"198" 198 0.0199004975124 204 97 46 40 31 22 17 15 8 5 5 4 2 2 1 1 0 0 0 0
"199" 199 0.25 108 81 67 67 59 31 24 22 12 11 5 4 3 3 2 1 0 0 0 0
"200" 200 0.367713004484 172 151 40 33 31 29 16 7 6 6 5 4 0 0 0 0 0 0 0 0
"201" 201 0.175182481752 179 60 59 51 32 27 22 22 17 11 6 5 3 2 2 1 1 0 0 0
"202" 202 0.102661596958 131 119 62 58 21 18 15 15 14 13 12 9 8 3 1 1 0 0 0 0
"203" 203 0.521897810219 142 107 83 34 30 22 19 15 15 11 9 6 5 1 1 0 0 0 0 0
"204" 204 0.354066985646 149 133 67 34 30 18 17 16 13 8 6 3 2 1 1 1 1 0 0 0
"205" 205 0.0769230769231 211 133 64 24 19 11 11 8 7 6 3 1 1 1 0 0 0 0 0 0
"206" 206 0.0761421319797 131 110 84 34 27 23 21 21 11 11 10 5 4 4 2 2 0 0 0 0
"207" 207 0.311258278146 142 94 81 44 40 21 20 15 13 9 7 5 4 4 1 0 0 0 0 0
"208" 208 0.394871794872 84 76 62 53 52 40 38 25 22 21 11 8 4 2 1 1 0 0 0 0
"209" 209 0.149253731343 93 77 69 57 41 35 22 22 22 19 18 14 4 2 2 2 1 0 0 0
"210" 210 0.493670886076 211 50 45 36 35 25 23 17 15 13 9 7 5 4 2 1 1 1 0 0
"211" 211 0.716417910448 126 115 82 34 30 24 22 18 14 11 8 5 4 4 3 0 0 0 0 0
"212" 212 0.835443037975 199 67 57 46 34 30 21 19 9 7 3 3 3 2 0 0 0 0 0 0
