"site" "RSA" "aa1" "aa2" "aa3" "aa4" "aa5" "aa6" "aa7" "aa8" "aa9" "aa10" "aa11" "aa12" "aa13" "aa14" "aa15" "aa16" "aa17" "aa18" "aa19" "aa20"
"0" 0 0.5 500 0 0 0 0 0 0 0 0 0 0 0 0 0 0 0 0 0 0 0
"1" 1 0.630769230769 137 130 95 44 36 29 26 2 1 0 0 0 0 0 0 0 0 0 0 0
"2" 2 0.649746192893 142 129 104 65 17 16 11 8 3 3 1 1 0 0 0 0 0 0 0 0
"3" 3 0.092050209205 331 88 43 13 6 6 4 4 3 1 1 0 0 0 0 0 0 0 0 0
"4" 4 0.0397350993377 414 48 16 6 4 4 2 2 2 1 1 0 0 0 0 0 0 0 0 0
"5" 5 0.456953642384 187 112 101 22 18 17 16 12 7 5 2 1 0 0 0 0 0 0 0 0
"6" 6 0.0733944954128 318 70 39 24 20 7 7 5 4 3 1 1 1 0 0 0 0 0 0 0
"7" 7 0.0167364016736 254 174 21 17 10 10 6 2 2 2 1 1 0 0 0 0 0 0 0 0
"8" 8 0.378238341969 148 143 87 64 26 17 10 3 2 0 0 0 0 0 0 0 0 0 0 0
"9" 9 0.430379746835 287 83 64 31 29 4 1 1 0 0 0 0 0 0 0 0 0 0 0 0
"10" 10 0.0298507462687 484 7 3 2 2 1 1 0 0 0 0 0 0 0 0 0 0 0 0 0
"11" 11 0.63475177305 411 32 27 12 9 2 2 2 1 1 1 0 0 0 0 0 0 0 0 0
"12" 12 0.615384615385 500 0 0 0 0 0 0 0 0 0 0 0 0 0 0 0 0 0 0 0
"13" 13 0.172185430464 350 149 1 0 0 0 0 0 0 0 0 0 0 0 0 0 0 0 0 0
"14" 14 0.805128205128 217 163 91 21 8 0 0 0 0 0 0 0 0 0 0 0 0 0 0 0
"15" 15 0.227848101266 244 86 80 32 28 10 8 5 2 2 2 1 0 0 0 0 0 0 0 0
"16" 16 0.504464285714 132 84 66 49 35 34 24 22 14 12 12 8 4 3 1 0 0 0 0 0
"17" 17 0.0348258706468 101 97 90 89 28 27 24 17 12 11 3 1 0 0 0 0 0 0 0 0
"18" 18 0.138686131387 300 80 47 44 13 9 5 1 1 0 0 0 0 0 0 0 0 0 0 0
"19" 19 0.010152284264 415 47 25 4 4 2 1 1 1 0 0 0 0 0 0 0 0 0 0 0
"20" 20 0.00497512437811 444 43 8 3 1 1 0 0 0 0 0 0 0 0 0 0 0 0 0 0
"21" 21 0.0152284263959 464 28 7 1 0 0 0 0 0 0 0 0 0 0 0 0 0 0 0 0
"22" 22 0.0 223 195 24 20 19 7 6 4 1 1 0 0 0 0 0 0 0 0 0 0
"23" 23 0.0 500 0 0 0 0 0 0 0 0 0 0 0 0 0 0 0 0 0 0 0
"24" 24 0.0696517412935 246 179 42 12 6 5 4 2 2 2 0 0 0 0 0 0 0 0 0 0
"25" 25 0.424870466321 416 58 18 2 2 1 1 1 1 0 0 0 0 0 0 0 0 0 0 0
"26" 26 0.413461538462 465 26 9 0 0 0 0 0 0 0 0 0 0 0 0 0 0 0 0 0
"27" 27 0.0077519379845 284 152 39 22 3 0 0 0 0 0 0 0 0 0 0 0 0 0 0 0
"28" 28 0.134615384615 500 0 0 0 0 0 0 0 0 0 0 0 0 0 0 0 0 0 0 0
"29" 29 0.0210970464135 408 42 23 15 5 2 2 2 1 0 0 0 0 0 0 0 0 0 0 0
"30" 30 0.372093023256 133 91 77 70 63 17 13 12 11 10 3 0 0 0 0 0 0 0 0 0
"31" 31 0.389534883721 248 65 50 48 41 18 15 11 2 2 0 0 0 0 0 0 0 0 0 0
"32" 32 0.010152284264 417 27 18 13 8 7 6 2 1 1 0 0 0 0 0 0 0 0 0 0
"33" 33 0.0 413 50 26 8 2 1 0 0 0 0 0 0 0 0 0 0 0 0 0 0
"34" 34 0.456273764259 135 134 81 55 23 21 14 11 9 4 3 3 3 3 1 0 0 0 0 0
"35" 35 0.335766423358 267 73 54 37 37 10 5 5 4 4 2 1 1 0 0 0 0 0 0 0
"36" 36 0.0149253731343 452 16 12 7 6 3 2 1 1 0 0 0 0 0 0 0 0 0 0 0
"37" 37 0.636771300448 397 86 7 4 4 1 1 0 0 0 0 0 0 0 0 0 0 0 0 0
"38" 38 0.0812182741117 339 70 23 17 15 13 11 7 2 2 1 0 0 0 0 0 0 0 0 0
"39" 39 0.5 500 0 0 0 0 0 0 0 0 0 0 0 0 0 0 0 0 0 0 0
"40" 40 0.285714285714 186 133 130 12 9 9 8 6 5 2 0 0 0 0 0 0 0 0 0 0
"41" 41 0.281609195402 385 22 17 16 15 13 11 9 4 2 2 1 1 1 1 0 0 0 0 0
"42" 42 0.494252873563 322 113 32 15 8 4 3 2 1 0 0 0 0 0 0 0 0 0 0 0
"43" 43 0.517441860465 122 119 64 48 39 37 22 16 11 7 6 3 3 2 1 0 0 0 0 0
"44" 44 0.360465116279 240 118 32 27 27 22 12 9 8 2 2 1 0 0 0 0 0 0 0 0
"45" 45 0.261603375527 163 80 54 51 48 37 16 16 14 12 4 3 1 1 0 0 0 0 0 0
"46" 46 0.471698113208 183 123 116 35 17 8 6 5 3 2 1 1 0 0 0 0 0 0 0 0
"47" 47 0.31976744186 406 34 14 10 9 6 5 5 3 3 3 1 1 0 0 0 0 0 0 0
"48" 48 0.761421319797 396 49 22 19 7 6 1 0 0 0 0 0 0 0 0 0 0 0 0 0
"49" 49 0.625 260 240 0 0 0 0 0 0 0 0 0 0 0 0 0 0 0 0 0 0
"50" 50 0.0376569037657 222 131 56 51 8 6 5 4 4 4 3 2 2 1 1 0 0 0 0 0
"51" 51 0.533333333333 117 99 74 56 39 39 16 12 10 9 6 6 5 5 5 2 0 0 0 0
"52" 52 0.0 262 53 53 50 31 13 10 8 8 7 2 2 1 0 0 0 0 0 0 0
"53" 53 0.107142857143 100 87 64 58 36 31 28 24 12 12 12 9 7 7 7 6 0 0 0 0
"54" 54 0.110465116279 223 169 49 22 16 9 4 3 3 2 0 0 0 0 0 0 0 0 0 0
"55" 55 0.0149253731343 346 48 42 23 13 8 8 7 3 1 1 0 0 0 0 0 0 0 0 0
"56" 56 0.298013245033 228 205 17 15 13 7 6 3 3 1 1 1 0 0 0 0 0 0 0 0
"57" 57 0.133079847909 306 117 34 19 7 5 3 2 2 1 1 1 1 1 0 0 0 0 0 0
"58" 58 0.240506329114 207 153 34 33 29 18 10 6 5 2 2 1 0 0 0 0 0 0 0 0
"59" 59 0.123076923077 499 1 0 0 0 0 0 0 0 0 0 0 0 0 0 0 0 0 0 0
"60" 60 0.0149253731343 359 98 15 10 8 8 1 1 0 0 0 0 0 0 0 0 0 0 0 0
"61" 61 0.223628691983 215 81 56 42 36 25 19 15 5 4 2 0 0 0 0 0 0 0 0 0
"62" 62 0.0298507462687 425 60 6 4 3 1 1 0 0 0 0 0 0 0 0 0 0 0 0 0
"63" 63 0.0 258 147 53 8 7 6 5 4 4 3 2 1 1 1 0 0 0 0 0 0
"64" 64 0.0287356321839 450 34 7 5 4 0 0 0 0 0 0 0 0 0 0 0 0 0 0 0
"65" 65 0.0141843971631 323 89 63 11 10 1 1 1 1 0 0 0 0 0 0 0 0 0 0 0
"66" 66 0.40932642487 195 108 60 45 34 19 14 14 4 3 2 1 1 0 0 0 0 0 0 0
"67" 67 0.0248756218905 417 53 9 8 5 4 2 1 1 0 0 0 0 0 0 0 0 0 0 0
"68" 68 0.951923076923 496 4 0 0 0 0 0 0 0 0 0 0 0 0 0 0 0 0 0 0
"69" 69 0.390862944162 155 70 67 48 39 35 33 23 13 7 5 3 2 0 0 0 0 0 0 0
"70" 70 0.328467153285 354 56 35 31 10 6 3 2 1 1 1 0 0 0 0 0 0 0 0 0
"71" 71 0.698113207547 335 96 31 24 5 5 2 2 0 0 0 0 0 0 0 0 0 0 0 0
"72" 72 0.110266159696 377 19 18 15 12 11 8 8 8 7 5 4 3 3 2 0 0 0 0 0
"73" 73 0.031914893617 280 94 30 24 20 18 11 7 4 3 2 2 2 2 1 0 0 0 0 0
"74" 74 0.120437956204 195 98 67 40 28 23 13 11 10 8 5 2 0 0 0 0 0 0 0 0
"75" 75 0.588607594937 153 137 114 35 21 15 5 5 5 5 3 2 0 0 0 0 0 0 0 0
"76" 76 0.110266159696 153 130 64 36 27 22 21 20 14 6 4 1 1 1 0 0 0 0 0 0
"77" 77 0.00760456273764 377 43 39 20 7 5 3 2 2 2 0 0 0 0 0 0 0 0 0 0
"78" 78 0.550387596899 199 119 55 36 29 27 18 7 6 4 0 0 0 0 0 0 0 0 0 0
"79" 79 0.305699481865 134 114 84 42 41 27 14 12 11 9 7 5 0 0 0 0 0 0 0 0
"80" 80 0.0813953488372 325 155 9 6 5 0 0 0 0 0 0 0 0 0 0 0 0 0 0 0
"81" 81 0.147286821705 317 52 29 26 25 14 13 10 9 3 2 0 0 0 0 0 0 0 0 0
"82" 82 0.0 407 68 25 0 0 0 0 0 0 0 0 0 0 0 0 0 0 0 0 0
"83" 83 0.0747126436782 362 86 36 10 2 2 2 0 0 0 0 0 0 0 0 0 0 0 0 0
"84" 84 0.0203045685279 462 33 3 1 1 0 0 0 0 0 0 0 0 0 0 0 0 0 0 0
"85" 85 0.00418410041841 360 76 42 16 2 1 1 1 1 0 0 0 0 0 0 0 0 0 0 0
"86" 86 0.00574712643678 445 33 15 5 2 0 0 0 0 0 0 0 0 0 0 0 0 0 0 0
"87" 87 0.0287356321839 261 131 42 20 17 12 9 5 2 1 0 0 0 0 0 0 0 0 0 0
"88" 88 0.124352331606 457 31 10 2 0 0 0 0 0 0 0 0 0 0 0 0 0 0 0 0
"89" 89 0.0 305 178 17 0 0 0 0 0 0 0 0 0 0 0 0 0 0 0 0 0
"90" 90 0.273255813953 405 83 6 3 3 0 0 0 0 0 0 0 0 0 0 0 0 0 0 0
"91" 91 0.160621761658 429 68 2 1 0 0 0 0 0 0 0 0 0 0 0 0 0 0 0 0
"92" 92 0.274261603376 188 101 59 54 30 23 20 12 8 2 2 1 0 0 0 0 0 0 0 0
"93" 93 0.725388601036 204 107 86 66 24 13 0 0 0 0 0 0 0 0 0 0 0 0 0 0
"94" 94 0.313868613139 295 77 70 25 14 9 7 2 1 0 0 0 0 0 0 0 0 0 0 0
"95" 95 0.0137614678899 181 155 104 27 12 10 7 4 0 0 0 0 0 0 0 0 0 0 0 0
"96" 96 0.443708609272 169 109 98 78 18 9 7 6 4 1 1 0 0 0 0 0 0 0 0 0
"97" 97 0.43023255814 167 153 81 33 22 17 7 6 5 3 3 2 1 0 0 0 0 0 0 0
"98" 98 0.0387596899225 183 126 81 34 25 21 13 10 3 2 1 1 0 0 0 0 0 0 0 0
"99" 99 0.119205298013 177 147 93 36 30 10 4 2 1 0 0 0 0 0 0 0 0 0 0 0
"100" 100 0.544303797468 149 135 122 46 14 8 7 5 5 3 2 2 1 1 0 0 0 0 0 0
"101" 101 0.0803571428571 294 68 42 34 32 11 8 6 2 2 1 0 0 0 0 0 0 0 0 0
"102" 102 0.0248756218905 249 170 20 19 12 7 7 6 5 3 1 1 0 0 0 0 0 0 0 0
"103" 103 0.315789473684 182 154 85 29 15 14 9 9 2 1 0 0 0 0 0 0 0 0 0 0
"104" 104 0.338308457711 184 95 69 37 27 22 19 16 10 5 5 5 3 2 1 0 0 0 0 0
"105" 105 0.0229357798165 198 134 44 32 22 21 18 15 6 3 2 2 2 1 0 0 0 0 0 0
"106" 106 0.1592039801 315 93 32 19 10 9 5 5 3 2 2 2 1 1 1 0 0 0 0 0
"107" 107 0.354260089686 316 43 40 33 29 24 9 4 2 0 0 0 0 0 0 0 0 0 0 0
"108" 108 0.303571428571 159 102 61 36 36 36 33 11 10 7 3 2 2 2 0 0 0 0 0 0
"109" 109 0.388392857143 277 142 50 11 8 6 3 2 1 0 0 0 0 0 0 0 0 0 0 0
"110" 110 0.455357142857 405 47 10 10 10 9 5 1 1 1 1 0 0 0 0 0 0 0 0 0
"111" 111 0.00995024875622 466 15 13 2 2 1 1 0 0 0 0 0 0 0 0 0 0 0 0 0
"112" 112 0.242152466368 367 85 26 13 5 2 2 0 0 0 0 0 0 0 0 0 0 0 0 0
"113" 113 0.632124352332 319 81 41 29 16 8 4 1 1 0 0 0 0 0 0 0 0 0 0 0
"114" 114 0.031007751938 468 32 0 0 0 0 0 0 0 0 0 0 0 0 0 0 0 0 0 0
"115" 115 0.031007751938 273 80 71 30 19 15 10 1 1 0 0 0 0 0 0 0 0 0 0 0
"116" 116 0.044776119403 252 82 52 34 31 30 8 4 3 1 1 1 1 0 0 0 0 0 0 0
"117" 117 0.0 335 69 61 33 1 1 0 0 0 0 0 0 0 0 0 0 0 0 0 0
"118" 118 0.0 331 81 75 5 4 3 1 0 0 0 0 0 0 0 0 0 0 0 0 0
"119" 119 0.0 447 28 23 2 0 0 0 0 0 0 0 0 0 0 0 0 0 0 0 0
"120" 120 0.0 289 178 31 2 0 0 0 0 0 0 0 0 0 0 0 0 0 0 0 0
"121" 121 0.0307692307692 286 192 21 1 0 0 0 0 0 0 0 0 0 0 0 0 0 0 0 0
"122" 122 0.257383966245 184 177 105 27 6 1 0 0 0 0 0 0 0 0 0 0 0 0 0 0
"123" 123 0.233183856502 324 119 23 13 9 6 3 3 0 0 0 0 0 0 0 0 0 0 0 0
"124" 124 0.40414507772 238 111 86 21 14 11 9 2 2 2 2 1 1 0 0 0 0 0 0 0
"125" 125 0.439461883408 263 105 49 22 21 13 10 5 4 2 1 1 1 1 1 1 0 0 0 0
"126" 126 0.723270440252 497 3 0 0 0 0 0 0 0 0 0 0 0 0 0 0 0 0 0 0
"127" 127 0.663461538462 500 0 0 0 0 0 0 0 0 0 0 0 0 0 0 0 0 0 0 0
"128" 128 0.178294573643 391 109 0 0 0 0 0 0 0 0 0 0 0 0 0 0 0 0 0 0
"129" 129 0.154228855721 229 49 49 40 39 31 30 15 9 6 2 1 0 0 0 0 0 0 0 0
"130" 130 0.278145695364 408 63 16 10 1 1 1 0 0 0 0 0 0 0 0 0 0 0 0 0
"131" 131 0.186046511628 363 40 29 26 17 11 4 4 3 1 1 1 0 0 0 0 0 0 0 0
"132" 132 0.602649006623 205 190 41 24 11 11 9 5 3 1 0 0 0 0 0 0 0 0 0 0
"133" 133 0.455357142857 280 142 26 19 11 7 6 3 2 2 2 0 0 0 0 0 0 0 0 0
"134" 134 0.0 232 93 40 33 30 23 15 14 10 6 3 1 0 0 0 0 0 0 0 0
"135" 135 0.119205298013 294 100 65 17 13 6 3 2 0 0 0 0 0 0 0 0 0 0 0 0
"136" 136 0.248945147679 235 84 55 33 31 24 16 10 7 2 1 1 1 0 0 0 0 0 0 0
"137" 137 0.401785714286 110 90 75 73 46 22 19 14 12 11 7 7 6 4 3 1 0 0 0 0
"138" 138 0.0 269 231 0 0 0 0 0 0 0 0 0 0 0 0 0 0 0 0 0 0
"139" 139 0.435897435897 180 71 53 46 46 29 27 17 16 12 3 0 0 0 0 0 0 0 0 0
"140" 140 0.00995024875622 439 32 21 4 2 1 1 0 0 0 0 0 0 0 0 0 0 0 0 0
"141" 141 0.632183908046 171 126 80 48 36 10 8 6 5 4 3 3 0 0 0 0 0 0 0 0
"142" 142 0.334821428571 201 85 82 64 32 20 7 5 2 1 1 0 0 0 0 0 0 0 0 0
"143" 143 0.179104477612 278 136 32 20 13 7 7 2 1 1 1 1 1 0 0 0 0 0 0 0
"144" 144 0.35864978903 204 159 91 24 12 8 2 0 0 0 0 0 0 0 0 0 0 0 0 0
"145" 145 0.533678756477 495 5 0 0 0 0 0 0 0 0 0 0 0 0 0 0 0 0 0 0
"146" 146 0.226277372263 247 117 52 40 27 8 5 4 0 0 0 0 0 0 0 0 0 0 0 0
"147" 147 0.437086092715 82 60 57 56 51 48 44 25 18 18 16 11 10 2 1 1 0 0 0 0
"148" 148 0.276595744681 329 141 15 15 0 0 0 0 0 0 0 0 0 0 0 0 0 0 0 0
"149" 149 0.165562913907 139 98 81 68 33 24 19 19 9 9 1 0 0 0 0 0 0 0 0 0
"150" 150 0.172588832487 424 43 16 7 5 2 1 1 1 0 0 0 0 0 0 0 0 0 0 0
"151" 151 0.166666666667 183 175 88 12 11 9 6 5 4 3 2 1 1 0 0 0 0 0 0 0
"152" 152 0.333333333333 215 146 57 37 17 15 5 5 2 1 0 0 0 0 0 0 0 0 0 0
"153" 153 0.0132450331126 489 8 3 0 0 0 0 0 0 0 0 0 0 0 0 0 0 0 0 0
"154" 154 0.0264900662252 234 117 75 34 12 7 7 4 4 2 2 1 1 0 0 0 0 0 0 0
"155" 155 0.0 293 196 4 2 2 1 1 1 0 0 0 0 0 0 0 0 0 0 0 0
"156" 156 0.609137055838 172 128 42 41 31 28 21 16 8 8 2 2 1 0 0 0 0 0 0 0
"157" 157 0.206751054852 183 131 42 38 29 26 16 14 8 7 3 2 1 0 0 0 0 0 0 0
"158" 158 0.115384615385 424 44 12 10 4 2 2 1 1 0 0 0 0 0 0 0 0 0 0 0
"159" 159 0.5 236 143 59 28 10 9 5 3 3 2 2 0 0 0 0 0 0 0 0 0
"160" 160 0.0769230769231 500 0 0 0 0 0 0 0 0 0 0 0 0 0 0 0 0 0 0 0
"161" 161 0.0 190 165 49 34 31 18 6 3 2 1 1 0 0 0 0 0 0 0 0 0
"162" 162 0.296511627907 133 109 87 57 40 22 17 9 9 5 5 3 2 1 1 0 0 0 0 0
"163" 163 0.535714285714 160 115 97 54 48 14 6 6 0 0 0 0 0 0 0 0 0 0 0 0
"164" 164 0.0 251 214 35 0 0 0 0 0 0 0 0 0 0 0 0 0 0 0 0 0
"165" 165 0.0199004975124 344 66 51 20 8 3 2 2 2 1 1 0 0 0 0 0 0 0 0 0
"166" 166 0.362694300518 200 177 50 46 13 5 3 2 2 1 1 0 0 0 0 0 0 0 0 0
"167" 167 0.269503546099 248 70 39 26 25 20 20 16 12 8 6 3 3 2 2 0 0 0 0 0
"168" 168 0.00497512437811 367 70 31 14 11 3 2 1 1 0 0 0 0 0 0 0 0 0 0 0
"169" 169 0.0152284263959 233 172 34 30 10 6 5 5 3 2 0 0 0 0 0 0 0 0 0 0
"170" 170 0.367875647668 239 111 51 35 25 18 8 8 2 2 1 0 0 0 0 0 0 0 0 0
"171" 171 0.149425287356 73 69 65 55 44 36 35 32 26 21 15 11 9 5 2 2 0 0 0 0
"172" 172 0.0152284263959 174 110 81 73 55 4 3 0 0 0 0 0 0 0 0 0 0 0 0 0
"173" 173 0.383966244726 193 154 74 30 24 12 11 2 0 0 0 0 0 0 0 0 0 0 0 0
"174" 174 0.558035714286 94 88 86 78 77 29 20 10 8 4 3 3 0 0 0 0 0 0 0 0
"175" 175 0.495535714286 245 104 47 40 25 12 9 8 8 2 0 0 0 0 0 0 0 0 0 0
"176" 176 0.345291479821 167 107 59 45 39 26 20 20 7 7 2 1 0 0 0 0 0 0 0 0
"177" 177 0.855721393035 244 74 71 47 27 18 16 1 1 1 0 0 0 0 0 0 0 0 0 0
