"site" "RSA" "aa1" "aa2" "aa3" "aa4" "aa5" "aa6" "aa7" "aa8" "aa9" "aa10" "aa11" "aa12" "aa13" "aa14" "aa15" "aa16" "aa17" "aa18" "aa19" "aa20"
"0" 0 0.646788990826 167 166 33 32 29 23 19 10 4 4 3 2 2 2 2 1 1 0 0 0
"1" 1 0.515695067265 92 69 61 47 38 38 33 27 19 17 13 12 10 7 5 4 4 3 1 0
"2" 2 0.53488372093 97 73 60 59 44 40 31 27 20 11 11 8 8 4 4 3 0 0 0 0
"3" 3 0.0203045685279 213 143 55 21 17 17 12 8 4 3 3 3 1 0 0 0 0 0 0 0
"4" 4 0.130801687764 124 95 48 48 42 36 28 26 24 11 9 7 1 1 0 0 0 0 0 0
"5" 5 0.0 227 158 50 14 13 9 8 7 5 4 3 1 1 0 0 0 0 0 0 0
"6" 6 0.0 241 123 32 26 19 16 12 11 5 4 4 3 2 1 1 0 0 0 0 0
"7" 7 0.0 289 65 51 20 17 15 14 10 6 4 3 2 2 2 0 0 0 0 0 0
"8" 8 0.0 104 86 76 61 35 33 26 23 18 13 8 6 5 3 2 1 0 0 0 0
"9" 9 0.0 499 1 0 0 0 0 0 0 0 0 0 0 0 0 0 0 0 0 0 0
"10" 10 0.129533678756 147 98 53 49 42 20 15 14 13 11 10 8 7 4 3 3 3 0 0 0
"11" 11 0.317307692308 89 58 49 42 42 36 34 26 23 23 23 18 13 12 7 3 1 1 0 0
"12" 12 0.643410852713 271 221 6 1 1 0 0 0 0 0 0 0 0 0 0 0 0 0 0 0
"13" 13 0.0114942528736 170 119 86 47 26 19 11 10 4 3 2 1 1 1 0 0 0 0 0 0
"14" 14 0.221153846154 483 10 3 2 2 0 0 0 0 0 0 0 0 0 0 0 0 0 0 0
"15" 15 0.0632911392405 237 65 45 32 27 22 21 20 16 5 5 4 1 0 0 0 0 0 0 0
"16" 16 0.122093023256 62 62 52 40 39 32 29 29 28 24 24 21 18 13 11 11 3 2 0 0
"17" 17 0.0886075949367 86 84 81 64 41 28 22 14 14 13 13 10 9 9 7 3 1 1 0 0
"18" 18 0.00497512437811 272 48 46 28 26 20 15 15 7 6 5 3 3 2 2 1 1 0 0 0
"19" 19 0.0 128 102 70 68 45 30 18 17 15 3 3 1 0 0 0 0 0 0 0 0
"20" 20 0.10152284264 101 86 46 46 36 32 32 29 27 19 18 7 6 5 4 3 2 1 0 0
"21" 21 0.00662251655629 246 99 34 22 17 16 11 11 8 7 7 5 5 5 3 2 1 1 0 0
"22" 22 0.155893536122 259 105 52 24 22 14 10 5 2 2 2 1 1 1 0 0 0 0 0 0
"23" 23 0.232558139535 190 127 58 25 24 23 20 10 10 4 3 3 1 1 1 0 0 0 0 0
"24" 24 0.482558139535 138 72 52 49 38 37 32 31 19 13 7 6 4 1 1 0 0 0 0 0
"25" 25 0.615384615385 206 149 62 29 17 12 9 9 3 2 2 0 0 0 0 0 0 0 0 0
"26" 26 0.387596899225 134 114 65 34 24 23 20 17 15 13 13 10 8 6 3 1 0 0 0 0
"27" 27 0.334728033473 125 57 56 49 47 46 31 15 15 12 11 10 10 4 4 3 3 2 0 0
"28" 28 0.138364779874 228 131 51 19 19 15 8 7 7 6 5 2 1 1 0 0 0 0 0 0
"29" 29 0.644230769231 481 12 3 2 1 1 0 0 0 0 0 0 0 0 0 0 0 0 0 0
"30" 30 0.580357142857 165 144 40 37 30 28 21 11 7 7 3 2 2 1 1 1 0 0 0 0
"31" 31 0.285171102662 164 78 70 47 32 23 20 13 11 9 9 8 7 6 2 1 0 0 0 0
"32" 32 0.472081218274 92 71 67 53 41 35 29 27 22 18 14 10 7 6 5 2 1 0 0 0
"33" 33 0.301886792453 144 125 71 37 35 24 22 11 9 4 4 3 3 2 2 2 2 0 0 0
"34" 34 0.744186046512 184 95 72 60 26 24 21 6 5 5 1 1 0 0 0 0 0 0 0 0
"35" 35 0.454022988506 120 91 80 62 37 25 24 20 13 12 6 4 2 2 1 1 0 0 0 0
"36" 36 0.326359832636 161 64 52 46 35 30 18 17 16 13 10 9 8 7 6 4 3 1 0 0
"37" 37 0.39896373057 118 110 107 56 28 27 14 13 9 4 3 3 3 2 1 1 1 0 0 0
"38" 38 0.4 139 99 79 72 19 19 17 14 12 8 6 4 3 3 3 2 1 0 0 0
"39" 39 0.121673003802 190 76 54 38 30 29 25 19 15 7 4 4 3 2 2 1 1 0 0 0
"40" 40 0.490066225166 81 56 53 46 44 40 36 34 33 18 15 15 12 10 5 1 1 0 0 0
"41" 41 0.0697674418605 145 79 57 47 37 23 21 20 10 10 10 9 8 7 7 5 5 0 0 0
"42" 42 0.533333333333 65 64 53 46 43 39 39 38 36 33 10 10 9 8 6 1 0 0 0 0
"43" 43 0.17816091954 105 51 50 46 38 34 31 30 29 23 19 18 13 9 2 2 0 0 0 0
"44" 44 0.610091743119 109 55 52 46 41 30 28 28 23 22 20 19 15 11 1 0 0 0 0 0
"45" 45 0.258620689655 125 80 61 52 49 31 29 23 15 11 6 5 5 4 2 1 1 0 0 0
"46" 46 0.554404145078 352 55 48 22 14 4 3 1 1 0 0 0 0 0 0 0 0 0 0 0
"47" 47 0.634615384615 348 152 0 0 0 0 0 0 0 0 0 0 0 0 0 0 0 0 0 0
"48" 48 0.20253164557 120 75 65 63 56 27 24 15 14 14 9 8 4 2 2 2 0 0 0 0
"49" 49 0.452830188679 147 86 66 53 47 21 16 15 13 8 8 7 5 4 3 1 0 0 0 0
"50" 50 0.0344827586207 162 92 86 47 40 35 12 11 8 4 2 1 0 0 0 0 0 0 0 0
"51" 51 0.241025641026 195 73 49 40 40 27 15 14 14 10 7 6 4 3 1 1 1 0 0 0
"52" 52 0.00497512437811 226 184 33 14 12 9 7 6 2 2 2 1 1 1 0 0 0 0 0 0
"53" 53 0.134615384615 75 73 71 66 60 37 32 27 23 22 4 3 3 2 2 0 0 0 0 0
"54" 54 0.0 238 117 99 15 10 7 3 3 3 2 1 1 1 0 0 0 0 0 0 0
"55" 55 0.237588652482 180 77 64 42 23 23 20 20 18 16 6 4 3 3 1 0 0 0 0 0
"56" 56 0.0310880829016 114 76 74 50 28 28 27 23 22 20 10 8 7 4 4 3 1 1 0 0
"57" 57 0.0290697674419 264 120 42 28 25 5 5 3 3 2 1 1 1 0 0 0 0 0 0 0
"58" 58 0.0387596899225 92 80 73 49 40 39 36 18 15 13 11 8 8 7 4 3 3 1 0 0
"59" 59 0.0576923076923 373 64 14 12 9 8 7 4 2 2 1 1 1 1 1 0 0 0 0 0
"60" 60 0.358744394619 127 97 48 37 35 33 29 22 20 17 10 9 6 5 3 2 0 0 0 0
"61" 61 0.691964285714 157 101 74 49 42 25 15 14 13 4 3 2 1 0 0 0 0 0 0 0
"62" 62 0.647668393782 91 85 74 69 50 39 32 17 14 14 6 5 3 1 0 0 0 0 0 0
"63" 63 0.326996197719 199 110 60 36 19 17 17 8 7 7 7 4 3 3 2 1 0 0 0 0
"64" 64 0.310880829016 167 135 56 44 26 21 9 8 7 7 6 4 3 3 2 2 0 0 0 0
"65" 65 0.835766423358 155 124 93 40 33 13 13 10 8 4 3 2 1 1 0 0 0 0 0 0
"66" 66 0.52736318408 183 88 54 47 25 23 21 16 15 8 6 5 3 3 3 0 0 0 0 0
"67" 67 0.029197080292 171 102 57 25 21 19 17 16 13 13 12 12 11 4 3 2 1 1 0 0
"68" 68 0.0817610062893 249 64 54 29 22 18 17 12 9 7 5 4 4 3 2 1 0 0 0 0
"69" 69 0.621890547264 154 141 107 24 24 21 14 9 3 2 1 0 0 0 0 0 0 0 0 0
"70" 70 0.245033112583 249 84 41 24 21 15 15 14 13 7 7 4 3 2 1 0 0 0 0 0
"71" 71 0.0190114068441 141 95 53 51 43 37 18 13 13 11 8 6 6 3 1 1 0 0 0 0
"72" 72 0.51572327044 299 111 73 10 3 2 1 1 0 0 0 0 0 0 0 0 0 0 0 0
"73" 73 0.385650224215 316 177 4 3 0 0 0 0 0 0 0 0 0 0 0 0 0 0 0 0
"74" 74 0.0639534883721 168 165 72 53 18 15 4 4 1 0 0 0 0 0 0 0 0 0 0 0
"75" 75 0.310880829016 369 43 28 26 18 6 5 2 1 1 1 0 0 0 0 0 0 0 0 0
"76" 76 0.0 274 130 40 22 11 10 6 3 2 1 1 0 0 0 0 0 0 0 0 0
"77" 77 0.0 319 99 20 17 15 14 9 4 2 1 0 0 0 0 0 0 0 0 0 0
"78" 78 0.0 137 118 102 46 27 20 19 19 7 3 1 1 0 0 0 0 0 0 0 0
"79" 79 0.0 174 159 75 15 15 14 14 13 10 4 3 3 1 0 0 0 0 0 0 0
"80" 80 0.0 250 71 45 45 28 22 10 9 8 3 3 2 2 2 0 0 0 0 0 0
"81" 81 0.0 268 80 75 36 22 8 4 2 2 1 1 1 0 0 0 0 0 0 0 0
"82" 82 0.0198675496689 252 211 11 9 6 6 3 1 1 0 0 0 0 0 0 0 0 0 0 0
"83" 83 0.0 314 62 58 17 16 16 6 3 3 2 1 1 1 0 0 0 0 0 0 0
"84" 84 0.0459770114943 379 38 24 17 11 9 7 5 4 3 2 1 0 0 0 0 0 0 0 0
"85" 85 0.291390728477 306 127 30 13 10 3 2 2 2 2 1 1 1 0 0 0 0 0 0 0
"86" 86 0.14465408805 154 114 93 69 28 23 6 3 3 2 2 1 1 1 0 0 0 0 0 0
"87" 87 0.488372093023 243 105 71 21 15 13 11 8 5 3 2 1 1 1 0 0 0 0 0 0
"88" 88 0.0198675496689 292 81 39 17 16 12 12 11 7 4 4 3 1 1 0 0 0 0 0 0
"89" 89 0.108786610879 236 95 30 29 22 19 17 15 7 7 6 6 4 2 2 2 1 0 0 0
"90" 90 0.397321428571 200 63 59 45 38 30 22 15 9 8 6 2 2 1 0 0 0 0 0 0
"91" 91 0.25641025641 193 127 36 24 24 21 19 14 14 14 6 4 2 1 1 0 0 0 0 0
"92" 92 0.0 218 70 45 45 35 29 13 11 10 9 6 5 2 1 1 0 0 0 0 0
"93" 93 0.332116788321 105 63 54 51 37 32 32 26 25 22 15 10 10 7 5 4 2 0 0 0
"94" 94 0.46511627907 164 114 50 50 38 28 23 14 7 4 3 3 1 1 0 0 0 0 0 0
"95" 95 0.194092827004 100 74 68 59 56 44 41 38 8 8 2 2 0 0 0 0 0 0 0 0
"96" 96 0.0 150 120 56 51 42 26 26 13 8 5 2 1 0 0 0 0 0 0 0 0
"97" 97 0.300380228137 166 110 87 59 19 13 7 7 6 6 5 5 4 3 2 1 0 0 0 0
"98" 98 0.389937106918 173 103 77 61 26 22 18 14 3 2 1 0 0 0 0 0 0 0 0 0
"99" 99 0.116071428571 175 61 59 54 40 21 21 18 16 16 9 3 3 2 1 1 0 0 0 0
"100" 100 0.0 153 121 67 36 22 22 18 16 13 11 8 4 4 3 1 1 0 0 0 0
"101" 101 0.20802919708 118 93 87 41 32 30 29 28 11 9 8 6 5 2 1 0 0 0 0 0
"102" 102 0.712918660287 146 58 57 42 38 36 36 27 21 17 7 7 4 3 1 0 0 0 0 0
"103" 103 0.416267942584 100 98 70 53 41 36 35 23 10 7 6 6 4 4 3 3 1 0 0 0
"104" 104 0.0949367088608 179 108 81 26 25 24 15 13 9 7 4 4 3 1 1 0 0 0 0 0
"105" 105 0.471698113208 124 122 69 40 37 31 21 21 13 9 7 4 2 0 0 0 0 0 0 0
"106" 106 0.846889952153 197 181 57 23 21 14 3 2 1 1 0 0 0 0 0 0 0 0 0 0
"107" 107 0.133720930233 272 88 65 17 10 9 9 7 7 4 3 3 3 1 1 1 0 0 0 0
"108" 108 0.207547169811 161 116 61 29 22 20 17 17 13 10 9 9 3 3 3 3 2 2 0 0
"109" 109 0.0 173 172 93 32 12 5 5 3 2 1 1 1 0 0 0 0 0 0 0 0
"110" 110 0.0 136 83 56 51 47 42 34 21 9 7 5 4 4 1 0 0 0 0 0 0
"111" 111 0.0 359 35 26 14 13 12 12 9 8 6 3 1 1 1 0 0 0 0 0 0
"112" 112 0.0 105 101 72 68 57 47 23 11 9 5 2 0 0 0 0 0 0 0 0 0
"113" 113 0.0 166 158 74 27 14 11 8 7 7 6 6 5 3 2 2 2 1 1 0 0
"114" 114 0.0290697674419 250 131 45 29 28 6 3 2 2 1 1 1 1 0 0 0 0 0 0 0
"115" 115 0.295358649789 227 124 43 41 37 18 4 3 3 0 0 0 0 0 0 0 0 0 0 0
"116" 116 0.223880597015 187 72 64 46 27 26 25 22 8 7 5 4 3 3 1 0 0 0 0 0
"117" 117 0.227979274611 206 151 31 25 19 14 13 12 7 7 5 5 2 2 1 0 0 0 0 0
"118" 118 0.26368159204 117 115 75 58 29 29 28 14 14 7 6 4 3 1 0 0 0 0 0 0
"119" 119 0.21897810219 145 77 50 37 31 29 28 28 20 14 11 10 7 5 4 4 0 0 0 0
"120" 120 0.678756476684 167 76 73 71 36 32 16 10 8 4 3 2 2 0 0 0 0 0 0 0
"121" 121 0.326424870466 207 106 96 16 12 12 9 9 8 7 5 5 3 3 2 0 0 0 0 0
"122" 122 0.514767932489 136 117 72 67 33 23 19 13 9 5 3 2 1 0 0 0 0 0 0 0
"123" 123 0.575129533679 201 95 54 45 32 24 18 15 7 5 4 0 0 0 0 0 0 0 0 0
"124" 124 0.0813953488372 126 110 65 56 30 25 18 18 16 9 8 5 3 3 3 2 2 1 0 0
"125" 125 0.279187817259 117 90 68 67 63 53 16 9 5 5 3 2 1 1 0 0 0 0 0 0
"126" 126 0.294642857143 132 102 76 37 33 29 25 16 13 13 9 9 2 2 1 1 0 0 0 0
"127" 127 0.492700729927 166 123 61 27 24 20 18 15 12 11 9 8 3 1 1 1 0 0 0 0
"128" 128 0.0298507462687 421 44 10 6 5 4 4 2 2 1 1 0 0 0 0 0 0 0 0 0
"129" 129 0.532846715328 106 83 75 62 59 44 21 10 10 10 8 5 4 2 1 0 0 0 0 0
"130" 130 0.709844559585 182 96 50 44 33 28 15 13 12 11 11 2 1 1 1 0 0 0 0 0
"131" 131 0.37552742616 152 93 76 56 36 31 23 15 8 4 3 2 1 0 0 0 0 0 0 0
"132" 132 0.620253164557 342 158 0 0 0 0 0 0 0 0 0 0 0 0 0 0 0 0 0 0
"133" 133 0.417910447761 230 102 65 49 28 9 5 5 4 2 1 0 0 0 0 0 0 0 0 0
"134" 134 0.441860465116 189 95 61 50 26 23 17 10 10 7 6 3 1 1 1 0 0 0 0 0
"135" 135 0.0943396226415 324 49 29 27 22 13 11 10 5 4 2 2 1 1 0 0 0 0 0 0
"136" 136 0.0406091370558 190 160 52 25 22 13 12 9 4 3 3 3 1 1 1 1 0 0 0 0
"137" 137 0.331395348837 174 143 58 24 21 18 14 13 11 9 6 4 3 2 0 0 0 0 0 0
"138" 138 0.425855513308 150 125 45 45 38 24 22 15 10 10 6 5 4 1 0 0 0 0 0 0
"139" 139 0.559748427673 225 121 48 42 34 13 10 6 1 0 0 0 0 0 0 0 0 0 0 0
"140" 140 0.421524663677 171 83 54 43 41 33 30 18 10 8 3 2 2 2 0 0 0 0 0 0
"141" 141 0.0 207 122 58 43 21 20 8 5 5 3 3 2 1 1 1 0 0 0 0 0
"142" 142 0.213930348259 196 87 67 57 30 22 13 10 5 5 4 2 1 1 0 0 0 0 0 0
"143" 143 0.426356589147 132 103 72 60 40 18 17 15 12 12 11 4 3 1 0 0 0 0 0 0
"144" 144 0.0183486238532 110 85 49 39 33 32 32 30 22 20 14 14 7 6 5 1 1 0 0 0
"145" 145 0.0387596899225 334 125 16 8 6 5 2 1 1 1 1 0 0 0 0 0 0 0 0 0
"146" 146 0.656934306569 125 84 61 50 45 44 38 30 6 6 4 3 3 1 0 0 0 0 0 0
"147" 147 0.415178571429 96 92 74 62 44 39 27 20 14 10 6 5 3 3 3 2 0 0 0 0
"148" 148 0.010152284264 248 86 40 31 22 17 9 8 7 7 7 6 5 3 2 2 0 0 0 0
"149" 149 0.480769230769 251 243 3 2 1 0 0 0 0 0 0 0 0 0 0 0 0 0 0 0
"150" 150 0.132450331126 247 145 31 22 18 18 8 4 3 3 1 0 0 0 0 0 0 0 0 0
"151" 151 0.48275862069 135 99 88 38 33 24 18 13 13 10 9 7 5 3 2 2 1 0 0 0
"152" 152 0.367088607595 132 115 92 42 24 24 17 13 12 7 6 5 5 3 2 1 0 0 0 0
"153" 153 0.041825095057 152 79 61 49 37 32 20 17 17 16 5 4 3 3 3 1 1 0 0 0
"154" 154 0.10447761194 98 88 66 58 57 45 38 19 8 7 6 5 3 2 0 0 0 0 0 0
"155" 155 0.116071428571 109 69 61 46 45 28 22 20 19 18 15 15 14 10 5 2 2 0 0 0
"156" 156 0.00632911392405 228 130 58 21 18 9 7 6 6 4 4 4 2 2 1 0 0 0 0 0
"157" 157 0.0 375 43 27 20 20 5 4 3 1 1 1 0 0 0 0 0 0 0 0 0
"158" 158 0.100775193798 123 88 57 52 48 39 23 22 11 7 7 6 4 4 3 3 1 1 1 0
"159" 159 0.482587064677 97 88 55 54 51 35 29 25 18 15 11 10 5 4 3 0 0 0 0 0
"160" 160 0.31976744186 159 105 55 33 26 25 23 22 18 13 9 5 4 2 1 0 0 0 0 0
"161" 161 0.318385650224 217 71 63 47 37 18 14 8 7 6 6 4 1 1 0 0 0 0 0 0
"162" 162 0.624087591241 158 108 68 62 46 21 10 9 7 6 2 1 1 1 0 0 0 0 0 0
"163" 163 0.317307692308 448 38 7 4 2 1 0 0 0 0 0 0 0 0 0 0 0 0 0 0
"164" 164 0.0248756218905 294 70 36 23 20 15 14 6 6 5 3 3 2 2 1 0 0 0 0 0
"165" 165 0.548523206751 94 73 63 60 52 50 24 18 13 13 12 7 7 6 5 3 0 0 0 0
"166" 166 0.372093023256 92 92 79 54 50 42 39 16 15 8 4 3 2 2 1 1 0 0 0 0
"167" 167 0.0 112 91 74 74 42 42 28 26 5 2 2 1 1 0 0 0 0 0 0 0
"168" 168 0.0 247 191 38 9 9 2 1 1 1 1 0 0 0 0 0 0 0 0 0 0
"169" 169 0.170984455959 88 75 66 65 65 49 39 17 9 8 6 3 3 2 2 2 1 0 0 0
"170" 170 0.165178571429 81 64 57 56 45 43 37 27 23 21 17 10 10 4 2 2 1 0 0 0
"171" 171 0.0 181 123 72 40 34 19 18 4 3 3 2 1 0 0 0 0 0 0 0 0
"172" 172 0.0507614213198 85 72 64 49 45 44 31 28 16 15 14 13 9 5 4 3 3 0 0 0
"173" 173 0.419708029197 141 80 63 52 34 33 30 22 12 8 7 6 4 3 2 2 1 0 0 0
"174" 174 0.255813953488 127 103 103 98 22 18 14 6 3 3 2 1 0 0 0 0 0 0 0 0
"175" 175 0.258620689655 243 93 56 27 20 18 14 8 8 6 3 3 1 0 0 0 0 0 0 0
"176" 176 0.303482587065 195 78 49 36 23 19 18 14 13 11 9 8 7 7 7 4 2 0 0 0
"177" 177 1.05769230769 500 0 0 0 0 0 0 0 0 0 0 0 0 0 0 0 0 0 0 0
