"site" "RSA" "aa1" "aa2" "aa3" "aa4" "aa5" "aa6" "aa7" "aa8" "aa9" "aa10" "aa11" "aa12" "aa13" "aa14" "aa15" "aa16" "aa17" "aa18" "aa19" "aa20"
"0" 0 0.720207253886 500 0 0 0 0 0 0 0 0 0 0 0 0 0 0 0 0 0 0 0
"1" 1 0.600896860987 410 72 13 5 0 0 0 0 0 0 0 0 0 0 0 0 0 0 0 0
"2" 2 0.627906976744 427 46 22 3 2 0 0 0 0 0 0 0 0 0 0 0 0 0 0 0
"3" 3 0.562189054726 368 62 59 10 1 0 0 0 0 0 0 0 0 0 0 0 0 0 0 0
"4" 4 0.291390728477 183 144 96 28 23 20 6 0 0 0 0 0 0 0 0 0 0 0 0 0
"5" 5 0.389121338912 293 175 9 8 6 5 4 0 0 0 0 0 0 0 0 0 0 0 0 0
"6" 6 0.393034825871 294 113 41 26 22 3 1 0 0 0 0 0 0 0 0 0 0 0 0 0
"7" 7 0.548523206751 217 169 51 43 8 8 3 1 0 0 0 0 0 0 0 0 0 0 0 0
"8" 8 0.569948186528 213 128 67 47 22 15 5 2 1 0 0 0 0 0 0 0 0 0 0 0
"9" 9 0.175732217573 336 53 49 25 17 11 6 3 0 0 0 0 0 0 0 0 0 0 0 0
"10" 10 0.407960199005 156 132 104 46 32 11 11 4 4 0 0 0 0 0 0 0 0 0 0 0
"11" 11 0.410852713178 274 67 49 38 35 20 14 3 0 0 0 0 0 0 0 0 0 0 0 0
"12" 12 0.240384615385 138 134 87 66 43 18 6 6 1 1 0 0 0 0 0 0 0 0 0 0
"13" 13 0.00961538461538 163 109 76 62 32 21 13 9 7 3 3 2 0 0 0 0 0 0 0 0
"14" 14 0.373563218391 175 116 89 45 34 25 11 4 1 0 0 0 0 0 0 0 0 0 0 0
"15" 15 0.124031007752 235 97 46 28 23 18 18 14 12 5 4 0 0 0 0 0 0 0 0 0
"16" 16 0.15503875969 149 139 118 25 16 15 14 11 7 4 1 1 0 0 0 0 0 0 0 0
"17" 17 0.170542635659 500 0 0 0 0 0 0 0 0 0 0 0 0 0 0 0 0 0 0 0
"18" 18 0.340101522843 213 141 51 35 33 10 6 5 3 2 1 0 0 0 0 0 0 0 0 0
"19" 19 0.0596026490066 493 7 0 0 0 0 0 0 0 0 0 0 0 0 0 0 0 0 0 0
"20" 20 0.236286919831 394 66 16 9 5 4 2 1 1 1 1 0 0 0 0 0 0 0 0 0
"21" 21 0.267441860465 293 194 7 2 2 1 1 0 0 0 0 0 0 0 0 0 0 0 0 0
"22" 22 0.395348837209 236 170 65 12 7 7 2 1 0 0 0 0 0 0 0 0 0 0 0 0
"23" 23 0.0862068965517 347 133 13 6 1 0 0 0 0 0 0 0 0 0 0 0 0 0 0 0
"24" 24 0.0 483 17 0 0 0 0 0 0 0 0 0 0 0 0 0 0 0 0 0 0
"25" 25 0.169811320755 145 98 93 77 46 28 10 2 1 0 0 0 0 0 0 0 0 0 0 0
"26" 26 0.182741116751 328 41 30 21 21 20 15 7 6 5 3 2 1 0 0 0 0 0 0 0
"27" 27 0.116071428571 135 67 65 65 48 36 27 19 13 10 8 3 2 1 1 0 0 0 0 0
"28" 28 0.014598540146 279 185 15 12 7 1 1 0 0 0 0 0 0 0 0 0 0 0 0 0
"29" 29 0.0114942528736 362 74 30 26 6 2 0 0 0 0 0 0 0 0 0 0 0 0 0 0
"30" 30 0.0168776371308 320 174 6 0 0 0 0 0 0 0 0 0 0 0 0 0 0 0 0 0
"31" 31 0.0 238 96 67 40 31 21 4 2 1 0 0 0 0 0 0 0 0 0 0 0
"32" 32 0.00995024875622 250 179 37 22 4 4 3 1 0 0 0 0 0 0 0 0 0 0 0 0
"33" 33 0.089552238806 486 10 2 2 0 0 0 0 0 0 0 0 0 0 0 0 0 0 0 0
"34" 34 0.0 298 86 47 36 25 7 1 0 0 0 0 0 0 0 0 0 0 0 0 0
"35" 35 0.00574712643678 494 6 0 0 0 0 0 0 0 0 0 0 0 0 0 0 0 0 0 0
"36" 36 0.0493273542601 315 167 9 3 3 2 1 0 0 0 0 0 0 0 0 0 0 0 0 0
"37" 37 0.267942583732 150 146 47 44 29 29 21 17 10 6 1 0 0 0 0 0 0 0 0 0
"38" 38 0.0077519379845 363 74 36 10 8 7 1 1 0 0 0 0 0 0 0 0 0 0 0 0
"39" 39 0.0794701986755 341 126 25 5 3 0 0 0 0 0 0 0 0 0 0 0 0 0 0 0
"40" 40 0.548523206751 365 38 30 26 17 8 6 6 3 1 0 0 0 0 0 0 0 0 0 0
"41" 41 0.291479820628 298 76 56 41 13 11 3 2 0 0 0 0 0 0 0 0 0 0 0 0
"42" 42 0.0862944162437 325 70 44 41 10 7 3 0 0 0 0 0 0 0 0 0 0 0 0 0
"43" 43 0.311258278146 316 98 64 22 0 0 0 0 0 0 0 0 0 0 0 0 0 0 0 0
"44" 44 0.53488372093 208 107 83 70 16 13 3 0 0 0 0 0 0 0 0 0 0 0 0 0
"45" 45 0.714285714286 338 64 58 40 0 0 0 0 0 0 0 0 0 0 0 0 0 0 0 0
"46" 46 0.53164556962 375 47 39 22 15 1 1 0 0 0 0 0 0 0 0 0 0 0 0 0
"47" 47 0.219730941704 176 162 49 31 28 27 9 7 6 3 2 0 0 0 0 0 0 0 0 0
"48" 48 0.0380228136882 273 203 15 7 2 0 0 0 0 0 0 0 0 0 0 0 0 0 0 0
"49" 49 0.738396624473 297 191 10 1 1 0 0 0 0 0 0 0 0 0 0 0 0 0 0 0
"50" 50 0.192307692308 500 0 0 0 0 0 0 0 0 0 0 0 0 0 0 0 0 0 0 0
"51" 51 0.238578680203 173 145 69 36 35 30 8 4 0 0 0 0 0 0 0 0 0 0 0 0
"52" 52 0.675126903553 219 155 49 41 10 10 8 6 2 0 0 0 0 0 0 0 0 0 0 0
"53" 53 0.20725388601 190 173 120 11 4 2 0 0 0 0 0 0 0 0 0 0 0 0 0 0
"54" 54 0.00632911392405 439 43 18 0 0 0 0 0 0 0 0 0 0 0 0 0 0 0 0 0
"55" 55 0.293103448276 274 70 40 31 29 17 16 15 4 1 1 1 1 0 0 0 0 0 0 0
"56" 56 0.528735632184 362 71 57 7 3 0 0 0 0 0 0 0 0 0 0 0 0 0 0 0
"57" 57 0.167883211679 348 121 16 7 6 2 0 0 0 0 0 0 0 0 0 0 0 0 0 0
"58" 58 0.010152284264 214 139 71 46 16 8 2 1 1 1 1 0 0 0 0 0 0 0 0 0
"59" 59 0.232704402516 411 42 20 19 6 2 0 0 0 0 0 0 0 0 0 0 0 0 0 0
"60" 60 0.755274261603 452 36 9 3 0 0 0 0 0 0 0 0 0 0 0 0 0 0 0 0
"61" 61 0.160714285714 285 115 50 24 24 1 1 0 0 0 0 0 0 0 0 0 0 0 0 0
"62" 62 0.0762331838565 496 2 1 1 0 0 0 0 0 0 0 0 0 0 0 0 0 0 0 0
"63" 63 0.298076923077 500 0 0 0 0 0 0 0 0 0 0 0 0 0 0 0 0 0 0 0
"64" 64 0.55230125523 392 70 35 3 0 0 0 0 0 0 0 0 0 0 0 0 0 0 0 0
"65" 65 0.701492537313 314 96 61 29 0 0 0 0 0 0 0 0 0 0 0 0 0 0 0 0
"66" 66 0.0397350993377 223 174 101 1 1 0 0 0 0 0 0 0 0 0 0 0 0 0 0 0
"67" 67 0.0794979079498 326 45 43 28 20 18 15 2 2 1 0 0 0 0 0 0 0 0 0 0
"68" 68 0.269503546099 486 10 2 2 0 0 0 0 0 0 0 0 0 0 0 0 0 0 0 0
"69" 69 0.0839416058394 323 93 47 23 5 4 3 2 0 0 0 0 0 0 0 0 0 0 0 0
"70" 70 0.0865384615385 500 0 0 0 0 0 0 0 0 0 0 0 0 0 0 0 0 0 0 0
"71" 71 0.0769230769231 443 55 1 1 0 0 0 0 0 0 0 0 0 0 0 0 0 0 0 0
"72" 72 0.457711442786 240 109 79 43 15 8 3 2 1 0 0 0 0 0 0 0 0 0 0 0
"73" 73 0.0232558139535 448 49 1 1 1 0 0 0 0 0 0 0 0 0 0 0 0 0 0 0
"74" 74 0.0564102564103 125 84 67 57 46 40 31 30 13 5 2 0 0 0 0 0 0 0 0 0
"75" 75 0.212643678161 245 229 25 1 0 0 0 0 0 0 0 0 0 0 0 0 0 0 0 0
"76" 76 0.309644670051 254 117 45 39 25 13 3 2 1 1 0 0 0 0 0 0 0 0 0 0
"77" 77 0.251824817518 431 33 32 3 1 0 0 0 0 0 0 0 0 0 0 0 0 0 0 0
"78" 78 0.140684410646 367 46 28 27 22 9 1 0 0 0 0 0 0 0 0 0 0 0 0 0
"79" 79 0.305439330544 232 143 66 16 15 13 9 2 1 1 1 1 0 0 0 0 0 0 0 0
"80" 80 0.270440251572 390 38 37 20 9 6 0 0 0 0 0 0 0 0 0 0 0 0 0 0
"81" 81 0.093023255814 328 171 1 0 0 0 0 0 0 0 0 0 0 0 0 0 0 0 0 0
"82" 82 0.331838565022 202 189 43 21 12 11 8 7 5 1 1 0 0 0 0 0 0 0 0 0
"83" 83 0.410852713178 273 145 67 6 3 3 2 1 0 0 0 0 0 0 0 0 0 0 0 0
"84" 84 0.134328358209 304 156 13 8 8 6 5 0 0 0 0 0 0 0 0 0 0 0 0 0
"85" 85 0.138461538462 346 142 5 3 2 1 1 0 0 0 0 0 0 0 0 0 0 0 0 0
"86" 86 0.648535564854 153 151 67 67 21 19 12 5 5 0 0 0 0 0 0 0 0 0 0 0
"87" 87 0.46511627907 375 57 34 16 9 3 2 2 1 1 0 0 0 0 0 0 0 0 0 0
"88" 88 0.309623430962 389 41 24 18 16 5 4 2 1 0 0 0 0 0 0 0 0 0 0 0
"89" 89 0.383966244726 247 247 6 0 0 0 0 0 0 0 0 0 0 0 0 0 0 0 0 0
"90" 90 0.492227979275 327 135 25 11 2 0 0 0 0 0 0 0 0 0 0 0 0 0 0 0
"91" 91 0.523206751055 163 90 73 65 44 39 10 9 5 2 0 0 0 0 0 0 0 0 0 0
"92" 92 0.186311787072 155 120 78 70 56 15 2 2 1 1 0 0 0 0 0 0 0 0 0 0
"93" 93 0.337552742616 257 168 39 33 2 1 0 0 0 0 0 0 0 0 0 0 0 0 0 0
"94" 94 0.466367713004 456 26 14 2 1 1 0 0 0 0 0 0 0 0 0 0 0 0 0 0
"95" 95 0.578680203046 246 106 58 37 21 19 10 3 0 0 0 0 0 0 0 0 0 0 0 0
"96" 96 0.284518828452 306 151 26 10 3 3 1 0 0 0 0 0 0 0 0 0 0 0 0 0
"97" 97 0.109452736318 499 1 0 0 0 0 0 0 0 0 0 0 0 0 0 0 0 0 0 0
"98" 98 0.480769230769 500 0 0 0 0 0 0 0 0 0 0 0 0 0 0 0 0 0 0 0
"99" 99 0.846153846154 500 0 0 0 0 0 0 0 0 0 0 0 0 0 0 0 0 0 0 0
"100" 100 0.126436781609 442 56 2 0 0 0 0 0 0 0 0 0 0 0 0 0 0 0 0 0
"101" 101 0.383419689119 344 154 2 0 0 0 0 0 0 0 0 0 0 0 0 0 0 0 0 0
"102" 102 0.481751824818 493 7 0 0 0 0 0 0 0 0 0 0 0 0 0 0 0 0 0 0
"103" 103 0.602870813397 325 173 2 0 0 0 0 0 0 0 0 0 0 0 0 0 0 0 0 0
"104" 104 0.696202531646 328 156 16 0 0 0 0 0 0 0 0 0 0 0 0 0 0 0 0 0
"105" 105 0.37668161435 464 30 5 1 0 0 0 0 0 0 0 0 0 0 0 0 0 0 0 0
"106" 106 0.36820083682 292 123 51 17 17 0 0 0 0 0 0 0 0 0 0 0 0 0 0 0
"107" 107 0.663120567376 167 164 68 47 24 23 7 0 0 0 0 0 0 0 0 0 0 0 0 0
"108" 108 0.408759124088 462 16 14 5 2 1 0 0 0 0 0 0 0 0 0 0 0 0 0 0
"109" 109 0.269961977186 451 48 1 0 0 0 0 0 0 0 0 0 0 0 0 0 0 0 0 0
"110" 110 0.171548117155 338 76 70 5 5 3 1 1 1 0 0 0 0 0 0 0 0 0 0 0
"111" 111 0.418604651163 328 66 45 43 12 4 1 1 0 0 0 0 0 0 0 0 0 0 0 0
"112" 112 0.0192307692308 500 0 0 0 0 0 0 0 0 0 0 0 0 0 0 0 0 0 0 0
"113" 113 0.0923076923077 135 108 88 74 40 21 13 12 4 3 2 0 0 0 0 0 0 0 0 0
"114" 114 0.139303482587 172 98 72 51 46 38 14 5 2 2 0 0 0 0 0 0 0 0 0 0
"115" 115 0.279069767442 300 79 62 31 20 7 1 0 0 0 0 0 0 0 0 0 0 0 0 0
"116" 116 0.0132450331126 498 1 1 0 0 0 0 0 0 0 0 0 0 0 0 0 0 0 0 0
"117" 117 0.105769230769 331 163 4 1 1 0 0 0 0 0 0 0 0 0 0 0 0 0 0 0
"118" 118 0.0673076923077 237 127 82 39 12 3 0 0 0 0 0 0 0 0 0 0 0 0 0 0
"119" 119 0.162790697674 285 130 51 10 8 6 4 3 1 1 1 0 0 0 0 0 0 0 0 0
"120" 120 0.062015503876 206 186 104 3 1 0 0 0 0 0 0 0 0 0 0 0 0 0 0 0
"121" 121 0.163461538462 497 2 1 0 0 0 0 0 0 0 0 0 0 0 0 0 0 0 0 0
"122" 122 0.170542635659 249 121 67 36 10 6 5 5 1 0 0 0 0 0 0 0 0 0 0 0
"123" 123 0.116279069767 114 112 95 73 61 26 7 3 3 2 2 2 0 0 0 0 0 0 0 0
"124" 124 0.0529801324503 297 178 23 1 1 0 0 0 0 0 0 0 0 0 0 0 0 0 0 0
"125" 125 0.0696517412935 367 65 28 25 6 3 2 2 2 0 0 0 0 0 0 0 0 0 0 0
"126" 126 0.411392405063 260 102 71 22 18 10 8 8 1 0 0 0 0 0 0 0 0 0 0 0
"127" 127 0.55230125523 467 20 4 3 3 2 1 0 0 0 0 0 0 0 0 0 0 0 0 0
"128" 128 0.0172413793103 322 149 24 5 0 0 0 0 0 0 0 0 0 0 0 0 0 0 0 0
"129" 129 0.0 491 6 1 1 1 0 0 0 0 0 0 0 0 0 0 0 0 0 0 0
"130" 130 0.100628930818 492 4 1 1 1 1 0 0 0 0 0 0 0 0 0 0 0 0 0 0
"131" 131 0.129353233831 381 74 13 10 8 5 3 3 2 1 0 0 0 0 0 0 0 0 0 0
"132" 132 0.0621761658031 387 79 19 11 2 2 0 0 0 0 0 0 0 0 0 0 0 0 0 0
"133" 133 0.0 304 146 39 9 1 1 0 0 0 0 0 0 0 0 0 0 0 0 0 0
"134" 134 0.0 421 60 7 6 5 1 0 0 0 0 0 0 0 0 0 0 0 0 0 0
"135" 135 0.0109489051095 271 78 68 32 29 14 8 0 0 0 0 0 0 0 0 0 0 0 0 0
"136" 136 0.0 258 169 33 19 9 5 2 2 1 1 1 0 0 0 0 0 0 0 0 0
"137" 137 0.043795620438 242 214 26 10 6 2 0 0 0 0 0 0 0 0 0 0 0 0 0 0
"138" 138 0.0248756218905 500 0 0 0 0 0 0 0 0 0 0 0 0 0 0 0 0 0 0 0
"139" 139 0.0 319 85 49 38 8 1 0 0 0 0 0 0 0 0 0 0 0 0 0 0
"140" 140 0.015503875969 500 0 0 0 0 0 0 0 0 0 0 0 0 0 0 0 0 0 0 0
"141" 141 0.0 500 0 0 0 0 0 0 0 0 0 0 0 0 0 0 0 0 0 0 0
"142" 142 0.103448275862 264 127 50 49 3 2 2 1 1 1 0 0 0 0 0 0 0 0 0 0
"143" 143 0.0384615384615 500 0 0 0 0 0 0 0 0 0 0 0 0 0 0 0 0 0 0 0
"144" 144 0.518987341772 273 145 39 36 5 2 0 0 0 0 0 0 0 0 0 0 0 0 0 0
"145" 145 0.211538461538 219 140 87 47 5 2 0 0 0 0 0 0 0 0 0 0 0 0 0 0
"146" 146 0.658914728682 308 190 2 0 0 0 0 0 0 0 0 0 0 0 0 0 0 0 0 0
"147" 147 0.736434108527 222 176 51 46 3 2 0 0 0 0 0 0 0 0 0 0 0 0 0 0
"148" 148 0.434977578475 452 29 10 7 2 0 0 0 0 0 0 0 0 0 0 0 0 0 0 0
"149" 149 0.222627737226 257 96 93 38 16 0 0 0 0 0 0 0 0 0 0 0 0 0 0 0
"150" 150 0.151785714286 291 69 45 29 28 28 8 2 0 0 0 0 0 0 0 0 0 0 0 0
"151" 151 0.00836820083682 241 169 89 1 0 0 0 0 0 0 0 0 0 0 0 0 0 0 0 0
"152" 152 0.5 220 165 108 4 3 0 0 0 0 0 0 0 0 0 0 0 0 0 0 0
"153" 153 0.211538461538 500 0 0 0 0 0 0 0 0 0 0 0 0 0 0 0 0 0 0 0
"154" 154 0.124378109453 294 83 43 33 28 12 3 2 2 0 0 0 0 0 0 0 0 0 0 0
"155" 155 0.451923076923 221 79 65 62 49 19 5 0 0 0 0 0 0 0 0 0 0 0 0 0
"156" 156 0.292307692308 168 166 159 5 2 0 0 0 0 0 0 0 0 0 0 0 0 0 0 0
"157" 157 0.0 439 60 1 0 0 0 0 0 0 0 0 0 0 0 0 0 0 0 0 0
"158" 158 0.223350253807 383 40 31 25 16 3 1 1 0 0 0 0 0 0 0 0 0 0 0 0
"159" 159 0.406976744186 181 151 69 51 44 2 1 1 0 0 0 0 0 0 0 0 0 0 0 0
"160" 160 0.409282700422 165 161 69 67 14 12 5 3 3 1 0 0 0 0 0 0 0 0 0 0
"161" 161 0.0203045685279 229 95 88 60 18 9 1 0 0 0 0 0 0 0 0 0 0 0 0 0
"162" 162 0.44769874477 399 55 46 0 0 0 0 0 0 0 0 0 0 0 0 0 0 0 0 0
"163" 163 0.763713080169 241 170 32 31 21 4 1 0 0 0 0 0 0 0 0 0 0 0 0 0
"164" 164 0.370860927152 159 93 90 67 62 15 14 0 0 0 0 0 0 0 0 0 0 0 0 0
"165" 165 0.238341968912 339 84 77 0 0 0 0 0 0 0 0 0 0 0 0 0 0 0 0 0
"166" 166 0.230769230769 500 0 0 0 0 0 0 0 0 0 0 0 0 0 0 0 0 0 0 0
"167" 167 0.52736318408 386 70 34 8 1 1 0 0 0 0 0 0 0 0 0 0 0 0 0 0
"168" 168 0.270072992701 330 119 42 9 0 0 0 0 0 0 0 0 0 0 0 0 0 0 0 0
"169" 169 0.0192307692308 500 0 0 0 0 0 0 0 0 0 0 0 0 0 0 0 0 0 0 0
"170" 170 0.044776119403 499 1 0 0 0 0 0 0 0 0 0 0 0 0 0 0 0 0 0 0
"171" 171 0.235741444867 491 3 2 2 1 1 0 0 0 0 0 0 0 0 0 0 0 0 0 0
"172" 172 0.2466367713 276 144 51 22 4 3 0 0 0 0 0 0 0 0 0 0 0 0 0 0
"173" 173 0.0673076923077 500 0 0 0 0 0 0 0 0 0 0 0 0 0 0 0 0 0 0 0
"174" 174 0.171548117155 283 171 20 10 10 5 1 0 0 0 0 0 0 0 0 0 0 0 0 0
"175" 175 0.589743589744 170 160 117 17 10 10 8 3 3 2 0 0 0 0 0 0 0 0 0 0
"176" 176 0.0 400 47 25 9 6 6 3 2 1 1 0 0 0 0 0 0 0 0 0 0
"177" 177 0.0662251655629 332 93 41 20 4 4 3 2 1 0 0 0 0 0 0 0 0 0 0 0
"178" 178 0.155172413793 326 117 16 13 12 7 7 2 0 0 0 0 0 0 0 0 0 0 0 0
"179" 179 0.394618834081 243 96 91 46 20 2 1 1 0 0 0 0 0 0 0 0 0 0 0 0
"180" 180 0.0961538461538 361 65 58 7 6 3 0 0 0 0 0 0 0 0 0 0 0 0 0 0
"181" 181 0.248730964467 448 22 20 2 2 2 1 1 1 1 0 0 0 0 0 0 0 0 0 0
"182" 182 0.319796954315 254 160 46 40 0 0 0 0 0 0 0 0 0 0 0 0 0 0 0 0
"183" 183 0.299492385787 209 105 39 37 22 20 13 12 12 11 10 6 4 0 0 0 0 0 0 0
"184" 184 0.326996197719 456 34 4 3 2 1 0 0 0 0 0 0 0 0 0 0 0 0 0 0
"185" 185 0.200729927007 266 112 51 44 18 6 2 1 0 0 0 0 0 0 0 0 0 0 0 0
"186" 186 0.201550387597 209 192 79 7 5 4 2 1 1 0 0 0 0 0 0 0 0 0 0 0
"187" 187 0.124031007752 324 88 64 19 1 1 1 1 1 0 0 0 0 0 0 0 0 0 0 0
"188" 188 0.235741444867 224 211 19 16 15 11 3 1 0 0 0 0 0 0 0 0 0 0 0 0
"189" 189 0.326359832636 307 81 29 28 24 9 8 5 5 2 2 0 0 0 0 0 0 0 0 0
"190" 190 0.240384615385 381 103 7 6 2 1 0 0 0 0 0 0 0 0 0 0 0 0 0 0
"191" 191 0.287356321839 204 131 109 32 14 6 2 1 1 0 0 0 0 0 0 0 0 0 0 0
"192" 192 0.266159695817 241 133 95 28 2 1 0 0 0 0 0 0 0 0 0 0 0 0 0 0
"193" 193 0.305699481865 343 77 61 14 4 1 0 0 0 0 0 0 0 0 0 0 0 0 0 0
"194" 194 0.610465116279 362 66 48 24 0 0 0 0 0 0 0 0 0 0 0 0 0 0 0 0
"195" 195 0.193798449612 214 197 49 20 7 4 3 2 2 1 1 0 0 0 0 0 0 0 0 0
"196" 196 0.53164556962 274 148 41 25 6 2 2 2 0 0 0 0 0 0 0 0 0 0 0 0
"197" 197 0.605769230769 363 108 23 3 2 1 0 0 0 0 0 0 0 0 0 0 0 0 0 0
"198" 198 0.733944954128 363 104 33 0 0 0 0 0 0 0 0 0 0 0 0 0 0 0 0 0
"199" 199 0.81592039801 500 0 0 0 0 0 0 0 0 0 0 0 0 0 0 0 0 0 0 0
"200" 200 0.276729559748 189 152 97 24 11 8 6 3 2 2 2 2 1 1 0 0 0 0 0 0
"201" 201 0.621761658031 469 16 12 3 0 0 0 0 0 0 0 0 0 0 0 0 0 0 0 0
"202" 202 0.723270440252 499 1 0 0 0 0 0 0 0 0 0 0 0 0 0 0 0 0 0 0
"203" 203 0.329113924051 444 25 17 11 3 0 0 0 0 0 0 0 0 0 0 0 0 0 0 0
"204" 204 0.733333333333 407 73 16 3 1 0 0 0 0 0 0 0 0 0 0 0 0 0 0 0
"205" 205 0.350574712644 399 55 15 11 8 7 2 1 1 1 0 0 0 0 0 0 0 0 0 0
"206" 206 0.631578947368 273 144 81 1 1 0 0 0 0 0 0 0 0 0 0 0 0 0 0 0
"207" 207 0.756345177665 400 56 24 10 7 3 0 0 0 0 0 0 0 0 0 0 0 0 0 0
"208" 208 0.568527918782 350 150 0 0 0 0 0 0 0 0 0 0 0 0 0 0 0 0 0 0
"209" 209 0.270114942529 286 125 42 24 13 5 3 1 1 0 0 0 0 0 0 0 0 0 0 0
"210" 210 0.350993377483 452 34 9 4 1 0 0 0 0 0 0 0 0 0 0 0 0 0 0 0
"211" 211 0.265957446809 450 11 10 8 6 5 5 2 2 1 0 0 0 0 0 0 0 0 0 0
"212" 212 0.408256880734 218 118 95 47 14 5 3 0 0 0 0 0 0 0 0 0 0 0 0 0
"213" 213 0.238578680203 207 125 94 24 22 12 9 3 2 1 1 0 0 0 0 0 0 0 0 0
"214" 214 0.170542635659 171 159 78 70 10 8 2 1 1 0 0 0 0 0 0 0 0 0 0 0
"215" 215 0.0896860986547 249 57 50 47 44 33 11 3 2 2 1 1 0 0 0 0 0 0 0 0
"216" 216 0.488372093023 244 146 30 25 24 23 7 1 0 0 0 0 0 0 0 0 0 0 0 0
"217" 217 0.0114942528736 331 118 25 20 6 0 0 0 0 0 0 0 0 0 0 0 0 0 0 0
"218" 218 0.226744186047 262 56 49 48 27 26 9 8 7 3 2 1 1 1 0 0 0 0 0 0
"219" 219 0.193798449612 354 66 36 20 17 4 2 1 0 0 0 0 0 0 0 0 0 0 0 0
"220" 220 0.310344827586 188 124 80 57 16 12 11 4 3 2 2 1 0 0 0 0 0 0 0 0
"221" 221 0.0 500 0 0 0 0 0 0 0 0 0 0 0 0 0 0 0 0 0 0 0
"222" 222 0.115384615385 248 100 54 26 23 21 10 9 5 2 1 1 0 0 0 0 0 0 0 0
"223" 223 0.323383084577 255 151 26 19 18 18 3 3 3 2 1 1 0 0 0 0 0 0 0 0
"224" 224 0.442528735632 152 110 75 62 33 27 19 7 6 4 3 1 1 0 0 0 0 0 0 0
"225" 225 0.0927152317881 262 238 0 0 0 0 0 0 0 0 0 0 0 0 0 0 0 0 0 0
"226" 226 0.0114068441065 476 16 3 3 2 0 0 0 0 0 0 0 0 0 0 0 0 0 0 0
"227" 227 0.119496855346 476 12 9 2 1 0 0 0 0 0 0 0 0 0 0 0 0 0 0 0
"228" 228 0.171548117155 271 52 50 42 29 13 11 10 9 6 4 3 0 0 0 0 0 0 0 0
"229" 229 0.165803108808 359 38 36 32 18 7 6 2 2 0 0 0 0 0 0 0 0 0 0 0
"230" 230 0.0 310 187 2 1 0 0 0 0 0 0 0 0 0 0 0 0 0 0 0 0
"231" 231 0.0 164 105 78 59 29 28 28 4 3 1 1 0 0 0 0 0 0 0 0 0
"232" 232 0.0802919708029 401 62 14 13 7 2 1 0 0 0 0 0 0 0 0 0 0 0 0 0
"233" 233 0.0948905109489 273 63 52 29 22 20 20 8 8 2 1 1 1 0 0 0 0 0 0 0
"234" 234 0.0 428 67 4 1 0 0 0 0 0 0 0 0 0 0 0 0 0 0 0 0
"235" 235 0.0275229357798 229 109 68 67 20 3 3 1 0 0 0 0 0 0 0 0 0 0 0 0
"236" 236 0.0 323 83 42 20 19 7 3 2 1 0 0 0 0 0 0 0 0 0 0 0
"237" 237 0.0137614678899 445 49 6 0 0 0 0 0 0 0 0 0 0 0 0 0 0 0 0 0
"238" 238 0.0179372197309 298 198 3 1 0 0 0 0 0 0 0 0 0 0 0 0 0 0 0 0
"239" 239 0.0 405 84 11 0 0 0 0 0 0 0 0 0 0 0 0 0 0 0 0 0
"240" 240 0.346153846154 500 0 0 0 0 0 0 0 0 0 0 0 0 0 0 0 0 0 0 0
"241" 241 0.109489051095 435 56 3 2 1 1 1 1 0 0 0 0 0 0 0 0 0 0 0 0
"242" 242 0.430379746835 314 120 59 7 0 0 0 0 0 0 0 0 0 0 0 0 0 0 0 0
"243" 243 0.567307692308 500 0 0 0 0 0 0 0 0 0 0 0 0 0 0 0 0 0 0 0
"244" 244 0.852713178295 487 11 2 0 0 0 0 0 0 0 0 0 0 0 0 0 0 0 0 0
"245" 245 0.367875647668 483 11 5 1 0 0 0 0 0 0 0 0 0 0 0 0 0 0 0 0
"246" 246 0.370558375635 389 106 3 2 0 0 0 0 0 0 0 0 0 0 0 0 0 0 0 0
"247" 247 0.211009174312 203 85 56 52 48 25 18 11 1 1 0 0 0 0 0 0 0 0 0 0
"248" 248 0.0228136882129 247 223 21 4 3 2 0 0 0 0 0 0 0 0 0 0 0 0 0 0
"249" 249 0.709302325581 191 186 111 6 5 1 0 0 0 0 0 0 0 0 0 0 0 0 0 0
"250" 250 0.221153846154 422 63 15 0 0 0 0 0 0 0 0 0 0 0 0 0 0 0 0 0
"251" 251 0.21511627907 169 160 104 37 15 7 6 1 1 0 0 0 0 0 0 0 0 0 0 0
"252" 252 0.568965517241 418 76 2 2 1 1 0 0 0 0 0 0 0 0 0 0 0 0 0 0
"253" 253 0.165803108808 338 128 14 12 4 2 1 1 0 0 0 0 0 0 0 0 0 0 0 0
"254" 254 0.0 216 172 56 30 17 9 0 0 0 0 0 0 0 0 0 0 0 0 0 0
"255" 255 0.251773049645 350 36 26 24 20 14 13 8 6 2 1 0 0 0 0 0 0 0 0 0
"256" 256 0.529197080292 281 196 16 2 2 2 1 0 0 0 0 0 0 0 0 0 0 0 0 0
"257" 257 0.320675105485 214 129 54 30 27 22 18 3 3 0 0 0 0 0 0 0 0 0 0 0
"258" 258 0.0 325 89 59 16 3 3 3 2 0 0 0 0 0 0 0 0 0 0 0 0
"259" 259 0.294573643411 161 122 103 79 17 13 3 1 1 0 0 0 0 0 0 0 0 0 0 0
"260" 260 0.654008438819 218 194 81 3 2 1 1 0 0 0 0 0 0 0 0 0 0 0 0 0
"261" 261 0.60103626943 327 98 39 23 9 4 0 0 0 0 0 0 0 0 0 0 0 0 0 0
"262" 262 0.178571428571 489 6 5 0 0 0 0 0 0 0 0 0 0 0 0 0 0 0 0 0
"263" 263 0.201923076923 500 0 0 0 0 0 0 0 0 0 0 0 0 0 0 0 0 0 0 0
"264" 264 0.635220125786 194 103 86 34 25 22 19 12 4 1 0 0 0 0 0 0 0 0 0 0
"265" 265 0.341772151899 275 201 23 1 0 0 0 0 0 0 0 0 0 0 0 0 0 0 0 0
"266" 266 0.031007751938 426 63 6 4 1 0 0 0 0 0 0 0 0 0 0 0 0 0 0 0
"267" 267 0.0753138075314 462 34 2 1 1 0 0 0 0 0 0 0 0 0 0 0 0 0 0 0
"268" 268 0.393305439331 449 38 10 3 0 0 0 0 0 0 0 0 0 0 0 0 0 0 0 0
"269" 269 0.291139240506 290 150 27 18 11 2 1 1 0 0 0 0 0 0 0 0 0 0 0 0
"270" 270 0.0961538461538 500 0 0 0 0 0 0 0 0 0 0 0 0 0 0 0 0 0 0 0
"271" 271 0.0387596899225 410 29 27 12 12 7 3 0 0 0 0 0 0 0 0 0 0 0 0 0
"272" 272 0.570921985816 311 44 35 30 26 26 19 5 3 1 0 0 0 0 0 0 0 0 0 0
"273" 273 0.00662251655629 482 13 4 1 0 0 0 0 0 0 0 0 0 0 0 0 0 0 0 0
"274" 274 0.117948717949 185 119 72 28 25 24 12 11 9 6 5 4 0 0 0 0 0 0 0 0
"275" 275 0.0919540229885 262 89 71 66 10 1 1 0 0 0 0 0 0 0 0 0 0 0 0 0
"276" 276 0.308457711443 151 136 63 49 40 32 24 5 0 0 0 0 0 0 0 0 0 0 0 0
"277" 277 0.29197080292 246 168 54 10 7 6 5 1 1 1 1 0 0 0 0 0 0 0 0 0
"278" 278 0.125 235 130 47 24 24 15 10 9 4 1 1 0 0 0 0 0 0 0 0 0
"279" 279 0.366972477064 382 76 28 7 4 2 1 0 0 0 0 0 0 0 0 0 0 0 0 0
"280" 280 0.240384615385 297 75 68 19 18 18 4 1 0 0 0 0 0 0 0 0 0 0 0 0
"281" 281 0.105769230769 212 173 102 7 4 1 1 0 0 0 0 0 0 0 0 0 0 0 0 0
"282" 282 0.15503875969 190 169 67 36 13 8 6 4 3 2 1 1 0 0 0 0 0 0 0 0
"283" 283 0.481171548117 351 78 50 20 1 0 0 0 0 0 0 0 0 0 0 0 0 0 0 0
"284" 284 0.14367816092 215 100 89 41 27 8 7 6 5 1 1 0 0 0 0 0 0 0 0 0
"285" 285 0.313432835821 176 154 62 52 47 5 2 1 1 0 0 0 0 0 0 0 0 0 0 0
"286" 286 0.367816091954 367 31 30 25 19 12 8 3 3 1 1 0 0 0 0 0 0 0 0 0
"287" 287 0.517412935323 199 119 118 47 12 5 0 0 0 0 0 0 0 0 0 0 0 0 0 0
"288" 288 0.32319391635 165 163 55 53 29 26 4 3 1 1 0 0 0 0 0 0 0 0 0 0
"289" 289 0.626943005181 201 105 69 62 27 25 6 3 2 0 0 0 0 0 0 0 0 0 0 0
"290" 290 0.71875 439 60 1 0 0 0 0 0 0 0 0 0 0 0 0 0 0 0 0 0
"291" 291 0.659898477157 421 44 23 12 0 0 0 0 0 0 0 0 0 0 0 0 0 0 0 0
