"site" "RSA" "aa1" "aa2" "aa3" "aa4" "aa5" "aa6" "aa7" "aa8" "aa9" "aa10" "aa11" "aa12" "aa13" "aa14" "aa15" "aa16" "aa17" "aa18" "aa19" "aa20"
"0" 0 0.275229357798 34 11 0 0 0 0 0 0 0 0 0 0 0 0 0 0 0 0 0 0
"1" 1 0.723214285714 27 15 2 2 1 1 0 0 0 0 0 0 0 0 0 0 0 0 0 0
"2" 2 0.317948717949 16 11 9 4 3 3 2 1 1 1 1 0 0 0 0 0 0 0 0 0
"3" 3 0.0836820083682 30 25 1 0 0 0 0 0 0 0 0 0 0 0 0 0 0 0 0 0
"4" 4 0.390134529148 24 12 4 3 3 3 3 2 1 1 0 0 0 0 0 0 0 0 0 0
"5" 5 0.316455696203 42 6 6 1 1 0 0 0 0 0 0 0 0 0 0 0 0 0 0 0
"6" 6 0.402298850575 27 15 8 2 1 1 1 1 0 0 0 0 0 0 0 0 0 0 0 0
"7" 7 0.482142857143 52 2 2 0 0 0 0 0 0 0 0 0 0 0 0 0 0 0 0 0
"8" 8 0.514767932489 55 1 0 0 0 0 0 0 0 0 0 0 0 0 0 0 0 0 0 0
"9" 9 0.395939086294 35 12 9 0 0 0 0 0 0 0 0 0 0 0 0 0 0 0 0 0
"10" 10 0.240384615385 56 0 0 0 0 0 0 0 0 0 0 0 0 0 0 0 0 0 0 0
"11" 11 0.683035714286 54 1 1 0 0 0 0 0 0 0 0 0 0 0 0 0 0 0 0 0
"12" 12 0.336538461538 56 0 0 0 0 0 0 0 0 0 0 0 0 0 0 0 0 0 0 0
"13" 13 1.06976744186 55 1 0 0 0 0 0 0 0 0 0 0 0 0 0 0 0 0 0 0
"14" 14 0.269230769231 47 9 0 0 0 0 0 0 0 0 0 0 0 0 0 0 0 0 0 0
"15" 15 0.14367816092 33 12 5 4 1 1 0 0 0 0 0 0 0 0 0 0 0 0 0 0
"16" 16 0.183908045977 56 0 0 0 0 0 0 0 0 0 0 0 0 0 0 0 0 0 0 0
"17" 17 0.171102661597 47 9 0 0 0 0 0 0 0 0 0 0 0 0 0 0 0 0 0 0
"18" 18 0.240506329114 55 1 0 0 0 0 0 0 0 0 0 0 0 0 0 0 0 0 0 0
"19" 19 0.0 38 17 1 0 0 0 0 0 0 0 0 0 0 0 0 0 0 0 0 0
"20" 20 0.357664233577 29 18 3 2 1 1 1 1 0 0 0 0 0 0 0 0 0 0 0 0
"21" 21 0.0923076923077 28 19 3 2 2 1 1 0 0 0 0 0 0 0 0 0 0 0 0 0
"22" 22 0.455696202532 24 12 4 4 3 2 2 1 1 1 1 1 0 0 0 0 0 0 0 0
"23" 23 0.696517412935 9 8 7 5 4 4 3 3 3 3 2 1 1 1 0 0 0 0 0 0
"24" 24 0.563953488372 38 9 5 2 1 1 0 0 0 0 0 0 0 0 0 0 0 0 0 0
"25" 25 0.432692307692 41 4 2 2 2 2 1 1 1 0 0 0 0 0 0 0 0 0 0 0
"26" 26 0.379464285714 19 11 10 5 4 1 1 1 1 1 1 1 0 0 0 0 0 0 0 0
"27" 27 0.350574712644 20 17 6 4 3 2 2 1 1 0 0 0 0 0 0 0 0 0 0 0
"28" 28 0.0 50 3 1 1 1 0 0 0 0 0 0 0 0 0 0 0 0 0 0 0
"29" 29 0.124031007752 56 0 0 0 0 0 0 0 0 0 0 0 0 0 0 0 0 0 0 0
"30" 30 0.0 46 8 2 0 0 0 0 0 0 0 0 0 0 0 0 0 0 0 0 0
"31" 31 0.177215189873 56 0 0 0 0 0 0 0 0 0 0 0 0 0 0 0 0 0 0 0
"32" 32 0.0759493670886 39 9 6 1 1 0 0 0 0 0 0 0 0 0 0 0 0 0 0 0
"33" 33 0.10152284264 45 4 4 2 1 0 0 0 0 0 0 0 0 0 0 0 0 0 0 0
"34" 34 0.489051094891 45 4 4 2 1 0 0 0 0 0 0 0 0 0 0 0 0 0 0 0
"35" 35 0.139303482587 54 1 1 0 0 0 0 0 0 0 0 0 0 0 0 0 0 0 0 0
"36" 36 0.378238341969 34 21 1 0 0 0 0 0 0 0 0 0 0 0 0 0 0 0 0 0
"37" 37 0.343023255814 17 9 6 4 3 3 3 2 2 2 1 1 1 1 1 0 0 0 0 0
"38" 38 0.723214285714 45 10 0 0 0 0 0 0 0 0 0 0 0 0 0 0 0 0 0 0
"39" 39 0.593023255814 24 9 6 5 1 1 0 0 0 0 0 0 0 0 0 0 0 0 0 0
"40" 40 0.709821428571 54 1 0 0 0 0 0 0 0 0 0 0 0 0 0 0 0 0 0 0
"41" 41 0.288461538462 55 0 0 0 0 0 0 0 0 0 0 0 0 0 0 0 0 0 0 0
"42" 42 0.362068965517 37 8 7 2 1 0 0 0 0 0 0 0 0 0 0 0 0 0 0 0
"43" 43 0.207547169811 55 0 0 0 0 0 0 0 0 0 0 0 0 0 0 0 0 0 0 0
"44" 44 0.569536423841 48 3 2 1 1 0 0 0 0 0 0 0 0 0 0 0 0 0 0 0
"45" 45 0.348837209302 52 3 0 0 0 0 0 0 0 0 0 0 0 0 0 0 0 0 0 0
"46" 46 0.0 52 2 1 0 0 0 0 0 0 0 0 0 0 0 0 0 0 0 0 0
"47" 47 0.482233502538 39 11 4 1 0 0 0 0 0 0 0 0 0 0 0 0 0 0 0 0
"48" 48 0.29197080292 55 0 0 0 0 0 0 0 0 0 0 0 0 0 0 0 0 0 0 0
"49" 49 0.0267857142857 55 0 0 0 0 0 0 0 0 0 0 0 0 0 0 0 0 0 0 0
"50" 50 0.121827411168 50 5 0 0 0 0 0 0 0 0 0 0 0 0 0 0 0 0 0 0
"51" 51 0.403973509934 46 5 3 1 0 0 0 0 0 0 0 0 0 0 0 0 0 0 0 0
"52" 52 0.0597014925373 47 7 1 0 0 0 0 0 0 0 0 0 0 0 0 0 0 0 0 0
"53" 53 0.0398009950249 47 8 0 0 0 0 0 0 0 0 0 0 0 0 0 0 0 0 0 0
"54" 54 0.632911392405 44 7 3 1 0 0 0 0 0 0 0 0 0 0 0 0 0 0 0 0
"55" 55 0.424107142857 45 4 3 2 1 0 0 0 0 0 0 0 0 0 0 0 0 0 0 0
"56" 56 0.0199004975124 50 3 1 1 0 0 0 0 0 0 0 0 0 0 0 0 0 0 0 0
"57" 57 0.594871794872 15 10 9 6 6 4 3 2 0 0 0 0 0 0 0 0 0 0 0 0
"58" 58 0.177033492823 46 3 2 1 1 1 1 0 0 0 0 0 0 0 0 0 0 0 0 0
"59" 59 0.566037735849 25 9 6 4 4 3 2 1 1 0 0 0 0 0 0 0 0 0 0 0
"60" 60 0.0564102564103 48 2 2 2 1 0 0 0 0 0 0 0 0 0 0 0 0 0 0 0
"61" 61 0.010152284264 38 16 1 0 0 0 0 0 0 0 0 0 0 0 0 0 0 0 0 0
"62" 62 0.0287356321839 51 3 1 0 0 0 0 0 0 0 0 0 0 0 0 0 0 0 0 0
"63" 63 0.430379746835 18 10 6 6 4 2 2 2 2 2 1 0 0 0 0 0 0 0 0 0
"64" 64 0.124378109453 55 1 0 0 0 0 0 0 0 0 0 0 0 0 0 0 0 0 0 0
"65" 65 0.268656716418 16 12 7 5 4 3 3 2 2 1 1 0 0 0 0 0 0 0 0 0
"66" 66 0.461139896373 40 7 4 2 1 1 1 0 0 0 0 0 0 0 0 0 0 0 0 0
"67" 67 0.155172413793 43 11 2 0 0 0 0 0 0 0 0 0 0 0 0 0 0 0 0 0
"68" 68 0.147208121827 22 16 12 4 1 1 0 0 0 0 0 0 0 0 0 0 0 0 0 0
"69" 69 0.66985645933 35 9 3 2 2 1 1 1 1 1 0 0 0 0 0 0 0 0 0 0
"70" 70 0.348837209302 15 12 9 4 3 3 2 2 2 1 1 1 1 0 0 0 0 0 0 0
"71" 71 0.723214285714 34 15 2 2 1 1 1 0 0 0 0 0 0 0 0 0 0 0 0 0
"72" 72 0.4 21 11 9 4 2 2 2 2 1 1 1 0 0 0 0 0 0 0 0 0
"73" 73 0.257383966245 36 9 3 2 1 1 1 1 1 1 0 0 0 0 0 0 0 0 0 0
"74" 74 0.0298507462687 54 1 1 0 0 0 0 0 0 0 0 0 0 0 0 0 0 0 0 0
"75" 75 0.0836501901141 37 10 3 2 2 1 1 0 0 0 0 0 0 0 0 0 0 0 0 0
"76" 76 0.0 53 3 0 0 0 0 0 0 0 0 0 0 0 0 0 0 0 0 0 0
"77" 77 0.0172413793103 49 7 0 0 0 0 0 0 0 0 0 0 0 0 0 0 0 0 0 0
"78" 78 0.0836820083682 54 1 1 0 0 0 0 0 0 0 0 0 0 0 0 0 0 0 0 0
"79" 79 0.174107142857 55 1 0 0 0 0 0 0 0 0 0 0 0 0 0 0 0 0 0 0
"80" 80 0.163179916318 28 26 2 0 0 0 0 0 0 0 0 0 0 0 0 0 0 0 0 0
"81" 81 0.0497512437811 38 11 3 3 1 0 0 0 0 0 0 0 0 0 0 0 0 0 0 0
"82" 82 0.377990430622 31 8 4 4 3 2 1 1 1 1 0 0 0 0 0 0 0 0 0 0
"83" 83 0.125560538117 15 14 6 4 3 3 2 2 2 1 1 1 1 1 0 0 0 0 0 0
"84" 84 0.217616580311 56 0 0 0 0 0 0 0 0 0 0 0 0 0 0 0 0 0 0 0
"85" 85 0.0 54 1 1 0 0 0 0 0 0 0 0 0 0 0 0 0 0 0 0 0
"86" 86 0.232067510549 55 1 0 0 0 0 0 0 0 0 0 0 0 0 0 0 0 0 0 0
"87" 87 0.485232067511 49 3 2 1 1 0 0 0 0 0 0 0 0 0 0 0 0 0 0 0
"88" 88 0.0334728033473 32 12 6 5 1 0 0 0 0 0 0 0 0 0 0 0 0 0 0 0
"89" 89 0.0321100917431 30 16 7 3 0 0 0 0 0 0 0 0 0 0 0 0 0 0 0 0
"90" 90 0.492227979275 49 7 0 0 0 0 0 0 0 0 0 0 0 0 0 0 0 0 0 0
"91" 91 0.612403100775 13 11 5 3 2 1 1 1 1 1 1 1 0 0 0 0 0 0 0 0
"92" 92 0.0927152317881 4 4 4 4 3 3 3 2 2 1 1 1 1 0 0 0 0 0 0 0
"93" 93 0.527131782946 15 6 5 5 3 3 1 1 1 1 1 0 0 0 0 0 0 0 0 0
"94" 94 0.880597014925 7 6 4 3 3 3 3 2 2 2 2 2 1 0 0 0 0 0 0 0
"95" 95 0.761627906977 12 9 6 4 4 3 3 3 3 2 2 1 1 1 0 0 0 0 0 0
"96" 96 0.173076923077 20 6 5 4 3 3 2 2 2 2 2 1 1 1 1 0 0 0 0 0
"97" 97 0.0710659898477 11 5 4 4 4 3 3 3 2 2 2 2 1 1 1 1 1 0 0 0
"98" 98 0.51572327044 23 9 6 4 4 3 2 1 1 1 1 0 0 0 0 0 0 0 0 0
"99" 99 0.283582089552 15 9 6 4 4 4 3 2 2 1 1 1 1 1 0 0 0 0 0 0
"100" 100 0.396226415094 19 7 6 5 4 3 2 2 2 1 1 1 1 0 0 0 0 0 0 0
"101" 101 0.0199004975124 24 11 6 5 4 3 2 1 0 0 0 0 0 0 0 0 0 0 0 0
"102" 102 0.0304568527919 27 21 3 2 2 1 0 0 0 0 0 0 0 0 0 0 0 0 0 0
"103" 103 0.0632911392405 49 3 2 1 1 0 0 0 0 0 0 0 0 0 0 0 0 0 0 0
"104" 104 0.0132450331126 39 7 2 2 1 1 1 1 1 1 0 0 0 0 0 0 0 0 0 0
"105" 105 0.0 26 26 2 1 1 0 0 0 0 0 0 0 0 0 0 0 0 0 0 0
"106" 106 0.0 19 18 8 4 2 1 1 1 1 1 0 0 0 0 0 0 0 0 0 0
"107" 107 0.209205020921 26 11 8 5 2 2 1 1 0 0 0 0 0 0 0 0 0 0 0 0
"108" 108 0.0582959641256 55 1 0 0 0 0 0 0 0 0 0 0 0 0 0 0 0 0 0 0
"109" 109 0.0 40 14 2 0 0 0 0 0 0 0 0 0 0 0 0 0 0 0 0 0
"110" 110 0.0 36 6 5 3 2 2 1 1 0 0 0 0 0 0 0 0 0 0 0 0
"111" 111 0.282511210762 12 11 10 6 4 3 2 2 2 2 1 1 0 0 0 0 0 0 0 0
"112" 112 0.0 47 9 0 0 0 0 0 0 0 0 0 0 0 0 0 0 0 0 0 0
"113" 113 0.0 31 14 9 1 1 0 0 0 0 0 0 0 0 0 0 0 0 0 0 0
"114" 114 0.116279069767 22 8 5 4 4 3 2 2 2 2 1 1 0 0 0 0 0 0 0 0
"115" 115 0.209205020921 33 16 5 1 1 0 0 0 0 0 0 0 0 0 0 0 0 0 0 0
"116" 116 0.0 55 1 0 0 0 0 0 0 0 0 0 0 0 0 0 0 0 0 0 0
"117" 117 0.124401913876 56 0 0 0 0 0 0 0 0 0 0 0 0 0 0 0 0 0 0 0
"118" 118 0.576158940397 18 9 5 4 3 3 3 3 2 2 1 1 1 1 0 0 0 0 0 0
"119" 119 0.320574162679 23 22 11 0 0 0 0 0 0 0 0 0 0 0 0 0 0 0 0 0
"120" 120 0.35401459854 43 4 4 2 1 1 1 0 0 0 0 0 0 0 0 0 0 0 0 0
"121" 121 0.0 32 23 1 0 0 0 0 0 0 0 0 0 0 0 0 0 0 0 0 0
"122" 122 0.0 44 6 4 2 0 0 0 0 0 0 0 0 0 0 0 0 0 0 0 0
"123" 123 0.0 56 0 0 0 0 0 0 0 0 0 0 0 0 0 0 0 0 0 0 0
"124" 124 0.0583941605839 56 0 0 0 0 0 0 0 0 0 0 0 0 0 0 0 0 0 0 0
"125" 125 0.0880829015544 56 0 0 0 0 0 0 0 0 0 0 0 0 0 0 0 0 0 0 0
"126" 126 0.0 55 1 0 0 0 0 0 0 0 0 0 0 0 0 0 0 0 0 0 0
"127" 127 0.172995780591 56 0 0 0 0 0 0 0 0 0 0 0 0 0 0 0 0 0 0 0
"128" 128 0.0 56 0 0 0 0 0 0 0 0 0 0 0 0 0 0 0 0 0 0 0
"129" 129 0.309417040359 55 1 0 0 0 0 0 0 0 0 0 0 0 0 0 0 0 0 0 0
"130" 130 0.0717948717949 56 0 0 0 0 0 0 0 0 0 0 0 0 0 0 0 0 0 0 0
"131" 131 0.0 50 6 0 0 0 0 0 0 0 0 0 0 0 0 0 0 0 0 0 0
"132" 132 0.199004975124 56 0 0 0 0 0 0 0 0 0 0 0 0 0 0 0 0 0 0 0
"133" 133 0.0 49 7 0 0 0 0 0 0 0 0 0 0 0 0 0 0 0 0 0 0
"134" 134 0.138461538462 29 26 1 0 0 0 0 0 0 0 0 0 0 0 0 0 0 0 0 0
"135" 135 0.383720930233 17 9 8 6 6 3 2 2 1 1 1 0 0 0 0 0 0 0 0 0
"136" 136 0.571428571429 19 15 6 3 2 2 2 2 2 1 1 1 0 0 0 0 0 0 0 0
"137" 137 0.0 53 1 1 1 0 0 0 0 0 0 0 0 0 0 0 0 0 0 0 0
"138" 138 0.0697674418605 12 9 7 4 4 4 3 3 2 2 2 1 1 1 1 0 0 0 0 0
"139" 139 0.0 28 25 1 1 1 0 0 0 0 0 0 0 0 0 0 0 0 0 0 0
"140" 140 0.10970464135 55 1 0 0 0 0 0 0 0 0 0 0 0 0 0 0 0 0 0 0
"141" 141 0.0 42 11 3 0 0 0 0 0 0 0 0 0 0 0 0 0 0 0 0 0
"142" 142 0.0697674418605 51 4 1 0 0 0 0 0 0 0 0 0 0 0 0 0 0 0 0 0
"143" 143 0.305699481865 56 0 0 0 0 0 0 0 0 0 0 0 0 0 0 0 0 0 0 0
"144" 144 0.00418410041841 52 4 0 0 0 0 0 0 0 0 0 0 0 0 0 0 0 0 0 0
"145" 145 0.105769230769 56 0 0 0 0 0 0 0 0 0 0 0 0 0 0 0 0 0 0 0
"146" 146 0.268656716418 56 0 0 0 0 0 0 0 0 0 0 0 0 0 0 0 0 0 0 0
"147" 147 0.0 47 9 0 0 0 0 0 0 0 0 0 0 0 0 0 0 0 0 0 0
"148" 148 0.197080291971 56 0 0 0 0 0 0 0 0 0 0 0 0 0 0 0 0 0 0 0
"149" 149 0.325581395349 47 4 3 1 1 0 0 0 0 0 0 0 0 0 0 0 0 0 0 0
"150" 150 0.125523012552 53 2 1 0 0 0 0 0 0 0 0 0 0 0 0 0 0 0 0 0
"151" 151 0.269230769231 45 4 3 3 1 0 0 0 0 0 0 0 0 0 0 0 0 0 0 0
"152" 152 0.804597701149 29 21 6 0 0 0 0 0 0 0 0 0 0 0 0 0 0 0 0 0
"153" 153 0.748427672956 56 0 0 0 0 0 0 0 0 0 0 0 0 0 0 0 0 0 0 0
"154" 154 0.16091954023 25 12 11 3 3 1 1 0 0 0 0 0 0 0 0 0 0 0 0 0
"155" 155 0.558394160584 39 10 7 0 0 0 0 0 0 0 0 0 0 0 0 0 0 0 0 0
"156" 156 0.523255813953 23 8 8 7 3 2 2 2 1 0 0 0 0 0 0 0 0 0 0 0
"157" 157 0.110266159696 45 9 2 0 0 0 0 0 0 0 0 0 0 0 0 0 0 0 0 0
"158" 158 0.832535885167 45 7 4 0 0 0 0 0 0 0 0 0 0 0 0 0 0 0 0 0
"159" 159 0.790178571429 56 0 0 0 0 0 0 0 0 0 0 0 0 0 0 0 0 0 0 0
"160" 160 0.0804597701149 47 8 0 0 0 0 0 0 0 0 0 0 0 0 0 0 0 0 0 0
"161" 161 0.0114942528736 52 2 1 0 0 0 0 0 0 0 0 0 0 0 0 0 0 0 0 0
"162" 162 0.273255813953 55 0 0 0 0 0 0 0 0 0 0 0 0 0 0 0 0 0 0 0
"163" 163 0.164179104478 55 0 0 0 0 0 0 0 0 0 0 0 0 0 0 0 0 0 0 0
"164" 164 0.351063829787 55 0 0 0 0 0 0 0 0 0 0 0 0 0 0 0 0 0 0 0
"165" 165 0.0152091254753 55 0 0 0 0 0 0 0 0 0 0 0 0 0 0 0 0 0 0 0
"166" 166 0.142335766423 55 0 0 0 0 0 0 0 0 0 0 0 0 0 0 0 0 0 0 0
"167" 167 0.0077519379845 46 7 1 1 0 0 0 0 0 0 0 0 0 0 0 0 0 0 0 0
"168" 168 0.0 54 1 0 0 0 0 0 0 0 0 0 0 0 0 0 0 0 0 0 0
"169" 169 0.0223214285714 40 15 0 0 0 0 0 0 0 0 0 0 0 0 0 0 0 0 0 0
"170" 170 0.0761421319797 31 23 1 0 0 0 0 0 0 0 0 0 0 0 0 0 0 0 0 0
"171" 171 0.0199004975124 55 0 0 0 0 0 0 0 0 0 0 0 0 0 0 0 0 0 0 0
"172" 172 0.0 46 6 3 0 0 0 0 0 0 0 0 0 0 0 0 0 0 0 0 0
"173" 173 0.259615384615 52 2 1 0 0 0 0 0 0 0 0 0 0 0 0 0 0 0 0 0
"174" 174 0.113924050633 28 8 6 5 4 3 1 0 0 0 0 0 0 0 0 0 0 0 0 0
"175" 175 0.455696202532 18 16 6 4 3 2 2 2 1 1 0 0 0 0 0 0 0 0 0 0
"176" 176 0.539923954373 10 8 7 5 5 4 4 3 3 2 2 2 0 0 0 0 0 0 0 0
"177" 177 0.0304182509506 55 0 0 0 0 0 0 0 0 0 0 0 0 0 0 0 0 0 0 0
"178" 178 0.23178807947 40 6 4 3 1 1 0 0 0 0 0 0 0 0 0 0 0 0 0 0
"179" 179 0.267441860465 40 8 2 1 1 1 1 1 0 0 0 0 0 0 0 0 0 0 0 0
"180" 180 0.0852713178295 22 13 11 8 1 0 0 0 0 0 0 0 0 0 0 0 0 0 0 0
"181" 181 0.0 33 22 0 0 0 0 0 0 0 0 0 0 0 0 0 0 0 0 0 0
"182" 182 0.0 54 1 0 0 0 0 0 0 0 0 0 0 0 0 0 0 0 0 0 0
"183" 183 0.010152284264 27 16 11 1 0 0 0 0 0 0 0 0 0 0 0 0 0 0 0 0
"184" 184 0.0 55 0 0 0 0 0 0 0 0 0 0 0 0 0 0 0 0 0 0 0
"185" 185 0.0 52 3 0 0 0 0 0 0 0 0 0 0 0 0 0 0 0 0 0 0
"186" 186 0.00497512437811 19 16 9 9 1 1 0 0 0 0 0 0 0 0 0 0 0 0 0 0
"187" 187 0.0 53 2 0 0 0 0 0 0 0 0 0 0 0 0 0 0 0 0 0 0
"188" 188 0.00632911392405 52 3 0 0 0 0 0 0 0 0 0 0 0 0 0 0 0 0 0 0
"189" 189 0.0 55 0 0 0 0 0 0 0 0 0 0 0 0 0 0 0 0 0 0 0
"190" 190 0.0 44 4 4 1 1 1 0 0 0 0 0 0 0 0 0 0 0 0 0 0
"191" 191 0.0 43 4 3 1 1 1 1 1 0 0 0 0 0 0 0 0 0 0 0 0
"192" 192 0.0178571428571 55 0 0 0 0 0 0 0 0 0 0 0 0 0 0 0 0 0 0 0
"193" 193 0.0 47 7 1 0 0 0 0 0 0 0 0 0 0 0 0 0 0 0 0 0
"194" 194 0.0689655172414 16 14 10 4 3 3 2 1 1 1 1 0 0 0 0 0 0 0 0 0
"195" 195 0.191860465116 25 12 5 5 3 2 2 1 1 0 0 0 0 0 0 0 0 0 0 0
"196" 196 0.299270072993 20 16 16 2 1 1 0 0 0 0 0 0 0 0 0 0 0 0 0 0
"197" 197 0.631386861314 28 18 3 2 1 1 1 1 1 0 0 0 0 0 0 0 0 0 0 0
"198" 198 0.15503875969 40 14 1 1 0 0 0 0 0 0 0 0 0 0 0 0 0 0 0 0
"199" 199 0.144278606965 54 1 1 0 0 0 0 0 0 0 0 0 0 0 0 0 0 0 0 0
"200" 200 0.00836820083682 56 0 0 0 0 0 0 0 0 0 0 0 0 0 0 0 0 0 0 0
"201" 201 0.245283018868 37 5 5 2 2 1 1 1 1 1 0 0 0 0 0 0 0 0 0 0
"202" 202 0.0384615384615 56 0 0 0 0 0 0 0 0 0 0 0 0 0 0 0 0 0 0 0
"203" 203 0.683937823834 41 6 6 1 1 1 0 0 0 0 0 0 0 0 0 0 0 0 0 0
"204" 204 0.337748344371 43 6 3 2 1 1 0 0 0 0 0 0 0 0 0 0 0 0 0 0
"205" 205 0.495535714286 42 7 5 1 1 0 0 0 0 0 0 0 0 0 0 0 0 0 0 0
"206" 206 0.324873096447 37 7 4 3 1 1 1 1 1 0 0 0 0 0 0 0 0 0 0 0
"207" 207 0.124352331606 49 4 3 0 0 0 0 0 0 0 0 0 0 0 0 0 0 0 0 0
"208" 208 0.0 44 12 0 0 0 0 0 0 0 0 0 0 0 0 0 0 0 0 0 0
"209" 209 0.0348258706468 44 12 0 0 0 0 0 0 0 0 0 0 0 0 0 0 0 0 0 0
"210" 210 0.200836820084 37 5 3 3 2 2 2 1 1 0 0 0 0 0 0 0 0 0 0 0
"211" 211 0.277372262774 31 18 4 2 1 0 0 0 0 0 0 0 0 0 0 0 0 0 0 0
"212" 212 0.0 53 2 1 0 0 0 0 0 0 0 0 0 0 0 0 0 0 0 0 0
"213" 213 0.00418410041841 56 0 0 0 0 0 0 0 0 0 0 0 0 0 0 0 0 0 0 0
"214" 214 0.383211678832 45 6 4 1 0 0 0 0 0 0 0 0 0 0 0 0 0 0 0 0
"215" 215 0.104651162791 15 14 13 9 2 1 1 1 0 0 0 0 0 0 0 0 0 0 0 0
"216" 216 0.0298507462687 42 9 2 1 1 1 0 0 0 0 0 0 0 0 0 0 0 0 0 0
"217" 217 0.0576923076923 50 2 2 1 1 0 0 0 0 0 0 0 0 0 0 0 0 0 0 0
"218" 218 0.156976744186 55 1 0 0 0 0 0 0 0 0 0 0 0 0 0 0 0 0 0 0
"219" 219 0.0377358490566 56 0 0 0 0 0 0 0 0 0 0 0 0 0 0 0 0 0 0 0
"220" 220 0.424870466321 23 14 12 5 1 1 0 0 0 0 0 0 0 0 0 0 0 0 0 0
"221" 221 0.34375 45 6 2 2 1 0 0 0 0 0 0 0 0 0 0 0 0 0 0 0
"222" 222 0.770114942529 19 8 5 5 3 3 2 2 2 2 2 2 1 0 0 0 0 0 0 0
"223" 223 0.350574712644 19 10 7 7 3 2 2 2 1 1 1 1 0 0 0 0 0 0 0 0
"224" 224 0.0390070921986 55 1 0 0 0 0 0 0 0 0 0 0 0 0 0 0 0 0 0 0
"225" 225 0.522012578616 53 1 1 1 0 0 0 0 0 0 0 0 0 0 0 0 0 0 0 0
"226" 226 0.317307692308 45 3 2 2 2 1 1 0 0 0 0 0 0 0 0 0 0 0 0 0
"227" 227 0.0 43 7 3 1 1 1 0 0 0 0 0 0 0 0 0 0 0 0 0 0
"228" 228 0.354651162791 28 17 3 2 2 2 1 1 0 0 0 0 0 0 0 0 0 0 0 0
"229" 229 0.675496688742 14 13 9 6 3 3 2 1 1 1 1 1 1 0 0 0 0 0 0 0
"230" 230 0.0871559633028 44 4 3 3 1 1 0 0 0 0 0 0 0 0 0 0 0 0 0 0
"231" 231 0.509433962264 40 5 3 3 2 1 1 1 0 0 0 0 0 0 0 0 0 0 0 0
"232" 232 0.466321243523 39 10 2 2 1 1 1 0 0 0 0 0 0 0 0 0 0 0 0 0
"233" 233 0.155893536122 38 12 5 1 0 0 0 0 0 0 0 0 0 0 0 0 0 0 0 0
"234" 234 0.426160337553 43 4 2 2 2 1 1 1 0 0 0 0 0 0 0 0 0 0 0 0
"235" 235 0.654088050314 22 9 7 5 3 2 2 2 1 1 1 1 0 0 0 0 0 0 0 0
"236" 236 0.668874172185 19 12 8 5 1 1 1 1 1 1 0 0 0 0 0 0 0 0 0 0
"237" 237 0.0376569037657 48 6 2 0 0 0 0 0 0 0 0 0 0 0 0 0 0 0 0 0
"238" 238 0.345911949686 51 4 1 0 0 0 0 0 0 0 0 0 0 0 0 0 0 0 0 0
"239" 239 0.763713080169 18 10 10 7 3 2 2 1 1 1 0 0 0 0 0 0 0 0 0 0
"240" 240 0.27304964539 38 10 5 1 1 0 0 0 0 0 0 0 0 0 0 0 0 0 0 0
"241" 241 0.713178294574 9 7 6 6 6 5 3 2 2 2 2 2 1 1 1 0 0 0 0 0
"242" 242 0.416058394161 19 7 6 5 4 4 4 2 2 1 1 1 0 0 0 0 0 0 0 0
"243" 243 0.367713004484 20 6 6 4 4 2 2 2 2 1 1 1 1 1 1 1 0 0 0 0
"244" 244 0.528497409326 15 10 9 9 3 3 2 1 1 1 1 0 0 0 0 0 0 0 0 0
"245" 245 0.0753138075314 34 6 5 5 2 1 1 1 1 0 0 0 0 0 0 0 0 0 0 0
"246" 246 0.291390728477 10 9 6 6 5 5 4 3 2 2 1 1 1 1 0 0 0 0 0 0
"247" 247 0.590717299578 11 11 7 6 5 4 3 2 2 2 1 1 1 0 0 0 0 0 0 0
"248" 248 0.0689655172414 14 10 9 5 4 4 3 2 2 1 1 1 0 0 0 0 0 0 0 0
"249" 249 0.00574712643678 28 9 7 4 3 2 1 1 1 0 0 0 0 0 0 0 0 0 0 0
"250" 250 0.509433962264 33 12 2 2 2 1 1 1 1 1 0 0 0 0 0 0 0 0 0 0
"251" 251 0.59748427673 13 6 6 5 5 4 4 4 3 2 2 1 1 0 0 0 0 0 0 0
"252" 252 0.0298507462687 35 5 5 4 3 1 1 1 1 0 0 0 0 0 0 0 0 0 0 0
"253" 253 0.316062176166 34 6 6 2 2 2 2 0 0 0 0 0 0 0 0 0 0 0 0 0
"254" 254 0.647321428571 11 9 9 7 4 4 3 2 2 1 1 1 0 0 0 0 0 0 0 0
"255" 255 0.238341968912 20 5 5 4 4 3 3 3 2 2 2 1 1 1 0 0 0 0 0 0
"256" 256 0.0 42 10 1 1 1 1 0 0 0 0 0 0 0 0 0 0 0 0 0 0
"257" 257 0.284671532847 14 14 10 5 4 2 2 1 1 1 1 0 0 0 0 0 0 0 0 0
"258" 258 0.304635761589 46 3 3 2 1 1 0 0 0 0 0 0 0 0 0 0 0 0 0 0
"259" 259 0.0 56 0 0 0 0 0 0 0 0 0 0 0 0 0 0 0 0 0 0 0
"260" 260 0.00497512437811 48 5 1 1 1 0 0 0 0 0 0 0 0 0 0 0 0 0 0 0
"261" 261 0.264900662252 13 10 8 7 5 3 3 2 1 1 1 1 1 0 0 0 0 0 0 0
"262" 262 0.318385650224 21 11 8 6 3 2 2 1 1 1 0 0 0 0 0 0 0 0 0 0
"263" 263 0.0 35 16 3 1 1 0 0 0 0 0 0 0 0 0 0 0 0 0 0 0
"264" 264 0.0248756218905 52 3 1 0 0 0 0 0 0 0 0 0 0 0 0 0 0 0 0 0
"265" 265 0.282296650718 12 11 11 4 4 3 3 2 2 2 1 1 0 0 0 0 0 0 0 0
"266" 266 0.0304182509506 35 11 4 2 2 1 1 0 0 0 0 0 0 0 0 0 0 0 0 0
"267" 267 0.0984455958549 35 6 6 5 1 1 1 1 0 0 0 0 0 0 0 0 0 0 0 0
"268" 268 0.194968553459 53 2 1 0 0 0 0 0 0 0 0 0 0 0 0 0 0 0 0 0
"269" 269 0.723076923077 18 11 6 6 4 4 4 1 1 1 0 0 0 0 0 0 0 0 0 0
"270" 270 0.616033755274 20 8 4 3 3 3 3 3 2 1 1 1 1 1 1 1 0 0 0 0
"271" 271 0.0510948905109 56 0 0 0 0 0 0 0 0 0 0 0 0 0 0 0 0 0 0 0
"272" 272 0.10152284264 51 3 1 1 0 0 0 0 0 0 0 0 0 0 0 0 0 0 0 0
"273" 273 0.364238410596 46 6 1 1 1 1 0 0 0 0 0 0 0 0 0 0 0 0 0 0
"274" 274 0.0077519379845 52 2 1 1 0 0 0 0 0 0 0 0 0 0 0 0 0 0 0 0
"275" 275 0.675105485232 32 10 5 3 2 1 1 1 1 0 0 0 0 0 0 0 0 0 0 0
"276" 276 0.348837209302 11 9 8 7 7 6 3 2 1 1 1 0 0 0 0 0 0 0 0 0
"277" 277 0.0 48 3 2 2 1 0 0 0 0 0 0 0 0 0 0 0 0 0 0 0
"278" 278 0.233830845771 44 9 2 1 0 0 0 0 0 0 0 0 0 0 0 0 0 0 0 0
"279" 279 0.697674418605 16 10 6 5 5 3 3 2 2 2 1 1 0 0 0 0 0 0 0 0
"280" 280 0.0813397129187 54 2 0 0 0 0 0 0 0 0 0 0 0 0 0 0 0 0 0 0
"281" 281 0.415094339623 40 4 2 2 2 1 1 1 1 1 1 0 0 0 0 0 0 0 0 0
"282" 282 0.0 39 9 8 0 0 0 0 0 0 0 0 0 0 0 0 0 0 0 0 0
"283" 283 0.0418410041841 52 4 0 0 0 0 0 0 0 0 0 0 0 0 0 0 0 0 0 0
"284" 284 0.677130044843 17 6 6 6 4 4 3 2 2 1 1 0 0 0 0 0 0 0 0 0
"285" 285 0.518134715026 33 7 3 3 2 2 1 0 0 0 0 0 0 0 0 0 0 0 0 0
"286" 286 0.229885057471 19 13 5 2 2 1 0 0 0 0 0 0 0 0 0 0 0 0 0 0
"287" 287 0.517441860465 8 6 5 4 2 2 1 1 1 1 1 1 1 0 0 0 0 0 0 0
"288" 288 0.489451476793 12 4 2 2 2 2 1 1 1 0 0 0 0 0 0 0 0 0 0 0
"289" 289 0.22641509434 8 2 2 2 1 1 1 1 0 0 0 0 0 0 0 0 0 0 0 0
"290" 290 0.563218390805 7 3 2 1 1 1 0 0 0 0 0 0 0 0 0 0 0 0 0 0
"291" 291 0.0377358490566 9 2 1 0 0 0 0 0 0 0 0 0 0 0 0 0 0 0 0 0
"292" 292 0.88995215311 2 2 1 1 0 0 0 0 0 0 0 0 0 0 0 0 0 0 0 0
"293" 293 0.497512437811 6 0 0 0 0 0 0 0 0 0 0 0 0 0 0 0 0 0 0 0
