"site" "RSA" "aa1" "aa2" "aa3" "aa4" "aa5" "aa6" "aa7" "aa8" "aa9" "aa10" "aa11" "aa12" "aa13" "aa14" "aa15" "aa16" "aa17" "aa18" "aa19" "aa20"
"0" 0 0.790697674419 333 94 47 5 4 4 3 3 3 2 1 1 0 0 0 0 0 0 0 0
"1" 1 0.34375 190 120 38 30 23 23 16 16 10 8 7 6 5 5 3 0 0 0 0 0
"2" 2 0.601990049751 146 97 60 42 31 25 20 17 15 14 12 8 7 6 0 0 0 0 0 0
"3" 3 0.267857142857 217 114 55 45 14 12 11 8 6 4 4 4 2 2 2 0 0 0 0 0
"4" 4 0.20802919708 132 86 62 44 37 32 29 16 15 12 9 9 7 6 2 1 1 0 0 0
"5" 5 0.0 202 192 39 16 13 13 12 6 3 3 1 0 0 0 0 0 0 0 0 0
"6" 6 0.0 299 112 54 9 9 8 4 1 1 1 1 1 0 0 0 0 0 0 0 0
"7" 7 0.0 184 154 53 25 17 14 13 12 8 7 5 3 3 1 1 0 0 0 0 0
"8" 8 0.031007751938 197 80 79 47 25 15 13 12 11 10 7 2 1 1 0 0 0 0 0 0
"9" 9 0.0 315 74 63 15 7 7 5 4 4 2 2 1 1 0 0 0 0 0 0 0
"10" 10 0.101265822785 197 91 84 55 25 15 15 11 2 2 1 1 1 0 0 0 0 0 0 0
"11" 11 0.0251572327044 192 75 68 51 48 34 7 6 5 4 3 3 2 1 1 0 0 0 0 0
"12" 12 0.0777202072539 97 78 62 56 44 35 33 21 21 21 12 9 4 3 2 2 0 0 0 0
"13" 13 0.0 384 104 3 2 2 2 1 1 1 0 0 0 0 0 0 0 0 0 0 0
"14" 14 0.14367816092 110 57 48 39 37 35 31 29 21 21 19 15 14 8 7 5 4 0 0 0
"15" 15 0.614349775785 74 69 64 45 40 37 33 33 25 21 19 19 6 4 4 3 2 2 0 0
"16" 16 0.470802919708 95 85 80 39 38 32 31 27 21 19 12 10 4 3 1 1 1 1 0 0
"17" 17 0.538461538462 246 235 10 3 2 2 2 0 0 0 0 0 0 0 0 0 0 0 0 0
"18" 18 0.0995024875622 206 87 73 36 26 25 21 10 6 5 2 2 1 0 0 0 0 0 0 0
"19" 19 0.294416243655 97 72 64 49 45 44 21 20 17 17 13 13 9 9 5 4 1 0 0 0
"20" 20 0.629139072848 121 109 76 57 46 31 19 13 10 8 4 2 1 1 1 1 0 0 0 0
"21" 21 0.303571428571 109 90 50 50 46 43 26 16 13 13 11 11 9 6 3 2 2 0 0 0
"22" 22 0.0 142 118 106 43 25 18 13 10 8 6 5 3 2 1 0 0 0 0 0 0
"23" 23 0.157360406091 133 108 76 47 42 16 16 13 9 7 7 7 5 5 4 4 1 0 0 0
"24" 24 0.238410596026 107 82 58 52 49 45 40 15 14 11 8 7 7 3 2 0 0 0 0 0
"25" 25 0.0656934306569 65 63 63 54 47 40 27 21 18 17 17 17 17 15 12 5 2 0 0 0
"26" 26 0.0 185 139 81 39 33 6 4 4 3 2 1 1 1 1 0 0 0 0 0 0
"27" 27 0.607142857143 127 100 64 56 55 32 20 13 13 9 6 4 1 0 0 0 0 0 0 0
"28" 28 0.667883211679 111 78 58 54 41 39 33 24 18 12 10 8 8 6 0 0 0 0 0 0
"29" 29 0.409282700422 86 51 48 46 41 40 36 36 27 19 15 13 10 9 8 6 5 4 0 0
"30" 30 0.182692307692 499 1 0 0 0 0 0 0 0 0 0 0 0 0 0 0 0 0 0 0
"31" 31 0.0669456066946 220 97 51 28 28 28 15 9 6 5 4 3 2 2 1 1 0 0 0 0
"32" 32 0.0928270042194 147 66 51 49 45 40 37 29 13 12 5 3 2 1 0 0 0 0 0 0
"33" 33 0.293532338308 379 68 15 14 8 4 3 3 3 2 1 0 0 0 0 0 0 0 0 0
"34" 34 0.0114942528736 105 92 59 55 53 33 25 13 11 11 10 10 7 5 4 3 3 1 0 0
"35" 35 0.0288461538462 315 113 46 6 5 4 3 2 2 1 1 1 1 0 0 0 0 0 0 0
"36" 36 0.41116751269 145 62 61 52 46 38 24 20 13 9 8 8 4 4 3 2 1 0 0 0
"37" 37 0.215189873418 105 85 77 72 38 22 21 18 13 12 9 9 6 6 4 3 0 0 0 0
"38" 38 0.540229885057 94 87 72 44 37 35 35 31 24 11 9 8 7 4 2 0 0 0 0 0
"39" 39 0.223880597015 167 85 78 50 29 20 20 14 10 6 6 6 4 2 1 1 1 0 0 0
"40" 40 0.573604060914 133 84 84 48 40 39 38 15 11 4 3 1 0 0 0 0 0 0 0 0
"41" 41 0.0314465408805 217 88 40 33 28 27 18 17 10 7 4 3 3 2 2 1 0 0 0 0
"42" 42 0.482558139535 218 67 54 40 31 29 18 15 9 6 4 3 2 2 1 1 0 0 0 0
"43" 43 0.286919831224 207 132 33 33 22 15 13 11 11 6 4 4 3 2 2 1 1 0 0 0
"44" 44 0.596412556054 191 150 33 30 22 20 17 12 10 7 5 2 1 0 0 0 0 0 0 0
"45" 45 0.154811715481 124 86 67 61 51 28 25 24 13 9 5 2 2 2 1 0 0 0 0 0
"46" 46 0.0 357 82 16 13 10 9 7 2 2 1 1 0 0 0 0 0 0 0 0 0
"47" 47 0.304932735426 311 69 35 15 15 12 10 8 6 6 5 3 2 1 1 1 0 0 0 0
"48" 48 0.439461883408 107 100 79 63 34 31 21 19 13 11 8 5 4 3 1 1 0 0 0 0
"49" 49 0.0717703349282 322 52 31 28 23 13 7 6 4 4 4 2 2 1 1 0 0 0 0 0
"50" 50 0.0684410646388 256 73 46 41 25 19 14 10 6 3 2 2 1 1 1 0 0 0 0 0
"51" 51 0.382775119617 104 82 73 38 36 35 32 30 28 14 11 6 4 3 3 1 0 0 0 0
"52" 52 0.59585492228 145 63 34 33 32 32 28 28 24 24 21 20 12 2 2 0 0 0 0 0
"53" 53 0.228855721393 81 77 76 68 57 41 33 30 22 7 4 2 2 0 0 0 0 0 0 0
"54" 54 0.582278481013 123 99 93 54 37 22 16 14 9 7 7 4 4 4 3 3 1 0 0 0
"55" 55 0.705357142857 176 81 51 39 38 27 26 20 18 8 7 4 3 1 1 0 0 0 0 0
"56" 56 0.507299270073 97 79 65 53 53 40 36 29 14 12 11 4 3 2 1 1 0 0 0 0
"57" 57 0.823899371069 439 59 2 0 0 0 0 0 0 0 0 0 0 0 0 0 0 0 0 0
"58" 58 0.355648535565 88 87 59 54 52 45 40 36 13 10 6 6 3 1 0 0 0 0 0 0
"59" 59 0.10460251046 274 65 40 29 25 14 13 10 10 9 6 3 2 0 0 0 0 0 0 0
"60" 60 0.482051282051 177 147 49 38 22 15 14 12 6 6 5 4 3 1 1 0 0 0 0 0
"61" 61 0.413461538462 121 104 49 38 36 35 32 22 17 14 10 5 5 5 3 2 1 1 0 0
"62" 62 0.238805970149 136 108 105 52 33 20 15 10 5 5 3 3 2 1 1 1 0 0 0 0
"63" 63 0.0 158 43 43 42 41 39 25 24 19 19 14 12 9 5 3 2 2 0 0 0
"64" 64 0.40414507772 163 64 56 51 32 26 23 22 17 14 12 11 4 4 1 0 0 0 0 0
"65" 65 0.138075313808 101 89 82 48 31 28 25 22 20 19 11 9 5 4 4 1 1 0 0 0
"66" 66 0.0248756218905 232 92 32 31 30 21 16 9 8 6 6 5 4 3 3 2 0 0 0 0
"67" 67 0.165562913907 169 94 77 35 30 25 20 13 11 8 6 5 3 2 2 0 0 0 0 0
"68" 68 0.523178807947 144 80 69 44 43 29 26 19 16 9 6 5 3 3 2 2 0 0 0 0
"69" 69 0.0769230769231 463 27 6 2 1 1 0 0 0 0 0 0 0 0 0 0 0 0 0 0
"70" 70 0.220125786164 114 105 97 55 27 25 21 21 15 10 5 5 0 0 0 0 0 0 0 0
"71" 71 0.0 201 76 45 43 35 27 21 19 13 12 4 2 1 1 0 0 0 0 0 0
"72" 72 0.0761421319797 134 56 50 45 45 34 25 24 22 22 20 7 4 4 3 3 1 1 0 0
"73" 73 0.0 377 23 20 18 12 11 11 9 6 4 4 2 1 1 1 0 0 0 0 0
"74" 74 0.0 139 106 103 67 34 14 12 9 6 5 2 2 1 0 0 0 0 0 0 0
"75" 75 0.0 319 64 42 18 15 12 9 8 6 3 2 1 1 0 0 0 0 0 0 0
"76" 76 0.0106382978723 468 25 4 2 1 0 0 0 0 0 0 0 0 0 0 0 0 0 0 0
"77" 77 0.03125 167 129 45 39 34 21 19 16 8 7 4 4 3 2 1 1 0 0 0 0
"78" 78 0.0 496 1 1 1 1 0 0 0 0 0 0 0 0 0 0 0 0 0 0 0
"79" 79 0.491071428571 225 154 30 20 10 10 10 9 7 7 5 4 2 2 1 1 1 1 1 0
"80" 80 0.25 262 150 34 25 15 14 0 0 0 0 0 0 0 0 0 0 0 0 0 0
"81" 81 0.0 244 118 82 30 10 6 2 2 2 1 1 1 1 0 0 0 0 0 0 0
"82" 82 0.0456852791878 116 88 62 39 37 36 30 29 20 12 11 11 3 3 2 1 0 0 0 0
"83" 83 0.494186046512 198 102 59 51 18 17 10 10 9 7 7 5 4 2 1 0 0 0 0 0
"84" 84 0.326996197719 119 81 77 74 32 30 28 23 10 8 5 4 4 3 2 0 0 0 0 0
"85" 85 0.00961538461538 326 70 62 11 9 7 4 4 3 3 1 0 0 0 0 0 0 0 0 0
"86" 86 0.474452554745 81 77 77 39 38 38 26 23 19 17 12 11 10 9 9 7 5 2 0 0
"87" 87 0.569620253165 190 57 51 49 38 27 22 18 17 10 7 5 3 3 2 1 0 0 0 0
"88" 88 0.114427860697 152 55 41 40 32 30 27 25 23 18 17 12 9 6 5 4 2 2 0 0
"89" 89 0.0203045685279 100 98 72 46 34 29 27 21 17 17 15 7 6 4 3 2 2 0 0 0
"90" 90 0.163461538462 500 0 0 0 0 0 0 0 0 0 0 0 0 0 0 0 0 0 0 0
"91" 91 0.31007751938 176 67 53 51 47 18 17 16 15 13 5 5 4 4 2 2 2 2 1 0
"92" 92 0.540697674419 169 157 51 38 22 17 14 12 9 4 3 2 2 0 0 0 0 0 0 0
"93" 93 0.176165803109 129 128 86 62 47 20 9 8 3 3 2 1 1 1 0 0 0 0 0 0
"94" 94 0.0440251572327 64 49 42 41 38 36 36 36 30 27 19 19 16 13 12 11 7 2 2 0
"95" 95 0.668161434978 146 82 70 64 63 42 17 9 4 2 1 0 0 0 0 0 0 0 0 0
"96" 96 0.691983122363 167 96 70 58 36 26 15 9 8 5 4 2 2 1 1 0 0 0 0 0
"97" 97 0.0993377483444 239 109 65 22 14 13 8 8 5 4 4 4 3 1 1 0 0 0 0 0
"98" 98 0.457364341085 145 90 53 43 32 24 21 19 18 18 14 8 4 4 3 3 1 0 0 0
"99" 99 0.748427672956 125 74 60 52 47 37 28 26 19 14 9 9 0 0 0 0 0 0 0 0
"100" 100 0.461538461538 500 0 0 0 0 0 0 0 0 0 0 0 0 0 0 0 0 0 0 0
"101" 101 0.110465116279 87 87 84 56 46 45 27 19 18 10 9 4 3 2 1 1 1 0 0 0
"102" 102 0.0 139 114 61 50 46 19 15 14 10 10 7 6 3 3 1 1 1 0 0 0
"103" 103 0.0839416058394 168 61 45 41 34 34 33 19 17 16 7 6 6 6 3 2 1 1 0 0
"104" 104 0.240384615385 295 141 20 10 8 7 7 5 3 2 1 1 0 0 0 0 0 0 0 0
"105" 105 0.367875647668 147 109 51 33 33 31 22 16 14 12 11 8 6 3 2 2 0 0 0 0
"106" 106 0.139303482587 161 139 88 42 29 14 9 5 5 2 2 2 1 1 0 0 0 0 0 0
"107" 107 0.093023255814 235 151 82 15 4 3 2 2 2 2 1 1 0 0 0 0 0 0 0 0
"108" 108 0.568965517241 209 66 55 48 30 29 20 10 8 6 5 5 5 2 1 1 0 0 0 0
"109" 109 0.413793103448 148 60 54 51 39 31 31 30 20 11 8 5 5 4 2 1 0 0 0 0
"110" 110 0.379310344828 97 79 73 49 45 43 29 23 19 18 8 5 5 5 1 1 0 0 0 0
"111" 111 0.451923076923 134 94 72 56 49 32 26 13 8 6 4 2 2 2 0 0 0 0 0 0
"112" 112 0.448905109489 166 81 67 42 41 38 14 13 12 9 6 5 5 1 0 0 0 0 0 0
"113" 113 0.0512820512821 358 52 23 23 22 7 5 4 3 1 1 1 0 0 0 0 0 0 0 0
"114" 114 0.0 102 96 74 52 41 23 23 22 17 14 10 10 6 6 2 2 0 0 0 0
"115" 115 0.0 169 125 42 38 34 28 16 14 10 10 9 4 1 0 0 0 0 0 0 0
"116" 116 0.157894736842 194 157 36 29 23 21 20 6 4 4 2 2 1 1 0 0 0 0 0 0
"117" 117 0.134615384615 207 83 81 42 18 18 14 7 6 5 5 4 3 2 2 2 1 0 0 0
"118" 118 0.0 298 164 19 9 4 3 2 1 0 0 0 0 0 0 0 0 0 0 0 0
"119" 119 0.502590673575 100 67 59 57 42 40 37 33 21 16 12 11 3 1 1 0 0 0 0 0
"120" 120 0.105769230769 257 107 40 33 11 10 9 8 8 7 4 3 2 1 0 0 0 0 0 0
"121" 121 0.553459119497 215 117 55 35 15 14 13 11 7 6 4 2 2 2 1 1 0 0 0 0
"122" 122 0.575892857143 184 94 47 40 31 25 22 19 16 11 8 3 0 0 0 0 0 0 0 0
"123" 123 0.174418604651 121 68 59 43 37 33 25 21 15 15 15 13 8 8 7 5 4 3 0 0
"124" 124 0.015503875969 365 80 31 5 5 3 2 2 2 1 1 1 1 1 0 0 0 0 0 0
"125" 125 0.573839662447 171 115 48 40 26 21 21 18 14 7 7 5 4 1 1 1 0 0 0 0
"126" 126 0.507772020725 176 104 54 50 38 36 17 9 5 3 3 3 1 1 0 0 0 0 0 0
"127" 127 0.09375 137 113 60 51 31 28 26 20 17 11 5 1 0 0 0 0 0 0 0 0
"128" 128 0.0964467005076 258 51 23 22 21 21 20 18 18 13 12 12 5 2 1 1 1 1 0 0
"129" 129 0.713080168776 183 100 46 40 33 21 16 12 12 12 8 8 4 2 2 1 0 0 0 0
"130" 130 0.243781094527 124 82 69 57 45 43 22 22 10 7 6 5 4 2 2 0 0 0 0 0
"131" 131 0.0354609929078 406 30 22 10 8 6 5 4 3 2 2 1 1 0 0 0 0 0 0 0
"132" 132 0.0418410041841 387 89 8 5 4 3 2 1 1 0 0 0 0 0 0 0 0 0 0 0
"133" 133 0.518987341772 148 87 66 37 31 28 19 17 15 14 13 13 5 4 2 1 0 0 0 0
"134" 134 0.685534591195 155 121 106 40 29 26 18 3 2 0 0 0 0 0 0 0 0 0 0 0
"135" 135 0.629464285714 120 95 65 65 57 36 23 18 9 9 3 0 0 0 0 0 0 0 0 0
"136" 136 0.290178571429 120 88 81 53 50 31 24 13 12 10 5 4 3 3 2 1 0 0 0 0
"137" 137 0.169154228856 269 54 45 22 20 19 18 12 9 8 5 5 5 4 3 2 0 0 0 0
"138" 138 0.390804597701 133 100 52 44 43 40 24 19 18 18 6 1 1 1 0 0 0 0 0 0
"139" 139 0.741721854305 118 65 65 52 48 29 26 25 22 18 14 7 5 3 3 0 0 0 0 0
"140" 140 0.430962343096 121 118 76 59 19 15 14 14 13 12 11 9 8 5 4 1 1 0 0 0
"141" 141 0.651162790698 89 76 59 59 45 32 26 24 20 20 18 13 6 5 3 3 2 0 0 0
"142" 142 0.145695364238 116 53 43 42 40 34 31 26 25 25 15 12 10 8 6 5 3 3 3 0
"143" 143 0.692307692308 127 101 100 72 25 24 22 11 7 4 3 2 1 1 0 0 0 0 0 0
"144" 144 0.390728476821 118 81 58 51 35 32 32 31 16 15 11 6 6 4 3 1 0 0 0 0
"145" 145 0.147321428571 85 54 53 52 40 37 36 36 32 23 20 9 8 5 4 4 2 0 0 0
"146" 146 0.599156118143 109 87 74 54 52 42 23 17 14 8 7 6 3 3 1 0 0 0 0 0
"147" 147 0.794326241135 165 123 64 55 30 19 9 8 8 8 4 4 2 1 0 0 0 0 0 0
"148" 148 0.335025380711 151 121 52 48 23 21 15 14 14 11 10 9 8 1 1 1 0 0 0 0
"149" 149 0.406844106464 322 99 20 14 9 8 7 6 3 3 3 2 2 1 1 0 0 0 0 0
