"site" "RSA" "aa1" "aa2" "aa3" "aa4" "aa5" "aa6" "aa7" "aa8" "aa9" "aa10" "aa11" "aa12" "aa13" "aa14" "aa15" "aa16" "aa17" "aa18" "aa19" "aa20"
"0" 0 0.283582089552 261 128 80 12 8 8 1 1 1 0 0 0 0 0 0 0 0 0 0 0
"1" 1 0.171532846715 220 96 88 57 24 6 6 2 1 0 0 0 0 0 0 0 0 0 0 0
"2" 2 0.0 407 57 27 4 3 1 1 0 0 0 0 0 0 0 0 0 0 0 0 0
"3" 3 0.0 497 3 0 0 0 0 0 0 0 0 0 0 0 0 0 0 0 0 0 0
"4" 4 0.0 405 95 0 0 0 0 0 0 0 0 0 0 0 0 0 0 0 0 0 0
"5" 5 0.100775193798 302 158 21 6 3 3 2 2 1 1 1 0 0 0 0 0 0 0 0 0
"6" 6 0.0287356321839 214 191 75 12 5 2 1 0 0 0 0 0 0 0 0 0 0 0 0 0
"7" 7 0.282700421941 130 111 98 30 23 19 19 16 15 10 9 9 7 2 1 1 0 0 0 0
"8" 8 0.244525547445 328 125 45 1 1 0 0 0 0 0 0 0 0 0 0 0 0 0 0 0
"9" 9 0.00574712643678 276 167 42 13 2 0 0 0 0 0 0 0 0 0 0 0 0 0 0 0
"10" 10 0.106598984772 315 100 44 23 6 5 3 3 1 0 0 0 0 0 0 0 0 0 0 0
"11" 11 0.124352331606 175 166 110 20 12 6 4 3 1 1 1 1 0 0 0 0 0 0 0 0
"12" 12 0.661596958175 154 131 118 63 18 14 2 0 0 0 0 0 0 0 0 0 0 0 0 0
"13" 13 0.573643410853 252 129 55 30 19 7 4 2 1 1 0 0 0 0 0 0 0 0 0 0
"14" 14 0.270114942529 242 80 65 60 25 18 4 4 1 1 0 0 0 0 0 0 0 0 0 0
"15" 15 0.814345991561 467 22 5 5 1 0 0 0 0 0 0 0 0 0 0 0 0 0 0 0
"16" 16 0.456852791878 271 153 44 7 7 5 3 3 2 2 1 1 1 0 0 0 0 0 0 0
"17" 17 0.580291970803 269 108 73 37 8 2 1 1 1 0 0 0 0 0 0 0 0 0 0 0
"18" 18 0.132183908046 270 205 19 5 1 0 0 0 0 0 0 0 0 0 0 0 0 0 0 0
"19" 19 0.286919831224 313 186 1 0 0 0 0 0 0 0 0 0 0 0 0 0 0 0 0 0
"20" 20 0.817610062893 135 112 85 80 66 12 10 0 0 0 0 0 0 0 0 0 0 0 0 0
"21" 21 0.502590673575 252 165 51 24 8 0 0 0 0 0 0 0 0 0 0 0 0 0 0 0
"22" 22 0.43795620438 178 166 127 26 3 0 0 0 0 0 0 0 0 0 0 0 0 0 0 0
"23" 23 0.424418604651 243 125 78 39 7 6 2 0 0 0 0 0 0 0 0 0 0 0 0 0
"24" 24 0.0480769230769 500 0 0 0 0 0 0 0 0 0 0 0 0 0 0 0 0 0 0 0
"25" 25 0.264367816092 248 115 51 37 20 16 7 5 1 0 0 0 0 0 0 0 0 0 0 0
"26" 26 0.16091954023 200 162 72 30 26 4 4 1 1 0 0 0 0 0 0 0 0 0 0 0
"27" 27 0.325581395349 312 112 51 11 6 4 3 1 0 0 0 0 0 0 0 0 0 0 0 0
"28" 28 0.730569948187 221 172 86 20 1 0 0 0 0 0 0 0 0 0 0 0 0 0 0 0
"29" 29 0.884615384615 485 15 0 0 0 0 0 0 0 0 0 0 0 0 0 0 0 0 0 0
"30" 30 0.166666666667 388 32 27 18 18 10 4 1 1 1 0 0 0 0 0 0 0 0 0 0
"31" 31 0.535864978903 265 153 44 10 9 7 6 2 1 1 1 1 0 0 0 0 0 0 0 0
"32" 32 0.191387559809 371 85 34 5 4 1 0 0 0 0 0 0 0 0 0 0 0 0 0 0
"33" 33 0.192052980132 240 153 105 1 1 0 0 0 0 0 0 0 0 0 0 0 0 0 0 0
"34" 34 0.0366972477064 191 182 84 20 20 1 1 1 0 0 0 0 0 0 0 0 0 0 0 0
"35" 35 0.00512820512821 401 98 1 0 0 0 0 0 0 0 0 0 0 0 0 0 0 0 0 0
"36" 36 0.182389937107 163 160 112 42 10 7 3 1 1 1 0 0 0 0 0 0 0 0 0 0
"37" 37 0.092050209205 253 92 44 41 32 23 15 0 0 0 0 0 0 0 0 0 0 0 0 0
"38" 38 0.0443037974684 464 20 9 7 0 0 0 0 0 0 0 0 0 0 0 0 0 0 0 0
"39" 39 0.303571428571 254 122 65 18 15 9 8 7 1 1 0 0 0 0 0 0 0 0 0 0
"40" 40 0.0304568527919 224 207 58 7 2 1 1 0 0 0 0 0 0 0 0 0 0 0 0 0
"41" 41 0.0 499 1 0 0 0 0 0 0 0 0 0 0 0 0 0 0 0 0 0 0
"42" 42 0.00574712643678 278 204 14 3 1 0 0 0 0 0 0 0 0 0 0 0 0 0 0 0
"43" 43 0.0178571428571 349 67 57 13 11 2 1 0 0 0 0 0 0 0 0 0 0 0 0 0
"44" 44 0.0267857142857 149 108 94 44 39 18 13 12 9 7 4 2 1 0 0 0 0 0 0 0
"45" 45 0.0 405 95 0 0 0 0 0 0 0 0 0 0 0 0 0 0 0 0 0 0
"46" 46 0.0172413793103 344 84 37 12 8 5 3 3 3 1 0 0 0 0 0 0 0 0 0 0
"47" 47 0.306569343066 230 145 36 31 24 14 9 5 4 1 1 0 0 0 0 0 0 0 0 0
"48" 48 0.00995024875622 295 101 38 35 16 9 2 2 1 1 0 0 0 0 0 0 0 0 0 0
"49" 49 0.206751054852 365 130 2 2 1 0 0 0 0 0 0 0 0 0 0 0 0 0 0 0
"50" 50 0.522321428571 147 145 140 45 8 6 5 3 1 0 0 0 0 0 0 0 0 0 0 0
"51" 51 0.493670886076 166 94 91 56 33 23 17 10 10 0 0 0 0 0 0 0 0 0 0 0
"52" 52 0.810126582278 476 24 0 0 0 0 0 0 0 0 0 0 0 0 0 0 0 0 0 0
"53" 53 0.358208955224 304 166 18 10 1 1 0 0 0 0 0 0 0 0 0 0 0 0 0 0
"54" 54 0.0402298850575 414 46 39 1 0 0 0 0 0 0 0 0 0 0 0 0 0 0 0 0
"55" 55 0.721518987342 176 173 75 65 11 0 0 0 0 0 0 0 0 0 0 0 0 0 0 0
"56" 56 0.205357142857 369 97 28 2 1 1 1 1 0 0 0 0 0 0 0 0 0 0 0 0
"57" 57 0.0 490 10 0 0 0 0 0 0 0 0 0 0 0 0 0 0 0 0 0 0
"58" 58 0.0 369 47 23 18 18 17 5 2 1 0 0 0 0 0 0 0 0 0 0 0
"59" 59 0.0077519379845 435 65 0 0 0 0 0 0 0 0 0 0 0 0 0 0 0 0 0 0
"60" 60 0.0114942528736 454 34 8 2 1 1 0 0 0 0 0 0 0 0 0 0 0 0 0 0
"61" 61 0.0198675496689 454 40 4 2 0 0 0 0 0 0 0 0 0 0 0 0 0 0 0 0
"62" 62 0.126582278481 392 62 24 20 2 0 0 0 0 0 0 0 0 0 0 0 0 0 0 0
"63" 63 0.0288461538462 500 0 0 0 0 0 0 0 0 0 0 0 0 0 0 0 0 0 0 0
"64" 64 0.138364779874 317 112 39 22 10 0 0 0 0 0 0 0 0 0 0 0 0 0 0 0
"65" 65 0.348837209302 175 111 85 57 36 9 9 6 4 4 3 1 0 0 0 0 0 0 0 0
"66" 66 0.412556053812 165 144 58 58 54 18 3 0 0 0 0 0 0 0 0 0 0 0 0 0
"67" 67 0.0253164556962 435 43 9 7 3 2 1 0 0 0 0 0 0 0 0 0 0 0 0 0
"68" 68 0.210762331839 141 115 99 63 25 21 20 14 2 0 0 0 0 0 0 0 0 0 0 0
"69" 69 0.53125 308 113 45 12 6 6 5 3 2 0 0 0 0 0 0 0 0 0 0 0
"70" 70 0.0406976744186 193 162 145 0 0 0 0 0 0 0 0 0 0 0 0 0 0 0 0 0
"71" 71 0.0 370 129 1 0 0 0 0 0 0 0 0 0 0 0 0 0 0 0 0 0
"72" 72 0.171532846715 234 106 66 59 28 2 2 2 1 0 0 0 0 0 0 0 0 0 0 0
"73" 73 0.372093023256 176 67 61 53 53 27 26 16 7 6 5 3 0 0 0 0 0 0 0 0
"74" 74 0.0 282 174 43 1 0 0 0 0 0 0 0 0 0 0 0 0 0 0 0 0
"75" 75 0.0 497 3 0 0 0 0 0 0 0 0 0 0 0 0 0 0 0 0 0 0
"76" 76 0.062015503876 498 1 1 0 0 0 0 0 0 0 0 0 0 0 0 0 0 0 0 0
"77" 77 0.0550458715596 366 78 16 14 9 6 4 3 2 1 1 0 0 0 0 0 0 0 0 0
"78" 78 0.144230769231 500 0 0 0 0 0 0 0 0 0 0 0 0 0 0 0 0 0 0 0
"79" 79 0.0077519379845 452 48 0 0 0 0 0 0 0 0 0 0 0 0 0 0 0 0 0 0
"80" 80 0.295336787565 365 72 33 21 6 2 1 0 0 0 0 0 0 0 0 0 0 0 0 0
"81" 81 0.211678832117 216 87 70 45 43 13 9 9 5 3 0 0 0 0 0 0 0 0 0 0
"82" 82 0.00961538461538 371 128 1 0 0 0 0 0 0 0 0 0 0 0 0 0 0 0 0 0
"83" 83 0.00507614213198 305 117 22 17 15 10 7 4 2 1 0 0 0 0 0 0 0 0 0 0
"84" 84 0.0 258 240 1 1 0 0 0 0 0 0 0 0 0 0 0 0 0 0 0 0
"85" 85 0.0 361 130 9 0 0 0 0 0 0 0 0 0 0 0 0 0 0 0 0 0
"86" 86 0.308035714286 337 81 43 22 10 5 2 0 0 0 0 0 0 0 0 0 0 0 0 0
"87" 87 0.0114942528736 287 190 18 4 1 0 0 0 0 0 0 0 0 0 0 0 0 0 0 0
"88" 88 0.389937106918 469 25 3 3 0 0 0 0 0 0 0 0 0 0 0 0 0 0 0 0
"89" 89 0.572327044025 264 222 7 5 1 1 0 0 0 0 0 0 0 0 0 0 0 0 0 0
"90" 90 0.511627906977 378 109 8 3 2 0 0 0 0 0 0 0 0 0 0 0 0 0 0 0
"91" 91 0.433035714286 257 158 55 23 3 3 1 0 0 0 0 0 0 0 0 0 0 0 0 0
"92" 92 0.162790697674 160 122 97 85 32 3 1 0 0 0 0 0 0 0 0 0 0 0 0 0
"93" 93 0.584821428571 247 129 67 21 14 7 5 4 3 2 1 0 0 0 0 0 0 0 0 0
"94" 94 0.576642335766 263 144 50 29 7 5 1 1 0 0 0 0 0 0 0 0 0 0 0 0
"95" 95 0.189054726368 474 12 5 2 2 2 1 1 1 0 0 0 0 0 0 0 0 0 0 0
"96" 96 0.163461538462 461 27 7 2 2 1 0 0 0 0 0 0 0 0 0 0 0 0 0 0
"97" 97 0.0754716981132 250 225 10 6 5 4 0 0 0 0 0 0 0 0 0 0 0 0 0 0
"98" 98 0.338308457711 327 83 61 9 4 3 3 3 3 1 1 1 1 0 0 0 0 0 0 0
"99" 99 0.0313901345291 353 116 10 9 7 4 1 0 0 0 0 0 0 0 0 0 0 0 0 0
"100" 100 0.172413793103 239 141 66 17 17 14 2 2 2 0 0 0 0 0 0 0 0 0 0 0
"101" 101 0.0 500 0 0 0 0 0 0 0 0 0 0 0 0 0 0 0 0 0 0 0
"102" 102 0.36496350365 453 36 8 3 0 0 0 0 0 0 0 0 0 0 0 0 0 0 0 0
"103" 103 0.0229885057471 489 5 3 2 1 0 0 0 0 0 0 0 0 0 0 0 0 0 0 0
"104" 104 0.00995024875622 422 21 16 12 9 8 3 3 3 3 0 0 0 0 0 0 0 0 0 0
"105" 105 0.031007751938 494 3 2 1 0 0 0 0 0 0 0 0 0 0 0 0 0 0 0 0
"106" 106 0.215189873418 344 71 29 24 21 9 2 0 0 0 0 0 0 0 0 0 0 0 0 0
"107" 107 0.0 450 18 15 13 4 0 0 0 0 0 0 0 0 0 0 0 0 0 0 0
"108" 108 0.0077519379845 449 23 21 6 1 0 0 0 0 0 0 0 0 0 0 0 0 0 0 0
"109" 109 0.59375 387 96 9 5 1 1 1 0 0 0 0 0 0 0 0 0 0 0 0 0
"110" 110 0.438818565401 169 131 96 54 20 10 7 4 4 2 1 1 1 0 0 0 0 0 0 0
"111" 111 0.0848214285714 330 79 35 22 13 11 6 2 1 1 0 0 0 0 0 0 0 0 0 0
"112" 112 0.645569620253 499 1 0 0 0 0 0 0 0 0 0 0 0 0 0 0 0 0 0 0
"113" 113 0.0344827586207 428 50 8 5 3 3 2 1 0 0 0 0 0 0 0 0 0 0 0 0
"114" 114 0.305699481865 301 93 44 23 18 5 5 4 3 2 1 1 0 0 0 0 0 0 0 0
"115" 115 0.00497512437811 366 53 37 22 8 5 4 2 2 1 0 0 0 0 0 0 0 0 0 0
"116" 116 0.0 425 28 19 14 9 3 2 0 0 0 0 0 0 0 0 0 0 0 0 0
"117" 117 0.00497512437811 376 73 13 10 8 5 4 4 3 2 1 1 0 0 0 0 0 0 0 0
"118" 118 0.0348258706468 304 58 58 40 39 1 0 0 0 0 0 0 0 0 0 0 0 0 0 0
"119" 119 0.125 500 0 0 0 0 0 0 0 0 0 0 0 0 0 0 0 0 0 0 0
"120" 120 0.206751054852 235 101 75 32 27 23 6 1 0 0 0 0 0 0 0 0 0 0 0 0
"121" 121 0.219730941704 364 64 46 15 3 3 3 1 1 0 0 0 0 0 0 0 0 0 0 0
"122" 122 0.100775193798 225 75 63 57 37 13 8 8 6 4 3 1 0 0 0 0 0 0 0 0
"123" 123 0.243654822335 251 178 25 12 10 9 7 6 1 1 0 0 0 0 0 0 0 0 0 0
"124" 124 0.39896373057 238 88 40 32 29 28 17 12 5 4 3 2 2 0 0 0 0 0 0 0
"125" 125 0.316062176166 107 103 89 64 41 35 22 21 6 5 4 2 1 0 0 0 0 0 0 0
"126" 126 0.497409326425 139 127 84 49 46 20 18 16 1 0 0 0 0 0 0 0 0 0 0 0
"127" 127 0.272151898734 176 103 80 47 45 23 21 2 1 1 1 0 0 0 0 0 0 0 0 0
"128" 128 0.194871794872 263 135 63 17 14 7 1 0 0 0 0 0 0 0 0 0 0 0 0 0
"129" 129 0.390134529148 435 42 12 11 0 0 0 0 0 0 0 0 0 0 0 0 0 0 0 0
"130" 130 0.197674418605 322 85 36 23 19 7 5 2 1 0 0 0 0 0 0 0 0 0 0 0
"131" 131 0.0288461538462 265 198 19 17 1 0 0 0 0 0 0 0 0 0 0 0 0 0 0 0
"132" 132 0.215246636771 325 47 45 24 23 10 9 4 3 3 3 2 2 0 0 0 0 0 0 0
"133" 133 0.275229357798 422 57 8 5 3 3 1 1 0 0 0 0 0 0 0 0 0 0 0 0
"134" 134 0.0 369 67 28 20 14 1 1 0 0 0 0 0 0 0 0 0 0 0 0 0
"135" 135 0.0 490 10 0 0 0 0 0 0 0 0 0 0 0 0 0 0 0 0 0 0
"136" 136 0.423076923077 330 56 32 25 23 19 5 4 3 2 1 0 0 0 0 0 0 0 0 0
"137" 137 0.330543933054 484 13 3 0 0 0 0 0 0 0 0 0 0 0 0 0 0 0 0 0
"138" 138 0.109452736318 484 5 4 4 2 1 0 0 0 0 0 0 0 0 0 0 0 0 0 0
"139" 139 0.772020725389 453 42 5 0 0 0 0 0 0 0 0 0 0 0 0 0 0 0 0 0
"140" 140 0.170212765957 455 33 6 2 2 1 1 0 0 0 0 0 0 0 0 0 0 0 0 0
"141" 141 0.301886792453 307 51 41 35 18 15 13 12 3 3 2 0 0 0 0 0 0 0 0 0
"142" 142 0.367713004484 156 120 73 35 30 25 23 14 11 3 3 3 2 1 1 0 0 0 0 0
"143" 143 0.0 265 158 53 15 4 3 2 0 0 0 0 0 0 0 0 0 0 0 0 0
"144" 144 0.0348837209302 150 146 122 23 19 19 8 5 4 1 1 1 1 0 0 0 0 0 0 0
"145" 145 0.192468619247 255 139 87 15 3 1 0 0 0 0 0 0 0 0 0 0 0 0 0 0
"146" 146 0.0 214 116 109 37 23 1 0 0 0 0 0 0 0 0 0 0 0 0 0 0
"147" 147 0.0860927152318 207 156 114 14 3 2 2 1 1 0 0 0 0 0 0 0 0 0 0 0
"148" 148 0.367713004484 150 89 79 70 39 30 21 16 4 2 0 0 0 0 0 0 0 0 0 0
"149" 149 0.0229885057471 234 68 49 45 45 30 9 6 5 3 3 2 1 0 0 0 0 0 0 0
"150" 150 0.226744186047 218 143 42 27 26 21 8 6 3 3 2 1 0 0 0 0 0 0 0 0
"151" 151 0.114427860697 250 150 53 26 10 7 2 1 1 0 0 0 0 0 0 0 0 0 0 0
"152" 152 0.433035714286 242 136 56 32 14 11 5 3 1 0 0 0 0 0 0 0 0 0 0 0
"153" 153 0.625 500 0 0 0 0 0 0 0 0 0 0 0 0 0 0 0 0 0 0 0
"154" 154 0.528497409326 404 90 4 1 1 0 0 0 0 0 0 0 0 0 0 0 0 0 0 0
"155" 155 0.244725738397 275 171 25 13 7 4 2 2 1 0 0 0 0 0 0 0 0 0 0 0
"156" 156 0.0 153 135 48 34 33 32 16 14 13 8 6 5 1 1 1 0 0 0 0 0
"157" 157 0.35864978903 240 114 77 27 24 10 3 2 1 1 1 0 0 0 0 0 0 0 0 0
"158" 158 0.0 381 47 38 14 14 3 3 0 0 0 0 0 0 0 0 0 0 0 0 0
"159" 159 0.290178571429 193 116 73 44 32 20 12 6 4 0 0 0 0 0 0 0 0 0 0 0
"160" 160 0.131386861314 186 146 54 53 23 17 15 4 1 1 0 0 0 0 0 0 0 0 0 0
"161" 161 0.254464285714 166 134 56 51 38 18 12 9 7 7 2 0 0 0 0 0 0 0 0 0
"162" 162 0.319796954315 489 6 1 1 1 1 1 0 0 0 0 0 0 0 0 0 0 0 0 0
"163" 163 0.943005181347 288 125 68 8 6 2 2 1 0 0 0 0 0 0 0 0 0 0 0 0
"164" 164 0.817307692308 416 76 5 1 1 1 0 0 0 0 0 0 0 0 0 0 0 0 0 0
"165" 165 0.326923076923 500 0 0 0 0 0 0 0 0 0 0 0 0 0 0 0 0 0 0 0
"166" 166 0.437810945274 299 74 66 50 9 1 1 0 0 0 0 0 0 0 0 0 0 0 0 0
"167" 167 0.321428571429 159 68 67 62 40 36 17 15 13 11 10 2 0 0 0 0 0 0 0 0
"168" 168 0.459302325581 170 161 103 24 23 6 6 4 1 1 1 0 0 0 0 0 0 0 0 0
"169" 169 0.28855721393 217 47 44 42 37 25 23 23 17 8 7 5 4 1 0 0 0 0 0 0
"170" 170 0.64598540146 408 50 28 7 3 1 1 1 1 0 0 0 0 0 0 0 0 0 0 0
"171" 171 0.0796019900498 385 72 14 11 6 3 3 2 2 1 1 0 0 0 0 0 0 0 0 0
"172" 172 0.582278481013 108 102 82 57 53 52 41 1 1 1 1 1 0 0 0 0 0 0 0 0
"173" 173 0.174129353234 342 118 9 5 5 5 5 4 3 2 1 1 0 0 0 0 0 0 0 0
"174" 174 0.276729559748 423 61 10 6 0 0 0 0 0 0 0 0 0 0 0 0 0 0 0 0
"175" 175 0.0 420 36 13 11 10 8 2 0 0 0 0 0 0 0 0 0 0 0 0 0
"176" 176 0.0 492 5 2 1 0 0 0 0 0 0 0 0 0 0 0 0 0 0 0 0
"177" 177 0.0 299 97 44 42 13 3 1 1 0 0 0 0 0 0 0 0 0 0 0 0
"178" 178 0.00581395348837 396 98 3 3 0 0 0 0 0 0 0 0 0 0 0 0 0 0 0 0
"179" 179 0.0 312 165 12 8 1 1 1 0 0 0 0 0 0 0 0 0 0 0 0 0
"180" 180 0.0777202072539 442 30 18 7 3 0 0 0 0 0 0 0 0 0 0 0 0 0 0 0
"181" 181 0.492537313433 194 133 60 39 31 15 13 11 2 1 1 0 0 0 0 0 0 0 0 0
"182" 182 0.664233576642 278 110 62 31 7 6 3 1 1 1 0 0 0 0 0 0 0 0 0 0
"183" 183 0.0597014925373 196 87 64 38 34 29 20 12 12 7 1 0 0 0 0 0 0 0 0 0
"184" 184 0.0871794871795 384 107 5 4 0 0 0 0 0 0 0 0 0 0 0 0 0 0 0 0
"185" 185 0.741071428571 246 242 8 4 0 0 0 0 0 0 0 0 0 0 0 0 0 0 0 0
"186" 186 0.201257861635 408 58 27 3 2 2 0 0 0 0 0 0 0 0 0 0 0 0 0 0
"187" 187 0.273722627737 321 132 36 5 4 1 1 0 0 0 0 0 0 0 0 0 0 0 0 0
"188" 188 0.817490494297 245 155 52 23 13 8 3 1 0 0 0 0 0 0 0 0 0 0 0 0
"189" 189 0.232558139535 375 99 8 5 3 3 3 2 2 0 0 0 0 0 0 0 0 0 0 0
"190" 190 0.424418604651 223 93 49 49 48 22 9 4 1 1 1 0 0 0 0 0 0 0 0 0
"191" 191 0.666666666667 174 172 122 19 7 3 2 1 0 0 0 0 0 0 0 0 0 0 0 0
"192" 192 0.440251572327 271 146 63 11 6 2 1 0 0 0 0 0 0 0 0 0 0 0 0 0
"193" 193 0.333333333333 261 134 36 28 19 18 2 2 0 0 0 0 0 0 0 0 0 0 0 0
"194" 194 0.375634517766 275 94 86 18 7 7 6 3 2 2 0 0 0 0 0 0 0 0 0 0
"195" 195 0.467889908257 161 126 71 67 57 11 3 2 2 0 0 0 0 0 0 0 0 0 0 0
"196" 196 0.556962025316 258 150 43 24 18 4 3 0 0 0 0 0 0 0 0 0 0 0 0 0
"197" 197 0.015503875969 500 0 0 0 0 0 0 0 0 0 0 0 0 0 0 0 0 0 0 0
"198" 198 0.518987341772 226 102 64 62 22 9 6 3 3 2 1 0 0 0 0 0 0 0 0 0
"199" 199 0.696202531646 275 140 85 0 0 0 0 0 0 0 0 0 0 0 0 0 0 0 0 0
"200" 200 0.274261603376 215 201 64 19 1 0 0 0 0 0 0 0 0 0 0 0 0 0 0 0
"201" 201 0.620253164557 202 158 109 24 7 0 0 0 0 0 0 0 0 0 0 0 0 0 0 0
"202" 202 0.0456852791878 380 113 7 0 0 0 0 0 0 0 0 0 0 0 0 0 0 0 0 0
"203" 203 0.379464285714 238 96 55 42 25 10 10 9 4 3 3 3 2 0 0 0 0 0 0 0
"204" 204 0.367816091954 343 117 21 14 4 1 0 0 0 0 0 0 0 0 0 0 0 0 0 0
"205" 205 0.0964467005076 237 59 59 43 35 25 10 10 10 5 3 2 1 1 0 0 0 0 0 0
"206" 206 0.464135021097 247 86 78 53 21 13 1 1 0 0 0 0 0 0 0 0 0 0 0 0
"207" 207 0.0817610062893 490 6 3 1 0 0 0 0 0 0 0 0 0 0 0 0 0 0 0 0
"208" 208 0.528846153846 217 123 82 37 14 12 10 4 1 0 0 0 0 0 0 0 0 0 0 0
"209" 209 0.580310880829 181 134 76 56 19 10 8 5 4 3 3 1 0 0 0 0 0 0 0 0
"210" 210 0.134328358209 446 47 2 2 1 1 1 0 0 0 0 0 0 0 0 0 0 0 0 0
"211" 211 0.653846153846 500 0 0 0 0 0 0 0 0 0 0 0 0 0 0 0 0 0 0 0
"212" 212 0.051724137931 416 82 2 0 0 0 0 0 0 0 0 0 0 0 0 0 0 0 0 0
"213" 213 0.549222797927 309 132 26 21 11 1 0 0 0 0 0 0 0 0 0 0 0 0 0 0
"214" 214 0.199004975124 370 78 23 20 6 2 1 0 0 0 0 0 0 0 0 0 0 0 0 0
"215" 215 0.453488372093 337 88 39 11 7 6 4 4 2 1 1 0 0 0 0 0 0 0 0 0
"216" 216 0.284768211921 278 192 11 7 5 2 2 1 1 1 0 0 0 0 0 0 0 0 0 0
"217" 217 0.818565400844 282 92 81 33 10 2 0 0 0 0 0 0 0 0 0 0 0 0 0 0
"218" 218 0.731343283582 186 115 53 52 45 17 17 9 2 2 2 0 0 0 0 0 0 0 0 0
"219" 219 0.708609271523 402 68 17 12 1 0 0 0 0 0 0 0 0 0 0 0 0 0 0 0
"220" 220 0.632183908046 114 110 96 59 47 39 11 11 5 3 3 1 1 0 0 0 0 0 0 0
"221" 221 0.781725888325 290 90 78 20 12 7 2 1 0 0 0 0 0 0 0 0 0 0 0 0
"222" 222 0.291390728477 273 76 41 38 32 27 8 4 1 0 0 0 0 0 0 0 0 0 0 0
"223" 223 0.235632183908 266 56 51 41 41 22 12 7 2 1 1 0 0 0 0 0 0 0 0 0
"224" 224 0.504464285714 359 48 40 15 14 10 6 4 3 1 0 0 0 0 0 0 0 0 0 0
"225" 225 0.580310880829 205 123 91 38 35 5 2 1 0 0 0 0 0 0 0 0 0 0 0 0
"226" 226 0.666666666667 436 64 0 0 0 0 0 0 0 0 0 0 0 0 0 0 0 0 0 0
"227" 227 0.823899371069 478 9 8 4 1 0 0 0 0 0 0 0 0 0 0 0 0 0 0 0
"228" 228 0.85201793722 240 145 90 18 4 2 1 0 0 0 0 0 0 0 0 0 0 0 0 0
"229" 229 0.875912408759 285 135 65 14 1 0 0 0 0 0 0 0 0 0 0 0 0 0 0 0
"230" 230 0.755813953488 222 131 87 21 19 17 2 1 0 0 0 0 0 0 0 0 0 0 0 0
"231" 231 0.744186046512 265 120 84 26 4 1 0 0 0 0 0 0 0 0 0 0 0 0 0 0
"232" 232 0.759615384615 410 83 7 0 0 0 0 0 0 0 0 0 0 0 0 0 0 0 0 0
"233" 233 0.701149425287 173 130 117 30 14 12 10 7 5 1 1 0 0 0 0 0 0 0 0 0
"234" 234 0.835443037975 215 167 93 12 12 1 0 0 0 0 0 0 0 0 0 0 0 0 0 0
"235" 235 0.258620689655 251 122 42 41 18 11 8 6 1 0 0 0 0 0 0 0 0 0 0 0
"236" 236 0.611607142857 183 112 81 39 38 32 7 4 3 1 0 0 0 0 0 0 0 0 0 0
"237" 237 0.383720930233 258 155 35 23 21 5 3 0 0 0 0 0 0 0 0 0 0 0 0 0
"238" 238 0.656976744186 168 158 143 17 6 4 2 1 1 0 0 0 0 0 0 0 0 0 0 0
"239" 239 0.696428571429 279 100 81 24 11 3 2 0 0 0 0 0 0 0 0 0 0 0 0 0
"240" 240 0.259067357513 207 85 80 39 30 14 10 9 9 7 7 2 1 0 0 0 0 0 0 0
"241" 241 0.398009950249 198 183 84 15 5 4 3 3 3 2 0 0 0 0 0 0 0 0 0 0
"242" 242 0.333333333333 253 224 8 5 5 3 1 1 0 0 0 0 0 0 0 0 0 0 0 0
"243" 243 0.317829457364 163 119 101 52 31 25 3 3 2 1 0 0 0 0 0 0 0 0 0 0
"244" 244 0.303797468354 258 58 56 40 27 16 14 7 6 5 4 3 2 2 1 1 0 0 0 0
"245" 245 0.298507462687 219 175 34 26 26 7 6 4 2 1 0 0 0 0 0 0 0 0 0 0
"246" 246 0.518987341772 476 22 1 1 0 0 0 0 0 0 0 0 0 0 0 0 0 0 0 0
"247" 247 0.651785714286 286 75 47 38 31 14 9 0 0 0 0 0 0 0 0 0 0 0 0 0
"248" 248 0.51269035533 365 59 39 17 11 3 2 2 1 1 0 0 0 0 0 0 0 0 0 0
"249" 249 0.5 500 0 0 0 0 0 0 0 0 0 0 0 0 0 0 0 0 0 0 0
"250" 250 0.660583941606 200 150 70 23 17 14 10 10 5 1 0 0 0 0 0 0 0 0 0 0
"251" 251 0.664974619289 497 2 1 0 0 0 0 0 0 0 0 0 0 0 0 0 0 0 0 0
