"site" "RSA" "aa1" "aa2" "aa3" "aa4" "aa5" "aa6" "aa7" "aa8" "aa9" "aa10" "aa11" "aa12" "aa13" "aa14" "aa15" "aa16" "aa17" "aa18" "aa19" "aa20"
"0" 0 0.740384615385 499 1 0 0 0 0 0 0 0 0 0 0 0 0 0 0 0 0 0 0
"1" 1 0.424870466321 483 6 5 4 2 0 0 0 0 0 0 0 0 0 0 0 0 0 0 0
"2" 2 0.124031007752 325 117 31 13 5 3 2 1 1 1 1 0 0 0 0 0 0 0 0 0
"3" 3 0.441964285714 263 99 43 43 29 22 1 0 0 0 0 0 0 0 0 0 0 0 0 0
"4" 4 0.209302325581 451 29 14 3 2 1 0 0 0 0 0 0 0 0 0 0 0 0 0 0
"5" 5 0.0 500 0 0 0 0 0 0 0 0 0 0 0 0 0 0 0 0 0 0 0
"6" 6 0.341772151899 371 104 21 2 1 1 0 0 0 0 0 0 0 0 0 0 0 0 0 0
"7" 7 0.573839662447 196 161 135 5 2 1 0 0 0 0 0 0 0 0 0 0 0 0 0 0
"8" 8 0.0964467005076 412 66 13 7 1 1 0 0 0 0 0 0 0 0 0 0 0 0 0 0
"9" 9 0.0543933054393 252 202 36 2 2 2 1 1 1 1 0 0 0 0 0 0 0 0 0 0
"10" 10 0.574712643678 340 67 45 38 4 4 1 1 0 0 0 0 0 0 0 0 0 0 0 0
"11" 11 0.659192825112 342 66 55 26 7 4 0 0 0 0 0 0 0 0 0 0 0 0 0 0
"12" 12 0.240506329114 320 83 60 13 10 9 5 0 0 0 0 0 0 0 0 0 0 0 0 0
"13" 13 0.139240506329 207 113 74 49 26 17 5 5 3 1 0 0 0 0 0 0 0 0 0 0
"14" 14 0.217054263566 247 164 57 13 12 3 1 1 1 1 0 0 0 0 0 0 0 0 0 0
"15" 15 0.677130044843 183 135 98 35 16 16 10 7 0 0 0 0 0 0 0 0 0 0 0 0
"16" 16 0.215189873418 119 92 88 77 54 48 8 4 3 2 2 1 1 1 0 0 0 0 0 0
"17" 17 0.124401913876 184 169 67 39 24 7 4 4 1 1 0 0 0 0 0 0 0 0 0 0
"18" 18 0.0639534883721 104 92 89 64 59 55 26 6 2 2 1 0 0 0 0 0 0 0 0 0
"19" 19 0.0344827586207 241 200 16 12 11 5 4 3 2 2 2 1 1 0 0 0 0 0 0 0
"20" 20 0.4375 233 114 64 35 19 13 8 6 5 3 0 0 0 0 0 0 0 0 0 0
"21" 21 0.590717299578 307 152 27 11 3 0 0 0 0 0 0 0 0 0 0 0 0 0 0 0
"22" 22 0.740384615385 488 12 0 0 0 0 0 0 0 0 0 0 0 0 0 0 0 0 0 0
"23" 23 0.115384615385 497 3 0 0 0 0 0 0 0 0 0 0 0 0 0 0 0 0 0 0
"24" 24 0.662447257384 300 67 62 28 27 8 8 0 0 0 0 0 0 0 0 0 0 0 0 0
"25" 25 0.33971291866 495 5 0 0 0 0 0 0 0 0 0 0 0 0 0 0 0 0 0 0
"26" 26 0.481012658228 241 170 62 20 7 0 0 0 0 0 0 0 0 0 0 0 0 0 0 0
"27" 27 0.633720930233 185 128 55 39 29 28 15 8 7 6 0 0 0 0 0 0 0 0 0 0
"28" 28 0.0673076923077 188 161 34 26 19 18 17 14 11 8 4 0 0 0 0 0 0 0 0 0
"29" 29 0.0817610062893 241 159 45 31 21 3 0 0 0 0 0 0 0 0 0 0 0 0 0 0
"30" 30 0.0820512820513 182 138 93 75 11 1 0 0 0 0 0 0 0 0 0 0 0 0 0 0
"31" 31 0.109452736318 109 106 106 73 51 18 10 6 5 4 4 4 1 1 1 1 0 0 0 0
"32" 32 0.294326241135 267 170 34 29 0 0 0 0 0 0 0 0 0 0 0 0 0 0 0 0
"33" 33 0.25 494 5 1 0 0 0 0 0 0 0 0 0 0 0 0 0 0 0 0 0
"34" 34 0.0497512437811 191 127 65 57 36 12 5 3 2 1 1 0 0 0 0 0 0 0 0 0
"35" 35 0.188284518828 439 18 14 11 8 5 3 2 0 0 0 0 0 0 0 0 0 0 0 0
"36" 36 0.586538461538 498 2 0 0 0 0 0 0 0 0 0 0 0 0 0 0 0 0 0 0
"37" 37 0.153284671533 182 113 64 56 35 20 17 11 1 1 0 0 0 0 0 0 0 0 0 0
"38" 38 0.438818565401 137 105 102 39 37 37 20 8 7 5 2 1 0 0 0 0 0 0 0 0
"39" 39 0.0116279069767 225 76 51 45 40 33 21 4 2 2 1 0 0 0 0 0 0 0 0 0
"40" 40 0.125 500 0 0 0 0 0 0 0 0 0 0 0 0 0 0 0 0 0 0 0
"41" 41 0.470852017937 453 22 16 5 4 0 0 0 0 0 0 0 0 0 0 0 0 0 0 0
"42" 42 0.046511627907 321 82 37 28 9 8 5 3 3 2 1 1 0 0 0 0 0 0 0 0
"43" 43 0.666666666667 494 3 2 1 0 0 0 0 0 0 0 0 0 0 0 0 0 0 0 0
"44" 44 0.721153846154 500 0 0 0 0 0 0 0 0 0 0 0 0 0 0 0 0 0 0 0
"45" 45 0.150627615063 345 122 33 0 0 0 0 0 0 0 0 0 0 0 0 0 0 0 0 0
"46" 46 0.622516556291 500 0 0 0 0 0 0 0 0 0 0 0 0 0 0 0 0 0 0 0
"47" 47 0.110266159696 458 33 9 0 0 0 0 0 0 0 0 0 0 0 0 0 0 0 0 0
"48" 48 0.174418604651 256 201 43 0 0 0 0 0 0 0 0 0 0 0 0 0 0 0 0 0
"49" 49 0.544041450777 232 176 29 28 21 12 2 0 0 0 0 0 0 0 0 0 0 0 0 0
"50" 50 0.22480620155 480 14 2 2 2 0 0 0 0 0 0 0 0 0 0 0 0 0 0 0
"51" 51 0.102564102564 183 166 59 32 24 16 10 7 2 1 0 0 0 0 0 0 0 0 0 0
"52" 52 0.371308016878 260 85 59 54 42 0 0 0 0 0 0 0 0 0 0 0 0 0 0 0
"53" 53 0.635897435897 207 151 84 26 19 11 1 1 0 0 0 0 0 0 0 0 0 0 0 0
"54" 54 0.333333333333 129 108 70 53 48 40 31 7 5 4 2 2 1 0 0 0 0 0 0 0
"55" 55 0.365384615385 500 0 0 0 0 0 0 0 0 0 0 0 0 0 0 0 0 0 0 0
"56" 56 0.224137931034 286 61 40 26 24 23 17 8 5 4 2 2 1 1 0 0 0 0 0 0
"57" 57 0.446700507614 284 67 61 43 29 6 4 2 2 1 1 0 0 0 0 0 0 0 0 0
"58" 58 0.0390070921986 259 83 28 28 25 23 22 18 6 2 1 1 1 1 1 1 0 0 0 0
"59" 59 0.291390728477 207 124 99 51 13 3 3 0 0 0 0 0 0 0 0 0 0 0 0 0
"60" 60 0.410714285714 169 120 101 64 26 15 4 1 0 0 0 0 0 0 0 0 0 0 0 0
"61" 61 0.665178571429 244 64 51 45 39 36 20 1 0 0 0 0 0 0 0 0 0 0 0 0
"62" 62 0.093023255814 192 175 63 20 17 12 7 7 4 3 0 0 0 0 0 0 0 0 0 0
"63" 63 0.0298507462687 394 41 22 13 12 6 5 4 2 1 0 0 0 0 0 0 0 0 0 0
"64" 64 0.155963302752 265 90 63 56 10 7 6 2 1 0 0 0 0 0 0 0 0 0 0 0
"65" 65 0.508928571429 307 88 48 14 13 12 9 6 2 1 0 0 0 0 0 0 0 0 0 0
"66" 66 0.0608365019011 218 117 67 31 27 22 17 1 0 0 0 0 0 0 0 0 0 0 0 0
"67" 67 0.0746268656716 246 110 89 26 11 10 4 2 2 0 0 0 0 0 0 0 0 0 0 0
"68" 68 0.34375 251 110 90 35 8 4 1 1 0 0 0 0 0 0 0 0 0 0 0 0
"69" 69 0.287179487179 411 88 1 0 0 0 0 0 0 0 0 0 0 0 0 0 0 0 0 0
"70" 70 0.0 340 72 65 11 5 5 2 0 0 0 0 0 0 0 0 0 0 0 0 0
"71" 71 0.632911392405 269 138 36 27 19 9 1 1 0 0 0 0 0 0 0 0 0 0 0 0
"72" 72 0.666666666667 449 32 10 3 3 2 1 0 0 0 0 0 0 0 0 0 0 0 0 0
"73" 73 0.06463878327 148 120 117 62 41 9 2 1 0 0 0 0 0 0 0 0 0 0 0 0
"74" 74 0.010152284264 247 162 29 25 10 6 6 5 4 3 3 0 0 0 0 0 0 0 0 0
"75" 75 0.591194968553 306 189 4 1 0 0 0 0 0 0 0 0 0 0 0 0 0 0 0 0
"76" 76 0.596153846154 500 0 0 0 0 0 0 0 0 0 0 0 0 0 0 0 0 0 0 0
"77" 77 0.0813953488372 420 51 29 0 0 0 0 0 0 0 0 0 0 0 0 0 0 0 0 0
"78" 78 0.46835443038 164 153 77 39 39 16 5 4 3 0 0 0 0 0 0 0 0 0 0 0
"79" 79 0.220183486239 200 200 38 15 12 11 9 6 6 2 1 0 0 0 0 0 0 0 0 0
"80" 80 0.756345177665 499 1 0 0 0 0 0 0 0 0 0 0 0 0 0 0 0 0 0 0
"81" 81 0.259414225941 250 229 12 6 2 1 0 0 0 0 0 0 0 0 0 0 0 0 0 0
"82" 82 0.666666666667 428 23 18 13 12 6 0 0 0 0 0 0 0 0 0 0 0 0 0 0
"83" 83 0.163461538462 500 0 0 0 0 0 0 0 0 0 0 0 0 0 0 0 0 0 0 0
"84" 84 0.010152284264 322 133 23 18 3 1 0 0 0 0 0 0 0 0 0 0 0 0 0 0
"85" 85 0.700421940928 401 34 27 27 5 3 2 1 0 0 0 0 0 0 0 0 0 0 0 0
"86" 86 0.556962025316 314 127 34 10 5 3 3 2 2 0 0 0 0 0 0 0 0 0 0 0
"87" 87 0.552742616034 331 77 65 13 4 3 2 2 2 1 0 0 0 0 0 0 0 0 0 0
"88" 88 0.403973509934 200 195 63 38 2 1 1 0 0 0 0 0 0 0 0 0 0 0 0 0
"89" 89 0.183035714286 354 90 32 9 8 4 3 0 0 0 0 0 0 0 0 0 0 0 0 0
"90" 90 0.113138686131 457 38 5 0 0 0 0 0 0 0 0 0 0 0 0 0 0 0 0 0
"91" 91 0.352678571429 367 43 35 23 12 11 7 1 1 0 0 0 0 0 0 0 0 0 0 0
"92" 92 0.165803108808 482 11 5 1 1 0 0 0 0 0 0 0 0 0 0 0 0 0 0 0
"93" 93 0.00497512437811 267 85 63 48 19 16 1 1 0 0 0 0 0 0 0 0 0 0 0 0
"94" 94 0.0203045685279 457 18 6 6 5 4 2 2 0 0 0 0 0 0 0 0 0 0 0 0
"95" 95 0.278481012658 276 116 89 8 8 2 1 0 0 0 0 0 0 0 0 0 0 0 0 0
"96" 96 0.110266159696 330 72 56 23 19 0 0 0 0 0 0 0 0 0 0 0 0 0 0 0
"97" 97 0.044776119403 272 61 57 40 38 14 11 3 2 1 1 0 0 0 0 0 0 0 0 0
"98" 98 0.354430379747 231 165 56 38 2 2 2 1 1 1 1 0 0 0 0 0 0 0 0 0
"99" 99 0.448430493274 225 100 70 32 31 19 11 6 3 1 1 1 0 0 0 0 0 0 0 0
"100" 100 0.131782945736 237 206 26 10 7 6 4 2 1 1 0 0 0 0 0 0 0 0 0 0
"101" 101 0.0 335 144 8 8 3 1 1 0 0 0 0 0 0 0 0 0 0 0 0 0
"102" 102 0.46357615894 177 158 88 51 14 5 4 3 0 0 0 0 0 0 0 0 0 0 0 0
"103" 103 0.801324503311 294 167 23 13 3 0 0 0 0 0 0 0 0 0 0 0 0 0 0 0
