"site" "RSA" "aa1" "aa2" "aa3" "aa4" "aa5" "aa6" "aa7" "aa8" "aa9" "aa10" "aa11" "aa12" "aa13" "aa14" "aa15" "aa16" "aa17" "aa18" "aa19" "aa20"
"0" 0 0.279816513761 159 126 71 42 19 15 12 11 10 9 7 6 5 3 2 2 1 0 0 0
"1" 1 0.42194092827 123 74 64 44 34 32 31 22 22 21 7 6 6 6 4 3 1 0 0 0
"2" 2 0.385057471264 151 112 69 54 36 22 15 12 10 6 4 3 3 1 1 1 0 0 0 0
"3" 3 0.511494252874 117 107 75 75 27 26 23 19 12 10 7 1 1 0 0 0 0 0 0 0
"4" 4 0.476793248945 187 92 54 48 47 35 12 6 5 4 3 2 1 1 1 1 1 0 0 0
"5" 5 0.383928571429 107 99 85 83 34 25 15 11 10 7 6 4 4 4 3 2 1 0 0 0
"6" 6 0.317991631799 134 109 53 51 32 30 28 24 12 9 7 4 2 2 1 1 1 0 0 0
"7" 7 0.675496688742 81 63 56 47 45 36 35 34 33 28 14 8 8 5 4 2 1 0 0 0
"8" 8 0.258620689655 78 77 71 61 41 36 26 23 22 13 13 11 9 7 7 5 0 0 0 0
"9" 9 0.481012658228 494 2 1 1 1 1 0 0 0 0 0 0 0 0 0 0 0 0 0 0
"10" 10 0.423076923077 170 90 87 50 29 26 21 9 5 5 5 1 1 1 0 0 0 0 0 0
"11" 11 0.0288461538462 499 1 0 0 0 0 0 0 0 0 0 0 0 0 0 0 0 0 0 0
"12" 12 0.35401459854 174 154 63 28 17 15 15 9 9 5 3 3 2 1 1 1 0 0 0 0
"13" 13 0.0646766169154 200 49 40 29 27 23 21 20 20 19 16 10 9 6 6 4 1 0 0 0
"14" 14 0.0304568527919 185 57 50 49 48 42 19 13 10 9 7 7 2 1 1 0 0 0 0 0
"15" 15 0.177215189873 178 89 78 36 24 22 19 19 14 10 5 4 2 0 0 0 0 0 0 0
"16" 16 0.00497512437811 112 111 101 53 50 22 15 11 7 6 5 2 2 2 1 0 0 0 0 0
"17" 17 0.0728476821192 145 56 55 44 38 32 32 31 15 13 12 10 10 4 2 1 0 0 0 0
"18" 18 0.0239234449761 267 114 44 22 13 12 8 5 3 3 3 2 2 1 1 0 0 0 0 0
"19" 19 0.635897435897 144 133 91 69 16 16 7 6 6 6 3 2 1 0 0 0 0 0 0 0
"20" 20 0.0529801324503 320 103 26 22 6 5 3 3 2 2 1 1 1 1 1 1 1 1 0 0
"21" 21 0.569230769231 265 91 50 25 19 17 8 5 5 4 4 3 2 1 1 0 0 0 0 0
"22" 22 0.0993377483444 84 79 65 43 35 34 32 32 28 22 14 13 7 4 4 3 1 0 0 0
"23" 23 0.0 225 142 42 35 21 8 8 8 5 3 2 1 0 0 0 0 0 0 0 0
"24" 24 0.510548523207 170 144 70 40 25 21 10 7 7 6 0 0 0 0 0 0 0 0 0 0
"25" 25 0.0639534883721 179 164 61 31 29 12 9 5 2 2 2 1 1 1 1 0 0 0 0 0
"26" 26 0.377483443709 157 62 58 53 44 31 14 12 12 12 11 11 8 8 4 2 1 0 0 0
"27" 27 0.00917431192661 129 126 94 38 29 23 19 9 8 7 4 4 4 3 2 1 0 0 0 0
"28" 28 0.405128205128 137 100 69 45 43 30 19 17 9 8 8 7 3 3 2 0 0 0 0 0
"29" 29 0.0 252 96 76 41 9 8 4 3 3 3 2 1 1 1 0 0 0 0 0 0
"30" 30 0.0205128205128 114 67 45 40 37 31 29 24 22 22 20 20 12 9 4 3 1 0 0 0
"31" 31 0.0 160 102 91 41 34 25 20 8 8 6 2 1 1 1 0 0 0 0 0 0
"32" 32 0.0 347 96 31 17 3 2 2 1 1 0 0 0 0 0 0 0 0 0 0 0
"33" 33 0.00497512437811 216 109 53 48 22 22 10 8 8 1 1 1 1 0 0 0 0 0 0 0
"34" 34 0.0 357 134 7 2 0 0 0 0 0 0 0 0 0 0 0 0 0 0 0 0
"35" 35 0.451476793249 147 135 85 45 22 22 21 7 6 4 3 1 1 1 0 0 0 0 0 0
"36" 36 0.33971291866 156 121 69 20 16 16 14 14 13 13 12 10 10 9 4 2 1 0 0 0
"37" 37 0.190114068441 147 112 107 57 17 14 12 7 6 6 5 3 3 2 1 1 0 0 0 0
"38" 38 0.311787072243 306 81 41 29 12 8 8 8 6 1 0 0 0 0 0 0 0 0 0 0
"39" 39 0.302325581395 459 14 9 7 3 2 2 2 1 1 0 0 0 0 0 0 0 0 0 0
"40" 40 0.596412556054 187 125 119 54 5 5 3 1 1 0 0 0 0 0 0 0 0 0 0 0
"41" 41 0.730569948187 293 64 57 32 24 12 7 4 2 2 1 1 1 0 0 0 0 0 0 0
"42" 42 0.502092050209 420 29 24 16 5 4 1 1 0 0 0 0 0 0 0 0 0 0 0 0
"43" 43 0.899371069182 197 175 127 1 0 0 0 0 0 0 0 0 0 0 0 0 0 0 0 0
"44" 44 0.649635036496 282 79 40 38 23 9 7 7 5 5 3 1 1 0 0 0 0 0 0 0
"45" 45 0.138461538462 137 115 79 38 35 33 32 10 8 7 4 1 1 0 0 0 0 0 0 0
"46" 46 0.53164556962 134 128 77 45 40 32 25 7 4 3 2 2 1 0 0 0 0 0 0 0
"47" 47 0.21897810219 145 120 63 58 27 26 26 11 8 6 3 2 1 1 1 1 1 0 0 0
"48" 48 0.0710659898477 228 105 49 22 22 17 14 11 10 10 5 2 2 2 1 0 0 0 0 0
"49" 49 0.0062893081761 344 110 31 14 1 0 0 0 0 0 0 0 0 0 0 0 0 0 0 0
"50" 50 0.0 293 133 49 9 9 5 1 1 0 0 0 0 0 0 0 0 0 0 0 0
"51" 51 0.0 156 65 60 56 56 32 28 28 4 4 4 4 1 1 1 0 0 0 0 0
"52" 52 0.0 219 146 34 23 22 13 12 9 8 7 4 2 1 0 0 0 0 0 0 0
"53" 53 0.0 291 111 61 19 6 5 2 1 1 1 1 1 0 0 0 0 0 0 0 0
"54" 54 0.0 332 73 27 27 14 8 5 4 3 3 2 1 1 0 0 0 0 0 0 0
"55" 55 0.0 146 123 114 54 35 7 5 5 4 3 2 1 1 0 0 0 0 0 0 0
"56" 56 0.0288461538462 289 178 19 7 5 1 1 0 0 0 0 0 0 0 0 0 0 0 0 0
"57" 57 0.089552238806 110 82 47 41 35 29 26 22 19 17 16 12 12 6 6 6 5 5 4 0
"58" 58 0.470930232558 296 165 17 5 5 5 4 2 1 0 0 0 0 0 0 0 0 0 0 0
"59" 59 0.0822784810127 298 49 38 37 33 16 10 6 5 3 2 1 1 1 0 0 0 0 0 0
"60" 60 0.273255813953 151 88 82 50 49 18 16 16 11 6 6 5 1 1 0 0 0 0 0 0
"61" 61 0.0062893081761 291 87 36 22 18 13 9 7 4 4 4 3 1 1 0 0 0 0 0 0
"62" 62 0.222797927461 233 119 45 33 22 11 8 8 7 6 4 2 2 0 0 0 0 0 0 0
"63" 63 0.215384615385 201 67 57 43 27 23 21 15 14 8 7 5 3 3 3 2 1 0 0 0
"64" 64 0.0 270 94 61 20 15 10 7 5 4 3 3 2 2 2 1 1 0 0 0 0
"65" 65 0.0596026490066 307 93 26 14 12 11 10 7 7 4 3 3 1 1 1 0 0 0 0 0
"66" 66 0.611607142857 133 61 55 52 43 36 31 27 21 20 9 5 4 2 1 0 0 0 0 0
"67" 67 0.396624472574 133 108 70 49 45 42 11 11 8 7 4 4 4 3 1 0 0 0 0 0
"68" 68 0.0 221 109 48 38 30 18 8 8 8 6 5 1 0 0 0 0 0 0 0 0
"69" 69 0.493723849372 262 101 38 38 16 16 8 8 7 6 0 0 0 0 0 0 0 0 0 0
"70" 70 0.0 133 126 103 37 28 21 12 11 8 6 4 4 4 2 1 0 0 0 0 0
"71" 71 0.0717488789238 162 127 55 36 26 25 18 17 9 8 5 5 3 2 2 0 0 0 0 0
"72" 72 0.564853556485 107 79 76 61 58 41 34 15 14 7 6 1 1 0 0 0 0 0 0 0
"73" 73 0.0582959641256 105 99 95 71 54 29 11 10 9 5 3 3 2 2 1 1 0 0 0 0
"74" 74 0.0 342 74 54 22 5 1 1 1 0 0 0 0 0 0 0 0 0 0 0 0
"75" 75 0.0621761658031 201 153 23 23 16 14 12 12 10 8 6 5 5 5 4 2 1 0 0 0
"76" 76 0.535864978903 376 64 14 11 11 6 5 4 3 2 1 1 1 1 0 0 0 0 0 0
"77" 77 0.125475285171 361 120 9 8 1 1 0 0 0 0 0 0 0 0 0 0 0 0 0 0
"78" 78 0.0384615384615 498 1 1 0 0 0 0 0 0 0 0 0 0 0 0 0 0 0 0 0
"79" 79 0.0 350 58 49 16 13 5 2 2 2 2 1 0 0 0 0 0 0 0 0 0
"80" 80 0.0 182 116 64 47 38 13 11 10 9 4 3 2 1 0 0 0 0 0 0 0
"81" 81 0.0 226 104 104 29 20 7 3 2 2 1 1 1 0 0 0 0 0 0 0 0
"82" 82 0.0 175 119 80 50 34 21 6 4 3 2 2 2 2 0 0 0 0 0 0 0
"83" 83 0.0 386 57 36 17 2 1 1 0 0 0 0 0 0 0 0 0 0 0 0 0
"84" 84 0.0 357 41 39 23 20 15 3 2 0 0 0 0 0 0 0 0 0 0 0 0
"85" 85 0.020725388601 248 109 109 21 5 5 3 0 0 0 0 0 0 0 0 0 0 0 0 0
"86" 86 0.0 145 125 92 55 32 25 12 6 2 2 2 1 1 0 0 0 0 0 0 0
"87" 87 0.0 273 96 92 35 4 0 0 0 0 0 0 0 0 0 0 0 0 0 0 0
"88" 88 0.0 204 150 96 31 11 3 2 2 1 0 0 0 0 0 0 0 0 0 0 0
"89" 89 0.259124087591 283 59 46 40 22 11 11 10 8 7 2 1 0 0 0 0 0 0 0 0
"90" 90 0.240384615385 486 9 3 1 1 0 0 0 0 0 0 0 0 0 0 0 0 0 0 0
"91" 91 0.891191709845 173 130 93 50 29 7 5 4 4 3 1 1 0 0 0 0 0 0 0 0
"92" 92 0.522321428571 237 97 45 39 24 16 14 10 7 5 2 2 2 0 0 0 0 0 0 0
"93" 93 0.0459770114943 226 53 46 38 31 24 20 16 8 8 7 6 6 6 2 2 1 0 0 0
"94" 94 0.209302325581 78 63 61 49 48 37 29 25 24 22 21 13 10 10 2 2 2 2 2 0
"95" 95 0.384615384615 134 101 58 56 36 32 22 21 18 8 5 3 2 2 2 0 0 0 0 0
"96" 96 0.0518134715026 216 169 32 14 14 12 8 8 5 4 4 4 3 3 2 1 1 0 0 0
"97" 97 0.685534591195 187 92 74 65 43 23 7 6 2 1 0 0 0 0 0 0 0 0 0 0
"98" 98 0.71875 154 90 65 46 39 30 29 28 13 3 1 1 1 0 0 0 0 0 0 0
"99" 99 0.625 451 44 4 1 0 0 0 0 0 0 0 0 0 0 0 0 0 0 0 0
"100" 100 0.238410596026 215 64 63 56 39 16 16 9 8 6 2 2 1 1 1 1 0 0 0 0
"101" 101 0.521276595745 175 132 69 39 22 16 16 12 7 5 2 2 2 1 0 0 0 0 0 0
"102" 102 0.129533678756 177 62 45 45 44 39 29 26 8 8 8 7 1 1 0 0 0 0 0 0
"103" 103 0.0251046025105 156 142 40 37 24 18 18 16 10 10 10 8 4 4 2 1 0 0 0 0
"104" 104 0.0 422 24 15 11 10 10 3 2 1 1 1 0 0 0 0 0 0 0 0 0
"105" 105 0.188340807175 152 138 57 40 32 26 16 8 8 6 6 5 3 2 1 0 0 0 0 0
"106" 106 0.0 486 7 5 2 0 0 0 0 0 0 0 0 0 0 0 0 0 0 0 0
"107" 107 0.0 164 131 64 61 44 20 6 3 3 2 1 1 0 0 0 0 0 0 0 0
"108" 108 0.00961538461538 407 84 9 0 0 0 0 0 0 0 0 0 0 0 0 0 0 0 0 0
"109" 109 0.00418410041841 135 123 69 60 40 29 27 6 6 3 1 1 0 0 0 0 0 0 0 0
"110" 110 0.0114068441065 201 129 60 37 28 24 14 4 1 1 1 0 0 0 0 0 0 0 0 0
"111" 111 0.00995024875622 225 129 36 27 23 17 10 8 5 5 5 3 3 2 1 1 0 0 0 0
"112" 112 0.128205128205 215 89 73 21 15 14 12 12 11 11 10 8 4 3 1 1 0 0 0 0
"113" 113 0.0232558139535 443 36 14 4 2 1 0 0 0 0 0 0 0 0 0 0 0 0 0 0
"114" 114 0.529069767442 109 107 70 48 38 30 29 22 18 15 6 6 2 0 0 0 0 0 0 0
"115" 115 0.32735426009 139 85 60 60 42 32 21 17 16 12 5 4 4 3 0 0 0 0 0 0
"116" 116 0.6875 388 43 40 12 11 3 2 1 0 0 0 0 0 0 0 0 0 0 0 0
"117" 117 0.490566037736 108 93 83 56 43 37 34 10 8 7 6 5 4 3 2 1 0 0 0 0
"118" 118 0.0950570342205 137 106 88 36 33 30 25 19 10 6 4 2 2 1 1 0 0 0 0 0
"119" 119 0.15503875969 230 100 86 28 19 13 12 8 2 2 0 0 0 0 0 0 0 0 0 0
"120" 120 0.533632286996 254 99 51 24 22 19 9 7 7 3 2 2 1 0 0 0 0 0 0 0
"121" 121 0.0430622009569 262 114 42 36 11 9 8 6 5 3 2 1 1 0 0 0 0 0 0 0
"122" 122 0.00380228136882 249 153 41 34 8 5 4 2 1 1 1 1 0 0 0 0 0 0 0 0
"123" 123 0.206278026906 280 84 50 33 18 14 7 5 4 4 1 0 0 0 0 0 0 0 0 0
"124" 124 0.0 147 115 67 57 54 14 14 12 8 6 4 2 0 0 0 0 0 0 0 0
"125" 125 0.125475285171 193 101 66 64 27 23 15 6 3 1 1 0 0 0 0 0 0 0 0 0
"126" 126 0.295336787565 154 83 66 49 33 30 25 16 11 8 8 7 5 2 2 1 0 0 0 0
"127" 127 0.0 366 49 40 21 5 5 2 2 2 2 2 1 1 1 1 0 0 0 0 0
"128" 128 0.0 255 130 52 22 15 9 5 4 4 1 1 1 1 0 0 0 0 0 0 0
"129" 129 0.0430622009569 210 76 44 36 35 31 29 16 13 3 3 2 2 0 0 0 0 0 0 0
"130" 130 0.447257383966 181 135 101 40 10 10 8 6 3 2 1 1 1 1 0 0 0 0 0 0
"131" 131 0.138392857143 193 152 37 28 21 17 13 10 9 8 3 2 2 2 1 1 1 0 0 0
"132" 132 0.0 157 143 86 48 23 15 11 3 3 3 2 2 2 1 1 0 0 0 0 0
"133" 133 0.0 151 93 61 45 39 32 17 15 14 13 6 5 3 3 2 1 0 0 0 0
"134" 134 0.547085201794 176 142 36 35 29 26 16 14 9 4 4 3 3 2 1 0 0 0 0 0
"135" 135 0.209302325581 134 97 88 32 31 30 17 14 13 11 9 7 6 5 3 3 0 0 0 0
"136" 136 0.0 162 105 90 68 16 13 11 9 8 7 6 5 0 0 0 0 0 0 0 0
"137" 137 0.274611398964 187 113 53 31 19 16 16 13 12 11 8 7 7 2 2 2 1 0 0 0
"138" 138 0.602649006623 109 105 60 55 49 43 17 15 11 8 8 7 7 4 2 0 0 0 0 0
"139" 139 0.363636363636 129 119 59 55 40 33 26 11 11 4 2 2 2 2 2 2 1 0 0 0
"140" 140 0.167364016736 159 87 75 70 28 25 14 14 7 5 5 4 2 2 2 1 0 0 0 0
"141" 141 0.512820512821 218 147 68 32 12 6 4 4 3 3 1 1 1 0 0 0 0 0 0 0
"142" 142 0.392405063291 411 56 24 6 3 0 0 0 0 0 0 0 0 0 0 0 0 0 0 0
"143" 143 0.0248756218905 198 79 70 65 18 15 10 10 8 7 5 5 4 2 2 1 1 0 0 0
"144" 144 0.0673575129534 430 22 13 8 6 5 4 4 3 3 1 1 0 0 0 0 0 0 0 0
"145" 145 0.0 240 141 99 11 4 2 2 1 0 0 0 0 0 0 0 0 0 0 0 0
"146" 146 0.318407960199 142 107 61 51 36 30 23 15 10 10 7 7 1 0 0 0 0 0 0 0
"147" 147 0.518134715026 76 72 61 59 57 44 35 22 20 16 12 12 8 6 0 0 0 0 0 0
"148" 148 0.112820512821 101 83 81 64 49 31 24 23 13 11 7 5 3 3 1 1 0 0 0 0
"149" 149 0.0 187 98 74 61 34 21 6 6 5 3 3 1 1 0 0 0 0 0 0 0
"150" 150 0.0 323 137 18 11 4 2 2 2 1 0 0 0 0 0 0 0 0 0 0 0
"151" 151 0.0 236 105 60 30 26 13 8 8 7 4 2 1 0 0 0 0 0 0 0 0
"152" 152 0.0 227 157 36 23 21 12 9 4 4 2 2 1 1 1 0 0 0 0 0 0
"153" 153 0.0 500 0 0 0 0 0 0 0 0 0 0 0 0 0 0 0 0 0 0 0
"154" 154 0.0430622009569 284 44 25 25 20 19 17 15 14 12 10 5 3 2 2 2 1 0 0 0
"155" 155 0.0264900662252 393 46 22 15 8 5 4 4 3 0 0 0 0 0 0 0 0 0 0 0
"156" 156 0.0 153 112 63 40 37 26 22 14 10 7 6 3 3 2 1 1 0 0 0 0
"157" 157 0.0 500 0 0 0 0 0 0 0 0 0 0 0 0 0 0 0 0 0 0 0
"158" 158 0.0 497 3 0 0 0 0 0 0 0 0 0 0 0 0 0 0 0 0 0 0
"159" 159 0.00380228136882 310 64 29 17 13 13 10 8 7 7 6 6 4 4 1 1 0 0 0 0
"160" 160 0.0192307692308 180 168 64 39 29 9 3 3 2 1 1 1 0 0 0 0 0 0 0 0
"161" 161 0.0 330 147 23 0 0 0 0 0 0 0 0 0 0 0 0 0 0 0 0 0
"162" 162 0.010152284264 176 71 65 57 40 27 23 8 7 4 4 4 3 3 3 3 2 0 0 0
"163" 163 0.0189873417722 110 108 105 40 24 19 19 15 15 12 12 11 4 3 2 1 0 0 0 0
"164" 164 0.00961538461538 151 150 69 35 33 30 8 6 6 5 3 2 1 1 0 0 0 0 0 0
"165" 165 0.0152091254753 222 96 62 47 45 16 11 1 0 0 0 0 0 0 0 0 0 0 0 0
"166" 166 0.00995024875622 200 83 50 32 30 24 19 14 13 8 7 7 6 4 1 1 1 0 0 0
"167" 167 0.291139240506 162 116 50 36 28 27 26 11 10 8 7 7 6 3 2 1 0 0 0 0
"168" 168 0.125 166 155 43 38 26 21 17 12 9 5 4 2 1 1 0 0 0 0 0 0
"169" 169 0.041825095057 163 144 50 42 26 20 17 11 7 6 6 4 2 2 0 0 0 0 0 0
"170" 170 0.794701986755 155 63 52 45 43 38 24 16 14 13 13 9 6 4 2 2 1 0 0 0
"171" 171 0.567307692308 121 113 80 55 40 31 19 12 8 8 8 2 2 1 0 0 0 0 0 0
"172" 172 0.518987341772 259 60 52 34 30 27 13 7 5 5 4 3 1 0 0 0 0 0 0 0
"173" 173 0.189781021898 242 83 46 36 30 29 13 8 6 4 2 1 0 0 0 0 0 0 0 0
"174" 174 0.0380228136882 241 183 55 9 7 2 2 1 0 0 0 0 0 0 0 0 0 0 0 0
"175" 175 0.447257383966 144 77 63 46 43 29 20 17 15 13 12 7 5 4 4 1 0 0 0 0
"176" 176 0.00662251655629 420 26 18 15 10 6 4 1 0 0 0 0 0 0 0 0 0 0 0 0
"177" 177 0.0 452 26 13 6 1 1 1 0 0 0 0 0 0 0 0 0 0 0 0 0
"178" 178 0.0 486 5 4 3 1 1 0 0 0 0 0 0 0 0 0 0 0 0 0 0
"179" 179 0.0 419 71 10 0 0 0 0 0 0 0 0 0 0 0 0 0 0 0 0 0
"180" 180 0.0 345 73 33 15 9 8 6 5 4 1 1 0 0 0 0 0 0 0 0 0
"181" 181 0.0 279 80 72 50 13 3 2 1 0 0 0 0 0 0 0 0 0 0 0 0
"182" 182 0.0 378 56 49 12 4 1 0 0 0 0 0 0 0 0 0 0 0 0 0 0
"183" 183 0.0 202 156 43 36 22 15 6 6 3 3 3 2 1 1 1 0 0 0 0 0
"184" 184 0.00574712643678 134 127 107 40 27 24 21 10 5 2 2 1 0 0 0 0 0 0 0 0
"185" 185 0.0820512820513 384 40 28 20 6 6 5 4 3 2 1 1 0 0 0 0 0 0 0 0
"186" 186 0.0062893081761 116 93 74 72 40 25 20 16 14 12 8 5 2 1 1 1 0 0 0 0
"187" 187 0.0993377483444 227 48 42 33 30 28 28 24 19 8 4 3 2 2 1 1 0 0 0 0
"188" 188 0.564102564103 426 70 2 1 1 0 0 0 0 0 0 0 0 0 0 0 0 0 0 0
"189" 189 0.00574712643678 185 139 97 25 20 9 8 6 4 3 2 1 1 0 0 0 0 0 0 0
"190" 190 0.389937106918 443 32 22 1 1 1 0 0 0 0 0 0 0 0 0 0 0 0 0 0
"191" 191 0.0602836879433 138 116 81 71 36 20 8 8 7 4 4 2 2 1 1 1 0 0 0 0
"192" 192 0.0 481 8 5 2 1 1 1 1 0 0 0 0 0 0 0 0 0 0 0 0
"193" 193 0.313901345291 210 139 46 30 18 18 11 6 6 5 3 3 2 2 1 0 0 0 0 0
"194" 194 0.26582278481 314 85 74 7 5 3 3 3 2 2 1 1 0 0 0 0 0 0 0 0
"195" 195 0.0 149 106 79 41 21 20 20 20 15 11 8 4 3 2 1 0 0 0 0 0
"196" 196 0.00418410041841 185 60 54 53 40 32 22 15 10 9 9 4 2 2 2 1 0 0 0 0
"197" 197 0.544303797468 112 99 93 56 54 24 16 14 10 10 7 4 1 0 0 0 0 0 0 0
"198" 198 0.201923076923 120 83 71 62 33 27 21 17 15 10 10 9 8 5 3 3 2 1 0 0
"199" 199 0.0 175 154 146 12 4 2 2 1 1 1 1 1 0 0 0 0 0 0 0 0
"200" 200 0.0746268656716 258 110 59 19 15 8 8 6 5 4 3 3 1 1 0 0 0 0 0 0
"201" 201 0.346153846154 490 5 2 1 1 1 0 0 0 0 0 0 0 0 0 0 0 0 0 0
"202" 202 0.803571428571 432 22 20 15 6 3 1 1 0 0 0 0 0 0 0 0 0 0 0 0
"203" 203 0.152482269504 498 2 0 0 0 0 0 0 0 0 0 0 0 0 0 0 0 0 0 0
"204" 204 0.544642857143 175 91 68 57 40 23 16 15 6 5 3 1 0 0 0 0 0 0 0 0
"205" 205 0.410852713178 98 86 76 66 54 53 34 10 10 6 4 2 1 0 0 0 0 0 0 0
"206" 206 0.110266159696 300 88 42 32 28 4 4 1 1 0 0 0 0 0 0 0 0 0 0 0
"207" 207 0.0 224 91 55 40 35 20 15 8 6 2 2 1 1 0 0 0 0 0 0 0
"208" 208 0.0 211 145 29 27 21 16 13 12 9 5 3 3 3 2 1 0 0 0 0 0
"209" 209 0.0696202531646 168 82 82 64 44 18 10 7 5 4 3 3 3 3 2 1 1 0 0 0
"210" 210 0.293532338308 119 114 101 38 33 26 24 11 9 8 8 5 2 1 1 0 0 0 0 0
"211" 211 0.124378109453 268 46 45 33 24 17 10 10 9 9 9 8 4 4 3 1 0 0 0 0
"212" 212 0.00507614213198 169 75 64 48 35 24 21 17 16 10 9 8 2 1 1 0 0 0 0 0
"213" 213 0.42194092827 85 77 69 66 62 59 20 14 13 12 7 7 5 2 1 1 0 0 0 0
"214" 214 0.738461538462 177 158 79 40 22 9 8 2 2 2 1 0 0 0 0 0 0 0 0 0
"215" 215 0.182741116751 207 101 51 27 20 19 13 11 11 10 10 9 4 3 2 2 0 0 0 0
"216" 216 0.777372262774 327 63 33 15 14 13 11 8 5 3 3 2 1 1 1 0 0 0 0 0
"217" 217 0.143540669856 399 29 27 14 8 8 3 3 2 2 2 1 1 1 0 0 0 0 0 0
"218" 218 0.402298850575 142 52 48 40 36 30 29 28 25 21 16 10 10 9 3 1 0 0 0 0
"219" 219 0.576923076923 500 0 0 0 0 0 0 0 0 0 0 0 0 0 0 0 0 0 0 0
"220" 220 0.699481865285 208 146 101 21 15 3 2 2 1 1 0 0 0 0 0 0 0 0 0 0
"221" 221 0.238341968912 102 78 68 52 39 30 27 22 20 19 10 9 8 7 5 3 1 0 0 0
"222" 222 0.310218978102 119 92 82 46 36 25 24 13 12 10 9 9 8 6 5 2 1 1 0 0
"223" 223 0.010152284264 297 81 35 15 15 15 15 7 6 5 5 2 1 1 0 0 0 0 0 0
"224" 224 0.0248756218905 203 82 49 42 28 25 19 13 8 8 6 6 5 5 1 0 0 0 0 0
"225" 225 0.00507614213198 152 143 68 42 31 19 17 7 7 4 3 3 3 1 0 0 0 0 0 0
"226" 226 0.0143540669856 289 82 79 19 10 9 4 3 2 2 1 0 0 0 0 0 0 0 0 0
"227" 227 0.00574712643678 227 116 86 54 7 4 2 2 1 1 0 0 0 0 0 0 0 0 0 0
"228" 228 0.0 481 12 5 2 0 0 0 0 0 0 0 0 0 0 0 0 0 0 0 0
"229" 229 0.295336787565 108 101 60 58 48 31 30 22 11 10 9 3 3 2 2 1 1 0 0 0
"230" 230 0.41059602649 249 60 42 24 23 20 17 17 15 13 7 5 4 2 1 1 0 0 0 0
"231" 231 0.0310880829016 383 43 29 27 5 4 2 2 1 1 1 1 1 0 0 0 0 0 0 0
"232" 232 0.566037735849 441 29 9 8 6 3 2 1 1 0 0 0 0 0 0 0 0 0 0 0
"233" 233 0.255230125523 167 79 60 54 45 26 24 20 11 6 4 3 1 0 0 0 0 0 0 0
"234" 234 0.0746268656716 109 108 93 52 50 25 22 12 11 10 4 2 1 1 0 0 0 0 0 0
"235" 235 0.75 93 72 59 57 45 44 31 28 27 26 10 5 2 1 0 0 0 0 0 0
"236" 236 0.482142857143 138 129 50 45 29 28 19 14 10 10 8 6 6 4 2 1 1 0 0 0
"237" 237 0.0430622009569 192 103 96 56 30 8 4 3 2 2 1 1 1 1 0 0 0 0 0 0
"238" 238 0.0 365 51 27 18 17 6 6 5 3 2 0 0 0 0 0 0 0 0 0 0
"239" 239 0.291139240506 165 117 97 51 22 14 14 6 4 4 2 2 2 0 0 0 0 0 0 0
"240" 240 0.0062893081761 150 136 98 41 21 14 11 7 4 4 4 4 2 2 2 0 0 0 0 0
"241" 241 0.379464285714 152 107 63 50 42 26 16 14 13 10 4 3 0 0 0 0 0 0 0 0
"242" 242 0.203980099502 206 63 52 38 32 32 21 17 16 6 4 4 4 3 2 0 0 0 0 0
"243" 243 0.0149253731343 217 144 53 24 17 12 10 6 5 4 3 2 2 1 0 0 0 0 0 0
"244" 244 0.388059701493 160 81 70 51 41 18 16 15 11 8 7 7 7 3 3 2 0 0 0 0
"245" 245 0.526785714286 133 129 56 53 45 18 16 13 9 8 7 5 4 2 1 1 0 0 0 0
"246" 246 0.062015503876 159 138 26 25 24 24 22 20 15 14 13 11 2 2 2 2 1 0 0 0
"247" 247 0.0172413793103 139 129 82 59 27 15 12 7 6 6 6 5 5 2 0 0 0 0 0 0
"248" 248 0.544303797468 91 85 68 57 53 36 33 33 19 18 3 2 1 1 0 0 0 0 0 0
"249" 249 0.798449612403 379 121 0 0 0 0 0 0 0 0 0 0 0 0 0 0 0 0 0 0
"250" 250 0.191860465116 132 82 59 42 40 33 26 16 16 14 12 8 6 4 4 3 3 0 0 0
"251" 251 0.350993377483 166 106 53 49 39 30 21 11 8 3 3 3 3 3 2 0 0 0 0 0
"252" 252 0.0 201 173 33 31 22 17 10 7 3 2 1 0 0 0 0 0 0 0 0 0
"253" 253 0.340807174888 142 94 55 43 39 37 33 12 11 8 7 6 4 3 2 2 1 1 0 0
"254" 254 0.632124352332 432 68 0 0 0 0 0 0 0 0 0 0 0 0 0 0 0 0 0 0
"255" 255 0.247148288973 314 78 62 37 4 2 2 1 0 0 0 0 0 0 0 0 0 0 0 0
"256" 256 0.051724137931 252 61 52 35 23 17 16 10 8 7 7 6 3 2 1 0 0 0 0 0
"257" 257 0.236607142857 222 105 43 35 32 18 12 8 7 6 6 3 3 0 0 0 0 0 0 0
"258" 258 0.233502538071 196 81 54 53 38 32 24 11 4 3 3 1 0 0 0 0 0 0 0 0
"259" 259 0.299578059072 194 90 56 45 31 24 15 14 9 9 7 5 1 0 0 0 0 0 0 0
"260" 260 0.409282700422 163 105 50 49 36 31 24 17 6 4 4 4 3 2 1 1 0 0 0 0
"261" 261 0.166666666667 315 40 32 23 16 15 14 12 10 7 5 5 2 1 1 1 1 0 0 0
"262" 262 0.751196172249 108 95 64 49 40 31 29 24 14 13 12 8 7 4 1 1 0 0 0 0
"263" 263 0.413461538462 500 0 0 0 0 0 0 0 0 0 0 0 0 0 0 0 0 0 0 0
"264" 264 0.251046025105 212 128 79 23 14 11 8 5 5 5 4 4 1 1 0 0 0 0 0 0
"265" 265 0.424870466321 301 103 38 31 8 5 3 3 3 3 1 1 0 0 0 0 0 0 0 0
"266" 266 0.124401913876 169 155 124 32 7 7 2 1 1 1 1 0 0 0 0 0 0 0 0 0
"267" 267 0.251655629139 413 30 23 16 7 3 3 2 1 1 1 0 0 0 0 0 0 0 0 0
"268" 268 0.0760456273764 193 153 36 34 18 15 14 13 9 7 6 1 1 0 0 0 0 0 0 0
"269" 269 0.726235741445 186 59 47 46 43 31 31 19 13 10 8 4 3 0 0 0 0 0 0 0
"270" 270 0.00418410041841 198 192 31 29 25 6 6 5 4 2 1 1 0 0 0 0 0 0 0 0
"271" 271 0.0 251 79 74 27 19 15 11 9 4 2 2 2 2 1 1 1 0 0 0 0
"272" 272 0.0728476821192 202 98 83 55 23 19 4 3 3 3 2 2 1 1 1 0 0 0 0 0
"273" 273 0.395348837209 167 117 39 32 28 23 22 22 19 8 6 5 4 4 2 1 1 0 0 0
"274" 274 0.125523012552 224 123 102 36 4 4 3 2 1 1 0 0 0 0 0 0 0 0 0 0
"275" 275 0.00574712643678 149 121 73 50 26 23 15 12 11 10 9 1 0 0 0 0 0 0 0 0
"276" 276 0.333333333333 304 57 52 24 19 15 8 8 7 3 2 1 0 0 0 0 0 0 0 0
"277" 277 0.325892857143 176 62 61 57 31 31 25 24 13 10 6 2 1 1 0 0 0 0 0 0
"278" 278 0.0 167 134 64 29 24 21 20 16 10 9 5 1 0 0 0 0 0 0 0 0
"279" 279 0.0 281 197 11 3 2 2 2 1 1 0 0 0 0 0 0 0 0 0 0 0
"280" 280 0.428571428571 184 145 45 39 24 16 11 9 7 7 6 3 2 1 1 0 0 0 0 0
"281" 281 0.10460251046 312 70 70 19 7 5 4 2 2 2 2 1 1 1 1 1 0 0 0 0
"282" 282 0.0 383 72 28 9 2 2 2 2 0 0 0 0 0 0 0 0 0 0 0 0
"283" 283 0.0 487 7 4 1 1 0 0 0 0 0 0 0 0 0 0 0 0 0 0 0
"284" 284 0.503649635036 156 104 90 61 29 14 14 10 10 7 2 2 1 0 0 0 0 0 0 0
"285" 285 0.292307692308 96 55 54 47 46 41 41 29 27 25 14 10 6 4 4 1 0 0 0 0
"286" 286 0.0398009950249 282 70 68 21 20 14 11 6 4 4 0 0 0 0 0 0 0 0 0 0
"287" 287 0.596153846154 386 92 9 4 3 2 2 1 1 0 0 0 0 0 0 0 0 0 0 0
"288" 288 0.238805970149 354 47 38 26 19 9 2 2 2 1 0 0 0 0 0 0 0 0 0 0
"289" 289 0.609137055838 329 49 41 32 16 11 10 5 2 2 1 1 1 0 0 0 0 0 0 0
