"site" "RSA" "aa1" "aa2" "aa3" "aa4" "aa5" "aa6" "aa7" "aa8" "aa9" "aa10" "aa11" "aa12" "aa13" "aa14" "aa15" "aa16" "aa17" "aa18" "aa19" "aa20"
"0" 0 0.671794871795 227 79 57 32 32 31 22 11 5 3 1 0 0 0 0 0 0 0 0 0
"1" 1 0.154228855721 138 113 73 60 34 23 19 13 7 6 5 4 3 2 0 0 0 0 0 0
"2" 2 0.223628691983 132 80 68 44 39 25 24 23 23 20 8 7 4 1 1 1 0 0 0 0
"3" 3 0.0 279 82 69 29 9 9 7 5 4 3 1 1 1 1 0 0 0 0 0 0
"4" 4 0.00418410041841 303 48 35 34 32 26 8 7 4 2 1 0 0 0 0 0 0 0 0 0
"5" 5 0.12582781457 231 207 29 11 11 4 3 3 1 0 0 0 0 0 0 0 0 0 0 0
"6" 6 0.0149253731343 406 74 13 3 3 1 0 0 0 0 0 0 0 0 0 0 0 0 0 0
"7" 7 0.435897435897 158 136 118 37 24 8 6 5 4 2 2 0 0 0 0 0 0 0 0 0
"8" 8 0.0529801324503 498 2 0 0 0 0 0 0 0 0 0 0 0 0 0 0 0 0 0 0
"9" 9 0.0358974358974 350 120 12 10 5 2 1 0 0 0 0 0 0 0 0 0 0 0 0 0
"10" 10 0.283018867925 342 70 48 10 8 7 6 5 2 1 1 0 0 0 0 0 0 0 0 0
"11" 11 0.473214285714 376 92 16 6 5 2 1 1 1 0 0 0 0 0 0 0 0 0 0 0
"12" 12 0.0 225 79 63 58 27 13 13 10 4 4 2 2 0 0 0 0 0 0 0 0
"13" 13 0.0 328 151 20 1 0 0 0 0 0 0 0 0 0 0 0 0 0 0 0 0
"14" 14 0.316455696203 290 68 52 26 20 18 14 5 2 2 1 1 1 0 0 0 0 0 0 0
"15" 15 0.272321428571 180 164 64 45 18 16 7 2 2 1 1 0 0 0 0 0 0 0 0 0
"16" 16 0.0 408 37 15 12 12 7 4 2 1 1 1 0 0 0 0 0 0 0 0 0
"17" 17 0.0 372 63 28 12 7 7 4 4 2 1 0 0 0 0 0 0 0 0 0 0
"18" 18 0.512953367876 146 139 75 48 37 12 12 10 7 6 5 2 1 0 0 0 0 0 0 0
"19" 19 0.431472081218 170 141 81 48 37 16 2 2 2 1 0 0 0 0 0 0 0 0 0 0
"20" 20 0.195402298851 150 150 76 41 28 20 9 7 6 5 5 2 1 0 0 0 0 0 0 0
"21" 21 0.538461538462 500 0 0 0 0 0 0 0 0 0 0 0 0 0 0 0 0 0 0 0
"22" 22 0.281609195402 351 37 36 36 13 12 6 4 3 2 0 0 0 0 0 0 0 0 0 0
"23" 23 0.739910313901 314 145 27 8 3 1 1 1 0 0 0 0 0 0 0 0 0 0 0 0
"24" 24 0.228855721393 312 62 35 25 19 13 8 7 6 4 4 3 1 1 0 0 0 0 0 0
"25" 25 0.144230769231 238 131 74 29 11 7 6 1 1 1 1 0 0 0 0 0 0 0 0 0
"26" 26 0.451476793249 193 126 66 38 37 14 12 11 2 1 0 0 0 0 0 0 0 0 0 0
"27" 27 0.208860759494 213 145 59 32 24 9 6 5 4 1 1 1 0 0 0 0 0 0 0 0
"28" 28 0.205298013245 357 41 27 21 13 10 9 5 5 4 2 2 2 1 1 0 0 0 0 0
"29" 29 0.17816091954 184 121 94 28 15 14 12 12 6 5 4 2 2 1 0 0 0 0 0 0
"30" 30 0.43023255814 267 112 59 44 6 4 3 2 1 1 1 0 0 0 0 0 0 0 0 0
"31" 31 0.375912408759 161 151 33 31 24 20 18 16 13 12 10 9 2 0 0 0 0 0 0 0
"32" 32 0.410041841004 147 121 87 63 54 13 4 4 4 2 1 0 0 0 0 0 0 0 0 0
"33" 33 0.900662251656 208 116 98 57 13 5 2 1 0 0 0 0 0 0 0 0 0 0 0 0
"34" 34 0.544041450777 208 144 73 35 12 12 8 3 3 1 1 0 0 0 0 0 0 0 0 0
"35" 35 0.394230769231 187 140 52 39 29 27 15 5 2 2 1 1 0 0 0 0 0 0 0 0
"36" 36 0.544642857143 140 120 56 41 36 31 20 17 9 8 7 6 6 2 1 0 0 0 0 0
"37" 37 0.114942528736 161 122 53 47 32 25 17 14 9 5 4 4 2 2 1 1 1 0 0 0
"38" 38 0.421524663677 229 124 71 33 15 14 10 2 2 0 0 0 0 0 0 0 0 0 0 0
"39" 39 0.0761421319797 280 174 16 11 5 5 4 2 2 1 0 0 0 0 0 0 0 0 0 0
"40" 40 0.405128205128 476 12 7 2 1 1 1 0 0 0 0 0 0 0 0 0 0 0 0 0
"41" 41 0.167512690355 303 65 46 21 15 14 11 6 6 6 4 2 1 0 0 0 0 0 0 0
"42" 42 0.473214285714 210 97 64 38 37 35 12 3 2 2 0 0 0 0 0 0 0 0 0 0
"43" 43 0.325892857143 188 133 46 35 30 28 20 12 5 2 1 0 0 0 0 0 0 0 0 0
"44" 44 0.622516556291 112 87 82 72 65 24 20 18 15 3 2 0 0 0 0 0 0 0 0 0
"45" 45 0.0152284263959 195 109 51 43 23 20 13 12 12 11 5 4 1 1 0 0 0 0 0 0
"46" 46 0.649635036496 229 128 55 25 20 16 10 4 3 3 3 2 1 1 0 0 0 0 0 0
"47" 47 0.317307692308 454 44 1 1 0 0 0 0 0 0 0 0 0 0 0 0 0 0 0 0
"48" 48 0.0189873417722 205 125 71 39 26 14 11 3 2 1 1 1 1 0 0 0 0 0 0 0
"49" 49 0.108808290155 145 69 48 47 46 31 29 22 21 20 18 2 1 1 0 0 0 0 0 0
"50" 50 0.0 309 97 23 22 12 10 9 6 4 4 3 1 0 0 0 0 0 0 0 0
"51" 51 0.0228136882129 293 94 47 30 29 4 2 1 0 0 0 0 0 0 0 0 0 0 0 0
"52" 52 0.0 332 100 43 11 9 2 2 1 0 0 0 0 0 0 0 0 0 0 0 0
"53" 53 0.0152284263959 371 96 18 8 5 2 0 0 0 0 0 0 0 0 0 0 0 0 0 0
"54" 54 0.00448430493274 408 24 18 17 11 9 7 6 0 0 0 0 0 0 0 0 0 0 0 0
"55" 55 0.00662251655629 496 4 0 0 0 0 0 0 0 0 0 0 0 0 0 0 0 0 0 0
"56" 56 0.0 477 11 3 3 2 2 1 1 0 0 0 0 0 0 0 0 0 0 0 0
"57" 57 0.0529801324503 420 27 18 11 8 8 3 2 2 1 0 0 0 0 0 0 0 0 0 0
"58" 58 0.730569948187 176 156 59 42 34 14 8 6 3 2 0 0 0 0 0 0 0 0 0 0
"59" 59 0.364779874214 246 109 42 41 27 26 3 3 2 1 0 0 0 0 0 0 0 0 0 0
"60" 60 0.195402298851 262 67 63 55 21 19 7 2 1 1 1 1 0 0 0 0 0 0 0 0
"61" 61 0.507692307692 273 170 21 16 9 5 3 1 1 1 0 0 0 0 0 0 0 0 0 0
"62" 62 0.352678571429 215 175 40 30 27 7 4 1 1 0 0 0 0 0 0 0 0 0 0 0
"63" 63 0.0909090909091 393 71 14 12 5 4 1 0 0 0 0 0 0 0 0 0 0 0 0 0
"64" 64 0.0812182741117 218 106 73 45 21 11 11 5 4 2 1 1 1 1 0 0 0 0 0 0
"65" 65 0.435779816514 205 102 102 38 30 8 5 4 3 2 1 0 0 0 0 0 0 0 0 0
"66" 66 0.00892857142857 125 109 76 44 39 35 27 19 14 4 2 2 2 1 1 0 0 0 0 0
"67" 67 0.0 250 139 65 36 8 1 1 0 0 0 0 0 0 0 0 0 0 0 0 0
"68" 68 0.109452736318 132 84 84 46 35 34 24 20 15 12 6 2 2 2 1 1 0 0 0 0
"69" 69 0.263959390863 176 126 78 54 28 10 7 7 6 5 3 0 0 0 0 0 0 0 0 0
"70" 70 0.0 305 78 45 13 10 8 8 8 7 7 6 2 1 1 1 0 0 0 0 0
"71" 71 0.0 138 138 83 58 32 26 12 6 3 2 1 1 0 0 0 0 0 0 0 0
"72" 72 0.284974093264 183 112 107 82 11 2 2 1 0 0 0 0 0 0 0 0 0 0 0 0
"73" 73 0.193798449612 171 96 80 80 25 13 12 11 5 3 3 1 0 0 0 0 0 0 0 0
"74" 74 0.0 177 100 70 42 31 30 16 14 7 4 4 3 1 1 0 0 0 0 0 0
"75" 75 0.400843881857 249 95 69 38 22 15 5 3 2 1 1 0 0 0 0 0 0 0 0 0
"76" 76 0.624087591241 162 102 62 57 51 28 24 5 4 3 2 0 0 0 0 0 0 0 0 0
"77" 77 0.31007751938 205 84 58 54 39 28 14 7 4 3 3 1 0 0 0 0 0 0 0 0
"78" 78 0.364238410596 295 201 2 1 1 0 0 0 0 0 0 0 0 0 0 0 0 0 0 0
"79" 79 0.139534883721 396 97 4 1 1 1 0 0 0 0 0 0 0 0 0 0 0 0 0 0
"80" 80 0.590717299578 341 114 23 10 6 2 2 1 1 0 0 0 0 0 0 0 0 0 0 0
"81" 81 0.145348837209 238 152 53 17 16 11 7 3 1 1 1 0 0 0 0 0 0 0 0 0
"82" 82 0.0304568527919 373 60 33 18 8 8 0 0 0 0 0 0 0 0 0 0 0 0 0 0
"83" 83 0.0153846153846 176 111 83 82 11 10 10 6 6 2 1 1 1 0 0 0 0 0 0 0
"84" 84 0.0 240 115 53 43 19 12 8 6 2 1 1 0 0 0 0 0 0 0 0 0
"85" 85 0.00574712643678 204 164 93 17 5 5 5 5 1 1 0 0 0 0 0 0 0 0 0 0
"86" 86 0.0 419 40 18 12 5 5 1 0 0 0 0 0 0 0 0 0 0 0 0 0
"87" 87 0.0062893081761 124 111 91 64 59 19 17 6 3 3 2 1 0 0 0 0 0 0 0 0
"88" 88 0.0380228136882 178 129 113 42 20 13 4 1 0 0 0 0 0 0 0 0 0 0 0 0
"89" 89 0.0190114068441 398 44 40 11 4 2 1 0 0 0 0 0 0 0 0 0 0 0 0 0
"90" 90 0.00961538461538 500 0 0 0 0 0 0 0 0 0 0 0 0 0 0 0 0 0 0 0
"91" 91 0.300380228137 200 65 65 49 39 28 24 12 8 5 4 1 0 0 0 0 0 0 0 0
"92" 92 0.0232558139535 211 134 112 29 13 1 0 0 0 0 0 0 0 0 0 0 0 0 0 0
"93" 93 0.372262773723 132 113 82 38 30 29 28 26 12 4 2 2 1 1 0 0 0 0 0 0
"94" 94 0.233183856502 250 98 47 32 27 21 15 9 1 0 0 0 0 0 0 0 0 0 0 0
"95" 95 0.160621761658 186 107 79 54 21 20 16 9 5 2 1 0 0 0 0 0 0 0 0 0
"96" 96 0.656934306569 135 120 65 50 41 39 34 6 5 3 2 0 0 0 0 0 0 0 0 0
"97" 97 0.607594936709 337 92 36 10 8 6 4 3 3 1 0 0 0 0 0 0 0 0 0 0
"98" 98 0.880794701987 249 194 22 15 12 5 3 0 0 0 0 0 0 0 0 0 0 0 0 0
"99" 99 0.839416058394 254 208 24 14 0 0 0 0 0 0 0 0 0 0 0 0 0 0 0 0
"100" 100 0.441964285714 312 100 51 15 13 5 4 0 0 0 0 0 0 0 0 0 0 0 0 0
"101" 101 0.534591194969 303 162 9 9 8 4 4 1 0 0 0 0 0 0 0 0 0 0 0 0
"102" 102 0.319796954315 304 87 67 17 11 4 3 3 2 1 1 0 0 0 0 0 0 0 0 0
"103" 103 0.156976744186 131 123 121 89 13 8 6 4 4 1 0 0 0 0 0 0 0 0 0 0
"104" 104 0.0 463 19 17 1 0 0 0 0 0 0 0 0 0 0 0 0 0 0 0 0
"105" 105 0.316455696203 342 76 55 14 4 3 3 2 1 0 0 0 0 0 0 0 0 0 0 0
"106" 106 0.492537313433 195 75 63 55 34 24 23 21 5 3 1 1 0 0 0 0 0 0 0 0
"107" 107 0.0167364016736 197 160 110 7 5 4 4 3 3 3 2 1 1 0 0 0 0 0 0 0
"108" 108 0.0 477 8 5 4 4 2 0 0 0 0 0 0 0 0 0 0 0 0 0 0
"109" 109 0.323076923077 263 70 68 42 15 15 13 5 2 2 2 1 1 1 0 0 0 0 0 0
"110" 110 0.338308457711 189 106 79 53 21 17 13 13 4 2 1 1 1 0 0 0 0 0 0 0
"111" 111 0.0 183 141 87 36 23 21 3 3 1 1 1 0 0 0 0 0 0 0 0 0
"112" 112 0.209821428571 331 65 59 33 4 3 3 1 1 0 0 0 0 0 0 0 0 0 0 0
"113" 113 0.668604651163 158 151 59 37 33 31 23 4 2 2 0 0 0 0 0 0 0 0 0 0
"114" 114 0.108527131783 460 30 4 2 1 1 1 1 0 0 0 0 0 0 0 0 0 0 0 0
"115" 115 0.182692307692 500 0 0 0 0 0 0 0 0 0 0 0 0 0 0 0 0 0 0 0
"116" 116 0.077519379845 366 62 39 24 5 1 1 1 1 0 0 0 0 0 0 0 0 0 0 0
"117" 117 0.296511627907 289 134 64 6 5 1 1 0 0 0 0 0 0 0 0 0 0 0 0 0
"118" 118 0.222627737226 385 64 25 16 6 3 1 0 0 0 0 0 0 0 0 0 0 0 0 0
"119" 119 0.0 432 21 17 16 6 2 2 1 1 1 1 0 0 0 0 0 0 0 0 0
"120" 120 0.00507614213198 230 138 67 37 14 11 2 1 0 0 0 0 0 0 0 0 0 0 0 0
"121" 121 0.0 201 190 78 12 12 2 2 1 1 1 0 0 0 0 0 0 0 0 0 0
"122" 122 0.00497512437811 282 61 47 30 22 15 14 14 7 3 3 2 0 0 0 0 0 0 0 0
"123" 123 0.0621761658031 313 102 62 17 4 1 1 0 0 0 0 0 0 0 0 0 0 0 0 0
"124" 124 0.0248756218905 482 7 5 2 2 2 0 0 0 0 0 0 0 0 0 0 0 0 0 0
"125" 125 0.311004784689 142 134 69 36 31 25 16 14 11 9 5 4 2 1 1 0 0 0 0 0
"126" 126 0.046511627907 328 56 49 18 11 7 6 6 6 5 3 2 2 1 0 0 0 0 0 0
"127" 127 0.465408805031 185 169 95 21 16 10 1 1 1 1 0 0 0 0 0 0 0 0 0 0
"128" 128 0.587443946188 180 103 89 52 23 20 16 6 5 3 3 0 0 0 0 0 0 0 0 0
"129" 129 0.0 476 7 4 3 3 2 2 1 1 1 0 0 0 0 0 0 0 0 0 0
"130" 130 0.322869955157 170 128 63 53 28 23 13 5 5 4 4 3 1 0 0 0 0 0 0 0
"131" 131 0.567307692308 295 72 70 43 12 4 3 1 0 0 0 0 0 0 0 0 0 0 0 0
"132" 132 0.196652719665 245 241 5 4 3 1 1 0 0 0 0 0 0 0 0 0 0 0 0 0
"133" 133 0.0418410041841 357 110 11 10 9 1 1 1 0 0 0 0 0 0 0 0 0 0 0 0
"134" 134 0.777202072539 317 100 30 21 14 6 5 3 2 1 1 0 0 0 0 0 0 0 0 0
"135" 135 0.162436548223 115 87 67 60 43 40 27 23 13 9 7 6 1 1 1 0 0 0 0 0
"136" 136 0.421383647799 216 193 74 12 2 1 1 1 0 0 0 0 0 0 0 0 0 0 0 0
"137" 137 0.116751269036 271 76 67 39 29 7 6 2 2 1 0 0 0 0 0 0 0 0 0 0
"138" 138 0.238341968912 258 84 49 33 30 20 9 9 4 2 1 1 0 0 0 0 0 0 0 0
"139" 139 0.157894736842 499 1 0 0 0 0 0 0 0 0 0 0 0 0 0 0 0 0 0 0
"140" 140 0.0 317 54 39 27 13 13 12 8 6 4 3 2 1 1 0 0 0 0 0 0
"141" 141 0.298165137615 170 82 72 53 38 26 23 18 9 5 1 1 1 1 0 0 0 0 0 0
"142" 142 0.0 151 97 89 73 38 21 17 6 5 3 0 0 0 0 0 0 0 0 0 0
"143" 143 0.0632183908046 139 112 109 69 24 15 10 7 5 3 3 3 1 0 0 0 0 0 0 0
"144" 144 0.314465408805 234 107 52 46 36 13 7 3 1 1 0 0 0 0 0 0 0 0 0 0
"145" 145 0.218274111675 127 115 65 56 39 30 18 17 17 12 3 1 0 0 0 0 0 0 0 0
"146" 146 0.00497512437811 260 107 51 24 14 12 11 9 4 4 2 1 1 0 0 0 0 0 0 0
"147" 147 0.0 283 127 31 27 14 5 5 3 2 2 1 0 0 0 0 0 0 0 0 0
"148" 148 0.584821428571 165 131 103 72 15 6 2 2 2 1 1 0 0 0 0 0 0 0 0 0
"149" 149 0.148288973384 111 66 59 52 43 42 32 28 24 12 7 7 7 7 3 0 0 0 0 0
"150" 150 0.00418410041841 333 108 23 21 9 1 1 1 1 1 1 0 0 0 0 0 0 0 0 0
"151" 151 0.392857142857 256 69 62 61 28 8 5 3 3 2 1 1 1 0 0 0 0 0 0 0
"152" 152 0.490384615385 155 123 65 45 40 26 12 10 10 6 5 2 1 0 0 0 0 0 0 0
"153" 153 0.35864978903 156 89 57 44 32 26 25 25 11 10 9 9 5 2 0 0 0 0 0 0
"154" 154 0.723076923077 463 19 14 1 1 1 1 0 0 0 0 0 0 0 0 0 0 0 0 0
"155" 155 0.179104477612 412 20 14 10 9 8 6 5 5 3 3 1 1 1 1 1 0 0 0 0
"156" 156 0.65625 144 116 108 67 22 12 9 9 6 5 1 1 0 0 0 0 0 0 0 0
"157" 157 0.414507772021 305 73 38 21 20 11 10 10 6 2 1 1 1 1 0 0 0 0 0 0
"158" 158 0.116751269036 290 51 44 41 30 27 7 7 2 1 0 0 0 0 0 0 0 0 0 0
"159" 159 0.00574712643678 180 161 74 57 17 8 2 1 0 0 0 0 0 0 0 0 0 0 0 0
"160" 160 0.0 403 29 28 19 10 8 1 1 1 0 0 0 0 0 0 0 0 0 0 0
"161" 161 0.00574712643678 176 97 82 43 24 23 14 14 8 8 6 5 0 0 0 0 0 0 0 0
"162" 162 0.00662251655629 459 24 17 0 0 0 0 0 0 0 0 0 0 0 0 0 0 0 0 0
"163" 163 0.0125786163522 245 151 53 18 16 6 4 3 2 2 0 0 0 0 0 0 0 0 0 0
"164" 164 0.290155440415 245 114 71 26 22 5 4 4 4 2 2 1 0 0 0 0 0 0 0 0
"165" 165 0.521531100478 272 47 39 27 26 24 18 17 12 9 5 4 0 0 0 0 0 0 0 0
"166" 166 0.576923076923 167 80 75 51 30 29 28 9 9 8 6 3 2 2 1 0 0 0 0 0
"167" 167 0.0 147 107 79 58 39 21 13 11 9 7 4 2 2 1 0 0 0 0 0 0
"168" 168 0.304597701149 350 37 32 24 18 16 14 2 2 2 1 1 1 0 0 0 0 0 0 0
"169" 169 0.575581395349 328 70 38 27 15 5 4 3 3 3 2 1 1 0 0 0 0 0 0 0
"170" 170 0.138686131387 152 102 60 47 39 35 32 11 7 5 5 3 1 1 0 0 0 0 0 0
"171" 171 0.0077519379845 488 10 1 1 0 0 0 0 0 0 0 0 0 0 0 0 0 0 0 0
"172" 172 0.554744525547 153 135 124 61 8 7 6 3 3 0 0 0 0 0 0 0 0 0 0 0
"173" 173 0.443037974684 230 149 72 17 12 5 4 4 3 2 1 1 0 0 0 0 0 0 0 0
"174" 174 0.0 363 50 27 14 14 11 7 7 3 3 1 0 0 0 0 0 0 0 0 0
"175" 175 0.031007751938 492 7 1 0 0 0 0 0 0 0 0 0 0 0 0 0 0 0 0 0
"176" 176 0.466321243523 115 89 71 68 54 26 26 18 14 6 6 5 2 0 0 0 0 0 0 0
"177" 177 0.273722627737 104 86 40 39 35 33 31 27 25 22 18 14 9 7 5 4 1 0 0 0
"178" 178 0.124378109453 407 36 33 8 6 4 3 2 1 0 0 0 0 0 0 0 0 0 0 0
"179" 179 0.742616033755 485 14 1 0 0 0 0 0 0 0 0 0 0 0 0 0 0 0 0 0
"180" 180 0.139534883721 240 76 68 62 35 6 6 2 2 2 1 0 0 0 0 0 0 0 0 0
"181" 181 0.440251572327 183 140 78 67 19 7 6 0 0 0 0 0 0 0 0 0 0 0 0 0
"182" 182 0.365482233503 404 30 23 19 12 7 3 1 1 0 0 0 0 0 0 0 0 0 0 0
"183" 183 0.0232558139535 333 149 14 3 1 0 0 0 0 0 0 0 0 0 0 0 0 0 0 0
"184" 184 0.197969543147 297 151 19 11 7 5 3 2 2 1 1 1 0 0 0 0 0 0 0 0
"185" 185 0.00507614213198 298 58 40 27 22 15 9 7 7 6 4 3 2 1 1 0 0 0 0 0
"186" 186 0.150259067358 404 73 8 4 4 2 2 1 1 1 0 0 0 0 0 0 0 0 0 0
"187" 187 0.544303797468 454 10 8 7 4 4 3 3 2 2 1 1 1 0 0 0 0 0 0 0
"188" 188 0.810218978102 258 95 56 49 15 14 6 5 2 0 0 0 0 0 0 0 0 0 0 0
"189" 189 0.371559633028 228 174 40 17 13 8 3 3 3 3 3 2 2 1 0 0 0 0 0 0
"190" 190 0.512820512821 162 154 63 35 35 24 18 5 2 2 0 0 0 0 0 0 0 0 0 0
"191" 191 0.197969543147 163 79 70 59 44 27 25 15 6 4 3 2 1 1 1 0 0 0 0 0
"192" 192 0.419540229885 382 45 32 25 6 3 2 2 1 1 1 0 0 0 0 0 0 0 0 0
"193" 193 0.423076923077 500 0 0 0 0 0 0 0 0 0 0 0 0 0 0 0 0 0 0 0
"194" 194 0.574358974359 179 128 76 25 22 21 15 10 9 8 5 2 0 0 0 0 0 0 0 0
"195" 195 0.0406091370558 183 144 62 45 34 20 10 1 1 0 0 0 0 0 0 0 0 0 0 0
"196" 196 0.647321428571 268 100 39 24 23 15 12 7 6 2 1 1 1 1 0 0 0 0 0 0
"197" 197 0.346153846154 377 112 8 2 1 0 0 0 0 0 0 0 0 0 0 0 0 0 0 0
"198" 198 0.130801687764 171 155 76 44 18 16 6 5 5 1 1 1 1 0 0 0 0 0 0 0
"199" 199 0.0 305 168 15 3 2 2 2 1 1 1 0 0 0 0 0 0 0 0 0 0
"200" 200 0.0 154 149 96 63 16 10 4 3 3 1 1 0 0 0 0 0 0 0 0 0
"201" 201 0.0 399 37 35 11 8 5 4 1 0 0 0 0 0 0 0 0 0 0 0 0
"202" 202 0.0 241 95 76 50 21 7 4 3 3 0 0 0 0 0 0 0 0 0 0 0
"203" 203 0.00507614213198 395 28 24 20 14 9 8 2 0 0 0 0 0 0 0 0 0 0 0 0
"204" 204 0.113989637306 400 63 23 14 0 0 0 0 0 0 0 0 0 0 0 0 0 0 0 0
"205" 205 0.020725388601 226 100 73 25 22 19 16 11 2 2 2 1 1 0 0 0 0 0 0 0
"206" 206 0.0609137055838 127 120 66 44 32 31 29 22 15 10 3 1 0 0 0 0 0 0 0 0
"207" 207 0.0253807106599 215 159 111 11 4 0 0 0 0 0 0 0 0 0 0 0 0 0 0 0
"208" 208 0.227979274611 143 129 92 48 27 16 12 10 9 4 4 3 2 1 0 0 0 0 0 0
"209" 209 0.31976744186 149 87 78 75 30 25 14 13 12 5 5 4 3 0 0 0 0 0 0 0
"210" 210 0.031007751938 357 65 59 8 6 4 1 0 0 0 0 0 0 0 0 0 0 0 0 0
"211" 211 0.134615384615 159 146 90 43 19 18 10 5 3 2 2 1 1 1 0 0 0 0 0 0
"212" 212 0.441860465116 136 102 66 63 40 34 28 18 5 4 3 1 0 0 0 0 0 0 0 0
"213" 213 0.0253807106599 352 65 42 12 8 7 4 3 3 2 1 1 0 0 0 0 0 0 0 0
"214" 214 0.0348837209302 238 81 50 35 34 14 11 9 8 7 6 5 2 0 0 0 0 0 0 0
"215" 215 0.547263681592 203 126 42 38 36 30 9 9 4 1 1 1 0 0 0 0 0 0 0 0
"216" 216 0.0 235 115 93 37 10 5 2 1 1 1 0 0 0 0 0 0 0 0 0 0
"217" 217 0.0 173 171 109 29 11 3 2 1 1 0 0 0 0 0 0 0 0 0 0 0
"218" 218 0.379487179487 151 105 89 65 26 17 11 10 9 6 6 2 2 1 0 0 0 0 0 0
"219" 219 0.15503875969 143 72 60 48 37 35 30 24 21 11 7 4 3 3 2 0 0 0 0 0
"220" 220 0.00497512437811 246 141 40 39 18 8 3 3 1 1 0 0 0 0 0 0 0 0 0 0
"221" 221 0.379310344828 138 94 79 39 24 23 20 19 18 11 10 9 9 5 2 0 0 0 0 0
"222" 222 0.723214285714 137 103 103 54 23 22 18 15 15 6 4 0 0 0 0 0 0 0 0 0
"223" 223 0.394871794872 161 152 39 25 24 20 20 17 12 11 8 4 4 2 1 0 0 0 0 0
"224" 224 0.326923076923 312 186 2 0 0 0 0 0 0 0 0 0 0 0 0 0 0 0 0 0
"225" 225 0.108527131783 246 242 7 4 1 0 0 0 0 0 0 0 0 0 0 0 0 0 0 0
"226" 226 0.409282700422 214 170 40 26 23 12 6 4 2 1 1 1 0 0 0 0 0 0 0 0
"227" 227 0.214285714286 352 51 40 20 15 11 5 4 1 1 0 0 0 0 0 0 0 0 0 0
"228" 228 0.0172413793103 205 152 100 27 6 4 3 2 1 0 0 0 0 0 0 0 0 0 0 0
"229" 229 0.0342205323194 293 192 15 0 0 0 0 0 0 0 0 0 0 0 0 0 0 0 0 0
"230" 230 0.0 365 131 3 1 0 0 0 0 0 0 0 0 0 0 0 0 0 0 0 0
"231" 231 0.0 431 45 22 2 0 0 0 0 0 0 0 0 0 0 0 0 0 0 0 0
"232" 232 0.00632911392405 409 49 37 4 1 0 0 0 0 0 0 0 0 0 0 0 0 0 0 0
"233" 233 0.0116279069767 232 148 88 22 4 3 2 1 0 0 0 0 0 0 0 0 0 0 0 0
"234" 234 0.0143540669856 499 1 0 0 0 0 0 0 0 0 0 0 0 0 0 0 0 0 0 0
"235" 235 0.0188679245283 314 89 49 28 7 4 3 3 2 1 0 0 0 0 0 0 0 0 0 0
"236" 236 0.218390804598 124 72 64 56 44 31 24 20 15 12 12 10 7 5 3 1 0 0 0 0
"237" 237 0.0547263681592 453 10 9 7 6 5 3 2 1 1 1 1 1 0 0 0 0 0 0 0
"238" 238 0.304635761589 148 111 65 52 36 34 18 16 7 7 2 2 1 1 0 0 0 0 0 0
"239" 239 0.519230769231 500 0 0 0 0 0 0 0 0 0 0 0 0 0 0 0 0 0 0 0
"240" 240 0.314465408805 188 98 49 47 46 35 25 9 3 0 0 0 0 0 0 0 0 0 0 0
"241" 241 0.0 415 83 1 1 0 0 0 0 0 0 0 0 0 0 0 0 0 0 0 0
"242" 242 0.0172413793103 184 79 62 57 39 25 20 13 6 5 5 2 1 1 1 0 0 0 0 0
"243" 243 0.388392857143 117 94 94 53 39 31 22 17 15 10 4 2 2 0 0 0 0 0 0 0
"244" 244 0.386861313869 118 101 101 76 47 16 14 14 6 3 1 1 1 1 0 0 0 0 0 0
"245" 245 0.0152284263959 362 50 20 20 18 14 4 4 3 2 2 1 0 0 0 0 0 0 0 0
"246" 246 0.169230769231 130 101 59 59 53 28 24 11 11 9 8 5 1 1 0 0 0 0 0 0
"247" 247 0.707692307692 115 110 100 77 33 14 12 12 8 7 5 4 2 1 0 0 0 0 0 0
"248" 248 0.0662251655629 492 6 1 1 0 0 0 0 0 0 0 0 0 0 0 0 0 0 0 0
"249" 249 0.273255813953 172 143 76 29 17 16 16 10 9 6 3 2 1 0 0 0 0 0 0 0
"250" 250 0.010152284264 344 78 38 20 10 4 2 1 1 1 1 0 0 0 0 0 0 0 0 0
"251" 251 0.476793248945 300 87 78 14 8 4 3 2 2 1 1 0 0 0 0 0 0 0 0 0
"252" 252 0.147321428571 346 110 19 10 9 6 0 0 0 0 0 0 0 0 0 0 0 0 0 0
"253" 253 0.0 437 12 12 12 8 5 4 4 3 1 1 1 0 0 0 0 0 0 0 0
"254" 254 0.0 184 118 114 25 23 18 9 3 2 2 1 1 0 0 0 0 0 0 0 0
"255" 255 0.00574712643678 360 52 36 16 13 9 6 3 2 1 1 1 0 0 0 0 0 0 0 0
"256" 256 0.00581395348837 197 134 112 27 17 6 4 2 1 0 0 0 0 0 0 0 0 0 0 0
"257" 257 0.107692307692 296 157 11 8 7 6 4 4 2 2 2 1 0 0 0 0 0 0 0 0
"258" 258 0.0 275 112 60 36 8 6 3 0 0 0 0 0 0 0 0 0 0 0 0 0
"259" 259 0.0558375634518 294 122 53 11 8 7 3 1 1 0 0 0 0 0 0 0 0 0 0 0
"260" 260 0.261603375527 422 24 12 12 10 7 4 4 2 1 1 1 0 0 0 0 0 0 0 0
"261" 261 0.199004975124 294 57 49 27 25 14 6 5 4 4 3 3 3 2 2 1 1 0 0 0
"262" 262 0.245283018868 357 37 24 20 16 12 11 8 6 3 3 1 1 1 0 0 0 0 0 0
"263" 263 0.732142857143 208 138 73 26 26 10 8 6 2 1 1 1 0 0 0 0 0 0 0 0
"264" 264 0.6875 262 52 42 41 30 29 13 13 11 5 2 0 0 0 0 0 0 0 0 0
"265" 265 0.270042194093 139 98 74 40 32 24 20 15 13 13 11 6 5 3 3 3 1 0 0 0
"266" 266 0.658227848101 153 122 90 71 42 14 4 2 1 1 0 0 0 0 0 0 0 0 0 0
"267" 267 0.0355329949239 324 74 45 29 10 5 4 4 2 1 1 1 0 0 0 0 0 0 0 0
"268" 268 0.575892857143 171 141 82 33 26 24 11 4 3 3 1 1 0 0 0 0 0 0 0 0
"269" 269 0.302919708029 139 118 85 70 27 20 19 12 4 3 2 1 0 0 0 0 0 0 0 0
"270" 270 0.255230125523 378 48 35 18 9 4 2 2 2 1 1 0 0 0 0 0 0 0 0 0
"271" 271 0.413502109705 102 97 78 62 34 31 26 21 17 17 4 3 3 3 2 0 0 0 0 0
"272" 272 0.291479820628 127 94 80 72 36 25 19 12 12 5 4 4 3 3 3 1 0 0 0 0
"273" 273 0.114427860697 175 122 42 39 37 12 12 11 11 10 8 5 5 4 4 2 1 0 0 0
"274" 274 0.278145695364 384 27 26 25 12 9 6 4 4 3 0 0 0 0 0 0 0 0 0 0
"275" 275 0.00574712643678 262 124 45 29 14 10 10 2 2 1 1 0 0 0 0 0 0 0 0 0
"276" 276 0.0 227 204 63 3 2 1 0 0 0 0 0 0 0 0 0 0 0 0 0 0
"277" 277 0.440251572327 285 110 72 16 6 4 4 1 1 1 0 0 0 0 0 0 0 0 0 0
"278" 278 0.179104477612 113 112 104 53 27 21 19 14 13 8 7 4 2 1 1 1 0 0 0 0
"279" 279 0.00497512437811 121 103 75 66 56 41 13 7 5 4 4 2 2 1 0 0 0 0 0 0
"280" 280 0.0 488 7 4 1 0 0 0 0 0 0 0 0 0 0 0 0 0 0 0 0
"281" 281 0.290178571429 194 132 89 47 24 7 3 1 1 1 1 0 0 0 0 0 0 0 0 0
"282" 282 0.0077519379845 121 82 69 64 39 36 33 19 13 11 5 5 3 0 0 0 0 0 0 0
"283" 283 0.0 268 63 45 28 20 20 19 15 11 9 1 1 0 0 0 0 0 0 0 0
"284" 284 0.223350253807 156 100 88 67 53 14 12 3 2 2 1 1 1 0 0 0 0 0 0 0
"285" 285 0.164233576642 136 88 75 65 46 31 20 13 12 9 5 0 0 0 0 0 0 0 0 0
"286" 286 0.0919540229885 144 103 57 42 39 27 23 14 13 9 8 8 7 2 2 2 0 0 0 0
"287" 287 0.22009569378 207 161 33 29 25 9 9 7 6 5 4 2 2 1 0 0 0 0 0 0
"288" 288 0.473214285714 255 89 77 63 3 3 3 2 2 2 1 0 0 0 0 0 0 0 0 0
"289" 289 0.798206278027 438 21 19 8 7 5 1 1 0 0 0 0 0 0 0 0 0 0 0 0
"290" 290 0.340807174888 397 31 26 17 13 7 6 1 1 1 0 0 0 0 0 0 0 0 0 0
"291" 291 0.437086092715 154 143 91 44 41 13 4 3 2 2 1 1 1 0 0 0 0 0 0 0
"292" 292 0.114942528736 154 148 40 32 30 20 20 13 12 7 6 6 5 5 1 1 0 0 0 0
"293" 293 0.516556291391 134 127 55 55 39 39 27 16 4 3 1 0 0 0 0 0 0 0 0 0
"294" 294 0.631178707224 311 126 28 20 7 5 3 0 0 0 0 0 0 0 0 0 0 0 0 0
"295" 295 0.199004975124 196 141 96 27 13 8 7 6 5 1 0 0 0 0 0 0 0 0 0 0
"296" 296 0.573221757322 165 95 83 65 36 17 8 8 6 5 4 4 3 1 0 0 0 0 0 0
