"site" "RSA" "aa1" "aa2" "aa3" "aa4" "aa5" "aa6" "aa7" "aa8" "aa9" "aa10" "aa11" "aa12" "aa13" "aa14" "aa15" "aa16" "aa17" "aa18" "aa19" "aa20"
"0" 0 1.05960264901 11 6 5 2 1 0 0 0 0 0 0 0 0 0 0 0 0 0 0 0
"1" 1 0.732142857143 31 19 5 3 2 2 1 0 0 0 0 0 0 0 0 0 0 0 0 0
"2" 2 0.0722433460076 69 4 2 2 1 0 0 0 0 0 0 0 0 0 0 0 0 0 0 0
"3" 3 0.357512953368 80 1 0 0 0 0 0 0 0 0 0 0 0 0 0 0 0 0 0 0
"4" 4 0.06463878327 46 15 7 7 2 1 1 1 1 0 0 0 0 0 0 0 0 0 0 0
"5" 5 0.273631840796 74 2 2 1 1 1 1 0 0 0 0 0 0 0 0 0 0 0 0 0
"6" 6 0.00418410041841 63 12 3 2 1 1 0 0 0 0 0 0 0 0 0 0 0 0 0 0
"7" 7 0.160337552743 82 0 0 0 0 0 0 0 0 0 0 0 0 0 0 0 0 0 0 0
"8" 8 0.0 64 12 7 0 0 0 0 0 0 0 0 0 0 0 0 0 0 0 0 0
"9" 9 0.0 66 14 3 0 0 0 0 0 0 0 0 0 0 0 0 0 0 0 0 0
"10" 10 0.0 62 19 1 1 0 0 0 0 0 0 0 0 0 0 0 0 0 0 0 0
"11" 11 0.0 75 6 2 0 0 0 0 0 0 0 0 0 0 0 0 0 0 0 0 0
"12" 12 0.0 83 0 0 0 0 0 0 0 0 0 0 0 0 0 0 0 0 0 0 0
"13" 13 0.14358974359 71 10 2 0 0 0 0 0 0 0 0 0 0 0 0 0 0 0 0 0
"14" 14 0.377483443709 79 3 1 0 0 0 0 0 0 0 0 0 0 0 0 0 0 0 0 0
"15" 15 0.538461538462 71 7 5 0 0 0 0 0 0 0 0 0 0 0 0 0 0 0 0 0
"16" 16 0.0114942528736 81 1 1 0 0 0 0 0 0 0 0 0 0 0 0 0 0 0 0 0
"17" 17 0.153846153846 82 1 0 0 0 0 0 0 0 0 0 0 0 0 0 0 0 0 0 0
"18" 18 0.0253164556962 83 0 0 0 0 0 0 0 0 0 0 0 0 0 0 0 0 0 0 0
"19" 19 0.192052980132 64 19 0 0 0 0 0 0 0 0 0 0 0 0 0 0 0 0 0 0
"20" 20 0.0886075949367 54 22 6 1 0 0 0 0 0 0 0 0 0 0 0 0 0 0 0 0
"21" 21 0.0199004975124 59 12 5 5 2 0 0 0 0 0 0 0 0 0 0 0 0 0 0 0
"22" 22 0.0 79 3 1 0 0 0 0 0 0 0 0 0 0 0 0 0 0 0 0 0
"23" 23 0.109452736318 57 9 5 4 3 2 1 1 1 0 0 0 0 0 0 0 0 0 0 0
"24" 24 0.153284671533 81 1 1 0 0 0 0 0 0 0 0 0 0 0 0 0 0 0 0 0
"25" 25 0.0167364016736 77 6 0 0 0 0 0 0 0 0 0 0 0 0 0 0 0 0 0 0
"26" 26 0.185430463576 39 26 9 6 2 1 0 0 0 0 0 0 0 0 0 0 0 0 0 0
"27" 27 0.40414507772 57 19 6 1 1 0 0 0 0 0 0 0 0 0 0 0 0 0 0 0
"28" 28 0.59585492228 58 20 2 2 1 1 0 0 0 0 0 0 0 0 0 0 0 0 0 0
"29" 29 0.377906976744 27 19 12 8 5 3 2 2 1 1 1 1 1 1 0 0 0 0 0 0
"30" 30 0.281368821293 60 22 2 0 0 0 0 0 0 0 0 0 0 0 0 0 0 0 0 0
"31" 31 0.470930232558 35 20 19 2 2 2 1 1 1 1 0 0 0 0 0 0 0 0 0 0
"32" 32 0.589743589744 22 14 13 8 7 7 5 5 2 1 0 0 0 0 0 0 0 0 0 0
"33" 33 0.787564766839 44 16 9 6 2 2 1 1 1 1 1 0 0 0 0 0 0 0 0 0
"34" 34 0.220532319392 43 29 6 4 1 1 0 0 0 0 0 0 0 0 0 0 0 0 0 0
"35" 35 0.802030456853 60 8 6 5 2 1 1 1 0 0 0 0 0 0 0 0 0 0 0 0
"36" 36 0.377483443709 45 29 4 2 2 1 1 0 0 0 0 0 0 0 0 0 0 0 0 0
"37" 37 0.802325581395 84 0 0 0 0 0 0 0 0 0 0 0 0 0 0 0 0 0 0 0
"38" 38 0.675126903553 79 3 1 1 0 0 0 0 0 0 0 0 0 0 0 0 0 0 0 0
"39" 39 0.451923076923 84 0 0 0 0 0 0 0 0 0 0 0 0 0 0 0 0 0 0 0
"40" 40 0.0919540229885 54 28 1 1 0 0 0 0 0 0 0 0 0 0 0 0 0 0 0 0
"41" 41 0.523316062176 78 6 0 0 0 0 0 0 0 0 0 0 0 0 0 0 0 0 0 0
"42" 42 0.292887029289 83 1 0 0 0 0 0 0 0 0 0 0 0 0 0 0 0 0 0 0
"43" 43 0.270042194093 66 10 5 1 1 0 0 0 0 0 0 0 0 0 0 0 0 0 0 0
"44" 44 0.446700507614 57 9 6 6 2 1 1 1 0 0 0 0 0 0 0 0 0 0 0 0
"45" 45 0.227848101266 55 26 2 0 0 0 0 0 0 0 0 0 0 0 0 0 0 0 0 0
"46" 46 0.424418604651 66 4 4 2 2 1 1 1 1 1 0 0 0 0 0 0 0 0 0 0
"47" 47 0.0689655172414 42 23 13 4 1 0 0 0 0 0 0 0 0 0 0 0 0 0 0 0
"48" 48 0.53125 41 15 7 6 4 2 2 2 2 1 1 0 0 0 0 0 0 0 0 0
"49" 49 0.0199004975124 40 24 13 2 2 1 1 0 0 0 0 0 0 0 0 0 0 0 0 0
"50" 50 0.549222797927 51 10 8 6 4 3 1 0 0 0 0 0 0 0 0 0 0 0 0 0
"51" 51 0.692307692308 67 6 5 2 2 1 0 0 0 0 0 0 0 0 0 0 0 0 0 0
"52" 52 0.303797468354 68 6 4 3 1 1 0 0 0 0 0 0 0 0 0 0 0 0 0 0
"53" 53 0.174418604651 23 21 18 5 5 4 2 2 1 1 1 0 0 0 0 0 0 0 0 0
"54" 54 0.0 40 38 4 1 0 0 0 0 0 0 0 0 0 0 0 0 0 0 0 0
"55" 55 0.244725738397 81 2 0 0 0 0 0 0 0 0 0 0 0 0 0 0 0 0 0 0
"56" 56 0.0 75 6 1 1 0 0 0 0 0 0 0 0 0 0 0 0 0 0 0 0
"57" 57 0.22869955157 82 1 0 0 0 0 0 0 0 0 0 0 0 0 0 0 0 0 0 0
"58" 58 0.00507614213198 77 6 0 0 0 0 0 0 0 0 0 0 0 0 0 0 0 0 0 0
"59" 59 0.195035460993 84 0 0 0 0 0 0 0 0 0 0 0 0 0 0 0 0 0 0 0
"60" 60 0.0259067357513 84 0 0 0 0 0 0 0 0 0 0 0 0 0 0 0 0 0 0 0
"61" 61 0.0116279069767 83 1 0 0 0 0 0 0 0 0 0 0 0 0 0 0 0 0 0 0
"62" 62 0.519379844961 84 0 0 0 0 0 0 0 0 0 0 0 0 0 0 0 0 0 0 0
"63" 63 0.403846153846 84 0 0 0 0 0 0 0 0 0 0 0 0 0 0 0 0 0 0 0
"64" 64 0.255605381166 83 1 0 0 0 0 0 0 0 0 0 0 0 0 0 0 0 0 0 0
"65" 65 0.0625 81 3 0 0 0 0 0 0 0 0 0 0 0 0 0 0 0 0 0 0
"66" 66 0.642335766423 83 1 0 0 0 0 0 0 0 0 0 0 0 0 0 0 0 0 0 0
"67" 67 0.602510460251 77 7 0 0 0 0 0 0 0 0 0 0 0 0 0 0 0 0 0 0
"68" 68 0.481751824818 73 6 4 1 0 0 0 0 0 0 0 0 0 0 0 0 0 0 0 0
"69" 69 0.5 73 7 2 1 1 0 0 0 0 0 0 0 0 0 0 0 0 0 0 0
"70" 70 0.106598984772 79 3 2 0 0 0 0 0 0 0 0 0 0 0 0 0 0 0 0 0
"71" 71 0.377906976744 81 2 1 0 0 0 0 0 0 0 0 0 0 0 0 0 0 0 0 0
"72" 72 0.324503311258 48 25 3 3 2 2 1 0 0 0 0 0 0 0 0 0 0 0 0 0
"73" 73 0.456953642384 37 35 10 2 0 0 0 0 0 0 0 0 0 0 0 0 0 0 0 0
"74" 74 0.06463878327 84 0 0 0 0 0 0 0 0 0 0 0 0 0 0 0 0 0 0 0
"75" 75 0.0114068441065 82 2 0 0 0 0 0 0 0 0 0 0 0 0 0 0 0 0 0 0
"76" 76 0.613138686131 74 8 2 0 0 0 0 0 0 0 0 0 0 0 0 0 0 0 0 0
"77" 77 0.528846153846 80 2 2 0 0 0 0 0 0 0 0 0 0 0 0 0 0 0 0 0
"78" 78 0.0331125827815 71 8 3 1 1 0 0 0 0 0 0 0 0 0 0 0 0 0 0 0
"79" 79 0.239234449761 34 26 9 6 6 2 1 0 0 0 0 0 0 0 0 0 0 0 0 0
"80" 80 0.0 81 3 0 0 0 0 0 0 0 0 0 0 0 0 0 0 0 0 0 0
"81" 81 0.0 62 14 7 1 0 0 0 0 0 0 0 0 0 0 0 0 0 0 0 0
"82" 82 0.0152284263959 44 16 12 11 1 0 0 0 0 0 0 0 0 0 0 0 0 0 0 0
"83" 83 0.0 44 18 17 4 1 0 0 0 0 0 0 0 0 0 0 0 0 0 0 0
"84" 84 0.00574712643678 78 2 1 1 1 1 0 0 0 0 0 0 0 0 0 0 0 0 0 0
"85" 85 0.0 79 5 0 0 0 0 0 0 0 0 0 0 0 0 0 0 0 0 0 0
"86" 86 0.0621761658031 80 2 1 1 0 0 0 0 0 0 0 0 0 0 0 0 0 0 0 0
"87" 87 0.00574712643678 47 29 4 3 1 0 0 0 0 0 0 0 0 0 0 0 0 0 0 0
"88" 88 0.209302325581 75 3 2 1 1 1 1 0 0 0 0 0 0 0 0 0 0 0 0 0
"89" 89 0.378238341969 42 15 10 6 3 2 2 1 1 1 1 0 0 0 0 0 0 0 0 0
"90" 90 0.381165919283 21 16 10 7 5 5 4 3 3 3 3 2 2 0 0 0 0 0 0 0
"91" 91 0.477678571429 25 21 9 8 5 4 3 3 2 2 2 0 0 0 0 0 0 0 0 0
"92" 92 0.0132450331126 75 9 0 0 0 0 0 0 0 0 0 0 0 0 0 0 0 0 0 0
"93" 93 0.0627615062762 81 3 0 0 0 0 0 0 0 0 0 0 0 0 0 0 0 0 0 0
"94" 94 0.394871794872 23 22 15 5 4 3 3 2 2 2 1 1 1 0 0 0 0 0 0 0
"95" 95 0.00961538461538 63 6 5 5 1 1 1 1 1 0 0 0 0 0 0 0 0 0 0 0
"96" 96 0.0 46 32 6 0 0 0 0 0 0 0 0 0 0 0 0 0 0 0 0 0
"97" 97 0.565400843882 36 16 8 7 5 2 2 2 2 2 1 1 0 0 0 0 0 0 0 0
"98" 98 0.155963302752 18 17 14 7 5 3 3 3 3 3 2 2 1 1 1 1 0 0 0 0
"99" 99 0.0141843971631 84 0 0 0 0 0 0 0 0 0 0 0 0 0 0 0 0 0 0 0
"100" 100 0.0796019900498 43 18 13 4 2 2 1 1 0 0 0 0 0 0 0 0 0 0 0 0
"101" 101 0.506726457399 17 14 13 9 8 6 3 3 3 2 2 1 1 1 1 0 0 0 0 0
"102" 102 0.200892857143 51 19 4 4 3 2 1 0 0 0 0 0 0 0 0 0 0 0 0 0
"103" 103 0.0203045685279 57 18 8 1 0 0 0 0 0 0 0 0 0 0 0 0 0 0 0 0
"104" 104 0.709844559585 32 24 7 7 5 4 1 1 1 1 1 0 0 0 0 0 0 0 0 0
"105" 105 0.653284671533 23 20 11 11 6 6 3 1 1 1 1 0 0 0 0 0 0 0 0 0
"106" 106 0.285171102662 33 27 16 3 1 1 1 1 1 0 0 0 0 0 0 0 0 0 0 0
"107" 107 0.116279069767 65 8 5 5 1 0 0 0 0 0 0 0 0 0 0 0 0 0 0 0
"108" 108 0.459302325581 26 13 12 8 6 6 3 3 2 2 1 1 1 0 0 0 0 0 0 0
"109" 109 0.788079470199 27 15 10 10 8 5 2 1 1 1 1 1 1 0 0 0 0 0 0 0
"110" 110 0.523255813953 34 13 11 11 3 3 1 1 0 0 0 0 0 0 0 0 0 0 0 0
"111" 111 0.109195402299 64 11 5 3 1 0 0 0 0 0 0 0 0 0 0 0 0 0 0 0
"112" 112 0.129353233831 25 13 12 8 7 7 2 2 1 1 1 1 1 1 0 0 0 0 0 0
"113" 113 0.198312236287 49 15 7 6 4 1 1 1 0 0 0 0 0 0 0 0 0 0 0 0
"114" 114 0.0 37 20 18 6 3 0 0 0 0 0 0 0 0 0 0 0 0 0 0 0
"115" 115 0.0 74 8 1 1 0 0 0 0 0 0 0 0 0 0 0 0 0 0 0 0
"116" 116 0.00574712643678 55 15 13 1 0 0 0 0 0 0 0 0 0 0 0 0 0 0 0 0
"117" 117 0.0 83 1 0 0 0 0 0 0 0 0 0 0 0 0 0 0 0 0 0 0
"118" 118 0.025641025641 83 0 0 0 0 0 0 0 0 0 0 0 0 0 0 0 0 0 0 0
"119" 119 0.244725738397 83 0 0 0 0 0 0 0 0 0 0 0 0 0 0 0 0 0 0 0
"120" 120 0.0759493670886 46 17 7 4 4 2 1 1 1 0 0 0 0 0 0 0 0 0 0 0
"121" 121 0.20725388601 82 1 0 0 0 0 0 0 0 0 0 0 0 0 0 0 0 0 0 0
"122" 122 0.363184079602 44 12 7 5 3 2 2 2 1 1 1 1 1 0 0 0 0 0 0 0
"123" 123 0.632911392405 20 10 8 7 7 4 4 4 4 3 3 2 1 1 1 1 0 0 0 0
"124" 124 0.875647668394 23 20 14 9 5 4 2 2 1 1 0 0 0 0 0 0 0 0 0 0
"125" 125 0.637130801688 36 9 7 6 6 6 6 2 1 1 0 0 0 0 0 0 0 0 0 0
"126" 126 0.255474452555 57 24 1 1 0 0 0 0 0 0 0 0 0 0 0 0 0 0 0 0
"127" 127 0.431034482759 30 21 15 4 2 2 2 2 2 1 1 1 0 0 0 0 0 0 0 0
"128" 128 0.0172413793103 79 4 0 0 0 0 0 0 0 0 0 0 0 0 0 0 0 0 0 0
"129" 129 0.526785714286 21 17 16 10 5 5 2 2 1 1 1 1 1 0 0 0 0 0 0 0
"130" 130 0.372623574144 27 11 9 7 6 5 5 3 2 2 2 2 1 1 0 0 0 0 0 0
"131" 131 0.549222797927 38 9 8 8 8 5 3 2 1 1 0 0 0 0 0 0 0 0 0 0
"132" 132 0.48275862069 21 13 13 12 12 4 3 2 2 1 0 0 0 0 0 0 0 0 0 0
"133" 133 0.0 41 39 2 1 0 0 0 0 0 0 0 0 0 0 0 0 0 0 0 0
"134" 134 0.303797468354 25 24 16 9 3 2 1 1 1 1 0 0 0 0 0 0 0 0 0 0
"135" 135 0.584821428571 24 19 11 8 6 3 3 2 2 2 1 1 1 0 0 0 0 0 0 0
"136" 136 0.213389121339 38 27 11 3 2 1 1 0 0 0 0 0 0 0 0 0 0 0 0 0
"137" 137 0.0 79 3 1 0 0 0 0 0 0 0 0 0 0 0 0 0 0 0 0 0
"138" 138 0.492227979275 31 12 10 8 5 4 4 3 2 1 1 1 1 0 0 0 0 0 0 0
"139" 139 0.635658914729 28 17 15 5 4 3 3 3 2 1 1 1 0 0 0 0 0 0 0 0
"140" 140 0.246153846154 23 13 10 9 7 4 4 3 3 2 2 1 1 1 0 0 0 0 0 0
"141" 141 0.789029535865 49 11 6 5 3 3 2 1 1 1 1 0 0 0 0 0 0 0 0 0
"142" 142 0.0321100917431 50 10 9 9 2 2 1 0 0 0 0 0 0 0 0 0 0 0 0 0
"143" 143 0.327044025157 31 12 11 9 5 4 3 3 1 1 1 1 1 0 0 0 0 0 0 0
"144" 144 0.0627615062762 69 7 4 1 1 1 0 0 0 0 0 0 0 0 0 0 0 0 0 0
"145" 145 0.174129353234 27 19 18 10 5 2 1 1 0 0 0 0 0 0 0 0 0 0 0 0
"146" 146 0.116071428571 83 0 0 0 0 0 0 0 0 0 0 0 0 0 0 0 0 0 0 0
"147" 147 0.0 67 9 3 2 1 1 0 0 0 0 0 0 0 0 0 0 0 0 0 0
"148" 148 0.0 83 0 0 0 0 0 0 0 0 0 0 0 0 0 0 0 0 0 0 0
"149" 149 0.015503875969 82 1 0 0 0 0 0 0 0 0 0 0 0 0 0 0 0 0 0 0
"150" 150 0.333333333333 74 9 0 0 0 0 0 0 0 0 0 0 0 0 0 0 0 0 0 0
"151" 151 0.347150259067 17 17 16 14 10 5 2 1 1 0 0 0 0 0 0 0 0 0 0 0
"152" 152 0.41059602649 28 25 18 7 3 1 1 0 0 0 0 0 0 0 0 0 0 0 0 0
"153" 153 0.308139534884 21 20 8 8 4 4 3 3 2 2 2 2 1 1 1 1 0 0 0 0
"154" 154 0.307692307692 69 4 3 3 2 1 1 0 0 0 0 0 0 0 0 0 0 0 0 0
"155" 155 0.0172413793103 70 13 0 0 0 0 0 0 0 0 0 0 0 0 0 0 0 0 0 0
"156" 156 0.397321428571 61 10 3 2 2 2 1 1 1 0 0 0 0 0 0 0 0 0 0 0
"157" 157 0.430051813472 32 21 9 6 3 3 3 2 1 1 1 1 0 0 0 0 0 0 0 0
"158" 158 0.031007751938 53 7 6 5 4 3 2 1 1 1 0 0 0 0 0 0 0 0 0 0
"159" 159 0.0125523012552 81 1 1 0 0 0 0 0 0 0 0 0 0 0 0 0 0 0 0 0
"160" 160 0.26368159204 20 9 9 7 5 5 4 4 4 4 3 2 2 2 1 0 0 0 0 0
"161" 161 0.261627906977 27 15 7 6 5 4 3 3 2 2 2 1 1 1 1 1 0 0 0 0
"162" 162 0.0 26 25 23 6 1 0 0 0 0 0 0 0 0 0 0 0 0 0 0 0
"163" 163 0.0 55 10 6 6 2 1 1 0 0 0 0 0 0 0 0 0 0 0 0 0
"164" 164 0.317518248175 25 12 10 8 8 6 4 3 2 1 0 0 0 0 0 0 0 0 0 0
"165" 165 0.134529147982 27 17 6 5 5 4 4 4 2 2 1 1 1 0 0 0 0 0 0 0
"166" 166 0.0 51 15 10 1 1 1 0 0 0 0 0 0 0 0 0 0 0 0 0 0
"167" 167 0.177215189873 36 9 5 4 4 2 1 1 1 1 1 0 0 0 0 0 0 0 0 0
"168" 168 0.651785714286 10 9 9 7 7 7 5 4 3 1 1 1 0 0 0 0 0 0 0 0
"169" 169 0.490066225166 24 19 4 3 3 2 2 2 1 1 1 0 0 0 0 0 0 0 0 0
"170" 170 0.160550458716 15 14 8 7 6 3 3 2 2 1 0 0 0 0 0 0 0 0 0 0
"171" 171 0.417218543046 17 7 6 5 4 4 3 3 2 1 1 1 1 1 1 0 0 0 0 0
"172" 172 0.547085201794 10 9 6 6 4 4 4 3 3 2 2 1 1 0 0 0 0 0 0 0
"173" 173 0.690582959641 15 8 7 4 3 3 2 2 2 1 1 1 1 1 1 0 0 0 0 0
"174" 174 0.323076923077 7 7 5 5 5 4 4 3 3 2 2 2 1 0 0 0 0 0 0 0
"175" 175 0.0845771144279 9 8 7 6 5 3 2 2 2 1 1 1 1 0 0 0 0 0 0 0
"176" 176 0.364102564103 7 6 6 5 4 3 3 3 2 2 2 1 1 1 0 0 0 0 0 0
"177" 177 0.441964285714 7 6 6 6 5 4 4 3 3 1 1 0 0 0 0 0 0 0 0 0
"178" 178 0.0523255813953 6 5 4 4 4 3 3 3 3 2 2 1 1 1 0 0 0 0 0 0
"179" 179 0.0523255813953 8 5 4 4 3 3 3 2 2 2 1 1 1 0 0 0 0 0 0 0
"180" 180 0.27802690583 7 6 5 4 4 4 2 1 1 1 1 1 1 0 0 0 0 0 0 0
"181" 181 0.654008438819 5 4 4 3 3 3 2 2 2 1 1 1 1 1 1 0 0 0 0 0
"182" 182 0.443037974684 7 4 3 3 2 2 2 2 2 1 1 1 0 0 0 0 0 0 0 0
"183" 183 0.504464285714 4 3 2 2 2 2 2 2 1 1 1 1 1 1 0 0 0 0 0 0
"184" 184 0.694300518135 5 4 4 2 2 2 1 1 1 1 1 1 0 0 0 0 0 0 0 0
"185" 185 0.459915611814 4 4 4 3 2 1 1 1 1 1 1 1 0 0 0 0 0 0 0 0
"186" 186 0.586538461538 4 4 2 2 2 1 1 1 1 1 1 1 0 0 0 0 0 0 0 0
"187" 187 0.692307692308 5 4 2 2 2 1 1 1 0 0 0 0 0 0 0 0 0 0 0 0
"188" 188 0.701149425287 5 3 2 2 1 1 1 1 1 1 0 0 0 0 0 0 0 0 0 0
"189" 189 0.579487179487 2 2 1 1 1 1 0 0 0 0 0 0 0 0 0 0 0 0 0 0
"190" 190 0.786069651741 2 1 1 1 1 1 0 0 0 0 0 0 0 0 0 0 0 0 0 0
"191" 191 0.835443037975 2 1 1 1 0 0 0 0 0 0 0 0 0 0 0 0 0 0 0 0
"192" 192 0.423076923077 1 1 1 1 0 0 0 0 0 0 0 0 0 0 0 0 0 0 0 0
"193" 193 1.05381165919 2 1 0 0 0 0 0 0 0 0 0 0 0 0 0 0 0 0 0 0
