"site" "RSA" "aa1" "aa2" "aa3" "aa4" "aa5" "aa6" "aa7" "aa8" "aa9" "aa10" "aa11" "aa12" "aa13" "aa14" "aa15" "aa16" "aa17" "aa18" "aa19" "aa20"
"0" 0 0.529801324503 198 186 50 22 22 11 8 3 0 0 0 0 0 0 0 0 0 0 0 0
"1" 1 0.147208121827 238 126 50 36 18 12 6 6 3 3 1 1 0 0 0 0 0 0 0 0
"2" 2 0.290697674419 139 52 51 42 40 36 31 21 21 18 16 15 8 8 1 1 0 0 0 0
"3" 3 0.464135021097 111 67 54 48 48 41 32 28 25 16 15 7 4 2 2 0 0 0 0 0
"4" 4 0.0 207 205 40 13 12 8 7 3 2 2 1 0 0 0 0 0 0 0 0 0
"5" 5 0.428571428571 429 18 16 13 11 4 2 2 2 2 1 0 0 0 0 0 0 0 0 0
"6" 6 0.0199004975124 467 14 5 3 3 3 2 1 1 1 0 0 0 0 0 0 0 0 0 0
"7" 7 0.518134715026 237 129 62 20 16 10 8 8 6 4 0 0 0 0 0 0 0 0 0 0
"8" 8 0.653846153846 431 69 0 0 0 0 0 0 0 0 0 0 0 0 0 0 0 0 0 0
"9" 9 0.213197969543 284 116 23 11 11 9 8 7 7 6 4 4 3 2 2 2 1 0 0 0
"10" 10 0.0547263681592 391 34 30 29 5 4 2 2 2 1 0 0 0 0 0 0 0 0 0 0
"11" 11 0.452830188679 485 5 3 2 2 2 1 0 0 0 0 0 0 0 0 0 0 0 0 0
"12" 12 0.378109452736 328 79 22 16 9 8 7 6 6 6 4 3 2 2 1 1 0 0 0 0
"13" 13 0.465517241379 89 77 73 70 44 35 29 23 18 15 11 6 3 3 2 2 0 0 0 0
"14" 14 0.325581395349 138 106 89 51 40 23 17 8 7 6 4 3 3 2 1 1 1 0 0 0
"15" 15 0.321167883212 78 76 58 57 47 45 38 21 19 18 13 10 7 6 6 1 0 0 0 0
"16" 16 0.432692307692 363 31 26 22 17 14 8 6 4 4 3 1 1 0 0 0 0 0 0 0
"17" 17 0.413502109705 192 76 43 42 25 24 22 20 17 14 8 7 6 4 0 0 0 0 0 0
"18" 18 0.137931034483 203 107 42 39 26 25 12 10 10 8 7 4 4 3 0 0 0 0 0 0
"19" 19 0.167883211679 75 72 72 67 56 35 27 22 21 19 10 9 5 4 3 3 0 0 0 0
"20" 20 0.0 172 67 62 53 36 25 21 17 15 11 7 4 4 3 1 1 1 0 0 0
"21" 21 0.131979695431 211 123 43 28 27 20 15 12 8 7 3 2 1 0 0 0 0 0 0 0
"22" 22 0.0342205323194 327 149 14 3 2 1 1 1 1 1 0 0 0 0 0 0 0 0 0 0
"23" 23 0.330357142857 138 102 83 69 35 29 12 7 6 6 5 4 4 0 0 0 0 0 0 0
"24" 24 0.166666666667 205 148 93 18 8 7 4 4 4 3 2 2 1 1 0 0 0 0 0 0
"25" 25 0.424870466321 258 82 64 30 25 19 12 3 3 2 1 1 0 0 0 0 0 0 0 0
"26" 26 0.736434108527 138 111 80 69 56 40 2 2 1 1 0 0 0 0 0 0 0 0 0 0
"27" 27 0.336538461538 147 88 83 54 48 35 17 8 6 5 4 3 2 0 0 0 0 0 0 0
"28" 28 0.104651162791 171 128 43 41 41 15 14 11 9 8 6 6 4 3 0 0 0 0 0 0
"29" 29 0.144278606965 191 114 67 43 39 11 9 7 5 4 4 3 2 1 0 0 0 0 0 0
"30" 30 0.0 373 52 27 17 11 8 7 2 2 1 0 0 0 0 0 0 0 0 0 0
"31" 31 0.100418410042 101 85 81 77 40 36 25 10 10 7 7 6 5 5 3 1 1 0 0 0
"32" 32 0.0 306 136 22 11 11 8 2 2 2 0 0 0 0 0 0 0 0 0 0 0
"33" 33 0.131782945736 248 104 41 22 21 15 12 10 8 7 5 3 2 1 1 0 0 0 0 0
"34" 34 0.0 325 150 10 7 5 2 1 0 0 0 0 0 0 0 0 0 0 0 0 0
"35" 35 0.0 499 1 0 0 0 0 0 0 0 0 0 0 0 0 0 0 0 0 0 0
"36" 36 0.0802919708029 160 141 119 36 18 9 7 4 2 2 1 1 0 0 0 0 0 0 0 0
"37" 37 0.0 168 104 72 64 32 18 13 9 8 6 2 2 2 0 0 0 0 0 0 0
"38" 38 0.112582781457 163 112 89 53 23 19 14 7 5 3 3 2 2 2 2 1 0 0 0 0
"39" 39 0.0387596899225 130 111 66 40 39 21 20 16 12 10 7 7 7 6 4 3 1 0 0 0
"40" 40 0.250950570342 226 82 75 52 22 15 12 9 3 2 1 1 0 0 0 0 0 0 0 0
"41" 41 0.678756476684 360 109 18 6 3 2 1 1 0 0 0 0 0 0 0 0 0 0 0 0
"42" 42 0.103448275862 128 96 73 67 26 24 23 19 11 9 9 8 5 1 1 0 0 0 0 0
"43" 43 0.284263959391 229 80 65 41 21 15 12 10 10 5 4 4 3 1 0 0 0 0 0 0
"44" 44 0.0275229357798 194 143 53 34 30 15 10 8 4 4 2 1 1 1 0 0 0 0 0 0
"45" 45 0.517857142857 253 57 39 39 38 36 21 6 3 3 2 1 1 1 0 0 0 0 0 0
"46" 46 0.164102564103 116 87 56 55 54 32 29 24 21 18 5 2 1 0 0 0 0 0 0 0
"47" 47 0.0331125827815 222 166 73 28 8 2 1 0 0 0 0 0 0 0 0 0 0 0 0 0
"48" 48 0.0 257 64 48 43 32 26 24 3 2 1 0 0 0 0 0 0 0 0 0 0
"49" 49 0.194968553459 195 158 47 33 25 19 16 6 1 0 0 0 0 0 0 0 0 0 0 0
"50" 50 0.245535714286 158 149 107 50 17 9 8 1 1 0 0 0 0 0 0 0 0 0 0 0
"51" 51 0.0 162 130 52 39 32 32 16 9 7 7 5 5 3 1 0 0 0 0 0 0
"52" 52 0.00961538461538 499 1 0 0 0 0 0 0 0 0 0 0 0 0 0 0 0 0 0 0
"53" 53 0.0913705583756 250 125 74 26 15 3 2 2 1 1 1 0 0 0 0 0 0 0 0 0
"54" 54 0.00497512437811 312 78 32 21 18 14 8 7 6 2 1 1 0 0 0 0 0 0 0 0
"55" 55 0.044776119403 127 115 59 54 35 32 21 18 10 10 6 5 3 3 2 0 0 0 0 0
"56" 56 0.0523255813953 195 121 42 40 29 19 17 9 8 5 4 4 3 2 1 1 0 0 0 0
"57" 57 0.282700421941 210 72 50 45 28 25 23 17 10 10 9 1 0 0 0 0 0 0 0 0
"58" 58 0.00995024875622 431 23 16 10 8 3 3 2 2 1 1 0 0 0 0 0 0 0 0 0
"59" 59 0.0264900662252 162 133 113 42 17 14 12 4 1 1 1 0 0 0 0 0 0 0 0 0
"60" 60 0.348214285714 201 95 75 35 22 22 17 8 6 6 4 4 3 1 1 0 0 0 0 0
"61" 61 0.171548117155 347 73 63 10 2 2 1 1 1 0 0 0 0 0 0 0 0 0 0 0
"62" 62 0.0 264 173 37 7 6 6 3 2 2 0 0 0 0 0 0 0 0 0 0 0
"63" 63 0.0125523012552 133 122 73 59 45 35 13 7 5 4 2 1 1 0 0 0 0 0 0 0
"64" 64 0.683544303797 113 107 86 57 50 35 21 11 8 4 4 1 1 1 1 0 0 0 0 0
"65" 65 0.242677824268 236 79 36 35 33 19 17 12 10 9 7 4 2 1 0 0 0 0 0 0
"66" 66 0.0 207 194 21 20 17 17 7 7 5 3 1 1 0 0 0 0 0 0 0 0
"67" 67 0.397350993377 167 157 65 63 14 8 7 6 6 4 2 1 0 0 0 0 0 0 0 0
"68" 68 0.820512820513 190 83 81 46 34 23 21 7 6 2 2 2 1 1 1 0 0 0 0 0
"69" 69 0.222797927461 171 56 47 46 45 27 25 20 19 13 12 9 5 3 2 0 0 0 0 0
"70" 70 0.0747126436782 182 119 81 52 16 13 10 9 8 4 3 1 1 1 0 0 0 0 0 0
"71" 71 0.317518248175 153 75 67 50 49 36 27 10 9 6 6 4 2 2 1 1 1 1 0 0
"72" 72 0.179487179487 180 128 126 22 16 13 5 4 3 2 1 0 0 0 0 0 0 0 0 0
"73" 73 0.0287081339713 343 93 22 19 6 4 3 3 2 2 1 1 1 0 0 0 0 0 0 0
"74" 74 0.174129353234 94 82 59 55 52 43 36 33 17 10 7 5 3 2 1 1 0 0 0 0
"75" 75 0.14367816092 249 58 52 45 31 19 18 7 6 5 3 2 2 2 1 0 0 0 0 0
"76" 76 0.735751295337 232 143 42 26 18 10 10 9 3 3 3 1 0 0 0 0 0 0 0 0
"77" 77 0.335025380711 331 55 45 19 14 13 7 5 3 3 2 2 1 0 0 0 0 0 0 0
"78" 78 0.209302325581 187 73 46 43 37 35 27 18 12 5 5 4 4 3 1 0 0 0 0 0
"79" 79 0.811320754717 241 228 22 7 2 0 0 0 0 0 0 0 0 0 0 0 0 0 0 0
"80" 80 0.875 491 9 0 0 0 0 0 0 0 0 0 0 0 0 0 0 0 0 0 0
"81" 81 0.455696202532 263 59 51 38 35 23 13 11 3 2 1 1 0 0 0 0 0 0 0 0
"82" 82 0.412790697674 379 46 19 19 13 9 4 3 3 2 2 1 0 0 0 0 0 0 0 0
"83" 83 0.126903553299 101 68 57 43 37 34 31 21 19 19 18 17 11 11 9 2 1 1 0 0
"84" 84 0.0585774058577 408 32 18 16 10 4 2 2 2 2 1 1 1 1 0 0 0 0 0 0
"85" 85 0.533678756477 280 111 18 15 15 14 13 8 6 5 5 4 3 2 1 0 0 0 0 0
"86" 86 0.307984790875 244 180 34 17 11 6 3 2 2 1 0 0 0 0 0 0 0 0 0 0
"87" 87 0.0746268656716 400 38 18 13 6 5 5 4 3 2 2 2 1 1 0 0 0 0 0 0
"88" 88 0.314465408805 277 97 35 28 17 9 8 8 7 6 4 2 2 0 0 0 0 0 0 0
"89" 89 0.666666666667 180 152 78 24 18 16 14 13 2 2 1 0 0 0 0 0 0 0 0 0
"90" 90 0.409282700422 150 89 40 37 31 31 29 27 20 15 11 9 4 4 3 0 0 0 0 0
"91" 91 0.0 442 13 12 11 6 4 4 3 2 1 1 1 0 0 0 0 0 0 0 0
"92" 92 0.324503311258 200 168 52 18 15 13 9 8 7 5 5 0 0 0 0 0 0 0 0 0
"93" 93 0.370535714286 139 131 82 53 32 28 17 8 5 2 2 1 0 0 0 0 0 0 0 0
"94" 94 0.641509433962 191 167 57 26 24 24 5 3 2 1 0 0 0 0 0 0 0 0 0 0
"95" 95 0.57805907173 266 194 15 9 5 3 3 2 1 1 1 0 0 0 0 0 0 0 0 0
"96" 96 0.0570342205323 374 90 12 9 6 4 3 2 0 0 0 0 0 0 0 0 0 0 0 0
"97" 97 0.291139240506 336 68 32 31 10 9 6 5 1 1 1 0 0 0 0 0 0 0 0 0
"98" 98 0.540697674419 238 60 59 47 42 27 12 9 3 1 1 1 0 0 0 0 0 0 0 0
"99" 99 0.0986547085202 263 127 43 38 20 4 2 2 1 0 0 0 0 0 0 0 0 0 0 0
"100" 100 0.00497512437811 367 39 33 27 16 5 3 3 3 2 1 1 0 0 0 0 0 0 0 0
"101" 101 0.392857142857 269 80 40 26 22 20 16 12 9 2 1 1 1 1 0 0 0 0 0 0
"102" 102 0.455958549223 297 163 26 8 4 2 0 0 0 0 0 0 0 0 0 0 0 0 0 0
"103" 103 0.0255474452555 199 126 54 50 32 15 8 6 4 2 2 1 1 0 0 0 0 0 0 0
"104" 104 0.0860927152318 293 109 33 31 16 8 4 3 2 1 0 0 0 0 0 0 0 0 0 0
"105" 105 0.119402985075 90 70 62 58 53 36 33 30 26 18 9 6 5 2 1 1 0 0 0 0
"106" 106 0.044776119403 217 210 39 18 4 4 2 2 1 1 1 1 0 0 0 0 0 0 0 0
"107" 107 0.00574712643678 137 98 87 47 30 23 17 16 15 14 11 4 1 0 0 0 0 0 0 0
"108" 108 0.368421052632 92 75 74 71 67 37 29 28 15 4 3 3 1 1 0 0 0 0 0 0
"109" 109 0.299578059072 111 103 73 62 41 37 22 11 10 7 7 6 3 2 2 2 1 0 0 0
"110" 110 0.248803827751 208 106 85 37 25 9 8 7 4 3 2 2 2 1 1 0 0 0 0 0
"111" 111 0.438818565401 123 107 68 42 39 32 21 18 18 8 7 4 3 3 2 2 2 1 0 0
"112" 112 0.572139303483 127 92 77 69 36 35 17 9 7 7 7 5 4 3 2 2 1 0 0 0
"113" 113 0.010152284264 254 79 65 34 27 10 6 5 4 4 3 2 2 2 1 1 1 0 0 0
"114" 114 0.490566037736 356 58 48 12 8 5 3 3 3 2 1 1 0 0 0 0 0 0 0 0
"115" 115 0.00497512437811 234 96 49 29 26 26 12 7 6 4 3 3 2 2 1 0 0 0 0 0
"116" 116 0.169642857143 143 84 67 62 43 25 14 14 12 12 9 7 5 2 1 0 0 0 0 0
"117" 117 0.0 245 103 47 32 31 20 8 5 4 3 1 1 0 0 0 0 0 0 0 0
"118" 118 0.10152284264 184 140 61 40 26 11 9 8 5 5 3 3 2 1 1 1 0 0 0 0
"119" 119 0.0 391 59 20 19 5 3 2 1 0 0 0 0 0 0 0 0 0 0 0 0
"120" 120 0.0255474452555 155 130 96 72 17 11 5 3 3 3 2 2 1 0 0 0 0 0 0 0
"121" 121 0.0 280 99 34 30 20 13 8 8 2 2 1 1 1 1 0 0 0 0 0 0
"122" 122 0.00380228136882 229 85 60 60 27 10 7 7 5 4 2 2 1 1 0 0 0 0 0 0
"123" 123 0.0 172 114 65 58 46 26 6 4 3 3 1 1 1 0 0 0 0 0 0 0
"124" 124 0.0755813953488 200 131 80 52 21 4 4 2 2 1 1 1 1 0 0 0 0 0 0 0
"125" 125 0.201923076923 500 0 0 0 0 0 0 0 0 0 0 0 0 0 0 0 0 0 0 0
"126" 126 0.331125827815 118 114 85 50 46 24 22 15 13 4 4 3 2 0 0 0 0 0 0 0
"127" 127 0.0 174 116 108 50 30 13 4 2 2 1 0 0 0 0 0 0 0 0 0 0
"128" 128 0.13475177305 271 74 52 51 18 11 7 7 2 2 1 1 1 1 1 0 0 0 0 0
"129" 129 0.485232067511 158 90 82 50 46 37 16 12 3 3 2 1 0 0 0 0 0 0 0 0
"130" 130 0.183035714286 418 31 20 9 8 4 2 2 2 1 1 1 1 0 0 0 0 0 0 0
"131" 131 0.0836501901141 304 112 64 7 5 3 2 1 1 1 0 0 0 0 0 0 0 0 0 0
"132" 132 0.471264367816 169 98 51 48 32 25 18 15 12 10 10 4 4 2 1 1 0 0 0 0
"133" 133 0.729957805907 211 150 84 22 14 5 4 3 3 2 1 1 0 0 0 0 0 0 0 0
"134" 134 0.552325581395 188 114 45 39 29 25 18 12 12 11 3 2 2 0 0 0 0 0 0 0
"135" 135 0.269230769231 422 22 21 16 9 9 1 0 0 0 0 0 0 0 0 0 0 0 0 0
"136" 136 0.168604651163 167 100 68 64 27 18 15 14 7 5 4 3 3 2 2 1 0 0 0 0
"137" 137 0.0 180 160 86 41 11 8 5 4 2 1 1 1 0 0 0 0 0 0 0 0
"138" 138 0.0382775119617 391 51 28 19 4 3 2 2 0 0 0 0 0 0 0 0 0 0 0 0
"139" 139 0.519230769231 411 69 8 4 3 2 1 1 1 0 0 0 0 0 0 0 0 0 0 0
"140" 140 0.268656716418 365 29 24 17 12 11 9 8 6 6 4 4 3 1 1 0 0 0 0 0
"141" 141 0.835443037975 179 134 36 35 33 33 20 14 6 4 3 1 1 1 0 0 0 0 0 0
"142" 142 0.161434977578 123 101 96 64 32 31 24 6 6 5 4 4 3 1 0 0 0 0 0 0
"143" 143 0.396226415094 229 159 36 34 14 11 9 6 1 1 0 0 0 0 0 0 0 0 0 0
"144" 144 0.883408071749 258 148 38 12 12 5 4 4 3 3 3 3 3 3 1 0 0 0 0 0
"145" 145 0.423076923077 500 0 0 0 0 0 0 0 0 0 0 0 0 0 0 0 0 0 0 0
"146" 146 0.0597014925373 159 85 59 46 39 29 26 23 14 7 6 3 2 1 1 0 0 0 0 0
"147" 147 0.506329113924 199 177 44 27 23 8 6 5 4 3 2 1 1 0 0 0 0 0 0 0
"148" 148 0.223214285714 149 147 47 35 34 32 16 11 9 5 5 3 3 2 1 1 0 0 0 0
"149" 149 0.0 386 29 24 18 15 10 9 3 3 2 1 0 0 0 0 0 0 0 0 0
"150" 150 0.286995515695 96 92 72 66 47 29 28 23 20 13 4 2 2 2 2 1 1 0 0 0
"151" 151 0.325892857143 198 145 63 44 14 12 12 5 4 3 0 0 0 0 0 0 0 0 0 0
"152" 152 0.0209205020921 243 146 57 21 15 7 4 3 2 1 1 0 0 0 0 0 0 0 0 0
"153" 153 0.610062893082 272 149 55 9 5 4 2 1 1 1 1 0 0 0 0 0 0 0 0 0
"154" 154 0.625 258 115 36 22 22 21 13 4 4 2 2 1 0 0 0 0 0 0 0 0
"155" 155 0.0880503144654 237 163 53 27 9 3 2 2 1 1 1 1 0 0 0 0 0 0 0 0
"156" 156 0.187817258883 142 117 56 55 37 28 25 23 8 7 1 1 0 0 0 0 0 0 0 0
"157" 157 0.0627615062762 187 111 85 70 19 17 3 2 2 2 1 1 0 0 0 0 0 0 0 0
"158" 158 0.0 457 9 8 8 7 5 2 1 1 1 1 0 0 0 0 0 0 0 0 0
"159" 159 0.0 180 112 93 57 28 16 9 2 2 1 0 0 0 0 0 0 0 0 0 0
"160" 160 0.00662251655629 128 104 87 57 28 26 22 14 12 6 4 3 2 2 2 1 1 1 0 0
"161" 161 0.18023255814 221 62 35 26 24 22 20 16 13 12 10 10 8 8 7 6 0 0 0 0
"162" 162 0.400843881857 464 14 7 5 3 2 2 1 1 1 0 0 0 0 0 0 0 0 0 0
"163" 163 0.647668393782 130 116 69 38 29 29 20 14 12 10 9 8 6 4 3 3 0 0 0 0
"164" 164 0.629464285714 109 77 67 66 47 47 37 21 12 10 4 1 1 1 0 0 0 0 0 0
"165" 165 0.328205128205 110 68 67 64 42 35 22 20 16 13 8 7 6 6 6 5 4 1 0 0
"166" 166 0.10152284264 309 43 35 29 29 12 10 9 7 6 4 2 2 2 1 0 0 0 0 0
"167" 167 0.245033112583 248 190 30 10 10 3 2 2 1 1 1 1 1 0 0 0 0 0 0 0
"168" 168 0.232704402516 178 82 68 44 37 22 13 12 12 10 9 7 2 2 1 1 0 0 0 0
"169" 169 0.519379844961 271 122 54 18 11 7 5 4 4 2 1 1 0 0 0 0 0 0 0 0
"170" 170 0.363228699552 128 79 78 60 47 30 27 12 10 8 5 4 4 3 3 2 0 0 0 0
"171" 171 0.0 258 107 46 32 15 13 13 7 2 2 2 1 1 1 0 0 0 0 0 0
"172" 172 0.131782945736 194 147 57 30 19 17 13 13 4 3 2 1 0 0 0 0 0 0 0 0
"173" 173 0.589285714286 196 77 67 57 29 27 12 11 8 5 4 4 2 1 0 0 0 0 0 0
"174" 174 0.402985074627 124 69 59 59 45 30 28 20 12 11 11 10 9 7 3 2 1 0 0 0
"175" 175 0.132183908046 123 70 54 51 41 37 28 28 20 12 10 8 8 7 1 1 1 0 0 0
"176" 176 0.298076923077 500 0 0 0 0 0 0 0 0 0 0 0 0 0 0 0 0 0 0 0
"177" 177 0.651785714286 199 97 61 25 25 24 19 15 13 12 3 3 2 1 1 0 0 0 0 0
"178" 178 0.580310880829 236 71 57 33 29 19 13 12 9 9 7 5 0 0 0 0 0 0 0 0
"179" 179 0.149253731343 159 110 69 53 30 27 10 9 7 7 6 5 3 3 1 1 0 0 0 0
"180" 180 0.0264900662252 222 79 56 44 27 18 16 10 10 6 6 2 2 1 1 0 0 0 0 0
"181" 181 0.631386861314 239 67 43 40 35 21 11 9 8 7 6 5 5 2 1 1 0 0 0 0
"182" 182 0.273722627737 200 95 85 46 23 12 11 8 5 5 4 3 3 0 0 0 0 0 0 0
"183" 183 0.0 81 76 67 57 55 54 35 34 17 10 7 2 2 1 1 1 0 0 0 0
"184" 184 0.131782945736 233 171 36 17 12 9 8 7 4 1 1 1 0 0 0 0 0 0 0 0
"185" 185 0.522321428571 119 115 63 62 43 35 18 14 11 7 6 3 2 1 1 0 0 0 0 0
"186" 186 0.149253731343 253 53 42 28 22 16 16 14 14 13 8 7 3 3 2 2 2 2 0 0
"187" 187 0.0 277 178 19 16 7 1 1 1 0 0 0 0 0 0 0 0 0 0 0 0
"188" 188 0.206896551724 149 139 104 32 24 14 10 8 6 5 4 3 2 0 0 0 0 0 0 0
"189" 189 0.485232067511 125 91 58 38 36 30 29 24 23 22 10 7 4 3 0 0 0 0 0 0
"190" 190 0.00497512437811 311 61 37 34 15 13 7 6 4 4 3 3 1 1 0 0 0 0 0 0
"191" 191 0.0 415 67 12 2 1 1 1 1 0 0 0 0 0 0 0 0 0 0 0 0
"192" 192 0.192052980132 113 99 94 87 23 19 14 11 9 7 7 7 3 3 3 1 0 0 0 0
"193" 193 0.341772151899 85 77 65 43 43 39 37 29 25 18 13 10 8 3 2 2 1 0 0 0
"194" 194 0.0 144 121 71 60 53 12 11 10 6 4 3 3 1 1 0 0 0 0 0 0
"195" 195 0.0675105485232 206 78 41 27 27 24 24 18 14 13 11 10 4 2 1 0 0 0 0 0
"196" 196 0.481865284974 196 105 53 40 35 33 12 6 6 5 3 2 2 1 1 0 0 0 0 0
"197" 197 0.167300380228 175 84 45 38 28 23 20 19 19 17 13 10 3 3 2 1 0 0 0 0
"198" 198 0.0 225 109 104 23 19 8 6 2 2 1 1 0 0 0 0 0 0 0 0 0
"199" 199 0.430379746835 161 152 60 42 25 11 8 6 6 6 5 3 3 3 3 3 2 1 0 0
"200" 200 0.544642857143 218 74 50 29 27 25 23 21 15 4 4 3 3 2 1 1 0 0 0 0
"201" 201 0.299578059072 128 92 67 59 44 40 35 14 7 5 4 3 1 1 0 0 0 0 0 0
"202" 202 0.307692307692 499 1 0 0 0 0 0 0 0 0 0 0 0 0 0 0 0 0 0 0
"203" 203 0.00507614213198 273 63 54 39 23 16 8 8 5 4 2 2 1 1 1 0 0 0 0 0
"204" 204 0.0152284263959 142 119 49 42 34 31 22 14 13 13 5 5 3 2 2 2 2 0 0 0
"205" 205 0.0 214 124 50 32 23 22 14 10 8 2 1 0 0 0 0 0 0 0 0 0
"206" 206 0.0 117 80 73 56 46 35 33 30 9 7 4 4 3 1 1 1 0 0 0 0
"207" 207 0.0569948186528 136 108 91 36 28 28 26 24 14 4 3 2 0 0 0 0 0 0 0 0
"208" 208 0.0116279069767 461 17 14 6 1 1 0 0 0 0 0 0 0 0 0 0 0 0 0 0
"209" 209 0.316455696203 98 67 67 66 57 46 35 26 17 5 4 3 3 2 2 2 0 0 0 0
"210" 210 0.00418410041841 305 87 73 24 4 3 2 1 1 0 0 0 0 0 0 0 0 0 0 0
"211" 211 0.209821428571 115 76 72 64 53 51 27 18 15 7 1 1 0 0 0 0 0 0 0 0
"212" 212 0.00418410041841 220 162 62 51 4 1 0 0 0 0 0 0 0 0 0 0 0 0 0 0
"213" 213 0.0288461538462 208 71 69 50 33 30 11 9 7 6 5 1 0 0 0 0 0 0 0 0
"214" 214 0.0761421319797 192 81 63 35 32 30 15 13 12 9 9 5 2 1 1 0 0 0 0 0
"215" 215 0.0725388601036 409 19 19 15 15 13 3 2 1 1 1 1 1 0 0 0 0 0 0 0
"216" 216 0.549107142857 115 73 62 58 56 39 34 18 18 12 7 3 3 2 0 0 0 0 0 0
"217" 217 0.751054852321 174 154 57 36 22 22 19 9 3 2 1 1 0 0 0 0 0 0 0 0
"218" 218 0.412790697674 132 81 58 49 48 42 20 19 15 13 11 8 3 1 0 0 0 0 0 0
"219" 219 0.482051282051 217 113 50 33 23 16 16 9 9 8 3 2 1 0 0 0 0 0 0 0
"220" 220 0.330357142857 91 84 59 56 47 39 32 24 16 13 10 9 9 5 4 2 0 0 0 0
"221" 221 0.0659898477157 183 134 56 26 20 17 16 15 13 6 4 3 2 2 2 1 0 0 0 0
"222" 222 0.0 211 170 25 23 22 21 10 5 3 3 2 2 1 1 1 0 0 0 0 0
"223" 223 0.0 242 209 28 7 4 3 2 2 1 1 1 0 0 0 0 0 0 0 0 0
"224" 224 0.0804597701149 241 174 40 20 10 5 4 3 2 1 0 0 0 0 0 0 0 0 0 0
"225" 225 0.165803108808 345 68 37 35 6 4 2 2 1 0 0 0 0 0 0 0 0 0 0 0
"226" 226 0.205357142857 275 54 41 24 16 14 14 13 13 9 7 7 5 4 2 1 1 0 0 0
"227" 227 0.0 162 84 81 58 55 43 7 4 2 1 1 1 1 0 0 0 0 0 0 0
"228" 228 0.0 287 112 43 25 16 10 3 2 1 1 0 0 0 0 0 0 0 0 0 0
"229" 229 0.0 445 29 14 7 3 1 1 0 0 0 0 0 0 0 0 0 0 0 0 0
"230" 230 0.0314465408805 288 97 34 33 28 7 4 3 2 2 1 1 0 0 0 0 0 0 0 0
"231" 231 0.217616580311 142 87 75 74 36 19 19 14 13 10 8 1 1 1 0 0 0 0 0 0
"232" 232 0.0927152317881 251 110 35 28 24 15 14 10 5 4 2 1 1 0 0 0 0 0 0 0
"233" 233 0.0728476821192 279 176 40 2 1 1 1 0 0 0 0 0 0 0 0 0 0 0 0 0
"234" 234 0.35401459854 126 125 37 37 35 35 27 27 12 12 10 6 5 4 2 0 0 0 0 0
"235" 235 0.00836820083682 185 136 45 29 25 15 14 13 9 8 7 6 3 2 2 1 0 0 0 0
"236" 236 0.0248226950355 220 77 33 28 22 22 22 16 13 11 9 9 6 4 3 3 2 0 0 0
"237" 237 0.369230769231 248 68 66 34 27 13 13 10 7 6 2 2 2 2 0 0 0 0 0 0
"238" 238 0.240384615385 262 54 50 36 19 17 17 15 9 8 6 3 2 2 0 0 0 0 0 0
"239" 239 0.767441860465 139 118 102 49 28 26 20 10 3 1 1 1 1 1 0 0 0 0 0 0
"240" 240 0.503311258278 134 82 62 59 48 43 22 13 12 11 5 4 2 2 1 0 0 0 0 0
"241" 241 0.25855513308 148 84 75 75 24 24 23 17 9 8 7 2 2 1 1 0 0 0 0 0
"242" 242 0.523206751055 185 85 57 46 39 23 19 16 11 10 3 3 1 1 1 0 0 0 0 0
"243" 243 0.327586206897 116 66 62 46 41 39 24 19 17 14 13 11 10 10 6 5 1 0 0 0
"244" 244 0.480769230769 500 0 0 0 0 0 0 0 0 0 0 0 0 0 0 0 0 0 0 0
"245" 245 0.339285714286 219 154 55 18 8 8 7 7 6 6 5 4 1 1 1 0 0 0 0 0
"246" 246 0.496688741722 274 61 50 31 21 18 12 10 6 6 4 2 2 2 1 0 0 0 0 0
"247" 247 0.0941704035874 166 86 61 49 42 25 21 12 10 8 5 5 4 4 2 0 0 0 0 0
"248" 248 0.564766839378 142 134 52 51 28 26 14 13 11 9 9 7 3 1 0 0 0 0 0 0
"249" 249 0.185430463576 349 82 19 12 8 6 6 5 4 3 3 2 1 0 0 0 0 0 0 0
"250" 250 0.12927756654 150 97 88 73 23 23 21 14 7 2 2 0 0 0 0 0 0 0 0 0
"251" 251 0.0155440414508 192 137 41 37 33 29 16 9 6 0 0 0 0 0 0 0 0 0 0 0
"252" 252 0.10970464135 289 46 38 25 21 20 19 14 10 9 4 3 1 1 0 0 0 0 0 0
"253" 253 0.14798206278 177 108 64 35 34 32 14 13 9 9 5 0 0 0 0 0 0 0 0 0
"254" 254 0.301255230126 112 76 71 48 31 27 23 23 23 22 16 12 5 4 3 2 1 1 0 0
"255" 255 0.0 115 68 60 58 43 37 33 26 21 17 7 4 4 3 2 2 0 0 0 0
"256" 256 0.346715328467 128 127 60 48 29 24 23 20 12 11 5 5 4 2 1 1 0 0 0 0
"257" 257 0.435233160622 105 90 64 57 47 33 26 23 16 14 13 7 4 1 0 0 0 0 0 0
"258" 258 0.216312056738 268 57 46 28 26 13 12 10 10 10 7 4 4 2 2 1 0 0 0 0
"259" 259 0.00497512437811 278 35 33 30 28 22 21 14 12 9 7 4 3 2 2 0 0 0 0 0
"260" 260 0.325581395349 135 101 101 57 42 13 9 8 7 6 6 6 4 2 2 1 0 0 0 0
"261" 261 0.596899224806 152 117 67 47 31 19 18 18 11 11 4 2 1 1 1 0 0 0 0 0
"262" 262 0.415384615385 106 105 82 67 60 29 16 12 12 5 3 1 1 1 0 0 0 0 0 0
"263" 263 0.713080168776 466 22 7 4 1 0 0 0 0 0 0 0 0 0 0 0 0 0 0 0
"264" 264 0.233830845771 287 44 40 30 28 18 13 11 11 4 3 3 3 2 2 1 0 0 0 0
"265" 265 0.338461538462 195 57 47 38 26 24 20 20 18 18 14 8 6 5 2 2 0 0 0 0
"266" 266 0.355769230769 484 6 4 4 2 0 0 0 0 0 0 0 0 0 0 0 0 0 0 0
"267" 267 0.35632183908 225 79 71 40 21 15 15 13 9 5 2 1 1 1 1 1 0 0 0 0
"268" 268 0.574358974359 102 95 75 58 30 25 25 20 18 14 11 7 6 5 4 4 1 0 0 0
"269" 269 0.432692307692 440 60 0 0 0 0 0 0 0 0 0 0 0 0 0 0 0 0 0 0
"270" 270 0.0632183908046 231 96 37 33 28 25 15 10 10 6 3 3 1 1 1 0 0 0 0 0
"271" 271 0.637130801688 125 123 47 43 31 28 24 21 13 11 11 9 7 4 2 1 0 0 0 0
"272" 272 0.0137614678899 342 35 25 19 19 14 9 8 5 5 5 4 4 2 2 2 0 0 0 0
"273" 273 0.314465408805 142 120 99 36 32 32 17 9 5 3 3 1 1 0 0 0 0 0 0 0
"274" 274 0.533632286996 230 82 42 40 36 28 14 12 11 2 2 1 0 0 0 0 0 0 0 0
"275" 275 0.642487046632 188 139 39 36 34 15 13 11 9 7 6 2 1 0 0 0 0 0 0 0
"276" 276 0.0659898477157 168 64 54 47 44 44 17 17 17 9 7 4 3 2 2 1 0 0 0 0
"277" 277 0.0229885057471 221 93 49 36 32 28 21 12 3 2 1 1 1 0 0 0 0 0 0 0
"278" 278 0.424870466321 132 104 79 49 39 34 29 15 11 7 1 0 0 0 0 0 0 0 0 0
"279" 279 0.467153284672 150 100 76 50 37 28 19 15 7 5 4 4 3 1 1 0 0 0 0 0
"280" 280 0.0 119 119 59 51 45 41 34 20 6 3 1 1 1 0 0 0 0 0 0 0
"281" 281 0.244525547445 193 136 97 19 15 14 7 6 3 3 2 2 2 1 0 0 0 0 0 0
"282" 282 0.387596899225 147 130 56 51 30 27 22 20 4 4 3 3 1 1 1 0 0 0 0 0
"283" 283 0.274261603376 126 100 79 59 40 26 22 15 12 9 5 4 1 1 1 0 0 0 0 0
"284" 284 0.00760456273764 188 117 42 37 19 18 18 17 16 9 7 5 5 1 1 0 0 0 0 0
"285" 285 0.137055837563 176 129 110 53 12 4 4 3 3 2 1 1 1 1 0 0 0 0 0 0
"286" 286 0.450892857143 186 99 87 61 28 18 5 5 5 2 2 1 1 0 0 0 0 0 0 0
"287" 287 0.0077519379845 156 67 55 46 31 27 24 23 18 18 14 11 7 2 1 0 0 0 0 0
"288" 288 0.0836501901141 350 101 17 14 9 3 2 2 2 0 0 0 0 0 0 0 0 0 0 0
"289" 289 0.191964285714 138 112 99 84 23 13 7 5 5 4 3 2 2 1 1 1 0 0 0 0
"290" 290 0.186046511628 136 57 47 46 40 37 33 30 25 19 11 10 3 2 2 1 1 0 0 0
"291" 291 0.0 340 68 40 14 11 6 5 4 3 2 2 2 1 1 1 0 0 0 0 0
"292" 292 0.104651162791 275 85 32 32 30 13 9 9 6 5 3 1 0 0 0 0 0 0 0 0
"293" 293 0.576923076923 488 5 3 3 1 0 0 0 0 0 0 0 0 0 0 0 0 0 0 0
"294" 294 0.384105960265 134 71 49 40 36 34 34 23 20 20 20 7 5 3 3 1 0 0 0 0
"295" 295 0.544303797468 159 95 41 32 26 25 24 23 19 18 11 10 7 6 4 0 0 0 0 0
"296" 296 0.145390070922 98 95 72 71 56 30 22 19 10 6 5 4 4 4 2 1 1 0 0 0
"297" 297 0.721854304636 375 96 12 11 3 1 1 1 0 0 0 0 0 0 0 0 0 0 0 0
"298" 298 0.708133971292 145 143 52 49 38 37 14 13 5 3 1 0 0 0 0 0 0 0 0 0
