"site" "RSA" "aa1" "aa2" "aa3" "aa4" "aa5" "aa6" "aa7" "aa8" "aa9" "aa10" "aa11" "aa12" "aa13" "aa14" "aa15" "aa16" "aa17" "aa18" "aa19" "aa20"
"0" 0 0.704641350211 361 62 34 11 8 6 6 5 3 2 2 0 0 0 0 0 0 0 0 0
"1" 1 0.0288461538462 499 1 0 0 0 0 0 0 0 0 0 0 0 0 0 0 0 0 0 0
"2" 2 0.105769230769 160 95 50 50 33 22 21 18 17 15 8 4 3 2 1 1 0 0 0 0
"3" 3 0.00574712643678 217 162 52 27 24 6 5 3 2 1 1 0 0 0 0 0 0 0 0 0
"4" 4 0.0203045685279 145 130 61 53 28 17 17 15 9 9 8 5 2 1 0 0 0 0 0 0
"5" 5 0.0 177 138 45 39 35 20 16 16 8 4 2 0 0 0 0 0 0 0 0 0
"6" 6 0.139896373057 195 77 75 32 27 24 21 13 10 10 7 4 3 1 1 0 0 0 0 0
"7" 7 0.0 373 107 16 3 1 0 0 0 0 0 0 0 0 0 0 0 0 0 0 0
"8" 8 0.333333333333 252 59 51 51 37 17 15 10 4 2 1 1 0 0 0 0 0 0 0 0
"9" 9 0.287179487179 176 125 109 74 7 2 2 2 2 1 0 0 0 0 0 0 0 0 0 0
"10" 10 0.201550387597 249 91 85 29 12 8 6 4 4 4 3 3 2 0 0 0 0 0 0 0
"11" 11 0.629464285714 224 157 27 20 20 17 12 8 6 3 3 2 1 0 0 0 0 0 0 0
"12" 12 0.143497757848 296 80 49 17 17 14 13 3 2 2 2 2 1 1 1 0 0 0 0 0
"13" 13 0.0 379 92 29 0 0 0 0 0 0 0 0 0 0 0 0 0 0 0 0 0
"14" 14 0.476793248945 273 91 56 37 30 6 2 2 2 1 0 0 0 0 0 0 0 0 0 0
"15" 15 0.152284263959 175 104 93 41 28 16 16 9 5 4 2 2 2 1 1 1 0 0 0 0
"16" 16 0.0 443 53 2 1 1 0 0 0 0 0 0 0 0 0 0 0 0 0 0 0
"17" 17 0.276785714286 192 120 62 30 26 19 13 11 9 8 3 3 2 1 1 0 0 0 0 0
"18" 18 0.410852713178 150 90 71 64 60 26 17 7 5 4 3 1 1 1 0 0 0 0 0 0
"19" 19 0.0387596899225 440 47 10 2 1 0 0 0 0 0 0 0 0 0 0 0 0 0 0 0
"20" 20 0.384615384615 500 0 0 0 0 0 0 0 0 0 0 0 0 0 0 0 0 0 0 0
"21" 21 0.0387596899225 403 90 5 2 0 0 0 0 0 0 0 0 0 0 0 0 0 0 0 0
"22" 22 0.413793103448 117 110 80 67 32 29 14 13 13 10 5 2 2 2 1 1 1 1 0 0
"23" 23 0.031007751938 275 120 52 32 17 2 1 1 0 0 0 0 0 0 0 0 0 0 0 0
"24" 24 0.0 298 109 61 25 3 3 1 0 0 0 0 0 0 0 0 0 0 0 0 0
"25" 25 0.0 232 82 54 42 27 16 14 14 8 4 3 3 1 0 0 0 0 0 0 0
"26" 26 0.015503875969 223 215 57 2 2 1 0 0 0 0 0 0 0 0 0 0 0 0 0 0
"27" 27 0.149253731343 187 77 62 46 43 24 22 12 9 9 4 2 1 1 1 0 0 0 0 0
"28" 28 0.647321428571 183 168 87 37 9 6 4 2 2 1 1 0 0 0 0 0 0 0 0 0
"29" 29 1.29807692308 236 158 30 29 24 13 7 3 0 0 0 0 0 0 0 0 0 0 0 0
"30" 30 0.653846153846 458 23 10 5 4 0 0 0 0 0 0 0 0 0 0 0 0 0 0 0
"31" 31 0.396551724138 156 87 57 54 28 25 23 22 20 13 6 5 2 1 1 0 0 0 0 0
"32" 32 0.302325581395 126 121 62 42 37 26 20 19 18 11 5 4 3 2 2 1 1 0 0 0
"33" 33 0.536496350365 455 32 4 2 2 1 1 1 1 1 0 0 0 0 0 0 0 0 0 0
"34" 34 0.224770642202 209 108 66 33 29 15 13 5 5 3 3 3 3 2 2 1 0 0 0 0
"35" 35 0.093023255814 127 119 84 77 42 16 11 8 7 7 2 0 0 0 0 0 0 0 0 0
"36" 36 0.378238341969 175 97 55 53 38 30 23 23 3 2 1 0 0 0 0 0 0 0 0 0
"37" 37 0.295597484277 98 67 67 63 43 40 31 20 18 17 13 10 10 2 1 0 0 0 0 0
"38" 38 0.540697674419 251 95 73 24 15 15 11 7 4 3 1 1 0 0 0 0 0 0 0 0
"39" 39 0.14367816092 94 91 86 57 32 31 28 24 18 13 8 7 3 3 2 2 1 0 0 0
"40" 40 0.0 183 105 56 51 38 18 16 6 6 6 5 4 4 1 1 0 0 0 0 0
"41" 41 0.415178571429 131 119 70 45 40 38 13 11 9 6 6 4 3 2 2 1 0 0 0 0
"42" 42 0.375 273 99 57 29 15 14 4 3 3 1 1 1 0 0 0 0 0 0 0 0
"43" 43 0.0 209 96 81 56 43 9 5 1 0 0 0 0 0 0 0 0 0 0 0 0
"44" 44 0.197247706422 154 137 66 50 21 21 13 12 8 6 4 3 2 1 1 1 0 0 0 0
"45" 45 0.723076923077 90 83 68 65 56 49 32 27 11 10 5 3 1 0 0 0 0 0 0 0
"46" 46 0.077519379845 447 20 14 6 4 4 3 2 0 0 0 0 0 0 0 0 0 0 0 0
"47" 47 0.0862068965517 297 101 77 19 5 1 0 0 0 0 0 0 0 0 0 0 0 0 0 0
"48" 48 0.788079470199 284 73 63 30 25 12 5 4 1 1 1 1 0 0 0 0 0 0 0 0
"49" 49 0.172588832487 292 61 60 33 13 9 9 8 4 4 2 2 2 1 0 0 0 0 0 0
"50" 50 0.364779874214 421 43 16 9 8 2 1 0 0 0 0 0 0 0 0 0 0 0 0 0
"51" 51 0.0172413793103 389 68 29 8 2 1 1 1 1 0 0 0 0 0 0 0 0 0 0 0
"52" 52 0.0275229357798 245 83 62 52 21 17 11 5 1 1 1 1 0 0 0 0 0 0 0 0
"53" 53 0.0077519379845 231 206 35 23 3 1 1 0 0 0 0 0 0 0 0 0 0 0 0 0
"54" 54 0.147679324895 184 180 56 35 13 12 10 4 2 1 1 1 1 0 0 0 0 0 0 0
"55" 55 0.0 283 108 70 31 6 2 0 0 0 0 0 0 0 0 0 0 0 0 0 0
"56" 56 0.142335766423 306 68 56 48 10 5 4 2 1 0 0 0 0 0 0 0 0 0 0 0
"57" 57 0.0913705583756 137 72 69 67 28 26 25 22 13 12 10 7 4 4 3 1 0 0 0 0
"58" 58 0.153846153846 500 0 0 0 0 0 0 0 0 0 0 0 0 0 0 0 0 0 0 0
"59" 59 0.234449760766 297 67 63 53 12 6 1 1 0 0 0 0 0 0 0 0 0 0 0 0
"60" 60 0.399239543726 340 83 23 14 12 8 7 5 3 3 1 1 0 0 0 0 0 0 0 0
"61" 61 0.505747126437 180 164 70 25 20 14 10 7 5 4 1 0 0 0 0 0 0 0 0 0
"62" 62 0.0401785714286 267 171 43 6 3 3 2 1 1 1 1 1 0 0 0 0 0 0 0 0
"63" 63 0.0 333 69 38 28 12 9 4 2 1 1 1 1 1 0 0 0 0 0 0 0
"64" 64 0.244525547445 181 174 40 35 19 13 11 8 5 5 4 3 1 1 0 0 0 0 0 0
"65" 65 0.310344827586 154 143 79 32 25 23 14 9 8 5 4 2 1 1 0 0 0 0 0 0
"66" 66 0.0 225 85 58 38 34 25 16 7 4 3 2 1 1 1 0 0 0 0 0 0
"67" 67 0.169642857143 94 83 71 71 41 40 24 22 16 13 9 6 4 4 2 0 0 0 0 0
"68" 68 0.68992248062 82 73 68 67 66 51 26 23 19 11 9 4 1 0 0 0 0 0 0 0
"69" 69 0.218905472637 133 94 67 64 28 26 16 15 14 12 11 10 3 3 2 1 1 0 0 0
"70" 70 0.403846153846 500 0 0 0 0 0 0 0 0 0 0 0 0 0 0 0 0 0 0 0
"71" 71 0.0459770114943 221 116 87 48 14 6 4 3 1 0 0 0 0 0 0 0 0 0 0 0
"72" 72 0.388601036269 260 118 39 22 20 9 8 7 7 6 3 1 0 0 0 0 0 0 0 0
"73" 73 0.178707224335 362 35 27 18 16 13 8 6 5 4 3 2 1 0 0 0 0 0 0 0
"74" 74 0.0 471 12 6 4 3 3 1 0 0 0 0 0 0 0 0 0 0 0 0 0
"75" 75 0.0103626943005 215 156 42 26 24 23 5 4 1 1 1 1 1 0 0 0 0 0 0 0
"76" 76 0.0133928571429 383 29 18 17 14 14 9 6 5 3 1 1 0 0 0 0 0 0 0 0
"77" 77 0.0 356 133 5 2 2 1 1 0 0 0 0 0 0 0 0 0 0 0 0 0
"78" 78 0.214285714286 116 98 89 73 64 16 15 7 6 4 4 3 3 1 1 0 0 0 0 0
"79" 79 0.385057471264 169 90 65 55 31 31 22 18 10 4 3 1 1 0 0 0 0 0 0 0
"80" 80 0.0995024875622 170 94 85 27 22 21 20 17 13 12 5 5 4 3 2 0 0 0 0 0
"81" 81 0.302325581395 221 60 40 39 33 27 17 15 14 9 8 8 8 1 0 0 0 0 0 0
"82" 82 0.314465408805 203 87 62 57 24 15 14 13 8 5 5 4 3 0 0 0 0 0 0 0
"83" 83 0.418604651163 156 116 90 45 24 20 12 12 11 6 5 2 1 0 0 0 0 0 0 0
"84" 84 0.274611398964 355 40 30 18 16 11 7 6 5 5 4 1 1 1 0 0 0 0 0 0
"85" 85 0.785714285714 150 130 70 40 28 25 11 10 10 9 8 6 1 1 1 0 0 0 0 0
"86" 86 0.678571428571 111 91 87 78 34 28 21 20 16 6 3 2 1 1 1 0 0 0 0 0
"87" 87 0.556485355649 87 83 73 65 44 35 24 22 18 17 13 11 6 2 0 0 0 0 0 0
"88" 88 0.248803827751 231 87 52 33 17 14 12 11 10 9 7 5 4 4 3 1 0 0 0 0
"89" 89 0.0253807106599 273 73 68 27 22 11 9 8 4 2 2 1 0 0 0 0 0 0 0 0
"90" 90 0.284974093264 455 9 8 7 4 4 4 2 2 2 1 1 1 0 0 0 0 0 0 0
"91" 91 0.0210970464135 101 93 83 71 46 25 22 17 13 9 7 6 3 2 1 1 0 0 0 0
"92" 92 0.587591240876 200 119 59 39 38 19 10 6 4 3 2 1 0 0 0 0 0 0 0 0
"93" 93 0.457399103139 194 84 81 56 30 24 20 7 3 1 0 0 0 0 0 0 0 0 0 0
"94" 94 0.0753138075314 450 25 16 2 2 2 1 1 1 0 0 0 0 0 0 0 0 0 0 0
"95" 95 0.761627906977 205 85 81 57 40 16 8 4 4 0 0 0 0 0 0 0 0 0 0 0
"96" 96 0.0689655172414 216 135 98 16 7 6 5 5 4 3 2 1 1 1 0 0 0 0 0 0
"97" 97 0.251572327044 214 185 27 20 19 9 8 6 4 3 2 2 1 0 0 0 0 0 0 0
"98" 98 0.00418410041841 303 179 13 2 2 1 0 0 0 0 0 0 0 0 0 0 0 0 0 0
"99" 99 0.0 261 143 29 19 16 9 9 7 4 1 1 1 0 0 0 0 0 0 0 0
"100" 100 0.0126582278481 237 113 106 20 17 2 2 1 1 1 0 0 0 0 0 0 0 0 0 0
"101" 101 0.0384615384615 271 91 71 14 11 11 10 10 4 2 2 2 1 0 0 0 0 0 0 0
"102" 102 0.00632911392405 271 175 16 16 9 5 5 2 1 0 0 0 0 0 0 0 0 0 0 0
"103" 103 0.441605839416 161 90 85 54 30 28 17 17 10 6 1 1 0 0 0 0 0 0 0 0
"104" 104 0.269430051813 197 114 60 40 36 30 7 6 4 3 1 1 1 0 0 0 0 0 0 0
"105" 105 0.0 156 125 121 53 22 6 4 3 3 2 2 1 1 1 0 0 0 0 0 0
"106" 106 0.0 385 51 51 6 2 2 2 1 0 0 0 0 0 0 0 0 0 0 0 0
"107" 107 0.0401785714286 239 56 50 34 34 33 32 13 2 2 2 1 1 1 0 0 0 0 0 0
"108" 108 0.0 174 112 107 50 24 19 4 3 2 1 1 1 1 1 0 0 0 0 0 0
"109" 109 0.0 240 90 73 63 11 6 6 5 2 2 1 1 0 0 0 0 0 0 0 0
"110" 110 0.332116788321 216 202 29 20 16 8 4 2 1 1 1 0 0 0 0 0 0 0 0 0
"111" 111 0.0620437956204 182 171 50 34 23 16 11 5 4 2 1 1 0 0 0 0 0 0 0 0
"112" 112 0.142131979695 167 84 62 54 49 30 16 14 8 4 3 2 2 2 1 1 1 0 0 0
"113" 113 0.387596899225 180 157 72 26 25 14 9 6 5 2 2 1 1 0 0 0 0 0 0 0
"114" 114 0.178571428571 151 96 58 50 32 22 21 18 14 13 10 8 3 3 1 0 0 0 0 0
"115" 115 0.192307692308 500 0 0 0 0 0 0 0 0 0 0 0 0 0 0 0 0 0 0 0
"116" 116 0.046511627907 251 243 6 0 0 0 0 0 0 0 0 0 0 0 0 0 0 0 0 0
"117" 117 0.370860927152 197 197 29 25 20 15 7 5 3 1 1 0 0 0 0 0 0 0 0 0
"118" 118 0.0366972477064 193 131 94 49 11 10 6 4 2 0 0 0 0 0 0 0 0 0 0 0
"119" 119 0.0 428 43 12 6 5 3 1 1 1 0 0 0 0 0 0 0 0 0 0 0
"120" 120 0.0474452554745 270 160 41 18 6 2 1 1 1 0 0 0 0 0 0 0 0 0 0 0
"121" 121 0.00581395348837 272 221 3 2 1 1 0 0 0 0 0 0 0 0 0 0 0 0 0 0
"122" 122 0.160337552743 251 90 67 36 20 14 7 6 4 2 2 1 0 0 0 0 0 0 0 0
"123" 123 0.115384615385 500 0 0 0 0 0 0 0 0 0 0 0 0 0 0 0 0 0 0 0
"124" 124 0.375 271 107 85 15 6 6 4 3 2 1 0 0 0 0 0 0 0 0 0 0
"125" 125 0.459119496855 182 93 64 43 42 35 10 6 5 5 5 3 3 2 2 0 0 0 0 0
"126" 126 0.836538461538 494 6 0 0 0 0 0 0 0 0 0 0 0 0 0 0 0 0 0 0
"127" 127 0.406976744186 258 66 51 40 28 22 13 5 4 4 3 3 1 1 1 0 0 0 0 0
"128" 128 0.442307692308 280 149 21 15 13 5 5 4 4 3 1 0 0 0 0 0 0 0 0 0
"129" 129 0.389743589744 315 54 41 37 24 13 6 5 3 1 1 0 0 0 0 0 0 0 0 0
"130" 130 0.126903553299 278 128 49 17 7 6 2 2 2 2 2 2 1 1 1 0 0 0 0 0
"131" 131 0.362068965517 183 82 80 74 36 13 13 8 5 2 2 1 1 0 0 0 0 0 0 0
"132" 132 0.21875 199 71 64 48 34 30 22 8 7 7 5 2 1 1 1 0 0 0 0 0
"133" 133 0.0 383 98 13 4 1 1 0 0 0 0 0 0 0 0 0 0 0 0 0 0
"134" 134 0.172413793103 175 166 36 30 24 15 13 10 9 9 4 4 2 2 1 0 0 0 0 0
"135" 135 0.503649635036 142 127 117 41 23 18 11 8 6 4 1 1 1 0 0 0 0 0 0 0
"136" 136 0.0574162679426 365 68 33 26 7 1 0 0 0 0 0 0 0 0 0 0 0 0 0 0
"137" 137 0.0 153 92 84 58 33 29 21 11 9 8 1 1 0 0 0 0 0 0 0 0
"138" 138 0.547445255474 173 118 74 42 34 21 12 7 6 4 3 2 2 1 1 0 0 0 0 0
"139" 139 0.438818565401 167 132 74 42 33 16 9 8 6 5 4 2 1 1 0 0 0 0 0 0
"140" 140 0.00574712643678 270 101 29 27 17 17 14 9 4 3 3 3 1 1 1 0 0 0 0 0
"141" 141 0.102564102564 143 65 54 44 42 34 31 28 20 15 11 7 2 2 1 1 0 0 0 0
"142" 142 0.403100775194 110 94 75 65 36 30 24 16 16 11 8 7 5 1 1 1 0 0 0 0
"143" 143 0.112107623318 121 92 85 59 35 34 24 16 12 9 7 3 2 1 0 0 0 0 0 0
"144" 144 0.0609137055838 189 64 59 57 32 29 19 13 11 8 7 5 3 2 1 1 0 0 0 0
"145" 145 0.532846715328 108 103 85 67 29 26 25 21 18 8 5 4 1 0 0 0 0 0 0 0
"146" 146 0.455696202532 129 101 80 47 39 35 20 16 13 13 3 2 1 1 0 0 0 0 0 0
"147" 147 0.0 123 98 84 48 45 31 27 19 10 6 4 2 1 1 1 0 0 0 0 0
"148" 148 0.281609195402 107 105 54 44 43 41 25 17 16 9 9 9 7 6 5 2 1 0 0 0
"149" 149 0.748717948718 217 81 68 47 41 25 7 5 3 3 2 1 0 0 0 0 0 0 0 0
"150" 150 0.0871559633028 192 75 58 55 31 23 22 12 8 6 6 5 4 2 1 0 0 0 0 0
"151" 151 0.384105960265 144 106 78 46 40 31 25 9 9 3 2 2 2 1 1 1 0 0 0 0
"152" 152 0.446428571429 239 44 32 31 29 25 20 19 14 14 11 9 5 4 2 2 0 0 0 0
"153" 153 0.704663212435 135 86 80 80 38 30 29 11 7 2 2 0 0 0 0 0 0 0 0 0
"154" 154 0.477678571429 164 134 72 50 31 26 7 6 5 3 1 1 0 0 0 0 0 0 0 0
"155" 155 0.0 352 43 21 15 14 11 9 9 7 5 5 4 2 1 1 1 0 0 0 0
"156" 156 0.48275862069 290 62 28 19 19 17 17 16 12 9 7 2 1 1 0 0 0 0 0 0
"157" 157 0.53488372093 251 54 53 49 47 17 6 6 5 5 3 2 1 1 0 0 0 0 0 0
"158" 158 0.116071428571 153 111 56 37 27 26 18 17 15 12 8 8 4 3 3 1 1 0 0 0
"159" 159 0.0387596899225 471 14 13 1 1 0 0 0 0 0 0 0 0 0 0 0 0 0 0 0
"160" 160 0.776371308017 290 72 37 25 25 15 13 12 6 2 1 1 1 0 0 0 0 0 0 0
"161" 161 0.717488789238 171 98 89 39 26 26 17 10 10 7 2 2 1 1 1 0 0 0 0 0
"162" 162 0.129353233831 207 113 56 40 24 16 14 8 7 4 3 3 2 2 1 0 0 0 0 0
"163" 163 0.365384615385 322 177 1 0 0 0 0 0 0 0 0 0 0 0 0 0 0 0 0 0
"164" 164 0.100775193798 354 130 15 1 0 0 0 0 0 0 0 0 0 0 0 0 0 0 0 0
"165" 165 0.276729559748 241 95 66 21 16 15 11 10 7 6 6 4 1 1 0 0 0 0 0 0
"166" 166 0.206896551724 133 91 63 44 43 40 22 21 13 8 6 5 4 3 3 1 0 0 0 0
"167" 167 0.549107142857 177 86 67 59 36 26 25 13 4 3 3 1 0 0 0 0 0 0 0 0
"168" 168 0.0804597701149 182 65 60 49 30 28 23 19 16 7 6 4 4 4 2 1 0 0 0 0
"169" 169 0.0 231 67 50 38 30 27 21 17 6 4 4 4 1 0 0 0 0 0 0 0
"170" 170 0.328467153285 201 72 61 61 46 25 7 5 5 4 3 3 2 2 2 1 0 0 0 0
"171" 171 0.299107142857 219 153 74 22 18 6 3 2 2 1 0 0 0 0 0 0 0 0 0 0
"172" 172 0.0 141 112 62 36 36 32 27 23 14 9 3 2 1 1 1 0 0 0 0 0
"173" 173 0.20253164557 137 88 80 44 32 24 20 20 20 8 7 6 5 4 4 1 0 0 0 0
"174" 174 0.605839416058 151 90 60 55 40 32 28 15 7 7 6 5 4 0 0 0 0 0 0 0
"175" 175 0.358208955224 160 151 60 38 16 15 13 12 10 9 7 6 2 1 0 0 0 0 0 0
"176" 176 0.375 489 5 3 2 1 0 0 0 0 0 0 0 0 0 0 0 0 0 0 0
"177" 177 0.357664233577 198 137 77 45 28 10 2 2 1 0 0 0 0 0 0 0 0 0 0 0
"178" 178 0.0199004975124 183 172 114 18 5 4 3 1 0 0 0 0 0 0 0 0 0 0 0 0
"179" 179 0.295597484277 181 179 66 22 13 12 9 6 4 3 2 1 1 1 0 0 0 0 0 0
"180" 180 0.126436781609 214 175 54 18 12 11 5 5 3 2 1 0 0 0 0 0 0 0 0 0
"181" 181 0.35632183908 282 86 50 32 19 10 6 5 4 3 1 1 1 0 0 0 0 0 0 0
"182" 182 0.0153846153846 155 135 69 56 29 25 8 6 6 5 4 1 1 0 0 0 0 0 0 0
"183" 183 0.071129707113 300 115 33 28 10 4 4 2 2 1 1 0 0 0 0 0 0 0 0 0
"184" 184 0.0 421 67 6 2 1 1 1 1 0 0 0 0 0 0 0 0 0 0 0 0
"185" 185 0.0697674418605 271 74 74 50 11 6 5 3 2 2 1 1 0 0 0 0 0 0 0 0
"186" 186 0.105769230769 500 0 0 0 0 0 0 0 0 0 0 0 0 0 0 0 0 0 0 0
"187" 187 0.125 499 1 0 0 0 0 0 0 0 0 0 0 0 0 0 0 0 0 0 0
"188" 188 0.0804597701149 117 90 88 70 55 45 14 9 7 3 2 0 0 0 0 0 0 0 0 0
"189" 189 0.273255813953 340 57 37 19 13 11 6 4 4 3 2 2 1 1 0 0 0 0 0 0
"190" 190 0.331395348837 240 98 53 23 21 13 13 12 12 7 6 2 0 0 0 0 0 0 0 0
"191" 191 0.0377358490566 253 138 56 28 19 3 2 1 0 0 0 0 0 0 0 0 0 0 0 0
"192" 192 0.37984496124 186 90 63 39 35 20 17 16 13 10 7 2 1 1 0 0 0 0 0 0
"193" 193 0.150259067358 211 199 30 22 11 11 4 4 3 2 1 1 1 0 0 0 0 0 0 0
"194" 194 0.0 216 172 82 12 10 4 3 1 0 0 0 0 0 0 0 0 0 0 0 0
"195" 195 0.0542635658915 452 36 3 2 2 2 1 1 1 0 0 0 0 0 0 0 0 0 0 0
"196" 196 0.318407960199 194 109 73 28 27 25 13 8 7 4 4 3 2 2 1 0 0 0 0 0
"197" 197 0.0 281 104 47 29 15 12 5 4 2 1 0 0 0 0 0 0 0 0 0 0
"198" 198 0.0183486238532 478 6 4 4 3 2 1 1 1 0 0 0 0 0 0 0 0 0 0 0
"199" 199 0.526315789474 140 114 84 61 48 23 14 5 4 2 2 1 1 1 0 0 0 0 0 0
"200" 200 0.044776119403 259 42 38 32 22 18 17 17 17 13 13 8 3 1 0 0 0 0 0 0
"201" 201 0.336538461538 500 0 0 0 0 0 0 0 0 0 0 0 0 0 0 0 0 0 0 0
"202" 202 0.0 263 236 1 0 0 0 0 0 0 0 0 0 0 0 0 0 0 0 0 0
"203" 203 0.0880829015544 457 17 8 7 3 3 1 1 1 1 1 0 0 0 0 0 0 0 0 0
"204" 204 0.0 500 0 0 0 0 0 0 0 0 0 0 0 0 0 0 0 0 0 0 0
"205" 205 0.0 228 157 88 10 10 7 0 0 0 0 0 0 0 0 0 0 0 0 0 0
"206" 206 0.0585774058577 331 51 34 24 22 21 7 2 2 2 2 1 1 0 0 0 0 0 0 0
"207" 207 0.0344827586207 129 100 96 85 49 13 12 8 4 1 1 1 1 0 0 0 0 0 0 0
"208" 208 0.269230769231 222 103 73 41 37 22 2 0 0 0 0 0 0 0 0 0 0 0 0 0
"209" 209 0.298013245033 136 106 99 58 40 28 16 9 5 2 1 0 0 0 0 0 0 0 0 0
"210" 210 0.307692307692 132 127 48 43 40 32 30 14 10 9 8 4 1 1 1 0 0 0 0 0
"211" 211 0.0253807106599 161 81 46 43 43 35 34 26 17 4 3 2 2 2 1 0 0 0 0 0
"212" 212 0.146443514644 175 111 57 38 38 26 13 12 8 7 7 3 2 2 1 0 0 0 0 0
"213" 213 0.679324894515 197 96 61 56 42 17 9 8 5 4 3 1 1 0 0 0 0 0 0 0
"214" 214 0.172185430464 160 124 74 40 26 24 13 11 8 7 7 5 1 0 0 0 0 0 0 0
"215" 215 0.821428571429 123 91 80 70 56 30 25 19 3 2 1 0 0 0 0 0 0 0 0 0
"216" 216 0.415384615385 209 131 41 26 23 21 18 16 6 4 3 1 1 0 0 0 0 0 0 0
"217" 217 0.176100628931 270 103 54 21 10 9 8 7 7 4 4 2 1 0 0 0 0 0 0 0
"218" 218 0.290178571429 252 127 43 26 17 17 7 6 3 1 1 0 0 0 0 0 0 0 0 0
"219" 219 0.438818565401 133 92 82 49 43 21 20 19 16 12 6 4 1 1 1 0 0 0 0 0
"220" 220 0.148288973384 167 106 61 55 25 23 17 13 10 10 5 3 3 2 0 0 0 0 0 0
"221" 221 0.0 186 108 63 50 27 16 11 10 9 9 5 3 3 0 0 0 0 0 0 0
"222" 222 0.481751824818 236 139 43 35 28 7 4 3 3 1 1 0 0 0 0 0 0 0 0 0
"223" 223 0.0542635658915 287 109 28 24 15 11 10 8 5 1 1 1 0 0 0 0 0 0 0 0
"224" 224 0.00507614213198 167 122 72 34 26 20 12 12 8 6 5 5 5 2 2 1 1 0 0 0
"225" 225 0.0977011494253 171 95 88 82 13 12 10 9 9 9 1 1 0 0 0 0 0 0 0 0
"226" 226 0.433035714286 245 118 35 34 32 16 6 4 4 3 1 1 1 0 0 0 0 0 0 0
"227" 227 0.0 440 35 23 1 1 0 0 0 0 0 0 0 0 0 0 0 0 0 0 0
"228" 228 0.0 203 180 64 20 14 14 3 1 1 0 0 0 0 0 0 0 0 0 0 0
"229" 229 0.354651162791 135 118 90 54 37 25 22 7 5 4 1 1 1 0 0 0 0 0 0 0
"230" 230 0.282296650718 275 127 45 27 6 5 4 3 3 3 2 0 0 0 0 0 0 0 0 0
"231" 231 0.19391634981 298 165 14 8 7 4 2 1 1 0 0 0 0 0 0 0 0 0 0 0
"232" 232 0.553571428571 235 60 60 58 25 25 22 4 2 2 2 2 2 1 0 0 0 0 0 0
"233" 233 0.388601036269 265 86 39 24 20 17 10 9 8 8 6 4 2 1 1 0 0 0 0 0
"234" 234 0.543726235741 181 86 46 43 42 36 20 18 11 9 3 2 1 1 1 0 0 0 0 0
"235" 235 0.714285714286 158 112 58 50 32 31 30 15 6 5 3 0 0 0 0 0 0 0 0 0
"236" 236 0.223880597015 294 58 43 38 23 13 7 5 5 4 4 2 1 1 1 1 0 0 0 0
"237" 237 0.0609137055838 346 78 13 12 11 10 8 8 4 3 3 2 2 0 0 0 0 0 0 0
"238" 238 0.410852713178 128 70 68 62 36 27 26 24 18 16 15 7 2 1 0 0 0 0 0 0
"239" 239 0.583732057416 157 138 63 47 19 18 16 16 11 10 5 0 0 0 0 0 0 0 0 0
"240" 240 0.164179104478 326 87 37 26 7 4 4 2 2 2 1 1 1 0 0 0 0 0 0 0
"241" 241 0.403973509934 132 120 88 58 29 29 14 11 7 6 2 2 1 1 0 0 0 0 0 0
"242" 242 0.607594936709 291 56 48 31 18 15 9 7 7 5 5 4 3 1 0 0 0 0 0 0
"243" 243 0.596153846154 396 104 0 0 0 0 0 0 0 0 0 0 0 0 0 0 0 0 0 0
"244" 244 0.691542288557 161 103 96 33 32 21 21 11 7 4 3 3 3 2 0 0 0 0 0 0
