"site" "RSA" "aa1" "aa2" "aa3" "aa4" "aa5" "aa6" "aa7" "aa8" "aa9" "aa10" "aa11" "aa12" "aa13" "aa14" "aa15" "aa16" "aa17" "aa18" "aa19" "aa20"
"0" 0 0.5 443 31 16 4 2 2 1 1 0 0 0 0 0 0 0 0 0 0 0 0
"1" 1 0.630769230769 119 98 81 78 49 46 16 5 4 2 1 1 0 0 0 0 0 0 0 0
"2" 2 0.649746192893 116 92 59 52 41 33 29 28 19 18 6 5 2 0 0 0 0 0 0 0
"3" 3 0.092050209205 140 98 69 47 29 29 23 16 12 12 7 7 4 3 2 2 0 0 0 0
"4" 4 0.0397350993377 154 126 55 39 38 26 18 14 12 6 3 3 2 2 1 1 0 0 0 0
"5" 5 0.456953642384 165 64 55 44 36 34 33 32 11 10 10 2 2 1 1 0 0 0 0 0
"6" 6 0.0733944954128 130 83 47 46 43 35 26 24 19 14 11 8 7 4 3 0 0 0 0 0
"7" 7 0.0167364016736 175 63 60 45 32 24 21 17 14 11 8 8 7 6 4 3 2 0 0 0
"8" 8 0.378238341969 120 99 81 48 36 25 22 19 15 9 8 6 6 5 1 0 0 0 0 0
"9" 9 0.430379746835 143 87 64 63 41 22 21 14 12 11 9 7 4 1 1 0 0 0 0 0
"10" 10 0.0298507462687 300 101 39 16 16 7 7 4 3 2 2 2 1 0 0 0 0 0 0 0
"11" 11 0.63475177305 170 68 49 35 35 27 21 21 21 16 10 6 6 5 5 3 2 0 0 0
"12" 12 0.615384615385 500 0 0 0 0 0 0 0 0 0 0 0 0 0 0 0 0 0 0 0
"13" 13 0.172185430464 216 161 28 19 19 17 13 6 6 4 4 2 1 1 1 1 1 0 0 0
"14" 14 0.805128205128 125 97 95 84 38 20 18 7 7 5 3 1 0 0 0 0 0 0 0 0
"15" 15 0.227848101266 71 66 65 63 38 30 28 27 24 20 16 11 10 9 9 6 5 2 0 0
"16" 16 0.504464285714 106 62 45 39 39 37 35 31 30 16 15 13 11 8 8 3 1 1 0 0
"17" 17 0.0348258706468 157 79 60 46 37 21 21 20 17 12 8 8 5 3 3 1 1 1 0 0
"18" 18 0.138686131387 107 103 92 49 34 26 25 21 9 9 8 8 4 3 1 1 0 0 0 0
"19" 19 0.010152284264 290 53 38 35 30 21 10 7 6 5 3 2 0 0 0 0 0 0 0 0
"20" 20 0.00497512437811 264 77 60 21 16 15 9 6 6 6 6 3 3 3 2 1 1 1 0 0
"21" 21 0.0152284263959 406 39 12 10 5 5 5 4 3 3 3 2 1 1 1 0 0 0 0 0
"22" 22 0.0 207 81 37 32 28 27 24 19 15 13 7 5 2 1 1 1 0 0 0 0
"23" 23 0.0 500 0 0 0 0 0 0 0 0 0 0 0 0 0 0 0 0 0 0 0
"24" 24 0.0696517412935 137 127 105 29 21 13 13 10 9 9 8 6 4 3 3 1 1 1 0 0
"25" 25 0.424870466321 229 71 38 27 24 23 20 16 11 11 9 5 5 4 3 2 2 0 0 0
"26" 26 0.413461538462 423 70 6 1 0 0 0 0 0 0 0 0 0 0 0 0 0 0 0 0
"27" 27 0.0077519379845 245 98 90 20 17 17 8 4 1 0 0 0 0 0 0 0 0 0 0 0
"28" 28 0.134615384615 490 9 1 0 0 0 0 0 0 0 0 0 0 0 0 0 0 0 0 0
"29" 29 0.0210970464135 173 115 55 41 35 18 15 11 10 9 6 6 3 3 0 0 0 0 0 0
"30" 30 0.372093023256 164 84 67 47 47 35 22 9 6 6 4 3 3 2 1 0 0 0 0 0
"31" 31 0.389534883721 82 73 61 60 59 54 27 17 14 14 11 9 8 5 4 2 0 0 0 0
"32" 32 0.010152284264 289 56 38 26 25 19 12 9 8 6 5 3 2 1 1 0 0 0 0 0
"33" 33 0.0 200 122 122 22 8 7 4 3 3 2 2 2 1 1 1 0 0 0 0 0
"34" 34 0.456273764259 92 85 62 56 51 49 30 21 20 10 9 4 4 4 3 0 0 0 0 0
"35" 35 0.335766423358 77 53 49 47 47 44 35 30 29 29 27 11 9 8 2 2 1 0 0 0
"36" 36 0.0149253731343 261 51 46 43 26 23 22 10 9 4 2 1 1 1 0 0 0 0 0 0
"37" 37 0.636771300448 351 73 39 19 10 4 2 1 1 0 0 0 0 0 0 0 0 0 0 0
"38" 38 0.0812182741117 118 74 64 53 47 40 31 31 11 10 6 3 3 3 2 2 1 1 0 0
"39" 39 0.5 500 0 0 0 0 0 0 0 0 0 0 0 0 0 0 0 0 0 0 0
"40" 40 0.285714285714 113 90 81 60 40 39 25 21 7 6 5 4 3 2 2 1 1 0 0 0
"41" 41 0.281609195402 127 99 52 27 27 26 26 22 20 17 15 13 10 8 4 3 3 1 0 0
"42" 42 0.494252873563 205 87 40 30 30 28 27 16 9 8 6 6 5 2 1 0 0 0 0 0
"43" 43 0.517441860465 81 71 71 54 47 33 31 24 21 18 13 9 8 7 5 4 2 1 0 0
"44" 44 0.360465116279 142 106 71 35 29 22 21 21 20 13 7 5 3 2 2 1 0 0 0 0
"45" 45 0.261603375527 124 60 55 52 45 45 30 26 16 11 11 10 4 3 3 3 2 0 0 0
"46" 46 0.471698113208 176 85 83 31 28 24 16 16 12 7 7 5 3 3 2 2 0 0 0 0
"47" 47 0.31976744186 198 96 43 29 28 17 17 12 11 11 10 9 7 4 4 4 0 0 0 0
"48" 48 0.761421319797 194 83 78 77 37 13 9 5 2 1 1 0 0 0 0 0 0 0 0 0
"49" 49 0.625 373 126 1 0 0 0 0 0 0 0 0 0 0 0 0 0 0 0 0 0
"50" 50 0.0376569037657 109 101 64 44 44 40 32 14 10 7 7 6 6 6 3 3 3 1 0 0
"51" 51 0.533333333333 117 56 55 50 37 30 27 22 21 21 17 15 9 9 7 6 1 0 0 0
"52" 52 0.0 70 69 58 58 36 35 34 32 29 24 18 12 10 9 4 2 0 0 0 0
"53" 53 0.107142857143 92 81 52 41 41 37 36 27 23 16 12 11 11 9 6 4 1 0 0 0
"54" 54 0.110465116279 117 95 60 54 51 45 19 12 12 11 10 6 4 2 1 1 0 0 0 0
"55" 55 0.0149253731343 108 90 59 44 30 26 25 24 24 20 14 12 12 4 3 3 2 0 0 0
"56" 56 0.298013245033 115 99 74 34 30 29 25 22 19 18 10 8 7 4 3 3 0 0 0 0
"57" 57 0.133079847909 150 118 55 47 31 24 22 12 12 10 6 5 4 1 1 1 1 0 0 0
"58" 58 0.240506329114 116 112 99 44 28 23 22 21 12 10 5 4 4 0 0 0 0 0 0 0
"59" 59 0.123076923077 456 36 2 2 2 1 1 0 0 0 0 0 0 0 0 0 0 0 0 0
"60" 60 0.0149253731343 169 146 53 26 21 20 15 12 9 7 5 4 4 4 2 1 1 1 0 0
"61" 61 0.223628691983 79 73 69 67 56 56 21 21 15 11 10 7 6 4 3 2 0 0 0 0
"62" 62 0.0298507462687 320 110 19 19 13 6 4 4 2 1 1 1 0 0 0 0 0 0 0 0
"63" 63 0.0 145 63 61 47 46 28 20 17 17 14 13 13 6 5 3 2 0 0 0 0
"64" 64 0.0287356321839 317 42 34 32 24 17 14 13 3 2 1 1 0 0 0 0 0 0 0 0
"65" 65 0.0141843971631 252 95 66 40 13 9 9 5 4 3 1 1 1 1 0 0 0 0 0 0
"66" 66 0.40932642487 110 49 49 42 39 38 34 33 25 21 17 16 12 7 2 2 2 1 1 0
"67" 67 0.0248756218905 273 32 28 26 22 21 21 19 16 13 10 7 5 3 2 1 1 0 0 0
"68" 68 0.951923076923 438 55 4 1 1 1 0 0 0 0 0 0 0 0 0 0 0 0 0 0
"69" 69 0.390862944162 107 92 86 69 54 19 18 14 13 12 5 5 3 2 1 0 0 0 0 0
"70" 70 0.328467153285 190 87 45 39 26 23 19 19 14 8 6 6 5 4 3 3 2 1 0 0
"71" 71 0.698113207547 210 169 50 42 12 7 7 2 1 0 0 0 0 0 0 0 0 0 0 0
"72" 72 0.110266159696 157 58 52 47 27 26 26 23 19 15 15 15 9 4 4 2 1 0 0 0
"73" 73 0.031914893617 223 74 51 28 27 24 22 19 10 9 5 2 2 1 1 1 1 0 0 0
"74" 74 0.120437956204 142 80 69 53 33 28 22 18 15 14 7 7 6 4 1 1 0 0 0 0
"75" 75 0.588607594937 130 76 74 59 41 30 24 16 16 10 5 5 5 5 2 1 1 0 0 0
"76" 76 0.110266159696 145 74 66 43 42 40 30 16 10 9 6 6 5 4 4 0 0 0 0 0
"77" 77 0.00760456273764 168 73 66 55 37 21 18 18 16 11 9 5 1 1 1 0 0 0 0 0
"78" 78 0.550387596899 174 140 40 37 33 22 19 11 9 5 2 2 2 2 2 0 0 0 0 0
"79" 79 0.305699481865 163 72 62 58 31 25 24 20 19 12 5 5 2 2 0 0 0 0 0 0
"80" 80 0.0813953488372 192 131 68 35 34 17 8 6 4 2 1 1 1 0 0 0 0 0 0 0
"81" 81 0.147286821705 102 83 67 57 47 26 18 17 14 13 12 11 11 8 7 5 1 1 0 0
"82" 82 0.0 347 91 53 4 4 1 0 0 0 0 0 0 0 0 0 0 0 0 0 0
"83" 83 0.0747126436782 138 114 83 41 34 33 16 13 12 7 4 2 2 1 0 0 0 0 0 0
"84" 84 0.0203045685279 397 35 20 13 8 7 6 4 4 2 1 1 1 1 0 0 0 0 0 0
"85" 85 0.00418410041841 148 144 133 20 17 11 9 6 6 2 2 1 1 0 0 0 0 0 0 0
"86" 86 0.00574712643678 329 50 35 33 23 10 8 4 3 2 2 1 0 0 0 0 0 0 0 0
"87" 87 0.0287356321839 238 88 62 27 23 23 12 9 6 5 2 1 1 1 1 1 0 0 0 0
"88" 88 0.124352331606 407 35 21 20 6 3 3 2 1 1 1 0 0 0 0 0 0 0 0 0
"89" 89 0.0 320 87 25 25 19 15 4 2 1 1 1 0 0 0 0 0 0 0 0 0
"90" 90 0.273255813953 271 87 72 41 13 5 3 3 2 1 1 1 0 0 0 0 0 0 0 0
"91" 91 0.160621761658 406 41 30 5 4 3 2 2 2 2 1 1 1 0 0 0 0 0 0 0
"92" 92 0.274261603376 116 77 70 54 50 43 36 25 10 6 4 4 3 1 1 0 0 0 0 0
"93" 93 0.725388601036 120 103 94 69 44 33 13 7 6 5 3 2 1 0 0 0 0 0 0 0
"94" 94 0.313868613139 232 84 54 26 19 18 17 11 11 10 10 4 2 1 1 0 0 0 0 0
"95" 95 0.0137614678899 94 85 66 48 42 40 27 25 22 21 14 8 4 2 1 1 0 0 0 0
"96" 96 0.443708609272 115 113 111 37 33 25 22 12 11 9 7 2 1 1 1 0 0 0 0 0
"97" 97 0.43023255814 142 94 54 42 38 36 25 14 13 12 8 6 6 5 2 1 1 1 0 0
"98" 98 0.0387596899225 120 86 71 49 48 27 24 21 17 10 9 7 4 4 3 0 0 0 0 0
"99" 99 0.119205298013 123 65 62 53 50 35 23 18 15 13 12 9 8 5 4 3 1 1 0 0
"100" 100 0.544303797468 153 121 45 44 37 29 17 16 15 13 5 2 1 1 1 0 0 0 0 0
"101" 101 0.0803571428571 94 91 74 55 45 39 18 18 16 12 11 10 10 3 1 1 1 1 0 0
"102" 102 0.0248756218905 146 97 85 43 27 18 16 16 14 11 10 8 3 2 2 1 1 0 0 0
"103" 103 0.315789473684 135 66 60 40 33 31 31 26 23 15 12 10 10 6 1 1 0 0 0 0
"104" 104 0.338308457711 93 87 71 58 43 34 26 22 16 15 14 7 7 3 2 1 1 0 0 0
"105" 105 0.0229357798165 125 82 54 48 40 31 26 20 13 13 11 9 8 6 5 4 4 1 0 0
"106" 106 0.1592039801 151 71 60 34 33 31 23 19 18 15 14 12 6 6 5 2 0 0 0 0
"107" 107 0.354260089686 104 76 66 66 51 48 28 18 14 14 6 5 3 1 0 0 0 0 0 0
"108" 108 0.303571428571 65 60 52 45 45 42 32 25 21 21 20 19 17 16 9 9 2 0 0 0
"109" 109 0.388392857143 130 92 79 65 40 32 25 15 8 6 5 1 1 1 0 0 0 0 0 0
"110" 110 0.455357142857 187 48 41 37 31 29 27 23 20 18 12 11 5 5 5 1 0 0 0 0
"111" 111 0.00995024875622 333 28 22 21 16 15 14 11 10 8 6 5 4 3 2 2 0 0 0 0
"112" 112 0.242152466368 189 103 60 44 24 21 14 13 11 6 4 3 3 3 1 1 0 0 0 0
"113" 113 0.632124352332 141 85 78 75 38 26 22 20 4 4 3 3 1 0 0 0 0 0 0 0
"114" 114 0.031007751938 297 116 21 21 11 7 7 5 5 3 3 2 1 1 0 0 0 0 0 0
"115" 115 0.031007751938 117 87 71 57 28 25 23 22 17 13 11 9 6 5 4 3 1 1 0 0
"116" 116 0.044776119403 136 120 78 42 27 25 17 15 9 7 6 5 4 4 3 2 0 0 0 0
"117" 117 0.0 232 78 67 47 27 21 7 6 5 5 3 1 1 0 0 0 0 0 0 0
"118" 118 0.0 179 168 64 46 12 8 5 4 4 3 2 2 1 1 1 0 0 0 0 0
"119" 119 0.0 352 60 26 17 15 15 4 4 2 2 1 1 1 0 0 0 0 0 0 0
"120" 120 0.0 188 165 49 41 28 13 8 4 2 1 1 0 0 0 0 0 0 0 0 0
"121" 121 0.0307692307692 269 88 54 46 19 13 5 3 1 1 1 0 0 0 0 0 0 0 0 0
"122" 122 0.257383966245 172 159 101 28 15 14 5 2 2 1 1 0 0 0 0 0 0 0 0 0
"123" 123 0.233183856502 223 59 46 36 26 24 24 15 12 9 6 5 4 4 3 3 1 0 0 0
"124" 124 0.40414507772 132 63 58 50 48 23 22 20 19 17 16 11 8 6 3 2 1 1 0 0
"125" 125 0.439461883408 95 76 55 43 38 30 30 26 18 18 17 15 15 10 7 4 2 1 0 0
"126" 126 0.723270440252 479 20 1 0 0 0 0 0 0 0 0 0 0 0 0 0 0 0 0 0
"127" 127 0.663461538462 467 33 0 0 0 0 0 0 0 0 0 0 0 0 0 0 0 0 0 0
"128" 128 0.178294573643 290 180 10 5 4 4 3 2 2 0 0 0 0 0 0 0 0 0 0 0
"129" 129 0.154228855721 98 89 74 68 50 29 22 21 12 10 8 7 6 4 1 1 0 0 0 0
"130" 130 0.278145695364 280 58 44 33 18 12 10 9 9 8 7 6 3 2 1 0 0 0 0 0
"131" 131 0.186046511628 171 114 54 39 22 18 16 15 13 13 11 5 3 3 2 1 0 0 0 0
"132" 132 0.602649006623 174 99 83 34 29 21 18 16 12 7 3 2 1 1 0 0 0 0 0 0
"133" 133 0.455357142857 156 98 57 51 34 27 21 15 12 8 6 6 5 1 1 1 1 0 0 0
"134" 134 0.0 99 86 76 51 39 32 31 29 22 16 7 3 3 2 2 2 0 0 0 0
"135" 135 0.119205298013 129 118 66 56 54 26 13 6 5 5 4 4 4 4 3 2 1 0 0 0
"136" 136 0.248945147679 174 55 54 49 45 24 22 18 14 14 11 6 5 4 2 2 1 0 0 0
"137" 137 0.401785714286 88 70 49 47 45 40 39 36 15 14 13 13 10 7 6 5 2 1 0 0
"138" 138 0.0 232 197 19 13 8 7 6 5 4 4 3 2 0 0 0 0 0 0 0 0
"139" 139 0.435897435897 152 147 54 36 24 23 22 14 11 10 6 1 0 0 0 0 0 0 0 0
"140" 140 0.00995024875622 271 64 29 25 23 20 15 11 9 8 8 5 4 4 2 2 0 0 0 0
"141" 141 0.632183908046 92 79 56 53 48 41 38 16 14 13 12 10 9 8 5 4 2 0 0 0
"142" 142 0.334821428571 139 67 56 49 48 43 27 24 18 9 8 4 4 3 1 0 0 0 0 0
"143" 143 0.179104477612 162 100 54 48 37 19 16 16 14 8 8 5 4 3 2 2 2 0 0 0
"144" 144 0.35864978903 135 122 66 62 50 19 15 14 9 3 3 1 1 0 0 0 0 0 0 0
"145" 145 0.533678756477 382 116 1 1 0 0 0 0 0 0 0 0 0 0 0 0 0 0 0 0
"146" 146 0.226277372263 107 80 78 39 35 33 24 24 22 16 9 8 8 8 4 3 2 0 0 0
"147" 147 0.437086092715 114 78 55 41 33 27 25 25 20 17 15 12 11 9 8 6 2 2 0 0
"148" 148 0.276595744681 224 88 87 32 30 7 7 7 4 3 3 3 2 2 1 0 0 0 0 0
"149" 149 0.165562913907 110 77 70 66 51 35 31 19 15 13 5 3 2 1 1 1 0 0 0 0
"150" 150 0.172588832487 186 108 76 37 26 15 14 10 10 8 5 2 1 1 1 0 0 0 0 0
"151" 151 0.166666666667 143 89 81 48 27 22 18 16 16 11 7 5 5 5 3 3 1 0 0 0
"152" 152 0.333333333333 223 69 51 45 25 18 15 12 9 8 6 5 5 4 3 1 1 0 0 0
"153" 153 0.0132450331126 326 64 43 19 17 10 5 4 3 3 2 2 2 0 0 0 0 0 0 0
"154" 154 0.0264900662252 123 100 64 53 29 25 23 14 13 11 9 9 8 6 5 5 3 0 0 0
"155" 155 0.0 174 100 47 30 27 27 17 17 17 12 9 6 6 4 3 3 1 0 0 0
"156" 156 0.609137055838 91 89 86 37 31 28 25 24 21 20 13 13 7 5 5 3 2 0 0 0
"157" 157 0.206751054852 137 78 45 42 42 41 28 26 22 15 10 5 5 3 1 0 0 0 0 0
"158" 158 0.115384615385 384 33 28 11 8 8 7 5 5 4 3 2 1 1 0 0 0 0 0 0
"159" 159 0.5 146 96 93 31 29 28 24 21 12 9 3 2 2 2 2 0 0 0 0 0
"160" 160 0.0769230769231 495 4 1 0 0 0 0 0 0 0 0 0 0 0 0 0 0 0 0 0
"161" 161 0.0 100 74 71 67 52 44 27 14 13 9 6 5 4 4 4 3 2 1 0 0
"162" 162 0.296511627907 97 79 52 49 46 34 30 30 30 16 12 11 7 3 2 1 1 0 0 0
"163" 163 0.535714285714 114 100 71 61 45 44 27 10 8 7 4 4 4 1 0 0 0 0 0 0
"164" 164 0.0 168 162 155 6 4 2 1 1 1 0 0 0 0 0 0 0 0 0 0 0
"165" 165 0.0199004975124 250 86 58 38 17 11 10 10 5 4 3 3 1 1 1 1 1 0 0 0
"166" 166 0.362694300518 149 141 63 35 24 16 16 14 14 9 9 4 2 2 2 0 0 0 0 0
"167" 167 0.269503546099 123 73 49 36 33 29 29 27 24 24 19 8 7 6 6 5 2 0 0 0
"168" 168 0.00497512437811 172 83 75 64 39 18 13 11 6 6 5 3 3 2 0 0 0 0 0 0
"169" 169 0.0152284263959 143 87 59 58 47 29 21 18 9 8 5 5 5 3 2 1 0 0 0 0
"170" 170 0.367875647668 137 78 74 62 46 26 24 19 13 5 4 4 4 2 1 1 0 0 0 0
"171" 171 0.149425287356 58 53 51 47 44 42 31 29 25 25 23 20 16 12 11 7 6 0 0 0
"172" 172 0.0152284263959 134 71 66 61 60 28 27 19 18 6 4 2 1 1 1 1 0 0 0 0
"173" 173 0.383966244726 135 75 69 67 38 30 25 20 19 7 4 4 3 2 1 1 0 0 0 0
"174" 174 0.558035714286 113 107 80 40 34 30 19 17 16 16 9 7 6 3 1 1 1 0 0 0
"175" 175 0.495535714286 155 41 40 38 34 34 26 24 20 20 16 14 13 11 5 5 4 0 0 0
"176" 176 0.345291479821 135 65 42 35 34 33 29 25 19 18 17 14 14 9 6 4 1 0 0 0
"177" 177 0.855721393035 174 54 40 35 31 28 26 26 22 15 13 11 9 7 4 3 2 0 0 0
