"site" "RSA" "aa1" "aa2" "aa3" "aa4" "aa5" "aa6" "aa7" "aa8" "aa9" "aa10" "aa11" "aa12" "aa13" "aa14" "aa15" "aa16" "aa17" "aa18" "aa19" "aa20"
"0" 0 0.283582089552 225 121 82 16 14 12 7 6 5 4 3 3 2 0 0 0 0 0 0 0
"1" 1 0.171532846715 135 113 79 58 36 21 19 19 16 3 1 0 0 0 0 0 0 0 0 0
"2" 2 0.0 296 68 48 46 13 13 12 3 1 0 0 0 0 0 0 0 0 0 0 0
"3" 3 0.0 435 50 6 2 2 1 1 1 1 1 0 0 0 0 0 0 0 0 0 0
"4" 4 0.0 338 155 7 0 0 0 0 0 0 0 0 0 0 0 0 0 0 0 0 0
"5" 5 0.100775193798 196 161 56 43 10 9 6 5 5 5 4 0 0 0 0 0 0 0 0 0
"6" 6 0.0287356321839 213 150 115 10 7 2 2 1 0 0 0 0 0 0 0 0 0 0 0 0
"7" 7 0.282700421941 133 109 62 44 27 25 21 20 17 14 10 7 5 2 2 2 0 0 0 0
"8" 8 0.244525547445 273 93 79 22 16 7 5 2 2 1 0 0 0 0 0 0 0 0 0 0
"9" 9 0.00574712643678 190 139 124 32 7 4 1 1 1 1 0 0 0 0 0 0 0 0 0 0
"10" 10 0.106598984772 228 139 42 21 17 14 12 10 5 4 4 3 1 0 0 0 0 0 0 0
"11" 11 0.124352331606 150 114 80 61 37 24 14 7 5 5 2 1 0 0 0 0 0 0 0 0
"12" 12 0.661596958175 157 100 73 71 35 32 13 7 6 3 1 1 1 0 0 0 0 0 0 0
"13" 13 0.573643410853 163 118 78 42 41 21 18 9 6 3 1 0 0 0 0 0 0 0 0 0
"14" 14 0.270114942529 132 126 68 56 44 19 18 11 9 8 4 3 1 1 0 0 0 0 0 0
"15" 15 0.814345991561 335 75 52 21 9 3 2 1 1 1 0 0 0 0 0 0 0 0 0 0
"16" 16 0.456852791878 186 65 63 50 25 23 18 16 14 13 12 5 5 3 1 1 0 0 0 0
"17" 17 0.580291970803 227 85 58 44 23 17 12 12 7 6 5 3 1 0 0 0 0 0 0 0
"18" 18 0.132183908046 125 100 91 69 36 31 15 12 12 5 2 1 1 0 0 0 0 0 0 0
"19" 19 0.286919831224 221 194 38 32 7 5 2 1 0 0 0 0 0 0 0 0 0 0 0 0
"20" 20 0.817610062893 139 111 85 55 42 32 22 9 3 2 0 0 0 0 0 0 0 0 0 0
"21" 21 0.502590673575 180 127 58 36 34 34 25 3 2 1 0 0 0 0 0 0 0 0 0 0
"22" 22 0.43795620438 110 86 74 72 40 39 37 21 9 9 3 0 0 0 0 0 0 0 0 0
"23" 23 0.424418604651 138 118 54 50 45 34 22 18 14 2 1 1 1 1 1 0 0 0 0 0
"24" 24 0.0480769230769 484 10 3 2 1 0 0 0 0 0 0 0 0 0 0 0 0 0 0 0
"25" 25 0.264367816092 146 58 55 44 32 29 27 25 24 22 18 10 3 3 2 1 1 0 0 0
"26" 26 0.16091954023 211 83 64 54 32 19 13 9 6 5 3 1 0 0 0 0 0 0 0 0
"27" 27 0.325581395349 234 66 41 40 33 31 27 17 8 2 1 0 0 0 0 0 0 0 0 0
"28" 28 0.730569948187 255 116 56 26 13 11 7 5 4 3 2 1 1 0 0 0 0 0 0 0
"29" 29 0.884615384615 421 78 1 0 0 0 0 0 0 0 0 0 0 0 0 0 0 0 0 0
"30" 30 0.166666666667 309 38 34 27 21 16 15 11 9 9 4 3 2 1 1 0 0 0 0 0
"31" 31 0.535864978903 163 127 53 50 22 21 15 14 13 9 4 4 2 1 1 1 0 0 0 0
"32" 32 0.191387559809 311 60 41 36 25 13 8 3 1 1 1 0 0 0 0 0 0 0 0 0
"33" 33 0.192052980132 228 126 70 50 11 6 4 2 2 1 0 0 0 0 0 0 0 0 0 0
"34" 34 0.0366972477064 174 142 97 30 22 13 7 6 4 1 1 1 1 1 0 0 0 0 0 0
"35" 35 0.00512820512821 273 131 68 8 7 6 3 2 1 1 0 0 0 0 0 0 0 0 0 0
"36" 36 0.182389937107 171 132 89 48 23 14 8 4 3 3 2 2 1 0 0 0 0 0 0 0
"37" 37 0.092050209205 194 76 65 55 51 23 22 6 3 2 1 1 1 0 0 0 0 0 0 0
"38" 38 0.0443037974684 375 49 48 25 2 1 0 0 0 0 0 0 0 0 0 0 0 0 0 0
"39" 39 0.303571428571 182 106 64 42 39 19 15 15 13 3 2 0 0 0 0 0 0 0 0 0
"40" 40 0.0304568527919 193 112 90 46 17 16 7 6 5 3 2 2 1 0 0 0 0 0 0 0
"41" 41 0.0 472 28 0 0 0 0 0 0 0 0 0 0 0 0 0 0 0 0 0 0
"42" 42 0.00574712643678 288 143 30 20 9 5 2 2 1 0 0 0 0 0 0 0 0 0 0 0
"43" 43 0.0178571428571 245 84 70 29 25 21 17 2 2 2 2 1 0 0 0 0 0 0 0 0
"44" 44 0.0267857142857 110 71 56 52 49 46 22 21 18 12 12 8 8 7 4 2 2 0 0 0
"45" 45 0.0 332 160 4 3 1 0 0 0 0 0 0 0 0 0 0 0 0 0 0 0
"46" 46 0.0172413793103 217 61 48 39 30 23 17 15 13 13 11 7 3 2 1 0 0 0 0 0
"47" 47 0.306569343066 187 86 61 37 32 30 14 13 12 11 5 5 2 2 1 1 1 0 0 0
"48" 48 0.00995024875622 200 96 66 39 38 22 14 9 5 4 3 3 1 0 0 0 0 0 0 0
"49" 49 0.206751054852 203 155 63 28 19 7 7 4 4 4 3 1 1 1 0 0 0 0 0 0
"50" 50 0.522321428571 135 112 94 40 35 29 23 20 8 2 1 1 0 0 0 0 0 0 0 0
"51" 51 0.493670886076 129 108 92 65 29 23 18 17 10 4 3 1 1 0 0 0 0 0 0 0
"52" 52 0.810126582278 392 107 1 0 0 0 0 0 0 0 0 0 0 0 0 0 0 0 0 0
"53" 53 0.358208955224 240 201 21 19 9 3 2 2 1 1 1 0 0 0 0 0 0 0 0 0
"54" 54 0.0402298850575 349 65 48 14 13 8 1 1 1 0 0 0 0 0 0 0 0 0 0 0
"55" 55 0.721518987342 148 139 120 65 13 6 4 3 1 1 0 0 0 0 0 0 0 0 0 0
"56" 56 0.205357142857 218 113 98 16 12 12 9 8 7 3 2 1 1 0 0 0 0 0 0 0
"57" 57 0.0 391 71 15 10 7 5 1 0 0 0 0 0 0 0 0 0 0 0 0 0
"58" 58 0.0 194 91 62 57 39 23 15 11 2 2 1 1 1 1 0 0 0 0 0 0
"59" 59 0.0077519379845 246 232 18 3 1 0 0 0 0 0 0 0 0 0 0 0 0 0 0 0
"60" 60 0.0114942528736 238 79 60 46 30 16 16 11 1 1 1 1 0 0 0 0 0 0 0 0
"61" 61 0.0198675496689 420 35 21 18 4 2 0 0 0 0 0 0 0 0 0 0 0 0 0 0
"62" 62 0.126582278481 139 129 87 69 45 25 4 1 1 0 0 0 0 0 0 0 0 0 0 0
"63" 63 0.0288461538462 500 0 0 0 0 0 0 0 0 0 0 0 0 0 0 0 0 0 0 0
"64" 64 0.138364779874 299 75 54 36 30 2 1 1 1 1 0 0 0 0 0 0 0 0 0 0
"65" 65 0.348837209302 133 83 67 64 53 26 19 18 10 10 10 5 2 0 0 0 0 0 0 0
"66" 66 0.412556053812 162 153 84 35 34 24 5 2 1 0 0 0 0 0 0 0 0 0 0 0
"67" 67 0.0253164556962 279 90 35 34 25 18 6 4 3 3 1 1 1 0 0 0 0 0 0 0
"68" 68 0.210762331839 117 94 75 63 50 47 25 19 3 2 2 2 1 0 0 0 0 0 0 0
"69" 69 0.53125 233 93 70 38 22 12 11 9 3 3 3 1 1 1 0 0 0 0 0 0
"70" 70 0.0406976744186 217 156 116 7 2 1 1 0 0 0 0 0 0 0 0 0 0 0 0 0
"71" 71 0.0 237 182 25 25 15 7 5 3 1 0 0 0 0 0 0 0 0 0 0 0
"72" 72 0.171532846715 183 140 79 29 18 16 12 6 4 3 3 3 2 2 0 0 0 0 0 0
"73" 73 0.372093023256 83 73 68 67 43 42 28 26 25 17 14 10 2 2 0 0 0 0 0 0
"74" 74 0.0 202 161 125 8 4 0 0 0 0 0 0 0 0 0 0 0 0 0 0 0
"75" 75 0.0 420 35 19 8 7 5 4 1 1 0 0 0 0 0 0 0 0 0 0 0
"76" 76 0.062015503876 465 19 15 1 0 0 0 0 0 0 0 0 0 0 0 0 0 0 0 0
"77" 77 0.0550458715596 179 99 45 36 32 20 19 18 12 11 10 8 4 3 2 1 1 0 0 0
"78" 78 0.144230769231 500 0 0 0 0 0 0 0 0 0 0 0 0 0 0 0 0 0 0 0
"79" 79 0.0077519379845 349 146 4 1 0 0 0 0 0 0 0 0 0 0 0 0 0 0 0 0
"80" 80 0.295336787565 259 85 62 33 25 9 7 6 5 3 2 2 1 1 0 0 0 0 0 0
"81" 81 0.211678832117 184 57 52 44 36 32 24 23 18 12 8 6 3 1 0 0 0 0 0 0
"82" 82 0.00961538461538 247 219 34 0 0 0 0 0 0 0 0 0 0 0 0 0 0 0 0 0
"83" 83 0.00507614213198 186 106 56 45 30 25 18 13 12 3 3 2 1 0 0 0 0 0 0 0
"84" 84 0.0 290 162 22 11 4 2 2 2 2 1 1 1 0 0 0 0 0 0 0 0
"85" 85 0.0 210 128 99 29 9 8 7 4 3 1 1 1 0 0 0 0 0 0 0 0
"86" 86 0.308035714286 260 94 38 25 25 24 17 6 4 4 2 1 0 0 0 0 0 0 0 0
"87" 87 0.0114942528736 243 125 31 27 22 18 13 7 3 3 3 2 2 1 0 0 0 0 0 0
"88" 88 0.389937106918 449 34 8 7 2 0 0 0 0 0 0 0 0 0 0 0 0 0 0 0
"89" 89 0.572327044025 282 178 21 5 4 3 2 2 1 1 1 0 0 0 0 0 0 0 0 0
"90" 90 0.511627906977 349 60 37 21 13 7 7 2 2 1 1 0 0 0 0 0 0 0 0 0
"91" 91 0.433035714286 171 166 53 33 29 11 10 6 5 5 4 3 2 1 1 0 0 0 0 0
"92" 92 0.162790697674 209 157 32 28 28 27 11 4 2 1 1 0 0 0 0 0 0 0 0 0
"93" 93 0.584821428571 259 66 28 27 26 24 21 18 15 8 5 1 1 1 0 0 0 0 0 0
"94" 94 0.576642335766 188 73 55 52 36 34 14 14 12 8 5 3 2 2 2 0 0 0 0 0
"95" 95 0.189054726368 311 36 35 32 21 20 12 10 7 6 4 4 1 1 0 0 0 0 0 0
"96" 96 0.163461538462 227 131 46 22 18 17 13 11 4 3 3 2 1 1 1 0 0 0 0 0
"97" 97 0.0754716981132 265 122 63 22 10 9 5 3 1 0 0 0 0 0 0 0 0 0 0 0
"98" 98 0.338308457711 165 140 49 47 30 20 19 8 7 6 3 3 2 1 0 0 0 0 0 0
"99" 99 0.0313901345291 184 89 68 42 28 23 17 11 10 7 6 4 3 3 2 2 1 0 0 0
"100" 100 0.172413793103 174 93 82 35 34 23 16 12 7 6 5 4 3 2 1 1 1 1 0 0
"101" 101 0.0 478 18 4 0 0 0 0 0 0 0 0 0 0 0 0 0 0 0 0 0
"102" 102 0.36496350365 257 83 74 64 5 4 3 3 3 2 2 0 0 0 0 0 0 0 0 0
"103" 103 0.0229885057471 261 65 61 42 33 15 8 6 4 2 1 1 1 0 0 0 0 0 0 0
"104" 104 0.00995024875622 250 76 40 34 22 17 16 14 11 7 4 4 3 2 0 0 0 0 0 0
"105" 105 0.031007751938 419 30 17 10 7 6 5 3 1 1 1 0 0 0 0 0 0 0 0 0
"106" 106 0.215189873418 107 89 85 81 51 22 16 11 11 9 7 5 3 2 1 0 0 0 0 0
"107" 107 0.0 288 52 41 29 20 20 15 11 6 6 4 3 2 2 1 0 0 0 0 0
"108" 108 0.0077519379845 284 95 57 27 23 5 2 2 1 1 1 1 1 0 0 0 0 0 0 0
"109" 109 0.59375 278 46 32 27 21 16 15 13 11 10 9 9 6 3 3 1 0 0 0 0
"110" 110 0.438818565401 147 79 59 56 39 29 28 16 15 10 9 8 4 1 0 0 0 0 0 0
"111" 111 0.0848214285714 266 64 50 46 24 13 10 10 4 4 2 2 2 2 1 0 0 0 0 0
"112" 112 0.645569620253 459 23 9 6 2 1 0 0 0 0 0 0 0 0 0 0 0 0 0 0
"113" 113 0.0344827586207 238 85 76 45 27 8 7 6 5 1 1 1 0 0 0 0 0 0 0 0
"114" 114 0.305699481865 217 108 32 32 28 23 19 14 10 4 4 4 3 1 1 0 0 0 0 0
"115" 115 0.00497512437811 250 104 67 19 19 12 11 11 2 2 2 1 0 0 0 0 0 0 0 0
"116" 116 0.0 188 129 74 38 30 23 12 2 2 1 1 0 0 0 0 0 0 0 0 0
"117" 117 0.00497512437811 267 126 24 22 16 10 9 8 5 5 4 2 2 0 0 0 0 0 0 0
"118" 118 0.0348258706468 242 103 78 56 14 2 2 1 1 1 0 0 0 0 0 0 0 0 0 0
"119" 119 0.125 498 2 0 0 0 0 0 0 0 0 0 0 0 0 0 0 0 0 0 0
"120" 120 0.206751054852 271 84 55 30 23 20 8 5 2 2 0 0 0 0 0 0 0 0 0 0
"121" 121 0.219730941704 190 158 70 20 18 11 10 8 5 4 3 2 1 0 0 0 0 0 0 0
"122" 122 0.100775193798 210 83 66 44 20 17 11 11 10 10 10 3 2 1 1 1 0 0 0 0
"123" 123 0.243654822335 244 125 23 22 17 15 15 15 6 4 3 3 3 2 2 1 0 0 0 0
"124" 124 0.39896373057 82 69 64 57 56 46 35 24 20 15 13 10 4 4 1 0 0 0 0 0
"125" 125 0.316062176166 110 93 88 44 36 33 32 19 18 11 6 5 3 2 0 0 0 0 0 0
"126" 126 0.497409326425 113 105 62 61 57 50 31 11 5 4 1 0 0 0 0 0 0 0 0 0
"127" 127 0.272151898734 138 56 53 52 49 46 30 21 15 8 8 7 7 6 3 1 0 0 0 0
"128" 128 0.194871794872 292 76 53 50 12 12 3 1 1 0 0 0 0 0 0 0 0 0 0 0
"129" 129 0.390134529148 393 38 25 25 10 6 2 1 0 0 0 0 0 0 0 0 0 0 0 0
"130" 130 0.197674418605 133 118 86 62 31 27 15 10 5 5 3 3 1 1 0 0 0 0 0 0
"131" 131 0.0288461538462 236 102 71 58 12 11 5 4 1 0 0 0 0 0 0 0 0 0 0 0
"132" 132 0.215246636771 260 54 42 38 33 30 15 5 5 4 4 3 3 2 2 0 0 0 0 0
"133" 133 0.275229357798 273 72 40 37 28 19 17 4 3 3 1 1 1 1 0 0 0 0 0 0
"134" 134 0.0 170 115 78 43 36 28 16 8 6 0 0 0 0 0 0 0 0 0 0 0
"135" 135 0.0 470 24 6 0 0 0 0 0 0 0 0 0 0 0 0 0 0 0 0 0
"136" 136 0.423076923077 217 119 36 28 23 23 12 10 7 7 6 4 3 3 1 1 0 0 0 0
"137" 137 0.330543933054 382 60 37 9 3 2 2 1 1 1 1 1 0 0 0 0 0 0 0 0
"138" 138 0.109452736318 349 47 32 32 24 10 5 1 0 0 0 0 0 0 0 0 0 0 0 0
"139" 139 0.772020725389 391 105 2 1 1 0 0 0 0 0 0 0 0 0 0 0 0 0 0 0
"140" 140 0.170212765957 312 69 40 23 14 10 9 6 5 4 4 2 1 1 0 0 0 0 0 0
"141" 141 0.301886792453 204 102 69 30 25 21 15 11 11 4 3 3 1 1 0 0 0 0 0 0
"142" 142 0.367713004484 138 72 68 42 38 36 30 21 19 11 10 7 3 3 2 0 0 0 0 0
"143" 143 0.0 327 75 70 12 5 4 3 2 1 1 0 0 0 0 0 0 0 0 0 0
"144" 144 0.0348837209302 187 139 61 19 19 18 15 11 10 8 4 3 2 1 1 1 1 0 0 0
"145" 145 0.192468619247 209 139 124 20 7 1 0 0 0 0 0 0 0 0 0 0 0 0 0 0
"146" 146 0.0 186 110 100 52 48 2 2 0 0 0 0 0 0 0 0 0 0 0 0 0
"147" 147 0.0860927152318 168 142 96 35 20 12 10 4 4 3 2 2 1 1 0 0 0 0 0 0
"148" 148 0.367713004484 97 77 69 60 58 45 27 27 13 12 11 3 1 0 0 0 0 0 0 0
"149" 149 0.0229885057471 146 85 64 52 45 44 15 15 6 6 6 5 4 3 3 1 0 0 0 0
"150" 150 0.226744186047 188 117 59 31 23 17 16 13 13 12 6 3 1 1 0 0 0 0 0 0
"151" 151 0.114427860697 207 110 100 30 20 7 5 5 4 3 2 2 2 2 1 0 0 0 0 0
"152" 152 0.433035714286 250 89 38 37 36 27 7 7 3 3 1 1 1 0 0 0 0 0 0 0
"153" 153 0.625 500 0 0 0 0 0 0 0 0 0 0 0 0 0 0 0 0 0 0 0
"154" 154 0.528497409326 383 59 18 11 9 6 6 4 3 1 0 0 0 0 0 0 0 0 0 0
"155" 155 0.244725738397 240 113 38 24 19 16 12 11 7 6 6 4 2 2 0 0 0 0 0 0
"156" 156 0.0 128 71 69 38 36 28 27 26 22 20 9 8 6 6 4 2 0 0 0 0
"157" 157 0.35864978903 192 80 77 48 45 35 7 5 3 2 2 1 1 1 1 0 0 0 0 0
"158" 158 0.0 356 49 39 25 18 12 1 0 0 0 0 0 0 0 0 0 0 0 0 0
"159" 159 0.290178571429 116 108 65 61 42 38 23 14 13 11 4 2 2 1 0 0 0 0 0 0
"160" 160 0.131386861314 145 115 108 43 21 20 16 15 7 4 3 2 1 0 0 0 0 0 0 0
"161" 161 0.254464285714 188 84 53 39 38 23 23 21 13 9 4 4 1 0 0 0 0 0 0 0
"162" 162 0.319796954315 309 66 32 27 26 16 7 4 3 3 3 2 2 0 0 0 0 0 0 0
"163" 163 0.943005181347 216 153 36 35 31 16 9 2 1 1 0 0 0 0 0 0 0 0 0 0
"164" 164 0.817307692308 320 58 52 24 18 11 11 2 1 1 1 1 0 0 0 0 0 0 0 0
"165" 165 0.326923076923 499 1 0 0 0 0 0 0 0 0 0 0 0 0 0 0 0 0 0 0
"166" 166 0.437810945274 218 117 60 54 14 10 8 7 6 3 1 1 1 0 0 0 0 0 0 0
"167" 167 0.321428571429 131 101 46 45 37 35 26 17 16 13 11 11 6 3 2 0 0 0 0 0
"168" 168 0.459302325581 148 139 84 39 25 16 15 12 9 3 2 2 2 2 2 0 0 0 0 0
"169" 169 0.28855721393 132 64 52 49 41 38 38 36 14 11 10 6 5 3 1 0 0 0 0 0
"170" 170 0.64598540146 262 61 41 29 25 24 16 11 10 9 8 2 2 0 0 0 0 0 0 0
"171" 171 0.0796019900498 268 90 44 28 14 13 9 6 6 5 5 3 3 3 2 1 0 0 0 0
"172" 172 0.582278481013 122 75 67 64 51 48 39 9 8 7 6 2 1 1 0 0 0 0 0 0
"173" 173 0.174129353234 237 147 27 26 21 18 9 5 4 2 2 1 1 0 0 0 0 0 0 0
"174" 174 0.276729559748 304 122 43 13 9 4 2 1 1 1 0 0 0 0 0 0 0 0 0 0
"175" 175 0.0 365 60 27 22 13 9 2 1 1 0 0 0 0 0 0 0 0 0 0 0
"176" 176 0.0 393 51 29 17 4 2 2 1 1 0 0 0 0 0 0 0 0 0 0 0
"177" 177 0.0 180 149 54 53 32 24 6 1 1 0 0 0 0 0 0 0 0 0 0 0
"178" 178 0.00581395348837 352 127 6 6 4 2 1 1 1 0 0 0 0 0 0 0 0 0 0 0
"179" 179 0.0 226 167 64 21 14 6 1 1 0 0 0 0 0 0 0 0 0 0 0 0
"180" 180 0.0777202072539 391 65 18 16 4 2 2 2 0 0 0 0 0 0 0 0 0 0 0 0
"181" 181 0.492537313433 170 86 76 51 36 22 20 20 7 7 4 1 0 0 0 0 0 0 0 0
"182" 182 0.664233576642 175 109 58 37 35 24 23 20 7 4 3 2 1 1 1 0 0 0 0 0
"183" 183 0.0597014925373 176 120 48 38 36 23 20 12 8 7 6 6 0 0 0 0 0 0 0 0
"184" 184 0.0871794871795 310 149 29 6 4 2 0 0 0 0 0 0 0 0 0 0 0 0 0 0
"185" 185 0.741071428571 247 203 30 10 7 2 1 0 0 0 0 0 0 0 0 0 0 0 0 0
"186" 186 0.201257861635 240 120 99 23 8 3 3 2 1 1 0 0 0 0 0 0 0 0 0 0
"187" 187 0.273722627737 268 103 28 28 24 14 11 8 7 4 1 1 1 1 1 0 0 0 0 0
"188" 188 0.817490494297 163 96 57 44 36 29 28 25 5 4 3 3 3 2 1 1 0 0 0 0
"189" 189 0.232558139535 308 78 32 26 10 7 7 7 6 6 5 4 1 1 1 1 0 0 0 0
"190" 190 0.424418604651 140 82 61 59 37 34 27 22 13 9 8 6 1 1 0 0 0 0 0 0
"191" 191 0.666666666667 193 114 111 27 26 12 8 6 2 1 0 0 0 0 0 0 0 0 0 0
"192" 192 0.440251572327 220 122 99 29 15 7 5 1 1 1 0 0 0 0 0 0 0 0 0 0
"193" 193 0.333333333333 159 111 82 55 31 27 17 9 3 3 1 1 1 0 0 0 0 0 0 0
"194" 194 0.375634517766 163 146 72 49 17 15 14 10 5 3 3 1 1 1 0 0 0 0 0 0
"195" 195 0.467889908257 126 125 91 82 24 22 10 9 5 3 2 1 0 0 0 0 0 0 0 0
"196" 196 0.556962025316 187 124 62 35 24 22 17 13 4 3 3 3 1 1 1 0 0 0 0 0
"197" 197 0.015503875969 478 11 11 0 0 0 0 0 0 0 0 0 0 0 0 0 0 0 0 0
"198" 198 0.518987341772 145 106 62 45 32 24 23 22 14 13 7 5 1 1 0 0 0 0 0 0
"199" 199 0.696202531646 247 106 81 12 11 10 8 7 6 5 3 3 1 0 0 0 0 0 0 0
"200" 200 0.274261603376 156 147 105 37 15 13 9 7 4 2 1 1 1 1 1 0 0 0 0 0
"201" 201 0.620253164557 211 121 84 55 25 2 1 1 0 0 0 0 0 0 0 0 0 0 0 0
"202" 202 0.0456852791878 404 59 16 14 3 1 1 1 1 0 0 0 0 0 0 0 0 0 0 0
"203" 203 0.379464285714 161 111 85 31 22 22 19 16 9 7 6 5 3 1 1 1 0 0 0 0
"204" 204 0.367816091954 246 66 64 35 34 18 10 10 6 4 2 2 1 1 1 0 0 0 0 0
"205" 205 0.0964467005076 148 78 63 40 39 30 27 18 15 14 10 9 4 3 2 0 0 0 0 0
"206" 206 0.464135021097 115 91 79 72 41 40 24 23 7 7 1 0 0 0 0 0 0 0 0 0
"207" 207 0.0817610062893 278 78 63 17 16 15 13 5 5 3 2 2 2 1 0 0 0 0 0 0
"208" 208 0.528846153846 196 74 51 49 43 27 21 14 11 6 4 4 0 0 0 0 0 0 0 0
"209" 209 0.580310880829 142 100 98 44 43 33 15 8 7 6 2 1 1 0 0 0 0 0 0 0
"210" 210 0.134328358209 221 137 62 21 14 13 8 8 5 4 3 3 1 0 0 0 0 0 0 0
"211" 211 0.653846153846 489 11 0 0 0 0 0 0 0 0 0 0 0 0 0 0 0 0 0 0
"212" 212 0.051724137931 299 160 12 8 8 5 2 2 2 1 1 0 0 0 0 0 0 0 0 0
"213" 213 0.549222797927 218 120 68 16 15 15 12 9 8 7 4 3 2 2 1 0 0 0 0 0
"214" 214 0.199004975124 232 82 53 27 21 15 13 10 9 8 7 5 5 5 5 1 1 1 0 0
"215" 215 0.453488372093 157 57 48 46 45 44 32 20 19 12 6 6 3 2 2 1 0 0 0 0
"216" 216 0.284768211921 168 106 44 36 29 29 24 18 17 14 5 3 3 2 1 1 0 0 0 0
"217" 217 0.818565400844 132 126 115 53 24 10 9 8 7 4 4 4 3 1 0 0 0 0 0 0
"218" 218 0.731343283582 70 58 50 48 47 35 29 28 24 23 21 19 19 18 6 2 2 1 0 0
"219" 219 0.708609271523 217 87 85 27 21 11 9 8 8 7 5 5 4 3 3 0 0 0 0 0
"220" 220 0.632183908046 107 72 66 61 50 43 24 22 16 10 9 5 4 4 3 2 1 1 0 0
"221" 221 0.781725888325 174 96 83 80 17 12 12 9 6 4 3 3 1 0 0 0 0 0 0 0
"222" 222 0.291390728477 106 90 87 51 35 29 23 20 18 18 10 5 4 2 1 1 0 0 0 0
"223" 223 0.235632183908 134 98 53 41 29 27 27 21 19 16 8 8 7 7 3 1 1 0 0 0
"224" 224 0.504464285714 197 94 47 32 28 27 18 14 12 8 7 6 3 3 2 2 0 0 0 0
"225" 225 0.580310880829 131 111 75 52 27 24 18 17 9 8 7 6 4 3 3 3 2 0 0 0
"226" 226 0.666666666667 314 167 11 4 2 1 1 0 0 0 0 0 0 0 0 0 0 0 0 0
"227" 227 0.823899371069 282 141 36 14 14 7 2 2 1 1 0 0 0 0 0 0 0 0 0 0
"228" 228 0.85201793722 145 114 82 34 32 27 24 15 11 7 4 2 1 1 1 0 0 0 0 0
"229" 229 0.875912408759 166 72 69 56 46 29 28 17 7 3 3 3 1 0 0 0 0 0 0 0
"230" 230 0.755813953488 121 118 96 44 39 27 24 15 7 4 3 1 1 0 0 0 0 0 0 0
"231" 231 0.744186046512 133 126 84 42 35 30 24 16 3 2 2 2 1 0 0 0 0 0 0 0
"232" 232 0.759615384615 279 102 65 32 7 7 6 1 1 0 0 0 0 0 0 0 0 0 0 0
"233" 233 0.701149425287 122 95 68 55 47 27 20 16 15 9 7 6 4 4 2 2 1 0 0 0
"234" 234 0.835443037975 202 101 68 42 28 22 15 12 3 3 1 1 1 1 0 0 0 0 0 0
"235" 235 0.258620689655 247 45 44 42 29 21 19 15 10 6 6 5 3 3 2 1 1 1 0 0
"236" 236 0.611607142857 127 107 88 44 39 27 17 14 12 9 6 5 3 1 1 0 0 0 0 0
"237" 237 0.383720930233 130 124 46 46 39 38 32 29 6 3 3 2 1 1 0 0 0 0 0 0
"238" 238 0.656976744186 115 101 98 80 27 25 18 14 12 6 3 1 0 0 0 0 0 0 0 0
"239" 239 0.696428571429 155 144 80 53 18 14 13 9 5 4 3 2 0 0 0 0 0 0 0 0
"240" 240 0.259067357513 123 98 88 45 35 33 19 13 12 10 4 4 4 4 3 3 2 0 0 0
"241" 241 0.398009950249 187 108 90 43 19 18 18 6 5 3 1 1 1 0 0 0 0 0 0 0
"242" 242 0.333333333333 249 98 46 23 21 14 14 12 12 10 1 0 0 0 0 0 0 0 0 0
"243" 243 0.317829457364 149 124 88 32 30 19 15 13 9 7 6 5 2 1 0 0 0 0 0 0
"244" 244 0.303797468354 124 112 67 38 34 28 19 19 17 13 12 5 4 3 2 1 1 1 0 0
"245" 245 0.298507462687 246 106 32 32 24 24 21 7 4 2 1 1 0 0 0 0 0 0 0 0
"246" 246 0.518987341772 316 88 43 18 17 10 7 1 0 0 0 0 0 0 0 0 0 0 0 0
"247" 247 0.651785714286 160 78 60 51 43 41 23 18 10 6 3 3 1 1 1 1 0 0 0 0
"248" 248 0.51269035533 195 156 36 29 26 15 13 10 4 4 4 3 3 2 0 0 0 0 0 0
"249" 249 0.5 487 13 0 0 0 0 0 0 0 0 0 0 0 0 0 0 0 0 0 0
"250" 250 0.660583941606 153 117 66 51 43 20 17 13 9 8 2 1 0 0 0 0 0 0 0 0
"251" 251 0.664974619289 441 21 20 7 4 3 1 1 1 1 0 0 0 0 0 0 0 0 0 0
