"site" "RSA" "aa1" "aa2" "aa3" "aa4" "aa5" "aa6" "aa7" "aa8" "aa9" "aa10" "aa11" "aa12" "aa13" "aa14" "aa15" "aa16" "aa17" "aa18" "aa19" "aa20"
"0" 0 0.842767295597 182 83 61 48 45 27 15 11 9 7 4 4 2 1 1 0 0 0 0 0
"1" 1 0.122093023256 108 106 86 55 42 30 21 15 11 9 6 5 3 3 0 0 0 0 0 0
"2" 2 0.360465116279 307 45 39 24 22 12 11 10 9 6 4 4 3 3 1 0 0 0 0 0
"3" 3 0.147208121827 256 69 51 46 29 9 7 7 6 6 5 2 2 2 2 1 0 0 0 0
"4" 4 0.556291390728 189 158 69 26 19 12 9 9 6 2 1 0 0 0 0 0 0 0 0 0
"5" 5 0.223880597015 157 74 72 69 48 29 10 10 7 6 5 5 3 2 1 1 1 0 0 0
"6" 6 0.00995024875622 329 60 40 22 9 9 7 6 6 5 5 2 0 0 0 0 0 0 0 0
"7" 7 0.322869955157 162 85 81 42 37 35 15 15 14 5 5 2 1 1 0 0 0 0 0 0
"8" 8 0.409282700422 133 104 71 65 41 37 10 10 8 8 5 5 1 1 1 0 0 0 0 0
"9" 9 0.197718631179 122 110 90 37 36 29 21 19 14 14 5 1 1 1 0 0 0 0 0 0
"10" 10 0.101265822785 136 113 75 38 29 26 16 15 10 10 9 8 8 4 2 1 0 0 0 0
"11" 11 0.632286995516 196 82 71 42 31 30 24 10 6 5 1 1 1 0 0 0 0 0 0 0
"12" 12 0.34375 199 125 74 47 24 14 7 6 3 1 0 0 0 0 0 0 0 0 0 0
"13" 13 0.742616033755 365 86 12 12 11 6 3 3 1 1 0 0 0 0 0 0 0 0 0 0
"14" 14 0.286919831224 215 55 55 53 49 39 15 11 5 1 1 1 0 0 0 0 0 0 0 0
"15" 15 0.266423357664 130 74 64 46 44 30 30 25 15 8 6 5 5 4 4 4 4 2 0 0
"16" 16 0.0627615062762 188 123 59 33 27 18 14 12 8 6 5 4 2 1 0 0 0 0 0 0
"17" 17 0.100775193798 182 124 97 46 22 11 7 3 3 1 1 1 1 1 0 0 0 0 0 0
"18" 18 0.0174418604651 315 103 64 6 4 3 2 1 1 1 0 0 0 0 0 0 0 0 0 0
"19" 19 0.00507614213198 349 65 35 17 13 6 5 3 2 2 2 1 0 0 0 0 0 0 0 0
"20" 20 0.0174418604651 379 71 17 13 5 4 4 3 2 1 1 0 0 0 0 0 0 0 0 0
"21" 21 0.0 284 155 39 6 5 5 5 1 0 0 0 0 0 0 0 0 0 0 0 0
"22" 22 0.0114068441065 241 125 38 23 22 21 18 11 1 0 0 0 0 0 0 0 0 0 0 0
"23" 23 0.274611398964 285 67 37 33 26 24 21 3 2 1 1 0 0 0 0 0 0 0 0 0
"24" 24 0.441064638783 145 92 83 70 43 36 13 6 4 3 3 2 0 0 0 0 0 0 0 0
"25" 25 0.53642384106 273 90 52 28 26 10 5 4 3 3 3 3 0 0 0 0 0 0 0 0
"26" 26 0.188284518828 282 122 28 24 11 9 7 7 5 2 1 1 1 0 0 0 0 0 0 0
"27" 27 0.0 429 60 9 2 0 0 0 0 0 0 0 0 0 0 0 0 0 0 0 0
"28" 28 0.337552742616 160 125 74 42 27 22 18 12 7 4 2 2 2 1 1 1 0 0 0 0
"29" 29 0.0547263681592 192 172 86 13 11 9 9 4 1 1 1 1 0 0 0 0 0 0 0 0
"30" 30 0.0 238 90 37 35 28 21 19 12 8 4 3 3 1 1 0 0 0 0 0 0
"31" 31 0.217054263566 148 76 75 73 33 23 17 15 12 10 8 5 3 1 1 0 0 0 0 0
"32" 32 0.461139896373 138 74 55 54 47 44 35 21 16 6 5 3 2 0 0 0 0 0 0 0
"33" 33 0.196428571429 90 87 65 58 42 41 30 16 16 16 11 9 8 8 2 1 0 0 0 0
"34" 34 0.317307692308 490 9 1 0 0 0 0 0 0 0 0 0 0 0 0 0 0 0 0 0
"35" 35 0.0149253731343 189 116 78 54 21 16 12 9 2 2 1 0 0 0 0 0 0 0 0 0
"36" 36 0.287179487179 142 117 88 51 33 29 10 9 8 6 4 1 1 1 0 0 0 0 0 0
"37" 37 0.0574712643678 332 49 36 30 17 10 8 6 5 4 1 1 1 0 0 0 0 0 0 0
"38" 38 0.0045871559633 286 88 31 29 28 14 9 7 5 2 1 0 0 0 0 0 0 0 0 0
"39" 39 0.0646766169154 383 38 20 14 13 9 7 6 5 5 0 0 0 0 0 0 0 0 0 0
"40" 40 0.0 210 210 26 22 16 11 3 2 0 0 0 0 0 0 0 0 0 0 0 0
"41" 41 0.00961538461538 230 77 62 44 39 32 8 4 2 1 1 0 0 0 0 0 0 0 0 0
"42" 42 0.0259067357513 253 119 81 27 13 2 2 2 1 0 0 0 0 0 0 0 0 0 0 0
"43" 43 0.158940397351 182 101 90 56 48 14 3 2 2 1 1 0 0 0 0 0 0 0 0 0
"44" 44 0.0 200 119 92 22 12 12 11 9 6 5 4 4 4 0 0 0 0 0 0 0
"45" 45 0.0 208 206 56 14 7 3 2 1 1 1 1 0 0 0 0 0 0 0 0 0
"46" 46 0.325688073394 151 128 103 38 27 14 8 8 7 4 4 4 3 1 0 0 0 0 0 0
"47" 47 0.273255813953 288 69 43 24 21 15 11 9 5 5 3 2 2 1 1 1 0 0 0 0
"48" 48 0.367816091954 207 111 36 34 22 22 17 13 13 13 4 3 3 1 1 0 0 0 0 0
"49" 49 0.27802690583 86 71 65 64 53 43 36 26 16 13 11 7 4 2 2 1 0 0 0 0
"50" 50 0.596153846154 454 27 11 3 2 1 1 1 0 0 0 0 0 0 0 0 0 0 0 0
"51" 51 0.401913875598 133 72 67 63 55 31 24 11 9 9 7 4 4 4 4 2 1 0 0 0
"52" 52 0.725388601036 184 168 52 45 37 4 3 2 1 1 1 1 1 0 0 0 0 0 0 0
"53" 53 0.105960264901 159 98 52 45 42 39 26 11 8 8 4 2 2 2 1 1 0 0 0 0
"54" 54 0.0232558139535 121 117 83 56 42 13 12 12 10 10 8 6 5 4 1 0 0 0 0 0
"55" 55 0.174129353234 130 96 48 47 47 38 33 17 14 11 9 6 3 1 0 0 0 0 0 0
"56" 56 0.37106918239 132 99 50 49 40 29 29 29 14 10 7 3 2 2 2 2 1 0 0 0
"57" 57 0.0229885057471 89 79 79 45 36 29 28 25 21 20 13 8 8 6 6 3 3 2 0 0
"58" 58 0.372093023256 222 167 55 17 8 7 7 7 6 3 1 0 0 0 0 0 0 0 0 0
"59" 59 0.120689655172 111 81 47 47 40 39 29 26 21 14 13 9 8 5 4 2 2 1 1 0
"60" 60 0.53488372093 191 97 93 44 18 12 12 10 8 7 4 3 1 0 0 0 0 0 0 0
"61" 61 0.238341968912 110 90 77 73 56 37 16 12 10 9 4 3 1 1 1 0 0 0 0 0
"62" 62 0.0 78 71 54 52 50 50 40 40 30 17 9 6 2 1 0 0 0 0 0 0
"63" 63 0.131782945736 240 75 72 35 21 13 13 6 6 6 5 3 2 2 1 0 0 0 0 0
"64" 64 0.631178707224 143 121 62 50 29 24 20 16 13 5 4 3 3 3 2 2 0 0 0 0
"65" 65 0.11004784689 312 41 33 28 22 17 13 12 8 4 3 2 2 1 1 1 0 0 0 0
"66" 66 0.0 318 108 46 9 8 7 3 1 0 0 0 0 0 0 0 0 0 0 0 0
"67" 67 0.162790697674 161 115 66 45 37 24 22 10 5 5 4 2 2 1 1 0 0 0 0 0
"68" 68 0.139534883721 166 107 93 51 32 17 15 5 3 3 2 2 2 1 1 0 0 0 0 0
"69" 69 0.0 226 111 63 46 37 8 7 2 0 0 0 0 0 0 0 0 0 0 0 0
"70" 70 0.171532846715 182 134 127 31 8 5 4 3 3 2 1 0 0 0 0 0 0 0 0 0
"71" 71 0.620437956204 152 129 86 41 25 22 12 11 11 6 2 1 1 1 0 0 0 0 0 0
"72" 72 0.0384615384615 484 16 0 0 0 0 0 0 0 0 0 0 0 0 0 0 0 0 0 0
"73" 73 0.0077519379845 416 63 17 2 1 1 0 0 0 0 0 0 0 0 0 0 0 0 0 0
"74" 74 0.51572327044 163 115 89 44 39 23 11 9 4 2 1 0 0 0 0 0 0 0 0 0
"75" 75 0.538461538462 253 56 31 31 31 19 18 13 13 10 9 8 6 2 0 0 0 0 0 0
"76" 76 0.0316455696203 271 190 20 16 1 1 1 0 0 0 0 0 0 0 0 0 0 0 0 0
"77" 77 0.0298507462687 348 41 39 38 13 11 8 1 1 0 0 0 0 0 0 0 0 0 0 0
"78" 78 0.0 312 90 63 12 9 6 4 2 1 1 0 0 0 0 0 0 0 0 0 0
"79" 79 0.0348258706468 174 136 54 46 32 20 17 11 7 2 1 0 0 0 0 0 0 0 0 0
"80" 80 0.0 259 140 52 46 1 1 1 0 0 0 0 0 0 0 0 0 0 0 0 0
"81" 81 0.020725388601 161 127 65 56 34 29 19 5 1 1 1 1 0 0 0 0 0 0 0 0
"82" 82 0.0 435 20 12 10 9 8 4 1 1 0 0 0 0 0 0 0 0 0 0 0
"83" 83 0.0062893081761 268 112 78 33 6 2 1 0 0 0 0 0 0 0 0 0 0 0 0 0
"84" 84 0.380753138075 262 140 35 20 16 13 5 2 2 1 1 1 1 1 0 0 0 0 0 0
"85" 85 0.545871559633 260 123 47 32 22 7 4 2 2 1 0 0 0 0 0 0 0 0 0 0
"86" 86 0.031007751938 117 97 89 68 54 28 19 14 9 3 1 1 0 0 0 0 0 0 0 0
"87" 87 0.041825095057 308 128 16 11 10 6 5 5 5 4 1 1 0 0 0 0 0 0 0 0
"88" 88 0.341085271318 136 126 105 47 29 14 13 9 6 6 5 3 1 0 0 0 0 0 0 0
"89" 89 0.267441860465 129 102 68 56 43 41 27 11 7 7 6 2 1 0 0 0 0 0 0 0
"90" 90 0.0943396226415 106 87 57 47 36 35 33 28 20 16 12 10 8 3 2 0 0 0 0 0
"91" 91 0.544642857143 213 154 40 33 25 12 10 4 3 3 2 1 0 0 0 0 0 0 0 0
"92" 92 0.408071748879 136 89 74 69 43 26 16 13 13 9 6 3 3 0 0 0 0 0 0 0
"93" 93 0.0 396 52 18 10 9 5 3 2 2 1 1 1 0 0 0 0 0 0 0 0
"94" 94 0.192468619247 191 80 64 38 34 31 31 20 6 2 1 1 1 0 0 0 0 0 0 0
"95" 95 0.540178571429 142 88 83 53 39 25 20 16 14 9 6 4 1 0 0 0 0 0 0 0
"96" 96 0.174358974359 109 102 59 40 37 34 26 20 18 16 15 11 5 5 1 1 1 0 0 0
"97" 97 0.0 429 34 17 10 6 2 1 1 0 0 0 0 0 0 0 0 0 0 0 0
"98" 98 0.162790697674 114 92 73 72 55 30 18 14 8 8 5 4 3 2 1 1 0 0 0 0
"99" 99 0.267441860465 129 82 72 44 32 30 23 18 14 12 11 10 8 7 4 2 1 1 0 0
"100" 100 0.0 147 94 71 60 50 18 17 15 9 7 6 4 1 1 0 0 0 0 0 0
"101" 101 0.197247706422 187 108 62 44 23 13 12 11 10 7 7 5 4 4 2 1 0 0 0 0
"102" 102 0.689781021898 100 96 59 49 42 41 40 23 23 11 7 4 3 2 0 0 0 0 0 0
"103" 103 0.217054263566 400 61 20 6 3 3 3 2 1 1 0 0 0 0 0 0 0 0 0 0
"104" 104 0.134615384615 500 0 0 0 0 0 0 0 0 0 0 0 0 0 0 0 0 0 0 0
"105" 105 0.0387596899225 323 145 32 0 0 0 0 0 0 0 0 0 0 0 0 0 0 0 0 0
"106" 106 0.302564102564 162 140 86 41 25 22 8 6 5 2 2 1 0 0 0 0 0 0 0 0
"107" 107 0.0137614678899 370 62 30 24 7 3 1 1 1 1 0 0 0 0 0 0 0 0 0 0
"108" 108 0.0 321 108 32 13 7 5 5 4 3 1 1 0 0 0 0 0 0 0 0 0
"109" 109 0.0295358649789 196 154 70 28 12 11 9 8 6 3 2 1 0 0 0 0 0 0 0 0
"110" 110 0.010152284264 216 127 43 39 21 19 16 8 4 4 2 1 0 0 0 0 0 0 0 0
"111" 111 0.0357142857143 216 162 43 27 14 9 7 6 5 4 4 2 1 0 0 0 0 0 0 0
"112" 112 0.115384615385 500 0 0 0 0 0 0 0 0 0 0 0 0 0 0 0 0 0 0 0
"113" 113 0.0769230769231 484 10 2 1 1 1 1 0 0 0 0 0 0 0 0 0 0 0 0 0
"114" 114 0.495535714286 153 90 77 44 31 30 20 17 17 9 4 4 3 1 0 0 0 0 0 0
"115" 115 0.556737588652 258 93 44 41 17 17 16 4 4 3 2 1 0 0 0 0 0 0 0 0
"116" 116 0.00497512437811 238 94 49 22 21 19 17 16 9 5 4 3 2 1 0 0 0 0 0 0
"117" 117 0.195402298851 203 74 49 46 27 18 18 17 16 8 7 5 5 3 2 2 0 0 0 0
"118" 118 0.513392857143 160 124 43 37 35 23 17 17 12 12 9 7 2 1 1 0 0 0 0 0
"119" 119 0.0348837209302 115 88 46 44 38 34 29 26 17 16 13 7 7 6 6 5 3 0 0 0
"120" 120 0.00574712643678 288 91 40 24 18 9 8 7 5 5 4 1 0 0 0 0 0 0 0 0
"121" 121 0.421524663677 182 132 72 23 20 16 16 12 7 7 7 3 2 1 0 0 0 0 0 0
"122" 122 0.178899082569 161 131 53 42 21 20 20 18 10 5 5 4 4 2 2 1 1 0 0 0
"123" 123 0.0 398 34 20 14 9 7 7 4 2 2 1 1 1 0 0 0 0 0 0 0
"124" 124 0.261627906977 118 98 84 43 36 28 25 11 11 11 10 8 6 5 3 2 1 0 0 0
"125" 125 0.633928571429 189 85 84 40 34 22 17 8 5 4 4 3 3 1 1 0 0 0 0 0
"126" 126 0.419708029197 97 91 79 56 51 47 24 22 11 8 7 2 2 2 1 0 0 0 0 0
"127" 127 0.643410852713 373 127 0 0 0 0 0 0 0 0 0 0 0 0 0 0 0 0 0 0
"128" 128 0.0804597701149 308 62 42 40 21 11 6 4 3 2 1 0 0 0 0 0 0 0 0 0
"129" 129 0.182389937107 109 86 70 46 42 33 32 17 17 13 12 11 6 3 1 1 1 0 0 0
"130" 130 0.0 449 25 8 6 4 3 3 2 0 0 0 0 0 0 0 0 0 0 0 0
"131" 131 0.0 183 73 62 56 41 33 19 14 13 5 1 0 0 0 0 0 0 0 0 0
"132" 132 0.0192307692308 306 163 24 7 0 0 0 0 0 0 0 0 0 0 0 0 0 0 0 0
"133" 133 0.0239234449761 404 45 29 13 5 3 1 0 0 0 0 0 0 0 0 0 0 0 0 0
"134" 134 0.0199004975124 218 150 78 28 11 9 3 1 1 1 0 0 0 0 0 0 0 0 0 0
"135" 135 0.0673076923077 500 0 0 0 0 0 0 0 0 0 0 0 0 0 0 0 0 0 0 0
"136" 136 0.0348258706468 185 97 48 47 34 24 22 18 7 6 6 2 2 1 1 0 0 0 0 0
"137" 137 0.0697674418605 239 101 70 34 21 14 8 7 3 2 1 0 0 0 0 0 0 0 0 0
"138" 138 0.100628930818 154 122 94 68 41 11 6 1 1 1 1 0 0 0 0 0 0 0 0 0
"139" 139 0.0627802690583 229 57 51 35 32 29 22 16 10 6 5 3 3 1 1 0 0 0 0 0
"140" 140 0.291390728477 180 93 66 53 45 31 10 8 6 5 2 1 0 0 0 0 0 0 0 0
"141" 141 0.0804597701149 148 125 79 74 28 13 10 8 6 2 2 2 1 1 1 0 0 0 0 0
"142" 142 0.610256410256 148 111 54 39 24 19 19 17 17 14 13 10 7 4 2 1 1 0 0 0
"143" 143 0.705583756345 168 100 71 43 34 26 21 13 9 4 4 3 3 1 0 0 0 0 0 0
"144" 144 0.225941422594 350 42 24 18 11 11 7 7 7 4 4 3 3 3 2 2 2 0 0 0
"145" 145 0.538461538462 443 54 2 1 0 0 0 0 0 0 0 0 0 0 0 0 0 0 0 0
"146" 146 0.153846153846 492 4 1 1 1 1 0 0 0 0 0 0 0 0 0 0 0 0 0 0
"147" 147 0.399239543726 144 135 93 66 19 11 8 7 5 4 4 3 1 0 0 0 0 0 0 0
"148" 148 0.464135021097 92 82 73 53 48 43 37 30 15 8 6 5 3 2 1 1 1 0 0 0
"149" 149 0.183908045977 145 90 76 50 43 30 20 13 8 8 6 3 3 3 1 1 0 0 0 0
"150" 150 0.224215246637 296 49 30 30 20 17 13 12 11 9 4 2 2 2 2 1 0 0 0 0
"151" 151 0.0865384615385 500 0 0 0 0 0 0 0 0 0 0 0 0 0 0 0 0 0 0 0
"152" 152 0.492700729927 223 80 44 43 21 17 17 16 14 7 6 5 4 2 1 0 0 0 0 0
"153" 153 0.471153846154 500 0 0 0 0 0 0 0 0 0 0 0 0 0 0 0 0 0 0 0
"154" 154 0.611398963731 143 137 84 37 31 27 17 10 6 4 2 2 0 0 0 0 0 0 0 0
"155" 155 0.75 161 121 76 40 24 14 13 12 11 10 9 5 3 1 0 0 0 0 0 0
"156" 156 0.317829457364 210 70 54 47 29 27 19 13 7 6 4 3 3 2 2 2 2 0 0 0
"157" 157 0.0288461538462 156 108 80 58 40 27 15 5 4 2 2 1 1 1 0 0 0 0 0 0
"158" 158 0.414507772021 168 94 93 42 32 21 21 5 5 4 4 3 3 2 2 1 0 0 0 0
"159" 159 0.42600896861 139 139 101 34 31 16 8 7 7 5 4 4 2 1 1 1 0 0 0 0
"160" 160 0.109452736318 209 96 52 44 35 30 14 8 4 2 2 1 1 1 1 0 0 0 0 0
"161" 161 0.144278606965 152 127 69 60 29 20 14 11 7 6 2 1 1 1 0 0 0 0 0 0
"162" 162 0.364238410596 179 84 61 49 37 19 15 15 13 8 5 4 4 4 3 0 0 0 0 0
"163" 163 0.0880829015544 100 99 79 78 48 25 20 18 17 5 4 3 2 1 1 0 0 0 0 0
"164" 164 0.0077519379845 362 37 31 15 14 10 6 6 5 4 4 3 2 1 0 0 0 0 0 0
"165" 165 0.348258706468 184 141 68 50 11 8 6 6 5 5 4 4 4 3 1 0 0 0 0 0
"166" 166 0.116279069767 94 91 80 77 53 44 11 10 9 7 5 4 4 3 3 2 2 1 0 0
"167" 167 0.0149253731343 144 102 100 56 45 27 9 8 7 2 0 0 0 0 0 0 0 0 0 0
"168" 168 0.191964285714 202 99 50 28 22 21 17 17 12 9 8 7 4 1 1 1 1 0 0 0
"169" 169 0.674418604651 185 74 68 61 49 14 14 13 12 6 2 1 1 0 0 0 0 0 0 0
"170" 170 0.046511627907 456 35 7 1 1 0 0 0 0 0 0 0 0 0 0 0 0 0 0 0
"171" 171 0.259615384615 499 1 0 0 0 0 0 0 0 0 0 0 0 0 0 0 0 0 0 0
"172" 172 0.031007751938 422 70 5 3 0 0 0 0 0 0 0 0 0 0 0 0 0 0 0 0
"173" 173 0.313901345291 163 106 41 39 32 32 20 13 13 12 11 6 6 3 2 1 0 0 0 0
"174" 174 0.0 387 68 17 12 4 4 3 2 1 1 1 0 0 0 0 0 0 0 0 0
"175" 175 0.0149253731343 185 127 72 55 16 15 13 11 3 2 1 0 0 0 0 0 0 0 0 0
"176" 176 0.0229885057471 413 26 13 11 9 8 6 3 3 2 2 2 1 1 0 0 0 0 0 0
"177" 177 0.0 268 75 45 41 26 17 16 5 3 2 2 0 0 0 0 0 0 0 0 0
"178" 178 0.120535714286 174 152 143 12 8 6 4 1 0 0 0 0 0 0 0 0 0 0 0 0
"179" 179 0.0316455696203 190 145 80 23 22 20 6 4 3 3 3 1 0 0 0 0 0 0 0 0
"180" 180 0.0 161 159 78 46 35 10 8 2 1 0 0 0 0 0 0 0 0 0 0 0
"181" 181 0.0566037735849 406 29 25 19 16 4 1 0 0 0 0 0 0 0 0 0 0 0 0 0
"182" 182 0.0919540229885 235 72 64 58 27 14 12 7 7 2 2 0 0 0 0 0 0 0 0 0
"183" 183 0.441964285714 223 149 34 29 16 13 10 9 5 5 4 3 0 0 0 0 0 0 0 0
"184" 184 0.0497512437811 224 68 60 33 31 22 10 10 9 8 7 5 4 3 3 2 1 0 0 0
"185" 185 0.0 320 133 25 11 10 1 0 0 0 0 0 0 0 0 0 0 0 0 0 0
"186" 186 0.430379746835 195 141 98 21 13 8 6 5 5 4 3 1 0 0 0 0 0 0 0 0
"187" 187 0.357664233577 222 86 67 53 18 13 10 9 6 6 4 3 2 1 0 0 0 0 0 0
"188" 188 0.0 339 27 26 20 16 15 13 13 13 10 3 3 2 0 0 0 0 0 0 0
"189" 189 0.0639534883721 196 174 68 31 17 6 3 2 1 1 1 0 0 0 0 0 0 0 0 0
"190" 190 0.607142857143 186 85 77 45 44 37 9 7 3 3 2 1 1 0 0 0 0 0 0 0
"191" 191 0.364341085271 111 85 53 50 48 46 29 26 11 11 9 6 5 4 3 3 0 0 0 0
"192" 192 0.0298507462687 378 82 15 11 3 3 2 2 2 1 1 0 0 0 0 0 0 0 0 0
"193" 193 0.496124031008 127 112 66 65 63 43 11 5 3 2 1 1 1 0 0 0 0 0 0 0
"194" 194 0.0812182741117 299 53 34 31 27 15 9 8 7 4 3 3 2 2 2 1 0 0 0 0
"195" 195 0.0 189 153 112 28 4 3 3 2 2 2 1 1 0 0 0 0 0 0 0 0
"196" 196 0.0 249 191 38 15 3 1 1 1 1 0 0 0 0 0 0 0 0 0 0 0
"197" 197 0.0152284263959 180 153 41 33 31 20 19 10 5 4 2 1 1 0 0 0 0 0 0 0
"198" 198 0.0 404 50 44 1 1 0 0 0 0 0 0 0 0 0 0 0 0 0 0 0
"199" 199 0.0710659898477 233 182 44 28 4 3 2 1 1 1 1 0 0 0 0 0 0 0 0 0
"200" 200 0.0288461538462 481 6 4 3 2 2 1 1 0 0 0 0 0 0 0 0 0 0 0 0
"201" 201 0.0 322 102 60 16 0 0 0 0 0 0 0 0 0 0 0 0 0 0 0 0
"202" 202 0.0 500 0 0 0 0 0 0 0 0 0 0 0 0 0 0 0 0 0 0 0
"203" 203 0.282051282051 219 217 40 9 5 4 3 2 1 0 0 0 0 0 0 0 0 0 0 0
"204" 204 0.235632183908 93 81 78 47 33 30 28 28 26 18 18 15 4 1 0 0 0 0 0 0
"205" 205 0.0116279069767 326 89 62 21 2 0 0 0 0 0 0 0 0 0 0 0 0 0 0 0
"206" 206 0.0880829015544 162 134 49 31 25 23 22 21 17 5 5 4 1 1 0 0 0 0 0 0
"207" 207 0.0 451 38 9 1 1 0 0 0 0 0 0 0 0 0 0 0 0 0 0 0
"208" 208 0.0134529147982 288 64 28 28 20 19 16 10 10 10 4 2 1 0 0 0 0 0 0 0
"209" 209 0.0659898477157 357 49 31 25 10 8 8 6 3 2 1 0 0 0 0 0 0 0 0 0
"210" 210 0.00497512437811 178 152 68 38 23 13 7 7 5 4 2 1 1 1 0 0 0 0 0 0
"211" 211 0.120689655172 220 186 22 18 16 14 9 4 4 3 2 2 0 0 0 0 0 0 0 0
"212" 212 0.0 263 70 59 51 17 11 10 7 6 4 1 1 0 0 0 0 0 0 0 0
"213" 213 0.129186602871 241 62 45 41 29 28 23 9 8 4 4 2 2 2 0 0 0 0 0 0
"214" 214 0.0880829015544 219 59 57 28 28 27 21 17 13 11 10 6 3 1 0 0 0 0 0 0
"215" 215 0.0077519379845 207 65 57 55 30 18 17 16 16 6 6 3 2 2 0 0 0 0 0 0
"216" 216 0.0418410041841 249 70 54 36 27 26 21 10 3 2 1 1 0 0 0 0 0 0 0 0
"217" 217 0.307692307692 470 26 1 1 1 1 0 0 0 0 0 0 0 0 0 0 0 0 0 0
"218" 218 0.446700507614 334 89 26 10 9 9 8 4 3 2 2 1 1 1 1 0 0 0 0 0
"219" 219 0.313953488372 150 107 48 32 29 26 21 21 17 12 8 7 7 6 3 3 3 0 0 0
"220" 220 0.625 143 107 66 60 57 32 26 4 2 2 1 0 0 0 0 0 0 0 0 0
"221" 221 0.673076923077 500 0 0 0 0 0 0 0 0 0 0 0 0 0 0 0 0 0 0 0
"222" 222 0.928229665072 217 114 47 34 31 22 20 7 4 2 1 1 0 0 0 0 0 0 0 0
"223" 223 0.253807106599 241 58 40 36 29 26 18 16 9 8 8 4 3 1 1 1 1 0 0 0
"224" 224 0.295597484277 230 94 94 28 28 15 4 2 2 1 1 1 0 0 0 0 0 0 0 0
"225" 225 0.476793248945 95 92 68 55 52 37 35 17 13 13 8 4 3 2 2 2 2 0 0 0
"226" 226 0.108786610879 255 88 71 38 25 5 4 3 2 2 2 2 1 1 1 0 0 0 0 0
"227" 227 0.0387596899225 146 138 126 31 28 14 4 3 3 3 2 1 1 0 0 0 0 0 0 0
"228" 228 0.143459915612 149 128 92 59 26 25 12 6 2 1 0 0 0 0 0 0 0 0 0 0
"229" 229 0.25641025641 335 53 28 26 13 11 11 10 7 4 2 0 0 0 0 0 0 0 0 0
"230" 230 0.00418410041841 251 230 9 9 1 0 0 0 0 0 0 0 0 0 0 0 0 0 0 0
"231" 231 0.218905472637 213 121 62 46 16 11 11 10 3 2 2 2 1 0 0 0 0 0 0 0
"232" 232 0.612403100775 165 156 85 27 22 21 13 4 2 2 2 1 0 0 0 0 0 0 0 0
"233" 233 0.651785714286 124 103 58 55 30 29 28 25 21 13 6 4 3 1 0 0 0 0 0 0
"234" 234 0.174418604651 112 86 76 72 63 45 25 9 4 3 3 1 1 0 0 0 0 0 0 0
"235" 235 0.663461538462 500 0 0 0 0 0 0 0 0 0 0 0 0 0 0 0 0 0 0 0
"236" 236 0.419689119171 135 87 81 40 37 32 29 17 9 9 8 6 6 3 1 0 0 0 0 0
"237" 237 0.269035532995 351 42 31 14 12 12 9 7 7 6 5 2 1 1 0 0 0 0 0 0
"238" 238 0.412408759124 140 90 59 51 42 42 14 13 12 12 9 8 6 2 0 0 0 0 0 0
"239" 239 0.116279069767 128 111 57 56 51 50 24 6 6 4 3 3 1 0 0 0 0 0 0 0
"240" 240 0.0 485 8 6 1 0 0 0 0 0 0 0 0 0 0 0 0 0 0 0 0
"241" 241 0.00574712643678 178 70 70 39 27 24 19 19 15 11 7 6 5 4 2 2 1 1 0 0
"242" 242 0.441605839416 196 88 82 69 31 11 7 5 4 3 2 1 1 0 0 0 0 0 0 0
"243" 243 0.22869955157 178 79 66 51 33 32 14 12 12 8 5 4 2 2 1 1 0 0 0 0
"244" 244 0.0114068441065 244 100 74 20 15 13 13 7 6 2 2 1 1 1 1 0 0 0 0 0
"245" 245 0.229357798165 89 79 59 54 51 39 22 21 20 19 19 10 10 4 3 1 0 0 0 0
"246" 246 0.46511627907 186 92 76 42 36 24 16 13 6 3 3 2 1 0 0 0 0 0 0 0
"247" 247 0.142857142857 227 137 40 28 21 15 7 7 6 6 3 1 1 1 0 0 0 0 0 0
"248" 248 0.00574712643678 216 98 82 42 25 18 13 4 1 1 0 0 0 0 0 0 0 0 0 0
"249" 249 0.504464285714 164 75 74 37 30 26 20 17 13 13 9 7 5 4 3 3 0 0 0 0
"250" 250 0.483443708609 182 110 51 30 29 29 26 9 8 7 6 5 4 2 1 1 0 0 0 0
"251" 251 0.0961538461538 451 20 16 6 3 2 1 1 0 0 0 0 0 0 0 0 0 0 0 0
"252" 252 0.505747126437 225 74 63 62 15 15 13 11 9 8 3 1 1 0 0 0 0 0 0 0
"253" 253 0.0114068441065 309 71 63 39 8 4 2 2 1 1 0 0 0 0 0 0 0 0 0 0
"254" 254 0.0188679245283 214 152 45 36 16 10 8 4 4 4 4 2 1 0 0 0 0 0 0 0
"255" 255 0.182692307692 328 69 37 19 18 17 5 3 2 1 1 0 0 0 0 0 0 0 0 0
"256" 256 0.584821428571 259 79 47 36 34 18 8 7 6 2 1 1 1 1 0 0 0 0 0 0
"257" 257 0.669642857143 185 106 87 56 35 15 8 6 1 1 0 0 0 0 0 0 0 0 0 0
"258" 258 0.0717703349282 419 14 12 12 12 12 10 4 2 1 1 1 0 0 0 0 0 0 0 0
"259" 259 0.0331125827815 199 183 25 22 16 14 9 9 9 7 3 2 1 1 0 0 0 0 0 0
"260" 260 0.112970711297 270 54 46 27 25 16 14 13 10 8 5 4 4 1 1 1 1 0 0 0
"261" 261 0.535885167464 236 59 56 42 38 22 17 13 7 6 4 0 0 0 0 0 0 0 0 0
