"site" "RSA" "aa1" "aa2" "aa3" "aa4" "aa5" "aa6" "aa7" "aa8" "aa9" "aa10" "aa11" "aa12" "aa13" "aa14" "aa15" "aa16" "aa17" "aa18" "aa19" "aa20"
"0" 0 0.261627906977 216 58 51 51 50 28 21 15 9 1 0 0 0 0 0 0 0 0 0 0
"1" 1 0.623574144487 238 76 54 40 24 20 18 8 7 6 4 3 2 0 0 0 0 0 0 0
"2" 2 0.360465116279 222 125 120 20 5 3 2 1 1 1 0 0 0 0 0 0 0 0 0 0
"3" 3 0.279069767442 180 74 55 46 42 40 24 22 9 5 3 0 0 0 0 0 0 0 0 0
"4" 4 0.0875912408759 230 149 36 26 15 14 13 10 2 2 1 1 1 0 0 0 0 0 0 0
"5" 5 0.107623318386 159 123 43 39 39 35 22 11 10 10 9 0 0 0 0 0 0 0 0 0
"6" 6 0.0659898477157 217 148 85 15 11 11 4 4 3 1 1 0 0 0 0 0 0 0 0 0
"7" 7 0.0 500 0 0 0 0 0 0 0 0 0 0 0 0 0 0 0 0 0 0 0
"8" 8 0.062015503876 371 67 24 15 9 5 4 4 1 0 0 0 0 0 0 0 0 0 0 0
"9" 9 0.282700421941 252 75 61 42 27 10 8 7 5 5 3 3 1 1 0 0 0 0 0 0
"10" 10 0.0820512820513 252 88 51 45 21 14 10 6 5 5 3 0 0 0 0 0 0 0 0 0
"11" 11 0.21511627907 271 75 52 40 24 21 5 4 2 2 2 1 1 0 0 0 0 0 0 0
"12" 12 0.55223880597 80 77 74 68 64 26 25 23 22 19 7 6 4 2 2 1 0 0 0 0
"13" 13 0.379464285714 264 64 56 29 28 27 23 4 3 1 1 0 0 0 0 0 0 0 0 0
"14" 14 0.0152091254753 208 182 41 26 25 5 4 3 3 2 1 0 0 0 0 0 0 0 0 0
"15" 15 0.210970464135 100 85 84 77 67 36 17 15 8 6 3 1 1 0 0 0 0 0 0 0
"16" 16 0.0114942528736 191 186 31 20 19 18 11 10 7 3 3 1 0 0 0 0 0 0 0 0
"17" 17 0.0342205323194 226 208 48 12 3 2 1 0 0 0 0 0 0 0 0 0 0 0 0 0
"18" 18 0.00507614213198 244 134 81 23 14 3 1 0 0 0 0 0 0 0 0 0 0 0 0 0
"19" 19 0.111607142857 173 163 116 25 15 3 2 1 1 1 0 0 0 0 0 0 0 0 0 0
"20" 20 0.367088607595 266 148 31 23 15 3 3 3 2 2 2 1 1 0 0 0 0 0 0 0
"21" 21 0.580310880829 414 70 6 3 2 2 2 1 0 0 0 0 0 0 0 0 0 0 0 0
"22" 22 0.336538461538 480 19 1 0 0 0 0 0 0 0 0 0 0 0 0 0 0 0 0 0
"23" 23 0.354430379747 135 119 54 40 33 32 25 25 18 13 3 2 1 0 0 0 0 0 0 0
"24" 24 0.0 164 139 98 46 45 7 1 0 0 0 0 0 0 0 0 0 0 0 0 0
"25" 25 0.0459770114943 412 55 13 8 4 3 2 2 1 0 0 0 0 0 0 0 0 0 0 0
"26" 26 0.0 401 85 8 6 0 0 0 0 0 0 0 0 0 0 0 0 0 0 0 0
"27" 27 0.0077519379845 429 58 7 3 1 1 1 0 0 0 0 0 0 0 0 0 0 0 0 0
"28" 28 0.0 398 49 20 18 4 3 3 2 1 1 1 0 0 0 0 0 0 0 0 0
"29" 29 0.0 465 28 3 1 1 1 1 0 0 0 0 0 0 0 0 0 0 0 0 0
"30" 30 0.0310880829016 361 118 20 1 0 0 0 0 0 0 0 0 0 0 0 0 0 0 0 0
"31" 31 0.0 379 85 14 11 5 2 2 1 1 0 0 0 0 0 0 0 0 0 0 0
"32" 32 0.327044025157 176 167 58 51 39 4 4 1 0 0 0 0 0 0 0 0 0 0 0 0
"33" 33 0.00497512437811 302 70 69 27 26 3 2 1 0 0 0 0 0 0 0 0 0 0 0 0
"34" 34 0.269961977186 359 123 13 5 0 0 0 0 0 0 0 0 0 0 0 0 0 0 0 0
"35" 35 0.395348837209 168 83 45 36 35 29 22 18 11 11 10 10 6 5 5 3 2 1 0 0
"36" 36 0.243523316062 349 46 36 15 12 10 8 7 6 2 2 2 2 2 1 0 0 0 0 0
"37" 37 0.607594936709 251 57 53 53 38 25 7 6 5 2 2 1 0 0 0 0 0 0 0 0
"38" 38 0.607142857143 231 148 64 45 7 4 1 0 0 0 0 0 0 0 0 0 0 0 0 0
"39" 39 0.553846153846 287 62 34 28 24 21 15 13 9 3 2 1 1 0 0 0 0 0 0 0
"40" 40 0.210256410256 150 94 71 57 41 35 16 15 11 8 1 1 0 0 0 0 0 0 0 0
"41" 41 0.131979695431 143 113 95 34 33 22 16 15 14 8 4 3 0 0 0 0 0 0 0 0
"42" 42 0.00418410041841 325 84 77 7 4 2 1 0 0 0 0 0 0 0 0 0 0 0 0 0
"43" 43 0.0358974358974 206 149 42 29 19 14 12 10 4 4 3 2 2 2 1 1 0 0 0 0
"44" 44 0.0 223 211 19 15 13 12 4 3 0 0 0 0 0 0 0 0 0 0 0 0
"45" 45 0.0 272 158 27 16 14 9 3 1 0 0 0 0 0 0 0 0 0 0 0 0
"46" 46 0.0 307 127 52 4 4 3 1 1 1 0 0 0 0 0 0 0 0 0 0 0
"47" 47 0.0535714285714 273 163 27 16 11 3 2 2 2 1 0 0 0 0 0 0 0 0 0 0
"48" 48 0.0 473 18 3 3 2 1 0 0 0 0 0 0 0 0 0 0 0 0 0 0
"49" 49 0.0943396226415 171 126 125 31 20 16 6 4 1 0 0 0 0 0 0 0 0 0 0 0
"50" 50 0.105839416058 382 76 20 19 2 1 0 0 0 0 0 0 0 0 0 0 0 0 0 0
"51" 51 0.446808510638 427 33 32 3 2 1 1 1 0 0 0 0 0 0 0 0 0 0 0 0
"52" 52 0.28488372093 173 113 83 61 23 19 14 10 2 1 1 0 0 0 0 0 0 0 0 0
"53" 53 0.0820512820513 300 94 37 16 14 11 8 6 4 3 3 2 1 1 0 0 0 0 0 0
"54" 54 0.062015503876 124 123 123 53 38 9 9 7 6 4 2 1 1 0 0 0 0 0 0 0
"55" 55 0.0675105485232 413 28 20 11 6 6 6 4 2 2 1 1 0 0 0 0 0 0 0 0
"56" 56 0.0248756218905 235 125 55 21 19 11 9 6 4 4 4 3 2 1 1 0 0 0 0 0
"57" 57 0.183035714286 177 139 85 30 24 15 13 7 6 2 1 1 0 0 0 0 0 0 0 0
"58" 58 0.0152284263959 171 163 111 36 5 5 4 4 1 0 0 0 0 0 0 0 0 0 0 0
"59" 59 0.110465116279 459 16 6 3 3 3 3 2 2 1 1 1 0 0 0 0 0 0 0 0
"60" 60 0.189781021898 165 122 78 72 13 12 9 8 8 3 3 3 2 1 1 0 0 0 0 0
"61" 61 0.433035714286 387 30 27 18 16 9 4 4 3 2 0 0 0 0 0 0 0 0 0 0
"62" 62 0.334821428571 134 86 66 54 46 42 40 9 7 5 3 3 2 2 1 0 0 0 0 0
"63" 63 0.267441860465 330 53 33 16 15 15 15 8 6 5 3 1 0 0 0 0 0 0 0 0
"64" 64 0.0 231 137 109 10 9 2 1 1 0 0 0 0 0 0 0 0 0 0 0 0
"65" 65 0.0 333 86 44 34 2 1 0 0 0 0 0 0 0 0 0 0 0 0 0 0
"66" 66 0.0 352 85 35 28 0 0 0 0 0 0 0 0 0 0 0 0 0 0 0 0
"67" 67 0.0 465 12 7 6 4 3 2 1 0 0 0 0 0 0 0 0 0 0 0 0
"68" 68 0.157360406091 172 157 64 62 23 7 5 5 3 2 0 0 0 0 0 0 0 0 0 0
"69" 69 0.0358744394619 137 128 105 42 40 18 7 6 6 5 3 1 1 1 0 0 0 0 0 0
"70" 70 0.20725388601 149 90 56 45 38 38 31 23 20 5 2 2 1 0 0 0 0 0 0 0
"71" 71 0.348837209302 123 90 77 71 59 21 15 15 12 6 3 3 2 1 1 1 0 0 0 0
"72" 72 0.409282700422 378 35 26 20 13 7 6 3 3 2 2 2 1 1 1 0 0 0 0 0
"73" 73 0.776371308017 468 30 1 1 0 0 0 0 0 0 0 0 0 0 0 0 0 0 0 0
"74" 74 0.5 480 20 0 0 0 0 0 0 0 0 0 0 0 0 0 0 0 0 0 0
"75" 75 0.451476793249 121 88 86 38 36 24 23 22 18 16 15 6 5 1 1 0 0 0 0 0
"76" 76 0.18407960199 304 50 47 23 20 13 8 7 7 4 4 3 3 3 2 2 0 0 0 0
"77" 77 0.124087591241 142 100 68 60 47 40 12 10 10 4 3 3 1 0 0 0 0 0 0 0
"78" 78 0.112970711297 242 120 102 8 7 5 4 3 3 3 2 1 0 0 0 0 0 0 0 0
"79" 79 0.0 171 89 57 51 45 17 13 11 10 9 9 6 6 2 2 1 1 0 0 0
"80" 80 0.167883211679 309 51 32 30 25 16 9 8 4 3 3 3 3 3 1 0 0 0 0 0
"81" 81 0.0358974358974 179 98 86 42 40 28 22 2 1 1 1 0 0 0 0 0 0 0 0 0
"82" 82 0.0569620253165 236 187 30 25 7 6 6 2 1 0 0 0 0 0 0 0 0 0 0 0
"83" 83 0.359832635983 249 88 84 46 15 9 6 1 1 1 0 0 0 0 0 0 0 0 0 0
"84" 84 0.465408805031 356 60 51 16 8 5 1 1 1 1 0 0 0 0 0 0 0 0 0 0
"85" 85 0.0765550239234 337 127 11 9 4 3 3 2 2 1 1 0 0 0 0 0 0 0 0 0
"86" 86 0.454545454545 154 104 73 49 39 17 16 16 9 8 6 4 2 2 1 0 0 0 0 0
"87" 87 0.0 500 0 0 0 0 0 0 0 0 0 0 0 0 0 0 0 0 0 0 0
"88" 88 0.0 216 191 60 14 10 3 2 2 2 0 0 0 0 0 0 0 0 0 0 0
"89" 89 0.106598984772 245 95 86 63 4 3 3 1 0 0 0 0 0 0 0 0 0 0 0 0
"90" 90 0.00956937799043 301 55 52 43 14 13 13 6 1 1 1 0 0 0 0 0 0 0 0 0
"91" 91 0.0 360 114 11 8 4 2 1 0 0 0 0 0 0 0 0 0 0 0 0 0
"92" 92 0.0342205323194 294 125 47 9 8 8 2 2 2 1 1 1 0 0 0 0 0 0 0 0
"93" 93 0.0 500 0 0 0 0 0 0 0 0 0 0 0 0 0 0 0 0 0 0 0
"94" 94 0.0077519379845 137 113 100 25 22 22 20 17 16 12 7 4 3 2 0 0 0 0 0 0
"95" 95 0.0 202 107 94 42 26 12 8 3 3 1 1 1 0 0 0 0 0 0 0 0
"96" 96 0.0062893081761 260 133 107 0 0 0 0 0 0 0 0 0 0 0 0 0 0 0 0 0
"97" 97 0.103139013453 197 196 102 4 1 0 0 0 0 0 0 0 0 0 0 0 0 0 0 0
"98" 98 0.0 346 153 1 0 0 0 0 0 0 0 0 0 0 0 0 0 0 0 0 0
"99" 99 0.00354609929078 370 69 40 20 1 0 0 0 0 0 0 0 0 0 0 0 0 0 0 0
"100" 100 0.0 290 118 41 22 15 9 4 1 0 0 0 0 0 0 0 0 0 0 0 0
"101" 101 0.134715025907 330 128 29 9 3 1 0 0 0 0 0 0 0 0 0 0 0 0 0 0
"102" 102 0.0880503144654 420 18 15 12 7 6 5 3 3 2 2 2 2 1 1 1 0 0 0 0
"103" 103 0.261538461538 149 103 58 46 41 36 33 17 4 3 3 3 2 1 1 0 0 0 0 0
"104" 104 0.419540229885 215 122 39 36 33 11 9 7 7 7 5 4 3 1 1 0 0 0 0 0
"105" 105 0.456953642384 80 78 76 60 50 33 24 18 18 16 14 10 9 8 3 2 1 0 0 0
"106" 106 0.0143540669856 423 21 20 18 6 6 4 1 1 0 0 0 0 0 0 0 0 0 0 0
"107" 107 0.641509433962 279 76 36 28 24 17 13 10 9 7 1 0 0 0 0 0 0 0 0 0
"108" 108 0.174107142857 234 89 50 32 26 25 22 11 5 3 1 1 1 0 0 0 0 0 0 0
"109" 109 0.0872093023256 281 131 46 18 9 9 4 1 1 0 0 0 0 0 0 0 0 0 0 0
"110" 110 0.691983122363 394 26 20 17 15 13 7 7 1 0 0 0 0 0 0 0 0 0 0 0
"111" 111 0.100775193798 234 161 80 10 9 3 1 1 1 0 0 0 0 0 0 0 0 0 0 0
"112" 112 0.33908045977 129 97 68 50 30 29 28 18 16 14 11 4 3 2 1 0 0 0 0 0
"113" 113 0.00961538461538 500 0 0 0 0 0 0 0 0 0 0 0 0 0 0 0 0 0 0 0
"114" 114 0.0984455958549 250 217 13 5 5 4 3 2 1 0 0 0 0 0 0 0 0 0 0 0
"115" 115 0.0666666666667 378 88 28 2 2 1 1 0 0 0 0 0 0 0 0 0 0 0 0 0
"116" 116 0.155440414508 224 137 66 43 25 3 1 1 0 0 0 0 0 0 0 0 0 0 0 0
"117" 117 0.0188679245283 228 200 27 15 14 9 4 3 0 0 0 0 0 0 0 0 0 0 0 0
"118" 118 0.0 281 116 55 14 13 9 5 3 2 1 1 0 0 0 0 0 0 0 0 0
"119" 119 0.0466321243523 356 79 14 12 12 7 6 4 4 2 2 1 1 0 0 0 0 0 0 0
"120" 120 0.0 192 166 89 33 8 4 2 2 2 2 0 0 0 0 0 0 0 0 0 0
"121" 121 0.0 139 112 111 83 43 5 4 1 1 1 0 0 0 0 0 0 0 0 0 0
"122" 122 0.00446428571429 336 75 56 17 9 4 2 1 0 0 0 0 0 0 0 0 0 0 0 0
"123" 123 0.0609137055838 405 28 21 21 7 5 5 4 2 1 1 0 0 0 0 0 0 0 0 0
"124" 124 0.0192307692308 366 99 20 6 3 2 2 1 1 0 0 0 0 0 0 0 0 0 0 0
"125" 125 0.566964285714 113 108 97 49 47 31 22 19 7 4 2 1 0 0 0 0 0 0 0 0
"126" 126 0.546511627907 89 76 71 57 51 37 37 23 17 12 9 8 7 4 2 0 0 0 0 0
"127" 127 0.406091370558 111 94 77 43 36 32 30 26 24 10 7 4 3 1 1 1 0 0 0 0
"128" 128 0.0697674418605 242 147 47 19 12 12 7 7 4 3 0 0 0 0 0 0 0 0 0 0
"129" 129 0.479087452471 203 72 59 51 40 38 10 6 6 6 3 3 2 1 0 0 0 0 0 0
"130" 130 0.0813953488372 481 8 6 2 1 1 1 0 0 0 0 0 0 0 0 0 0 0 0 0
"131" 131 0.0192307692308 500 0 0 0 0 0 0 0 0 0 0 0 0 0 0 0 0 0 0 0
"132" 132 0.14798206278 121 105 104 67 62 17 8 7 5 3 1 0 0 0 0 0 0 0 0 0
"133" 133 0.126436781609 354 114 10 8 4 4 4 1 1 0 0 0 0 0 0 0 0 0 0 0
"134" 134 0.042194092827 276 75 72 22 17 11 10 6 6 3 1 1 0 0 0 0 0 0 0 0
"135" 135 0.304932735426 201 106 54 45 27 21 12 7 7 7 5 4 3 1 0 0 0 0 0 0
"136" 136 0.0 243 219 23 8 6 1 0 0 0 0 0 0 0 0 0 0 0 0 0 0
"137" 137 0.130801687764 171 79 71 47 44 29 14 11 8 7 7 5 4 2 1 0 0 0 0 0
"138" 138 0.015503875969 80 80 78 67 58 44 38 25 16 5 4 2 1 1 1 0 0 0 0 0
"139" 139 0.0 297 52 47 36 33 14 8 4 3 3 2 1 0 0 0 0 0 0 0 0
"140" 140 0.0 500 0 0 0 0 0 0 0 0 0 0 0 0 0 0 0 0 0 0 0
"141" 141 0.0 257 89 62 53 11 10 8 3 3 2 1 1 0 0 0 0 0 0 0 0
"142" 142 0.0137614678899 237 132 51 31 26 7 6 5 3 1 1 0 0 0 0 0 0 0 0 0
"143" 143 0.0 368 61 18 13 12 7 5 5 3 3 2 2 1 0 0 0 0 0 0 0
"144" 144 0.0 219 161 48 43 8 6 4 3 2 2 1 1 1 1 0 0 0 0 0 0
"145" 145 0.119402985075 309 36 28 26 24 22 18 12 9 9 4 2 1 0 0 0 0 0 0 0
"146" 146 0.0362694300518 339 54 53 33 18 3 0 0 0 0 0 0 0 0 0 0 0 0 0 0
"147" 147 0.424107142857 303 116 37 15 11 8 5 3 1 1 0 0 0 0 0 0 0 0 0 0
"148" 148 0.509615384615 444 49 3 2 2 0 0 0 0 0 0 0 0 0 0 0 0 0 0 0
"149" 149 0.330357142857 200 149 101 14 10 9 8 4 3 2 0 0 0 0 0 0 0 0 0 0
"150" 150 0.0 230 161 52 33 9 4 3 2 2 1 1 1 1 0 0 0 0 0 0 0
"151" 151 0.0414507772021 216 212 44 20 7 1 0 0 0 0 0 0 0 0 0 0 0 0 0 0
"152" 152 0.0 215 131 110 21 11 7 3 1 1 0 0 0 0 0 0 0 0 0 0 0
"153" 153 0.0 298 132 37 10 5 4 3 3 2 2 2 1 1 0 0 0 0 0 0 0
"154" 154 0.0 142 116 59 40 39 31 26 21 21 5 0 0 0 0 0 0 0 0 0 0
"155" 155 0.010152284264 420 34 32 6 3 2 1 1 1 0 0 0 0 0 0 0 0 0 0 0
"156" 156 0.0 233 163 77 11 10 2 2 1 1 0 0 0 0 0 0 0 0 0 0 0
"157" 157 0.0 227 86 84 55 13 9 8 6 4 3 2 2 1 0 0 0 0 0 0 0
"158" 158 0.113989637306 390 38 22 21 12 8 4 3 1 1 0 0 0 0 0 0 0 0 0 0
"159" 159 0.289340101523 80 79 70 50 48 41 27 26 21 16 15 15 9 1 1 1 0 0 0 0
"160" 160 0.651282051282 156 144 77 31 24 21 17 11 8 7 2 1 1 0 0 0 0 0 0 0
"161" 161 0.0673575129534 215 143 44 28 16 16 16 9 4 3 3 2 1 0 0 0 0 0 0 0
"162" 162 0.584905660377 262 111 72 29 10 10 3 2 1 0 0 0 0 0 0 0 0 0 0 0
"163" 163 0.199004975124 114 79 72 67 58 18 15 15 15 13 11 9 9 3 2 0 0 0 0 0
"164" 164 0.046511627907 326 130 17 9 6 6 4 1 1 0 0 0 0 0 0 0 0 0 0 0
"165" 165 0.62893081761 364 84 20 20 7 2 1 1 1 0 0 0 0 0 0 0 0 0 0 0
"166" 166 0.523206751055 325 48 46 27 22 13 7 6 3 1 1 1 0 0 0 0 0 0 0 0
"167" 167 0.0 215 163 63 17 10 6 5 5 4 4 3 3 1 1 0 0 0 0 0 0
"168" 168 0.435897435897 192 122 60 57 21 14 10 7 5 5 4 2 1 0 0 0 0 0 0 0
"169" 169 0.222797927461 227 120 83 37 8 7 6 6 2 2 1 1 0 0 0 0 0 0 0 0
"170" 170 0.0710659898477 228 89 51 46 23 16 14 10 8 7 4 2 1 1 0 0 0 0 0 0
"171" 171 0.482142857143 112 93 90 75 38 36 34 9 6 5 1 1 0 0 0 0 0 0 0 0
"172" 172 0.113989637306 250 198 16 11 6 5 4 3 1 1 1 1 1 1 1 0 0 0 0 0
"173" 173 0.0 150 117 98 52 29 27 16 5 3 2 1 0 0 0 0 0 0 0 0 0
"174" 174 0.370535714286 193 70 62 59 37 15 15 13 10 10 6 3 3 2 1 1 0 0 0 0
"175" 175 0.527426160338 345 88 23 16 8 5 5 3 3 2 1 1 0 0 0 0 0 0 0 0
"176" 176 0.357414448669 336 88 42 26 3 1 1 1 1 1 0 0 0 0 0 0 0 0 0 0
"177" 177 0.163179916318 235 219 27 17 1 1 0 0 0 0 0 0 0 0 0 0 0 0 0 0
"178" 178 0.622641509434 254 114 64 17 17 9 8 7 7 2 1 0 0 0 0 0 0 0 0 0
"179" 179 0.278846153846 473 24 1 1 1 0 0 0 0 0 0 0 0 0 0 0 0 0 0 0
"180" 180 0.169154228856 212 89 74 52 29 18 8 6 4 2 2 2 1 1 0 0 0 0 0 0
"181" 181 0.0995024875622 302 49 41 39 22 13 8 7 6 4 3 2 2 2 0 0 0 0 0 0
"182" 182 0.740875912409 151 121 63 54 36 27 20 13 7 4 3 1 0 0 0 0 0 0 0 0
"183" 183 0.178294573643 144 108 62 50 41 25 24 18 9 7 6 4 2 0 0 0 0 0 0 0
"184" 184 0.0116279069767 203 154 33 24 20 18 15 15 6 4 3 3 2 0 0 0 0 0 0 0
"185" 185 0.148717948718 164 106 64 62 20 19 14 11 9 8 7 7 5 3 1 0 0 0 0 0
"186" 186 0.299107142857 172 150 36 34 32 31 13 12 8 6 3 1 1 1 0 0 0 0 0 0
"187" 187 0.00709219858156 177 172 140 10 1 0 0 0 0 0 0 0 0 0 0 0 0 0 0 0
"188" 188 0.0 278 100 48 36 23 4 3 3 2 1 1 1 0 0 0 0 0 0 0 0
"189" 189 0.270072992701 201 155 120 11 6 2 2 1 1 1 0 0 0 0 0 0 0 0 0 0
"190" 190 0.167512690355 204 78 72 37 33 23 19 15 7 5 4 3 0 0 0 0 0 0 0 0
"191" 191 0.0190114068441 181 120 81 73 15 15 8 2 2 2 1 0 0 0 0 0 0 0 0 0
"192" 192 0.0548523206751 136 112 92 87 28 25 9 6 3 1 1 0 0 0 0 0 0 0 0 0
"193" 193 0.395939086294 300 47 42 32 26 15 14 12 7 3 2 0 0 0 0 0 0 0 0 0
"194" 194 0.213836477987 429 34 14 11 6 3 2 1 0 0 0 0 0 0 0 0 0 0 0 0
"195" 195 0.336787564767 201 146 57 46 21 7 4 4 3 3 3 2 2 1 0 0 0 0 0 0
"196" 196 0.730769230769 488 12 0 0 0 0 0 0 0 0 0 0 0 0 0 0 0 0 0 0
"197" 197 0.320675105485 193 131 69 48 40 14 2 1 1 1 0 0 0 0 0 0 0 0 0 0
"198" 198 0.610062893082 499 1 0 0 0 0 0 0 0 0 0 0 0 0 0 0 0 0 0 0
"199" 199 0.415178571429 209 99 61 58 26 19 9 8 4 4 3 0 0 0 0 0 0 0 0 0
"200" 200 0.0461538461538 253 98 88 37 10 8 2 1 1 1 1 0 0 0 0 0 0 0 0 0
"201" 201 0.578475336323 247 107 53 35 21 15 5 5 4 2 2 1 1 1 1 0 0 0 0 0
"202" 202 0.100418410042 472 17 4 2 2 1 1 1 0 0 0 0 0 0 0 0 0 0 0 0
"203" 203 0.139534883721 145 101 59 43 40 34 28 22 13 6 5 3 1 0 0 0 0 0 0 0
"204" 204 0.276150627615 160 119 64 54 25 20 18 18 13 5 4 0 0 0 0 0 0 0 0 0
"205" 205 0.82119205298 431 69 0 0 0 0 0 0 0 0 0 0 0 0 0 0 0 0 0 0
"206" 206 0.0769230769231 499 1 0 0 0 0 0 0 0 0 0 0 0 0 0 0 0 0 0 0
"207" 207 0.459821428571 265 84 48 38 28 11 10 5 5 2 1 1 1 1 0 0 0 0 0 0
"208" 208 0.162790697674 172 109 105 38 34 14 12 10 4 1 1 0 0 0 0 0 0 0 0 0
"209" 209 0.172995780591 143 88 67 54 37 30 19 16 14 10 10 7 3 1 1 0 0 0 0 0
"210" 210 0.323076923077 466 8 7 7 6 3 2 1 0 0 0 0 0 0 0 0 0 0 0 0
"211" 211 0.253164556962 101 82 79 77 47 37 29 27 5 5 3 3 2 2 1 0 0 0 0 0
"212" 212 0.713080168776 132 111 110 53 26 23 12 11 10 5 3 3 1 0 0 0 0 0 0 0
"213" 213 0.220532319392 193 107 59 40 37 32 8 6 5 4 3 2 2 1 1 0 0 0 0 0
"214" 214 0.0 421 68 11 0 0 0 0 0 0 0 0 0 0 0 0 0 0 0 0 0
"215" 215 0.213930348259 182 153 42 31 22 20 17 15 5 4 4 2 1 1 1 0 0 0 0 0
"216" 216 0.512953367876 192 108 101 30 19 14 14 10 6 2 2 1 1 0 0 0 0 0 0 0
"217" 217 0.0 231 112 82 44 14 5 4 3 2 2 1 0 0 0 0 0 0 0 0 0
"218" 218 0.0 203 80 63 58 48 12 11 9 8 4 2 1 1 0 0 0 0 0 0 0
"219" 219 0.476793248945 127 106 75 71 49 33 22 7 4 3 2 1 0 0 0 0 0 0 0 0
"220" 220 0.205357142857 254 133 51 47 8 5 2 0 0 0 0 0 0 0 0 0 0 0 0 0
"221" 221 0.0 482 5 4 3 3 2 1 0 0 0 0 0 0 0 0 0 0 0 0 0
"222" 222 0.124401913876 269 110 26 21 19 12 11 10 9 9 2 1 1 0 0 0 0 0 0 0
"223" 223 0.295336787565 104 75 74 71 52 41 36 23 10 6 4 3 1 0 0 0 0 0 0 0
"224" 224 0.112582781457 315 60 43 42 13 9 6 4 4 3 1 0 0 0 0 0 0 0 0 0
"225" 225 0.0460992907801 386 102 11 1 0 0 0 0 0 0 0 0 0 0 0 0 0 0 0 0
"226" 226 0.396624472574 253 77 76 43 21 15 4 3 3 3 1 1 0 0 0 0 0 0 0 0
"227" 227 0.42600896861 233 95 53 51 50 9 7 2 0 0 0 0 0 0 0 0 0 0 0 0
"228" 228 0.00497512437811 415 36 17 9 6 5 5 3 2 1 1 0 0 0 0 0 0 0 0 0
"229" 229 0.0355329949239 158 75 70 46 36 30 27 23 14 7 5 4 2 2 1 0 0 0 0 0
"230" 230 0.302325581395 257 100 34 27 23 21 11 9 8 4 3 2 1 0 0 0 0 0 0 0
"231" 231 0.519230769231 498 1 1 0 0 0 0 0 0 0 0 0 0 0 0 0 0 0 0 0
"232" 232 0.603375527426 269 83 57 47 19 9 4 4 3 2 1 1 1 0 0 0 0 0 0 0
"233" 233 0.152317880795 265 154 30 11 8 7 4 3 3 3 2 2 2 2 2 2 0 0 0 0
"234" 234 0.695364238411 152 140 84 64 30 10 10 7 3 0 0 0 0 0 0 0 0 0 0 0
"235" 235 0.347150259067 428 28 22 10 5 4 2 1 0 0 0 0 0 0 0 0 0 0 0 0
"236" 236 0.311258278146 276 55 43 31 26 23 17 12 7 7 1 1 1 0 0 0 0 0 0 0
"237" 237 0.350210970464 270 103 75 25 10 9 3 2 2 1 0 0 0 0 0 0 0 0 0 0
"238" 238 0.567307692308 430 70 0 0 0 0 0 0 0 0 0 0 0 0 0 0 0 0 0 0
"239" 239 0.0609137055838 278 95 45 25 25 12 4 4 3 3 3 2 1 0 0 0 0 0 0 0
"240" 240 0.186528497409 445 33 5 4 3 3 3 1 1 1 1 0 0 0 0 0 0 0 0 0
"241" 241 0.0845771144279 422 54 11 9 2 1 1 0 0 0 0 0 0 0 0 0 0 0 0 0
"242" 242 0.162790697674 322 115 15 12 8 7 6 5 4 2 2 1 1 0 0 0 0 0 0 0
"243" 243 0.0 168 121 117 42 15 12 8 6 5 3 3 0 0 0 0 0 0 0 0 0
"244" 244 0.0747126436782 314 113 55 12 3 3 0 0 0 0 0 0 0 0 0 0 0 0 0 0
"245" 245 0.354651162791 340 91 18 17 12 10 9 3 0 0 0 0 0 0 0 0 0 0 0 0
"246" 246 0.18407960199 372 56 20 11 8 8 7 6 4 3 2 2 1 0 0 0 0 0 0 0
"247" 247 0.534591194969 244 113 101 28 6 3 2 1 1 1 0 0 0 0 0 0 0 0 0 0
"248" 248 0.860103626943 242 94 77 54 10 10 9 2 1 1 0 0 0 0 0 0 0 0 0 0
"249" 249 0.116279069767 113 87 78 58 48 37 20 19 8 7 6 5 5 4 2 2 1 0 0 0
"250" 250 0.641509433962 384 46 17 15 13 8 7 6 3 1 0 0 0 0 0 0 0 0 0 0
"251" 251 0.296511627907 189 153 121 12 6 5 4 4 4 1 1 0 0 0 0 0 0 0 0 0
"252" 252 0.304182509506 308 107 39 30 15 1 0 0 0 0 0 0 0 0 0 0 0 0 0 0
"253" 253 0.35761589404 270 85 25 24 19 16 13 12 12 12 7 2 1 1 1 0 0 0 0 0
"254" 254 0.649789029536 101 97 78 59 31 25 24 21 20 16 9 8 5 3 2 1 0 0 0 0
"255" 255 0.449612403101 118 71 70 58 52 30 30 26 19 9 8 3 3 2 1 0 0 0 0 0
"256" 256 0.124031007752 324 121 18 10 10 5 4 3 2 1 1 1 0 0 0 0 0 0 0 0
"257" 257 0.0331125827815 272 89 56 24 21 12 8 6 5 3 1 1 1 1 0 0 0 0 0 0
"258" 258 0.533678756477 123 89 85 33 33 29 25 21 15 14 10 10 7 3 2 1 0 0 0 0
"259" 259 0.635658914729 153 112 77 37 29 25 19 13 13 12 4 2 1 1 1 1 0 0 0 0
"260" 260 0.10152284264 226 192 24 19 16 9 4 3 3 3 1 0 0 0 0 0 0 0 0 0
"261" 261 0.459119496855 450 27 19 1 1 1 1 0 0 0 0 0 0 0 0 0 0 0 0 0
"262" 262 0.622641509434 466 14 9 5 5 1 0 0 0 0 0 0 0 0 0 0 0 0 0 0
"263" 263 0.503875968992 137 114 73 60 47 36 30 2 1 0 0 0 0 0 0 0 0 0 0 0
"264" 264 0.331125827815 178 116 85 76 29 10 3 2 1 0 0 0 0 0 0 0 0 0 0 0
"265" 265 0.621890547264 207 160 26 25 20 15 12 10 9 4 4 4 3 1 0 0 0 0 0 0
"266" 266 0.447257383966 134 129 120 46 30 17 11 9 1 1 1 1 0 0 0 0 0 0 0 0
"267" 267 0.658914728682 163 127 60 56 45 17 15 7 6 2 2 0 0 0 0 0 0 0 0 0
"268" 268 0.435233160622 155 144 91 39 23 20 12 5 5 2 2 1 1 0 0 0 0 0 0 0
"269" 269 0.178294573643 90 69 65 59 55 49 33 24 22 18 7 3 3 2 1 0 0 0 0 0
"270" 270 0.779874213836 260 163 45 17 11 3 1 0 0 0 0 0 0 0 0 0 0 0 0 0
"271" 271 0.355329949239 140 132 74 33 26 24 14 13 11 10 7 6 4 2 2 2 0 0 0 0
"272" 272 0.585492227979 136 95 70 67 29 26 24 15 13 9 5 4 3 1 1 1 1 0 0 0
"273" 273 0.675105485232 148 137 57 55 42 24 23 7 4 2 1 0 0 0 0 0 0 0 0 0
"274" 274 0.364238410596 123 109 75 72 51 33 12 7 7 4 3 2 1 1 0 0 0 0 0 0
"275" 275 0.0761421319797 291 52 33 31 29 18 18 13 4 4 2 2 2 1 0 0 0 0 0 0
"276" 276 0.554404145078 112 110 110 52 32 32 16 13 11 7 4 1 0 0 0 0 0 0 0 0
"277" 277 0.497890295359 198 109 74 46 39 20 5 5 3 1 0 0 0 0 0 0 0 0 0 0
"278" 278 0.421985815603 193 123 62 57 30 9 8 8 5 2 2 1 0 0 0 0 0 0 0 0
"279" 279 0.18410041841 282 205 7 5 1 0 0 0 0 0 0 0 0 0 0 0 0 0 0 0
"280" 280 0.861924686192 299 85 58 23 14 6 5 4 3 3 0 0 0 0 0 0 0 0 0 0
