"site" "RSA" "aa1" "aa2" "aa3" "aa4" "aa5" "aa6" "aa7" "aa8" "aa9" "aa10" "aa11" "aa12" "aa13" "aa14" "aa15" "aa16" "aa17" "aa18" "aa19" "aa20"
"0" 0 0.353211009174 208 126 87 45 18 13 2 1 0 0 0 0 0 0 0 0 0 0 0 0
"1" 1 0.0 481 18 1 0 0 0 0 0 0 0 0 0 0 0 0 0 0 0 0 0
"2" 2 0.133720930233 437 41 18 4 0 0 0 0 0 0 0 0 0 0 0 0 0 0 0 0
"3" 3 0.00961538461538 500 0 0 0 0 0 0 0 0 0 0 0 0 0 0 0 0 0 0 0
"4" 4 0.462686567164 430 68 2 0 0 0 0 0 0 0 0 0 0 0 0 0 0 0 0 0
"5" 5 0.14367816092 495 4 1 0 0 0 0 0 0 0 0 0 0 0 0 0 0 0 0 0
"6" 6 0.383928571429 312 109 72 4 1 1 1 0 0 0 0 0 0 0 0 0 0 0 0 0
"7" 7 0.108527131783 469 30 1 0 0 0 0 0 0 0 0 0 0 0 0 0 0 0 0 0
"8" 8 0.304568527919 500 0 0 0 0 0 0 0 0 0 0 0 0 0 0 0 0 0 0 0
"9" 9 0.00961538461538 500 0 0 0 0 0 0 0 0 0 0 0 0 0 0 0 0 0 0 0
"10" 10 0.304597701149 283 177 21 15 3 1 0 0 0 0 0 0 0 0 0 0 0 0 0 0
"11" 11 0.0 244 95 81 43 32 3 2 0 0 0 0 0 0 0 0 0 0 0 0 0
"12" 12 0.350210970464 272 103 88 26 11 0 0 0 0 0 0 0 0 0 0 0 0 0 0 0
"13" 13 0.341968911917 476 23 1 0 0 0 0 0 0 0 0 0 0 0 0 0 0 0 0 0
"14" 14 0.195402298851 251 145 90 5 4 2 1 1 1 0 0 0 0 0 0 0 0 0 0 0
"15" 15 0.538116591928 497 2 1 0 0 0 0 0 0 0 0 0 0 0 0 0 0 0 0 0
"16" 16 0.519230769231 500 0 0 0 0 0 0 0 0 0 0 0 0 0 0 0 0 0 0 0
"17" 17 0.401162790698 500 0 0 0 0 0 0 0 0 0 0 0 0 0 0 0 0 0 0 0
"18" 18 0.451776649746 191 135 64 45 18 17 9 8 5 5 3 0 0 0 0 0 0 0 0 0
"19" 19 0.720207253886 374 121 5 0 0 0 0 0 0 0 0 0 0 0 0 0 0 0 0 0
"20" 20 0.712820512821 465 35 0 0 0 0 0 0 0 0 0 0 0 0 0 0 0 0 0 0
"21" 21 0.125 500 0 0 0 0 0 0 0 0 0 0 0 0 0 0 0 0 0 0 0
"22" 22 0.0962343096234 420 26 19 18 10 4 3 0 0 0 0 0 0 0 0 0 0 0 0 0
"23" 23 0.457364341085 291 180 12 12 5 0 0 0 0 0 0 0 0 0 0 0 0 0 0 0
"24" 24 0.0137614678899 171 114 88 46 44 30 5 2 0 0 0 0 0 0 0 0 0 0 0 0
"25" 25 0.337552742616 373 125 1 1 0 0 0 0 0 0 0 0 0 0 0 0 0 0 0 0
"26" 26 0.0 314 93 87 6 0 0 0 0 0 0 0 0 0 0 0 0 0 0 0 0
"27" 27 0.308035714286 250 111 98 18 17 4 1 1 0 0 0 0 0 0 0 0 0 0 0 0
"28" 28 0.0 466 30 3 1 0 0 0 0 0 0 0 0 0 0 0 0 0 0 0 0
"29" 29 0.295597484277 338 109 41 8 4 0 0 0 0 0 0 0 0 0 0 0 0 0 0 0
"30" 30 0.434977578475 380 44 43 32 1 0 0 0 0 0 0 0 0 0 0 0 0 0 0 0
"31" 31 0.0203045685279 282 97 62 30 14 7 6 1 1 0 0 0 0 0 0 0 0 0 0 0
"32" 32 0.0348258706468 253 247 0 0 0 0 0 0 0 0 0 0 0 0 0 0 0 0 0 0
"33" 33 0.658031088083 308 124 54 7 7 0 0 0 0 0 0 0 0 0 0 0 0 0 0 0
"34" 34 0.476683937824 362 132 6 0 0 0 0 0 0 0 0 0 0 0 0 0 0 0 0 0
"35" 35 0.101265822785 271 226 2 1 0 0 0 0 0 0 0 0 0 0 0 0 0 0 0 0
"36" 36 0.622009569378 314 79 65 31 11 0 0 0 0 0 0 0 0 0 0 0 0 0 0 0
"37" 37 0.459302325581 312 79 75 34 0 0 0 0 0 0 0 0 0 0 0 0 0 0 0 0
"38" 38 0.413461538462 500 0 0 0 0 0 0 0 0 0 0 0 0 0 0 0 0 0 0 0
"39" 39 0.310880829016 327 96 68 4 3 2 0 0 0 0 0 0 0 0 0 0 0 0 0 0
"40" 40 0.284768211921 441 43 10 1 1 1 1 1 1 0 0 0 0 0 0 0 0 0 0 0
"41" 41 0.0203045685279 186 174 99 40 1 0 0 0 0 0 0 0 0 0 0 0 0 0 0 0
"42" 42 0.031007751938 482 18 0 0 0 0 0 0 0 0 0 0 0 0 0 0 0 0 0 0
"43" 43 0.0 237 151 85 15 5 3 2 1 1 0 0 0 0 0 0 0 0 0 0 0
"44" 44 0.0307692307692 252 247 1 0 0 0 0 0 0 0 0 0 0 0 0 0 0 0 0 0
"45" 45 0.0384615384615 500 0 0 0 0 0 0 0 0 0 0 0 0 0 0 0 0 0 0 0
"46" 46 0.0348837209302 424 27 24 8 7 6 2 1 1 0 0 0 0 0 0 0 0 0 0 0
"47" 47 0.196202531646 478 9 7 3 1 1 1 0 0 0 0 0 0 0 0 0 0 0 0 0
"48" 48 0.0348258706468 309 148 21 8 6 4 3 1 0 0 0 0 0 0 0 0 0 0 0 0
"49" 49 0.447674418605 450 24 9 9 6 1 1 0 0 0 0 0 0 0 0 0 0 0 0 0
"50" 50 0.00574712643678 194 146 128 20 8 4 0 0 0 0 0 0 0 0 0 0 0 0 0 0
"51" 51 0.453488372093 311 160 24 4 1 0 0 0 0 0 0 0 0 0 0 0 0 0 0 0
"52" 52 0.512953367876 373 127 0 0 0 0 0 0 0 0 0 0 0 0 0 0 0 0 0 0
"53" 53 0.280334728033 268 225 7 0 0 0 0 0 0 0 0 0 0 0 0 0 0 0 0 0
"54" 54 0.40414507772 422 73 5 0 0 0 0 0 0 0 0 0 0 0 0 0 0 0 0 0
"55" 55 0.71897810219 418 75 4 3 0 0 0 0 0 0 0 0 0 0 0 0 0 0 0 0
"56" 56 0.475285171103 312 105 56 25 1 1 0 0 0 0 0 0 0 0 0 0 0 0 0 0
"57" 57 0.129186602871 422 42 19 17 0 0 0 0 0 0 0 0 0 0 0 0 0 0 0 0
"58" 58 0.0 204 175 107 9 4 1 0 0 0 0 0 0 0 0 0 0 0 0 0 0
"59" 59 0.232558139535 369 112 19 0 0 0 0 0 0 0 0 0 0 0 0 0 0 0 0 0
"60" 60 0.0114942528736 195 153 53 42 39 16 1 1 0 0 0 0 0 0 0 0 0 0 0 0
"61" 61 0.451923076923 262 201 33 2 1 1 0 0 0 0 0 0 0 0 0 0 0 0 0 0
"62" 62 0.0203045685279 303 167 12 10 6 1 1 0 0 0 0 0 0 0 0 0 0 0 0 0
"63" 63 0.403100775194 195 88 87 55 46 18 6 4 1 0 0 0 0 0 0 0 0 0 0 0
"64" 64 0.295597484277 292 106 67 32 3 0 0 0 0 0 0 0 0 0 0 0 0 0 0 0
"65" 65 0.424107142857 480 9 7 4 0 0 0 0 0 0 0 0 0 0 0 0 0 0 0 0
"66" 66 0.245033112583 176 171 49 40 27 17 7 7 4 2 0 0 0 0 0 0 0 0 0 0
"67" 67 0.0497512437811 449 50 1 0 0 0 0 0 0 0 0 0 0 0 0 0 0 0 0 0
"68" 68 0.496350364964 205 88 80 65 47 5 4 4 1 1 0 0 0 0 0 0 0 0 0 0
"69" 69 0.169154228856 496 4 0 0 0 0 0 0 0 0 0 0 0 0 0 0 0 0 0 0
"70" 70 0.0523255813953 484 16 0 0 0 0 0 0 0 0 0 0 0 0 0 0 0 0 0 0
"71" 71 0.0410256410256 276 181 43 0 0 0 0 0 0 0 0 0 0 0 0 0 0 0 0 0
"72" 72 0.0 331 53 38 31 22 14 6 3 1 1 0 0 0 0 0 0 0 0 0 0
"73" 73 0.134615384615 302 88 64 27 10 9 0 0 0 0 0 0 0 0 0 0 0 0 0 0
"74" 74 0.511210762332 287 163 27 12 7 2 2 0 0 0 0 0 0 0 0 0 0 0 0 0
"75" 75 0.0443037974684 319 95 56 11 6 3 3 3 2 1 1 0 0 0 0 0 0 0 0 0
"76" 76 0.556962025316 448 49 2 1 0 0 0 0 0 0 0 0 0 0 0 0 0 0 0 0
"77" 77 0.496124031008 500 0 0 0 0 0 0 0 0 0 0 0 0 0 0 0 0 0 0 0
"78" 78 0.519230769231 500 0 0 0 0 0 0 0 0 0 0 0 0 0 0 0 0 0 0 0
"79" 79 0.305699481865 449 46 3 1 1 0 0 0 0 0 0 0 0 0 0 0 0 0 0 0
"80" 80 0.396226415094 472 21 7 0 0 0 0 0 0 0 0 0 0 0 0 0 0 0 0 0
"81" 81 0.00574712643678 462 33 2 2 1 0 0 0 0 0 0 0 0 0 0 0 0 0 0 0
"82" 82 0.0102564102564 467 32 1 0 0 0 0 0 0 0 0 0 0 0 0 0 0 0 0 0
"83" 83 0.00497512437811 392 76 29 2 1 0 0 0 0 0 0 0 0 0 0 0 0 0 0 0
"84" 84 0.0535714285714 499 1 0 0 0 0 0 0 0 0 0 0 0 0 0 0 0 0 0 0
"85" 85 0.21897810219 307 164 13 7 4 2 2 1 0 0 0 0 0 0 0 0 0 0 0 0
"86" 86 0.341085271318 261 239 0 0 0 0 0 0 0 0 0 0 0 0 0 0 0 0 0 0
"87" 87 0.350574712644 441 52 4 3 0 0 0 0 0 0 0 0 0 0 0 0 0 0 0 0
"88" 88 0.800995024876 500 0 0 0 0 0 0 0 0 0 0 0 0 0 0 0 0 0 0 0
"89" 89 0.324503311258 484 16 0 0 0 0 0 0 0 0 0 0 0 0 0 0 0 0 0 0
"90" 90 0.748344370861 496 4 0 0 0 0 0 0 0 0 0 0 0 0 0 0 0 0 0 0
"91" 91 0.436046511628 454 46 0 0 0 0 0 0 0 0 0 0 0 0 0 0 0 0 0 0
"92" 92 0.142335766423 480 20 0 0 0 0 0 0 0 0 0 0 0 0 0 0 0 0 0 0
"93" 93 0.848623853211 500 0 0 0 0 0 0 0 0 0 0 0 0 0 0 0 0 0 0 0
"94" 94 0.317307692308 500 0 0 0 0 0 0 0 0 0 0 0 0 0 0 0 0 0 0 0
"95" 95 0.115384615385 500 0 0 0 0 0 0 0 0 0 0 0 0 0 0 0 0 0 0 0
"96" 96 0.0334928229665 406 75 15 4 0 0 0 0 0 0 0 0 0 0 0 0 0 0 0 0
"97" 97 0.384937238494 302 177 10 10 1 0 0 0 0 0 0 0 0 0 0 0 0 0 0 0
"98" 98 0.0114942528736 342 141 15 1 1 0 0 0 0 0 0 0 0 0 0 0 0 0 0 0
"99" 99 0.313901345291 166 153 83 72 9 8 7 1 1 0 0 0 0 0 0 0 0 0 0 0
"100" 100 0.0192307692308 500 0 0 0 0 0 0 0 0 0 0 0 0 0 0 0 0 0 0 0
"101" 101 0.516746411483 500 0 0 0 0 0 0 0 0 0 0 0 0 0 0 0 0 0 0 0
"102" 102 0.109195402299 496 4 0 0 0 0 0 0 0 0 0 0 0 0 0 0 0 0 0 0
"103" 103 0.186528497409 468 31 1 0 0 0 0 0 0 0 0 0 0 0 0 0 0 0 0 0
"104" 104 0.0 491 8 1 0 0 0 0 0 0 0 0 0 0 0 0 0 0 0 0 0
"105" 105 0.0114942528736 352 77 23 21 19 8 0 0 0 0 0 0 0 0 0 0 0 0 0 0
"106" 106 0.0 261 239 0 0 0 0 0 0 0 0 0 0 0 0 0 0 0 0 0 0
"107" 107 0.290178571429 256 176 33 24 6 5 0 0 0 0 0 0 0 0 0 0 0 0 0 0
"108" 108 0.0 491 3 2 2 1 1 0 0 0 0 0 0 0 0 0 0 0 0 0 0
"109" 109 0.189655172414 225 205 35 29 5 1 0 0 0 0 0 0 0 0 0 0 0 0 0 0
"110" 110 0.473214285714 263 131 73 30 2 1 0 0 0 0 0 0 0 0 0 0 0 0 0 0
"111" 111 0.282700421941 254 227 8 6 3 2 0 0 0 0 0 0 0 0 0 0 0 0 0 0
"112" 112 0.426160337553 200 140 110 39 8 1 1 1 0 0 0 0 0 0 0 0 0 0 0 0
"113" 113 0.52466367713 374 93 27 3 2 1 0 0 0 0 0 0 0 0 0 0 0 0 0 0
"114" 114 0.512953367876 437 63 0 0 0 0 0 0 0 0 0 0 0 0 0 0 0 0 0 0
"115" 115 0.605769230769 500 0 0 0 0 0 0 0 0 0 0 0 0 0 0 0 0 0 0 0
"116" 116 0.598214285714 266 121 90 18 5 0 0 0 0 0 0 0 0 0 0 0 0 0 0 0
"117" 117 0.131782945736 227 142 96 16 14 5 0 0 0 0 0 0 0 0 0 0 0 0 0 0
"118" 118 0.0609137055838 223 165 39 29 25 6 4 3 3 3 0 0 0 0 0 0 0 0 0 0
"119" 119 0.134715025907 243 89 67 48 36 8 7 2 0 0 0 0 0 0 0 0 0 0 0 0
"120" 120 0.0 221 157 105 10 3 3 1 0 0 0 0 0 0 0 0 0 0 0 0 0
"121" 121 0.0697674418605 308 118 46 9 7 6 3 2 1 0 0 0 0 0 0 0 0 0 0 0
"122" 122 0.0 496 3 1 0 0 0 0 0 0 0 0 0 0 0 0 0 0 0 0 0
"123" 123 0.434306569343 210 119 74 27 21 20 16 8 5 0 0 0 0 0 0 0 0 0 0 0
"124" 124 0.0251572327044 500 0 0 0 0 0 0 0 0 0 0 0 0 0 0 0 0 0 0 0
"125" 125 0.459854014599 268 105 38 34 23 21 7 3 1 0 0 0 0 0 0 0 0 0 0 0
"126" 126 0.259067357513 498 1 1 0 0 0 0 0 0 0 0 0 0 0 0 0 0 0 0 0
"127" 127 0.446540880503 238 104 97 27 25 8 1 0 0 0 0 0 0 0 0 0 0 0 0 0
"128" 128 0.489539748954 495 3 2 0 0 0 0 0 0 0 0 0 0 0 0 0 0 0 0 0
"129" 129 0.0172413793103 232 131 111 16 9 1 0 0 0 0 0 0 0 0 0 0 0 0 0 0
"130" 130 0.089552238806 500 0 0 0 0 0 0 0 0 0 0 0 0 0 0 0 0 0 0 0
"131" 131 0.540084388186 454 22 13 6 3 2 0 0 0 0 0 0 0 0 0 0 0 0 0 0
"132" 132 0.148288973384 430 40 16 13 1 0 0 0 0 0 0 0 0 0 0 0 0 0 0 0
"133" 133 0.0355329949239 499 1 0 0 0 0 0 0 0 0 0 0 0 0 0 0 0 0 0 0
"134" 134 0.522988505747 315 171 13 1 0 0 0 0 0 0 0 0 0 0 0 0 0 0 0 0
"135" 135 0.593155893536 293 178 16 13 0 0 0 0 0 0 0 0 0 0 0 0 0 0 0 0
"136" 136 0.586497890295 500 0 0 0 0 0 0 0 0 0 0 0 0 0 0 0 0 0 0 0
"137" 137 0.153846153846 449 51 0 0 0 0 0 0 0 0 0 0 0 0 0 0 0 0 0 0
"138" 138 0.414448669202 364 134 1 1 0 0 0 0 0 0 0 0 0 0 0 0 0 0 0 0
"139" 139 0.0 339 67 37 36 14 7 0 0 0 0 0 0 0 0 0 0 0 0 0 0
"140" 140 0.015503875969 472 25 2 1 0 0 0 0 0 0 0 0 0 0 0 0 0 0 0 0
"141" 141 0.0 472 13 8 5 2 0 0 0 0 0 0 0 0 0 0 0 0 0 0 0
"142" 142 0.0 450 44 6 0 0 0 0 0 0 0 0 0 0 0 0 0 0 0 0 0
"143" 143 0.0576923076923 500 0 0 0 0 0 0 0 0 0 0 0 0 0 0 0 0 0 0 0
"144" 144 0.0348837209302 192 134 58 56 25 20 10 1 1 1 1 1 0 0 0 0 0 0 0 0
"145" 145 0.145695364238 307 192 1 0 0 0 0 0 0 0 0 0 0 0 0 0 0 0 0 0
"146" 146 0.0597014925373 320 77 65 16 8 4 2 2 2 2 1 1 0 0 0 0 0 0 0 0
"147" 147 0.453488372093 232 134 96 31 6 1 0 0 0 0 0 0 0 0 0 0 0 0 0 0
"148" 148 0.00507614213198 492 8 0 0 0 0 0 0 0 0 0 0 0 0 0 0 0 0 0 0
"149" 149 0.28488372093 271 102 81 36 10 0 0 0 0 0 0 0 0 0 0 0 0 0 0 0
"150" 150 0.464114832536 249 120 92 20 7 7 2 2 1 0 0 0 0 0 0 0 0 0 0 0
"151" 151 0.241379310345 336 151 13 0 0 0 0 0 0 0 0 0 0 0 0 0 0 0 0 0
"152" 152 0.347150259067 468 26 6 0 0 0 0 0 0 0 0 0 0 0 0 0 0 0 0 0
"153" 153 0.740932642487 258 210 20 11 1 0 0 0 0 0 0 0 0 0 0 0 0 0 0 0
"154" 154 0.337748344371 236 152 85 26 1 0 0 0 0 0 0 0 0 0 0 0 0 0 0 0
"155" 155 0.104651162791 420 41 20 11 3 3 2 0 0 0 0 0 0 0 0 0 0 0 0 0
"156" 156 0.0 316 178 6 0 0 0 0 0 0 0 0 0 0 0 0 0 0 0 0 0
"157" 157 0.046357615894 438 44 9 8 1 0 0 0 0 0 0 0 0 0 0 0 0 0 0 0
"158" 158 0.0 464 19 7 5 2 2 1 0 0 0 0 0 0 0 0 0 0 0 0 0
"159" 159 0.261467889908 375 32 29 27 15 14 7 1 0 0 0 0 0 0 0 0 0 0 0 0
"160" 160 0.0045871559633 402 77 14 2 2 1 1 1 0 0 0 0 0 0 0 0 0 0 0 0
"161" 161 0.48730964467 227 178 47 21 14 5 4 2 1 1 0 0 0 0 0 0 0 0 0 0
"162" 162 0.370860927152 341 140 19 0 0 0 0 0 0 0 0 0 0 0 0 0 0 0 0 0
"163" 163 0.615969581749 412 58 12 11 4 3 0 0 0 0 0 0 0 0 0 0 0 0 0 0
"164" 164 0.168604651163 190 171 54 20 19 18 10 9 3 2 2 2 0 0 0 0 0 0 0 0
"165" 165 0.19730941704 375 35 27 23 20 10 8 1 1 0 0 0 0 0 0 0 0 0 0 0
"166" 166 0.576158940397 453 41 3 1 1 1 0 0 0 0 0 0 0 0 0 0 0 0 0 0
"167" 167 0.320675105485 422 61 9 5 3 0 0 0 0 0 0 0 0 0 0 0 0 0 0 0
"168" 168 0.0459770114943 304 106 45 43 1 1 0 0 0 0 0 0 0 0 0 0 0 0 0 0
"169" 169 0.0913705583756 494 6 0 0 0 0 0 0 0 0 0 0 0 0 0 0 0 0 0 0
"170" 170 0.0 382 55 52 10 1 0 0 0 0 0 0 0 0 0 0 0 0 0 0 0
"171" 171 0.108527131783 380 81 28 5 3 3 0 0 0 0 0 0 0 0 0 0 0 0 0 0
"172" 172 0.767932489451 258 202 36 3 1 0 0 0 0 0 0 0 0 0 0 0 0 0 0 0
"173" 173 0.126582278481 446 41 9 2 2 0 0 0 0 0 0 0 0 0 0 0 0 0 0 0
"174" 174 0.476923076923 500 0 0 0 0 0 0 0 0 0 0 0 0 0 0 0 0 0 0 0
"175" 175 0.494252873563 493 7 0 0 0 0 0 0 0 0 0 0 0 0 0 0 0 0 0 0
"176" 176 0.336538461538 500 0 0 0 0 0 0 0 0 0 0 0 0 0 0 0 0 0 0 0
"177" 177 0.336787564767 500 0 0 0 0 0 0 0 0 0 0 0 0 0 0 0 0 0 0 0
"178" 178 0.213930348259 298 89 48 44 11 7 2 1 0 0 0 0 0 0 0 0 0 0 0 0
"179" 179 0.0 479 16 5 0 0 0 0 0 0 0 0 0 0 0 0 0 0 0 0 0
"180" 180 0.00512820512821 500 0 0 0 0 0 0 0 0 0 0 0 0 0 0 0 0 0 0 0
"181" 181 0.0 184 155 147 14 0 0 0 0 0 0 0 0 0 0 0 0 0 0 0 0
"182" 182 0.0178571428571 496 3 1 0 0 0 0 0 0 0 0 0 0 0 0 0 0 0 0 0
"183" 183 0.00574712643678 499 1 0 0 0 0 0 0 0 0 0 0 0 0 0 0 0 0 0 0
"184" 184 0.176165803109 174 130 88 36 30 20 18 2 2 0 0 0 0 0 0 0 0 0 0 0
"185" 185 0.188340807175 224 165 59 30 11 8 2 1 0 0 0 0 0 0 0 0 0 0 0 0
"186" 186 0.502538071066 263 63 59 50 33 22 5 3 1 1 0 0 0 0 0 0 0 0 0 0
"187" 187 0.173076923077 320 83 59 21 15 2 0 0 0 0 0 0 0 0 0 0 0 0 0 0
"188" 188 0.299578059072 302 175 21 2 0 0 0 0 0 0 0 0 0 0 0 0 0 0 0 0
"189" 189 0.562737642586 160 155 150 21 4 4 2 2 1 1 0 0 0 0 0 0 0 0 0 0
"190" 190 0.372093023256 241 98 83 44 11 9 6 5 3 0 0 0 0 0 0 0 0 0 0 0
"191" 191 0.25 177 153 66 60 19 16 4 3 2 0 0 0 0 0 0 0 0 0 0 0
"192" 192 0.620253164557 277 135 84 4 0 0 0 0 0 0 0 0 0 0 0 0 0 0 0 0
"193" 193 0.373134328358 336 85 24 23 16 13 3 0 0 0 0 0 0 0 0 0 0 0 0 0
"194" 194 0.465517241379 213 192 49 30 10 4 2 0 0 0 0 0 0 0 0 0 0 0 0 0
"195" 195 0.455357142857 213 182 58 25 9 7 6 0 0 0 0 0 0 0 0 0 0 0 0 0
"196" 196 0.496124031008 357 80 45 15 3 0 0 0 0 0 0 0 0 0 0 0 0 0 0 0
"197" 197 0.535885167464 290 64 57 47 22 20 0 0 0 0 0 0 0 0 0 0 0 0 0 0
"198" 198 0.604060913706 336 116 26 20 1 1 0 0 0 0 0 0 0 0 0 0 0 0 0 0
"199" 199 0.627906976744 500 0 0 0 0 0 0 0 0 0 0 0 0 0 0 0 0 0 0 0
"200" 200 0.720207253886 500 0 0 0 0 0 0 0 0 0 0 0 0 0 0 0 0 0 0 0
"201" 201 0.815602836879 256 116 41 32 29 21 5 0 0 0 0 0 0 0 0 0 0 0 0 0
