"site" "RSA" "aa1" "aa2" "aa3" "aa4" "aa5" "aa6" "aa7" "aa8" "aa9" "aa10" "aa11" "aa12" "aa13" "aa14" "aa15" "aa16" "aa17" "aa18" "aa19" "aa20"
"0" 0 0.883408071749 2 0 0 0 0 0 0 0 0 0 0 0 0 0 0 0 0 0 0 0
"1" 1 0.759615384615 1 1 0 0 0 0 0 0 0 0 0 0 0 0 0 0 0 0 0 0
"2" 2 0.336538461538 3 2 2 1 0 0 0 0 0 0 0 0 0 0 0 0 0 0 0 0
"3" 3 0.114427860697 19 11 11 2 1 0 0 0 0 0 0 0 0 0 0 0 0 0 0 0
"4" 4 0.276785714286 20 18 5 3 2 1 0 0 0 0 0 0 0 0 0 0 0 0 0 0
"5" 5 0.678571428571 14 13 8 5 3 3 2 1 1 0 0 0 0 0 0 0 0 0 0 0
"6" 6 0.193798449612 19 12 8 2 2 1 1 1 1 1 1 1 0 0 0 0 0 0 0 0
"7" 7 0.0 23 18 11 1 0 0 0 0 0 0 0 0 0 0 0 0 0 0 0 0
"8" 8 0.383211678832 24 12 5 3 2 1 1 1 1 1 1 1 0 0 0 0 0 0 0 0
"9" 9 0.387596899225 14 8 7 6 5 5 3 2 2 1 1 1 0 0 0 0 0 0 0 0
"10" 10 0.177304964539 41 7 3 3 1 1 1 0 0 0 0 0 0 0 0 0 0 0 0 0
"11" 11 0.0696517412935 60 4 4 0 0 0 0 0 0 0 0 0 0 0 0 0 0 0 0 0
"12" 12 0.609489051095 14 14 6 6 6 5 4 3 2 2 2 1 1 1 1 0 0 0 0 0
"13" 13 0.723214285714 68 0 0 0 0 0 0 0 0 0 0 0 0 0 0 0 0 0 0 0
"14" 14 0.481865284974 68 0 0 0 0 0 0 0 0 0 0 0 0 0 0 0 0 0 0 0
"15" 15 0.194029850746 27 27 6 2 2 1 1 1 1 0 0 0 0 0 0 0 0 0 0 0
"16" 16 0.586538461538 49 6 3 2 2 2 1 1 1 1 0 0 0 0 0 0 0 0 0 0
"17" 17 0.816143497758 19 11 9 5 4 4 4 3 2 2 2 2 1 0 0 0 0 0 0 0
"18" 18 0.240384615385 49 10 2 2 1 1 1 1 1 0 0 0 0 0 0 0 0 0 0 0
"19" 19 0.217616580311 68 0 0 0 0 0 0 0 0 0 0 0 0 0 0 0 0 0 0 0
"20" 20 0.482587064677 29 25 9 3 1 1 0 0 0 0 0 0 0 0 0 0 0 0 0 0
"21" 21 0.610465116279 60 8 0 0 0 0 0 0 0 0 0 0 0 0 0 0 0 0 0 0
"22" 22 0.0728476821192 40 19 8 1 0 0 0 0 0 0 0 0 0 0 0 0 0 0 0 0
"23" 23 0.427860696517 13 12 10 9 8 4 3 2 2 2 1 1 1 0 0 0 0 0 0 0
"24" 24 0.726368159204 31 12 9 5 3 2 2 1 1 1 1 0 0 0 0 0 0 0 0 0
"25" 25 0.655172413793 19 19 17 7 4 1 1 0 0 0 0 0 0 0 0 0 0 0 0 0
"26" 26 0.0862068965517 25 17 8 5 3 1 1 1 1 0 0 0 0 0 0 0 0 0 0 0
"27" 27 0.427672955975 49 4 3 3 2 2 2 1 1 1 0 0 0 0 0 0 0 0 0 0
"28" 28 0.647321428571 24 17 11 4 3 2 2 2 1 1 1 0 0 0 0 0 0 0 0 0
"29" 29 0.751295336788 18 10 7 7 6 6 3 3 2 2 2 1 1 0 0 0 0 0 0 0
"30" 30 0.283582089552 17 8 6 6 5 5 4 4 4 3 2 2 1 1 0 0 0 0 0 0
"31" 31 0.526785714286 12 10 8 7 6 6 5 4 2 2 1 1 1 1 1 0 0 0 0 0
"32" 32 0.0769230769231 23 17 12 3 3 2 2 1 1 1 1 1 0 0 0 0 0 0 0 0
"33" 33 0.258928571429 18 12 9 6 6 6 3 3 2 1 1 1 0 0 0 0 0 0 0 0
"34" 34 0.0 39 15 9 3 1 1 0 0 0 0 0 0 0 0 0 0 0 0 0 0
"35" 35 0.0574712643678 19 8 8 7 4 4 4 3 3 2 2 2 1 1 0 0 0 0 0 0
"36" 36 0.00507614213198 23 19 10 8 4 3 1 0 0 0 0 0 0 0 0 0 0 0 0 0
"37" 37 0.169154228856 22 12 9 8 3 3 3 3 2 1 1 1 0 0 0 0 0 0 0 0
"38" 38 0.0 39 11 4 4 4 2 1 1 1 1 0 0 0 0 0 0 0 0 0 0
"39" 39 0.37552742616 37 31 0 0 0 0 0 0 0 0 0 0 0 0 0 0 0 0 0 0
"40" 40 0.25 36 13 8 3 3 2 1 1 1 0 0 0 0 0 0 0 0 0 0 0
"41" 41 0.394230769231 25 14 6 6 5 3 3 2 2 1 1 0 0 0 0 0 0 0 0 0
"42" 42 0.0 55 6 2 1 1 1 1 1 0 0 0 0 0 0 0 0 0 0 0 0
"43" 43 0.0 43 19 2 2 1 1 0 0 0 0 0 0 0 0 0 0 0 0 0 0
"44" 44 0.0 24 21 20 2 1 0 0 0 0 0 0 0 0 0 0 0 0 0 0 0
"45" 45 0.0 50 12 6 0 0 0 0 0 0 0 0 0 0 0 0 0 0 0 0 0
"46" 46 0.0 68 0 0 0 0 0 0 0 0 0 0 0 0 0 0 0 0 0 0 0
"47" 47 0.0547263681592 43 7 5 5 3 3 1 1 0 0 0 0 0 0 0 0 0 0 0 0
"48" 48 0.301418439716 16 15 12 6 5 4 3 2 1 1 1 0 0 0 0 0 0 0 0 0
"49" 49 0.00574712643678 33 8 8 5 4 3 3 2 2 0 0 0 0 0 0 0 0 0 0 0
"50" 50 0.0 39 13 10 4 2 0 0 0 0 0 0 0 0 0 0 0 0 0 0 0
"51" 51 0.410714285714 18 13 11 9 5 3 2 2 1 1 1 1 1 0 0 0 0 0 0 0
"52" 52 0.375912408759 24 11 9 9 4 2 2 2 1 1 1 1 1 0 0 0 0 0 0 0
"53" 53 0.00574712643678 39 18 6 2 2 1 0 0 0 0 0 0 0 0 0 0 0 0 0 0
"54" 54 0.0 61 3 3 1 0 0 0 0 0 0 0 0 0 0 0 0 0 0 0 0
"55" 55 0.279069767442 16 10 9 8 7 6 3 3 1 1 1 1 0 0 0 0 0 0 0 0
"56" 56 0.164179104478 38 8 4 4 3 3 2 2 1 1 1 1 0 0 0 0 0 0 0 0
"57" 57 0.217054263566 40 18 3 3 1 1 1 1 0 0 0 0 0 0 0 0 0 0 0 0
"58" 58 0.108808290155 49 6 6 3 1 1 1 0 0 0 0 0 0 0 0 0 0 0 0 0
"59" 59 0.691823899371 37 9 5 4 4 4 1 1 0 0 0 0 0 0 0 0 0 0 0 0
"60" 60 0.594890510949 11 10 8 8 6 6 4 4 4 3 1 1 1 1 0 0 0 0 0 0
"61" 61 0.104651162791 24 17 14 7 2 2 1 1 0 0 0 0 0 0 0 0 0 0 0 0
"62" 62 0.240310077519 14 10 8 7 7 6 4 3 3 2 1 1 1 1 0 0 0 0 0 0
"63" 63 0.0794979079498 22 22 12 4 2 2 1 1 1 1 0 0 0 0 0 0 0 0 0 0
"64" 64 0.354651162791 16 14 6 6 6 4 4 3 2 2 2 1 1 1 0 0 0 0 0 0
"65" 65 0.40251572327 13 11 9 6 6 5 5 4 3 3 1 1 1 0 0 0 0 0 0 0
"66" 66 0.422885572139 13 12 9 6 5 4 4 4 3 2 2 2 1 1 0 0 0 0 0 0
"67" 67 0.155172413793 28 11 11 3 2 2 2 2 2 1 1 1 1 1 0 0 0 0 0 0
"68" 68 0.519379844961 14 12 9 8 5 5 4 3 3 2 1 1 1 0 0 0 0 0 0 0
"69" 69 0.263392857143 58 10 0 0 0 0 0 0 0 0 0 0 0 0 0 0 0 0 0 0
"70" 70 0.115384615385 67 1 0 0 0 0 0 0 0 0 0 0 0 0 0 0 0 0 0 0
"71" 71 0.240310077519 28 14 13 3 3 2 2 1 1 0 0 0 0 0 0 0 0 0 0 0
"72" 72 0.434306569343 11 10 9 8 8 4 4 3 3 2 2 1 1 1 1 0 0 0 0 0
"73" 73 0.0747126436782 43 11 6 4 1 1 1 1 0 0 0 0 0 0 0 0 0 0 0 0
"74" 74 0.488372093023 18 14 12 6 4 4 3 2 2 1 1 1 0 0 0 0 0 0 0 0
"75" 75 0.660714285714 22 15 14 7 4 2 1 1 1 1 0 0 0 0 0 0 0 0 0 0
"76" 76 0.490384615385 54 4 4 3 3 0 0 0 0 0 0 0 0 0 0 0 0 0 0 0
"77" 77 0.25 22 20 7 5 5 2 1 1 1 1 1 1 0 0 0 0 0 0 0 0
"78" 78 0.325892857143 23 10 9 7 4 4 3 2 2 1 1 1 1 0 0 0 0 0 0 0
"79" 79 0.0 27 23 9 5 3 1 0 0 0 0 0 0 0 0 0 0 0 0 0 0
"80" 80 0.0 37 9 8 6 4 3 1 0 0 0 0 0 0 0 0 0 0 0 0 0
"81" 81 0.262773722628 14 13 12 7 6 5 4 3 1 1 1 1 0 0 0 0 0 0 0 0
"82" 82 0.0 27 18 18 3 1 1 0 0 0 0 0 0 0 0 0 0 0 0 0 0
"83" 83 0.368613138686 19 13 13 10 4 3 1 1 1 1 1 1 0 0 0 0 0 0 0 0
"84" 84 0.0480769230769 67 1 0 0 0 0 0 0 0 0 0 0 0 0 0 0 0 0 0 0
"85" 85 0.100628930818 26 12 11 6 6 5 1 1 0 0 0 0 0 0 0 0 0 0 0 0
"86" 86 0.044776119403 34 9 6 6 5 5 1 1 1 0 0 0 0 0 0 0 0 0 0 0
"87" 87 0.233576642336 52 3 3 2 2 1 1 1 1 1 1 0 0 0 0 0 0 0 0 0
"88" 88 0.0480769230769 16 14 10 6 6 5 2 2 2 2 1 1 1 0 0 0 0 0 0 0
"89" 89 0.0 43 22 3 0 0 0 0 0 0 0 0 0 0 0 0 0 0 0 0 0
"90" 90 0.223880597015 68 0 0 0 0 0 0 0 0 0 0 0 0 0 0 0 0 0 0 0
"91" 91 0.100775193798 25 15 8 5 5 4 3 2 1 0 0 0 0 0 0 0 0 0 0 0
"92" 92 0.0 44 23 1 0 0 0 0 0 0 0 0 0 0 0 0 0 0 0 0 0
"93" 93 0.214285714286 68 0 0 0 0 0 0 0 0 0 0 0 0 0 0 0 0 0 0 0
"94" 94 0.361313868613 68 0 0 0 0 0 0 0 0 0 0 0 0 0 0 0 0 0 0 0
"95" 95 0.0646766169154 32 25 7 3 1 0 0 0 0 0 0 0 0 0 0 0 0 0 0 0
"96" 96 0.0 59 3 2 2 2 0 0 0 0 0 0 0 0 0 0 0 0 0 0 0
"97" 97 0.00995024875622 67 1 0 0 0 0 0 0 0 0 0 0 0 0 0 0 0 0 0 0
"98" 98 0.430769230769 68 0 0 0 0 0 0 0 0 0 0 0 0 0 0 0 0 0 0 0
"99" 99 0.044776119403 32 26 8 1 1 0 0 0 0 0 0 0 0 0 0 0 0 0 0 0
"100" 100 0.00497512437811 52 5 4 4 2 1 0 0 0 0 0 0 0 0 0 0 0 0 0 0
"101" 101 0.107623318386 45 12 5 3 2 1 0 0 0 0 0 0 0 0 0 0 0 0 0 0
"102" 102 0.178832116788 43 15 4 3 2 1 0 0 0 0 0 0 0 0 0 0 0 0 0 0
"103" 103 0.00995024875622 46 21 1 0 0 0 0 0 0 0 0 0 0 0 0 0 0 0 0 0
"104" 104 0.0 60 7 1 0 0 0 0 0 0 0 0 0 0 0 0 0 0 0 0 0
"105" 105 0.0288461538462 66 2 0 0 0 0 0 0 0 0 0 0 0 0 0 0 0 0 0 0
"106" 106 0.0 54 9 4 1 0 0 0 0 0 0 0 0 0 0 0 0 0 0 0 0
"107" 107 0.0 67 1 0 0 0 0 0 0 0 0 0 0 0 0 0 0 0 0 0 0
"108" 108 0.168604651163 61 7 0 0 0 0 0 0 0 0 0 0 0 0 0 0 0 0 0 0
"109" 109 0.213930348259 19 14 7 5 4 4 3 3 3 2 2 1 1 0 0 0 0 0 0 0
"110" 110 0.0 64 1 1 1 1 0 0 0 0 0 0 0 0 0 0 0 0 0 0 0
"111" 111 0.167883211679 23 22 8 6 5 1 1 1 1 0 0 0 0 0 0 0 0 0 0 0
"112" 112 0.22480620155 15 11 10 9 5 4 4 3 3 3 1 0 0 0 0 0 0 0 0 0
"113" 113 0.0380228136882 24 13 9 5 4 4 4 2 2 1 0 0 0 0 0 0 0 0 0 0
"114" 114 0.252873563218 46 20 1 1 0 0 0 0 0 0 0 0 0 0 0 0 0 0 0 0
"115" 115 0.473214285714 16 14 10 10 6 4 3 2 2 1 0 0 0 0 0 0 0 0 0 0
"116" 116 0.178294573643 33 12 7 5 3 2 2 1 1 1 1 0 0 0 0 0 0 0 0 0
"117" 117 0.0298507462687 24 20 17 4 2 1 0 0 0 0 0 0 0 0 0 0 0 0 0 0
"118" 118 0.596899224806 25 17 16 3 2 2 2 1 0 0 0 0 0 0 0 0 0 0 0 0
"119" 119 0.846153846154 49 8 6 1 1 1 1 1 0 0 0 0 0 0 0 0 0 0 0 0
"120" 120 0.255813953488 40 8 6 4 3 2 1 1 1 1 1 0 0 0 0 0 0 0 0 0
"121" 121 0.616033755274 28 10 8 4 4 4 3 2 2 2 1 0 0 0 0 0 0 0 0 0
"122" 122 0.093023255814 32 18 10 5 1 1 1 0 0 0 0 0 0 0 0 0 0 0 0 0
"123" 123 0.260089686099 23 17 8 4 4 3 3 2 2 1 1 0 0 0 0 0 0 0 0 0
"124" 124 0.0203045685279 30 29 9 0 0 0 0 0 0 0 0 0 0 0 0 0 0 0 0 0
"125" 125 0.0646766169154 30 25 5 4 3 1 0 0 0 0 0 0 0 0 0 0 0 0 0 0
"126" 126 0.00518134715026 51 15 1 1 0 0 0 0 0 0 0 0 0 0 0 0 0 0 0 0
"127" 127 0.139534883721 67 1 0 0 0 0 0 0 0 0 0 0 0 0 0 0 0 0 0 0
"128" 128 0.332116788321 68 0 0 0 0 0 0 0 0 0 0 0 0 0 0 0 0 0 0 0
"129" 129 0.535864978903 68 0 0 0 0 0 0 0 0 0 0 0 0 0 0 0 0 0 0 0
"130" 130 0.122093023256 68 0 0 0 0 0 0 0 0 0 0 0 0 0 0 0 0 0 0 0
"131" 131 0.28488372093 50 8 3 3 1 1 1 1 0 0 0 0 0 0 0 0 0 0 0 0
"132" 132 0.761006289308 68 0 0 0 0 0 0 0 0 0 0 0 0 0 0 0 0 0 0 0
"133" 133 0.682692307692 55 8 3 1 1 0 0 0 0 0 0 0 0 0 0 0 0 0 0 0
"134" 134 0.1592039801 50 9 4 2 1 1 1 0 0 0 0 0 0 0 0 0 0 0 0 0
"135" 135 0.204379562044 68 0 0 0 0 0 0 0 0 0 0 0 0 0 0 0 0 0 0 0
"136" 136 0.410852713178 18 11 10 10 5 5 2 2 1 1 1 1 1 0 0 0 0 0 0 0
"137" 137 0.0497512437811 41 14 6 3 2 1 1 0 0 0 0 0 0 0 0 0 0 0 0 0
"138" 138 0.0 52 9 4 2 1 0 0 0 0 0 0 0 0 0 0 0 0 0 0 0
"139" 139 0.042194092827 68 0 0 0 0 0 0 0 0 0 0 0 0 0 0 0 0 0 0 0
"140" 140 0.163498098859 59 2 2 2 1 1 1 0 0 0 0 0 0 0 0 0 0 0 0 0
"141" 141 0.0 65 3 0 0 0 0 0 0 0 0 0 0 0 0 0 0 0 0 0 0
"142" 142 0.0 64 3 1 0 0 0 0 0 0 0 0 0 0 0 0 0 0 0 0 0
"143" 143 0.459854014599 39 8 7 5 3 3 1 1 1 0 0 0 0 0 0 0 0 0 0 0
"144" 144 0.132183908046 23 17 11 9 4 2 2 0 0 0 0 0 0 0 0 0 0 0 0 0
"145" 145 0.0 67 1 0 0 0 0 0 0 0 0 0 0 0 0 0 0 0 0 0 0
"146" 146 0.394230769231 68 0 0 0 0 0 0 0 0 0 0 0 0 0 0 0 0 0 0 0
"147" 147 0.0288461538462 60 7 1 0 0 0 0 0 0 0 0 0 0 0 0 0 0 0 0 0
"148" 148 0.496350364964 8 8 6 6 6 5 5 4 4 4 3 3 2 2 1 1 0 0 0 0
"149" 149 0.261538461538 67 1 0 0 0 0 0 0 0 0 0 0 0 0 0 0 0 0 0 0
"150" 150 0.200956937799 67 1 0 0 0 0 0 0 0 0 0 0 0 0 0 0 0 0 0 0
"151" 151 0.0985401459854 68 0 0 0 0 0 0 0 0 0 0 0 0 0 0 0 0 0 0 0
"152" 152 0.3536121673 36 11 7 5 4 2 1 1 1 0 0 0 0 0 0 0 0 0 0 0
"153" 153 0.0288461538462 48 10 5 3 1 1 0 0 0 0 0 0 0 0 0 0 0 0 0 0
"154" 154 0.572139303483 67 1 0 0 0 0 0 0 0 0 0 0 0 0 0 0 0 0 0 0
"155" 155 0.627615062762 19 18 12 11 3 2 1 1 1 0 0 0 0 0 0 0 0 0 0 0
"156" 156 0.316062176166 66 1 1 0 0 0 0 0 0 0 0 0 0 0 0 0 0 0 0 0
"157" 157 0.173076923077 34 27 6 1 0 0 0 0 0 0 0 0 0 0 0 0 0 0 0 0
"158" 158 0.177664974619 39 19 4 3 2 1 0 0 0 0 0 0 0 0 0 0 0 0 0 0
"159" 159 0.0796019900498 46 21 1 0 0 0 0 0 0 0 0 0 0 0 0 0 0 0 0 0
"160" 160 0.0995024875622 53 14 1 0 0 0 0 0 0 0 0 0 0 0 0 0 0 0 0 0
"161" 161 0.282700421941 68 0 0 0 0 0 0 0 0 0 0 0 0 0 0 0 0 0 0 0
"162" 162 0.308035714286 55 13 0 0 0 0 0 0 0 0 0 0 0 0 0 0 0 0 0 0
"163" 163 0.630769230769 68 0 0 0 0 0 0 0 0 0 0 0 0 0 0 0 0 0 0 0
"164" 164 0.435406698565 68 0 0 0 0 0 0 0 0 0 0 0 0 0 0 0 0 0 0 0
"165" 165 0.0747126436782 55 9 2 1 1 0 0 0 0 0 0 0 0 0 0 0 0 0 0 0
"166" 166 0.63503649635 31 6 6 4 4 4 3 3 3 2 1 1 0 0 0 0 0 0 0 0
"167" 167 0.627906976744 43 10 6 3 3 2 1 0 0 0 0 0 0 0 0 0 0 0 0 0
"168" 168 0.093023255814 47 10 4 3 2 1 1 0 0 0 0 0 0 0 0 0 0 0 0 0
"169" 169 0.673076923077 66 1 1 0 0 0 0 0 0 0 0 0 0 0 0 0 0 0 0 0
"170" 170 0.182692307692 46 20 1 1 0 0 0 0 0 0 0 0 0 0 0 0 0 0 0 0
"171" 171 0.00574712643678 44 22 1 1 0 0 0 0 0 0 0 0 0 0 0 0 0 0 0 0
"172" 172 0.0384615384615 15 15 10 7 7 5 3 3 2 1 0 0 0 0 0 0 0 0 0 0
"173" 173 0.34375 21 13 12 4 4 4 3 2 1 1 1 1 1 0 0 0 0 0 0 0
"174" 174 0.031007751938 64 3 1 0 0 0 0 0 0 0 0 0 0 0 0 0 0 0 0 0
"175" 175 0.0 30 29 6 2 1 0 0 0 0 0 0 0 0 0 0 0 0 0 0 0
"176" 176 0.481751824818 19 12 8 8 7 5 3 3 1 1 1 0 0 0 0 0 0 0 0 0
"177" 177 0.386861313869 31 12 6 6 4 3 2 1 1 1 1 0 0 0 0 0 0 0 0 0
"178" 178 0.124031007752 48 11 4 3 1 1 0 0 0 0 0 0 0 0 0 0 0 0 0 0
"179" 179 0.409282700422 41 22 1 1 1 1 1 0 0 0 0 0 0 0 0 0 0 0 0 0
"180" 180 0.627906976744 21 14 7 5 4 3 3 2 2 2 1 1 0 0 0 0 0 0 0 0
"181" 181 0.722627737226 11 9 8 7 6 5 5 4 4 2 2 1 1 1 1 1 0 0 0 0
"182" 182 0.22480620155 30 9 7 6 3 2 2 2 2 1 1 1 1 1 0 0 0 0 0 0
"183" 183 0.314465408805 29 23 11 1 1 1 1 0 0 0 0 0 0 0 0 0 0 0 0 0
"184" 184 0.885167464115 38 10 5 5 3 2 1 1 1 1 0 0 0 0 0 0 0 0 0 0
"185" 185 0.631178707224 16 11 11 10 3 2 2 1 1 1 1 1 1 1 1 0 0 0 0 0
"186" 186 0.199004975124 22 16 9 5 4 3 2 1 1 1 0 0 0 0 0 0 0 0 0 0
"187" 187 0.569620253165 45 7 3 3 1 1 1 1 1 0 0 0 0 0 0 0 0 0 0 0
"188" 188 0.0172413793103 47 17 3 1 0 0 0 0 0 0 0 0 0 0 0 0 0 0 0 0
"189" 189 0.0223214285714 67 1 0 0 0 0 0 0 0 0 0 0 0 0 0 0 0 0 0 0
"190" 190 0.0 58 7 1 1 1 0 0 0 0 0 0 0 0 0 0 0 0 0 0 0
"191" 191 0.0892857142857 68 0 0 0 0 0 0 0 0 0 0 0 0 0 0 0 0 0 0 0
"192" 192 0.0 44 17 4 3 0 0 0 0 0 0 0 0 0 0 0 0 0 0 0 0
"193" 193 0.434306569343 31 23 5 4 2 1 1 1 0 0 0 0 0 0 0 0 0 0 0 0
"194" 194 0.192052980132 31 18 12 3 2 1 1 0 0 0 0 0 0 0 0 0 0 0 0 0
"195" 195 0.164179104478 56 4 3 2 1 1 1 0 0 0 0 0 0 0 0 0 0 0 0 0
"196" 196 0.584821428571 21 20 10 5 3 2 2 2 1 1 1 0 0 0 0 0 0 0 0 0
"197" 197 0.138392857143 33 22 7 4 1 1 0 0 0 0 0 0 0 0 0 0 0 0 0 0
"198" 198 0.0 35 28 2 2 1 0 0 0 0 0 0 0 0 0 0 0 0 0 0 0
"199" 199 0.361607142857 21 11 10 8 4 3 3 2 2 2 1 1 0 0 0 0 0 0 0 0
"200" 200 0.375 50 10 2 2 1 1 1 1 0 0 0 0 0 0 0 0 0 0 0 0
"201" 201 0.0 60 6 2 0 0 0 0 0 0 0 0 0 0 0 0 0 0 0 0 0
"202" 202 0.139303482587 41 14 5 4 3 1 0 0 0 0 0 0 0 0 0 0 0 0 0 0
"203" 203 0.705357142857 27 14 7 5 4 4 3 2 1 1 0 0 0 0 0 0 0 0 0 0
"204" 204 0.124031007752 42 4 4 3 3 3 2 2 1 1 1 1 1 0 0 0 0 0 0 0
"205" 205 0.269230769231 47 11 2 2 2 1 1 1 1 0 0 0 0 0 0 0 0 0 0 0
"206" 206 0.0387596899225 49 11 6 1 1 0 0 0 0 0 0 0 0 0 0 0 0 0 0 0
"207" 207 0.269430051813 62 3 1 1 1 0 0 0 0 0 0 0 0 0 0 0 0 0 0 0
"208" 208 0.164179104478 34 12 10 5 3 2 1 1 0 0 0 0 0 0 0 0 0 0 0 0
"209" 209 0.0 42 23 3 0 0 0 0 0 0 0 0 0 0 0 0 0 0 0 0 0
"210" 210 0.0149253731343 39 29 0 0 0 0 0 0 0 0 0 0 0 0 0 0 0 0 0 0
"211" 211 0.00995024875622 65 3 0 0 0 0 0 0 0 0 0 0 0 0 0 0 0 0 0 0
"212" 212 0.145077720207 68 0 0 0 0 0 0 0 0 0 0 0 0 0 0 0 0 0 0 0
"213" 213 0.389743589744 67 1 0 0 0 0 0 0 0 0 0 0 0 0 0 0 0 0 0 0
"214" 214 0.092050209205 53 13 2 0 0 0 0 0 0 0 0 0 0 0 0 0 0 0 0 0
"215" 215 0.522012578616 18 17 16 7 5 3 1 1 0 0 0 0 0 0 0 0 0 0 0 0
"216" 216 0.273631840796 23 16 6 6 4 3 3 1 1 1 1 1 1 1 0 0 0 0 0 0
"217" 217 0.589285714286 29 22 9 3 2 1 1 1 0 0 0 0 0 0 0 0 0 0 0 0
"218" 218 0.170542635659 13 12 8 7 6 5 5 4 3 3 2 0 0 0 0 0 0 0 0 0
"219" 219 0.0497512437811 30 28 5 3 1 1 0 0 0 0 0 0 0 0 0 0 0 0 0 0
"220" 220 0.510948905109 32 15 11 3 2 2 1 1 1 0 0 0 0 0 0 0 0 0 0 0
"221" 221 0.227678571429 41 7 7 4 4 3 1 1 0 0 0 0 0 0 0 0 0 0 0 0
"222" 222 0.0 63 2 1 1 1 0 0 0 0 0 0 0 0 0 0 0 0 0 0 0
"223" 223 0.183908045977 60 7 1 0 0 0 0 0 0 0 0 0 0 0 0 0 0 0 0 0
"224" 224 0.598540145985 15 14 13 10 6 5 2 1 1 1 0 0 0 0 0 0 0 0 0 0
"225" 225 0.321167883212 21 20 11 9 3 3 1 0 0 0 0 0 0 0 0 0 0 0 0 0
"226" 226 0.00574712643678 24 21 6 5 5 2 1 1 1 1 1 0 0 0 0 0 0 0 0 0
"227" 227 0.557692307692 20 13 11 9 8 3 2 1 1 0 0 0 0 0 0 0 0 0 0 0
"228" 228 0.653846153846 54 4 3 2 1 1 1 1 1 0 0 0 0 0 0 0 0 0 0 0
"229" 229 0.580291970803 45 10 6 2 1 1 1 1 1 0 0 0 0 0 0 0 0 0 0 0
"230" 230 0.132183908046 40 10 6 4 3 2 2 1 0 0 0 0 0 0 0 0 0 0 0 0
"231" 231 0.295597484277 14 13 11 10 8 3 3 2 2 1 1 0 0 0 0 0 0 0 0 0
"232" 232 0.0199004975124 27 23 8 7 1 1 1 0 0 0 0 0 0 0 0 0 0 0 0 0
"233" 233 0.03125 68 0 0 0 0 0 0 0 0 0 0 0 0 0 0 0 0 0 0 0
"234" 234 0.0077519379845 51 8 5 1 1 1 1 0 0 0 0 0 0 0 0 0 0 0 0 0
"235" 235 0.152317880795 67 1 0 0 0 0 0 0 0 0 0 0 0 0 0 0 0 0 0 0
"236" 236 0.163461538462 68 0 0 0 0 0 0 0 0 0 0 0 0 0 0 0 0 0 0 0
"237" 237 0.605128205128 31 27 7 2 1 0 0 0 0 0 0 0 0 0 0 0 0 0 0 0
"238" 238 0.133027522936 33 25 8 2 0 0 0 0 0 0 0 0 0 0 0 0 0 0 0 0
"239" 239 0.348837209302 44 12 7 1 1 1 1 1 0 0 0 0 0 0 0 0 0 0 0 0
"240" 240 0.373134328358 37 7 6 5 5 3 2 2 1 0 0 0 0 0 0 0 0 0 0 0
"241" 241 0.71875 32 16 7 4 3 2 2 1 1 0 0 0 0 0 0 0 0 0 0 0
"242" 242 0.507299270073 33 18 10 4 1 1 1 0 0 0 0 0 0 0 0 0 0 0 0 0
"243" 243 0.0 33 15 12 8 0 0 0 0 0 0 0 0 0 0 0 0 0 0 0 0
"244" 244 0.413502109705 29 10 8 7 4 3 2 2 1 1 1 0 0 0 0 0 0 0 0 0
"245" 245 0.170542635659 27 7 7 6 5 4 4 3 2 1 1 1 0 0 0 0 0 0 0 0
"246" 246 0.0077519379845 31 20 7 5 2 2 1 0 0 0 0 0 0 0 0 0 0 0 0 0
"247" 247 0.0387596899225 58 2 2 2 1 1 1 1 0 0 0 0 0 0 0 0 0 0 0 0
"248" 248 0.589285714286 30 18 5 5 2 2 2 2 1 1 0 0 0 0 0 0 0 0 0 0
"249" 249 0.162790697674 40 9 8 6 4 1 0 0 0 0 0 0 0 0 0 0 0 0 0 0
"250" 250 0.221153846154 68 0 0 0 0 0 0 0 0 0 0 0 0 0 0 0 0 0 0 0
"251" 251 0.00574712643678 67 1 0 0 0 0 0 0 0 0 0 0 0 0 0 0 0 0 0 0
"252" 252 0.19170984456 62 3 2 1 0 0 0 0 0 0 0 0 0 0 0 0 0 0 0 0
"253" 253 0.285171102662 27 15 14 6 4 1 1 0 0 0 0 0 0 0 0 0 0 0 0 0
"254" 254 0.0 53 8 4 2 1 0 0 0 0 0 0 0 0 0 0 0 0 0 0 0
"255" 255 0.0198675496689 66 2 0 0 0 0 0 0 0 0 0 0 0 0 0 0 0 0 0 0
"256" 256 0.0 31 16 6 6 4 4 1 0 0 0 0 0 0 0 0 0 0 0 0 0
"257" 257 0.134615384615 65 3 0 0 0 0 0 0 0 0 0 0 0 0 0 0 0 0 0 0
"258" 258 0.147286821705 47 12 3 1 1 1 1 1 1 0 0 0 0 0 0 0 0 0 0 0
"259" 259 0.0 54 9 3 1 1 0 0 0 0 0 0 0 0 0 0 0 0 0 0 0
"260" 260 0.0290697674419 65 3 0 0 0 0 0 0 0 0 0 0 0 0 0 0 0 0 0 0
"261" 261 0.641148325359 57 6 3 1 1 0 0 0 0 0 0 0 0 0 0 0 0 0 0 0
"262" 262 0.523178807947 59 3 3 2 1 0 0 0 0 0 0 0 0 0 0 0 0 0 0 0
"263" 263 0.0697674418605 37 18 6 2 2 1 1 1 0 0 0 0 0 0 0 0 0 0 0 0
"264" 264 0.527426160338 27 19 7 6 2 2 1 1 1 1 1 0 0 0 0 0 0 0 0 0
"265" 265 0.387596899225 26 14 8 7 6 3 2 1 1 0 0 0 0 0 0 0 0 0 0 0
"266" 266 0.00497512437811 43 10 6 6 1 1 1 0 0 0 0 0 0 0 0 0 0 0 0 0
"267" 267 0.414507772021 68 0 0 0 0 0 0 0 0 0 0 0 0 0 0 0 0 0 0 0
"268" 268 0.0199004975124 44 19 3 1 1 0 0 0 0 0 0 0 0 0 0 0 0 0 0 0
"269" 269 0.17880794702 44 19 4 1 0 0 0 0 0 0 0 0 0 0 0 0 0 0 0 0
"270" 270 0.0746268656716 43 21 3 1 0 0 0 0 0 0 0 0 0 0 0 0 0 0 0 0
"271" 271 0.557213930348 6 6 2 1 0 0 0 0 0 0 0 0 0 0 0 0 0 0 0 0
"272" 272 0.258620689655 5 4 1 1 1 0 0 0 0 0 0 0 0 0 0 0 0 0 0 0
"273" 273 0.350574712644 2 2 1 0 0 0 0 0 0 0 0 0 0 0 0 0 0 0 0 0
"274" 274 0.824817518248 2 1 0 0 0 0 0 0 0 0 0 0 0 0 0 0 0 0 0 0
"275" 275 1.0 3 0 0 0 0 0 0 0 0 0 0 0 0 0 0 0 0 0 0 0
