"site" "RSA" "aa1" "aa2" "aa3" "aa4" "aa5" "aa6" "aa7" "aa8" "aa9" "aa10" "aa11" "aa12" "aa13" "aa14" "aa15" "aa16" "aa17" "aa18" "aa19" "aa20"
"0" 0 0.283582089552 179 165 106 11 9 9 7 4 3 2 2 2 1 0 0 0 0 0 0 0
"1" 1 0.171532846715 166 111 102 38 38 22 11 9 2 1 0 0 0 0 0 0 0 0 0 0
"2" 2 0.0 373 65 32 14 7 6 2 1 0 0 0 0 0 0 0 0 0 0 0 0
"3" 3 0.0 483 15 1 1 0 0 0 0 0 0 0 0 0 0 0 0 0 0 0 0
"4" 4 0.0 380 117 3 0 0 0 0 0 0 0 0 0 0 0 0 0 0 0 0 0
"5" 5 0.100775193798 213 198 39 19 6 5 5 5 4 3 2 1 0 0 0 0 0 0 0 0
"6" 6 0.0287356321839 192 174 95 19 11 7 1 1 0 0 0 0 0 0 0 0 0 0 0 0
"7" 7 0.282700421941 128 127 63 31 31 29 18 15 15 15 8 8 6 5 1 0 0 0 0 0
"8" 8 0.244525547445 286 109 89 6 4 3 1 1 1 0 0 0 0 0 0 0 0 0 0 0
"9" 9 0.00574712643678 192 190 90 21 3 2 1 1 0 0 0 0 0 0 0 0 0 0 0 0
"10" 10 0.106598984772 272 116 45 30 13 12 8 2 1 1 0 0 0 0 0 0 0 0 0 0
"11" 11 0.124352331606 163 149 85 36 32 12 8 6 6 2 1 0 0 0 0 0 0 0 0 0
"12" 12 0.661596958175 147 110 95 83 32 19 8 4 1 1 0 0 0 0 0 0 0 0 0 0
"13" 13 0.573643410853 183 124 63 49 31 17 13 9 8 2 1 0 0 0 0 0 0 0 0 0
"14" 14 0.270114942529 162 121 70 63 42 11 9 8 6 3 3 1 1 0 0 0 0 0 0 0
"15" 15 0.814345991561 396 50 35 7 5 4 2 1 0 0 0 0 0 0 0 0 0 0 0 0
"16" 16 0.456852791878 252 82 40 34 22 15 13 13 12 5 5 4 1 1 1 0 0 0 0 0
"17" 17 0.580291970803 234 82 73 63 15 15 8 5 3 1 1 0 0 0 0 0 0 0 0 0
"18" 18 0.132183908046 190 166 84 41 10 4 2 2 1 0 0 0 0 0 0 0 0 0 0 0
"19" 19 0.286919831224 241 231 12 11 2 2 1 0 0 0 0 0 0 0 0 0 0 0 0 0
"20" 20 0.817610062893 132 101 95 66 64 31 7 3 1 0 0 0 0 0 0 0 0 0 0 0
"21" 21 0.502590673575 192 114 112 31 19 15 12 4 1 0 0 0 0 0 0 0 0 0 0 0
"22" 22 0.43795620438 161 124 80 75 32 12 6 4 2 2 2 0 0 0 0 0 0 0 0 0
"23" 23 0.424418604651 170 117 55 51 29 27 22 18 9 2 0 0 0 0 0 0 0 0 0 0
"24" 24 0.0480769230769 498 2 0 0 0 0 0 0 0 0 0 0 0 0 0 0 0 0 0 0
"25" 25 0.264367816092 237 61 56 33 33 20 19 13 12 9 5 2 0 0 0 0 0 0 0 0
"26" 26 0.16091954023 230 102 64 31 28 24 8 6 6 1 0 0 0 0 0 0 0 0 0 0
"27" 27 0.325581395349 283 99 56 13 12 12 12 8 5 0 0 0 0 0 0 0 0 0 0 0
"28" 28 0.730569948187 242 174 39 20 9 6 6 2 1 1 0 0 0 0 0 0 0 0 0 0
"29" 29 0.884615384615 444 56 0 0 0 0 0 0 0 0 0 0 0 0 0 0 0 0 0 0
"30" 30 0.166666666667 354 39 27 20 20 16 7 5 4 3 2 1 1 1 0 0 0 0 0 0
"31" 31 0.535864978903 249 96 43 30 30 18 12 6 6 4 2 1 1 1 1 0 0 0 0 0
"32" 32 0.191387559809 330 85 44 19 12 6 3 1 0 0 0 0 0 0 0 0 0 0 0 0
"33" 33 0.192052980132 250 155 68 15 3 3 2 2 2 0 0 0 0 0 0 0 0 0 0 0
"34" 34 0.0366972477064 157 149 113 35 24 10 8 3 1 0 0 0 0 0 0 0 0 0 0 0
"35" 35 0.00512820512821 353 118 23 6 0 0 0 0 0 0 0 0 0 0 0 0 0 0 0 0
"36" 36 0.182389937107 163 131 125 35 21 10 9 3 2 1 0 0 0 0 0 0 0 0 0 0
"37" 37 0.092050209205 222 90 64 37 36 32 13 4 1 1 0 0 0 0 0 0 0 0 0 0
"38" 38 0.0443037974684 411 33 29 23 2 1 1 0 0 0 0 0 0 0 0 0 0 0 0 0
"39" 39 0.303571428571 213 98 69 40 29 22 12 10 5 2 0 0 0 0 0 0 0 0 0 0
"40" 40 0.0304568527919 232 156 74 17 6 4 2 2 2 2 1 1 1 0 0 0 0 0 0 0
"41" 41 0.0 491 6 3 0 0 0 0 0 0 0 0 0 0 0 0 0 0 0 0 0
"42" 42 0.00574712643678 253 204 22 12 4 4 1 0 0 0 0 0 0 0 0 0 0 0 0 0
"43" 43 0.0178571428571 287 85 74 28 11 9 4 1 1 0 0 0 0 0 0 0 0 0 0 0
"44" 44 0.0267857142857 122 105 77 49 29 28 23 18 11 10 6 6 4 4 4 2 2 0 0 0
"45" 45 0.0 383 117 0 0 0 0 0 0 0 0 0 0 0 0 0 0 0 0 0 0
"46" 46 0.0172413793103 279 85 43 26 15 14 13 11 7 4 3 0 0 0 0 0 0 0 0 0
"47" 47 0.306569343066 199 115 51 43 19 19 18 13 10 6 2 2 1 1 1 0 0 0 0 0
"48" 48 0.00995024875622 236 85 72 45 33 10 6 5 4 3 1 0 0 0 0 0 0 0 0 0
"49" 49 0.206751054852 310 133 27 14 9 2 1 1 1 1 1 0 0 0 0 0 0 0 0 0
"50" 50 0.522321428571 159 116 110 63 16 13 11 6 2 2 2 0 0 0 0 0 0 0 0 0
"51" 51 0.493670886076 128 107 100 58 25 23 20 20 16 2 1 0 0 0 0 0 0 0 0 0
"52" 52 0.810126582278 434 64 2 0 0 0 0 0 0 0 0 0 0 0 0 0 0 0 0 0
"53" 53 0.358208955224 246 211 19 13 8 2 1 0 0 0 0 0 0 0 0 0 0 0 0 0
"54" 54 0.0402298850575 384 56 49 5 4 2 0 0 0 0 0 0 0 0 0 0 0 0 0 0
"55" 55 0.721518987342 166 137 117 68 7 3 2 0 0 0 0 0 0 0 0 0 0 0 0 0
"56" 56 0.205357142857 295 114 66 9 3 3 3 2 1 1 1 1 1 0 0 0 0 0 0 0
"57" 57 0.0 434 59 4 3 0 0 0 0 0 0 0 0 0 0 0 0 0 0 0 0
"58" 58 0.0 235 67 57 41 41 26 22 7 2 1 1 0 0 0 0 0 0 0 0 0
"59" 59 0.0077519379845 367 121 11 1 0 0 0 0 0 0 0 0 0 0 0 0 0 0 0 0
"60" 60 0.0114942528736 350 72 25 24 17 7 5 0 0 0 0 0 0 0 0 0 0 0 0 0
"61" 61 0.0198675496689 442 40 9 8 1 0 0 0 0 0 0 0 0 0 0 0 0 0 0 0
"62" 62 0.126582278481 207 134 61 55 38 4 1 0 0 0 0 0 0 0 0 0 0 0 0 0
"63" 63 0.0288461538462 500 0 0 0 0 0 0 0 0 0 0 0 0 0 0 0 0 0 0 0
"64" 64 0.138364779874 301 77 63 37 16 2 2 1 1 0 0 0 0 0 0 0 0 0 0 0
"65" 65 0.348837209302 146 90 74 63 61 15 14 12 10 9 3 2 1 0 0 0 0 0 0 0
"66" 66 0.412556053812 170 165 65 39 32 25 3 1 0 0 0 0 0 0 0 0 0 0 0 0
"67" 67 0.0253164556962 361 74 13 11 11 10 9 5 2 2 1 1 0 0 0 0 0 0 0 0
"68" 68 0.210762331839 133 103 92 55 34 29 27 11 9 3 2 1 1 0 0 0 0 0 0 0
"69" 69 0.53125 289 95 63 19 14 6 5 4 3 2 0 0 0 0 0 0 0 0 0 0
"70" 70 0.0406976744186 203 161 127 4 2 2 1 0 0 0 0 0 0 0 0 0 0 0 0 0
"71" 71 0.0 291 181 10 7 5 4 2 0 0 0 0 0 0 0 0 0 0 0 0 0
"72" 72 0.171532846715 235 126 70 36 17 10 2 2 2 0 0 0 0 0 0 0 0 0 0 0
"73" 73 0.372093023256 137 66 62 62 41 39 31 20 17 9 9 5 1 1 0 0 0 0 0 0
"74" 74 0.0 237 173 87 2 1 0 0 0 0 0 0 0 0 0 0 0 0 0 0 0
"75" 75 0.0 477 13 4 3 1 1 1 0 0 0 0 0 0 0 0 0 0 0 0 0
"76" 76 0.062015503876 489 6 5 0 0 0 0 0 0 0 0 0 0 0 0 0 0 0 0 0
"77" 77 0.0550458715596 261 109 35 24 20 11 9 8 8 6 4 2 1 1 1 0 0 0 0 0
"78" 78 0.144230769231 500 0 0 0 0 0 0 0 0 0 0 0 0 0 0 0 0 0 0 0
"79" 79 0.0077519379845 428 72 0 0 0 0 0 0 0 0 0 0 0 0 0 0 0 0 0 0
"80" 80 0.295336787565 339 82 35 20 7 6 4 3 2 2 0 0 0 0 0 0 0 0 0 0
"81" 81 0.211678832117 172 74 60 50 34 34 27 27 11 8 1 1 1 0 0 0 0 0 0 0
"82" 82 0.00961538461538 307 185 8 0 0 0 0 0 0 0 0 0 0 0 0 0 0 0 0 0
"83" 83 0.00507614213198 242 80 56 45 21 19 9 9 8 8 2 1 0 0 0 0 0 0 0 0
"84" 84 0.0 294 196 3 2 2 1 1 1 0 0 0 0 0 0 0 0 0 0 0 0
"85" 85 0.0 257 164 51 9 6 5 5 1 1 1 0 0 0 0 0 0 0 0 0 0
"86" 86 0.308035714286 278 117 32 27 24 9 7 3 2 1 0 0 0 0 0 0 0 0 0 0
"87" 87 0.0114942528736 324 102 32 22 7 5 3 2 2 1 0 0 0 0 0 0 0 0 0 0
"88" 88 0.389937106918 445 36 10 8 1 0 0 0 0 0 0 0 0 0 0 0 0 0 0 0
"89" 89 0.572327044025 289 176 27 3 2 1 1 1 0 0 0 0 0 0 0 0 0 0 0 0
"90" 90 0.511627906977 376 65 32 9 7 7 1 1 1 1 0 0 0 0 0 0 0 0 0 0
"91" 91 0.433035714286 234 151 44 29 15 13 4 3 3 2 2 0 0 0 0 0 0 0 0 0
"92" 92 0.162790697674 199 155 56 38 30 18 2 1 1 0 0 0 0 0 0 0 0 0 0 0
"93" 93 0.584821428571 278 91 38 26 19 15 13 9 4 3 3 1 0 0 0 0 0 0 0 0
"94" 94 0.576642335766 262 60 48 44 36 20 15 10 3 2 0 0 0 0 0 0 0 0 0 0
"95" 95 0.189054726368 398 22 16 11 9 9 8 7 6 5 3 2 2 1 1 0 0 0 0 0
"96" 96 0.163461538462 338 89 26 10 9 9 6 4 4 1 1 1 1 1 0 0 0 0 0 0
"97" 97 0.0754716981132 259 174 38 11 10 4 3 1 0 0 0 0 0 0 0 0 0 0 0 0
"98" 98 0.338308457711 266 107 32 22 22 16 10 10 4 3 2 2 1 1 1 1 0 0 0 0
"99" 99 0.0313901345291 218 178 31 18 17 11 8 7 6 4 1 1 0 0 0 0 0 0 0 0
"100" 100 0.172413793103 164 151 90 21 20 18 10 8 5 5 2 2 2 1 1 0 0 0 0 0
"101" 101 0.0 497 3 0 0 0 0 0 0 0 0 0 0 0 0 0 0 0 0 0 0
"102" 102 0.36496350365 392 47 31 25 2 2 1 0 0 0 0 0 0 0 0 0 0 0 0 0
"103" 103 0.0229885057471 391 42 27 19 16 3 1 1 0 0 0 0 0 0 0 0 0 0 0 0
"104" 104 0.00995024875622 337 45 26 20 20 15 12 9 5 4 3 2 1 1 0 0 0 0 0 0
"105" 105 0.031007751938 451 17 17 6 5 2 1 1 0 0 0 0 0 0 0 0 0 0 0 0
"106" 106 0.215189873418 127 123 88 87 45 10 6 4 4 3 2 1 0 0 0 0 0 0 0 0
"107" 107 0.0 364 55 20 13 13 9 8 7 3 3 3 1 1 0 0 0 0 0 0 0
"108" 108 0.0077519379845 357 56 47 17 11 7 2 2 1 0 0 0 0 0 0 0 0 0 0 0
"109" 109 0.59375 333 64 28 18 10 9 8 7 7 5 5 2 2 2 0 0 0 0 0 0
"110" 110 0.438818565401 143 121 70 46 27 17 17 16 14 11 7 6 2 2 1 0 0 0 0 0
"111" 111 0.0848214285714 314 64 33 31 19 15 7 5 4 4 1 1 1 1 0 0 0 0 0 0
"112" 112 0.645569620253 491 4 3 1 1 0 0 0 0 0 0 0 0 0 0 0 0 0 0 0
"113" 113 0.0344827586207 345 73 28 19 15 12 5 3 0 0 0 0 0 0 0 0 0 0 0 0
"114" 114 0.305699481865 282 54 40 40 25 19 15 12 8 3 1 1 0 0 0 0 0 0 0 0
"115" 115 0.00497512437811 326 82 37 22 10 8 7 4 2 1 1 0 0 0 0 0 0 0 0 0
"116" 116 0.0 293 81 59 29 17 9 8 2 1 1 0 0 0 0 0 0 0 0 0 0
"117" 117 0.00497512437811 330 90 17 16 8 8 8 7 5 4 3 2 2 0 0 0 0 0 0 0
"118" 118 0.0348258706468 284 90 54 43 23 2 2 1 1 0 0 0 0 0 0 0 0 0 0 0
"119" 119 0.125 500 0 0 0 0 0 0 0 0 0 0 0 0 0 0 0 0 0 0 0
"120" 120 0.206751054852 272 84 50 37 27 22 5 1 1 1 0 0 0 0 0 0 0 0 0 0
"121" 121 0.219730941704 290 97 72 21 7 5 4 4 0 0 0 0 0 0 0 0 0 0 0 0
"122" 122 0.100775193798 221 79 68 51 15 13 12 9 8 8 8 5 2 1 0 0 0 0 0 0
"123" 123 0.243654822335 243 155 22 17 16 15 14 8 5 2 2 1 0 0 0 0 0 0 0 0
"124" 124 0.39896373057 156 77 62 53 45 33 29 18 6 6 5 5 3 1 1 0 0 0 0 0
"125" 125 0.316062176166 109 101 81 41 40 37 37 25 10 9 6 4 0 0 0 0 0 0 0 0
"126" 126 0.497409326425 135 100 85 48 37 35 34 13 8 4 1 0 0 0 0 0 0 0 0 0
"127" 127 0.272151898734 155 74 60 58 49 30 23 18 12 9 4 2 2 2 1 1 0 0 0 0
"128" 128 0.194871794872 289 87 85 16 15 7 1 0 0 0 0 0 0 0 0 0 0 0 0 0
"129" 129 0.390134529148 431 25 24 14 3 2 1 0 0 0 0 0 0 0 0 0 0 0 0 0
"130" 130 0.197674418605 202 83 80 62 31 13 9 9 5 2 2 1 1 0 0 0 0 0 0 0
"131" 131 0.0288461538462 287 96 53 46 7 4 3 3 1 0 0 0 0 0 0 0 0 0 0 0
"132" 132 0.215246636771 321 44 41 34 23 8 8 6 4 3 2 2 2 1 1 0 0 0 0 0
"133" 133 0.275229357798 368 41 27 23 18 6 6 2 2 2 1 1 1 1 1 0 0 0 0 0
"134" 134 0.0 245 84 61 50 40 10 9 1 0 0 0 0 0 0 0 0 0 0 0 0
"135" 135 0.0 481 17 2 0 0 0 0 0 0 0 0 0 0 0 0 0 0 0 0 0
"136" 136 0.423076923077 285 70 43 34 21 15 13 5 3 2 2 2 2 1 1 1 0 0 0 0
"137" 137 0.330543933054 446 30 21 2 1 0 0 0 0 0 0 0 0 0 0 0 0 0 0 0
"138" 138 0.109452736318 416 23 23 17 10 7 2 2 0 0 0 0 0 0 0 0 0 0 0 0
"139" 139 0.772020725389 427 65 6 1 1 0 0 0 0 0 0 0 0 0 0 0 0 0 0 0
"140" 140 0.170212765957 385 57 19 14 7 6 4 3 2 1 1 1 0 0 0 0 0 0 0 0
"141" 141 0.301886792453 233 89 50 42 22 22 19 17 4 1 1 0 0 0 0 0 0 0 0 0
"142" 142 0.367713004484 134 120 79 46 27 27 19 12 12 7 6 3 3 2 2 1 0 0 0 0
"143" 143 0.0 322 120 42 6 4 3 2 1 0 0 0 0 0 0 0 0 0 0 0 0
"144" 144 0.0348837209302 172 146 90 22 16 15 8 6 6 5 4 3 3 2 1 1 0 0 0 0
"145" 145 0.192468619247 232 142 107 15 3 1 0 0 0 0 0 0 0 0 0 0 0 0 0 0
"146" 146 0.0 168 129 114 48 39 2 0 0 0 0 0 0 0 0 0 0 0 0 0 0
"147" 147 0.0860927152318 153 153 140 20 16 5 4 4 2 1 1 1 0 0 0 0 0 0 0 0
"148" 148 0.367713004484 109 97 85 57 46 39 20 19 13 11 4 0 0 0 0 0 0 0 0 0
"149" 149 0.0229885057471 162 67 59 56 51 46 19 15 7 4 4 4 3 2 1 0 0 0 0 0
"150" 150 0.226744186047 189 148 41 34 25 22 15 8 8 7 2 1 0 0 0 0 0 0 0 0
"151" 151 0.114427860697 207 140 82 43 17 5 4 2 0 0 0 0 0 0 0 0 0 0 0 0
"152" 152 0.433035714286 252 110 49 33 20 18 6 6 2 2 2 0 0 0 0 0 0 0 0 0
"153" 153 0.625 500 0 0 0 0 0 0 0 0 0 0 0 0 0 0 0 0 0 0 0
"154" 154 0.528497409326 392 88 9 4 3 2 1 1 0 0 0 0 0 0 0 0 0 0 0 0
"155" 155 0.244725738397 215 175 40 24 12 11 7 6 5 2 2 1 0 0 0 0 0 0 0 0
"156" 156 0.0 149 93 63 39 32 27 23 19 18 11 10 5 4 4 2 1 0 0 0 0
"157" 157 0.35864978903 233 76 75 41 29 28 10 2 2 1 1 1 1 0 0 0 0 0 0 0
"158" 158 0.0 353 58 33 30 20 3 3 0 0 0 0 0 0 0 0 0 0 0 0 0
"159" 159 0.290178571429 148 100 74 42 41 38 14 13 12 12 2 2 2 0 0 0 0 0 0 0
"160" 160 0.131386861314 164 122 103 42 20 20 19 6 3 1 0 0 0 0 0 0 0 0 0 0
"161" 161 0.254464285714 166 105 63 51 36 30 25 16 5 2 1 0 0 0 0 0 0 0 0 0
"162" 162 0.319796954315 420 32 13 12 11 7 2 2 1 0 0 0 0 0 0 0 0 0 0 0
"163" 163 0.943005181347 250 135 53 25 17 8 6 5 1 0 0 0 0 0 0 0 0 0 0 0
"164" 164 0.817307692308 367 75 19 13 10 7 6 2 1 0 0 0 0 0 0 0 0 0 0 0
"165" 165 0.326923076923 500 0 0 0 0 0 0 0 0 0 0 0 0 0 0 0 0 0 0 0
"166" 166 0.437810945274 267 110 65 35 12 3 3 3 2 0 0 0 0 0 0 0 0 0 0 0
"167" 167 0.321428571429 120 118 46 42 39 38 29 21 13 12 12 7 2 1 0 0 0 0 0 0
"168" 168 0.459302325581 169 136 76 34 33 15 9 9 7 5 4 3 0 0 0 0 0 0 0 0
"169" 169 0.28855721393 138 58 52 49 43 42 34 32 19 19 7 4 2 1 0 0 0 0 0 0
"170" 170 0.64598540146 363 39 30 22 18 8 6 6 4 2 1 1 0 0 0 0 0 0 0 0
"171" 171 0.0796019900498 325 79 32 27 14 6 5 4 3 2 1 1 1 0 0 0 0 0 0 0
"172" 172 0.582278481013 100 86 85 66 66 38 37 6 6 6 2 1 1 0 0 0 0 0 0 0
"173" 173 0.174129353234 290 137 27 13 11 10 4 3 2 1 1 1 0 0 0 0 0 0 0 0
"174" 174 0.276729559748 359 103 22 10 3 1 1 1 0 0 0 0 0 0 0 0 0 0 0 0
"175" 175 0.0 389 43 25 21 10 8 1 1 1 1 0 0 0 0 0 0 0 0 0 0
"176" 176 0.0 459 25 12 3 1 0 0 0 0 0 0 0 0 0 0 0 0 0 0 0
"177" 177 0.0 224 138 56 50 16 11 3 2 0 0 0 0 0 0 0 0 0 0 0 0
"178" 178 0.00581395348837 396 95 4 3 1 1 0 0 0 0 0 0 0 0 0 0 0 0 0 0
"179" 179 0.0 270 169 33 15 9 2 1 1 0 0 0 0 0 0 0 0 0 0 0 0
"180" 180 0.0777202072539 410 62 17 8 1 1 1 0 0 0 0 0 0 0 0 0 0 0 0 0
"181" 181 0.492537313433 191 110 70 39 31 24 18 12 3 2 0 0 0 0 0 0 0 0 0 0
"182" 182 0.664233576642 237 116 49 43 20 16 7 5 3 2 1 1 0 0 0 0 0 0 0 0
"183" 183 0.0597014925373 185 111 44 37 31 29 27 15 8 5 5 1 1 1 0 0 0 0 0 0
"184" 184 0.0871794871795 319 144 24 12 1 0 0 0 0 0 0 0 0 0 0 0 0 0 0 0
"185" 185 0.741071428571 251 233 13 2 1 0 0 0 0 0 0 0 0 0 0 0 0 0 0 0
"186" 186 0.201257861635 326 83 74 11 4 1 1 0 0 0 0 0 0 0 0 0 0 0 0 0
"187" 187 0.273722627737 276 143 45 15 9 7 2 2 1 0 0 0 0 0 0 0 0 0 0 0
"188" 188 0.817490494297 202 109 69 44 30 15 15 5 4 2 2 2 1 0 0 0 0 0 0 0
"189" 189 0.232558139535 345 104 13 11 10 5 3 3 2 1 1 1 1 0 0 0 0 0 0 0
"190" 190 0.424418604651 173 78 69 55 43 40 17 9 5 4 4 2 1 0 0 0 0 0 0 0
"191" 191 0.666666666667 172 135 130 38 10 6 4 3 1 1 0 0 0 0 0 0 0 0 0 0
"192" 192 0.440251572327 256 107 91 23 11 8 3 1 0 0 0 0 0 0 0 0 0 0 0 0
"193" 193 0.333333333333 171 171 43 36 25 22 15 15 1 1 0 0 0 0 0 0 0 0 0 0
"194" 194 0.375634517766 206 109 85 31 25 15 12 8 6 1 1 1 0 0 0 0 0 0 0 0
"195" 195 0.467889908257 139 107 91 88 44 14 5 4 3 2 2 1 0 0 0 0 0 0 0 0
"196" 196 0.556962025316 216 141 47 37 30 13 11 4 1 0 0 0 0 0 0 0 0 0 0 0
"197" 197 0.015503875969 494 3 3 0 0 0 0 0 0 0 0 0 0 0 0 0 0 0 0 0
"198" 198 0.518987341772 188 102 69 44 21 20 12 12 12 12 4 2 1 1 0 0 0 0 0 0
"199" 199 0.696202531646 246 128 105 4 4 3 3 3 2 2 0 0 0 0 0 0 0 0 0 0
"200" 200 0.274261603376 180 169 70 64 9 4 2 2 0 0 0 0 0 0 0 0 0 0 0 0
"201" 201 0.620253164557 186 140 101 53 17 2 1 0 0 0 0 0 0 0 0 0 0 0 0 0
"202" 202 0.0456852791878 403 84 7 4 2 0 0 0 0 0 0 0 0 0 0 0 0 0 0 0
"203" 203 0.379464285714 188 103 89 37 23 13 13 11 6 4 4 3 2 2 1 1 0 0 0 0
"204" 204 0.367816091954 287 84 42 39 20 15 8 2 1 1 1 0 0 0 0 0 0 0 0 0
"205" 205 0.0964467005076 185 99 40 40 36 33 21 16 10 7 5 3 3 1 1 0 0 0 0 0
"206" 206 0.464135021097 131 131 59 52 51 41 15 14 4 1 1 0 0 0 0 0 0 0 0 0
"207" 207 0.0817610062893 383 62 37 7 5 3 2 1 0 0 0 0 0 0 0 0 0 0 0 0
"208" 208 0.528846153846 247 77 55 40 30 19 14 7 6 4 1 0 0 0 0 0 0 0 0 0
"209" 209 0.580310880829 166 124 86 47 30 22 10 8 3 3 1 0 0 0 0 0 0 0 0 0
"210" 210 0.134328358209 316 117 24 17 10 6 3 2 2 1 1 1 0 0 0 0 0 0 0 0
"211" 211 0.653846153846 500 0 0 0 0 0 0 0 0 0 0 0 0 0 0 0 0 0 0 0
"212" 212 0.051724137931 343 146 4 3 2 1 1 0 0 0 0 0 0 0 0 0 0 0 0 0
"213" 213 0.549222797927 238 152 44 21 11 9 7 5 3 3 3 2 1 1 0 0 0 0 0 0
"214" 214 0.199004975124 275 107 38 23 22 8 6 6 4 4 4 1 1 1 0 0 0 0 0 0
"215" 215 0.453488372093 224 59 59 31 30 25 25 17 12 9 5 2 1 1 0 0 0 0 0 0
"216" 216 0.284768211921 188 126 64 33 26 22 15 9 6 4 3 2 1 1 0 0 0 0 0 0
"217" 217 0.818565400844 173 156 82 58 15 4 4 3 2 1 1 1 0 0 0 0 0 0 0 0
"218" 218 0.731343283582 93 68 57 49 45 40 30 29 25 19 15 9 9 9 2 1 0 0 0 0
"219" 219 0.708609271523 296 106 53 14 9 8 4 2 2 2 2 1 1 0 0 0 0 0 0 0
"220" 220 0.632183908046 88 82 66 63 50 45 25 21 16 9 8 8 7 4 3 2 2 1 0 0
"221" 221 0.781725888325 232 108 56 54 23 17 5 3 1 1 0 0 0 0 0 0 0 0 0 0
"222" 222 0.291390728477 169 74 71 50 29 28 25 21 17 11 2 1 1 1 0 0 0 0 0 0
"223" 223 0.235632183908 210 98 37 36 27 19 17 16 13 9 7 5 3 2 1 0 0 0 0 0
"224" 224 0.504464285714 217 113 48 40 23 17 12 8 5 5 4 3 2 1 1 1 0 0 0 0
"225" 225 0.580310880829 185 151 63 51 18 9 8 5 5 2 1 1 1 0 0 0 0 0 0 0
"226" 226 0.666666666667 363 123 7 4 2 1 0 0 0 0 0 0 0 0 0 0 0 0 0 0
"227" 227 0.823899371069 358 100 28 10 3 1 0 0 0 0 0 0 0 0 0 0 0 0 0 0
"228" 228 0.85201793722 178 121 86 53 24 15 13 5 3 2 0 0 0 0 0 0 0 0 0 0
"229" 229 0.875912408759 236 98 56 39 29 22 10 4 3 2 1 0 0 0 0 0 0 0 0 0
"230" 230 0.755813953488 180 85 68 61 38 31 19 8 5 2 2 1 0 0 0 0 0 0 0 0
"231" 231 0.744186046512 165 136 118 30 16 13 11 4 3 2 1 1 0 0 0 0 0 0 0 0
"232" 232 0.759615384615 317 124 31 24 2 1 1 0 0 0 0 0 0 0 0 0 0 0 0 0
"233" 233 0.701149425287 104 102 80 66 48 41 24 14 8 5 4 3 1 0 0 0 0 0 0 0
"234" 234 0.835443037975 222 158 56 32 12 11 5 2 2 0 0 0 0 0 0 0 0 0 0 0
"235" 235 0.258620689655 254 67 61 36 22 15 15 10 10 2 2 2 2 1 1 0 0 0 0 0
"236" 236 0.611607142857 157 98 89 55 33 18 17 16 13 3 1 0 0 0 0 0 0 0 0 0
"237" 237 0.383720930233 178 158 58 36 25 20 14 6 2 2 1 0 0 0 0 0 0 0 0 0
"238" 238 0.656976744186 174 114 100 51 15 12 11 9 9 4 1 0 0 0 0 0 0 0 0 0
"239" 239 0.696428571429 170 135 128 35 10 7 6 5 2 1 1 0 0 0 0 0 0 0 0 0
"240" 240 0.259067357513 135 132 91 40 26 18 17 14 9 4 4 3 2 2 1 1 1 0 0 0
"241" 241 0.398009950249 158 154 111 28 22 7 7 6 3 3 1 0 0 0 0 0 0 0 0 0
"242" 242 0.333333333333 289 128 22 17 15 10 8 6 3 2 0 0 0 0 0 0 0 0 0 0
"243" 243 0.317829457364 141 128 84 72 29 18 11 5 4 4 2 2 0 0 0 0 0 0 0 0
"244" 244 0.303797468354 187 66 54 43 40 35 22 18 14 4 4 4 2 2 2 2 1 0 0 0
"245" 245 0.298507462687 209 146 45 27 22 21 16 12 1 1 0 0 0 0 0 0 0 0 0 0
"246" 246 0.518987341772 418 61 9 6 3 2 1 0 0 0 0 0 0 0 0 0 0 0 0 0
"247" 247 0.651785714286 214 70 67 38 37 33 26 11 2 2 0 0 0 0 0 0 0 0 0 0
"248" 248 0.51269035533 277 104 35 28 25 11 8 3 3 3 1 1 1 0 0 0 0 0 0 0
"249" 249 0.5 496 4 0 0 0 0 0 0 0 0 0 0 0 0 0 0 0 0 0 0
"250" 250 0.660583941606 152 134 72 51 36 21 12 9 8 3 2 0 0 0 0 0 0 0 0 0
"251" 251 0.664974619289 485 3 3 3 2 2 1 1 0 0 0 0 0 0 0 0 0 0 0 0
