"site" "RSA" "aa1" "aa2" "aa3" "aa4" "aa5" "aa6" "aa7" "aa8" "aa9" "aa10" "aa11" "aa12" "aa13" "aa14" "aa15" "aa16" "aa17" "aa18" "aa19" "aa20"
"0" 0 0.720207253886 232 179 41 21 16 8 3 0 0 0 0 0 0 0 0 0 0 0 0 0
"1" 1 0.600896860987 115 92 78 63 55 42 36 13 6 0 0 0 0 0 0 0 0 0 0 0
"2" 2 0.627906976744 123 115 108 75 30 15 14 9 5 3 2 1 0 0 0 0 0 0 0 0
"3" 3 0.562189054726 206 97 49 38 32 29 20 13 10 5 1 0 0 0 0 0 0 0 0 0
"4" 4 0.291390728477 151 137 46 45 39 30 23 17 5 5 2 0 0 0 0 0 0 0 0 0
"5" 5 0.389121338912 273 98 49 24 22 10 10 10 3 1 0 0 0 0 0 0 0 0 0 0
"6" 6 0.393034825871 159 129 63 43 39 30 13 9 7 3 3 2 0 0 0 0 0 0 0 0
"7" 7 0.548523206751 195 74 70 65 39 20 14 11 7 4 1 0 0 0 0 0 0 0 0 0
"8" 8 0.569948186528 155 117 77 70 32 22 13 7 3 2 1 1 0 0 0 0 0 0 0 0
"9" 9 0.175732217573 316 51 37 33 23 18 13 3 3 2 1 0 0 0 0 0 0 0 0 0
"10" 10 0.407960199005 137 129 92 50 34 25 12 9 6 6 0 0 0 0 0 0 0 0 0 0
"11" 11 0.410852713178 136 123 64 44 43 43 14 12 8 8 5 0 0 0 0 0 0 0 0 0
"12" 12 0.240384615385 148 122 76 52 39 20 19 9 5 3 2 2 1 1 1 0 0 0 0 0
"13" 13 0.00961538461538 211 59 56 56 28 25 20 17 10 8 5 2 1 1 1 0 0 0 0 0
"14" 14 0.373563218391 137 116 63 53 39 28 23 19 14 7 1 0 0 0 0 0 0 0 0 0
"15" 15 0.124031007752 155 99 98 80 21 19 11 5 4 2 2 2 1 1 0 0 0 0 0 0
"16" 16 0.15503875969 175 165 76 18 15 11 10 10 6 4 3 2 2 1 1 1 0 0 0 0
"17" 17 0.170542635659 489 5 2 2 1 1 0 0 0 0 0 0 0 0 0 0 0 0 0 0
"18" 18 0.340101522843 114 82 68 66 37 36 28 25 24 6 4 3 3 2 2 0 0 0 0 0
"19" 19 0.0596026490066 452 15 14 7 4 3 3 2 0 0 0 0 0 0 0 0 0 0 0 0
"20" 20 0.236286919831 410 25 16 15 7 6 6 5 5 3 2 0 0 0 0 0 0 0 0 0
"21" 21 0.267441860465 260 67 62 41 25 12 10 10 5 3 2 1 1 1 0 0 0 0 0 0
"22" 22 0.395348837209 160 85 70 53 35 22 21 19 9 8 7 6 3 1 1 0 0 0 0 0
"23" 23 0.0862068965517 115 104 101 95 77 3 2 1 1 1 0 0 0 0 0 0 0 0 0 0
"24" 24 0.0 360 89 36 8 3 2 1 1 0 0 0 0 0 0 0 0 0 0 0 0
"25" 25 0.169811320755 214 89 64 33 29 20 16 15 14 4 1 1 0 0 0 0 0 0 0 0
"26" 26 0.182741116751 98 95 51 40 39 31 30 26 26 26 11 10 9 3 2 2 1 0 0 0
"27" 27 0.116071428571 153 95 48 36 36 28 26 24 19 13 12 4 2 2 1 1 0 0 0 0
"28" 28 0.014598540146 284 83 36 36 16 11 10 10 6 5 3 0 0 0 0 0 0 0 0 0
"29" 29 0.0114942528736 220 95 84 59 21 7 6 4 2 1 1 0 0 0 0 0 0 0 0 0
"30" 30 0.0168776371308 230 94 42 41 36 30 12 5 5 3 1 1 0 0 0 0 0 0 0 0
"31" 31 0.0 130 89 86 58 40 39 25 13 6 5 4 3 1 1 0 0 0 0 0 0
"32" 32 0.00995024875622 221 128 100 26 16 4 4 1 0 0 0 0 0 0 0 0 0 0 0 0
"33" 33 0.089552238806 469 21 3 2 2 1 1 1 0 0 0 0 0 0 0 0 0 0 0 0
"34" 34 0.0 120 105 87 71 57 47 7 6 0 0 0 0 0 0 0 0 0 0 0 0
"35" 35 0.00574712643678 348 117 11 11 7 6 0 0 0 0 0 0 0 0 0 0 0 0 0 0
"36" 36 0.0493273542601 210 173 58 27 15 9 3 3 1 1 0 0 0 0 0 0 0 0 0 0
"37" 37 0.267942583732 134 76 64 57 38 38 34 32 14 3 3 3 2 2 0 0 0 0 0 0
"38" 38 0.0077519379845 247 108 48 27 23 21 20 3 1 1 1 0 0 0 0 0 0 0 0 0
"39" 39 0.0794701986755 285 95 36 31 14 12 9 6 5 3 2 1 1 0 0 0 0 0 0 0
"40" 40 0.548523206751 205 78 66 37 36 36 25 8 4 2 1 1 1 0 0 0 0 0 0 0
"41" 41 0.291479820628 211 56 48 47 31 31 25 14 12 11 8 4 1 1 0 0 0 0 0 0
"42" 42 0.0862944162437 228 97 46 44 42 27 5 5 2 2 2 0 0 0 0 0 0 0 0 0
"43" 43 0.311258278146 230 84 75 69 26 9 1 1 1 1 1 1 1 0 0 0 0 0 0 0
"44" 44 0.53488372093 152 134 99 60 20 13 10 6 3 2 1 0 0 0 0 0 0 0 0 0
"45" 45 0.714285714286 207 108 85 54 26 10 5 3 1 1 0 0 0 0 0 0 0 0 0 0
"46" 46 0.53164556962 134 94 86 73 53 17 14 10 9 8 1 1 0 0 0 0 0 0 0 0
"47" 47 0.219730941704 210 102 43 36 30 25 18 9 8 8 7 2 1 1 0 0 0 0 0 0
"48" 48 0.0380228136882 251 220 23 2 2 2 0 0 0 0 0 0 0 0 0 0 0 0 0 0
"49" 49 0.738396624473 143 85 84 65 52 34 16 7 4 4 3 3 0 0 0 0 0 0 0 0
"50" 50 0.192307692308 478 17 4 1 0 0 0 0 0 0 0 0 0 0 0 0 0 0 0 0
"51" 51 0.238578680203 165 150 53 34 32 20 19 11 4 3 2 2 2 2 1 0 0 0 0 0
"52" 52 0.675126903553 187 141 56 36 21 19 14 10 10 3 2 1 0 0 0 0 0 0 0 0
"53" 53 0.20725388601 166 93 68 62 43 33 15 11 4 2 2 1 0 0 0 0 0 0 0 0
"54" 54 0.00632911392405 323 85 71 11 3 2 1 1 1 1 1 0 0 0 0 0 0 0 0 0
"55" 55 0.293103448276 143 122 44 42 42 36 25 15 8 7 6 4 3 2 1 0 0 0 0 0
"56" 56 0.528735632184 289 93 88 13 7 4 2 2 2 0 0 0 0 0 0 0 0 0 0 0
"57" 57 0.167883211679 334 66 58 20 12 4 3 2 1 0 0 0 0 0 0 0 0 0 0 0
"58" 58 0.010152284264 199 146 53 28 21 19 12 8 4 4 3 2 1 0 0 0 0 0 0 0
"59" 59 0.232704402516 221 182 43 33 12 7 2 0 0 0 0 0 0 0 0 0 0 0 0 0
"60" 60 0.755274261603 379 30 30 22 18 8 7 6 0 0 0 0 0 0 0 0 0 0 0 0
"61" 61 0.160714285714 275 86 59 29 29 7 4 3 3 2 2 1 0 0 0 0 0 0 0 0
"62" 62 0.0762331838565 382 42 25 18 11 9 8 3 2 0 0 0 0 0 0 0 0 0 0 0
"63" 63 0.298076923077 500 0 0 0 0 0 0 0 0 0 0 0 0 0 0 0 0 0 0 0
"64" 64 0.55230125523 217 201 33 14 14 10 6 3 1 1 0 0 0 0 0 0 0 0 0 0
"65" 65 0.701492537313 207 147 43 27 25 24 17 10 0 0 0 0 0 0 0 0 0 0 0 0
"66" 66 0.0397350993377 220 159 60 25 17 7 6 5 1 0 0 0 0 0 0 0 0 0 0 0
"67" 67 0.0794979079498 126 117 115 33 33 23 17 17 15 4 0 0 0 0 0 0 0 0 0 0
"68" 68 0.269503546099 325 81 40 23 11 9 9 2 0 0 0 0 0 0 0 0 0 0 0 0
"69" 69 0.0839416058394 175 76 63 60 57 31 14 11 7 6 0 0 0 0 0 0 0 0 0 0
"70" 70 0.0865384615385 500 0 0 0 0 0 0 0 0 0 0 0 0 0 0 0 0 0 0 0
"71" 71 0.0769230769231 250 225 15 4 3 2 1 0 0 0 0 0 0 0 0 0 0 0 0 0
"72" 72 0.457711442786 161 128 78 70 30 13 10 4 2 2 1 1 0 0 0 0 0 0 0 0
"73" 73 0.0232558139535 387 65 36 7 2 1 1 1 0 0 0 0 0 0 0 0 0 0 0 0
"74" 74 0.0564102564103 130 112 111 43 39 21 19 8 8 6 1 1 1 0 0 0 0 0 0 0
"75" 75 0.212643678161 138 123 50 47 46 36 34 12 10 2 1 1 0 0 0 0 0 0 0 0
"76" 76 0.309644670051 161 112 92 52 48 12 11 7 3 1 1 0 0 0 0 0 0 0 0 0
"77" 77 0.251824817518 303 119 45 9 9 6 3 3 2 1 0 0 0 0 0 0 0 0 0 0
"78" 78 0.140684410646 381 25 22 19 15 13 9 5 3 3 3 2 0 0 0 0 0 0 0 0
"79" 79 0.305439330544 276 104 48 26 24 8 5 3 3 2 1 0 0 0 0 0 0 0 0 0
"80" 80 0.270440251572 277 77 75 23 23 9 9 5 1 1 0 0 0 0 0 0 0 0 0 0
"81" 81 0.093023255814 238 212 27 15 3 2 1 1 1 0 0 0 0 0 0 0 0 0 0 0
"82" 82 0.331838565022 198 127 60 28 19 17 17 14 9 6 2 2 1 0 0 0 0 0 0 0
"83" 83 0.410852713178 178 96 68 67 38 25 10 9 8 1 0 0 0 0 0 0 0 0 0 0
"84" 84 0.134328358209 273 75 62 46 16 14 6 4 3 1 0 0 0 0 0 0 0 0 0 0
"85" 85 0.138461538462 196 97 76 70 37 6 5 3 3 3 2 1 1 0 0 0 0 0 0 0
"86" 86 0.648535564854 105 79 56 47 39 37 28 28 24 21 18 13 4 1 0 0 0 0 0 0
"87" 87 0.46511627907 140 120 72 42 39 27 15 13 13 9 8 2 0 0 0 0 0 0 0 0
"88" 88 0.309623430962 214 103 72 45 24 17 15 3 3 2 1 1 0 0 0 0 0 0 0 0
"89" 89 0.383966244726 182 164 120 14 5 5 5 3 1 1 0 0 0 0 0 0 0 0 0 0
"90" 90 0.492227979275 211 151 42 41 16 15 12 6 4 1 1 0 0 0 0 0 0 0 0 0
"91" 91 0.523206751055 202 73 58 40 36 31 19 12 10 10 5 3 1 0 0 0 0 0 0 0
"92" 92 0.186311787072 176 168 78 48 11 6 4 3 3 2 1 0 0 0 0 0 0 0 0 0
"93" 93 0.337552742616 143 115 99 91 17 12 9 8 2 2 1 1 0 0 0 0 0 0 0 0
"94" 94 0.466367713004 248 117 36 33 23 16 10 8 6 2 1 0 0 0 0 0 0 0 0 0
"95" 95 0.578680203046 155 131 56 44 43 35 28 5 1 1 1 0 0 0 0 0 0 0 0 0
"96" 96 0.284518828452 234 190 63 6 3 2 1 1 0 0 0 0 0 0 0 0 0 0 0 0
"97" 97 0.109452736318 473 10 4 3 3 2 2 1 1 1 0 0 0 0 0 0 0 0 0 0
"98" 98 0.480769230769 468 14 6 3 3 2 2 1 1 0 0 0 0 0 0 0 0 0 0 0
"99" 99 0.846153846154 490 10 0 0 0 0 0 0 0 0 0 0 0 0 0 0 0 0 0 0
"100" 100 0.126436781609 344 141 7 3 2 1 1 1 0 0 0 0 0 0 0 0 0 0 0 0
"101" 101 0.383419689119 304 162 20 4 3 3 3 1 0 0 0 0 0 0 0 0 0 0 0 0
"102" 102 0.481751824818 423 31 26 9 5 3 2 1 0 0 0 0 0 0 0 0 0 0 0 0
"103" 103 0.602870813397 165 141 72 69 19 15 9 5 3 1 1 0 0 0 0 0 0 0 0 0
"104" 104 0.696202531646 169 162 68 61 31 6 2 1 0 0 0 0 0 0 0 0 0 0 0 0
"105" 105 0.37668161435 188 101 91 67 21 13 12 5 1 1 0 0 0 0 0 0 0 0 0 0
"106" 106 0.36820083682 199 105 66 55 22 22 16 7 3 2 1 1 1 0 0 0 0 0 0 0
"107" 107 0.663120567376 149 129 107 35 29 19 11 10 6 3 1 1 0 0 0 0 0 0 0 0
"108" 108 0.408759124088 148 126 75 74 48 14 9 6 0 0 0 0 0 0 0 0 0 0 0 0
"109" 109 0.269961977186 309 152 35 4 0 0 0 0 0 0 0 0 0 0 0 0 0 0 0 0
"110" 110 0.171548117155 267 79 67 34 19 15 14 1 1 1 1 1 0 0 0 0 0 0 0 0
"111" 111 0.418604651163 259 118 42 34 16 13 11 4 2 1 0 0 0 0 0 0 0 0 0 0
"112" 112 0.0192307692308 484 13 3 0 0 0 0 0 0 0 0 0 0 0 0 0 0 0 0 0
"113" 113 0.0923076923077 107 75 53 49 47 42 32 31 26 19 9 5 3 1 1 0 0 0 0 0
"114" 114 0.139303482587 272 88 35 25 19 18 15 12 5 4 3 2 1 1 0 0 0 0 0 0
"115" 115 0.279069767442 298 76 57 28 22 11 5 1 1 1 0 0 0 0 0 0 0 0 0 0
"116" 116 0.0132450331126 469 17 6 2 2 2 1 1 0 0 0 0 0 0 0 0 0 0 0 0
"117" 117 0.105769230769 116 101 80 74 45 19 16 11 9 9 8 6 3 2 1 0 0 0 0 0
"118" 118 0.0673076923077 173 158 71 45 19 9 8 4 4 3 2 2 1 1 0 0 0 0 0 0
"119" 119 0.162790697674 162 101 74 55 46 17 16 13 7 3 2 2 2 0 0 0 0 0 0 0
"120" 120 0.062015503876 330 81 23 18 18 12 12 3 2 1 0 0 0 0 0 0 0 0 0 0
"121" 121 0.163461538462 204 135 42 41 24 16 9 8 8 7 3 1 1 1 0 0 0 0 0 0
"122" 122 0.170542635659 178 134 83 36 30 16 9 6 3 2 2 1 0 0 0 0 0 0 0 0
"123" 123 0.116279069767 157 87 62 48 46 30 17 13 10 9 8 4 3 3 2 1 0 0 0 0
"124" 124 0.0529801324503 204 152 87 26 10 8 4 4 2 1 1 1 0 0 0 0 0 0 0 0
"125" 125 0.0696517412935 177 87 54 52 37 25 24 17 12 11 2 1 1 0 0 0 0 0 0 0
"126" 126 0.411392405063 147 136 109 27 24 17 16 11 6 4 2 1 0 0 0 0 0 0 0 0
"127" 127 0.55230125523 431 47 11 4 4 2 1 0 0 0 0 0 0 0 0 0 0 0 0 0
"128" 128 0.0172413793103 348 105 45 2 0 0 0 0 0 0 0 0 0 0 0 0 0 0 0 0
"129" 129 0.0 463 19 7 5 4 1 1 0 0 0 0 0 0 0 0 0 0 0 0 0
"130" 130 0.100628930818 367 37 26 21 15 15 5 5 4 2 1 1 1 0 0 0 0 0 0 0
"131" 131 0.129353233831 348 91 15 10 8 6 6 5 3 3 3 2 0 0 0 0 0 0 0 0
"132" 132 0.0621761658031 177 154 91 47 7 6 5 4 3 2 2 1 1 0 0 0 0 0 0 0
"133" 133 0.0 244 168 66 10 7 4 1 0 0 0 0 0 0 0 0 0 0 0 0 0
"134" 134 0.0 353 64 52 18 12 1 0 0 0 0 0 0 0 0 0 0 0 0 0 0
"135" 135 0.0109489051095 226 168 30 27 23 12 10 2 1 1 0 0 0 0 0 0 0 0 0 0
"136" 136 0.0 154 135 128 30 19 10 7 5 4 3 3 1 1 0 0 0 0 0 0 0
"137" 137 0.043795620438 239 154 37 35 25 5 3 1 1 0 0 0 0 0 0 0 0 0 0 0
"138" 138 0.0248756218905 447 25 18 4 2 2 1 1 0 0 0 0 0 0 0 0 0 0 0 0
"139" 139 0.0 209 134 54 38 12 11 10 10 8 5 5 2 1 1 0 0 0 0 0 0
"140" 140 0.015503875969 290 99 43 23 16 11 4 4 4 2 2 1 1 0 0 0 0 0 0 0
"141" 141 0.0 500 0 0 0 0 0 0 0 0 0 0 0 0 0 0 0 0 0 0 0
"142" 142 0.103448275862 223 128 73 22 14 8 7 7 6 5 3 3 1 0 0 0 0 0 0 0
"143" 143 0.0384615384615 500 0 0 0 0 0 0 0 0 0 0 0 0 0 0 0 0 0 0 0
"144" 144 0.518987341772 167 117 84 45 32 22 14 12 2 2 1 1 1 0 0 0 0 0 0 0
"145" 145 0.211538461538 152 101 70 41 39 29 27 17 15 6 2 1 0 0 0 0 0 0 0 0
"146" 146 0.658914728682 298 111 25 13 12 11 10 10 4 2 2 1 1 0 0 0 0 0 0 0
"147" 147 0.736434108527 163 140 88 61 25 11 6 3 2 1 0 0 0 0 0 0 0 0 0 0
"148" 148 0.434977578475 221 59 53 42 41 28 24 17 4 3 3 2 2 1 0 0 0 0 0 0
"149" 149 0.222627737226 215 115 42 39 33 26 15 7 4 4 0 0 0 0 0 0 0 0 0 0
"150" 150 0.151785714286 255 93 44 28 25 22 14 7 6 4 1 1 0 0 0 0 0 0 0 0
"151" 151 0.00836820083682 229 170 98 2 1 0 0 0 0 0 0 0 0 0 0 0 0 0 0 0
"152" 152 0.5 136 119 59 41 33 29 29 28 17 5 4 0 0 0 0 0 0 0 0 0
"153" 153 0.211538461538 430 39 11 9 6 3 2 0 0 0 0 0 0 0 0 0 0 0 0 0
"154" 154 0.124378109453 278 60 55 26 22 11 10 9 9 6 5 4 2 1 1 1 0 0 0 0
"155" 155 0.451923076923 194 143 40 33 31 30 12 9 3 3 2 0 0 0 0 0 0 0 0 0
"156" 156 0.292307692308 167 134 114 29 16 16 5 5 4 3 2 2 2 1 0 0 0 0 0 0
"157" 157 0.0 409 50 24 14 3 0 0 0 0 0 0 0 0 0 0 0 0 0 0 0
"158" 158 0.223350253807 174 163 50 47 36 12 6 6 2 2 1 1 0 0 0 0 0 0 0 0
"159" 159 0.406976744186 123 113 83 70 66 17 10 8 4 3 2 1 0 0 0 0 0 0 0 0
"160" 160 0.409282700422 217 82 54 45 36 19 15 15 11 4 1 1 0 0 0 0 0 0 0 0
"161" 161 0.0203045685279 150 83 81 68 56 43 11 4 2 1 1 0 0 0 0 0 0 0 0 0
"162" 162 0.44769874477 284 112 36 35 22 8 2 1 0 0 0 0 0 0 0 0 0 0 0 0
"163" 163 0.763713080169 170 142 50 30 28 27 13 13 11 6 5 3 2 0 0 0 0 0 0 0
"164" 164 0.370860927152 148 108 84 60 48 11 11 7 7 6 4 3 2 1 0 0 0 0 0 0
"165" 165 0.238341968912 172 106 78 60 57 13 3 3 2 2 1 1 1 1 0 0 0 0 0 0
"166" 166 0.230769230769 500 0 0 0 0 0 0 0 0 0 0 0 0 0 0 0 0 0 0 0
"167" 167 0.52736318408 280 67 62 58 15 6 4 3 3 2 0 0 0 0 0 0 0 0 0 0
"168" 168 0.270072992701 313 100 51 22 5 3 3 2 1 0 0 0 0 0 0 0 0 0 0 0
"169" 169 0.0192307692308 498 2 0 0 0 0 0 0 0 0 0 0 0 0 0 0 0 0 0 0
"170" 170 0.044776119403 492 2 2 1 1 1 1 0 0 0 0 0 0 0 0 0 0 0 0 0
"171" 171 0.235741444867 440 42 11 5 1 1 0 0 0 0 0 0 0 0 0 0 0 0 0 0
"172" 172 0.2466367713 162 120 75 45 31 22 12 11 11 9 1 1 0 0 0 0 0 0 0 0
"173" 173 0.0673076923077 500 0 0 0 0 0 0 0 0 0 0 0 0 0 0 0 0 0 0 0
"174" 174 0.171548117155 263 171 50 5 4 4 1 1 1 0 0 0 0 0 0 0 0 0 0 0
"175" 175 0.589743589744 164 140 94 41 32 9 6 6 4 2 1 1 0 0 0 0 0 0 0 0
"176" 176 0.0 247 66 64 38 27 16 15 7 6 6 4 2 1 1 0 0 0 0 0 0
"177" 177 0.0662251655629 181 121 51 43 37 17 14 12 10 6 4 2 2 0 0 0 0 0 0 0
"178" 178 0.155172413793 167 153 97 18 13 10 10 9 6 5 3 2 2 2 1 1 1 0 0 0
"179" 179 0.394618834081 209 101 99 34 29 16 3 3 2 2 1 1 0 0 0 0 0 0 0 0
"180" 180 0.0961538461538 222 107 107 24 15 11 4 3 2 2 2 1 0 0 0 0 0 0 0 0
"181" 181 0.248730964467 222 54 51 44 43 32 30 7 6 4 3 3 1 0 0 0 0 0 0 0
"182" 182 0.319796954315 211 191 45 15 12 8 7 5 2 2 1 1 0 0 0 0 0 0 0 0
"183" 183 0.299492385787 155 59 54 50 36 32 30 25 20 13 7 6 5 4 4 0 0 0 0 0
"184" 184 0.326996197719 219 195 33 21 19 10 1 1 1 0 0 0 0 0 0 0 0 0 0 0
"185" 185 0.200729927007 305 42 31 25 21 21 17 12 10 5 5 4 2 0 0 0 0 0 0 0
"186" 186 0.201550387597 215 103 74 33 26 20 11 5 5 2 2 2 2 0 0 0 0 0 0 0
"187" 187 0.124031007752 249 60 42 38 36 29 20 8 5 5 3 2 1 1 1 0 0 0 0 0
"188" 188 0.235741444867 208 200 47 17 12 12 3 1 0 0 0 0 0 0 0 0 0 0 0 0
"189" 189 0.326359832636 112 90 69 67 39 34 30 19 12 12 7 3 2 2 1 1 0 0 0 0
"190" 190 0.240384615385 266 62 44 44 41 17 11 7 2 2 1 1 1 1 0 0 0 0 0 0
"191" 191 0.287356321839 153 88 51 49 43 40 25 25 11 6 6 2 1 0 0 0 0 0 0 0
"192" 192 0.266159695817 337 58 44 40 16 2 2 1 0 0 0 0 0 0 0 0 0 0 0 0
"193" 193 0.305699481865 207 70 55 52 35 33 32 7 4 2 1 1 1 0 0 0 0 0 0 0
"194" 194 0.610465116279 130 102 96 55 33 30 25 21 6 1 1 0 0 0 0 0 0 0 0 0
"195" 195 0.193798449612 112 98 59 45 32 27 21 18 15 15 15 11 11 7 5 5 4 0 0 0
"196" 196 0.53164556962 187 112 54 43 33 31 19 10 6 4 1 0 0 0 0 0 0 0 0 0
"197" 197 0.605769230769 234 58 57 52 39 29 8 8 6 5 2 1 1 0 0 0 0 0 0 0
"198" 198 0.733944954128 144 144 108 50 32 13 5 2 1 1 0 0 0 0 0 0 0 0 0 0
"199" 199 0.81592039801 500 0 0 0 0 0 0 0 0 0 0 0 0 0 0 0 0 0 0 0
"200" 200 0.276729559748 102 82 70 43 42 35 31 27 20 17 12 10 7 1 1 0 0 0 0 0
"201" 201 0.621761658031 217 99 52 51 37 21 11 6 3 1 1 1 0 0 0 0 0 0 0 0
"202" 202 0.723270440252 487 13 0 0 0 0 0 0 0 0 0 0 0 0 0 0 0 0 0 0
"203" 203 0.329113924051 86 80 71 71 67 31 23 22 18 17 10 3 1 0 0 0 0 0 0 0
"204" 204 0.733333333333 197 62 51 40 38 33 31 20 15 11 2 0 0 0 0 0 0 0 0 0
"205" 205 0.350574712644 141 79 51 44 30 29 28 18 17 14 10 9 8 7 5 5 4 1 0 0
"206" 206 0.631578947368 284 89 55 19 15 8 7 7 6 5 3 2 0 0 0 0 0 0 0 0
"207" 207 0.756345177665 165 138 97 61 9 9 8 4 3 2 1 1 1 1 0 0 0 0 0 0
"208" 208 0.568527918782 209 63 58 54 52 18 17 14 14 1 0 0 0 0 0 0 0 0 0 0
"209" 209 0.270114942529 107 76 49 48 44 42 39 29 29 27 6 2 1 1 0 0 0 0 0 0
"210" 210 0.350993377483 194 47 40 39 35 22 21 20 18 15 13 13 8 6 4 4 1 0 0 0
"211" 211 0.265957446809 251 65 56 35 25 22 21 11 4 4 2 2 1 1 0 0 0 0 0 0
"212" 212 0.408256880734 214 82 52 44 39 30 15 12 4 3 2 1 1 1 0 0 0 0 0 0
"213" 213 0.238578680203 75 60 57 47 43 40 35 34 32 23 11 11 9 6 5 5 4 3 0 0
"214" 214 0.170542635659 240 72 64 59 32 12 8 3 3 2 2 2 1 0 0 0 0 0 0 0
"215" 215 0.0896860986547 149 100 68 47 39 26 25 13 12 8 5 4 2 2 0 0 0 0 0 0
"216" 216 0.488372093023 211 90 65 44 39 18 12 7 6 4 2 2 0 0 0 0 0 0 0 0
"217" 217 0.0114942528736 254 156 31 23 13 12 5 3 2 1 0 0 0 0 0 0 0 0 0 0
"218" 218 0.226744186047 156 107 76 50 34 23 13 10 8 7 5 3 3 3 1 1 0 0 0 0
"219" 219 0.193798449612 123 99 88 87 42 22 10 9 8 6 4 1 1 0 0 0 0 0 0 0
"220" 220 0.310344827586 196 109 44 41 37 21 18 16 7 4 4 1 1 1 0 0 0 0 0 0
"221" 221 0.0 500 0 0 0 0 0 0 0 0 0 0 0 0 0 0 0 0 0 0 0
"222" 222 0.115384615385 86 83 60 58 56 37 30 27 18 16 8 7 5 3 3 2 1 0 0 0
"223" 223 0.323383084577 221 53 51 40 28 21 19 18 17 10 5 5 3 3 2 2 1 1 0 0
"224" 224 0.442528735632 101 90 80 59 51 20 15 14 13 10 10 10 8 8 4 3 2 2 0 0
"225" 225 0.0927152317881 394 106 0 0 0 0 0 0 0 0 0 0 0 0 0 0 0 0 0 0
"226" 226 0.0114068441065 270 130 79 14 2 1 1 1 1 1 0 0 0 0 0 0 0 0 0 0
"227" 227 0.119496855346 226 138 71 22 15 14 13 1 0 0 0 0 0 0 0 0 0 0 0 0
"228" 228 0.171548117155 99 80 71 58 53 35 19 18 18 14 12 11 7 4 1 0 0 0 0 0
"229" 229 0.165803108808 95 86 86 73 57 44 17 16 9 8 6 2 1 0 0 0 0 0 0 0
"230" 230 0.0 360 104 27 3 2 2 1 1 0 0 0 0 0 0 0 0 0 0 0 0
"231" 231 0.0 250 52 48 40 29 28 23 16 8 2 2 1 1 0 0 0 0 0 0 0
"232" 232 0.0802919708029 172 139 83 38 31 13 13 8 1 1 1 0 0 0 0 0 0 0 0 0
"233" 233 0.0948905109489 162 110 61 57 26 17 15 15 14 6 5 4 3 3 1 1 0 0 0 0
"234" 234 0.0 261 177 32 15 7 3 2 2 1 0 0 0 0 0 0 0 0 0 0 0
"235" 235 0.0275229357798 167 108 98 43 20 18 17 16 4 4 2 1 1 1 0 0 0 0 0 0
"236" 236 0.0 151 143 55 53 32 28 28 6 2 1 1 0 0 0 0 0 0 0 0 0
"237" 237 0.0137614678899 229 107 65 51 37 8 3 0 0 0 0 0 0 0 0 0 0 0 0 0
"238" 238 0.0179372197309 386 88 7 5 5 4 2 1 1 1 0 0 0 0 0 0 0 0 0 0
"239" 239 0.0 267 210 21 2 0 0 0 0 0 0 0 0 0 0 0 0 0 0 0 0
"240" 240 0.346153846154 500 0 0 0 0 0 0 0 0 0 0 0 0 0 0 0 0 0 0 0
"241" 241 0.109489051095 233 141 69 33 11 10 2 1 0 0 0 0 0 0 0 0 0 0 0 0
"242" 242 0.430379746835 120 80 75 69 59 42 30 9 9 5 1 1 0 0 0 0 0 0 0 0
"243" 243 0.567307692308 500 0 0 0 0 0 0 0 0 0 0 0 0 0 0 0 0 0 0 0
"244" 244 0.852713178295 229 148 71 39 7 4 1 1 0 0 0 0 0 0 0 0 0 0 0 0
"245" 245 0.367875647668 163 123 96 47 35 19 15 1 1 0 0 0 0 0 0 0 0 0 0 0
"246" 246 0.370558375635 244 145 70 15 12 8 3 1 1 1 0 0 0 0 0 0 0 0 0 0
"247" 247 0.211009174312 113 98 91 72 69 22 11 9 8 3 3 1 0 0 0 0 0 0 0 0
"248" 248 0.0228136882129 423 32 20 6 5 4 4 2 2 1 1 0 0 0 0 0 0 0 0 0
"249" 249 0.709302325581 140 123 78 58 38 20 20 9 9 2 2 1 0 0 0 0 0 0 0 0
"250" 250 0.221153846154 198 197 52 42 6 3 1 1 0 0 0 0 0 0 0 0 0 0 0 0
"251" 251 0.21511627907 160 60 52 48 37 36 32 30 17 10 5 5 3 3 1 1 0 0 0 0
"252" 252 0.568965517241 363 74 18 12 11 10 8 2 2 0 0 0 0 0 0 0 0 0 0 0
"253" 253 0.165803108808 144 92 70 68 49 20 16 10 8 4 4 3 3 3 2 2 2 0 0 0
"254" 254 0.0 285 114 86 6 5 2 2 0 0 0 0 0 0 0 0 0 0 0 0 0
"255" 255 0.251773049645 193 89 50 48 29 26 23 19 13 7 2 1 0 0 0 0 0 0 0 0
"256" 256 0.529197080292 157 121 80 39 31 27 17 12 8 5 2 1 0 0 0 0 0 0 0 0
"257" 257 0.320675105485 297 98 28 25 20 16 8 3 2 2 1 0 0 0 0 0 0 0 0 0
"258" 258 0.0 339 80 28 14 10 8 6 5 5 3 1 1 0 0 0 0 0 0 0 0
"259" 259 0.294573643411 157 111 110 33 29 21 17 12 4 2 1 1 1 1 0 0 0 0 0 0
"260" 260 0.654008438819 175 130 109 29 22 20 7 4 2 1 1 0 0 0 0 0 0 0 0 0
"261" 261 0.60103626943 123 123 100 57 28 15 13 11 10 9 4 4 2 1 0 0 0 0 0 0
"262" 262 0.178571428571 242 157 63 20 6 5 4 2 1 0 0 0 0 0 0 0 0 0 0 0
"263" 263 0.201923076923 500 0 0 0 0 0 0 0 0 0 0 0 0 0 0 0 0 0 0 0
"264" 264 0.635220125786 213 67 57 45 34 31 18 17 14 4 0 0 0 0 0 0 0 0 0 0
"265" 265 0.341772151899 194 187 43 37 19 13 3 2 2 0 0 0 0 0 0 0 0 0 0 0
"266" 266 0.031007751938 225 146 95 20 8 2 1 1 1 1 0 0 0 0 0 0 0 0 0 0
"267" 267 0.0753138075314 254 150 43 24 13 8 3 2 1 1 1 0 0 0 0 0 0 0 0 0
"268" 268 0.393305439331 371 93 26 7 2 1 0 0 0 0 0 0 0 0 0 0 0 0 0 0
"269" 269 0.291139240506 191 90 85 28 27 25 14 12 11 4 4 2 2 2 2 1 0 0 0 0
"270" 270 0.0961538461538 500 0 0 0 0 0 0 0 0 0 0 0 0 0 0 0 0 0 0 0
"271" 271 0.0387596899225 310 70 65 18 17 10 3 2 2 1 1 1 0 0 0 0 0 0 0 0
"272" 272 0.570921985816 218 127 50 29 24 19 10 10 6 4 2 1 0 0 0 0 0 0 0 0
"273" 273 0.00662251655629 408 34 28 17 8 3 2 0 0 0 0 0 0 0 0 0 0 0 0 0
"274" 274 0.117948717949 104 83 65 63 58 29 22 19 19 10 8 8 4 4 2 1 1 0 0 0
"275" 275 0.0919540229885 131 104 96 90 19 14 12 9 9 8 3 2 1 1 1 0 0 0 0 0
"276" 276 0.308457711443 182 96 60 49 46 37 19 4 4 2 1 0 0 0 0 0 0 0 0 0
"277" 277 0.29197080292 100 86 82 69 62 37 22 14 7 7 6 5 2 1 0 0 0 0 0 0
"278" 278 0.125 152 107 45 44 31 30 18 17 14 12 7 7 6 4 3 2 1 0 0 0
"279" 279 0.366972477064 206 142 87 17 12 10 7 6 5 4 2 2 0 0 0 0 0 0 0 0
"280" 280 0.240384615385 144 103 96 70 26 14 12 9 6 6 5 4 2 2 1 0 0 0 0 0
"281" 281 0.105769230769 220 144 54 19 14 13 10 6 4 4 3 2 2 2 2 1 0 0 0 0
"282" 282 0.15503875969 219 64 46 31 31 28 23 15 12 10 9 6 4 1 1 0 0 0 0 0
"283" 283 0.481171548117 195 141 51 43 23 23 7 7 5 4 1 0 0 0 0 0 0 0 0 0
"284" 284 0.14367816092 103 95 66 60 58 54 23 13 11 7 5 3 1 1 0 0 0 0 0 0
"285" 285 0.313432835821 216 128 98 42 4 2 2 2 2 1 1 1 1 0 0 0 0 0 0 0
"286" 286 0.367816091954 161 131 45 43 33 25 25 22 7 2 2 1 1 1 1 0 0 0 0 0
"287" 287 0.517412935323 150 137 85 52 26 10 9 8 6 6 5 4 1 1 0 0 0 0 0 0
"288" 288 0.32319391635 165 113 88 49 26 16 13 8 6 5 3 3 2 2 1 0 0 0 0 0
"289" 289 0.626943005181 148 123 92 56 22 21 19 11 4 2 2 0 0 0 0 0 0 0 0 0
"290" 290 0.71875 170 111 48 38 29 29 26 19 12 9 6 3 0 0 0 0 0 0 0 0
"291" 291 0.659898477157 195 167 64 40 9 7 6 5 3 2 1 1 0 0 0 0 0 0 0 0
