"site" "RSA" "aa1" "aa2" "aa3" "aa4" "aa5" "aa6" "aa7" "aa8" "aa9" "aa10" "aa11" "aa12" "aa13" "aa14" "aa15" "aa16" "aa17" "aa18" "aa19" "aa20"
"0" 0 0.645348837209 148 61 60 47 39 25 23 20 15 14 13 11 10 6 4 3 1 0 0 0
"1" 1 0.451923076923 491 3 3 2 1 0 0 0 0 0 0 0 0 0 0 0 0 0 0 0
"2" 2 0.788461538462 500 0 0 0 0 0 0 0 0 0 0 0 0 0 0 0 0 0 0 0
"3" 3 0.743119266055 103 100 70 63 51 35 20 14 11 9 9 6 3 2 2 1 1 0 0 0
"4" 4 0.519379844961 119 108 47 32 27 21 20 19 18 16 14 12 12 9 9 8 5 4 0 0
"5" 5 0.0993377483444 221 97 49 38 16 14 14 11 8 7 6 6 5 4 2 2 0 0 0 0
"6" 6 0.704641350211 206 97 70 37 27 12 12 11 11 5 4 3 2 2 1 0 0 0 0 0
"7" 7 0.187943262411 145 73 45 40 38 37 28 18 18 14 11 11 10 8 2 1 1 0 0 0
"8" 8 0.0829015544041 197 68 57 53 35 23 12 12 12 10 7 5 4 3 1 1 0 0 0 0
"9" 9 0.533632286996 153 94 72 34 31 26 23 19 16 15 7 4 2 2 1 1 0 0 0 0
"10" 10 0.362869198312 89 82 72 62 56 33 31 24 19 6 6 5 4 4 3 2 1 1 0 0
"11" 11 0.0 225 83 72 42 28 14 12 5 5 5 3 2 2 1 1 0 0 0 0 0
"12" 12 0.0137614678899 138 88 51 46 35 31 26 25 16 10 8 8 8 5 3 1 1 0 0 0
"13" 13 0.259067357513 147 88 62 59 51 33 17 13 11 6 4 3 3 2 1 0 0 0 0 0
"14" 14 0.0761421319797 146 89 59 44 35 27 18 18 10 10 10 9 8 6 6 3 2 0 0 0
"15" 15 0.0 419 69 8 1 1 1 1 0 0 0 0 0 0 0 0 0 0 0 0 0
"16" 16 0.174904942966 82 75 71 53 53 43 34 25 19 17 8 5 5 4 3 2 1 0 0 0
"17" 17 0.424107142857 301 71 46 28 16 12 6 5 4 4 3 1 1 1 1 0 0 0 0 0
"18" 18 0.0714285714286 269 124 43 14 14 9 5 5 4 4 3 3 2 1 0 0 0 0 0 0
"19" 19 0.0077519379845 367 119 9 2 1 1 1 0 0 0 0 0 0 0 0 0 0 0 0 0
"20" 20 0.243781094527 128 110 99 79 28 16 10 9 7 3 3 3 2 2 1 0 0 0 0 0
"21" 21 0.358208955224 182 173 77 20 11 10 7 4 4 4 3 2 2 1 0 0 0 0 0 0
"22" 22 0.0 261 229 8 2 0 0 0 0 0 0 0 0 0 0 0 0 0 0 0 0
"23" 23 0.212927756654 179 115 44 43 38 32 16 13 9 4 3 2 1 1 0 0 0 0 0 0
"24" 24 0.679324894515 137 80 62 51 42 31 25 22 20 14 6 4 3 2 1 0 0 0 0 0
"25" 25 0.464285714286 123 102 50 40 34 31 30 27 23 18 5 5 4 3 3 1 1 0 0 0
"26" 26 0.307692307692 467 31 1 1 0 0 0 0 0 0 0 0 0 0 0 0 0 0 0 0
"27" 27 0.0 225 124 79 40 8 6 5 4 3 2 2 1 1 0 0 0 0 0 0 0
"28" 28 0.0 362 28 24 18 16 12 12 9 5 4 4 2 1 1 1 1 0 0 0 0
"29" 29 0.0188679245283 450 41 3 3 2 1 0 0 0 0 0 0 0 0 0 0 0 0 0 0
"30" 30 0.0355329949239 164 120 90 36 31 18 14 9 5 4 2 2 2 2 1 0 0 0 0 0
"31" 31 0.0 498 2 0 0 0 0 0 0 0 0 0 0 0 0 0 0 0 0 0 0
"32" 32 0.0 490 6 4 0 0 0 0 0 0 0 0 0 0 0 0 0 0 0 0 0
"33" 33 0.0 264 135 71 13 4 4 4 2 1 1 1 0 0 0 0 0 0 0 0 0
"34" 34 0.0 262 77 76 44 20 8 4 3 2 2 2 0 0 0 0 0 0 0 0 0
"35" 35 0.0 126 71 67 52 48 43 29 15 15 14 8 8 2 1 1 0 0 0 0 0
"36" 36 0.174358974359 144 132 115 44 30 7 5 5 4 4 4 3 1 1 1 0 0 0 0 0
"37" 37 0.158974358974 112 67 61 55 46 37 22 20 16 14 14 13 8 5 3 3 3 1 0 0
"38" 38 0.666666666667 152 136 60 40 26 19 18 17 11 6 4 4 3 2 1 1 0 0 0 0
"39" 39 0.435233160622 110 80 64 51 41 33 30 24 22 19 14 6 4 2 0 0 0 0 0 0
"40" 40 0.0 424 26 19 13 8 5 3 2 0 0 0 0 0 0 0 0 0 0 0 0
"41" 41 0.35761589404 103 89 55 37 36 35 35 31 27 20 18 5 4 3 2 0 0 0 0 0
"42" 42 0.316091954023 127 94 63 62 58 31 17 17 7 6 6 5 5 1 1 0 0 0 0 0
"43" 43 0.238805970149 250 75 53 44 26 17 10 7 6 3 2 2 2 2 1 0 0 0 0 0
"44" 44 0.0769230769231 407 55 36 2 0 0 0 0 0 0 0 0 0 0 0 0 0 0 0 0
"45" 45 0.310218978102 335 104 9 9 8 7 5 5 5 4 4 3 1 1 0 0 0 0 0 0
"46" 46 0.00961538461538 448 32 20 0 0 0 0 0 0 0 0 0 0 0 0 0 0 0 0 0
"47" 47 0.0813397129187 354 64 28 24 10 6 5 4 1 1 1 1 1 0 0 0 0 0 0 0
"48" 48 0.0 251 124 57 24 19 8 6 4 3 3 1 0 0 0 0 0 0 0 0 0
"49" 49 0.174311926606 130 96 64 42 39 29 27 21 15 15 9 7 3 2 1 0 0 0 0 0
"50" 50 0.0948905109489 155 82 69 30 29 28 27 20 17 13 11 8 5 2 2 1 1 0 0 0
"51" 51 0.330543933054 91 70 69 54 36 26 26 25 16 14 13 13 11 10 9 8 7 2 0 0
"52" 52 0.255605381166 150 69 61 54 31 24 19 16 16 11 11 11 9 7 5 3 3 0 0 0
"53" 53 0.57805907173 102 96 65 52 52 31 25 24 20 15 8 4 4 2 0 0 0 0 0 0
"54" 54 0.682692307692 383 108 3 3 2 1 0 0 0 0 0 0 0 0 0 0 0 0 0 0
"55" 55 0.12582781457 182 61 45 41 37 32 26 13 11 11 10 9 7 6 5 2 1 1 0 0
"56" 56 0.565891472868 125 68 68 60 34 32 29 27 17 15 10 4 4 3 3 1 0 0 0 0
"57" 57 0.482558139535 192 59 39 35 33 32 31 24 23 15 8 7 2 0 0 0 0 0 0 0
"58" 58 0.119402985075 177 67 59 52 48 19 13 12 12 10 10 8 4 3 3 2 1 0 0 0
"59" 59 0.0717703349282 289 87 41 35 13 10 8 7 4 3 1 1 1 0 0 0 0 0 0 0
"60" 60 0.00961538461538 335 129 24 8 2 1 1 0 0 0 0 0 0 0 0 0 0 0 0 0
"61" 61 0.0357142857143 249 115 38 23 23 17 15 7 4 3 3 2 1 0 0 0 0 0 0 0
"62" 62 0.147208121827 70 65 54 53 48 39 36 28 23 20 13 12 11 10 9 8 1 0 0 0
"63" 63 0.0264900662252 240 148 30 26 22 15 8 3 2 2 1 1 1 1 0 0 0 0 0 0
"64" 64 0.0 238 193 43 16 5 4 1 0 0 0 0 0 0 0 0 0 0 0 0 0
"65" 65 0.0746268656716 219 89 57 26 20 16 11 11 10 9 7 6 5 5 3 3 2 1 0 0
"66" 66 0.598214285714 79 70 67 53 46 45 36 18 17 17 16 15 10 4 3 3 1 0 0 0
"67" 67 0.471794871795 183 85 54 37 30 29 26 14 13 9 7 5 3 2 1 1 1 0 0 0
"68" 68 0.113924050633 183 152 61 38 22 8 8 7 7 4 3 2 2 2 1 0 0 0 0 0
"69" 69 0.384615384615 500 0 0 0 0 0 0 0 0 0 0 0 0 0 0 0 0 0 0 0
"70" 70 0.930656934307 253 68 57 43 43 14 11 6 2 1 1 1 0 0 0 0 0 0 0 0
"71" 71 0.278606965174 218 68 62 46 37 19 8 7 7 6 5 5 4 2 2 2 1 1 0 0
"72" 72 0.65625 113 83 61 58 43 33 32 29 22 15 6 3 1 1 0 0 0 0 0 0
"73" 73 0.317307692308 95 92 80 54 33 28 27 26 19 17 9 9 7 1 1 1 1 0 0 0
"74" 74 0.64135021097 150 112 104 46 32 16 12 11 10 6 1 0 0 0 0 0 0 0 0 0
"75" 75 0.137931034483 108 107 62 56 48 34 32 11 10 7 6 6 5 4 3 1 0 0 0 0
"76" 76 0.0152091254753 220 112 106 23 9 8 6 5 3 3 2 2 1 0 0 0 0 0 0 0
"77" 77 0.451476793249 187 69 54 49 30 24 24 19 13 10 8 6 4 1 1 1 0 0 0 0
"78" 78 0.341968911917 143 91 86 67 52 45 7 3 3 1 1 1 0 0 0 0 0 0 0 0
"79" 79 0.0 221 120 79 30 23 10 4 3 3 3 2 1 1 0 0 0 0 0 0 0
"80" 80 0.0 159 95 63 53 51 18 16 12 9 9 7 6 1 1 0 0 0 0 0 0
"81" 81 0.0 262 154 36 16 12 5 4 4 4 1 1 1 0 0 0 0 0 0 0 0
"82" 82 0.0 196 75 71 49 48 24 18 8 6 4 1 0 0 0 0 0 0 0 0 0
"83" 83 0.0 299 163 14 12 6 3 1 1 1 0 0 0 0 0 0 0 0 0 0 0
"84" 84 0.0348837209302 313 162 15 5 2 1 1 1 0 0 0 0 0 0 0 0 0 0 0 0
"85" 85 0.0199004975124 131 91 73 69 66 22 19 10 8 5 2 2 1 1 0 0 0 0 0 0
"86" 86 0.0132450331126 214 161 55 27 15 9 5 4 4 3 1 1 1 0 0 0 0 0 0 0
"87" 87 0.0 256 97 53 44 19 19 5 3 1 1 1 1 0 0 0 0 0 0 0 0
"88" 88 0.113924050633 348 81 32 24 6 3 2 2 1 1 0 0 0 0 0 0 0 0 0 0
"89" 89 0.533678756477 152 104 87 45 23 22 20 14 11 9 4 3 3 2 1 0 0 0 0 0
"90" 90 0.366972477064 168 114 38 34 34 19 17 16 15 15 13 10 7 0 0 0 0 0 0 0
"91" 91 0.0 192 191 58 19 11 10 5 4 4 3 2 1 0 0 0 0 0 0 0 0
"92" 92 0.00581395348837 262 85 83 47 8 5 4 2 1 1 1 1 0 0 0 0 0 0 0 0
"93" 93 0.307692307692 155 78 74 55 37 23 17 16 13 12 12 5 3 0 0 0 0 0 0 0
"94" 94 0.116279069767 88 73 72 43 28 25 24 22 22 19 16 16 16 13 11 9 2 1 0 0
"95" 95 0.0 186 119 48 32 29 22 17 16 10 5 5 5 4 2 0 0 0 0 0 0
"96" 96 0.0964467005076 111 71 64 50 50 43 26 21 17 11 9 8 6 6 5 2 0 0 0 0
"97" 97 0.577981651376 126 105 89 59 31 29 15 13 13 5 5 4 2 2 2 0 0 0 0 0
"98" 98 0.296577946768 135 128 113 59 29 13 8 6 4 4 1 0 0 0 0 0 0 0 0 0
"99" 99 0.211538461538 334 86 25 13 11 10 9 6 3 3 0 0 0 0 0 0 0 0 0 0
"100" 100 0.0 423 30 16 9 8 7 2 2 1 1 1 0 0 0 0 0 0 0 0 0
"101" 101 0.251572327044 137 125 68 66 38 21 15 10 10 3 2 2 1 1 1 0 0 0 0 0
"102" 102 0.0401459854015 261 39 38 31 25 24 18 18 16 13 5 5 3 3 1 0 0 0 0 0
"103" 103 0.00632911392405 150 123 48 48 45 32 19 12 10 8 3 1 1 0 0 0 0 0 0 0
"104" 104 0.00574712643678 119 109 54 53 46 38 27 16 13 6 6 4 4 3 1 1 0 0 0 0
"105" 105 0.0 253 59 54 33 28 25 20 10 9 4 3 1 1 0 0 0 0 0 0 0
"106" 106 0.0 459 26 10 4 1 0 0 0 0 0 0 0 0 0 0 0 0 0 0 0
"107" 107 0.00446428571429 376 52 23 19 13 7 4 3 2 1 0 0 0 0 0 0 0 0 0 0
"108" 108 0.210256410256 270 145 37 13 12 10 8 2 2 1 0 0 0 0 0 0 0 0 0 0
"109" 109 0.5 145 87 66 42 29 27 22 21 14 14 10 7 6 5 4 1 0 0 0 0
"110" 110 0.174358974359 122 94 80 45 39 38 16 16 13 10 8 5 4 4 3 2 1 0 0 0
"111" 111 0.154811715481 174 154 49 49 17 17 12 11 5 3 3 2 1 1 1 1 0 0 0 0
"112" 112 0.481012658228 128 101 69 41 41 37 23 15 12 8 8 8 4 2 2 1 0 0 0 0
"113" 113 0.139072847682 337 91 18 16 12 11 3 2 2 2 2 2 1 1 0 0 0 0 0 0
"114" 114 0.746835443038 142 111 77 72 53 20 14 8 2 1 0 0 0 0 0 0 0 0 0 0
"115" 115 0.0 309 92 81 6 5 2 2 1 1 1 0 0 0 0 0 0 0 0 0 0
"116" 116 0.0580357142857 140 90 59 39 35 28 24 22 14 12 9 9 6 4 4 2 2 1 0 0
"117" 117 0.523206751055 199 92 63 58 28 18 10 10 8 5 5 3 1 0 0 0 0 0 0 0
"118" 118 0.410646387833 266 63 52 38 22 20 16 8 4 3 3 2 1 1 1 0 0 0 0 0
"119" 119 0.0 369 48 21 19 9 9 9 5 5 4 2 0 0 0 0 0 0 0 0 0
"120" 120 0.385650224215 182 120 77 55 19 15 8 6 4 4 3 3 2 1 1 0 0 0 0 0
"121" 121 0.593023255814 241 88 44 24 22 21 17 12 9 8 6 4 3 1 0 0 0 0 0 0
"122" 122 0.463503649635 138 127 62 45 28 22 16 15 10 8 8 7 5 3 3 2 1 0 0 0
"123" 123 0.673076923077 496 4 0 0 0 0 0 0 0 0 0 0 0 0 0 0 0 0 0 0
"124" 124 0.105263157895 260 111 63 41 12 3 3 2 2 1 1 1 0 0 0 0 0 0 0 0
"125" 125 0.205357142857 170 90 45 44 33 28 20 15 14 12 11 9 6 3 0 0 0 0 0 0
"126" 126 0.172413793103 393 36 17 12 8 8 7 7 3 3 2 2 1 1 0 0 0 0 0 0
"127" 127 0.241379310345 236 81 43 26 25 22 16 14 10 9 8 4 2 2 1 1 0 0 0 0
"128" 128 0.316091954023 250 74 43 42 33 28 8 7 6 3 3 2 1 0 0 0 0 0 0 0
"129" 129 0.385057471264 118 59 55 47 45 35 25 17 15 15 14 14 13 10 8 6 3 1 0 0
"130" 130 0.388601036269 192 159 51 40 14 14 10 8 5 5 2 0 0 0 0 0 0 0 0 0
"131" 131 0.0880829015544 333 48 44 15 13 12 8 7 7 4 3 2 2 1 1 0 0 0 0 0
"132" 132 0.401785714286 234 62 60 41 29 25 18 9 7 6 5 3 1 0 0 0 0 0 0 0
"133" 133 0.346715328467 109 103 84 80 42 36 15 15 6 3 3 3 1 0 0 0 0 0 0 0
"134" 134 0.0316455696203 165 96 78 44 41 40 16 6 4 4 3 2 1 0 0 0 0 0 0 0
"135" 135 0.139240506329 234 89 54 40 28 15 11 10 6 4 4 2 1 1 1 0 0 0 0 0
"136" 136 0.620253164557 106 88 79 60 50 34 24 15 12 12 8 4 3 2 2 1 0 0 0 0
"137" 137 0.0746268656716 312 41 41 24 15 14 13 12 7 6 5 3 3 2 2 0 0 0 0 0
"138" 138 0.0183486238532 311 37 27 22 21 19 16 13 13 8 5 4 2 1 1 0 0 0 0 0
"139" 139 0.379746835443 152 114 75 61 20 15 14 12 8 8 7 5 3 2 2 1 1 0 0 0
"140" 140 0.434977578475 178 97 74 34 27 23 16 11 10 8 8 8 4 1 1 0 0 0 0 0
"141" 141 0.0 242 189 41 22 4 2 0 0 0 0 0 0 0 0 0 0 0 0 0 0
"142" 142 0.152284263959 116 115 54 52 32 31 19 18 18 15 10 6 4 4 4 1 1 0 0 0
"143" 143 0.518134715026 106 84 78 74 44 28 20 20 18 9 7 6 5 1 0 0 0 0 0 0
"144" 144 0.424107142857 140 138 63 56 48 20 8 7 6 5 4 4 1 0 0 0 0 0 0 0
"145" 145 0.229927007299 257 168 41 18 9 3 2 1 1 0 0 0 0 0 0 0 0 0 0 0
"146" 146 0.352201257862 204 103 79 50 18 15 12 7 6 2 2 1 1 0 0 0 0 0 0 0
"147" 147 0.57399103139 190 103 66 50 31 21 19 12 4 2 1 1 0 0 0 0 0 0 0 0
"148" 148 0.217616580311 193 102 49 44 31 28 10 10 9 9 4 3 2 2 1 1 1 1 0 0
"149" 149 0.0390070921986 185 161 36 31 24 14 13 12 9 5 4 3 1 1 1 0 0 0 0 0
"150" 150 0.338912133891 138 127 79 53 45 22 20 8 5 2 1 0 0 0 0 0 0 0 0 0
"151" 151 0.433035714286 178 81 63 51 31 24 20 18 14 9 3 3 2 2 1 0 0 0 0 0
"152" 152 0.020725388601 213 67 62 51 29 28 11 9 7 6 6 5 2 2 1 1 0 0 0 0
"153" 153 0.218274111675 195 137 86 21 19 15 12 8 2 2 1 1 1 0 0 0 0 0 0 0
"154" 154 0.625 352 143 4 1 0 0 0 0 0 0 0 0 0 0 0 0 0 0 0 0
"155" 155 0.71875 159 152 64 32 28 23 15 11 6 3 3 2 1 1 0 0 0 0 0 0
