"site" "RSA" "aa1" "aa2" "aa3" "aa4" "aa5" "aa6" "aa7" "aa8" "aa9" "aa10" "aa11" "aa12" "aa13" "aa14" "aa15" "aa16" "aa17" "aa18" "aa19" "aa20"
"0" 0 0.529801324503 435 37 25 2 1 0 0 0 0 0 0 0 0 0 0 0 0 0 0 0
"1" 1 0.147208121827 271 209 20 0 0 0 0 0 0 0 0 0 0 0 0 0 0 0 0 0
"2" 2 0.290697674419 319 103 23 15 14 14 6 3 2 1 0 0 0 0 0 0 0 0 0 0
"3" 3 0.464135021097 288 90 67 41 6 3 2 1 1 1 0 0 0 0 0 0 0 0 0 0
"4" 4 0.0 395 87 14 4 0 0 0 0 0 0 0 0 0 0 0 0 0 0 0 0
"5" 5 0.428571428571 459 28 6 6 1 0 0 0 0 0 0 0 0 0 0 0 0 0 0 0
"6" 6 0.0199004975124 497 3 0 0 0 0 0 0 0 0 0 0 0 0 0 0 0 0 0 0
"7" 7 0.518134715026 497 2 1 0 0 0 0 0 0 0 0 0 0 0 0 0 0 0 0 0
"8" 8 0.653846153846 500 0 0 0 0 0 0 0 0 0 0 0 0 0 0 0 0 0 0 0
"9" 9 0.213197969543 484 13 2 1 0 0 0 0 0 0 0 0 0 0 0 0 0 0 0 0
"10" 10 0.0547263681592 450 50 0 0 0 0 0 0 0 0 0 0 0 0 0 0 0 0 0 0
"11" 11 0.452830188679 500 0 0 0 0 0 0 0 0 0 0 0 0 0 0 0 0 0 0 0
"12" 12 0.378109452736 472 25 2 1 0 0 0 0 0 0 0 0 0 0 0 0 0 0 0 0
"13" 13 0.465517241379 331 58 40 25 19 17 9 1 0 0 0 0 0 0 0 0 0 0 0 0
"14" 14 0.325581395349 443 34 18 5 0 0 0 0 0 0 0 0 0 0 0 0 0 0 0 0
"15" 15 0.321167883212 227 126 45 42 33 11 7 5 4 0 0 0 0 0 0 0 0 0 0 0
"16" 16 0.432692307692 341 98 40 15 6 0 0 0 0 0 0 0 0 0 0 0 0 0 0 0
"17" 17 0.413502109705 286 126 84 2 1 1 0 0 0 0 0 0 0 0 0 0 0 0 0 0
"18" 18 0.137931034483 312 105 37 27 19 0 0 0 0 0 0 0 0 0 0 0 0 0 0 0
"19" 19 0.167883211679 190 76 62 37 31 30 29 19 16 5 4 1 0 0 0 0 0 0 0 0
"20" 20 0.0 225 147 72 42 8 6 0 0 0 0 0 0 0 0 0 0 0 0 0 0
"21" 21 0.131979695431 259 134 47 39 9 8 3 1 0 0 0 0 0 0 0 0 0 0 0 0
"22" 22 0.0342205323194 496 4 0 0 0 0 0 0 0 0 0 0 0 0 0 0 0 0 0 0
"23" 23 0.330357142857 296 122 44 31 5 2 0 0 0 0 0 0 0 0 0 0 0 0 0 0
"24" 24 0.166666666667 264 199 37 0 0 0 0 0 0 0 0 0 0 0 0 0 0 0 0 0
"25" 25 0.424870466321 251 165 61 23 0 0 0 0 0 0 0 0 0 0 0 0 0 0 0 0
"26" 26 0.736434108527 322 143 19 8 8 0 0 0 0 0 0 0 0 0 0 0 0 0 0 0
"27" 27 0.336538461538 351 112 36 1 0 0 0 0 0 0 0 0 0 0 0 0 0 0 0 0
"28" 28 0.104651162791 227 180 73 12 3 3 2 0 0 0 0 0 0 0 0 0 0 0 0 0
"29" 29 0.144278606965 417 61 7 6 5 3 1 0 0 0 0 0 0 0 0 0 0 0 0 0
"30" 30 0.0 486 11 2 1 0 0 0 0 0 0 0 0 0 0 0 0 0 0 0 0
"31" 31 0.100418410042 147 139 66 52 36 29 18 4 3 2 2 1 1 0 0 0 0 0 0 0
"32" 32 0.0 454 31 14 1 0 0 0 0 0 0 0 0 0 0 0 0 0 0 0 0
"33" 33 0.131782945736 283 89 72 24 19 10 1 1 1 0 0 0 0 0 0 0 0 0 0 0
"34" 34 0.0 409 91 0 0 0 0 0 0 0 0 0 0 0 0 0 0 0 0 0 0
"35" 35 0.0 500 0 0 0 0 0 0 0 0 0 0 0 0 0 0 0 0 0 0 0
"36" 36 0.0802919708029 317 84 63 34 2 0 0 0 0 0 0 0 0 0 0 0 0 0 0 0
"37" 37 0.0 207 107 60 45 23 22 13 10 7 5 1 0 0 0 0 0 0 0 0 0
"38" 38 0.112582781457 293 89 76 30 6 4 2 0 0 0 0 0 0 0 0 0 0 0 0 0
"39" 39 0.0387596899225 381 97 10 5 2 2 2 1 0 0 0 0 0 0 0 0 0 0 0 0
"40" 40 0.250950570342 480 14 5 1 0 0 0 0 0 0 0 0 0 0 0 0 0 0 0 0
"41" 41 0.678756476684 500 0 0 0 0 0 0 0 0 0 0 0 0 0 0 0 0 0 0 0
"42" 42 0.103448275862 380 96 24 0 0 0 0 0 0 0 0 0 0 0 0 0 0 0 0 0
"43" 43 0.284263959391 484 13 1 1 1 0 0 0 0 0 0 0 0 0 0 0 0 0 0 0
"44" 44 0.0275229357798 270 152 74 3 1 0 0 0 0 0 0 0 0 0 0 0 0 0 0 0
"45" 45 0.517857142857 440 40 10 7 3 0 0 0 0 0 0 0 0 0 0 0 0 0 0 0
"46" 46 0.164102564103 294 119 37 14 11 8 7 6 2 2 0 0 0 0 0 0 0 0 0 0
"47" 47 0.0331125827815 430 51 19 0 0 0 0 0 0 0 0 0 0 0 0 0 0 0 0 0
"48" 48 0.0 373 76 24 11 7 4 4 1 0 0 0 0 0 0 0 0 0 0 0 0
"49" 49 0.194968553459 219 84 72 71 32 21 1 0 0 0 0 0 0 0 0 0 0 0 0 0
"50" 50 0.245535714286 201 153 141 3 2 0 0 0 0 0 0 0 0 0 0 0 0 0 0 0
"51" 51 0.0 227 131 44 37 20 17 12 4 3 2 1 1 1 0 0 0 0 0 0 0
"52" 52 0.00961538461538 500 0 0 0 0 0 0 0 0 0 0 0 0 0 0 0 0 0 0 0
"53" 53 0.0913705583756 311 75 50 49 7 7 1 0 0 0 0 0 0 0 0 0 0 0 0 0
"54" 54 0.00497512437811 472 16 8 4 0 0 0 0 0 0 0 0 0 0 0 0 0 0 0 0
"55" 55 0.044776119403 359 51 24 20 20 11 4 4 2 2 1 1 1 0 0 0 0 0 0 0
"56" 56 0.0523255813953 404 46 26 5 4 4 4 3 3 1 0 0 0 0 0 0 0 0 0 0
"57" 57 0.282700421941 268 55 54 34 26 23 21 15 4 0 0 0 0 0 0 0 0 0 0 0
"58" 58 0.00995024875622 499 1 0 0 0 0 0 0 0 0 0 0 0 0 0 0 0 0 0 0
"59" 59 0.0264900662252 496 3 1 0 0 0 0 0 0 0 0 0 0 0 0 0 0 0 0 0
"60" 60 0.348214285714 242 93 69 39 26 13 10 6 1 1 0 0 0 0 0 0 0 0 0 0
"61" 61 0.171548117155 492 8 0 0 0 0 0 0 0 0 0 0 0 0 0 0 0 0 0 0
"62" 62 0.0 495 3 2 0 0 0 0 0 0 0 0 0 0 0 0 0 0 0 0 0
"63" 63 0.0125523012552 451 21 19 4 2 1 1 1 0 0 0 0 0 0 0 0 0 0 0 0
"64" 64 0.683544303797 165 123 115 64 23 9 1 0 0 0 0 0 0 0 0 0 0 0 0 0
"65" 65 0.242677824268 308 173 6 5 3 3 1 1 0 0 0 0 0 0 0 0 0 0 0 0
"66" 66 0.0 383 59 34 16 7 1 0 0 0 0 0 0 0 0 0 0 0 0 0 0
"67" 67 0.397350993377 487 13 0 0 0 0 0 0 0 0 0 0 0 0 0 0 0 0 0 0
"68" 68 0.820512820513 339 83 71 7 0 0 0 0 0 0 0 0 0 0 0 0 0 0 0 0
"69" 69 0.222797927461 177 161 72 38 25 23 2 2 0 0 0 0 0 0 0 0 0 0 0 0
"70" 70 0.0747126436782 465 35 0 0 0 0 0 0 0 0 0 0 0 0 0 0 0 0 0 0
"71" 71 0.317518248175 427 26 18 11 11 5 1 1 0 0 0 0 0 0 0 0 0 0 0 0
"72" 72 0.179487179487 264 233 3 0 0 0 0 0 0 0 0 0 0 0 0 0 0 0 0 0
"73" 73 0.0287081339713 491 4 4 1 0 0 0 0 0 0 0 0 0 0 0 0 0 0 0 0
"74" 74 0.174129353234 200 109 69 56 31 15 11 5 3 1 0 0 0 0 0 0 0 0 0 0
"75" 75 0.14367816092 214 138 133 8 2 1 1 1 1 1 0 0 0 0 0 0 0 0 0 0
"76" 76 0.735751295337 211 120 87 76 6 0 0 0 0 0 0 0 0 0 0 0 0 0 0 0
"77" 77 0.335025380711 357 76 43 20 2 1 1 0 0 0 0 0 0 0 0 0 0 0 0 0
"78" 78 0.209302325581 120 115 88 73 63 23 13 5 0 0 0 0 0 0 0 0 0 0 0 0
"79" 79 0.811320754717 340 87 73 0 0 0 0 0 0 0 0 0 0 0 0 0 0 0 0 0
"80" 80 0.875 500 0 0 0 0 0 0 0 0 0 0 0 0 0 0 0 0 0 0 0
"81" 81 0.455696202532 233 126 110 23 7 1 0 0 0 0 0 0 0 0 0 0 0 0 0 0
"82" 82 0.412790697674 468 17 15 0 0 0 0 0 0 0 0 0 0 0 0 0 0 0 0 0
"83" 83 0.126903553299 88 77 74 67 67 53 43 24 7 0 0 0 0 0 0 0 0 0 0 0
"84" 84 0.0585774058577 275 176 29 7 5 4 3 1 0 0 0 0 0 0 0 0 0 0 0 0
"85" 85 0.533678756477 459 25 10 5 1 0 0 0 0 0 0 0 0 0 0 0 0 0 0 0
"86" 86 0.307984790875 249 94 87 31 20 9 6 4 0 0 0 0 0 0 0 0 0 0 0 0
"87" 87 0.0746268656716 474 24 1 1 0 0 0 0 0 0 0 0 0 0 0 0 0 0 0 0
"88" 88 0.314465408805 450 27 18 5 0 0 0 0 0 0 0 0 0 0 0 0 0 0 0 0
"89" 89 0.666666666667 325 174 1 0 0 0 0 0 0 0 0 0 0 0 0 0 0 0 0 0
"90" 90 0.409282700422 301 176 12 6 2 2 1 0 0 0 0 0 0 0 0 0 0 0 0 0
"91" 91 0.0 500 0 0 0 0 0 0 0 0 0 0 0 0 0 0 0 0 0 0 0
"92" 92 0.324503311258 465 35 0 0 0 0 0 0 0 0 0 0 0 0 0 0 0 0 0 0
"93" 93 0.370535714286 453 28 15 2 1 1 0 0 0 0 0 0 0 0 0 0 0 0 0 0
"94" 94 0.641509433962 299 100 54 46 1 0 0 0 0 0 0 0 0 0 0 0 0 0 0 0
"95" 95 0.57805907173 213 208 78 1 0 0 0 0 0 0 0 0 0 0 0 0 0 0 0 0
"96" 96 0.0570342205323 500 0 0 0 0 0 0 0 0 0 0 0 0 0 0 0 0 0 0 0
"97" 97 0.291139240506 245 121 100 16 9 6 3 0 0 0 0 0 0 0 0 0 0 0 0 0
"98" 98 0.540697674419 262 133 88 9 6 1 1 0 0 0 0 0 0 0 0 0 0 0 0 0
"99" 99 0.0986547085202 267 222 10 1 0 0 0 0 0 0 0 0 0 0 0 0 0 0 0 0
"100" 100 0.00497512437811 483 13 3 1 0 0 0 0 0 0 0 0 0 0 0 0 0 0 0 0
"101" 101 0.392857142857 252 90 36 35 32 23 20 7 4 1 0 0 0 0 0 0 0 0 0 0
"102" 102 0.455958549223 289 202 8 1 0 0 0 0 0 0 0 0 0 0 0 0 0 0 0 0
"103" 103 0.0255474452555 422 69 9 0 0 0 0 0 0 0 0 0 0 0 0 0 0 0 0 0
"104" 104 0.0860927152318 456 43 1 0 0 0 0 0 0 0 0 0 0 0 0 0 0 0 0 0
"105" 105 0.119402985075 362 38 20 18 13 11 11 10 9 6 2 0 0 0 0 0 0 0 0 0
"106" 106 0.044776119403 281 199 18 1 1 0 0 0 0 0 0 0 0 0 0 0 0 0 0 0
"107" 107 0.00574712643678 424 25 25 8 5 4 4 3 2 0 0 0 0 0 0 0 0 0 0 0
"108" 108 0.368421052632 98 76 73 72 70 60 32 19 0 0 0 0 0 0 0 0 0 0 0 0
"109" 109 0.299578059072 353 102 35 7 2 1 0 0 0 0 0 0 0 0 0 0 0 0 0 0
"110" 110 0.248803827751 372 96 32 0 0 0 0 0 0 0 0 0 0 0 0 0 0 0 0 0
"111" 111 0.438818565401 312 60 56 37 13 12 7 2 1 0 0 0 0 0 0 0 0 0 0 0
"112" 112 0.572139303483 230 148 56 26 21 7 7 4 1 0 0 0 0 0 0 0 0 0 0 0
"113" 113 0.010152284264 280 196 14 4 3 1 1 1 0 0 0 0 0 0 0 0 0 0 0 0
"114" 114 0.490566037736 411 71 15 2 1 0 0 0 0 0 0 0 0 0 0 0 0 0 0 0
"115" 115 0.00497512437811 236 202 39 14 7 2 0 0 0 0 0 0 0 0 0 0 0 0 0 0
"116" 116 0.169642857143 192 81 70 66 39 18 16 6 5 4 2 1 0 0 0 0 0 0 0 0
"117" 117 0.0 349 126 13 5 2 2 2 1 0 0 0 0 0 0 0 0 0 0 0 0
"118" 118 0.10152284264 151 145 115 45 23 11 5 5 0 0 0 0 0 0 0 0 0 0 0 0
"119" 119 0.0 456 43 1 0 0 0 0 0 0 0 0 0 0 0 0 0 0 0 0 0
"120" 120 0.0255474452555 192 146 84 61 8 6 1 1 1 0 0 0 0 0 0 0 0 0 0 0
"121" 121 0.0 446 32 19 2 1 0 0 0 0 0 0 0 0 0 0 0 0 0 0 0
"122" 122 0.00380228136882 431 36 13 12 4 2 1 1 0 0 0 0 0 0 0 0 0 0 0 0
"123" 123 0.0 141 121 98 78 36 18 8 0 0 0 0 0 0 0 0 0 0 0 0 0
"124" 124 0.0755813953488 274 141 79 3 3 0 0 0 0 0 0 0 0 0 0 0 0 0 0 0
"125" 125 0.201923076923 500 0 0 0 0 0 0 0 0 0 0 0 0 0 0 0 0 0 0 0
"126" 126 0.331125827815 334 148 11 5 1 1 0 0 0 0 0 0 0 0 0 0 0 0 0 0
"127" 127 0.0 263 148 72 16 1 0 0 0 0 0 0 0 0 0 0 0 0 0 0 0
"128" 128 0.13475177305 427 54 9 4 3 2 1 0 0 0 0 0 0 0 0 0 0 0 0 0
"129" 129 0.485232067511 320 91 59 20 6 4 0 0 0 0 0 0 0 0 0 0 0 0 0 0
"130" 130 0.183035714286 500 0 0 0 0 0 0 0 0 0 0 0 0 0 0 0 0 0 0 0
"131" 131 0.0836501901141 500 0 0 0 0 0 0 0 0 0 0 0 0 0 0 0 0 0 0 0
"132" 132 0.471264367816 288 80 63 54 10 2 1 1 1 0 0 0 0 0 0 0 0 0 0 0
"133" 133 0.729957805907 248 244 4 4 0 0 0 0 0 0 0 0 0 0 0 0 0 0 0 0
"134" 134 0.552325581395 379 111 4 3 2 1 0 0 0 0 0 0 0 0 0 0 0 0 0 0
"135" 135 0.269230769231 489 11 0 0 0 0 0 0 0 0 0 0 0 0 0 0 0 0 0 0
"136" 136 0.168604651163 382 115 2 1 0 0 0 0 0 0 0 0 0 0 0 0 0 0 0 0
"137" 137 0.0 248 141 66 27 14 3 1 0 0 0 0 0 0 0 0 0 0 0 0 0
"138" 138 0.0382775119617 227 193 75 4 1 0 0 0 0 0 0 0 0 0 0 0 0 0 0 0
"139" 139 0.519230769231 500 0 0 0 0 0 0 0 0 0 0 0 0 0 0 0 0 0 0 0
"140" 140 0.268656716418 491 5 2 1 1 0 0 0 0 0 0 0 0 0 0 0 0 0 0 0
"141" 141 0.835443037975 431 64 5 0 0 0 0 0 0 0 0 0 0 0 0 0 0 0 0 0
"142" 142 0.161434977578 247 204 44 3 1 1 0 0 0 0 0 0 0 0 0 0 0 0 0 0
"143" 143 0.396226415094 227 184 35 31 21 1 1 0 0 0 0 0 0 0 0 0 0 0 0 0
"144" 144 0.883408071749 489 9 2 0 0 0 0 0 0 0 0 0 0 0 0 0 0 0 0 0
"145" 145 0.423076923077 500 0 0 0 0 0 0 0 0 0 0 0 0 0 0 0 0 0 0 0
"146" 146 0.0597014925373 223 99 58 43 30 14 14 7 4 3 2 2 1 0 0 0 0 0 0 0
"147" 147 0.506329113924 473 25 2 0 0 0 0 0 0 0 0 0 0 0 0 0 0 0 0 0
"148" 148 0.223214285714 242 196 43 10 7 1 1 0 0 0 0 0 0 0 0 0 0 0 0 0
"149" 149 0.0 495 5 0 0 0 0 0 0 0 0 0 0 0 0 0 0 0 0 0 0
"150" 150 0.286995515695 120 118 108 71 35 25 23 0 0 0 0 0 0 0 0 0 0 0 0 0
"151" 151 0.325892857143 364 72 32 20 11 1 0 0 0 0 0 0 0 0 0 0 0 0 0 0
"152" 152 0.0209205020921 197 151 75 55 16 2 2 1 1 0 0 0 0 0 0 0 0 0 0 0
"153" 153 0.610062893082 259 157 81 2 1 0 0 0 0 0 0 0 0 0 0 0 0 0 0 0
"154" 154 0.625 351 142 5 1 1 0 0 0 0 0 0 0 0 0 0 0 0 0 0 0
"155" 155 0.0880503144654 455 23 20 1 1 0 0 0 0 0 0 0 0 0 0 0 0 0 0 0
"156" 156 0.187817258883 226 176 59 19 11 9 0 0 0 0 0 0 0 0 0 0 0 0 0 0
"157" 157 0.0627615062762 228 176 46 30 9 7 4 0 0 0 0 0 0 0 0 0 0 0 0 0
"158" 158 0.0 500 0 0 0 0 0 0 0 0 0 0 0 0 0 0 0 0 0 0 0
"159" 159 0.0 170 155 85 82 5 1 1 1 0 0 0 0 0 0 0 0 0 0 0 0
"160" 160 0.00662251655629 303 192 5 0 0 0 0 0 0 0 0 0 0 0 0 0 0 0 0 0
"161" 161 0.18023255814 378 64 32 12 4 4 2 2 1 1 0 0 0 0 0 0 0 0 0 0
"162" 162 0.400843881857 495 5 0 0 0 0 0 0 0 0 0 0 0 0 0 0 0 0 0 0
"163" 163 0.647668393782 237 110 43 43 18 16 16 16 1 0 0 0 0 0 0 0 0 0 0 0
"164" 164 0.629464285714 293 202 3 2 0 0 0 0 0 0 0 0 0 0 0 0 0 0 0 0
"165" 165 0.328205128205 108 107 82 81 42 35 30 4 4 4 2 1 0 0 0 0 0 0 0 0
"166" 166 0.10152284264 414 71 6 4 2 2 1 0 0 0 0 0 0 0 0 0 0 0 0 0
"167" 167 0.245033112583 489 11 0 0 0 0 0 0 0 0 0 0 0 0 0 0 0 0 0 0
"168" 168 0.232704402516 249 158 46 34 8 4 1 0 0 0 0 0 0 0 0 0 0 0 0 0
"169" 169 0.519379844961 315 175 7 2 1 0 0 0 0 0 0 0 0 0 0 0 0 0 0 0
"170" 170 0.363228699552 264 159 43 21 5 3 3 2 0 0 0 0 0 0 0 0 0 0 0 0
"171" 171 0.0 232 168 48 28 12 7 2 2 1 0 0 0 0 0 0 0 0 0 0 0
"172" 172 0.131782945736 455 24 11 10 0 0 0 0 0 0 0 0 0 0 0 0 0 0 0 0
"173" 173 0.589285714286 427 43 24 4 1 1 0 0 0 0 0 0 0 0 0 0 0 0 0 0
"174" 174 0.402985074627 157 125 106 38 32 29 7 6 0 0 0 0 0 0 0 0 0 0 0 0
"175" 175 0.132183908046 201 115 89 59 27 9 0 0 0 0 0 0 0 0 0 0 0 0 0 0
"176" 176 0.298076923077 500 0 0 0 0 0 0 0 0 0 0 0 0 0 0 0 0 0 0 0
"177" 177 0.651785714286 353 130 14 3 0 0 0 0 0 0 0 0 0 0 0 0 0 0 0 0
"178" 178 0.580310880829 278 134 46 15 10 9 8 0 0 0 0 0 0 0 0 0 0 0 0 0
"179" 179 0.149253731343 216 197 67 13 3 3 1 0 0 0 0 0 0 0 0 0 0 0 0 0
"180" 180 0.0264900662252 184 168 148 0 0 0 0 0 0 0 0 0 0 0 0 0 0 0 0 0
"181" 181 0.631386861314 423 50 10 9 6 2 0 0 0 0 0 0 0 0 0 0 0 0 0 0
"182" 182 0.273722627737 270 131 63 9 9 9 8 1 0 0 0 0 0 0 0 0 0 0 0 0
"183" 183 0.0 390 63 16 11 10 5 3 2 0 0 0 0 0 0 0 0 0 0 0 0
"184" 184 0.131782945736 320 175 5 0 0 0 0 0 0 0 0 0 0 0 0 0 0 0 0 0
"185" 185 0.522321428571 225 108 89 35 28 11 4 0 0 0 0 0 0 0 0 0 0 0 0 0
"186" 186 0.149253731343 463 25 5 4 2 1 0 0 0 0 0 0 0 0 0 0 0 0 0 0
"187" 187 0.0 456 44 0 0 0 0 0 0 0 0 0 0 0 0 0 0 0 0 0 0
"188" 188 0.206896551724 280 181 16 15 8 0 0 0 0 0 0 0 0 0 0 0 0 0 0 0
"189" 189 0.485232067511 334 68 28 24 24 11 5 2 2 1 1 0 0 0 0 0 0 0 0 0
"190" 190 0.00497512437811 499 1 0 0 0 0 0 0 0 0 0 0 0 0 0 0 0 0 0 0
"191" 191 0.0 468 32 0 0 0 0 0 0 0 0 0 0 0 0 0 0 0 0 0 0
"192" 192 0.192052980132 231 138 86 35 5 3 1 1 0 0 0 0 0 0 0 0 0 0 0 0
"193" 193 0.341772151899 188 152 49 47 47 10 3 1 1 1 1 0 0 0 0 0 0 0 0 0
"194" 194 0.0 319 71 50 34 11 5 4 3 1 1 1 0 0 0 0 0 0 0 0 0
"195" 195 0.0675105485232 185 117 102 64 24 4 2 2 0 0 0 0 0 0 0 0 0 0 0 0
"196" 196 0.481865284974 244 155 48 27 22 3 1 0 0 0 0 0 0 0 0 0 0 0 0 0
"197" 197 0.167300380228 486 7 4 2 1 0 0 0 0 0 0 0 0 0 0 0 0 0 0 0
"198" 198 0.0 386 110 3 1 0 0 0 0 0 0 0 0 0 0 0 0 0 0 0 0
"199" 199 0.430379746835 285 157 31 20 4 1 1 1 0 0 0 0 0 0 0 0 0 0 0 0
"200" 200 0.544642857143 463 22 15 0 0 0 0 0 0 0 0 0 0 0 0 0 0 0 0 0
"201" 201 0.299578059072 490 5 3 1 1 0 0 0 0 0 0 0 0 0 0 0 0 0 0 0
"202" 202 0.307692307692 500 0 0 0 0 0 0 0 0 0 0 0 0 0 0 0 0 0 0 0
"203" 203 0.00507614213198 498 1 1 0 0 0 0 0 0 0 0 0 0 0 0 0 0 0 0 0
"204" 204 0.0152284263959 449 25 8 7 5 4 1 1 0 0 0 0 0 0 0 0 0 0 0 0
"205" 205 0.0 360 132 5 2 1 0 0 0 0 0 0 0 0 0 0 0 0 0 0 0
"206" 206 0.0 225 98 89 58 12 9 5 3 1 0 0 0 0 0 0 0 0 0 0 0
"207" 207 0.0569948186528 340 85 24 21 15 13 1 1 0 0 0 0 0 0 0 0 0 0 0 0
"208" 208 0.0116279069767 496 4 0 0 0 0 0 0 0 0 0 0 0 0 0 0 0 0 0 0
"209" 209 0.316455696203 140 103 74 73 32 30 21 8 7 7 4 1 0 0 0 0 0 0 0 0
"210" 210 0.00418410041841 394 75 20 11 0 0 0 0 0 0 0 0 0 0 0 0 0 0 0 0
"211" 211 0.209821428571 174 130 68 63 34 17 9 4 1 0 0 0 0 0 0 0 0 0 0 0
"212" 212 0.00418410041841 477 22 1 0 0 0 0 0 0 0 0 0 0 0 0 0 0 0 0 0
"213" 213 0.0288461538462 253 157 61 24 3 2 0 0 0 0 0 0 0 0 0 0 0 0 0 0
"214" 214 0.0761421319797 389 55 33 8 8 3 1 1 1 1 0 0 0 0 0 0 0 0 0 0
"215" 215 0.0725388601036 498 2 0 0 0 0 0 0 0 0 0 0 0 0 0 0 0 0 0 0
"216" 216 0.549107142857 351 68 35 25 19 2 0 0 0 0 0 0 0 0 0 0 0 0 0 0
"217" 217 0.751054852321 498 1 1 0 0 0 0 0 0 0 0 0 0 0 0 0 0 0 0 0
"218" 218 0.412790697674 443 45 11 1 0 0 0 0 0 0 0 0 0 0 0 0 0 0 0 0
"219" 219 0.482051282051 281 108 98 13 0 0 0 0 0 0 0 0 0 0 0 0 0 0 0 0
"220" 220 0.330357142857 398 62 15 10 8 7 0 0 0 0 0 0 0 0 0 0 0 0 0 0
"221" 221 0.0659898477157 437 40 11 10 1 1 0 0 0 0 0 0 0 0 0 0 0 0 0 0
"222" 222 0.0 423 77 0 0 0 0 0 0 0 0 0 0 0 0 0 0 0 0 0 0
"223" 223 0.0 499 1 0 0 0 0 0 0 0 0 0 0 0 0 0 0 0 0 0 0
"224" 224 0.0804597701149 366 134 0 0 0 0 0 0 0 0 0 0 0 0 0 0 0 0 0 0
"225" 225 0.165803108808 500 0 0 0 0 0 0 0 0 0 0 0 0 0 0 0 0 0 0 0
"226" 226 0.205357142857 411 33 20 16 11 6 2 1 0 0 0 0 0 0 0 0 0 0 0 0
"227" 227 0.0 493 3 2 1 1 0 0 0 0 0 0 0 0 0 0 0 0 0 0 0
"228" 228 0.0 248 123 83 18 15 9 2 1 1 0 0 0 0 0 0 0 0 0 0 0
"229" 229 0.0 500 0 0 0 0 0 0 0 0 0 0 0 0 0 0 0 0 0 0 0
"230" 230 0.0314465408805 264 209 12 12 2 1 0 0 0 0 0 0 0 0 0 0 0 0 0 0
"231" 231 0.217616580311 150 123 84 51 41 28 15 3 2 2 1 0 0 0 0 0 0 0 0 0
"232" 232 0.0927152317881 491 6 2 1 0 0 0 0 0 0 0 0 0 0 0 0 0 0 0 0
"233" 233 0.0728476821192 266 234 0 0 0 0 0 0 0 0 0 0 0 0 0 0 0 0 0 0
"234" 234 0.35401459854 317 99 77 3 1 1 1 1 0 0 0 0 0 0 0 0 0 0 0 0
"235" 235 0.00836820083682 392 103 3 1 1 0 0 0 0 0 0 0 0 0 0 0 0 0 0 0
"236" 236 0.0248226950355 460 23 8 5 2 1 1 0 0 0 0 0 0 0 0 0 0 0 0 0
"237" 237 0.369230769231 330 94 56 15 4 1 0 0 0 0 0 0 0 0 0 0 0 0 0 0
"238" 238 0.240384615385 262 165 30 24 13 5 1 0 0 0 0 0 0 0 0 0 0 0 0 0
"239" 239 0.767441860465 330 109 61 0 0 0 0 0 0 0 0 0 0 0 0 0 0 0 0 0
"240" 240 0.503311258278 326 114 56 4 0 0 0 0 0 0 0 0 0 0 0 0 0 0 0 0
"241" 241 0.25855513308 188 178 48 23 21 16 9 7 5 3 1 1 0 0 0 0 0 0 0 0
"242" 242 0.523206751055 490 7 2 1 0 0 0 0 0 0 0 0 0 0 0 0 0 0 0 0
"243" 243 0.327586206897 194 145 75 67 10 6 3 0 0 0 0 0 0 0 0 0 0 0 0 0
"244" 244 0.480769230769 500 0 0 0 0 0 0 0 0 0 0 0 0 0 0 0 0 0 0 0
"245" 245 0.339285714286 463 23 9 4 1 0 0 0 0 0 0 0 0 0 0 0 0 0 0 0
"246" 246 0.496688741722 300 166 13 10 9 2 0 0 0 0 0 0 0 0 0 0 0 0 0 0
"247" 247 0.0941704035874 295 99 62 24 10 7 2 1 0 0 0 0 0 0 0 0 0 0 0 0
"248" 248 0.564766839378 310 151 17 13 5 3 1 0 0 0 0 0 0 0 0 0 0 0 0 0
"249" 249 0.185430463576 436 64 0 0 0 0 0 0 0 0 0 0 0 0 0 0 0 0 0 0
"250" 250 0.12927756654 421 52 17 3 3 2 2 0 0 0 0 0 0 0 0 0 0 0 0 0
"251" 251 0.0155440414508 235 112 87 51 10 4 1 0 0 0 0 0 0 0 0 0 0 0 0 0
"252" 252 0.10970464135 267 123 44 26 11 9 7 7 3 2 1 0 0 0 0 0 0 0 0 0
"253" 253 0.14798206278 313 104 41 20 18 3 1 0 0 0 0 0 0 0 0 0 0 0 0 0
"254" 254 0.301255230126 202 136 86 37 17 7 6 3 2 2 1 1 0 0 0 0 0 0 0 0
"255" 255 0.0 171 129 96 43 38 8 6 3 3 2 1 0 0 0 0 0 0 0 0 0
"256" 256 0.346715328467 357 89 34 5 4 4 4 2 1 0 0 0 0 0 0 0 0 0 0 0
"257" 257 0.435233160622 126 103 70 63 63 43 27 4 1 0 0 0 0 0 0 0 0 0 0 0
"258" 258 0.216312056738 487 3 2 2 2 1 1 1 1 0 0 0 0 0 0 0 0 0 0 0
"259" 259 0.00497512437811 495 2 2 1 0 0 0 0 0 0 0 0 0 0 0 0 0 0 0 0
"260" 260 0.325581395349 448 45 3 3 1 0 0 0 0 0 0 0 0 0 0 0 0 0 0 0
"261" 261 0.596899224806 215 103 92 43 24 22 1 0 0 0 0 0 0 0 0 0 0 0 0 0
"262" 262 0.415384615385 262 225 4 3 2 2 1 1 0 0 0 0 0 0 0 0 0 0 0 0
"263" 263 0.713080168776 500 0 0 0 0 0 0 0 0 0 0 0 0 0 0 0 0 0 0 0
"264" 264 0.233830845771 492 3 3 2 0 0 0 0 0 0 0 0 0 0 0 0 0 0 0 0
"265" 265 0.338461538462 494 5 1 0 0 0 0 0 0 0 0 0 0 0 0 0 0 0 0 0
"266" 266 0.355769230769 500 0 0 0 0 0 0 0 0 0 0 0 0 0 0 0 0 0 0 0
"267" 267 0.35632183908 369 129 2 0 0 0 0 0 0 0 0 0 0 0 0 0 0 0 0 0
"268" 268 0.574358974359 380 93 24 3 0 0 0 0 0 0 0 0 0 0 0 0 0 0 0 0
"269" 269 0.432692307692 500 0 0 0 0 0 0 0 0 0 0 0 0 0 0 0 0 0 0 0
"270" 270 0.0632183908046 370 127 1 1 1 0 0 0 0 0 0 0 0 0 0 0 0 0 0 0
"271" 271 0.637130801688 328 69 29 26 24 12 6 4 1 1 0 0 0 0 0 0 0 0 0 0
"272" 272 0.0137614678899 414 28 27 10 7 5 3 2 1 1 1 1 0 0 0 0 0 0 0 0
"273" 273 0.314465408805 296 82 59 43 12 4 2 2 0 0 0 0 0 0 0 0 0 0 0 0
"274" 274 0.533632286996 294 88 71 25 8 8 4 2 0 0 0 0 0 0 0 0 0 0 0 0
"275" 275 0.642487046632 248 176 49 12 9 4 1 1 0 0 0 0 0 0 0 0 0 0 0 0
"276" 276 0.0659898477157 444 26 18 7 2 2 1 0 0 0 0 0 0 0 0 0 0 0 0 0
"277" 277 0.0229885057471 159 155 112 25 20 14 12 3 0 0 0 0 0 0 0 0 0 0 0 0
"278" 278 0.424870466321 165 154 79 62 19 11 5 2 2 1 0 0 0 0 0 0 0 0 0 0
"279" 279 0.467153284672 191 86 74 67 36 25 10 7 2 1 1 0 0 0 0 0 0 0 0 0
"280" 280 0.0 144 107 106 81 44 6 6 3 3 0 0 0 0 0 0 0 0 0 0 0
"281" 281 0.244525547445 176 110 93 55 51 9 3 2 1 0 0 0 0 0 0 0 0 0 0 0
"282" 282 0.387596899225 119 116 115 60 29 27 19 7 7 1 0 0 0 0 0 0 0 0 0 0
"283" 283 0.274261603376 259 90 38 35 34 24 16 2 1 1 0 0 0 0 0 0 0 0 0 0
"284" 284 0.00760456273764 170 121 65 65 49 11 7 5 4 1 1 1 0 0 0 0 0 0 0 0
"285" 285 0.137055837563 398 43 31 15 11 2 0 0 0 0 0 0 0 0 0 0 0 0 0 0
"286" 286 0.450892857143 202 94 93 58 41 12 0 0 0 0 0 0 0 0 0 0 0 0 0 0
"287" 287 0.0077519379845 489 3 3 2 1 1 1 0 0 0 0 0 0 0 0 0 0 0 0 0
"288" 288 0.0836501901141 494 6 0 0 0 0 0 0 0 0 0 0 0 0 0 0 0 0 0 0
"289" 289 0.191964285714 265 207 25 3 0 0 0 0 0 0 0 0 0 0 0 0 0 0 0 0
"290" 290 0.186046511628 209 200 48 29 7 6 1 0 0 0 0 0 0 0 0 0 0 0 0 0
"291" 291 0.0 500 0 0 0 0 0 0 0 0 0 0 0 0 0 0 0 0 0 0 0
"292" 292 0.104651162791 499 1 0 0 0 0 0 0 0 0 0 0 0 0 0 0 0 0 0 0
"293" 293 0.576923076923 500 0 0 0 0 0 0 0 0 0 0 0 0 0 0 0 0 0 0 0
"294" 294 0.384105960265 483 9 5 2 1 0 0 0 0 0 0 0 0 0 0 0 0 0 0 0
"295" 295 0.544303797468 500 0 0 0 0 0 0 0 0 0 0 0 0 0 0 0 0 0 0 0
"296" 296 0.145390070922 174 140 127 17 15 10 8 8 1 0 0 0 0 0 0 0 0 0 0 0
"297" 297 0.721854304636 500 0 0 0 0 0 0 0 0 0 0 0 0 0 0 0 0 0 0 0
"298" 298 0.708133971292 485 15 0 0 0 0 0 0 0 0 0 0 0 0 0 0 0 0 0 0
