"site" "RSA" "aa1" "aa2" "aa3" "aa4" "aa5" "aa6" "aa7" "aa8" "aa9" "aa10" "aa11" "aa12" "aa13" "aa14" "aa15" "aa16" "aa17" "aa18" "aa19" "aa20"
"0" 0 0.0275229357798 154 102 99 41 28 24 23 8 6 4 3 2 2 2 1 1 0 0 0 0
"1" 1 0.0615384615385 311 28 28 25 24 17 15 15 11 10 8 3 2 1 1 1 0 0 0 0
"2" 2 0.0 339 48 25 24 20 16 12 6 3 2 2 2 1 0 0 0 0 0 0 0
"3" 3 0.00574712643678 159 93 91 70 26 26 10 9 7 4 2 1 1 1 0 0 0 0 0 0
"4" 4 0.00995024875622 354 43 29 19 12 8 8 7 6 6 3 3 1 1 0 0 0 0 0 0
"5" 5 0.0550458715596 86 75 58 42 41 40 36 29 27 16 11 11 10 9 6 2 1 0 0 0
"6" 6 0.115384615385 495 5 0 0 0 0 0 0 0 0 0 0 0 0 0 0 0 0 0 0
"7" 7 0.134328358209 241 58 32 28 27 23 18 11 11 11 10 9 6 4 4 3 2 2 0 0
"8" 8 0.0251572327044 136 118 48 39 27 23 19 18 18 17 16 9 4 4 3 1 0 0 0 0
"9" 9 0.201923076923 499 1 0 0 0 0 0 0 0 0 0 0 0 0 0 0 0 0 0 0
"10" 10 0.0232558139535 321 127 35 10 3 3 1 0 0 0 0 0 0 0 0 0 0 0 0 0
"11" 11 0.144230769231 496 3 1 0 0 0 0 0 0 0 0 0 0 0 0 0 0 0 0 0
"12" 12 0.0970464135021 93 86 63 60 56 52 27 22 21 13 4 2 1 0 0 0 0 0 0 0
"13" 13 0.336538461538 150 94 87 54 42 13 12 10 9 7 7 7 3 2 1 1 1 0 0 0
"14" 14 0.133720930233 155 129 67 29 20 19 15 14 12 11 8 5 5 3 3 3 2 0 0 0
"15" 15 0.0358744394619 191 70 49 29 29 29 28 19 16 9 9 7 6 3 2 2 1 1 0 0
"16" 16 0.0 171 155 141 17 11 2 1 1 1 0 0 0 0 0 0 0 0 0 0 0
"17" 17 0.245535714286 185 63 44 37 35 27 25 21 17 14 14 7 4 3 2 1 1 0 0 0
"18" 18 0.171532846715 81 78 62 58 42 36 30 27 25 19 11 10 7 4 4 4 2 0 0 0
"19" 19 0.0 188 83 64 30 28 25 18 17 11 11 8 6 6 2 2 1 0 0 0 0
"20" 20 0.224137931034 93 83 83 80 58 23 21 12 11 11 10 7 4 3 1 0 0 0 0 0
"21" 21 0.71875 146 114 105 40 24 13 13 10 10 7 5 4 3 2 2 1 1 0 0 0
"22" 22 0.378238341969 109 75 64 39 35 31 29 27 25 13 12 10 10 7 7 6 1 0 0 0
"23" 23 0.300380228137 223 105 57 24 20 17 12 10 9 9 8 3 2 1 0 0 0 0 0 0
"24" 24 0.538461538462 441 38 7 4 4 4 2 0 0 0 0 0 0 0 0 0 0 0 0 0
"25" 25 0.0609137055838 211 61 55 46 20 19 15 15 14 11 11 6 5 4 3 2 2 0 0 0
"26" 26 0.106918238994 197 99 39 32 31 24 16 16 13 9 7 5 5 3 2 1 1 0 0 0
"27" 27 0.277511961722 137 135 44 37 33 25 21 14 13 10 9 7 5 5 4 1 0 0 0 0
"28" 28 0.010152284264 165 126 74 42 32 23 8 6 6 5 5 3 2 2 1 0 0 0 0 0
"29" 29 0.0596026490066 240 150 40 14 13 9 8 8 7 4 3 1 1 1 1 0 0 0 0 0
"30" 30 0.0290697674419 116 75 70 39 38 35 35 23 22 10 10 9 6 4 4 2 1 1 0 0
"31" 31 0.182692307692 295 108 47 13 13 8 6 5 2 1 1 1 0 0 0 0 0 0 0 0
"32" 32 0.435233160622 191 89 65 38 26 19 18 14 12 11 6 4 4 2 1 0 0 0 0 0
"33" 33 0.224770642202 132 79 45 41 37 34 27 22 21 17 16 14 5 4 3 2 1 0 0 0
"34" 34 0.0460251046025 124 76 74 48 42 33 26 24 17 8 7 6 5 4 3 3 0 0 0 0
"35" 35 0.200729927007 217 94 88 42 23 11 8 5 4 3 3 1 1 0 0 0 0 0 0 0
"36" 36 0.325581395349 160 113 57 35 26 26 16 16 15 10 9 8 6 2 1 0 0 0 0 0
"37" 37 0.0542635658915 88 83 59 58 49 38 31 27 20 11 10 9 6 6 3 1 1 0 0 0
"38" 38 0.183486238532 144 87 83 43 38 21 20 17 14 9 9 8 3 2 1 1 0 0 0 0
"39" 39 0.742616033755 136 126 49 40 39 27 24 20 13 6 5 4 3 3 2 1 1 1 0 0
"40" 40 0.633928571429 132 91 82 54 36 32 22 15 10 8 6 5 3 3 1 0 0 0 0 0
"41" 41 0.647321428571 234 77 42 36 25 25 23 11 11 8 6 2 0 0 0 0 0 0 0 0
"42" 42 0.267441860465 128 105 84 66 48 24 17 12 4 4 3 2 2 1 0 0 0 0 0 0
"43" 43 0.710691823899 294 110 29 21 14 12 9 4 4 2 1 0 0 0 0 0 0 0 0 0
"44" 44 0.233830845771 171 104 80 55 29 17 10 8 7 6 5 4 3 1 0 0 0 0 0 0
"45" 45 0.0 461 35 2 1 1 0 0 0 0 0 0 0 0 0 0 0 0 0 0 0
"46" 46 0.477611940299 148 128 46 42 28 26 19 17 13 9 9 4 4 3 3 1 0 0 0 0
"47" 47 0.473214285714 194 75 51 31 27 25 22 17 13 11 11 8 6 3 2 2 2 0 0 0
"48" 48 0.0 80 70 66 51 43 37 36 27 26 17 15 7 7 7 6 2 2 1 0 0
"49" 49 0.383966244726 233 83 52 33 20 19 18 10 9 6 5 5 3 2 1 1 0 0 0 0
"50" 50 0.430463576159 102 75 65 51 36 32 29 28 24 18 17 13 6 2 2 0 0 0 0 0
"51" 51 0.292775665399 247 98 41 37 27 11 11 10 6 5 2 2 1 1 1 0 0 0 0 0
"52" 52 0.111675126904 138 123 62 41 36 30 16 15 12 7 5 4 4 3 2 1 1 0 0 0
"53" 53 0.316062176166 188 81 55 54 30 24 16 15 10 9 5 4 2 2 2 1 1 1 0 0
"54" 54 0.518987341772 157 74 65 64 33 24 17 17 16 14 6 4 3 2 2 1 1 0 0 0
"55" 55 0.0673076923077 491 5 2 1 1 0 0 0 0 0 0 0 0 0 0 0 0 0 0 0
"56" 56 0.348214285714 248 72 38 38 28 14 12 10 9 9 8 6 3 2 2 1 0 0 0 0
"57" 57 0.223880597015 88 86 86 62 47 46 18 11 10 10 9 8 7 5 3 3 1 0 0 0
"58" 58 0.0574712643678 107 60 59 57 49 38 33 25 18 12 12 8 6 5 5 5 1 0 0 0
"59" 59 0.327044025157 125 89 77 68 42 37 22 13 9 9 5 3 1 0 0 0 0 0 0 0
"60" 60 0.290155440415 101 99 91 71 26 21 20 18 13 10 10 7 4 4 3 2 0 0 0 0
"61" 61 0.776785714286 203 170 46 25 18 12 9 7 5 2 1 1 1 0 0 0 0 0 0 0
"62" 62 0.206896551724 129 77 63 58 37 21 17 16 15 15 14 14 9 5 5 3 2 0 0 0
"63" 63 0.0290697674419 74 67 67 59 52 48 38 24 21 19 18 5 4 3 1 0 0 0 0 0
"64" 64 0.182741116751 67 62 60 55 45 41 37 33 25 24 13 11 11 10 3 2 1 0 0 0
"65" 65 0.403846153846 145 111 100 36 26 21 15 9 7 7 6 6 5 4 1 1 0 0 0 0
"66" 66 0.126903553299 155 104 55 50 50 16 15 13 11 9 5 5 4 4 3 1 0 0 0 0
"67" 67 0.0 106 72 62 43 30 29 28 27 27 25 20 17 7 4 3 0 0 0 0 0
"68" 68 0.481012658228 168 94 93 29 27 22 20 17 7 6 5 4 2 2 2 1 1 0 0 0
"69" 69 0.59375 181 90 63 59 43 19 18 9 7 4 4 2 1 0 0 0 0 0 0 0
"70" 70 0.204379562044 88 78 52 52 42 35 28 24 20 17 12 11 11 9 9 6 4 2 0 0
"71" 71 0.0199004975124 195 148 30 24 21 18 15 14 7 7 7 4 3 2 2 2 1 0 0 0
"72" 72 0.346153846154 90 76 52 52 51 45 33 22 20 18 10 9 6 6 4 3 3 0 0 0
"73" 73 0.459915611814 90 88 81 57 48 33 32 22 16 14 12 5 1 1 0 0 0 0 0 0
"74" 74 0.751295336788 157 123 95 37 36 21 15 10 3 1 1 1 0 0 0 0 0 0 0 0
"75" 75 0.367875647668 147 101 58 44 44 32 24 17 15 7 6 2 1 1 1 0 0 0 0 0
"76" 76 0.00632911392405 226 93 42 38 26 16 11 10 10 9 5 4 4 2 2 1 1 0 0 0
"77" 77 0.53125 94 86 76 59 43 33 31 26 22 8 8 5 4 3 2 0 0 0 0 0
"78" 78 0.594890510949 129 86 75 46 42 34 17 16 15 9 7 6 5 5 4 2 1 1 0 0
"79" 79 0.00961538461538 500 0 0 0 0 0 0 0 0 0 0 0 0 0 0 0 0 0 0 0
"80" 80 0.00418410041841 225 133 63 15 11 10 8 7 6 5 4 4 3 3 1 1 1 0 0 0
"81" 81 0.0 175 90 72 60 34 19 16 12 6 4 3 3 2 2 2 0 0 0 0 0
"82" 82 0.0 186 102 77 62 29 21 8 5 3 3 1 1 1 1 0 0 0 0 0 0
"83" 83 0.0518134715026 146 122 61 61 44 35 24 2 2 2 1 0 0 0 0 0 0 0 0 0
"84" 84 0.0288461538462 491 5 2 1 1 0 0 0 0 0 0 0 0 0 0 0 0 0 0 0
"85" 85 0.0 245 117 61 51 8 7 4 4 1 1 1 0 0 0 0 0 0 0 0 0
"86" 86 0.0251572327044 170 166 115 33 9 5 2 0 0 0 0 0 0 0 0 0 0 0 0 0
"87" 87 0.204379562044 317 55 27 23 21 17 14 8 6 5 3 2 2 0 0 0 0 0 0 0
"88" 88 0.0523255813953 190 77 70 57 45 30 16 8 2 2 2 1 0 0 0 0 0 0 0 0
"89" 89 0.235632183908 116 95 77 55 50 25 24 9 8 8 7 7 6 4 2 2 2 2 1 0
"90" 90 0.333333333333 145 115 65 52 43 22 19 12 7 7 4 4 3 1 1 0 0 0 0 0
"91" 91 0.0179372197309 304 81 25 24 17 16 12 6 5 4 3 2 1 0 0 0 0 0 0 0
"92" 92 0.0 193 71 51 35 23 22 20 20 17 16 13 5 4 4 3 2 1 0 0 0
"93" 93 0.495535714286 141 92 69 54 31 30 18 14 13 10 9 6 5 5 3 0 0 0 0 0
"94" 94 0.131782945736 115 104 48 45 32 27 26 25 22 17 14 7 6 4 4 2 2 0 0 0
"95" 95 0.0 227 65 63 39 38 21 12 11 10 3 3 2 2 1 1 1 1 0 0 0
"96" 96 0.245535714286 101 98 72 66 43 25 25 14 12 11 7 5 5 5 4 4 3 0 0 0
"97" 97 0.602678571429 163 92 87 38 36 24 19 16 12 7 3 2 1 0 0 0 0 0 0 0
"98" 98 0.0710659898477 131 91 61 54 34 34 20 17 15 9 9 7 5 4 4 4 1 0 0 0
"99" 99 0.0149253731343 275 122 22 14 13 13 11 8 8 4 3 3 2 1 1 0 0 0 0 0
"100" 100 0.696428571429 165 92 63 53 37 30 13 10 10 9 5 4 3 3 1 1 1 0 0 0
"101" 101 0.700892857143 159 121 42 37 33 20 20 19 14 12 11 4 4 2 1 1 0 0 0 0
"102" 102 0.311787072243 248 52 49 27 25 16 13 13 11 10 10 9 8 4 4 1 0 0 0 0
"103" 103 0.538461538462 381 116 1 1 1 0 0 0 0 0 0 0 0 0 0 0 0 0 0 0
"104" 104 0.130801687764 86 77 63 62 59 41 29 27 18 13 13 8 2 1 1 0 0 0 0 0
"105" 105 0.553459119497 193 84 72 48 30 18 16 13 11 9 3 3 0 0 0 0 0 0 0 0
"106" 106 0.0507614213198 127 90 61 36 35 33 27 25 17 13 10 9 7 5 3 2 0 0 0 0
"107" 107 0.300518134715 318 103 22 10 10 8 8 7 4 4 2 1 1 1 1 0 0 0 0 0
"108" 108 0.311787072243 195 80 43 42 42 21 17 12 11 9 8 5 5 3 2 2 2 1 0 0
"109" 109 0.0 260 60 54 44 20 19 14 6 5 4 4 3 3 2 1 1 0 0 0 0
"110" 110 0.00507614213198 363 52 24 15 15 10 8 4 3 2 2 1 1 0 0 0 0 0 0 0
"111" 111 0.0615384615385 180 108 55 37 33 18 18 13 10 10 6 5 3 3 1 0 0 0 0 0
"112" 112 0.010152284264 333 57 32 28 12 11 7 7 5 2 2 2 1 1 0 0 0 0 0 0
"113" 113 0.517857142857 126 55 49 46 44 36 31 31 22 15 15 11 10 5 2 1 1 0 0 0
"114" 114 0.0459770114943 153 88 44 40 38 33 23 17 16 11 9 8 7 5 4 3 1 0 0 0
"115" 115 0.383419689119 162 85 77 40 38 29 16 14 12 9 8 4 3 1 1 1 0 0 0 0
"116" 116 0.443037974684 104 73 58 47 41 37 34 26 15 14 14 13 8 8 3 2 2 1 0 0
"117" 117 0.611398963731 115 101 95 54 45 35 22 19 5 4 2 1 1 1 0 0 0 0 0 0
"118" 118 0.298850574713 97 88 54 41 41 33 32 29 27 20 14 13 8 1 1 1 0 0 0 0
"119" 119 0.0 353 29 19 18 18 16 14 13 6 6 3 3 2 0 0 0 0 0 0 0
"120" 120 0.247706422018 140 78 68 55 34 34 22 22 14 9 7 7 5 4 1 0 0 0 0 0
"121" 121 0.397321428571 178 79 53 48 42 33 16 13 12 10 5 3 3 2 1 1 1 0 0 0
"122" 122 0.197080291971 141 83 69 53 43 37 18 13 13 7 6 5 3 3 3 2 1 0 0 0
"123" 123 0.00497512437811 188 43 42 35 34 32 32 22 22 19 18 7 4 2 0 0 0 0 0 0
"124" 124 0.255813953488 107 104 68 42 33 31 20 18 15 11 11 10 9 7 6 4 4 0 0 0
"125" 125 0.0384615384615 126 88 60 50 39 31 26 21 19 11 9 6 5 3 3 2 1 0 0 0
"126" 126 0.13503649635 156 135 54 42 26 26 22 19 5 5 3 3 2 1 1 0 0 0 0 0
"127" 127 0.204379562044 240 97 73 29 26 16 7 4 4 2 1 1 0 0 0 0 0 0 0 0
"128" 128 0.0355329949239 180 180 52 27 13 10 10 8 8 4 3 3 2 0 0 0 0 0 0 0
"129" 129 0.00632911392405 222 170 54 15 8 5 5 4 3 3 3 3 2 1 1 1 0 0 0 0
"130" 130 0.483443708609 228 69 37 37 21 19 15 15 14 12 7 7 6 4 3 2 2 2 0 0
"131" 131 0.551724137931 118 67 52 43 40 39 22 21 19 18 14 12 11 9 7 7 1 0 0 0
"132" 132 0.411392405063 229 51 32 28 25 23 22 19 18 17 13 7 6 6 4 0 0 0 0 0
"133" 133 0.394230769231 454 13 9 8 5 4 3 3 1 0 0 0 0 0 0 0 0 0 0 0
"134" 134 0.0581395348837 159 90 76 60 33 19 17 8 7 7 6 6 6 4 1 1 0 0 0 0
"135" 135 0.186046511628 99 77 57 55 41 38 25 22 21 21 13 10 8 6 4 3 0 0 0 0
"136" 136 0.0570342205323 183 161 83 26 17 8 6 4 2 2 2 2 1 1 1 1 0 0 0 0
"137" 137 0.0622009569378 236 90 64 24 17 16 15 9 7 7 4 3 3 3 1 1 0 0 0 0
"138" 138 0.467661691542 227 94 41 28 19 14 14 13 13 13 7 5 5 4 2 1 0 0 0 0
"139" 139 0.540229885057 141 91 69 49 33 25 20 19 17 12 11 8 4 1 0 0 0 0 0 0
"140" 140 0.523012552301 221 78 37 26 22 19 19 17 17 17 12 6 5 2 1 1 0 0 0 0
"141" 141 0.292307692308 257 99 57 30 16 15 9 6 4 3 1 1 1 1 0 0 0 0 0 0
"142" 142 0.433962264151 465 24 4 4 3 0 0 0 0 0 0 0 0 0 0 0 0 0 0 0
"143" 143 0.100628930818 313 86 32 16 15 14 5 4 3 3 3 2 1 1 1 1 0 0 0 0
"144" 144 0.708860759494 169 96 81 41 35 21 17 11 10 7 6 3 1 1 1 0 0 0 0 0
"145" 145 0.447674418605 250 94 75 40 15 11 7 2 2 2 1 1 0 0 0 0 0 0 0 0
"146" 146 0.710691823899 102 77 71 59 58 52 22 15 13 11 7 7 6 0 0 0 0 0 0 0
"147" 147 0.394230769231 497 3 0 0 0 0 0 0 0 0 0 0 0 0 0 0 0 0 0 0
"148" 148 0.319796954315 213 92 41 30 29 29 29 9 9 6 5 4 4 0 0 0 0 0 0 0
"149" 149 0.0253164556962 165 156 54 32 27 18 17 11 8 7 3 1 1 0 0 0 0 0 0 0
"150" 150 0.352331606218 97 87 76 59 44 25 20 18 18 15 9 9 8 6 6 2 1 0 0 0
"151" 151 0.561181434599 131 115 77 58 35 14 13 13 8 8 7 6 5 4 3 2 1 0 0 0
"152" 152 0.352331606218 210 80 33 31 27 23 22 21 14 12 11 8 4 3 1 0 0 0 0 0
"153" 153 0.432692307692 430 38 7 7 6 5 3 2 1 1 0 0 0 0 0 0 0 0 0 0
"154" 154 0.0769230769231 275 118 63 9 6 6 5 5 3 3 2 1 1 1 1 1 0 0 0 0
"155" 155 0.674107142857 148 87 56 46 46 19 19 16 14 13 11 8 7 6 2 2 0 0 0 0
"156" 156 0.129353233831 340 45 38 19 15 11 8 7 6 3 2 2 2 1 1 0 0 0 0 0
"157" 157 0.365019011407 153 152 71 61 26 21 4 3 3 2 1 1 1 1 0 0 0 0 0 0
"158" 158 0.385650224215 85 82 78 65 45 39 24 18 16 14 10 9 4 4 4 3 0 0 0 0
"159" 159 0.120437956204 151 134 93 75 21 6 4 4 3 3 2 2 1 1 0 0 0 0 0 0
"160" 160 0.627906976744 230 93 86 16 14 14 9 8 7 6 6 5 3 3 0 0 0 0 0 0
"161" 161 0.0569948186528 115 115 55 51 49 34 31 19 8 5 5 5 3 2 2 1 0 0 0 0
"162" 162 0.0 160 91 48 44 40 36 20 20 16 10 7 4 2 1 1 0 0 0 0 0
"163" 163 0.287179487179 81 56 54 48 47 42 40 37 28 17 17 12 11 7 2 1 0 0 0 0
"164" 164 0.665178571429 231 90 45 24 21 21 20 15 11 6 5 4 4 1 1 1 0 0 0 0
"165" 165 0.705357142857 207 78 56 34 27 25 19 14 12 11 9 8 0 0 0 0 0 0 0 0
"166" 166 0.0581395348837 163 87 39 35 33 24 22 18 16 16 15 10 7 6 4 3 2 0 0 0
"167" 167 0.0 161 156 41 36 21 16 15 12 8 7 6 5 5 3 3 2 2 1 0 0
"168" 168 0.443708609272 154 121 63 58 28 14 13 13 11 10 8 3 2 1 1 0 0 0 0 0
"169" 169 0.31223628692 124 82 81 48 47 28 24 15 11 8 7 7 7 6 3 2 0 0 0 0
"170" 170 0.0766423357664 194 91 51 38 33 30 21 9 7 7 6 6 3 2 1 1 0 0 0 0
"171" 171 0.0796019900498 334 52 26 23 13 12 12 10 10 7 1 0 0 0 0 0 0 0 0 0
"172" 172 0.459821428571 147 131 49 34 27 24 24 19 18 11 5 5 3 2 1 0 0 0 0 0
"173" 173 0.0919540229885 118 67 63 44 30 30 28 24 20 19 18 10 9 7 5 4 4 0 0 0
"174" 174 0.0666666666667 140 101 89 42 38 22 16 13 11 9 7 4 2 2 2 1 1 0 0 0
"175" 175 0.334862385321 84 71 69 63 42 41 39 31 15 13 11 7 7 3 2 1 1 0 0 0
"176" 176 0.594936708861 119 94 59 46 41 35 25 21 15 12 10 10 8 4 1 0 0 0 0 0
"177" 177 0.174887892377 94 83 81 66 46 44 25 22 12 9 6 5 5 1 1 0 0 0 0 0
"178" 178 0.186046511628 79 55 51 50 45 41 37 30 27 20 17 17 10 9 8 4 0 0 0 0
"179" 179 0.470852017937 172 138 78 54 17 16 9 7 5 4 0 0 0 0 0 0 0 0 0 0
"180" 180 0.301886792453 139 118 85 54 42 25 23 6 2 2 2 1 1 0 0 0 0 0 0 0
"181" 181 0.0348258706468 239 44 42 29 26 23 17 15 14 12 10 10 8 7 2 2 0 0 0 0
"182" 182 0.109452736318 92 91 84 63 46 30 22 19 11 10 10 9 5 4 2 1 1 0 0 0
"183" 183 0.455958549223 206 92 66 33 25 22 17 13 9 8 3 3 2 1 0 0 0 0 0 0
"184" 184 0.125523012552 164 78 53 44 42 32 21 18 16 10 7 6 3 3 1 1 1 0 0 0
"185" 185 0.00380228136882 121 109 105 36 24 18 15 14 11 9 8 8 7 6 3 3 2 1 0 0
"186" 186 0.503311258278 192 93 66 43 34 31 23 6 5 3 2 1 1 0 0 0 0 0 0 0
"187" 187 0.651785714286 129 74 50 42 34 33 32 25 23 23 11 7 5 5 5 2 0 0 0 0
"188" 188 0.329113924051 95 90 56 54 33 31 29 26 23 18 12 11 10 3 3 3 3 0 0 0
"189" 189 0.615384615385 494 6 0 0 0 0 0 0 0 0 0 0 0 0 0 0 0 0 0 0
"190" 190 0.15969581749 155 97 53 52 49 27 20 15 10 6 5 4 4 1 1 1 0 0 0 0
"191" 191 0.179104477612 189 96 55 51 22 21 12 11 10 9 8 7 5 3 1 0 0 0 0 0
"192" 192 0.077519379845 91 69 43 42 42 41 36 32 29 25 14 10 9 7 5 3 2 0 0 0
"193" 193 0.487179487179 74 72 62 57 45 31 30 26 24 20 16 14 10 10 5 2 1 1 0 0
"194" 194 0.0402298850575 304 60 50 20 19 14 9 5 5 3 3 3 2 1 1 1 0 0 0 0
"195" 195 0.405128205128 218 127 33 22 21 18 14 8 8 7 6 5 5 5 2 1 0 0 0 0
"196" 196 0.0288461538462 172 95 69 44 30 29 25 19 8 3 3 1 1 1 0 0 0 0 0 0
"197" 197 0.408071748879 150 120 55 45 25 24 16 15 12 12 11 10 3 1 1 0 0 0 0 0
"198" 198 0.29197080292 126 116 83 24 24 23 22 18 17 10 10 8 6 5 5 2 1 0 0 0
"199" 199 0.616580310881 201 72 43 38 38 29 28 22 10 6 4 3 2 2 1 1 0 0 0 0
"200" 200 0.243654822335 119 116 50 39 38 34 22 20 17 12 12 7 5 4 2 1 1 1 0 0
"201" 201 0.488789237668 140 122 50 35 33 30 29 21 14 13 8 2 2 1 0 0 0 0 0 0
"202" 202 0.414507772021 123 118 86 65 45 13 10 8 7 6 4 4 3 3 2 2 1 0 0 0
"203" 203 0.0229885057471 135 66 59 56 41 39 31 21 18 10 9 5 5 2 2 1 0 0 0 0
"204" 204 0.0456273764259 103 94 68 47 39 29 28 26 22 9 9 7 6 6 5 2 0 0 0 0
"205" 205 0.333333333333 118 98 66 47 34 26 24 17 17 15 14 11 7 4 2 0 0 0 0 0
"206" 206 0.295336787565 121 83 56 49 48 31 23 19 17 13 12 10 7 5 4 1 1 0 0 0
"207" 207 0.00574712643678 225 61 57 30 28 24 22 19 10 6 6 3 2 2 2 2 1 0 0 0
"208" 208 0.37552742616 122 76 51 49 36 32 28 27 19 16 16 12 6 4 3 2 1 0 0 0
"209" 209 0.683937823834 114 92 63 46 38 38 32 26 20 8 7 6 6 2 2 0 0 0 0 0
"210" 210 0.203980099502 76 76 62 46 40 37 30 29 27 20 15 12 12 7 6 2 2 1 0 0
"211" 211 0.00497512437811 203 92 68 36 29 15 10 10 7 7 6 5 4 4 3 1 0 0 0 0
"212" 212 0.576923076923 147 99 67 41 36 33 24 17 10 7 5 5 5 4 0 0 0 0 0 0
"213" 213 0.807692307692 469 31 0 0 0 0 0 0 0 0 0 0 0 0 0 0 0 0 0 0
"214" 214 0.10447761194 214 81 52 42 29 24 20 15 6 5 4 4 2 2 0 0 0 0 0 0
"215" 215 0.881856540084 479 17 4 0 0 0 0 0 0 0 0 0 0 0 0 0 0 0 0 0
