"site" "RSA" "aa1" "aa2" "aa3" "aa4" "aa5" "aa6" "aa7" "aa8" "aa9" "aa10" "aa11" "aa12" "aa13" "aa14" "aa15" "aa16" "aa17" "aa18" "aa19" "aa20"
"0" 0 0.155963302752 351 50 43 21 12 8 6 3 2 2 1 1 0 0 0 0 0 0 0 0
"1" 1 0.264248704663 220 116 70 60 16 13 3 1 1 0 0 0 0 0 0 0 0 0 0 0
"2" 2 0.0 463 23 5 4 2 2 1 0 0 0 0 0 0 0 0 0 0 0 0 0
"3" 3 0.190114068441 232 127 67 30 18 9 5 4 3 2 1 1 1 0 0 0 0 0 0 0
"4" 4 0.0722433460076 480 19 1 0 0 0 0 0 0 0 0 0 0 0 0 0 0 0 0 0
"5" 5 0.169154228856 206 148 96 29 12 8 1 0 0 0 0 0 0 0 0 0 0 0 0 0
"6" 6 0.251572327044 319 145 26 10 0 0 0 0 0 0 0 0 0 0 0 0 0 0 0 0
"7" 7 0.0576923076923 498 1 1 0 0 0 0 0 0 0 0 0 0 0 0 0 0 0 0 0
"8" 8 0.152317880795 478 22 0 0 0 0 0 0 0 0 0 0 0 0 0 0 0 0 0 0
"9" 9 0.015503875969 338 142 12 5 3 0 0 0 0 0 0 0 0 0 0 0 0 0 0 0
"10" 10 0.182389937107 478 18 2 1 1 0 0 0 0 0 0 0 0 0 0 0 0 0 0 0
"11" 11 0.0 462 14 12 6 4 2 0 0 0 0 0 0 0 0 0 0 0 0 0 0
"12" 12 0.0036496350365 466 34 0 0 0 0 0 0 0 0 0 0 0 0 0 0 0 0 0 0
"13" 13 0.0077519379845 387 113 0 0 0 0 0 0 0 0 0 0 0 0 0 0 0 0 0 0
"14" 14 0.0 432 44 21 2 1 0 0 0 0 0 0 0 0 0 0 0 0 0 0 0
"15" 15 0.0582959641256 303 91 46 28 16 8 4 2 1 1 0 0 0 0 0 0 0 0 0 0
"16" 16 0.0 258 164 77 1 0 0 0 0 0 0 0 0 0 0 0 0 0 0 0 0
"17" 17 0.0 276 168 40 8 3 2 1 1 1 0 0 0 0 0 0 0 0 0 0 0
"18" 18 0.0232558139535 480 17 3 0 0 0 0 0 0 0 0 0 0 0 0 0 0 0 0 0
"19" 19 0.286821705426 242 139 95 13 8 1 1 1 0 0 0 0 0 0 0 0 0 0 0 0
"20" 20 0.100775193798 231 139 67 23 15 11 4 4 3 1 1 1 0 0 0 0 0 0 0 0
"21" 21 0.0114942528736 265 200 13 8 7 5 2 0 0 0 0 0 0 0 0 0 0 0 0 0
"22" 22 0.644230769231 497 3 0 0 0 0 0 0 0 0 0 0 0 0 0 0 0 0 0 0
"23" 23 0.137931034483 415 50 34 1 0 0 0 0 0 0 0 0 0 0 0 0 0 0 0 0
"24" 24 0.776785714286 259 241 0 0 0 0 0 0 0 0 0 0 0 0 0 0 0 0 0 0
"25" 25 0.139303482587 475 13 3 3 2 2 2 0 0 0 0 0 0 0 0 0 0 0 0 0
"26" 26 0.405128205128 500 0 0 0 0 0 0 0 0 0 0 0 0 0 0 0 0 0 0 0
"27" 27 0.383084577114 230 115 83 64 6 2 0 0 0 0 0 0 0 0 0 0 0 0 0 0
"28" 28 0.405063291139 200 172 96 13 11 5 3 0 0 0 0 0 0 0 0 0 0 0 0 0
"29" 29 0.402985074627 240 110 106 13 12 10 7 1 1 0 0 0 0 0 0 0 0 0 0 0
"30" 30 0.0348837209302 455 43 2 0 0 0 0 0 0 0 0 0 0 0 0 0 0 0 0 0
"31" 31 0.348717948718 280 100 53 42 23 1 1 0 0 0 0 0 0 0 0 0 0 0 0 0
"32" 32 0.452736318408 308 134 50 4 3 1 0 0 0 0 0 0 0 0 0 0 0 0 0 0
"33" 33 0.52752293578 288 150 37 15 6 3 1 0 0 0 0 0 0 0 0 0 0 0 0 0
"34" 34 0.837209302326 500 0 0 0 0 0 0 0 0 0 0 0 0 0 0 0 0 0 0 0
"35" 35 0.163461538462 500 0 0 0 0 0 0 0 0 0 0 0 0 0 0 0 0 0 0 0
"36" 36 0.241071428571 345 68 59 13 7 6 2 0 0 0 0 0 0 0 0 0 0 0 0 0
"37" 37 0.167464114833 364 60 32 15 11 5 4 4 2 1 1 1 0 0 0 0 0 0 0 0
"38" 38 0.509174311927 475 7 6 6 5 1 0 0 0 0 0 0 0 0 0 0 0 0 0 0
"39" 39 0.367088607595 422 58 19 1 0 0 0 0 0 0 0 0 0 0 0 0 0 0 0 0
"40" 40 0.553459119497 473 27 0 0 0 0 0 0 0 0 0 0 0 0 0 0 0 0 0 0
"41" 41 0.482142857143 349 43 37 32 16 13 7 3 0 0 0 0 0 0 0 0 0 0 0 0
"42" 42 0.0418410041841 475 14 7 2 1 1 0 0 0 0 0 0 0 0 0 0 0 0 0 0
"43" 43 0.298507462687 481 6 4 4 4 1 0 0 0 0 0 0 0 0 0 0 0 0 0 0
"44" 44 0.738396624473 500 0 0 0 0 0 0 0 0 0 0 0 0 0 0 0 0 0 0 0
"45" 45 0.26368159204 170 117 81 63 34 34 1 0 0 0 0 0 0 0 0 0 0 0 0 0
"46" 46 0.0 500 0 0 0 0 0 0 0 0 0 0 0 0 0 0 0 0 0 0 0
"47" 47 0.572327044025 478 15 4 2 1 0 0 0 0 0 0 0 0 0 0 0 0 0 0 0
"48" 48 0.506726457399 482 8 5 2 1 1 1 0 0 0 0 0 0 0 0 0 0 0 0 0
"49" 49 0.301435406699 487 13 0 0 0 0 0 0 0 0 0 0 0 0 0 0 0 0 0 0
"50" 50 0.215189873418 481 13 3 2 1 0 0 0 0 0 0 0 0 0 0 0 0 0 0 0
"51" 51 0.187817258883 459 15 9 5 3 3 2 2 1 1 0 0 0 0 0 0 0 0 0 0
"52" 52 0.0062893081761 500 0 0 0 0 0 0 0 0 0 0 0 0 0 0 0 0 0 0 0
"53" 53 0.0 322 178 0 0 0 0 0 0 0 0 0 0 0 0 0 0 0 0 0 0
"54" 54 0.00995024875622 210 163 81 44 1 1 0 0 0 0 0 0 0 0 0 0 0 0 0 0
"55" 55 0.103448275862 307 158 20 7 6 2 0 0 0 0 0 0 0 0 0 0 0 0 0 0
"56" 56 0.020725388601 295 115 67 19 3 1 0 0 0 0 0 0 0 0 0 0 0 0 0 0
"57" 57 0.602678571429 188 129 54 46 42 35 5 1 0 0 0 0 0 0 0 0 0 0 0 0
"58" 58 0.658031088083 319 148 16 6 5 3 1 1 1 0 0 0 0 0 0 0 0 0 0 0
"59" 59 0.403846153846 500 0 0 0 0 0 0 0 0 0 0 0 0 0 0 0 0 0 0 0
"60" 60 0.414225941423 140 127 85 70 32 32 7 5 1 1 0 0 0 0 0 0 0 0 0 0
"61" 61 0.183908045977 460 40 0 0 0 0 0 0 0 0 0 0 0 0 0 0 0 0 0 0
"62" 62 0.144278606965 307 142 37 9 2 1 1 1 0 0 0 0 0 0 0 0 0 0 0 0
"63" 63 0.223404255319 496 3 1 0 0 0 0 0 0 0 0 0 0 0 0 0 0 0 0 0
"64" 64 0.299107142857 324 134 20 14 3 3 1 1 0 0 0 0 0 0 0 0 0 0 0 0
"65" 65 0.0132450331126 239 195 48 18 0 0 0 0 0 0 0 0 0 0 0 0 0 0 0 0
"66" 66 0.0802919708029 116 100 98 63 51 26 15 14 13 2 2 0 0 0 0 0 0 0 0 0
"67" 67 0.317829457364 288 123 36 34 11 4 3 1 0 0 0 0 0 0 0 0 0 0 0 0
"68" 68 0.0 496 4 0 0 0 0 0 0 0 0 0 0 0 0 0 0 0 0 0 0
"69" 69 0.0 187 100 85 63 21 20 19 3 2 0 0 0 0 0 0 0 0 0 0 0
"70" 70 0.167512690355 459 16 8 7 4 4 1 1 0 0 0 0 0 0 0 0 0 0 0 0
"71" 71 0.148288973384 307 170 16 2 2 1 1 1 0 0 0 0 0 0 0 0 0 0 0 0
"72" 72 0.0 398 95 5 1 1 0 0 0 0 0 0 0 0 0 0 0 0 0 0 0
"73" 73 0.00574712643678 223 142 70 28 16 15 3 2 1 0 0 0 0 0 0 0 0 0 0 0
"74" 74 0.491071428571 399 45 41 7 6 2 0 0 0 0 0 0 0 0 0 0 0 0 0 0
"75" 75 0.405063291139 385 105 6 4 0 0 0 0 0 0 0 0 0 0 0 0 0 0 0 0
"76" 76 0.140684410646 273 201 16 7 1 1 1 0 0 0 0 0 0 0 0 0 0 0 0 0
"77" 77 0.0 493 5 1 1 0 0 0 0 0 0 0 0 0 0 0 0 0 0 0 0
"78" 78 0.395348837209 367 95 27 8 3 0 0 0 0 0 0 0 0 0 0 0 0 0 0 0
"79" 79 0.703349282297 422 68 3 3 3 1 0 0 0 0 0 0 0 0 0 0 0 0 0 0
"80" 80 0.331606217617 330 69 57 30 8 3 3 0 0 0 0 0 0 0 0 0 0 0 0 0
"81" 81 0.558139534884 219 148 95 24 10 2 1 1 0 0 0 0 0 0 0 0 0 0 0 0
"82" 82 0.59585492228 419 33 23 10 9 5 1 0 0 0 0 0 0 0 0 0 0 0 0 0
"83" 83 0.114427860697 263 74 68 34 27 17 10 5 2 0 0 0 0 0 0 0 0 0 0 0
"84" 84 0.139534883721 200 198 84 7 6 5 0 0 0 0 0 0 0 0 0 0 0 0 0 0
"85" 85 0.361607142857 145 121 83 80 45 22 3 1 0 0 0 0 0 0 0 0 0 0 0 0
"86" 86 0.346715328467 421 33 23 22 1 0 0 0 0 0 0 0 0 0 0 0 0 0 0 0
"87" 87 0.0696517412935 212 112 66 37 15 14 12 11 9 5 3 2 1 1 0 0 0 0 0 0
"88" 88 0.0570342205323 414 28 18 14 11 6 4 3 2 0 0 0 0 0 0 0 0 0 0 0
"89" 89 0.11320754717 370 96 19 12 2 1 0 0 0 0 0 0 0 0 0 0 0 0 0 0
"90" 90 0.476821192053 227 163 35 32 16 15 8 2 2 0 0 0 0 0 0 0 0 0 0 0
"91" 91 0.341968911917 478 9 8 3 1 1 0 0 0 0 0 0 0 0 0 0 0 0 0 0
"92" 92 0.641509433962 272 226 2 0 0 0 0 0 0 0 0 0 0 0 0 0 0 0 0 0
"93" 93 0.722627737226 469 18 7 4 1 1 0 0 0 0 0 0 0 0 0 0 0 0 0 0
"94" 94 0.591240875912 339 82 47 32 0 0 0 0 0 0 0 0 0 0 0 0 0 0 0 0
"95" 95 0.189781021898 449 25 11 6 5 4 0 0 0 0 0 0 0 0 0 0 0 0 0 0
"96" 96 0.395348837209 225 90 70 54 53 8 0 0 0 0 0 0 0 0 0 0 0 0 0 0
"97" 97 0.258620689655 365 106 11 10 6 1 1 0 0 0 0 0 0 0 0 0 0 0 0 0
"98" 98 0.0114942528736 418 62 15 4 1 0 0 0 0 0 0 0 0 0 0 0 0 0 0 0
"99" 99 0.267942583732 426 30 18 13 5 4 2 1 1 0 0 0 0 0 0 0 0 0 0 0
"100" 100 0.515695067265 197 188 59 37 8 5 4 1 1 0 0 0 0 0 0 0 0 0 0 0
"101" 101 0.0839416058394 179 156 50 28 22 19 18 13 13 1 1 0 0 0 0 0 0 0 0 0
"102" 102 0.0348258706468 428 52 8 6 6 0 0 0 0 0 0 0 0 0 0 0 0 0 0 0
"103" 103 0.623430962343 166 105 94 59 56 14 4 1 1 0 0 0 0 0 0 0 0 0 0 0
"104" 104 0.100418410042 473 11 11 2 2 1 0 0 0 0 0 0 0 0 0 0 0 0 0 0
"105" 105 0.0 310 55 43 36 35 18 2 1 0 0 0 0 0 0 0 0 0 0 0 0
"106" 106 0.281609195402 293 92 44 29 17 9 6 5 3 2 0 0 0 0 0 0 0 0 0 0
"107" 107 0.503875968992 209 189 56 18 10 9 5 3 1 0 0 0 0 0 0 0 0 0 0 0
"108" 108 0.16091954023 362 86 34 9 5 3 1 0 0 0 0 0 0 0 0 0 0 0 0 0
"109" 109 0.0 286 204 5 3 1 1 0 0 0 0 0 0 0 0 0 0 0 0 0 0
"110" 110 0.110266159696 307 87 44 24 16 10 6 2 2 2 0 0 0 0 0 0 0 0 0 0
"111" 111 0.385650224215 463 20 9 5 2 1 0 0 0 0 0 0 0 0 0 0 0 0 0 0
"112" 112 0.222627737226 390 74 23 11 1 1 0 0 0 0 0 0 0 0 0 0 0 0 0 0
"113" 113 0.0 350 70 41 18 13 2 2 2 1 1 0 0 0 0 0 0 0 0 0 0
"114" 114 0.077519379845 196 142 108 32 14 7 1 0 0 0 0 0 0 0 0 0 0 0 0 0
"115" 115 0.303571428571 251 210 22 12 2 2 1 0 0 0 0 0 0 0 0 0 0 0 0 0
"116" 116 0.110266159696 350 130 16 3 1 0 0 0 0 0 0 0 0 0 0 0 0 0 0 0
"117" 117 0.0722433460076 273 118 41 34 24 8 2 0 0 0 0 0 0 0 0 0 0 0 0 0
"118" 118 0.292775665399 413 40 19 16 11 1 0 0 0 0 0 0 0 0 0 0 0 0 0 0
"119" 119 0.345911949686 224 145 62 25 17 12 9 5 1 0 0 0 0 0 0 0 0 0 0 0
"120" 120 0.139013452915 491 9 0 0 0 0 0 0 0 0 0 0 0 0 0 0 0 0 0 0
"121" 121 0.106598984772 463 10 10 7 5 2 2 1 0 0 0 0 0 0 0 0 0 0 0 0
"122" 122 0.276150627615 399 55 25 8 7 3 2 1 0 0 0 0 0 0 0 0 0 0 0 0
"123" 123 0.663461538462 500 0 0 0 0 0 0 0 0 0 0 0 0 0 0 0 0 0 0 0
"124" 124 0.825112107623 245 158 48 46 3 0 0 0 0 0 0 0 0 0 0 0 0 0 0 0
"125" 125 0.518987341772 500 0 0 0 0 0 0 0 0 0 0 0 0 0 0 0 0 0 0 0
"126" 126 0.379310344828 235 133 46 32 29 17 8 0 0 0 0 0 0 0 0 0 0 0 0 0
"127" 127 0.767295597484 500 0 0 0 0 0 0 0 0 0 0 0 0 0 0 0 0 0 0 0
"128" 128 0.649425287356 500 0 0 0 0 0 0 0 0 0 0 0 0 0 0 0 0 0 0 0
"129" 129 0.240384615385 500 0 0 0 0 0 0 0 0 0 0 0 0 0 0 0 0 0 0 0
"130" 130 0.440414507772 272 198 30 0 0 0 0 0 0 0 0 0 0 0 0 0 0 0 0 0
"131" 131 0.509433962264 500 0 0 0 0 0 0 0 0 0 0 0 0 0 0 0 0 0 0 0
"132" 132 0.346153846154 191 149 51 45 35 11 9 7 1 1 0 0 0 0 0 0 0 0 0 0
"133" 133 0.357664233577 162 102 82 58 30 23 21 16 3 2 1 0 0 0 0 0 0 0 0 0
"134" 134 0.1592039801 186 144 143 26 1 0 0 0 0 0 0 0 0 0 0 0 0 0 0 0
"135" 135 0.591240875912 192 164 57 41 25 18 2 1 0 0 0 0 0 0 0 0 0 0 0 0
"136" 136 0.264900662252 180 109 79 43 39 17 13 10 6 3 1 0 0 0 0 0 0 0 0 0
"137" 137 0.0 392 98 5 2 1 1 1 0 0 0 0 0 0 0 0 0 0 0 0 0
"138" 138 0.183035714286 202 127 61 39 38 27 6 0 0 0 0 0 0 0 0 0 0 0 0 0
"139" 139 0.403587443946 217 182 39 20 20 16 2 2 2 0 0 0 0 0 0 0 0 0 0 0
"140" 140 0.0 499 1 0 0 0 0 0 0 0 0 0 0 0 0 0 0 0 0 0 0
"141" 141 0.0 311 94 90 2 2 1 0 0 0 0 0 0 0 0 0 0 0 0 0 0
"142" 142 0.433035714286 212 167 57 27 23 12 2 0 0 0 0 0 0 0 0 0 0 0 0 0
"143" 143 0.330543933054 227 122 65 29 22 15 10 4 3 2 1 0 0 0 0 0 0 0 0 0
"144" 144 0.0 246 194 28 13 12 2 2 1 1 1 0 0 0 0 0 0 0 0 0 0
"145" 145 0.0358974358974 173 159 137 20 6 3 2 0 0 0 0 0 0 0 0 0 0 0 0 0
"146" 146 0.488372093023 200 137 41 39 30 30 13 5 4 1 0 0 0 0 0 0 0 0 0 0
"147" 147 0.234309623431 345 51 30 24 24 18 8 0 0 0 0 0 0 0 0 0 0 0 0 0
"148" 148 0.00497512437811 500 0 0 0 0 0 0 0 0 0 0 0 0 0 0 0 0 0 0 0
"149" 149 0.598214285714 254 137 83 20 4 2 0 0 0 0 0 0 0 0 0 0 0 0 0 0
"150" 150 0.701923076923 500 0 0 0 0 0 0 0 0 0 0 0 0 0 0 0 0 0 0 0
"151" 151 0.388392857143 499 1 0 0 0 0 0 0 0 0 0 0 0 0 0 0 0 0 0 0
"152" 152 0.313901345291 270 83 56 28 27 10 10 9 5 2 0 0 0 0 0 0 0 0 0 0
"153" 153 0.0228136882129 217 105 81 44 19 10 8 8 5 3 0 0 0 0 0 0 0 0 0 0
"154" 154 0.0 353 108 13 10 5 3 3 2 1 1 1 0 0 0 0 0 0 0 0 0
"155" 155 0.124031007752 500 0 0 0 0 0 0 0 0 0 0 0 0 0 0 0 0 0 0 0
"156" 156 0.105769230769 500 0 0 0 0 0 0 0 0 0 0 0 0 0 0 0 0 0 0 0
"157" 157 0.490384615385 500 0 0 0 0 0 0 0 0 0 0 0 0 0 0 0 0 0 0 0
"158" 158 0.668393782383 364 47 41 27 21 0 0 0 0 0 0 0 0 0 0 0 0 0 0 0
"159" 159 0.362694300518 421 24 22 15 9 7 1 1 0 0 0 0 0 0 0 0 0 0 0 0
"160" 160 0.11320754717 130 118 101 91 26 12 10 7 2 2 1 0 0 0 0 0 0 0 0 0
"161" 161 0.0232558139535 490 7 3 0 0 0 0 0 0 0 0 0 0 0 0 0 0 0 0 0
"162" 162 0.0 350 50 41 21 21 15 1 1 0 0 0 0 0 0 0 0 0 0 0 0
"163" 163 0.0 401 99 0 0 0 0 0 0 0 0 0 0 0 0 0 0 0 0 0 0
"164" 164 0.0 212 124 83 50 15 14 2 0 0 0 0 0 0 0 0 0 0 0 0 0
"165" 165 0.00995024875622 138 108 68 60 35 33 29 23 3 1 1 1 0 0 0 0 0 0 0 0
"166" 166 0.00662251655629 196 133 54 53 20 17 11 6 4 3 2 1 0 0 0 0 0 0 0 0
"167" 167 0.0 319 62 47 18 15 11 9 7 6 3 2 1 0 0 0 0 0 0 0 0
"168" 168 0.0 298 134 40 12 11 5 0 0 0 0 0 0 0 0 0 0 0 0 0 0
"169" 169 0.0077519379845 496 4 0 0 0 0 0 0 0 0 0 0 0 0 0 0 0 0 0 0
"170" 170 0.00581395348837 263 80 73 30 29 11 11 3 0 0 0 0 0 0 0 0 0 0 0 0
"171" 171 0.0 171 107 82 58 38 20 7 5 5 3 2 1 1 0 0 0 0 0 0 0
"172" 172 0.0 286 207 6 1 0 0 0 0 0 0 0 0 0 0 0 0 0 0 0 0
"173" 173 0.0 377 41 34 29 5 4 3 3 2 1 1 0 0 0 0 0 0 0 0 0
"174" 174 0.0 308 129 38 17 6 1 1 0 0 0 0 0 0 0 0 0 0 0 0 0
"175" 175 0.433035714286 261 115 65 47 8 1 1 1 1 0 0 0 0 0 0 0 0 0 0 0
"176" 176 0.206896551724 417 83 0 0 0 0 0 0 0 0 0 0 0 0 0 0 0 0 0 0
"177" 177 0.100775193798 354 94 21 20 3 2 2 2 2 0 0 0 0 0 0 0 0 0 0 0
"178" 178 0.586538461538 500 0 0 0 0 0 0 0 0 0 0 0 0 0 0 0 0 0 0 0
"179" 179 0.0950570342205 204 145 129 13 3 2 2 1 1 0 0 0 0 0 0 0 0 0 0 0
"180" 180 0.435233160622 331 129 25 12 3 0 0 0 0 0 0 0 0 0 0 0 0 0 0 0
"181" 181 0.0149253731343 495 1 1 1 1 1 0 0 0 0 0 0 0 0 0 0 0 0 0 0
"182" 182 0.591240875912 483 14 1 1 1 0 0 0 0 0 0 0 0 0 0 0 0 0 0 0
"183" 183 0.474452554745 201 156 108 25 7 3 0 0 0 0 0 0 0 0 0 0 0 0 0 0
"184" 184 0.0494296577947 233 202 48 17 0 0 0 0 0 0 0 0 0 0 0 0 0 0 0 0
"185" 185 0.526785714286 272 207 19 2 0 0 0 0 0 0 0 0 0 0 0 0 0 0 0 0
"186" 186 0.117948717949 285 99 96 19 1 0 0 0 0 0 0 0 0 0 0 0 0 0 0 0
"187" 187 0.0 466 30 2 1 1 0 0 0 0 0 0 0 0 0 0 0 0 0 0 0
"188" 188 0.121076233184 470 15 10 3 1 1 0 0 0 0 0 0 0 0 0 0 0 0 0 0
"189" 189 0.266423357664 311 88 69 24 5 3 0 0 0 0 0 0 0 0 0 0 0 0 0 0
"190" 190 0.0 424 58 17 1 0 0 0 0 0 0 0 0 0 0 0 0 0 0 0 0
"191" 191 0.0684410646388 370 117 7 3 2 1 0 0 0 0 0 0 0 0 0 0 0 0 0 0
"192" 192 0.477678571429 260 227 7 3 1 1 1 0 0 0 0 0 0 0 0 0 0 0 0 0
"193" 193 0.328467153285 232 113 84 32 19 12 4 3 1 0 0 0 0 0 0 0 0 0 0 0
"194" 194 0.0 224 119 117 23 10 4 2 1 0 0 0 0 0 0 0 0 0 0 0 0
"195" 195 0.17880794702 241 144 71 25 14 2 2 1 0 0 0 0 0 0 0 0 0 0 0 0
"196" 196 0.627906976744 235 115 93 53 3 1 0 0 0 0 0 0 0 0 0 0 0 0 0 0
"197" 197 0.416243654822 377 120 3 0 0 0 0 0 0 0 0 0 0 0 0 0 0 0 0 0
"198" 198 0.0689655172414 231 102 77 32 21 19 8 6 4 0 0 0 0 0 0 0 0 0 0 0
"199" 199 0.389937106918 135 124 117 64 25 22 10 3 0 0 0 0 0 0 0 0 0 0 0 0
"200" 200 0.125 500 0 0 0 0 0 0 0 0 0 0 0 0 0 0 0 0 0 0 0
"201" 201 0.077519379845 329 107 60 4 0 0 0 0 0 0 0 0 0 0 0 0 0 0 0 0
"202" 202 0.533678756477 330 134 28 5 2 1 0 0 0 0 0 0 0 0 0 0 0 0 0 0
"203" 203 0.405063291139 323 78 50 19 14 11 2 1 1 1 0 0 0 0 0 0 0 0 0 0
"204" 204 0.00512820512821 239 206 41 11 1 1 1 0 0 0 0 0 0 0 0 0 0 0 0 0
"205" 205 0.287356321839 231 181 63 15 10 0 0 0 0 0 0 0 0 0 0 0 0 0 0 0
"206" 206 0.517857142857 345 131 12 4 4 2 1 1 0 0 0 0 0 0 0 0 0 0 0 0
"207" 207 0.0384615384615 500 0 0 0 0 0 0 0 0 0 0 0 0 0 0 0 0 0 0 0
"208" 208 0.015503875969 424 76 0 0 0 0 0 0 0 0 0 0 0 0 0 0 0 0 0 0
"209" 209 0.561181434599 256 180 55 5 4 0 0 0 0 0 0 0 0 0 0 0 0 0 0 0
"210" 210 0.344827586207 249 136 80 15 10 5 3 2 0 0 0 0 0 0 0 0 0 0 0 0
"211" 211 0.0543933054393 374 49 40 16 6 6 4 2 2 1 0 0 0 0 0 0 0 0 0 0
"212" 212 0.153846153846 253 247 0 0 0 0 0 0 0 0 0 0 0 0 0 0 0 0 0 0
"213" 213 0.5 359 98 16 11 9 6 1 0 0 0 0 0 0 0 0 0 0 0 0 0
"214" 214 0.307984790875 437 27 17 6 3 3 2 2 2 1 0 0 0 0 0 0 0 0 0 0
"215" 215 0.18410041841 285 200 8 5 2 0 0 0 0 0 0 0 0 0 0 0 0 0 0 0
"216" 216 0.96511627907 247 203 50 0 0 0 0 0 0 0 0 0 0 0 0 0 0 0 0 0
