"site" "RSA" "aa1" "aa2" "aa3" "aa4" "aa5" "aa6" "aa7" "aa8" "aa9" "aa10" "aa11" "aa12" "aa13" "aa14" "aa15" "aa16" "aa17" "aa18" "aa19" "aa20"
"0" 0 0.529801324503 199 169 67 20 17 16 9 3 0 0 0 0 0 0 0 0 0 0 0 0
"1" 1 0.147208121827 214 105 69 64 14 12 12 3 3 2 1 1 0 0 0 0 0 0 0 0
"2" 2 0.290697674419 116 52 49 46 45 36 36 27 25 19 17 13 11 8 0 0 0 0 0 0
"3" 3 0.464135021097 108 65 46 43 40 40 33 28 27 22 18 11 9 7 1 1 1 0 0 0
"4" 4 0.0 176 171 42 35 23 22 18 4 4 2 1 1 1 0 0 0 0 0 0 0
"5" 5 0.428571428571 427 22 16 10 7 6 5 3 1 1 1 1 0 0 0 0 0 0 0 0
"6" 6 0.0199004975124 426 24 8 6 6 6 5 5 5 4 4 1 0 0 0 0 0 0 0 0
"7" 7 0.518134715026 233 139 55 18 18 15 8 6 4 2 1 1 0 0 0 0 0 0 0 0
"8" 8 0.653846153846 416 84 0 0 0 0 0 0 0 0 0 0 0 0 0 0 0 0 0 0
"9" 9 0.213197969543 222 142 25 17 14 12 11 11 9 7 7 7 6 5 3 2 0 0 0 0
"10" 10 0.0547263681592 349 50 38 19 14 7 6 5 3 3 2 1 1 1 1 0 0 0 0 0
"11" 11 0.452830188679 478 6 5 4 2 2 1 1 1 0 0 0 0 0 0 0 0 0 0 0
"12" 12 0.378109452736 330 63 24 14 13 10 9 8 6 6 5 5 3 3 1 0 0 0 0 0
"13" 13 0.465517241379 91 83 63 63 43 33 29 29 14 13 13 11 9 3 2 1 0 0 0 0
"14" 14 0.325581395349 113 110 73 54 47 30 25 15 8 5 5 5 4 3 3 0 0 0 0 0
"15" 15 0.321167883212 88 72 64 54 45 31 22 21 20 19 18 15 13 12 5 1 0 0 0 0
"16" 16 0.432692307692 379 30 26 23 18 5 5 3 3 3 3 1 1 0 0 0 0 0 0 0
"17" 17 0.413502109705 131 76 52 51 32 27 26 22 21 18 13 11 10 8 1 1 0 0 0 0
"18" 18 0.137931034483 167 140 60 38 25 22 13 11 7 5 5 4 3 0 0 0 0 0 0 0
"19" 19 0.167883211679 86 78 62 57 50 40 31 22 21 17 12 8 6 4 3 3 0 0 0 0
"20" 20 0.0 147 60 54 53 49 30 26 21 14 13 9 9 6 4 3 2 0 0 0 0
"21" 21 0.131979695431 196 108 53 28 27 26 20 20 8 8 3 2 1 0 0 0 0 0 0 0
"22" 22 0.0342205323194 316 147 22 5 3 2 1 1 1 1 1 0 0 0 0 0 0 0 0 0
"23" 23 0.330357142857 130 86 76 67 44 28 11 11 10 9 8 7 7 5 1 0 0 0 0 0
"24" 24 0.166666666667 191 119 99 23 14 12 10 10 6 5 2 2 2 2 2 1 0 0 0 0
"25" 25 0.424870466321 237 92 62 34 26 16 12 9 5 3 1 1 1 1 0 0 0 0 0 0
"26" 26 0.736434108527 150 105 102 50 48 41 2 1 1 0 0 0 0 0 0 0 0 0 0 0
"27" 27 0.336538461538 124 88 88 49 42 33 26 12 11 11 6 4 4 1 1 0 0 0 0 0
"28" 28 0.104651162791 161 109 52 45 39 17 17 14 13 9 8 8 4 3 1 0 0 0 0 0
"29" 29 0.144278606965 184 122 55 46 43 11 10 10 5 2 2 2 2 2 1 1 1 1 0 0
"30" 30 0.0 325 57 34 26 20 16 10 3 3 2 1 1 1 1 0 0 0 0 0 0
"31" 31 0.100418410042 93 89 79 67 65 37 27 10 8 7 5 5 4 3 1 0 0 0 0 0
"32" 32 0.0 265 145 28 26 12 9 8 4 2 1 0 0 0 0 0 0 0 0 0 0
"33" 33 0.131782945736 251 93 40 23 19 18 14 13 5 4 4 4 4 4 2 2 0 0 0 0
"34" 34 0.0 311 154 14 8 6 2 2 1 1 1 0 0 0 0 0 0 0 0 0 0
"35" 35 0.0 495 5 0 0 0 0 0 0 0 0 0 0 0 0 0 0 0 0 0 0
"36" 36 0.0802919708029 158 116 115 41 19 17 12 9 6 5 1 1 0 0 0 0 0 0 0 0
"37" 37 0.0 154 117 99 38 25 20 17 11 8 5 2 2 1 1 0 0 0 0 0 0
"38" 38 0.112582781457 132 98 78 73 34 32 14 10 9 5 4 3 3 2 2 1 0 0 0 0
"39" 39 0.0387596899225 136 89 68 41 38 30 19 16 13 10 9 9 8 5 4 2 2 1 0 0
"40" 40 0.250950570342 154 111 92 78 28 13 10 7 6 1 0 0 0 0 0 0 0 0 0 0
"41" 41 0.678756476684 379 96 10 7 4 3 1 0 0 0 0 0 0 0 0 0 0 0 0 0
"42" 42 0.103448275862 102 79 70 67 29 29 27 27 18 17 9 9 9 3 3 2 0 0 0 0
"43" 43 0.284263959391 205 76 53 46 24 18 18 18 12 8 7 5 5 3 1 1 0 0 0 0
"44" 44 0.0275229357798 155 115 87 42 34 28 15 8 6 5 2 1 1 1 0 0 0 0 0 0
"45" 45 0.517857142857 231 64 47 32 31 25 22 13 12 8 8 3 2 1 1 0 0 0 0 0
"46" 46 0.164102564103 90 89 71 60 45 37 34 27 20 13 8 3 2 1 0 0 0 0 0 0
"47" 47 0.0331125827815 190 174 78 36 16 2 2 1 1 0 0 0 0 0 0 0 0 0 0 0
"48" 48 0.0 218 68 62 46 40 30 18 6 6 2 2 1 1 0 0 0 0 0 0 0
"49" 49 0.194968553459 194 144 56 41 23 21 12 6 2 1 0 0 0 0 0 0 0 0 0 0
"50" 50 0.245535714286 169 126 110 53 18 11 10 2 1 0 0 0 0 0 0 0 0 0 0 0
"51" 51 0.0 149 136 53 46 32 29 17 15 9 7 3 2 1 1 0 0 0 0 0 0
"52" 52 0.00961538461538 494 6 0 0 0 0 0 0 0 0 0 0 0 0 0 0 0 0 0 0
"53" 53 0.0913705583756 253 126 69 21 13 8 2 2 2 1 1 1 1 0 0 0 0 0 0 0
"54" 54 0.00497512437811 285 83 28 26 25 16 9 6 6 6 2 2 2 2 1 1 0 0 0 0
"55" 55 0.044776119403 128 121 66 61 27 25 20 19 16 6 3 3 2 1 1 1 0 0 0 0
"56" 56 0.0523255813953 175 128 51 39 34 20 10 8 7 6 5 5 4 3 3 2 0 0 0 0
"57" 57 0.282700421941 195 70 55 46 31 28 28 16 12 11 5 1 1 1 0 0 0 0 0 0
"58" 58 0.00995024875622 350 62 40 12 9 8 5 4 3 3 2 1 1 0 0 0 0 0 0 0
"59" 59 0.0264900662252 177 108 103 48 21 18 10 4 4 4 2 1 0 0 0 0 0 0 0 0
"60" 60 0.348214285714 188 82 58 47 39 25 18 9 8 7 4 4 4 2 2 2 1 0 0 0
"61" 61 0.171548117155 297 90 69 24 7 5 4 2 1 1 0 0 0 0 0 0 0 0 0 0
"62" 62 0.0 222 186 31 16 15 9 5 4 3 2 2 2 1 1 1 0 0 0 0 0
"63" 63 0.0125523012552 166 94 63 57 39 36 22 5 4 3 3 3 2 1 1 1 0 0 0 0
"64" 64 0.683544303797 125 94 90 47 46 35 19 16 10 3 3 3 2 2 2 2 1 0 0 0
"65" 65 0.242677824268 178 90 40 37 34 24 23 20 19 11 10 8 2 2 1 1 0 0 0 0
"66" 66 0.0 227 148 30 25 20 17 11 7 7 2 2 1 1 1 1 0 0 0 0 0
"67" 67 0.397350993377 160 113 100 76 13 9 9 8 4 3 2 2 1 0 0 0 0 0 0 0
"68" 68 0.820512820513 183 89 58 48 36 30 24 12 5 4 4 3 2 2 0 0 0 0 0 0
"69" 69 0.222797927461 147 64 60 43 33 33 26 20 20 19 16 7 6 3 2 1 0 0 0 0
"70" 70 0.0747126436782 164 86 78 47 32 16 14 13 12 12 9 7 4 3 1 1 1 0 0 0
"71" 71 0.317518248175 127 76 73 61 44 35 22 15 10 8 7 5 5 4 3 3 1 1 0 0
"72" 72 0.179487179487 154 144 126 36 20 8 6 3 1 1 1 0 0 0 0 0 0 0 0 0
"73" 73 0.0287081339713 280 126 29 25 8 7 6 5 4 4 3 2 1 0 0 0 0 0 0 0
"74" 74 0.174129353234 83 78 59 57 48 48 37 35 19 17 6 3 3 3 3 1 0 0 0 0
"75" 75 0.14367816092 214 48 45 43 43 35 21 10 9 8 7 6 5 3 2 1 0 0 0 0
"76" 76 0.735751295337 224 117 55 27 19 14 14 11 6 4 2 2 2 1 1 1 0 0 0 0
"77" 77 0.335025380711 295 61 53 26 11 10 9 9 6 5 4 4 3 2 1 1 0 0 0 0
"78" 78 0.209302325581 169 64 63 43 37 32 31 19 15 9 5 5 4 3 1 0 0 0 0 0
"79" 79 0.811320754717 253 219 20 5 1 1 1 0 0 0 0 0 0 0 0 0 0 0 0 0
"80" 80 0.875 483 17 0 0 0 0 0 0 0 0 0 0 0 0 0 0 0 0 0 0
"81" 81 0.455696202532 242 69 45 38 34 33 10 7 5 4 4 3 2 2 1 1 0 0 0 0
"82" 82 0.412790697674 335 66 32 16 12 8 8 6 4 4 2 2 2 2 1 0 0 0 0 0
"83" 83 0.126903553299 69 65 52 41 39 34 34 32 31 28 23 19 12 9 6 2 2 2 0 0
"84" 84 0.0585774058577 375 43 29 22 6 6 4 4 3 2 2 2 1 1 0 0 0 0 0 0
"85" 85 0.533678756477 222 121 32 28 23 15 12 9 7 7 6 6 4 4 2 1 1 0 0 0
"86" 86 0.307984790875 244 176 21 19 11 9 6 4 4 3 2 1 0 0 0 0 0 0 0 0
"87" 87 0.0746268656716 357 41 25 13 11 11 9 9 9 4 4 3 2 1 1 0 0 0 0 0
"88" 88 0.314465408805 278 85 39 30 13 11 9 8 8 6 5 5 2 1 0 0 0 0 0 0
"89" 89 0.666666666667 184 142 73 38 33 12 7 5 4 2 0 0 0 0 0 0 0 0 0 0
"90" 90 0.409282700422 108 68 53 41 40 35 34 27 24 23 20 7 7 6 3 2 2 0 0 0
"91" 91 0.0 398 20 20 14 14 11 10 3 3 3 1 1 1 1 0 0 0 0 0 0
"92" 92 0.324503311258 204 152 42 19 17 16 14 12 10 6 3 2 2 1 0 0 0 0 0 0
"93" 93 0.370535714286 127 117 96 55 36 33 13 13 8 1 1 0 0 0 0 0 0 0 0 0
"94" 94 0.641509433962 197 148 55 35 30 23 8 3 1 0 0 0 0 0 0 0 0 0 0 0
"95" 95 0.57805907173 284 153 24 15 6 5 5 3 2 2 1 0 0 0 0 0 0 0 0 0
"96" 96 0.0570342205323 341 98 23 14 13 5 4 2 0 0 0 0 0 0 0 0 0 0 0 0
"97" 97 0.291139240506 325 66 38 26 13 11 9 8 2 1 1 0 0 0 0 0 0 0 0 0
"98" 98 0.540697674419 266 53 50 48 26 22 16 10 6 2 1 0 0 0 0 0 0 0 0 0
"99" 99 0.0986547085202 273 108 46 39 17 6 3 3 2 1 1 1 0 0 0 0 0 0 0 0
"100" 100 0.00497512437811 326 53 36 30 11 10 10 9 8 3 2 1 1 0 0 0 0 0 0 0
"101" 101 0.392857142857 252 66 51 28 21 19 18 16 15 9 4 1 0 0 0 0 0 0 0 0
"102" 102 0.455958549223 275 173 35 10 4 2 1 0 0 0 0 0 0 0 0 0 0 0 0 0
"103" 103 0.0255474452555 170 131 70 45 43 19 6 5 3 3 2 2 1 0 0 0 0 0 0 0
"104" 104 0.0860927152318 203 125 60 47 37 17 8 2 1 0 0 0 0 0 0 0 0 0 0 0
"105" 105 0.119402985075 79 68 64 54 50 48 35 33 24 13 11 8 6 3 3 1 0 0 0 0
"106" 106 0.044776119403 254 169 30 18 7 5 4 3 2 2 2 2 1 1 0 0 0 0 0 0
"107" 107 0.00574712643678 139 85 68 48 43 20 19 18 17 16 15 7 3 1 1 0 0 0 0 0
"108" 108 0.368421052632 86 76 75 66 53 47 37 25 14 8 5 3 3 2 0 0 0 0 0 0
"109" 109 0.299578059072 114 76 73 67 41 38 26 18 13 11 9 6 6 2 0 0 0 0 0 0
"110" 110 0.248803827751 186 110 82 44 31 13 10 9 4 3 3 1 1 1 1 1 0 0 0 0
"111" 111 0.438818565401 118 102 61 52 34 34 26 17 10 9 7 7 6 5 4 4 3 1 0 0
"112" 112 0.572139303483 124 97 78 72 34 25 15 14 11 9 6 5 3 3 2 2 0 0 0 0
"113" 113 0.010152284264 202 93 66 53 32 11 10 8 7 5 5 4 3 1 0 0 0 0 0 0
"114" 114 0.490566037736 376 48 42 13 5 5 4 2 2 2 1 0 0 0 0 0 0 0 0 0
"115" 115 0.00497512437811 175 97 71 36 23 22 20 14 9 8 7 6 5 4 3 0 0 0 0 0
"116" 116 0.169642857143 113 77 64 59 48 47 17 17 15 15 13 6 4 2 2 1 0 0 0 0
"117" 117 0.0 261 78 63 36 22 11 10 9 3 2 2 2 1 0 0 0 0 0 0 0
"118" 118 0.10152284264 168 160 54 29 29 13 11 10 9 7 5 2 1 1 1 0 0 0 0 0
"119" 119 0.0 364 59 27 21 11 4 4 3 3 3 1 0 0 0 0 0 0 0 0 0
"120" 120 0.0255474452555 160 150 72 53 15 13 9 8 6 6 2 2 1 1 1 1 0 0 0 0
"121" 121 0.0 269 103 32 27 19 17 12 9 5 2 2 1 1 1 0 0 0 0 0 0
"122" 122 0.00380228136882 201 102 76 54 26 11 10 6 5 4 3 1 1 0 0 0 0 0 0 0
"123" 123 0.0 137 120 70 60 53 20 14 10 5 4 3 3 1 0 0 0 0 0 0 0
"124" 124 0.0755813953488 146 139 87 71 35 8 7 2 1 1 1 1 1 0 0 0 0 0 0 0
"125" 125 0.201923076923 500 0 0 0 0 0 0 0 0 0 0 0 0 0 0 0 0 0 0 0
"126" 126 0.331125827815 112 101 70 51 50 30 22 17 14 12 11 7 2 1 0 0 0 0 0 0
"127" 127 0.0 142 140 76 65 36 19 8 5 3 2 2 1 1 0 0 0 0 0 0 0
"128" 128 0.13475177305 237 71 52 50 22 16 15 11 9 6 4 3 2 1 1 0 0 0 0 0
"129" 129 0.485232067511 154 105 75 47 38 37 16 12 6 4 3 3 0 0 0 0 0 0 0 0
"130" 130 0.183035714286 381 38 32 9 7 6 5 5 4 4 4 2 2 1 0 0 0 0 0 0
"131" 131 0.0836501901141 238 127 94 11 6 5 5 4 3 3 2 1 1 0 0 0 0 0 0 0
"132" 132 0.471264367816 151 111 60 40 32 24 22 14 14 10 6 4 4 4 3 1 0 0 0 0
"133" 133 0.729957805907 195 126 105 22 20 9 8 5 3 2 2 1 1 1 0 0 0 0 0 0
"134" 134 0.552325581395 166 114 55 34 33 25 21 19 10 10 6 5 2 0 0 0 0 0 0 0
"135" 135 0.269230769231 410 22 21 20 16 7 3 1 0 0 0 0 0 0 0 0 0 0 0 0
"136" 136 0.168604651163 145 107 74 70 24 21 18 16 9 4 4 3 3 2 0 0 0 0 0 0
"137" 137 0.0 173 157 55 54 29 13 8 6 3 1 1 0 0 0 0 0 0 0 0 0
"138" 138 0.0382775119617 377 52 30 22 8 4 3 2 1 1 0 0 0 0 0 0 0 0 0 0
"139" 139 0.519230769231 408 67 11 5 4 3 2 0 0 0 0 0 0 0 0 0 0 0 0 0
"140" 140 0.268656716418 310 41 35 22 14 14 14 10 10 8 5 5 5 4 1 1 1 0 0 0
"141" 141 0.835443037975 161 116 47 36 35 32 25 22 8 8 7 1 1 1 0 0 0 0 0 0
"142" 142 0.161434977578 105 103 101 44 40 38 28 10 8 7 6 5 2 2 1 0 0 0 0 0
"143" 143 0.396226415094 256 140 33 20 18 11 8 5 4 3 2 0 0 0 0 0 0 0 0 0
"144" 144 0.883408071749 220 152 48 28 8 7 7 5 5 4 3 3 3 3 2 2 0 0 0 0
"145" 145 0.423076923077 494 6 0 0 0 0 0 0 0 0 0 0 0 0 0 0 0 0 0 0
"146" 146 0.0597014925373 175 70 49 44 39 30 27 19 13 11 9 4 3 3 2 2 0 0 0 0
"147" 147 0.506329113924 186 158 46 35 24 10 9 9 9 7 4 1 1 1 0 0 0 0 0 0
"148" 148 0.223214285714 148 117 62 30 24 21 21 16 12 11 10 10 8 4 3 3 0 0 0 0
"149" 149 0.0 344 54 37 15 14 9 8 6 4 3 2 2 2 0 0 0 0 0 0 0
"150" 150 0.286995515695 88 76 65 61 52 38 36 25 24 11 8 5 3 2 2 2 2 0 0 0
"151" 151 0.325892857143 202 144 43 41 22 18 10 8 4 4 1 1 1 1 0 0 0 0 0 0
"152" 152 0.0209205020921 203 179 57 23 17 6 4 3 2 2 2 1 1 0 0 0 0 0 0 0
"153" 153 0.610062893082 278 122 83 6 5 2 1 1 1 1 0 0 0 0 0 0 0 0 0 0
"154" 154 0.625 234 105 51 27 21 17 13 8 8 5 5 4 1 1 0 0 0 0 0 0
"155" 155 0.0880503144654 222 153 72 32 10 4 4 2 1 0 0 0 0 0 0 0 0 0 0 0
"156" 156 0.187817258883 120 96 82 70 30 27 27 25 10 8 2 1 1 1 0 0 0 0 0 0
"157" 157 0.0627615062762 172 131 69 62 26 19 5 5 4 3 2 1 1 0 0 0 0 0 0 0
"158" 158 0.0 432 14 13 7 7 7 4 4 4 4 2 1 1 0 0 0 0 0 0 0
"159" 159 0.0 228 107 65 33 23 18 9 9 6 2 0 0 0 0 0 0 0 0 0 0
"160" 160 0.00662251655629 114 112 65 54 49 24 22 19 17 5 4 4 3 3 2 1 1 1 0 0
"161" 161 0.18023255814 166 54 38 38 29 27 23 22 21 16 16 15 12 9 7 4 3 0 0 0
"162" 162 0.400843881857 450 15 9 5 5 4 3 3 2 2 2 0 0 0 0 0 0 0 0 0
"163" 163 0.647668393782 124 120 46 45 37 21 20 18 16 15 12 9 7 4 4 2 0 0 0 0
"164" 164 0.629464285714 93 68 67 62 54 49 37 20 16 14 9 7 2 1 1 0 0 0 0 0
"165" 165 0.328205128205 135 64 63 59 47 37 15 15 10 9 9 7 6 6 5 5 5 3 0 0
"166" 166 0.10152284264 250 73 43 32 24 17 16 9 8 7 6 5 4 3 2 1 0 0 0 0
"167" 167 0.245033112583 227 194 33 11 8 7 5 5 4 3 1 1 1 0 0 0 0 0 0 0
"168" 168 0.232704402516 183 98 54 42 35 23 14 13 9 9 8 5 4 1 1 1 0 0 0 0
"169" 169 0.519379844961 235 129 59 27 10 9 8 7 6 5 4 1 0 0 0 0 0 0 0 0
"170" 170 0.363228699552 125 89 76 66 37 23 21 17 11 11 8 6 5 2 2 1 0 0 0 0
"171" 171 0.0 195 133 51 34 34 21 19 4 4 2 1 1 1 0 0 0 0 0 0 0
"172" 172 0.131782945736 177 125 64 40 30 26 17 11 5 4 1 0 0 0 0 0 0 0 0 0
"173" 173 0.589285714286 209 76 52 35 30 25 15 14 13 10 7 6 4 3 1 0 0 0 0 0
"174" 174 0.402985074627 109 64 63 53 47 34 27 19 19 16 12 9 8 7 6 5 2 0 0 0
"175" 175 0.132183908046 129 78 45 44 32 31 30 28 20 19 16 11 7 5 3 1 1 0 0 0
"176" 176 0.298076923077 499 1 0 0 0 0 0 0 0 0 0 0 0 0 0 0 0 0 0 0
"177" 177 0.651785714286 169 89 63 42 31 23 21 20 15 9 8 4 3 2 1 0 0 0 0 0
"178" 178 0.580310880829 198 108 55 48 30 15 13 11 7 6 4 3 2 0 0 0 0 0 0 0
"179" 179 0.149253731343 144 101 76 49 45 20 13 10 9 9 8 5 5 2 2 1 1 0 0 0
"180" 180 0.0264900662252 179 74 67 66 26 21 21 18 6 5 4 4 3 3 2 1 0 0 0 0
"181" 181 0.631386861314 190 93 57 43 27 19 16 13 10 8 8 6 6 2 1 1 0 0 0 0
"182" 182 0.273722627737 174 133 77 36 17 13 12 10 8 6 6 3 2 1 1 1 0 0 0 0
"183" 183 0.0 87 79 78 63 48 31 30 28 23 13 10 5 2 1 1 1 0 0 0 0
"184" 184 0.131782945736 228 168 28 23 15 14 10 7 3 1 1 1 1 0 0 0 0 0 0 0
"185" 185 0.522321428571 126 114 65 54 39 35 17 16 8 7 6 4 3 3 1 1 1 0 0 0
"186" 186 0.149253731343 194 64 52 43 27 26 17 14 11 10 10 8 6 6 5 5 1 1 0 0
"187" 187 0.0 222 187 40 21 17 5 3 2 2 1 0 0 0 0 0 0 0 0 0 0
"188" 188 0.206896551724 128 117 116 31 27 16 16 12 10 8 6 5 4 4 0 0 0 0 0 0
"189" 189 0.485232067511 97 95 76 51 32 30 29 28 25 13 9 8 4 1 1 1 0 0 0 0
"190" 190 0.00497512437811 266 78 63 20 19 13 11 8 5 5 4 3 3 2 0 0 0 0 0 0
"191" 191 0.0 382 75 20 8 6 4 1 1 1 1 1 0 0 0 0 0 0 0 0 0
"192" 192 0.192052980132 111 98 92 79 19 18 18 18 12 9 7 5 5 4 3 1 1 0 0 0
"193" 193 0.341772151899 91 83 56 46 44 43 30 30 29 15 11 11 4 3 2 2 0 0 0 0
"194" 194 0.0 142 97 83 66 33 24 12 8 8 7 7 4 4 3 1 1 0 0 0 0
"195" 195 0.0675105485232 181 81 37 33 32 27 22 22 21 18 13 6 5 1 1 0 0 0 0 0
"196" 196 0.481865284974 193 75 61 37 34 27 19 12 11 8 7 6 5 2 2 1 0 0 0 0
"197" 197 0.167300380228 140 60 59 46 41 30 25 21 20 15 11 11 6 5 4 4 1 1 0 0
"198" 198 0.0 139 138 126 39 17 16 9 4 2 2 2 2 1 1 1 1 0 0 0 0
"199" 199 0.430379746835 160 126 76 36 29 14 13 9 7 7 6 4 4 4 3 1 1 0 0 0
"200" 200 0.544642857143 183 67 58 34 32 27 25 24 23 7 6 6 3 2 1 1 1 0 0 0
"201" 201 0.299578059072 106 79 75 59 49 49 30 16 9 7 7 6 2 2 2 1 1 0 0 0
"202" 202 0.307692307692 498 2 0 0 0 0 0 0 0 0 0 0 0 0 0 0 0 0 0 0
"203" 203 0.00507614213198 214 61 60 60 30 27 12 11 9 6 3 2 1 1 1 1 1 0 0 0
"204" 204 0.0152284263959 127 126 49 42 36 30 24 21 16 12 6 5 2 2 1 1 0 0 0 0
"205" 205 0.0 131 122 68 67 34 32 15 11 9 4 3 2 2 0 0 0 0 0 0 0
"206" 206 0.0 120 81 68 65 39 36 29 19 17 7 5 5 4 2 1 1 1 0 0 0
"207" 207 0.0569948186528 110 110 71 47 40 32 24 24 23 8 7 3 1 0 0 0 0 0 0 0
"208" 208 0.0116279069767 435 40 12 10 3 0 0 0 0 0 0 0 0 0 0 0 0 0 0 0
"209" 209 0.316455696203 96 80 70 61 61 33 30 25 17 8 6 5 4 3 1 0 0 0 0 0
"210" 210 0.00418410041841 352 69 51 18 2 2 2 1 1 1 1 0 0 0 0 0 0 0 0 0
"211" 211 0.209821428571 108 88 87 71 34 33 31 20 17 7 3 1 0 0 0 0 0 0 0 0
"212" 212 0.00418410041841 201 174 68 49 5 3 0 0 0 0 0 0 0 0 0 0 0 0 0 0
"213" 213 0.0288461538462 217 63 57 42 35 26 26 13 6 5 3 3 2 2 0 0 0 0 0 0
"214" 214 0.0761421319797 213 58 39 36 34 31 19 13 13 12 11 11 6 4 0 0 0 0 0 0
"215" 215 0.0725388601036 379 39 20 19 13 11 6 4 3 3 1 1 1 0 0 0 0 0 0 0
"216" 216 0.549107142857 101 78 66 55 53 33 25 23 17 15 15 12 6 1 0 0 0 0 0 0
"217" 217 0.751054852321 147 140 67 36 34 32 16 14 9 2 1 1 1 0 0 0 0 0 0 0
"218" 218 0.412790697674 117 68 65 52 50 35 28 23 19 18 8 7 6 4 0 0 0 0 0 0
"219" 219 0.482051282051 196 115 57 31 25 20 18 16 8 5 4 2 1 1 1 0 0 0 0 0
"220" 220 0.330357142857 88 87 54 48 46 39 35 24 20 18 11 11 8 4 4 2 1 0 0 0
"221" 221 0.0659898477157 172 96 55 36 30 25 23 23 14 11 9 2 2 1 1 0 0 0 0 0
"222" 222 0.0 206 122 38 35 34 30 8 5 4 4 4 3 3 3 1 0 0 0 0 0
"223" 223 0.0 242 181 44 9 6 5 4 3 2 1 1 1 1 0 0 0 0 0 0 0
"224" 224 0.0804597701149 196 183 70 23 14 8 3 2 1 0 0 0 0 0 0 0 0 0 0 0
"225" 225 0.165803108808 350 61 43 23 11 8 1 1 1 1 0 0 0 0 0 0 0 0 0 0
"226" 226 0.205357142857 261 60 43 23 20 17 16 14 12 10 6 5 5 4 2 2 0 0 0 0
"227" 227 0.0 121 94 88 61 60 43 16 5 5 3 2 1 1 0 0 0 0 0 0 0
"228" 228 0.0 307 104 52 11 9 5 5 3 2 2 0 0 0 0 0 0 0 0 0 0
"229" 229 0.0 423 42 23 4 3 2 1 1 1 0 0 0 0 0 0 0 0 0 0 0
"230" 230 0.0314465408805 275 111 33 32 31 6 5 5 1 1 0 0 0 0 0 0 0 0 0 0
"231" 231 0.217616580311 194 73 59 52 39 18 17 15 14 11 2 2 2 2 0 0 0 0 0 0
"232" 232 0.0927152317881 233 92 48 32 22 21 17 10 8 6 5 2 2 1 1 0 0 0 0 0
"233" 233 0.0728476821192 306 124 62 7 1 0 0 0 0 0 0 0 0 0 0 0 0 0 0 0
"234" 234 0.35401459854 144 136 43 36 32 27 23 22 13 7 6 4 3 3 1 0 0 0 0 0
"235" 235 0.00836820083682 178 131 37 23 23 17 17 16 14 13 9 9 7 2 2 2 0 0 0 0
"236" 236 0.0248226950355 176 77 67 38 27 22 19 17 14 10 7 7 6 4 3 3 2 1 0 0
"237" 237 0.369230769231 238 66 65 38 23 22 14 10 7 6 5 2 2 1 1 0 0 0 0 0
"238" 238 0.240384615385 301 42 40 36 19 12 10 9 9 8 5 3 2 1 1 1 1 0 0 0
"239" 239 0.767441860465 132 105 90 39 35 29 25 25 8 6 3 1 1 1 0 0 0 0 0 0
"240" 240 0.503311258278 128 87 68 54 30 28 25 25 18 15 9 4 4 2 2 1 0 0 0 0
"241" 241 0.25855513308 132 96 69 59 37 35 22 12 10 8 6 5 4 3 2 0 0 0 0 0
"242" 242 0.523206751055 163 103 50 49 36 32 24 12 8 8 5 4 3 1 1 1 0 0 0 0
"243" 243 0.327586206897 95 90 47 42 41 28 23 23 22 18 15 13 12 10 8 7 5 1 0 0
"244" 244 0.480769230769 500 0 0 0 0 0 0 0 0 0 0 0 0 0 0 0 0 0 0 0
"245" 245 0.339285714286 201 182 58 17 10 8 6 6 4 2 2 2 2 0 0 0 0 0 0 0
"246" 246 0.496688741722 251 59 58 31 30 11 11 11 10 10 10 4 2 1 1 0 0 0 0 0
"247" 247 0.0941704035874 152 69 66 56 41 33 20 15 11 10 7 7 6 4 3 0 0 0 0 0
"248" 248 0.564766839378 144 112 64 43 22 21 20 20 18 16 9 6 2 2 1 0 0 0 0 0
"249" 249 0.185430463576 349 60 25 18 12 12 8 5 4 3 3 1 0 0 0 0 0 0 0 0
"250" 250 0.12927756654 140 89 81 66 31 26 25 14 14 4 3 3 2 1 1 0 0 0 0 0
"251" 251 0.0155440414508 175 136 55 35 32 26 20 6 4 4 3 2 1 1 0 0 0 0 0 0
"252" 252 0.10970464135 257 66 40 24 24 23 21 15 10 9 6 3 2 0 0 0 0 0 0 0
"253" 253 0.14798206278 194 84 47 40 35 27 18 17 16 11 9 1 1 0 0 0 0 0 0 0
"254" 254 0.301255230126 89 80 66 61 38 32 28 24 21 17 15 8 8 7 4 2 0 0 0 0
"255" 255 0.0 94 86 62 49 47 38 33 29 27 17 7 5 3 2 1 0 0 0 0 0
"256" 256 0.346715328467 104 103 67 51 37 37 24 23 17 13 8 6 4 4 1 1 0 0 0 0
"257" 257 0.435233160622 109 77 62 54 47 31 25 21 20 20 19 8 4 1 1 1 0 0 0 0
"258" 258 0.216312056738 204 52 52 49 30 19 18 16 16 14 12 8 5 2 1 1 1 0 0 0
"259" 259 0.00497512437811 234 40 39 36 31 27 22 14 10 9 9 7 7 5 4 4 2 0 0 0
"260" 260 0.325581395349 129 110 100 51 45 20 11 10 9 5 3 3 2 2 0 0 0 0 0 0
"261" 261 0.596899224806 161 90 62 53 29 21 18 18 17 12 6 5 4 3 1 0 0 0 0 0
"262" 262 0.415384615385 112 100 65 63 55 44 19 15 12 5 4 3 2 1 0 0 0 0 0 0
"263" 263 0.713080168776 434 47 10 7 2 0 0 0 0 0 0 0 0 0 0 0 0 0 0 0
"264" 264 0.233830845771 267 45 44 44 19 19 15 8 8 8 7 4 4 4 2 1 1 0 0 0
"265" 265 0.338461538462 128 75 46 46 46 29 25 24 21 17 15 9 7 5 4 3 0 0 0 0
"266" 266 0.355769230769 476 10 5 5 2 1 1 0 0 0 0 0 0 0 0 0 0 0 0 0
"267" 267 0.35632183908 174 96 53 39 35 28 25 19 13 9 3 3 1 1 1 0 0 0 0 0
"268" 268 0.574358974359 98 81 80 74 31 29 18 18 17 16 13 7 5 4 4 3 1 1 0 0
"269" 269 0.432692307692 428 70 1 1 0 0 0 0 0 0 0 0 0 0 0 0 0 0 0 0
"270" 270 0.0632183908046 191 86 50 49 29 26 19 17 13 5 4 3 2 2 2 2 0 0 0 0
"271" 271 0.637130801688 113 99 49 47 43 25 22 20 18 16 16 12 10 7 2 1 0 0 0 0
"272" 272 0.0137614678899 307 38 24 22 21 14 12 11 11 10 10 10 4 2 2 2 0 0 0 0
"273" 273 0.314465408805 166 97 85 38 37 34 17 9 6 4 3 2 2 0 0 0 0 0 0 0
"274" 274 0.533632286996 232 72 53 44 32 27 15 13 10 1 1 0 0 0 0 0 0 0 0 0
"275" 275 0.642487046632 159 148 46 43 39 18 12 11 11 7 4 1 1 0 0 0 0 0 0 0
"276" 276 0.0659898477157 121 65 64 59 39 35 22 20 16 14 12 8 6 5 5 5 3 1 0 0
"277" 277 0.0229885057471 204 89 51 45 32 31 30 6 3 2 2 2 2 1 0 0 0 0 0 0
"278" 278 0.424870466321 113 107 83 54 43 32 30 11 11 5 4 4 2 1 0 0 0 0 0 0
"279" 279 0.467153284672 127 93 86 38 38 33 25 15 10 10 6 6 4 4 3 2 0 0 0 0
"280" 280 0.0 114 105 74 53 44 34 28 21 14 5 4 3 1 0 0 0 0 0 0 0
"281" 281 0.244525547445 155 141 120 20 15 14 10 7 7 3 3 2 2 1 0 0 0 0 0 0
"282" 282 0.387596899225 138 119 59 55 41 24 20 16 8 6 6 4 2 1 1 0 0 0 0 0
"283" 283 0.274261603376 114 87 80 50 42 32 27 15 13 12 11 11 2 2 1 1 0 0 0 0
"284" 284 0.00760456273764 210 88 41 41 24 21 19 18 15 9 4 4 2 2 2 0 0 0 0 0
"285" 285 0.137055837563 159 122 113 51 18 16 6 6 4 4 1 0 0 0 0 0 0 0 0 0
"286" 286 0.450892857143 178 94 76 72 30 20 7 6 6 4 2 1 1 1 1 1 0 0 0 0
"287" 287 0.0077519379845 120 64 64 54 50 37 35 18 14 14 8 6 5 5 3 3 0 0 0 0
"288" 288 0.0836501901141 341 100 18 11 10 7 5 3 2 1 1 1 0 0 0 0 0 0 0 0
"289" 289 0.191964285714 118 113 89 88 21 15 9 9 8 8 6 5 3 3 2 2 1 0 0 0
"290" 290 0.186046511628 153 57 44 43 38 32 26 25 25 17 11 11 6 5 3 2 1 1 0 0
"291" 291 0.0 240 102 60 25 16 13 12 10 7 6 4 2 1 1 1 0 0 0 0 0
"292" 292 0.104651162791 252 82 41 39 32 14 11 10 7 6 4 1 1 0 0 0 0 0 0 0
"293" 293 0.576923076923 484 11 2 2 1 0 0 0 0 0 0 0 0 0 0 0 0 0 0 0
"294" 294 0.384105960265 141 67 46 42 39 33 29 24 23 17 16 10 4 4 3 2 0 0 0 0
"295" 295 0.544303797468 144 91 53 37 35 34 22 21 18 17 8 7 5 4 2 2 0 0 0 0
"296" 296 0.145390070922 104 83 78 65 53 24 20 17 11 10 7 6 6 5 5 3 3 0 0 0
"297" 297 0.721854304636 376 96 10 8 5 4 1 0 0 0 0 0 0 0 0 0 0 0 0 0
"298" 298 0.708133971292 153 122 61 51 39 24 16 13 9 9 2 1 0 0 0 0 0 0 0 0
