"site" "RSA" "aa1" "aa2" "aa3" "aa4" "aa5" "aa6" "aa7" "aa8" "aa9" "aa10" "aa11" "aa12" "aa13" "aa14" "aa15" "aa16" "aa17" "aa18" "aa19" "aa20"
"0" 0 0.459770114943 165 108 95 52 28 21 17 8 2 2 1 1 0 0 0 0 0 0 0 0
"1" 1 0.219730941704 171 124 56 50 44 25 19 6 2 2 1 0 0 0 0 0 0 0 0 0
"2" 2 0.0 359 97 42 1 1 0 0 0 0 0 0 0 0 0 0 0 0 0 0 0
"3" 3 0.218390804598 112 109 84 67 41 41 29 13 4 0 0 0 0 0 0 0 0 0 0 0
"4" 4 0.0 499 1 0 0 0 0 0 0 0 0 0 0 0 0 0 0 0 0 0 0
"5" 5 0.396551724138 156 132 99 62 29 16 3 2 1 0 0 0 0 0 0 0 0 0 0 0
"6" 6 0.0 426 61 10 3 0 0 0 0 0 0 0 0 0 0 0 0 0 0 0 0
"7" 7 0.590717299578 409 56 25 8 2 0 0 0 0 0 0 0 0 0 0 0 0 0 0 0
"8" 8 0.375 500 0 0 0 0 0 0 0 0 0 0 0 0 0 0 0 0 0 0 0
"9" 9 0.922279792746 500 0 0 0 0 0 0 0 0 0 0 0 0 0 0 0 0 0 0 0
"10" 10 0.503875968992 500 0 0 0 0 0 0 0 0 0 0 0 0 0 0 0 0 0 0 0
"11" 11 0.576923076923 500 0 0 0 0 0 0 0 0 0 0 0 0 0 0 0 0 0 0 0
"12" 12 0.0574712643678 444 55 1 0 0 0 0 0 0 0 0 0 0 0 0 0 0 0 0 0
"13" 13 0.397350993377 454 36 4 4 1 1 0 0 0 0 0 0 0 0 0 0 0 0 0 0
"14" 14 0.144230769231 500 0 0 0 0 0 0 0 0 0 0 0 0 0 0 0 0 0 0 0
"15" 15 0.35632183908 119 102 97 56 46 26 18 10 9 8 5 3 1 0 0 0 0 0 0 0
"16" 16 0.0 374 100 16 8 2 0 0 0 0 0 0 0 0 0 0 0 0 0 0 0
"17" 17 0.261603375527 147 146 70 32 31 31 27 15 1 0 0 0 0 0 0 0 0 0 0 0
"18" 18 0.00418410041841 262 229 9 0 0 0 0 0 0 0 0 0 0 0 0 0 0 0 0 0
"19" 19 0.446428571429 212 143 64 38 34 7 2 0 0 0 0 0 0 0 0 0 0 0 0 0
"20" 20 0.0 253 246 1 0 0 0 0 0 0 0 0 0 0 0 0 0 0 0 0 0
"21" 21 0.589147286822 281 62 42 29 27 23 18 9 9 0 0 0 0 0 0 0 0 0 0 0
"22" 22 0.35761589404 246 128 84 36 4 2 0 0 0 0 0 0 0 0 0 0 0 0 0 0
"23" 23 0.410714285714 215 148 83 46 7 1 0 0 0 0 0 0 0 0 0 0 0 0 0 0
"24" 24 0.695364238411 311 146 33 10 0 0 0 0 0 0 0 0 0 0 0 0 0 0 0 0
"25" 25 0.258928571429 364 69 36 24 6 1 0 0 0 0 0 0 0 0 0 0 0 0 0 0
"26" 26 0.308176100629 482 18 0 0 0 0 0 0 0 0 0 0 0 0 0 0 0 0 0 0
"27" 27 0.0 500 0 0 0 0 0 0 0 0 0 0 0 0 0 0 0 0 0 0 0
"28" 28 0.151162790698 263 109 86 27 6 6 1 1 1 0 0 0 0 0 0 0 0 0 0 0
"29" 29 0.0 331 140 15 6 4 3 1 0 0 0 0 0 0 0 0 0 0 0 0 0
"30" 30 0.298013245033 237 140 97 13 12 1 0 0 0 0 0 0 0 0 0 0 0 0 0 0
"31" 31 0.12927756654 312 188 0 0 0 0 0 0 0 0 0 0 0 0 0 0 0 0 0 0
"32" 32 0.446428571429 218 116 78 47 32 6 2 1 0 0 0 0 0 0 0 0 0 0 0 0
"33" 33 0.00507614213198 257 185 55 2 1 0 0 0 0 0 0 0 0 0 0 0 0 0 0 0
"34" 34 0.317829457364 153 144 136 35 24 4 2 1 1 0 0 0 0 0 0 0 0 0 0 0
"35" 35 0.413461538462 500 0 0 0 0 0 0 0 0 0 0 0 0 0 0 0 0 0 0 0
"36" 36 0.102564102564 281 122 80 12 4 1 0 0 0 0 0 0 0 0 0 0 0 0 0 0
"37" 37 0.377483443709 362 75 63 0 0 0 0 0 0 0 0 0 0 0 0 0 0 0 0 0
"38" 38 0.465408805031 425 75 0 0 0 0 0 0 0 0 0 0 0 0 0 0 0 0 0 0
"39" 39 0.594871794872 498 1 1 0 0 0 0 0 0 0 0 0 0 0 0 0 0 0 0 0
"40" 40 0.170542635659 500 0 0 0 0 0 0 0 0 0 0 0 0 0 0 0 0 0 0 0
"41" 41 0.330357142857 396 104 0 0 0 0 0 0 0 0 0 0 0 0 0 0 0 0 0 0
"42" 42 0.153284671533 500 0 0 0 0 0 0 0 0 0 0 0 0 0 0 0 0 0 0 0
"43" 43 0.0 500 0 0 0 0 0 0 0 0 0 0 0 0 0 0 0 0 0 0 0
"44" 44 0.0 401 58 29 8 2 1 1 0 0 0 0 0 0 0 0 0 0 0 0 0
"45" 45 0.0 500 0 0 0 0 0 0 0 0 0 0 0 0 0 0 0 0 0 0 0
"46" 46 0.0 389 55 27 16 8 3 1 1 0 0 0 0 0 0 0 0 0 0 0 0
"47" 47 0.0 495 4 1 0 0 0 0 0 0 0 0 0 0 0 0 0 0 0 0 0
"48" 48 0.321428571429 436 41 14 9 0 0 0 0 0 0 0 0 0 0 0 0 0 0 0 0
"49" 49 0.393305439331 459 34 4 3 0 0 0 0 0 0 0 0 0 0 0 0 0 0 0 0
"50" 50 0.298076923077 500 0 0 0 0 0 0 0 0 0 0 0 0 0 0 0 0 0 0 0
"51" 51 0.341968911917 461 23 10 3 3 0 0 0 0 0 0 0 0 0 0 0 0 0 0 0
"52" 52 0.53488372093 404 84 6 3 3 0 0 0 0 0 0 0 0 0 0 0 0 0 0 0
"53" 53 0.720930232558 290 166 23 11 10 0 0 0 0 0 0 0 0 0 0 0 0 0 0 0
"54" 54 0.54358974359 332 163 5 0 0 0 0 0 0 0 0 0 0 0 0 0 0 0 0 0
"55" 55 0.480769230769 500 0 0 0 0 0 0 0 0 0 0 0 0 0 0 0 0 0 0 0
"56" 56 0.0886075949367 500 0 0 0 0 0 0 0 0 0 0 0 0 0 0 0 0 0 0 0
"57" 57 0.563218390805 416 79 5 0 0 0 0 0 0 0 0 0 0 0 0 0 0 0 0 0
"58" 58 0.145695364238 500 0 0 0 0 0 0 0 0 0 0 0 0 0 0 0 0 0 0 0
"59" 59 0.0077519379845 481 17 1 1 0 0 0 0 0 0 0 0 0 0 0 0 0 0 0 0
"60" 60 0.153846153846 500 0 0 0 0 0 0 0 0 0 0 0 0 0 0 0 0 0 0 0
"61" 61 0.465408805031 259 231 10 0 0 0 0 0 0 0 0 0 0 0 0 0 0 0 0 0
"62" 62 0.0478468899522 314 101 84 1 0 0 0 0 0 0 0 0 0 0 0 0 0 0 0 0
"63" 63 0.0376569037657 190 182 52 32 19 14 7 3 1 0 0 0 0 0 0 0 0 0 0 0
"64" 64 0.230769230769 457 20 16 6 1 0 0 0 0 0 0 0 0 0 0 0 0 0 0 0
"65" 65 0.327044025157 230 120 76 30 25 14 4 1 0 0 0 0 0 0 0 0 0 0 0 0
"66" 66 0.523012552301 276 124 40 23 15 8 4 4 4 2 0 0 0 0 0 0 0 0 0 0
"67" 67 0.784810126582 499 1 0 0 0 0 0 0 0 0 0 0 0 0 0 0 0 0 0 0
"68" 68 0.37552742616 263 210 9 9 7 2 0 0 0 0 0 0 0 0 0 0 0 0 0 0
"69" 69 0.348837209302 423 29 18 14 11 5 0 0 0 0 0 0 0 0 0 0 0 0 0 0
"70" 70 0.0191387559809 500 0 0 0 0 0 0 0 0 0 0 0 0 0 0 0 0 0 0 0
"71" 71 0.00961538461538 500 0 0 0 0 0 0 0 0 0 0 0 0 0 0 0 0 0 0 0
"72" 72 0.062015503876 436 46 10 3 2 2 1 0 0 0 0 0 0 0 0 0 0 0 0 0
"73" 73 0.276729559748 269 181 33 16 1 0 0 0 0 0 0 0 0 0 0 0 0 0 0 0
"74" 74 0.78488372093 433 49 16 2 0 0 0 0 0 0 0 0 0 0 0 0 0 0 0 0
"75" 75 0.305699481865 489 11 0 0 0 0 0 0 0 0 0 0 0 0 0 0 0 0 0 0
"76" 76 0.763392857143 260 236 4 0 0 0 0 0 0 0 0 0 0 0 0 0 0 0 0 0
"77" 77 0.373563218391 223 216 30 17 9 5 0 0 0 0 0 0 0 0 0 0 0 0 0 0
"78" 78 0.0547445255474 498 2 0 0 0 0 0 0 0 0 0 0 0 0 0 0 0 0 0 0
"79" 79 0.0478468899522 500 0 0 0 0 0 0 0 0 0 0 0 0 0 0 0 0 0 0 0
"80" 80 0.0172413793103 324 63 43 36 24 8 1 1 0 0 0 0 0 0 0 0 0 0 0 0
"81" 81 0.0 500 0 0 0 0 0 0 0 0 0 0 0 0 0 0 0 0 0 0 0
"82" 82 0.0 500 0 0 0 0 0 0 0 0 0 0 0 0 0 0 0 0 0 0 0
"83" 83 0.045871559633 280 215 2 2 1 0 0 0 0 0 0 0 0 0 0 0 0 0 0 0
"84" 84 0.0288461538462 500 0 0 0 0 0 0 0 0 0 0 0 0 0 0 0 0 0 0 0
"85" 85 0.169230769231 318 104 33 28 10 7 0 0 0 0 0 0 0 0 0 0 0 0 0 0
"86" 86 0.0114942528736 188 149 118 14 9 8 7 5 1 1 0 0 0 0 0 0 0 0 0 0
"87" 87 0.649789029536 499 1 0 0 0 0 0 0 0 0 0 0 0 0 0 0 0 0 0 0
"88" 88 0.046511627907 279 209 12 0 0 0 0 0 0 0 0 0 0 0 0 0 0 0 0 0
"89" 89 0.300518134715 500 0 0 0 0 0 0 0 0 0 0 0 0 0 0 0 0 0 0 0
"90" 90 0.607142857143 498 1 1 0 0 0 0 0 0 0 0 0 0 0 0 0 0 0 0 0
"91" 91 0.676923076923 500 0 0 0 0 0 0 0 0 0 0 0 0 0 0 0 0 0 0 0
"92" 92 0.0 500 0 0 0 0 0 0 0 0 0 0 0 0 0 0 0 0 0 0 0
"93" 93 0.235632183908 299 137 41 21 1 1 0 0 0 0 0 0 0 0 0 0 0 0 0 0
"94" 94 0.0 342 158 0 0 0 0 0 0 0 0 0 0 0 0 0 0 0 0 0 0
"95" 95 0.637130801688 282 139 31 31 9 7 1 0 0 0 0 0 0 0 0 0 0 0 0 0
"96" 96 0.259615384615 500 0 0 0 0 0 0 0 0 0 0 0 0 0 0 0 0 0 0 0
"97" 97 0.456953642384 291 149 48 6 4 2 0 0 0 0 0 0 0 0 0 0 0 0 0 0
"98" 98 0.221757322176 176 125 122 32 17 16 12 0 0 0 0 0 0 0 0 0 0 0 0 0
"99" 99 0.594936708861 261 194 27 11 6 1 0 0 0 0 0 0 0 0 0 0 0 0 0 0
"100" 100 0.0621761658031 280 136 59 22 2 1 0 0 0 0 0 0 0 0 0 0 0 0 0 0
"101" 101 0.53642384106 500 0 0 0 0 0 0 0 0 0 0 0 0 0 0 0 0 0 0 0
"102" 102 0.298507462687 444 34 6 6 5 2 1 1 1 0 0 0 0 0 0 0 0 0 0 0
"103" 103 0.0 213 147 57 53 20 4 3 2 1 0 0 0 0 0 0 0 0 0 0 0
"104" 104 0.151898734177 488 7 4 1 0 0 0 0 0 0 0 0 0 0 0 0 0 0 0 0
"105" 105 0.044776119403 499 1 0 0 0 0 0 0 0 0 0 0 0 0 0 0 0 0 0 0
"106" 106 0.238578680203 203 125 99 27 18 14 6 6 2 0 0 0 0 0 0 0 0 0 0 0
"107" 107 0.317307692308 500 0 0 0 0 0 0 0 0 0 0 0 0 0 0 0 0 0 0 0
"108" 108 0.74213836478 434 44 14 6 1 1 0 0 0 0 0 0 0 0 0 0 0 0 0 0
"109" 109 0.122093023256 150 145 86 60 32 12 5 5 5 0 0 0 0 0 0 0 0 0 0 0
"110" 110 0.172185430464 493 7 0 0 0 0 0 0 0 0 0 0 0 0 0 0 0 0 0 0
"111" 111 0.0 330 58 40 31 20 10 4 4 2 1 0 0 0 0 0 0 0 0 0 0
"112" 112 0.252873563218 197 146 87 52 10 6 1 1 0 0 0 0 0 0 0 0 0 0 0 0
"113" 113 0.403846153846 500 0 0 0 0 0 0 0 0 0 0 0 0 0 0 0 0 0 0 0
"114" 114 0.20802919708 277 165 31 13 11 1 1 1 0 0 0 0 0 0 0 0 0 0 0 0
"115" 115 0.0264900662252 499 1 0 0 0 0 0 0 0 0 0 0 0 0 0 0 0 0 0 0
"116" 116 0.0 342 57 52 28 8 8 3 2 0 0 0 0 0 0 0 0 0 0 0 0
"117" 117 0.0 380 98 19 3 0 0 0 0 0 0 0 0 0 0 0 0 0 0 0 0
"118" 118 0.0 214 129 110 40 3 1 1 1 1 0 0 0 0 0 0 0 0 0 0 0
"119" 119 0.0239234449761 363 77 56 3 1 0 0 0 0 0 0 0 0 0 0 0 0 0 0 0
"120" 120 0.333333333333 281 216 1 1 1 0 0 0 0 0 0 0 0 0 0 0 0 0 0 0
"121" 121 0.163461538462 269 209 22 0 0 0 0 0 0 0 0 0 0 0 0 0 0 0 0 0
"122" 122 0.484304932735 374 91 23 8 3 1 0 0 0 0 0 0 0 0 0 0 0 0 0 0
"123" 123 0.0103626943005 495 5 0 0 0 0 0 0 0 0 0 0 0 0 0 0 0 0 0 0
"124" 124 0.238341968912 148 110 80 66 49 43 2 1 1 0 0 0 0 0 0 0 0 0 0 0
"125" 125 0.218905472637 304 160 31 4 1 0 0 0 0 0 0 0 0 0 0 0 0 0 0 0
"126" 126 0.144230769231 500 0 0 0 0 0 0 0 0 0 0 0 0 0 0 0 0 0 0 0
"127" 127 0.561181434599 486 8 4 2 0 0 0 0 0 0 0 0 0 0 0 0 0 0 0 0
"128" 128 0.240384615385 448 27 23 1 1 0 0 0 0 0 0 0 0 0 0 0 0 0 0 0
"129" 129 0.896373056995 388 112 0 0 0 0 0 0 0 0 0 0 0 0 0 0 0 0 0 0
"130" 130 0.412790697674 361 59 52 18 6 2 1 1 0 0 0 0 0 0 0 0 0 0 0 0
"131" 131 0.607142857143 325 140 26 5 3 1 0 0 0 0 0 0 0 0 0 0 0 0 0 0
"132" 132 0.316964285714 240 143 62 23 15 10 6 1 0 0 0 0 0 0 0 0 0 0 0 0
"133" 133 0.0 448 52 0 0 0 0 0 0 0 0 0 0 0 0 0 0 0 0 0 0
"134" 134 0.378109452736 446 27 17 10 0 0 0 0 0 0 0 0 0 0 0 0 0 0 0 0
"135" 135 0.455696202532 474 15 9 2 0 0 0 0 0 0 0 0 0 0 0 0 0 0 0 0
"136" 136 0.203488372093 368 113 13 5 1 0 0 0 0 0 0 0 0 0 0 0 0 0 0 0
"137" 137 0.0 500 0 0 0 0 0 0 0 0 0 0 0 0 0 0 0 0 0 0 0
"138" 138 0.379487179487 215 136 95 41 12 1 0 0 0 0 0 0 0 0 0 0 0 0 0 0
"139" 139 0.0 266 167 61 3 2 1 0 0 0 0 0 0 0 0 0 0 0 0 0 0
"140" 140 0.432692307692 500 0 0 0 0 0 0 0 0 0 0 0 0 0 0 0 0 0 0 0
"141" 141 0.591194968553 218 216 51 12 1 1 1 0 0 0 0 0 0 0 0 0 0 0 0 0
"142" 142 0.248175182482 359 48 48 37 3 2 1 1 1 0 0 0 0 0 0 0 0 0 0 0
"143" 143 0.138364779874 434 62 2 1 1 0 0 0 0 0 0 0 0 0 0 0 0 0 0 0
"144" 144 0.0 443 57 0 0 0 0 0 0 0 0 0 0 0 0 0 0 0 0 0 0
"145" 145 0.101265822785 500 0 0 0 0 0 0 0 0 0 0 0 0 0 0 0 0 0 0 0
"146" 146 0.0865384615385 500 0 0 0 0 0 0 0 0 0 0 0 0 0 0 0 0 0 0 0
"147" 147 0.362068965517 296 89 88 20 4 3 0 0 0 0 0 0 0 0 0 0 0 0 0 0
"148" 148 0.00507614213198 484 16 0 0 0 0 0 0 0 0 0 0 0 0 0 0 0 0 0 0
"149" 149 0.278846153846 147 107 97 76 35 16 10 8 4 0 0 0 0 0 0 0 0 0 0 0
"150" 150 0.592039800995 178 114 98 80 18 9 2 1 0 0 0 0 0 0 0 0 0 0 0 0
"151" 151 0.296511627907 311 91 44 43 5 4 1 1 0 0 0 0 0 0 0 0 0 0 0 0
"152" 152 0.917948717949 348 147 3 2 0 0 0 0 0 0 0 0 0 0 0 0 0 0 0 0
